5.800000e-01
5.803330e-01
5.806670e-01
5.810000e-01
5.813330e-01
5.816670e-01
5.820000e-01
5.823330e-01
5.826670e-01
5.830000e-01
5.833330e-01
5.836670e-01
5.840000e-01
5.843330e-01
5.846670e-01
5.850000e-01
5.853330e-01
5.856670e-01
5.860000e-01
5.863330e-01
5.866670e-01
5.870000e-01
5.873330e-01
5.876670e-01
5.880000e-01
5.883330e-01
5.886670e-01
5.890000e-01
5.893330e-01
5.896670e-01
5.900000e-01
5.900000e-01
5.900000e-01
5.900000e-01
5.900000e-01
5.900000e-01
5.900000e-01
5.900000e-01
5.900000e-01
5.900000e-01
5.900000e-01
5.900000e-01
5.900000e-01
5.900000e-01
5.900000e-01
5.900000e-01
5.900000e-01
5.900000e-01
5.900000e-01
5.900000e-01
5.900000e-01
5.900583e-01
5.901167e-01
5.901750e-01
5.902333e-01
5.902917e-01
5.903500e-01
5.904083e-01
5.904667e-01
5.905250e-01
5.905833e-01
5.906417e-01
5.907000e-01
5.907583e-01
5.908167e-01
5.908750e-01
5.909333e-01
5.909917e-01
5.910500e-01
5.908336e-01
5.911667e-01
5.914997e-01
5.918336e-01
5.921667e-01
5.924997e-01
5.928336e-01
5.931667e-01
5.934997e-01
5.938336e-01
5.941667e-01
5.944997e-01
5.948336e-01
5.951667e-01
5.954997e-01
5.958336e-01
5.961667e-01
5.964997e-01
5.968336e-01
5.971667e-01
5.974997e-01
5.978336e-01
5.981667e-01
5.984997e-01
5.988336e-01
5.991667e-01
5.994997e-01
5.998336e-01
6.001667e-01
6.004997e-01
6.008336e-01
6.011667e-01
6.012133e-01
6.012600e-01
6.013067e-01
6.013533e-01
6.014000e-01
6.014467e-01
6.014933e-01
6.015400e-01
6.015867e-01
6.016333e-01
6.016800e-01
6.017267e-01
6.017733e-01
6.018200e-01
6.018667e-01
6.019133e-01
6.019600e-01
6.020067e-01
6.020533e-01
6.021000e-01
6.021467e-01
6.021933e-01
6.022400e-01
6.022867e-01
6.023333e-01
6.023800e-01
6.024267e-01
6.024733e-01
6.025200e-01
6.025667e-01
6.026133e-01
6.026600e-01
6.027067e-01
6.027533e-01
6.028000e-01
6.028467e-01
6.028933e-01
6.029400e-01
6.029867e-01
6.030333e-01
6.030800e-01
6.031267e-01
6.031733e-01
6.032200e-01
6.032667e-01
6.033133e-01
6.033600e-01
6.034067e-01
6.034533e-01
6.035000e-01
6.038767e-01
6.042533e-01
6.046300e-01
6.050067e-01
6.053833e-01
6.057600e-01
6.061367e-01
6.065133e-01
6.068900e-01
6.072667e-01
6.076433e-01
6.080200e-01
6.083967e-01
6.087733e-01
6.091500e-01
6.095267e-01
6.099033e-01
6.102800e-01
6.106567e-01
6.110333e-01
6.114100e-01
6.117867e-01
6.121633e-01
6.125400e-01
6.129167e-01
6.132933e-01
6.136700e-01
6.140467e-01
6.144233e-01
6.148000e-01
6.151767e-01
6.155533e-01
6.159300e-01
6.163067e-01
6.166833e-01
6.170600e-01
6.174367e-01
6.178133e-01
6.181900e-01
6.185667e-01
6.189433e-01
6.193200e-01
6.196967e-01
6.200733e-01
6.204500e-01
6.208267e-01
6.212033e-01
6.215800e-01
6.219567e-01
6.223333e-01
6.241383e-01
6.259433e-01
6.277483e-01
6.295533e-01
6.313583e-01
6.331633e-01
6.349683e-01
6.367733e-01
6.385783e-01
6.403833e-01
6.421883e-01
6.439933e-01
6.457983e-01
6.476033e-01
6.494083e-01
6.512133e-01
6.530183e-01
6.548233e-01
6.566283e-01
6.584333e-01
6.602383e-01
6.620433e-01
6.638483e-01
6.656533e-01
6.674583e-01
6.692633e-01
6.710683e-01
6.728733e-01
6.746783e-01
6.764833e-01
6.782883e-01
6.800933e-01
6.818983e-01
6.837033e-01
6.855083e-01
6.873133e-01
6.891183e-01
6.909233e-01
6.927283e-01
6.945333e-01
6.963383e-01
6.981433e-01
6.999483e-01
7.017533e-01
7.035583e-01
7.053633e-01
7.071683e-01
7.089733e-01
7.107783e-01
7.125833e-01
7.143883e-01
7.161933e-01
7.179983e-01
7.198033e-01
7.216083e-01
7.234133e-01
7.252183e-01
7.270233e-01
7.288283e-01
7.306333e-01
7.324383e-01
7.342433e-01
7.360483e-01
7.378533e-01
7.396583e-01
7.414633e-01
7.432683e-01
7.450733e-01
7.468783e-01
7.486833e-01
7.504883e-01
7.522933e-01
7.540983e-01
7.559033e-01
7.577083e-01
7.595133e-01
7.613183e-01
7.631233e-01
7.649283e-01
7.667333e-01
7.685383e-01
7.703433e-01
7.721483e-01
7.739533e-01
7.757583e-01
7.775633e-01
7.793683e-01
7.811733e-01
7.829783e-01
7.847833e-01
7.865883e-01
7.883933e-01
7.901983e-01
7.920033e-01
7.938083e-01
7.956133e-01
7.974183e-01
7.992233e-01
8.010283e-01
8.028333e-01
8.040633e-01
8.052933e-01
8.065233e-01
8.077533e-01
8.089833e-01
8.102133e-01
8.114433e-01
8.126733e-01
8.139033e-01
8.151333e-01
8.163633e-01
8.175933e-01
8.188233e-01
8.200533e-01
8.212833e-01
8.225133e-01
8.237433e-01
8.249733e-01
8.262033e-01
8.274333e-01
8.286633e-01
8.298933e-01
8.311233e-01
8.323533e-01
8.335833e-01
8.348133e-01
8.360433e-01
8.372733e-01
8.385033e-01
8.397333e-01
8.409633e-01
8.421933e-01
8.434233e-01
8.446533e-01
8.458833e-01
8.471133e-01
8.483433e-01
8.495733e-01
8.508033e-01
8.520333e-01
8.532633e-01
8.544933e-01
8.557233e-01
8.569533e-01
8.581833e-01
8.594133e-01
8.606433e-01
8.618733e-01
8.631033e-01
8.643333e-01
8.655633e-01
8.667933e-01
8.680233e-01
8.692533e-01
8.704833e-01
8.717133e-01
8.729433e-01
8.741733e-01
8.754033e-01
8.766333e-01
8.778633e-01
8.790933e-01
8.803233e-01
8.815533e-01
8.827833e-01
8.840133e-01
8.852433e-01
8.864733e-01
8.877033e-01
8.889333e-01
8.901633e-01
8.913933e-01
8.926233e-01
8.938533e-01
8.950833e-01
8.963133e-01
8.975433e-01
8.987733e-01
9.000033e-01
9.012333e-01
9.024633e-01
9.036933e-01
9.049233e-01
9.061533e-01
9.073833e-01
9.086133e-01
9.098433e-01
9.110733e-01
9.123033e-01
9.135333e-01
9.147633e-01
9.159933e-01
9.172233e-01
9.184533e-01
9.196833e-01
9.209133e-01
9.221433e-01
9.233733e-01
9.246033e-01
9.258333e-01
9.265775e-01
9.273217e-01
9.280658e-01
9.288100e-01
9.295542e-01
9.302983e-01
9.310425e-01
9.317867e-01
9.325308e-01
9.332750e-01
9.340192e-01
9.347633e-01
9.355075e-01
9.362517e-01
9.369958e-01
9.377400e-01
9.384842e-01
9.392283e-01
9.399725e-01
9.407167e-01
9.414608e-01
9.422050e-01
9.429492e-01
9.436933e-01
9.444375e-01
9.451817e-01
9.459258e-01
9.466700e-01
9.474142e-01
9.481583e-01
9.489025e-01
9.496467e-01
9.503908e-01
9.511350e-01
9.518792e-01
9.526233e-01
9.533675e-01
9.541117e-01
9.548558e-01
9.556000e-01
9.563442e-01
9.570883e-01
9.578325e-01
9.585767e-01
9.593208e-01
9.600650e-01
9.608092e-01
9.615533e-01
9.622975e-01
9.630417e-01
9.637858e-01
9.645300e-01
9.652742e-01
9.660183e-01
9.667625e-01
9.675067e-01
9.682508e-01
9.689950e-01
9.697392e-01
9.704833e-01
9.712275e-01
9.719717e-01
9.727158e-01
9.734600e-01
9.742042e-01
9.749483e-01
9.756925e-01
9.764367e-01
9.771808e-01
9.779250e-01
9.786692e-01
9.794133e-01
9.801575e-01
9.809017e-01
9.816458e-01
9.823900e-01
9.831342e-01
9.838783e-01
9.846225e-01
9.853667e-01
9.861108e-01
9.868550e-01
9.875992e-01
9.883433e-01
9.890875e-01
9.898317e-01
9.905758e-01
9.913200e-01
9.920642e-01
9.928083e-01
9.935525e-01
9.942967e-01
9.950408e-01
9.957850e-01
9.965292e-01
9.972733e-01
9.980175e-01
9.987617e-01
9.995058e-01
1.000250e+00
1.000994e+00
1.001738e+00
1.002482e+00
1.003227e+00
1.003971e+00
1.004715e+00
1.005459e+00
1.006203e+00
1.006947e+00
1.007692e+00
1.008436e+00
1.009180e+00
1.009924e+00
1.010668e+00
1.011413e+00
1.012157e+00
1.012901e+00
1.013645e+00
1.014389e+00
1.015133e+00
1.015877e+00
1.016622e+00
1.017366e+00
1.018110e+00
1.018854e+00
1.019598e+00
1.020342e+00
1.021087e+00
1.021831e+00
1.022575e+00
1.023319e+00
1.024063e+00
1.024807e+00
1.025552e+00
1.026296e+00
1.027040e+00
1.027784e+00
1.028528e+00
1.029273e+00
1.030017e+00
1.030761e+00
1.031505e+00
1.032249e+00
1.032993e+00
1.033737e+00
1.034482e+00
1.035226e+00
1.035970e+00
1.036714e+00
1.037458e+00
1.038202e+00
1.038947e+00
1.039691e+00
1.040435e+00
1.041179e+00
1.041923e+00
1.042667e+00
1.043412e+00
1.044156e+00
1.044900e+00
1.045644e+00
1.046388e+00
1.047133e+00
1.047877e+00
1.048621e+00
1.049365e+00
1.050109e+00
1.050853e+00
1.051597e+00
1.052342e+00
1.053086e+00
1.053830e+00
1.054574e+00
1.055318e+00
1.056063e+00
1.056807e+00
1.057551e+00
1.058295e+00
1.059039e+00
1.059783e+00
1.060528e+00
1.061272e+00
1.062016e+00
1.062760e+00
1.063504e+00
1.064248e+00
1.064993e+00
1.065737e+00
1.066481e+00
1.067225e+00
1.067969e+00
1.068713e+00
1.069458e+00
1.070202e+00
1.070946e+00
1.071690e+00
1.072434e+00
1.073178e+00
1.073923e+00
1.074667e+00
1.075478e+00
1.076290e+00
1.077102e+00
1.077913e+00
1.078725e+00
1.079537e+00
1.080348e+00
1.081160e+00
1.081972e+00
1.082783e+00
1.083595e+00
1.084407e+00
1.085218e+00
1.086030e+00
1.086842e+00
1.087653e+00
1.088465e+00
1.089277e+00
1.090088e+00
1.090900e+00
1.091712e+00
1.092523e+00
1.093335e+00
1.094147e+00
1.094958e+00
1.095770e+00
1.096582e+00
1.097393e+00
1.098205e+00
1.099017e+00
1.099828e+00
1.100640e+00
1.101452e+00
1.102263e+00
1.103075e+00
1.103887e+00
1.104698e+00
1.105510e+00
1.106322e+00
1.107133e+00
1.107945e+00
1.108757e+00
1.109568e+00
1.110380e+00
1.111192e+00
1.112003e+00
1.112815e+00
1.113627e+00
1.114438e+00
1.115250e+00
1.116062e+00
1.116873e+00
1.117685e+00
1.118497e+00
1.119308e+00
1.120120e+00
1.120932e+00
1.121743e+00
1.122555e+00
1.123367e+00
1.124178e+00
1.124990e+00
1.125802e+00
1.126613e+00
1.127425e+00
1.128237e+00
1.129048e+00
1.129860e+00
1.130672e+00
1.131483e+00
1.132295e+00
1.133107e+00
1.133918e+00
1.134730e+00
1.135542e+00
1.136353e+00
1.137165e+00
1.137977e+00
1.138788e+00
1.139600e+00
1.140412e+00
1.141223e+00
1.142035e+00
1.142847e+00
1.143658e+00
1.144470e+00
1.145282e+00
1.146093e+00
1.146905e+00
1.147717e+00
1.148528e+00
1.149340e+00
1.150152e+00
1.150963e+00
1.151775e+00
1.152587e+00
1.153398e+00
1.154210e+00
1.155022e+00
1.155833e+00
1.180442e+00
1.205051e+00
1.229660e+00
1.254269e+00
1.278878e+00
1.303487e+00
1.328096e+00
1.352704e+00
1.377313e+00
1.401922e+00
1.426531e+00
1.451140e+00
1.475749e+00
1.500358e+00
1.524967e+00
1.549576e+00
1.574185e+00
1.598794e+00
1.623403e+00
1.648012e+00
1.672621e+00
1.697230e+00
1.721839e+00
1.746447e+00
1.771056e+00
1.795665e+00
1.820274e+00
1.844883e+00
1.869492e+00
1.894101e+00
1.918710e+00
1.943319e+00
1.967928e+00
1.992537e+00
2.017146e+00
2.041755e+00
2.066364e+00
2.090973e+00
2.115582e+00
2.140190e+00
2.164799e+00
2.189408e+00
2.214017e+00
2.238626e+00
2.263235e+00
2.287844e+00
2.312453e+00
2.337062e+00
2.361671e+00
2.386280e+00
2.410889e+00
2.435498e+00
2.460107e+00
2.484716e+00
2.509324e+00
2.533933e+00
2.558542e+00
2.583151e+00
2.607760e+00
2.632369e+00
2.656978e+00
2.681587e+00
2.706196e+00
2.730805e+00
2.755414e+00
2.780023e+00
2.804632e+00
2.829241e+00
2.853850e+00
2.878459e+00
2.903067e+00
2.927676e+00
2.952285e+00
2.976894e+00
3.001503e+00
3.026112e+00
3.050721e+00
3.075330e+00
3.099939e+00
3.124548e+00
3.149157e+00
3.173766e+00
3.198375e+00
3.222984e+00
3.247593e+00
3.272202e+00
3.296810e+00
3.321419e+00
3.346028e+00
3.370637e+00
3.395246e+00
3.419855e+00
3.444464e+00
3.469073e+00
3.493682e+00
3.518291e+00
3.542900e+00
3.567509e+00
3.592118e+00
3.616727e+00
3.641336e+00
3.665944e+00
3.690553e+00
3.715162e+00
3.739771e+00
3.764380e+00
3.788989e+00
3.813598e+00
3.838207e+00
3.862816e+00
3.887425e+00
3.912034e+00
3.936643e+00
3.961252e+00
3.985861e+00
4.010470e+00
4.035079e+00
4.059687e+00
4.084296e+00
4.108905e+00
4.133514e+00
4.158123e+00
4.182732e+00
4.207341e+00
4.231950e+00
4.256559e+00
4.281168e+00
4.305777e+00
4.330386e+00
4.354995e+00
4.379604e+00
4.404213e+00
4.428822e+00
4.453430e+00
4.478039e+00
4.502648e+00
4.527257e+00
4.551866e+00
4.576475e+00
4.601084e+00
4.625693e+00
4.650302e+00
4.674911e+00
4.699520e+00
4.724129e+00
4.748738e+00
4.773347e+00
4.797956e+00
4.822564e+00
4.847173e+00
4.871782e+00
4.896391e+00
4.921000e+00
4.945609e+00
4.970218e+00
4.994827e+00
5.019436e+00
5.044045e+00
5.068654e+00
5.093263e+00
5.117872e+00
5.142481e+00
5.167090e+00
5.191699e+00
5.216307e+00
5.240916e+00
5.265525e+00
5.290134e+00
5.314743e+00
5.339352e+00
5.363961e+00
5.388570e+00
5.413179e+00
5.437788e+00
5.462397e+00
5.487006e+00
5.511615e+00
5.536224e+00
5.560833e+00
5.585442e+00
5.610050e+00
5.634659e+00
5.659268e+00
5.683877e+00
5.708486e+00
5.733095e+00
5.757704e+00
5.782313e+00
5.806922e+00
5.831531e+00
5.856140e+00
5.880749e+00
5.905358e+00
5.929967e+00
5.954576e+00
5.979184e+00
6.003793e+00
6.028402e+00
6.053011e+00
6.077620e+00
6.102229e+00
6.126838e+00
6.151447e+00
6.176056e+00
6.200665e+00
6.225274e+00
6.249883e+00
6.274492e+00
6.299101e+00
6.323710e+00
6.348319e+00
6.372927e+00
6.397536e+00
6.422145e+00
6.446754e+00
6.471363e+00
6.495972e+00
6.520581e+00
6.545190e+00
6.569799e+00
6.594408e+00
6.619017e+00
6.643626e+00
6.668235e+00
6.692844e+00
6.717453e+00
6.742061e+00
6.766670e+00
6.791279e+00
6.815888e+00
6.840497e+00
6.865106e+00
6.889715e+00
6.914324e+00
6.938933e+00
6.963542e+00
6.988151e+00
7.012760e+00
7.037369e+00
7.061978e+00
7.086587e+00
7.111196e+00
7.135804e+00
7.160413e+00
7.185022e+00
7.209631e+00
7.234240e+00
7.258849e+00
7.283458e+00
7.308067e+00
7.332676e+00
7.357285e+00
7.381894e+00
7.406503e+00
7.431112e+00
7.455721e+00
7.480330e+00
7.504939e+00
7.529547e+00
7.554156e+00
7.578765e+00
7.603374e+00
7.627983e+00
7.652592e+00
7.677201e+00
7.701810e+00
7.726419e+00
7.751028e+00
7.775637e+00
7.800246e+00
7.824855e+00
7.849464e+00
7.874073e+00
7.898681e+00
7.923290e+00
7.947899e+00
7.972508e+00
7.997117e+00
8.021726e+00
8.046335e+00
8.070944e+00
8.095553e+00
8.120162e+00
8.144771e+00
8.169380e+00
8.193989e+00
8.218598e+00
8.243207e+00
8.267816e+00
8.292424e+00
8.317033e+00
8.341642e+00
8.366251e+00
8.390860e+00
8.415469e+00
8.440078e+00
8.464687e+00
8.489296e+00
8.513905e+00
8.538514e+00
8.563123e+00
8.587732e+00
8.612341e+00
8.636950e+00
8.661559e+00
8.686167e+00
8.710776e+00
8.735385e+00
8.759994e+00
8.784603e+00
8.809212e+00
8.833821e+00
8.858430e+00
8.883039e+00
8.907648e+00
8.932257e+00
8.956866e+00
8.981475e+00
9.006084e+00
9.030693e+00
9.055301e+00
9.079910e+00
9.104519e+00
9.129128e+00
9.153737e+00
9.178346e+00
9.202955e+00
9.227564e+00
9.252173e+00
9.276782e+00
9.301391e+00
9.326000e+00
9.350609e+00
9.375218e+00
9.399827e+00
9.424436e+00
9.449044e+00
9.473653e+00
9.498262e+00
9.522871e+00
9.547480e+00
9.572089e+00
9.596698e+00
9.621307e+00
9.645916e+00
9.670525e+00
9.695134e+00
9.719743e+00
9.744352e+00
9.768961e+00
9.793570e+00
9.818179e+00
9.842787e+00
9.867396e+00
9.892005e+00
9.916614e+00
9.941223e+00
9.965832e+00
9.990441e+00
1.001505e+01
1.003966e+01
1.006427e+01
1.008888e+01
1.011349e+01
1.013809e+01
1.016270e+01
1.018731e+01
1.021192e+01
1.023653e+01
1.026114e+01
1.028575e+01
1.031036e+01
1.033497e+01
1.035958e+01
1.038418e+01
1.040879e+01
1.043340e+01
1.045801e+01
1.048262e+01
1.050723e+01
1.053184e+01
1.055645e+01
1.058106e+01
1.060566e+01
1.063027e+01
1.065488e+01
1.067949e+01
1.070410e+01
1.072871e+01
1.075332e+01
1.077793e+01
1.080254e+01
1.082714e+01
1.085175e+01
1.087636e+01
1.090097e+01
1.092558e+01
1.095019e+01
1.097480e+01
1.099941e+01
1.102402e+01
1.104863e+01
1.107323e+01
1.109784e+01
1.112245e+01
1.114706e+01
1.117167e+01
1.118110e+01
1.119053e+01
1.119996e+01
1.120940e+01
1.121883e+01
1.122826e+01
1.123769e+01
1.124712e+01
1.125656e+01
1.126599e+01
1.127542e+01
1.128485e+01
1.129429e+01
1.130372e+01
1.131315e+01
1.132258e+01
1.133201e+01
1.134145e+01
1.135088e+01
1.136031e+01
1.136974e+01
1.137918e+01
1.138861e+01
1.139804e+01
1.140747e+01
1.141690e+01
1.142634e+01
1.143577e+01
1.144520e+01
1.145463e+01
1.146407e+01
1.147350e+01
1.148293e+01
1.149236e+01
1.150179e+01
1.151123e+01
1.152066e+01
1.153009e+01
1.153952e+01
1.154896e+01
1.155839e+01
1.156782e+01
1.157725e+01
1.158668e+01
1.159612e+01
1.160555e+01
1.161498e+01
1.162441e+01
1.163385e+01
1.164328e+01
1.165271e+01
1.166214e+01
1.167157e+01
1.168101e+01
1.169044e+01
1.169987e+01
1.170930e+01
1.171874e+01
1.172817e+01
1.173760e+01
1.174703e+01
1.175646e+01
1.176590e+01
1.177533e+01
1.178476e+01
1.179419e+01
1.180363e+01
1.181306e+01
1.182249e+01
1.183192e+01
1.184135e+01
1.185079e+01
1.186022e+01
1.186965e+01
1.187908e+01
1.188852e+01
1.189795e+01
1.190738e+01
1.191681e+01
1.192624e+01
1.193568e+01
1.194511e+01
1.195454e+01
1.196397e+01
1.197341e+01
1.198284e+01
1.199227e+01
1.200170e+01
1.201113e+01
1.202057e+01
1.203000e+01
1.203943e+01
1.204886e+01
1.205830e+01
1.206773e+01
1.207716e+01
1.208659e+01
1.209602e+01
1.210546e+01
1.211489e+01
1.212424e+01
1.213360e+01
1.214295e+01
1.215230e+01
1.216166e+01
1.217101e+01
1.218037e+01
1.218972e+01
1.219907e+01
1.220843e+01
1.221778e+01
1.222713e+01
1.223649e+01
1.224584e+01
1.225520e+01
1.226455e+01
1.227390e+01
1.228326e+01
1.229261e+01
1.230196e+01
1.231132e+01
1.232067e+01
1.233003e+01
1.233938e+01
1.234873e+01
1.235809e+01
1.236744e+01
1.237679e+01
1.238615e+01
1.239550e+01
1.240486e+01
1.241421e+01
1.242356e+01
1.243292e+01
1.244227e+01
1.245163e+01
1.246098e+01
1.247033e+01
1.247969e+01
1.248904e+01
1.249839e+01
1.250775e+01
1.251710e+01
1.252646e+01
1.253581e+01
1.254516e+01
1.255452e+01
1.256387e+01
1.257322e+01
1.258258e+01
1.259193e+01
1.260129e+01
1.261064e+01
1.261999e+01
1.262935e+01
1.263870e+01
1.264805e+01
1.265741e+01
1.266676e+01
1.267612e+01
1.268547e+01
1.269482e+01
1.270418e+01
1.271353e+01
1.272289e+01
1.273224e+01
1.274159e+01
1.275095e+01
1.276030e+01
1.276965e+01
1.277901e+01
1.278836e+01
1.279772e+01
1.280707e+01
1.281642e+01
1.282578e+01
1.283513e+01
1.284448e+01
1.285384e+01
1.286319e+01
1.287255e+01
1.288190e+01
1.289125e+01
1.290061e+01
1.290996e+01
1.291931e+01
1.292867e+01
1.293802e+01
1.294738e+01
1.295673e+01
1.296608e+01
1.297544e+01
1.298479e+01
1.299414e+01
1.300350e+01
1.301285e+01
1.302221e+01
1.303156e+01
1.304091e+01
1.305027e+01
1.305962e+01
1.306898e+01
1.307833e+01
1.308768e+01
1.309704e+01
1.310639e+01
1.311574e+01
1.312510e+01
1.313445e+01
1.314381e+01
1.315316e+01
1.316251e+01
1.317187e+01
1.318122e+01
1.319057e+01
1.319993e+01
1.320928e+01
1.321864e+01
1.322799e+01
1.323734e+01
1.324670e+01
1.325605e+01
1.326540e+01
1.327476e+01
1.328411e+01
1.329347e+01
1.330282e+01
1.331217e+01
1.332153e+01
1.333088e+01
1.334023e+01
1.334959e+01
1.335894e+01
1.336830e+01
1.337765e+01
1.338700e+01
1.339636e+01
1.340571e+01
1.341507e+01
1.342442e+01
1.343377e+01
1.344313e+01
1.345248e+01
1.346183e+01
1.347119e+01
1.348054e+01
1.348990e+01
1.349925e+01
1.350860e+01
1.351796e+01
1.352731e+01
1.353666e+01
1.354602e+01
1.355537e+01
1.356473e+01
1.357408e+01
1.358343e+01
1.359279e+01
1.360214e+01
1.361149e+01
1.362085e+01
1.363020e+01
1.363956e+01
1.364891e+01
1.365826e+01
1.366762e+01
1.367697e+01
1.368633e+01
1.369568e+01
1.370503e+01
1.371439e+01
1.372374e+01
1.373309e+01
1.374245e+01
1.375180e+01
1.376116e+01
1.377051e+01
1.377986e+01
1.378922e+01
1.379857e+01
1.380792e+01
1.381728e+01
1.382663e+01
1.383599e+01
1.384534e+01
1.385469e+01
1.386405e+01
1.387340e+01
1.388275e+01
1.389211e+01
1.390146e+01
1.391082e+01
1.392017e+01
1.392952e+01
1.393888e+01
1.394823e+01
1.395758e+01
1.396694e+01
1.397629e+01
1.398565e+01
1.399500e+01
1.400441e+01
1.401383e+01
1.402324e+01
1.403265e+01
1.404206e+01
1.405148e+01
1.406089e+01
1.407030e+01
1.407972e+01
1.408913e+01
1.409854e+01
1.410795e+01
1.411737e+01
1.412678e+01
1.413619e+01
1.414560e+01
1.415502e+01
1.416443e+01
1.417384e+01
1.418326e+01
1.419267e+01
1.420208e+01
1.421149e+01
1.422091e+01
1.423032e+01
1.423973e+01
1.424915e+01
1.425856e+01
1.426797e+01
1.427738e+01
1.428680e+01
1.429621e+01
1.430562e+01
1.431504e+01
1.432445e+01
1.433386e+01
1.434327e+01
1.435269e+01
1.436210e+01
1.437151e+01
1.438092e+01
1.439034e+01
1.439975e+01
1.440916e+01
1.441858e+01
1.442799e+01
1.443740e+01
1.444681e+01
1.445623e+01
1.446564e+01
1.447505e+01
1.448447e+01
1.449388e+01
1.450329e+01
1.451270e+01
1.452212e+01
1.453153e+01
1.454094e+01
1.455036e+01
1.455977e+01
1.456918e+01
1.457859e+01
1.458801e+01
1.459742e+01
1.460683e+01
1.461625e+01
1.462566e+01
1.463507e+01
1.464448e+01
1.465390e+01
1.466331e+01
1.467272e+01
1.468213e+01
1.469155e+01
1.470096e+01
1.471037e+01
1.471979e+01
1.472920e+01
1.473861e+01
1.474802e+01
1.475744e+01
1.476685e+01
1.477626e+01
1.478568e+01
1.479509e+01
1.480450e+01
1.481391e+01
1.482333e+01
1.483274e+01
1.484215e+01
1.485157e+01
1.486098e+01
1.487039e+01
1.487980e+01
1.488922e+01
1.489863e+01
1.490804e+01
1.491745e+01
1.492687e+01
1.493628e+01
1.494569e+01
1.495511e+01
1.496452e+01
1.497393e+01
1.498334e+01
1.499276e+01
1.500217e+01
1.501158e+01
1.502100e+01
1.503041e+01
1.503982e+01
1.504923e+01
1.505865e+01
1.506806e+01
1.507747e+01
1.508689e+01
1.509630e+01
1.510571e+01
1.511512e+01
1.512454e+01
1.513395e+01
1.514336e+01
1.515277e+01
1.516219e+01
1.517160e+01
1.518101e+01
1.519043e+01
1.519984e+01
1.520925e+01
1.521866e+01
1.522808e+01
1.523749e+01
1.524690e+01
1.525632e+01
1.526573e+01
1.527514e+01
1.528455e+01
1.529397e+01
1.530338e+01
1.531279e+01
1.532221e+01
1.533162e+01
1.534103e+01
1.535044e+01
1.535986e+01
1.536927e+01
1.537868e+01
1.538809e+01
1.539751e+01
1.540692e+01
1.541633e+01
1.542575e+01
1.543516e+01
1.544457e+01
1.545398e+01
1.546340e+01
1.547281e+01
1.548222e+01
1.549164e+01
1.550105e+01
1.551046e+01
1.551987e+01
1.552929e+01
1.553870e+01
1.554811e+01
1.555753e+01
1.556694e+01
1.557635e+01
1.558576e+01
1.559518e+01
1.560459e+01
1.561400e+01
1.562341e+01
1.563283e+01
1.564224e+01
1.565165e+01
1.566107e+01
1.567048e+01
1.567989e+01
1.568930e+01
1.569872e+01
1.570813e+01
1.571754e+01
1.572696e+01
1.573637e+01
1.574578e+01
1.575519e+01
1.576461e+01
1.577402e+01
1.578343e+01
1.579285e+01
1.580226e+01
1.581167e+01
1.582108e+01
1.583050e+01
1.583991e+01
1.584932e+01
1.585874e+01
1.586815e+01
1.587756e+01
1.588697e+01
1.589639e+01
1.590580e+01
1.591521e+01
1.592462e+01
1.593404e+01
1.594345e+01
1.595286e+01
1.596228e+01
1.597169e+01
1.598110e+01
1.599051e+01
1.599993e+01
1.600934e+01
1.601875e+01
1.602817e+01
1.603758e+01
1.604699e+01
1.605640e+01
1.606582e+01
1.607523e+01
1.608464e+01
1.609406e+01
1.610347e+01
1.611288e+01
1.612229e+01
1.613171e+01
1.614112e+01
1.615053e+01
1.615994e+01
1.616936e+01
1.617877e+01
1.618818e+01
1.619760e+01
1.620701e+01
1.621642e+01
1.622583e+01
1.623525e+01
1.624466e+01
1.625407e+01
1.626349e+01
1.627290e+01
1.628231e+01
1.629172e+01
1.630114e+01
1.631055e+01
1.631996e+01
1.632938e+01
1.633879e+01
1.634820e+01
1.635761e+01
1.636703e+01
1.637644e+01
1.638585e+01
1.639526e+01
1.640468e+01
1.641409e+01
1.642350e+01
1.643292e+01
1.644233e+01
1.645174e+01
1.646115e+01
1.647057e+01
1.647998e+01
1.648939e+01
1.649881e+01
1.650822e+01
1.651763e+01
1.652704e+01
1.653646e+01
1.654587e+01
1.655528e+01
1.656470e+01
1.657411e+01
1.658352e+01
1.659293e+01
1.660235e+01
1.661176e+01
1.662117e+01
1.663059e+01
1.664000e+01
1.664941e+01
1.665882e+01
1.666824e+01
1.667765e+01
1.668706e+01
1.669647e+01
1.670589e+01
1.671530e+01
1.672471e+01
1.673413e+01
1.674354e+01
1.675295e+01
1.676236e+01
1.677178e+01
1.678119e+01
1.679060e+01
1.680002e+01
1.680943e+01
1.681884e+01
1.682825e+01
1.683767e+01
1.684713e+01
1.685659e+01
1.686605e+01
1.687552e+01
1.688498e+01
1.689444e+01
1.690390e+01
1.691336e+01
1.692283e+01
1.693229e+01
1.694175e+01
1.695121e+01
1.696067e+01
1.697014e+01
1.697960e+01
1.698906e+01
1.699852e+01
1.700799e+01
1.701745e+01
1.702691e+01
1.703637e+01
1.704583e+01
1.705530e+01
1.706476e+01
1.707422e+01
1.708368e+01
1.709314e+01
1.710261e+01
1.711207e+01
1.712153e+01
1.713099e+01
1.714045e+01
1.714992e+01
1.715938e+01
1.716884e+01
1.717830e+01
1.718777e+01
1.719723e+01
1.720669e+01
1.721615e+01
1.722561e+01
1.723508e+01
1.724454e+01
1.725400e+01
1.726346e+01
1.727292e+01
1.728239e+01
1.729185e+01
1.730131e+01
1.731077e+01
1.732024e+01
1.732970e+01
1.733916e+01
1.734862e+01
1.735808e+01
1.736755e+01
1.737701e+01
1.738647e+01
1.739593e+01
1.740539e+01
1.741486e+01
1.742432e+01
1.743378e+01
1.744324e+01
1.745271e+01
1.746217e+01
1.747163e+01
1.748109e+01
1.749055e+01
1.750002e+01
1.750948e+01
1.751894e+01
1.752840e+01
1.753786e+01
1.754733e+01
1.755679e+01
1.756625e+01
1.757571e+01
1.758518e+01
1.759464e+01
1.760410e+01
1.761356e+01
1.762302e+01
1.763249e+01
1.764195e+01
1.765141e+01
1.766087e+01
1.767033e+01
1.767980e+01
1.768926e+01
1.769872e+01
1.770818e+01
1.771765e+01
1.772711e+01
1.773657e+01
1.774603e+01
1.775549e+01
1.776496e+01
1.777442e+01
1.778388e+01
1.779334e+01
1.780280e+01
1.781227e+01
1.782173e+01
1.783119e+01
1.784065e+01
1.785012e+01
1.785958e+01
1.786904e+01
1.787850e+01
1.788796e+01
1.789743e+01
1.790689e+01
1.791635e+01
1.792581e+01
1.793527e+01
1.794474e+01
1.795420e+01
1.796366e+01
1.797312e+01
1.798258e+01
1.799205e+01
1.800151e+01
1.801097e+01
1.802043e+01
1.802990e+01
1.803936e+01
1.804882e+01
1.805828e+01
1.806774e+01
1.807721e+01
1.808667e+01
1.809613e+01
1.810559e+01
1.811505e+01
1.812452e+01
1.813398e+01
1.814344e+01
1.815290e+01
1.816237e+01
1.817183e+01
1.818129e+01
1.819075e+01
1.820021e+01
1.820968e+01
1.821914e+01
1.822860e+01
1.823806e+01
1.824752e+01
1.825699e+01
1.826645e+01
1.827591e+01
1.828537e+01
1.829484e+01
1.830430e+01
1.831376e+01
1.832322e+01
1.833268e+01
1.834215e+01
1.835161e+01
1.836107e+01
1.837053e+01
1.837999e+01
1.838946e+01
1.839892e+01
1.840838e+01
1.841784e+01
1.842731e+01
1.843677e+01
1.844623e+01
1.845569e+01
1.846515e+01
1.847462e+01
1.848408e+01
1.849354e+01
1.850300e+01
1.851246e+01
1.852193e+01
1.853139e+01
1.854085e+01
1.855031e+01
1.855978e+01
1.856924e+01
1.857870e+01
1.858816e+01
1.859762e+01
1.860709e+01
1.861655e+01
1.862601e+01
1.863547e+01
1.864493e+01
1.865440e+01
1.866386e+01
1.867332e+01
1.868278e+01
1.869224e+01
1.870171e+01
1.871117e+01
1.872063e+01
1.873009e+01
1.873956e+01
1.874903e+01
1.875850e+01
1.876798e+01
1.877745e+01
1.878692e+01
1.879640e+01
1.880587e+01
1.881535e+01
1.882482e+01
1.883429e+01
1.884377e+01
1.885324e+01
1.886271e+01
1.887219e+01
1.888166e+01
1.889114e+01
1.890061e+01
1.891008e+01
1.891956e+01
1.892903e+01
1.893850e+01
1.894798e+01
1.895745e+01
1.896693e+01
1.897640e+01
1.898587e+01
1.899535e+01
1.900482e+01
1.901429e+01
1.902377e+01
1.903324e+01
1.904272e+01
1.905219e+01
1.906166e+01
1.907114e+01
1.908061e+01
1.909008e+01
1.909956e+01
1.910903e+01
1.911851e+01
1.912798e+01
1.913745e+01
1.914693e+01
1.915640e+01
1.916587e+01
1.917535e+01
1.918482e+01
1.919430e+01
1.920377e+01
1.921324e+01
1.922272e+01
1.923219e+01
1.924166e+01
1.925114e+01
1.926061e+01
1.927009e+01
1.927956e+01
1.928903e+01
1.929851e+01
1.930798e+01
1.931745e+01
1.932693e+01
1.933640e+01
1.934588e+01
1.935535e+01
1.936482e+01
1.937430e+01
1.938377e+01
1.939324e+01
1.940272e+01
1.941219e+01
1.942167e+01
1.943114e+01
1.944061e+01
1.945009e+01
1.945956e+01
1.946903e+01
1.947851e+01
1.948798e+01
1.949745e+01
1.950693e+01
1.951640e+01
1.952588e+01
1.953535e+01
1.954482e+01
1.955430e+01
1.956377e+01
1.957324e+01
1.958272e+01
1.959219e+01
1.960167e+01
1.961114e+01
1.962061e+01
1.963009e+01
1.963956e+01
1.964903e+01
1.965851e+01
1.966798e+01
1.967746e+01
1.968693e+01
1.969640e+01
1.970588e+01
1.971535e+01
1.972482e+01
1.973430e+01
1.974377e+01
1.975325e+01
1.976272e+01
1.977219e+01
1.978167e+01
1.979114e+01
1.980061e+01
1.981009e+01
1.981956e+01
1.982904e+01
1.983851e+01
1.984798e+01
1.985746e+01
1.986693e+01
1.987640e+01
1.988588e+01
1.989535e+01
1.990483e+01
1.991430e+01
1.992377e+01
1.993325e+01
1.994272e+01
1.995219e+01
1.996167e+01
1.997114e+01
1.998062e+01
1.999009e+01
1.999956e+01
2.000904e+01
2.001851e+01
2.002798e+01
2.003746e+01
2.004693e+01
2.005641e+01
2.006588e+01
2.007535e+01
2.008483e+01
2.009430e+01
2.010377e+01
2.011325e+01
2.012272e+01
2.013220e+01
2.014167e+01
2.015114e+01
2.016062e+01
2.017009e+01
2.017956e+01
2.018904e+01
2.019851e+01
2.020799e+01
2.021746e+01
2.022693e+01
2.023641e+01
2.024588e+01
2.025535e+01
2.026483e+01
2.027430e+01
2.028378e+01
2.029325e+01
2.030272e+01
2.031220e+01
2.032167e+01
2.033114e+01
2.034062e+01
2.035009e+01
2.035957e+01
2.036904e+01
2.037851e+01
2.038799e+01
2.039746e+01
2.040693e+01
2.041641e+01
2.042588e+01
2.043536e+01
2.044483e+01
2.045430e+01
2.046378e+01
2.047325e+01
2.048272e+01
2.049220e+01
2.050167e+01
2.051115e+01
2.052062e+01
2.053009e+01
2.053957e+01
2.054904e+01
2.055851e+01
2.056799e+01
2.057746e+01
2.058694e+01
2.059641e+01
2.060588e+01
2.061536e+01
2.062483e+01
2.063430e+01
2.064378e+01
2.065329e+01
2.066279e+01
2.067230e+01
2.068181e+01
2.069132e+01
2.070083e+01
2.071033e+01
2.071984e+01
2.072935e+01
2.073886e+01
2.074837e+01
2.075787e+01
2.076738e+01
2.077689e+01
2.078640e+01
2.079591e+01
2.080542e+01
2.081492e+01
2.082443e+01
2.083394e+01
2.084345e+01
2.085296e+01
2.086246e+01
2.087197e+01
2.088148e+01
2.089099e+01
2.090050e+01
2.091000e+01
2.091951e+01
2.092902e+01
2.093853e+01
2.094804e+01
2.095754e+01
2.096705e+01
2.097656e+01
2.098607e+01
2.099558e+01
2.100509e+01
2.101459e+01
2.102410e+01
2.103361e+01
2.104312e+01
2.105263e+01
2.106213e+01
2.107164e+01
2.108115e+01
2.109066e+01
2.110017e+01
2.110967e+01
2.111918e+01
2.112869e+01
2.113820e+01
2.114771e+01
2.115721e+01
2.116672e+01
2.117623e+01
2.118574e+01
2.119525e+01
2.120476e+01
2.121426e+01
2.122377e+01
2.123328e+01
2.124279e+01
2.125230e+01
2.126180e+01
2.127131e+01
2.128082e+01
2.129033e+01
2.129984e+01
2.130934e+01
2.131885e+01
2.132836e+01
2.133787e+01
2.134738e+01
2.135688e+01
2.136639e+01
2.137590e+01
2.138541e+01
2.139492e+01
2.140443e+01
2.141393e+01
2.142344e+01
2.143295e+01
2.144246e+01
2.145197e+01
2.146147e+01
2.147098e+01
2.148049e+01
2.149000e+01
2.149951e+01
2.150901e+01
2.151852e+01
2.152803e+01
2.153754e+01
2.154705e+01
2.155655e+01
2.156606e+01
2.157557e+01
2.158508e+01
2.159459e+01
2.160410e+01
2.161360e+01
2.162311e+01
2.163262e+01
2.164213e+01
2.165164e+01
2.166114e+01
2.167065e+01
2.168016e+01
2.168967e+01
2.169918e+01
2.170868e+01
2.171819e+01
2.172770e+01
2.173721e+01
2.174672e+01
2.175622e+01
2.176573e+01
2.177524e+01
2.178475e+01
2.179426e+01
2.180377e+01
2.181327e+01
2.182278e+01
2.183229e+01
2.184180e+01
2.185131e+01
2.186081e+01
2.187032e+01
2.187983e+01
2.188934e+01
2.189885e+01
2.190835e+01
2.191786e+01
2.192737e+01
2.193688e+01
2.194639e+01
2.195589e+01
2.196540e+01
2.197491e+01
2.198442e+01
2.199393e+01
2.200344e+01
2.201294e+01
2.202245e+01
2.203196e+01
2.204147e+01
2.205098e+01
2.206048e+01
2.206999e+01
2.207950e+01
2.208901e+01
2.209852e+01
2.210802e+01
2.211753e+01
2.212704e+01
2.213655e+01
2.214606e+01
2.215556e+01
2.216507e+01
2.217458e+01
2.218409e+01
2.219360e+01
2.220311e+01
2.221261e+01
2.222212e+01
2.223163e+01
2.224114e+01
2.225065e+01
2.226015e+01
2.226966e+01
2.227917e+01
2.228868e+01
2.229819e+01
2.230769e+01
2.231720e+01
2.232671e+01
2.233622e+01
2.234573e+01
2.235523e+01
2.236474e+01
2.237425e+01
2.238376e+01
2.239327e+01
2.240278e+01
2.241228e+01
2.242179e+01
2.243130e+01
2.244081e+01
2.245032e+01
2.245982e+01
2.246933e+01
2.247884e+01
2.248835e+01
2.249786e+01
2.250736e+01
2.251687e+01
2.252638e+01
2.253589e+01
2.254540e+01
2.255490e+01
2.256441e+01
2.257392e+01
2.258343e+01
2.259294e+01
2.260245e+01
2.261195e+01
2.262146e+01
2.263097e+01
2.264048e+01
2.264999e+01
2.265949e+01
2.266900e+01
2.267851e+01
2.268802e+01
2.269753e+01
2.270703e+01
2.271654e+01
2.272605e+01
2.273556e+01
2.274507e+01
2.275457e+01
2.276408e+01
2.277359e+01
2.278310e+01
2.279261e+01
2.280212e+01
2.281162e+01
2.282113e+01
2.283064e+01
2.284015e+01
2.284966e+01
2.285916e+01
2.286867e+01
2.287818e+01
2.288769e+01
2.289720e+01
2.290670e+01
2.291621e+01
2.292572e+01
2.293523e+01
2.294474e+01
2.295424e+01
2.296375e+01
2.297326e+01
2.298277e+01
2.299228e+01
2.300179e+01
2.301129e+01
2.302080e+01
2.303031e+01
2.303982e+01
2.304933e+01
2.305883e+01
2.306834e+01
2.307785e+01
2.308736e+01
2.309687e+01
2.310637e+01
2.311588e+01
2.312539e+01
2.313490e+01
2.314441e+01
2.315391e+01
2.316342e+01
2.317293e+01
2.318244e+01
2.319195e+01
2.320146e+01
2.321096e+01
2.322047e+01
2.322998e+01
2.323949e+01
2.324900e+01
2.325850e+01
2.326801e+01
2.327752e+01
2.328703e+01
2.329654e+01
2.330604e+01
2.331555e+01
2.332506e+01
2.333457e+01
2.334408e+01
2.335358e+01
2.336309e+01
2.337260e+01
2.338211e+01
2.339162e+01
2.340113e+01
2.341063e+01
2.342014e+01
2.342965e+01
2.343916e+01
2.344867e+01
2.345817e+01
2.346768e+01
2.347719e+01
2.348670e+01
2.349621e+01
2.350571e+01
2.351522e+01
2.352475e+01
2.353429e+01
2.354382e+01
2.355335e+01
2.356288e+01
2.357241e+01
2.358195e+01
2.359148e+01
2.360101e+01
2.361054e+01
2.362008e+01
2.362961e+01
2.363914e+01
2.364867e+01
2.365820e+01
2.366774e+01
2.367727e+01
2.368680e+01
2.369633e+01
2.370586e+01
2.371540e+01
2.372493e+01
2.373446e+01
2.374399e+01
2.375352e+01
2.376306e+01
2.377259e+01
2.378212e+01
2.379165e+01
2.380119e+01
2.381072e+01
2.382025e+01
2.382978e+01
2.383931e+01
2.384885e+01
2.385838e+01
2.386791e+01
2.387744e+01
2.388697e+01
2.389651e+01
2.390604e+01
2.391557e+01
2.392510e+01
2.393463e+01
2.394417e+01
2.395370e+01
2.396323e+01
2.397276e+01
2.398229e+01
2.399183e+01
2.400136e+01
2.401089e+01
2.402042e+01
2.402996e+01
2.403949e+01
2.404902e+01
2.405855e+01
2.406808e+01
2.407762e+01
2.408715e+01
2.409668e+01
2.410621e+01
2.411574e+01
2.412528e+01
2.413481e+01
2.414434e+01
2.415387e+01
2.416340e+01
2.417294e+01
2.418247e+01
2.419200e+01
2.420153e+01
2.421107e+01
2.422060e+01
2.423013e+01
2.423966e+01
2.424919e+01
2.425873e+01
2.426826e+01
2.427779e+01
2.428732e+01
2.429685e+01
2.430639e+01
2.431592e+01
2.432545e+01
2.433498e+01
2.434451e+01
2.435405e+01
2.436358e+01
2.437311e+01
2.438264e+01
2.439217e+01
2.440171e+01
2.441124e+01
2.442077e+01
2.443030e+01
2.443984e+01
2.444937e+01
2.445890e+01
2.446843e+01
2.447796e+01
2.448750e+01
2.449703e+01
2.450656e+01
2.451609e+01
2.452562e+01
2.453516e+01
2.454469e+01
2.455422e+01
2.456375e+01
2.457328e+01
2.458282e+01
2.459235e+01
2.460188e+01
2.461141e+01
2.462095e+01
2.463048e+01
2.464001e+01
2.464954e+01
2.465907e+01
2.466861e+01
2.467814e+01
2.468767e+01
2.469720e+01
2.470673e+01
2.471627e+01
2.472580e+01
2.473533e+01
2.474486e+01
2.475439e+01
2.476393e+01
2.477346e+01
2.478299e+01
2.479252e+01
2.480205e+01
2.481159e+01
2.482112e+01
2.483065e+01
2.484018e+01
2.484972e+01
2.485925e+01
2.486878e+01
2.487831e+01
2.488784e+01
2.489738e+01
2.490691e+01
2.491644e+01
2.492597e+01
2.493550e+01
2.494504e+01
2.495457e+01
2.496410e+01
2.497363e+01
2.498316e+01
2.499270e+01
2.500223e+01
2.501176e+01
2.502129e+01
2.503083e+01
2.504036e+01
2.504989e+01
2.505942e+01
2.506895e+01
2.507849e+01
2.508802e+01
2.509755e+01
2.510708e+01
2.511661e+01
2.512615e+01
2.513568e+01
2.514521e+01
2.515474e+01
2.516427e+01
2.517381e+01
2.518334e+01
2.519287e+01
2.520240e+01
2.521193e+01
2.522147e+01
2.523100e+01
2.524053e+01
2.525006e+01
2.525960e+01
2.526913e+01
2.527866e+01
2.528819e+01
2.529772e+01
2.530726e+01
2.531679e+01
2.532632e+01
2.533585e+01
2.534538e+01
2.535492e+01
2.536445e+01
2.537398e+01
2.538351e+01
2.539304e+01
2.540258e+01
2.541211e+01
2.542164e+01
2.543117e+01
2.544071e+01
2.545024e+01
2.545977e+01
2.546930e+01
2.547883e+01
2.548837e+01
2.549790e+01
2.550743e+01
2.551696e+01
2.552649e+01
2.553603e+01
2.554556e+01
2.555509e+01
2.556462e+01
2.557415e+01
2.558369e+01
2.559322e+01
2.560275e+01
2.561228e+01
2.562181e+01
2.563135e+01
2.564088e+01
2.565041e+01
2.565994e+01
2.566948e+01
2.567901e+01
2.568854e+01
2.569807e+01
2.570760e+01
2.571714e+01
2.572667e+01
2.573620e+01
2.574573e+01
2.575526e+01
2.576480e+01
2.577433e+01
2.578386e+01
2.579339e+01
2.580292e+01
2.581246e+01
2.582199e+01
2.583152e+01
2.584105e+01
2.585059e+01
2.586012e+01
2.586965e+01
2.587918e+01
2.588871e+01
2.589825e+01
2.590778e+01
2.591731e+01
2.592684e+01
2.593637e+01
2.594591e+01
2.595544e+01
2.596497e+01
2.597450e+01
2.598403e+01
2.599357e+01
2.600310e+01
2.601263e+01
2.602216e+01
2.603170e+01
2.604123e+01
2.605076e+01
2.606029e+01
2.606982e+01
2.607936e+01
2.608889e+01
2.609842e+01
2.610795e+01
2.611748e+01
2.612702e+01
2.613655e+01
2.614608e+01
2.615561e+01
2.616514e+01
2.617468e+01
2.618421e+01
2.619374e+01
2.620327e+01
2.621280e+01
2.622234e+01
2.623187e+01
2.624140e+01
2.625093e+01
2.626047e+01
2.627000e+01
2.627953e+01
2.628906e+01
2.629859e+01
2.630813e+01
2.631766e+01
2.632719e+01
2.633672e+01
2.634625e+01
2.635579e+01
2.636532e+01
2.637485e+01
2.638438e+01
2.639391e+01
2.640345e+01
2.641298e+01
2.642251e+01
2.643204e+01
2.644158e+01
2.645111e+01
2.646064e+01
2.647017e+01
2.647970e+01
2.648924e+01
2.649877e+01
2.650830e+01
2.651783e+01
2.652736e+01
2.653690e+01
2.654643e+01
2.655596e+01
2.656549e+01
2.657502e+01
2.658456e+01
2.659409e+01
2.660362e+01
2.661315e+01
2.662268e+01
2.663222e+01
2.664175e+01
2.665128e+01
2.666081e+01
2.667035e+01
2.667988e+01
2.668941e+01
2.669894e+01
2.670847e+01
2.671801e+01
2.672754e+01
2.673707e+01
2.674660e+01
2.675613e+01
2.676567e+01
2.677520e+01
2.678473e+01
2.679426e+01
2.680379e+01
2.681333e+01
2.682286e+01
2.683239e+01
2.684192e+01
2.685146e+01
2.686099e+01
2.687052e+01
2.688005e+01
2.688958e+01
2.689912e+01
2.690865e+01
2.691818e+01
2.692771e+01
2.693724e+01
2.694678e+01
2.695631e+01
2.696584e+01
2.697537e+01
2.698490e+01
2.699444e+01
2.700397e+01
2.701350e+01
2.702303e+01
2.703256e+01
2.704210e+01
2.705163e+01
2.706116e+01
2.707069e+01
2.708023e+01
2.708976e+01
2.709929e+01
2.710882e+01
2.711835e+01
2.712789e+01
2.713742e+01
2.714695e+01
2.715648e+01
2.716601e+01
2.717555e+01
2.718508e+01
2.719461e+01
2.720414e+01
2.721367e+01
2.722321e+01
2.723274e+01
2.724227e+01
2.725180e+01
2.726134e+01
2.727087e+01
2.728040e+01
2.728993e+01
2.729946e+01
2.730900e+01
2.731853e+01
2.732806e+01
2.733759e+01
2.734712e+01
2.735666e+01
2.736619e+01
2.737572e+01
2.738525e+01
2.739478e+01
2.740432e+01
2.741385e+01
2.742338e+01
2.743291e+01
2.744244e+01
2.745198e+01
2.746151e+01
2.747104e+01
2.748057e+01
2.749011e+01
2.749964e+01
2.750917e+01
2.751870e+01
2.752823e+01
2.753777e+01
2.754730e+01
2.755683e+01
2.756636e+01
2.757589e+01
2.758543e+01
2.759496e+01
2.760449e+01
2.761402e+01
2.762355e+01
2.763309e+01
2.764262e+01
2.765215e+01
2.766168e+01
2.767122e+01
2.768075e+01
2.769028e+01
2.769981e+01
2.770934e+01
2.771888e+01
2.772841e+01
2.773794e+01
2.774747e+01
2.775700e+01
2.776654e+01
2.777607e+01
2.778560e+01
2.779513e+01
2.780466e+01
2.781420e+01
2.782373e+01
2.783326e+01
2.784279e+01
2.785232e+01
2.786186e+01
2.787139e+01
2.788092e+01
2.789045e+01
2.789999e+01
2.790952e+01
2.791905e+01
2.792858e+01
2.793811e+01
2.794765e+01
2.795718e+01
2.796671e+01
2.797624e+01
2.798577e+01
2.799531e+01
2.800484e+01
2.801437e+01
2.802390e+01
2.803343e+01
2.804297e+01
2.805250e+01
2.806203e+01
2.807156e+01
2.808110e+01
2.809063e+01
2.810016e+01
2.810969e+01
2.811922e+01
2.812876e+01
2.813829e+01
2.814782e+01
2.815735e+01
2.816688e+01
2.817642e+01
2.818595e+01
2.819548e+01
2.820501e+01
2.821454e+01
2.822408e+01
2.823361e+01
2.824314e+01
2.825267e+01
2.826220e+01
2.827174e+01
2.828127e+01
2.829080e+01
2.830033e+01
2.830993e+01
2.831953e+01
2.832912e+01
2.833872e+01
2.834832e+01
2.835791e+01
2.836751e+01
2.837710e+01
2.838670e+01
2.839630e+01
2.840589e+01
2.841549e+01
2.842509e+01
2.843468e+01
2.844428e+01
2.845388e+01
2.846347e+01
2.847307e+01
2.848267e+01
2.849226e+01
2.850186e+01
2.851145e+01
2.852105e+01
2.853065e+01
2.854024e+01
2.854984e+01
2.855944e+01
2.856903e+01
2.857863e+01
2.858823e+01
2.859782e+01
2.860742e+01
2.861702e+01
2.862661e+01
2.863621e+01
2.864580e+01
2.865540e+01
2.866500e+01
2.867459e+01
2.868419e+01
2.869379e+01
2.870338e+01
2.871298e+01
2.872258e+01
2.873217e+01
2.874177e+01
2.875137e+01
2.876096e+01
2.877056e+01
2.878015e+01
2.878975e+01
2.879935e+01
2.880894e+01
2.881854e+01
2.882814e+01
2.883773e+01
2.884733e+01
2.885693e+01
2.886652e+01
2.887612e+01
2.888572e+01
2.889531e+01
2.890491e+01
2.891450e+01
2.892410e+01
2.893370e+01
2.894329e+01
2.895289e+01
2.896249e+01
2.897208e+01
2.898168e+01
2.899128e+01
2.900087e+01
2.901047e+01
2.902006e+01
2.902966e+01
2.903926e+01
2.904885e+01
2.905845e+01
2.906805e+01
2.907764e+01
2.908724e+01
2.909684e+01
2.910643e+01
2.911603e+01
2.912563e+01
2.913522e+01
2.914482e+01
2.915441e+01
2.916401e+01
2.917361e+01
2.918320e+01
2.919280e+01
2.920240e+01
2.921199e+01
2.922159e+01
2.923119e+01
2.924078e+01
2.925038e+01
2.925998e+01
2.926957e+01
2.927917e+01
2.928876e+01
2.929836e+01
2.930796e+01
2.931755e+01
2.932715e+01
2.933675e+01
2.934634e+01
2.935594e+01
2.936554e+01
2.937513e+01
2.938473e+01
2.939433e+01
2.940392e+01
2.941352e+01
2.942311e+01
2.943271e+01
2.944231e+01
2.945190e+01
2.946150e+01
2.947110e+01
2.948069e+01
2.949029e+01
2.949989e+01
2.950948e+01
2.951908e+01
2.952868e+01
2.953827e+01
2.954787e+01
2.955746e+01
2.956706e+01
2.957666e+01
2.958625e+01
2.959585e+01
2.960545e+01
2.961504e+01
2.962464e+01
2.963424e+01
2.964383e+01
2.965343e+01
2.966303e+01
2.967262e+01
2.968222e+01
2.969181e+01
2.970141e+01
2.971101e+01
2.972060e+01
2.973020e+01
2.973980e+01
2.974939e+01
2.975899e+01
2.976859e+01
2.977818e+01
2.978778e+01
2.979738e+01
2.980697e+01
2.981657e+01
2.982616e+01
2.983576e+01
2.984536e+01
2.985495e+01
2.986455e+01
2.987415e+01
2.988374e+01
2.989334e+01
2.990294e+01
2.991253e+01
2.992213e+01
2.993173e+01
2.994132e+01
2.995092e+01
2.996051e+01
2.997011e+01
2.997971e+01
2.998930e+01
2.999890e+01
3.000850e+01
3.001809e+01
3.002769e+01
3.003729e+01
3.004688e+01
3.005648e+01
3.006607e+01
3.007567e+01
3.008527e+01
3.009486e+01
3.010446e+01
3.011406e+01
3.012365e+01
3.013325e+01
3.014285e+01
3.015244e+01
3.016204e+01
3.017164e+01
3.018123e+01
3.019083e+01
3.020042e+01
3.021002e+01
3.021962e+01
3.022921e+01
3.023881e+01
3.024841e+01
3.025800e+01
3.026760e+01
3.027720e+01
3.028679e+01
3.029639e+01
3.030599e+01
3.031558e+01
3.032518e+01
3.033477e+01
3.034437e+01
3.035397e+01
3.036356e+01
3.037316e+01
3.038276e+01
3.039235e+01
3.040195e+01
3.041155e+01
3.042114e+01
3.043074e+01
3.044034e+01
3.044993e+01
3.045953e+01
3.046912e+01
3.047872e+01
3.048832e+01
3.049791e+01
3.050751e+01
3.051711e+01
3.052670e+01
3.053630e+01
3.054590e+01
3.055549e+01
3.056509e+01
3.057469e+01
3.058428e+01
3.059388e+01
3.060347e+01
3.061307e+01
3.062267e+01
3.063226e+01
3.064186e+01
3.065146e+01
3.066105e+01
3.067065e+01
3.068025e+01
3.068984e+01
3.069944e+01
3.070904e+01
3.071863e+01
3.072823e+01
3.073782e+01
3.074742e+01
3.075702e+01
3.076661e+01
3.077621e+01
3.078581e+01
3.079540e+01
3.080500e+01
3.081460e+01
3.082419e+01
3.083379e+01
3.084339e+01
3.085298e+01
3.086258e+01
3.087217e+01
3.088177e+01
3.089137e+01
3.090096e+01
3.091056e+01
3.092016e+01
3.092975e+01
3.093935e+01
3.094895e+01
3.095854e+01
3.096814e+01
3.097773e+01
3.098733e+01
3.099693e+01
3.100652e+01
3.101612e+01
3.102572e+01
3.103531e+01
3.104491e+01
3.105451e+01
3.106410e+01
3.107370e+01
3.108330e+01
3.109289e+01
3.110249e+01
3.111208e+01
3.112168e+01
3.113128e+01
3.114087e+01
3.115047e+01
3.116007e+01
3.116966e+01
3.117926e+01
3.118886e+01
3.119845e+01
3.120805e+01
3.121765e+01
3.122724e+01
3.123684e+01
3.124643e+01
3.125603e+01
3.126563e+01
3.127522e+01
3.128482e+01
3.129442e+01
3.130401e+01
3.131361e+01
3.132321e+01
3.133280e+01
3.134240e+01
3.135200e+01
3.136159e+01
3.137119e+01
3.138078e+01
3.139038e+01
3.139998e+01
3.140957e+01
3.141917e+01
3.142877e+01
3.143836e+01
3.144796e+01
3.145756e+01
3.146715e+01
3.147675e+01
3.148635e+01
3.149594e+01
3.150554e+01
3.151513e+01
3.152473e+01
3.153433e+01
3.154392e+01
3.155352e+01
3.156312e+01
3.157271e+01
3.158231e+01
3.159191e+01
3.160150e+01
3.161110e+01
3.162070e+01
3.163029e+01
3.163989e+01
3.164948e+01
3.165908e+01
3.166868e+01
3.167827e+01
3.168787e+01
3.169747e+01
3.170706e+01
3.171666e+01
3.172626e+01
3.173585e+01
3.174545e+01
3.175505e+01
3.176464e+01
3.177424e+01
3.178383e+01
3.179343e+01
3.180303e+01
3.181262e+01
3.182222e+01
3.183182e+01
3.184141e+01
3.185101e+01
3.186061e+01
3.187020e+01
3.187980e+01
3.188939e+01
3.189899e+01
3.190859e+01
3.191818e+01
3.192778e+01
3.193738e+01
3.194697e+01
3.195657e+01
3.196617e+01
3.197576e+01
3.198536e+01
3.199496e+01
3.200455e+01
3.201415e+01
3.202374e+01
3.203334e+01
3.204294e+01
3.205253e+01
3.206213e+01
3.207173e+01
3.208132e+01
3.209092e+01
3.210052e+01
3.211011e+01
3.211971e+01
3.212931e+01
3.213890e+01
3.214850e+01
3.215809e+01
3.216769e+01
3.217729e+01
3.218688e+01
3.219648e+01
3.220608e+01
3.221567e+01
3.222527e+01
3.223487e+01
3.224446e+01
3.225406e+01
3.226366e+01
3.227325e+01
3.228285e+01
3.229244e+01
3.230204e+01
3.231164e+01
3.232123e+01
3.233083e+01
3.234043e+01
3.235002e+01
3.235962e+01
3.236922e+01
3.237881e+01
3.238841e+01
3.239801e+01
3.240760e+01
3.241720e+01
3.242679e+01
3.243639e+01
3.244599e+01
3.245558e+01
3.246518e+01
3.247478e+01
3.248437e+01
3.249397e+01
3.250357e+01
3.251316e+01
3.252276e+01
3.253236e+01
3.254195e+01
3.255155e+01
3.256114e+01
3.257074e+01
3.258034e+01
3.258993e+01
3.259953e+01
3.260913e+01
3.261872e+01
3.262832e+01
3.263792e+01
3.264751e+01
3.265711e+01
3.266671e+01
3.267630e+01
3.268590e+01
3.269549e+01
3.270509e+01
3.271469e+01
3.272428e+01
3.273388e+01
3.274348e+01
3.275307e+01
3.276267e+01
3.277227e+01
3.278186e+01
3.279146e+01
3.280105e+01
3.281065e+01
3.282025e+01
3.282984e+01
3.283944e+01
3.284904e+01
3.285863e+01
3.286823e+01
3.287783e+01
3.288742e+01
3.289702e+01
3.290662e+01
3.291621e+01
3.292581e+01
3.293540e+01
3.294500e+01
3.295460e+01
3.296419e+01
3.297379e+01
3.298339e+01
3.299298e+01
3.300258e+01
3.301218e+01
3.302177e+01
3.303137e+01
3.304097e+01
3.305056e+01
3.306016e+01
3.306975e+01
3.307935e+01
3.308895e+01
3.309854e+01
3.310814e+01
3.311774e+01
3.312733e+01
3.313690e+01
3.314647e+01
3.315604e+01
3.316561e+01
3.317518e+01
3.318474e+01
3.319431e+01
3.320388e+01
3.321345e+01
3.322302e+01
3.323259e+01
3.324216e+01
3.325173e+01
3.326129e+01
3.327086e+01
3.328043e+01
3.329000e+01
3.329957e+01
3.330914e+01
3.331871e+01
3.332827e+01
3.333784e+01
3.334741e+01
3.335698e+01
3.336655e+01
3.337612e+01
3.338569e+01
3.339525e+01
3.340482e+01
3.341439e+01
3.342396e+01
3.343353e+01
3.344310e+01
3.345267e+01
3.346223e+01
3.347180e+01
3.348137e+01
3.349094e+01
3.350051e+01
3.351008e+01
3.351965e+01
3.352921e+01
3.353878e+01
3.354835e+01
3.355792e+01
3.356749e+01
3.357706e+01
3.358663e+01
3.359619e+01
3.360576e+01
3.361533e+01
3.362490e+01
3.363447e+01
3.364404e+01
3.365361e+01
3.366317e+01
3.367274e+01
3.368231e+01
3.369188e+01
3.370145e+01
3.371102e+01
3.372059e+01
3.373015e+01
3.373972e+01
3.374929e+01
3.375886e+01
3.376843e+01
3.377800e+01
3.378757e+01
3.379713e+01
3.380670e+01
3.381627e+01
3.382584e+01
3.383541e+01
3.384498e+01
3.385455e+01
3.386411e+01
3.387368e+01
3.388325e+01
3.389282e+01
3.390239e+01
3.391196e+01
3.392153e+01
3.393109e+01
3.394066e+01
3.395023e+01
3.395980e+01
3.396937e+01
3.397894e+01
3.398851e+01
3.399807e+01
3.400764e+01
3.401721e+01
3.402678e+01
3.403635e+01
3.404592e+01
3.405549e+01
3.406505e+01
3.407462e+01
3.408419e+01
3.409376e+01
3.410333e+01
3.411290e+01
3.412247e+01
3.413204e+01
3.414160e+01
3.415117e+01
3.416074e+01
3.417031e+01
3.417988e+01
3.418945e+01
3.419902e+01
3.420858e+01
3.421815e+01
3.422772e+01
3.423729e+01
3.424686e+01
3.425643e+01
3.426600e+01
3.427556e+01
3.428513e+01
3.429470e+01
3.430427e+01
3.431384e+01
3.432341e+01
3.433298e+01
3.434254e+01
3.435211e+01
3.436168e+01
3.437125e+01
3.438082e+01
3.439039e+01
3.439996e+01
3.440952e+01
3.441909e+01
3.442866e+01
3.443823e+01
3.444780e+01
3.445737e+01
3.446694e+01
3.447650e+01
3.448607e+01
3.449564e+01
3.450521e+01
3.451478e+01
3.452435e+01
3.453392e+01
3.454348e+01
3.455305e+01
3.456262e+01
3.457219e+01
3.458176e+01
3.459133e+01
3.460090e+01
3.461046e+01
3.462003e+01
3.462960e+01
3.463917e+01
3.464874e+01
3.465831e+01
3.466788e+01
3.467744e+01
3.468701e+01
3.469658e+01
3.470615e+01
3.471572e+01
3.472529e+01
3.473486e+01
3.474442e+01
3.475399e+01
3.476356e+01
3.477313e+01
3.478270e+01
3.479227e+01
3.480184e+01
3.481140e+01
3.482097e+01
3.483054e+01
3.484011e+01
3.484968e+01
3.485925e+01
3.486882e+01
3.487839e+01
3.488795e+01
3.489752e+01
3.490709e+01
3.491666e+01
3.492623e+01
3.493580e+01
3.494537e+01
3.495493e+01
3.496450e+01
3.497407e+01
3.498364e+01
3.499321e+01
3.500278e+01
3.501235e+01
3.502191e+01
3.503148e+01
3.504105e+01
3.505062e+01
3.506019e+01
3.506976e+01
3.507933e+01
3.508889e+01
3.509846e+01
3.510803e+01
3.511760e+01
3.512717e+01
3.513674e+01
3.514631e+01
3.515587e+01
3.516544e+01
3.517501e+01
3.518458e+01
3.519415e+01
3.520372e+01
3.521329e+01
3.522285e+01
3.523242e+01
3.524199e+01
3.525156e+01
3.526113e+01
3.527070e+01
3.528027e+01
3.528983e+01
3.529940e+01
3.530897e+01
3.531854e+01
3.532811e+01
3.533768e+01
3.534725e+01
3.535681e+01
3.536638e+01
3.537595e+01
3.538552e+01
3.539509e+01
3.540466e+01
3.541423e+01
3.542379e+01
3.543336e+01
3.544293e+01
3.545250e+01
3.546207e+01
3.547164e+01
3.548121e+01
3.549077e+01
3.550034e+01
3.550991e+01
3.551948e+01
3.552905e+01
3.553862e+01
3.554819e+01
3.555775e+01
3.556732e+01
3.557689e+01
3.558646e+01
3.559603e+01
3.560560e+01
3.561517e+01
3.562473e+01
3.563430e+01
3.564387e+01
3.565344e+01
3.566301e+01
3.567258e+01
3.568215e+01
3.569172e+01
3.570128e+01
3.571085e+01
3.572042e+01
3.572999e+01
3.573956e+01
3.574913e+01
3.575870e+01
3.576826e+01
3.577783e+01
3.578740e+01
3.579697e+01
3.580654e+01
3.581611e+01
3.582568e+01
3.583524e+01
3.584481e+01
3.585438e+01
3.586395e+01
3.587352e+01
3.588309e+01
3.589266e+01
3.590222e+01
3.591179e+01
3.592136e+01
3.593093e+01
3.594050e+01
3.595007e+01
3.595964e+01
3.596920e+01
3.597877e+01
3.598834e+01
3.599791e+01
3.600748e+01
3.601705e+01
3.602662e+01
3.603618e+01
3.604575e+01
3.605532e+01
3.606489e+01
3.607446e+01
3.608403e+01
3.609360e+01
3.610316e+01
3.611273e+01
3.612230e+01
3.613187e+01
3.614144e+01
3.615101e+01
3.616058e+01
3.617014e+01
3.617971e+01
3.618928e+01
3.619885e+01
3.620842e+01
3.621799e+01
3.622756e+01
3.623712e+01
3.624669e+01
3.625626e+01
3.626583e+01
3.627540e+01
3.628497e+01
3.629454e+01
3.630410e+01
3.631367e+01
3.632324e+01
3.633281e+01
3.634238e+01
3.635195e+01
3.636152e+01
3.637108e+01
3.638065e+01
3.639022e+01
3.639979e+01
3.640936e+01
3.641893e+01
3.642850e+01
3.643806e+01
3.644763e+01
3.645720e+01
3.646677e+01
3.647634e+01
3.648591e+01
3.649548e+01
3.650505e+01
3.651461e+01
3.652418e+01
3.653375e+01
3.654332e+01
3.655289e+01
3.656246e+01
3.657203e+01
3.658159e+01
3.659116e+01
3.660073e+01
3.661030e+01
3.661987e+01
3.662944e+01
3.663901e+01
3.664857e+01
3.665814e+01
3.666771e+01
3.667728e+01
3.668685e+01
3.669642e+01
3.670599e+01
3.671555e+01
3.672512e+01
3.673469e+01
3.674426e+01
3.675383e+01
3.676340e+01
3.677297e+01
3.678253e+01
3.679210e+01
3.680167e+01
3.681124e+01
3.682081e+01
3.683038e+01
3.683995e+01
3.684951e+01
3.685908e+01
3.686865e+01
3.687822e+01
3.688779e+01
3.689736e+01
3.690693e+01
3.691649e+01
3.692606e+01
3.693563e+01
3.694520e+01
3.695477e+01
3.696434e+01
3.697391e+01
3.698347e+01
3.699304e+01
3.700261e+01
3.701218e+01
3.702175e+01
3.703132e+01
3.704089e+01
3.705045e+01
3.706002e+01
3.706959e+01
3.707916e+01
3.708873e+01
3.709830e+01
3.710787e+01
3.711743e+01
3.712700e+01
3.713657e+01
3.714614e+01
3.715571e+01
3.716528e+01
3.717485e+01
3.718441e+01
3.719398e+01
3.720355e+01
3.721312e+01
3.722269e+01
3.723226e+01
3.724183e+01
3.725139e+01
3.726096e+01
3.727053e+01
3.728010e+01
3.728967e+01
3.729924e+01
3.730881e+01
3.731838e+01
3.732794e+01
3.733751e+01
3.734708e+01
3.735665e+01
3.736622e+01
3.737579e+01
3.738536e+01
3.739492e+01
3.740449e+01
3.741406e+01
3.742363e+01
3.743320e+01
3.744277e+01
3.745234e+01
3.746190e+01
3.747147e+01
3.748104e+01
3.749061e+01
3.750018e+01
3.750975e+01
3.751932e+01
3.752888e+01
3.753845e+01
3.754802e+01
3.755759e+01
3.756716e+01
3.757673e+01
3.758630e+01
3.759586e+01
3.760543e+01
3.761500e+01
3.762457e+01
3.763414e+01
3.764371e+01
3.765328e+01
3.766284e+01
3.767241e+01
3.768198e+01
3.769155e+01
3.770112e+01
3.771069e+01
3.772026e+01
3.772982e+01
