5.800000e-01
5.803332e-01
5.806668e-01
5.810000e-01
5.813332e-01
5.816668e-01
5.820000e-01
5.823332e-01
5.826668e-01
5.830000e-01
5.833332e-01
5.836668e-01
5.840000e-01
5.843332e-01
5.846668e-01
5.850000e-01
5.853332e-01
5.856668e-01
5.860000e-01
5.863332e-01
5.866668e-01
5.870000e-01
5.873332e-01
5.876668e-01
5.880000e-01
5.883332e-01
5.886668e-01
5.890000e-01
5.893332e-01
5.896668e-01
5.900000e-01
5.900000e-01
5.900000e-01
5.900000e-01
5.900000e-01
5.900000e-01
5.900000e-01
5.900000e-01
5.900000e-01
5.900000e-01
5.900000e-01
5.900000e-01
5.900000e-01
5.900000e-01
5.900000e-01
5.900000e-01
5.900000e-01
5.900000e-01
5.900000e-01
5.900000e-01
5.900000e-01
5.903333e-01
5.906667e-01
5.910000e-01
5.913333e-01
5.916667e-01
5.920000e-01
5.923333e-01
5.926667e-01
5.930000e-01
5.933333e-01
5.936667e-01
5.940000e-01
5.943333e-01
5.946667e-01
5.950000e-01
5.953333e-01
5.956667e-01
5.960000e-01
5.963335e-01
5.966667e-01
5.969999e-01
5.973335e-01
5.976667e-01
5.979999e-01
5.983335e-01
5.986667e-01
5.989999e-01
5.993335e-01
5.996667e-01
5.999999e-01
6.003335e-01
6.006667e-01
6.009999e-01
6.013335e-01
6.016667e-01
6.019999e-01
6.023335e-01
6.026667e-01
6.029999e-01
6.033335e-01
6.036667e-01
6.039999e-01
6.043335e-01
6.046667e-01
6.049999e-01
6.053335e-01
6.056667e-01
6.059999e-01
6.063335e-01
6.066667e-01
6.069333e-01
6.072000e-01
6.074667e-01
6.077333e-01
6.080000e-01
6.082667e-01
6.085333e-01
6.088000e-01
6.090667e-01
6.093333e-01
6.096000e-01
6.098667e-01
6.101333e-01
6.104000e-01
6.106667e-01
6.109333e-01
6.112000e-01
6.114667e-01
6.117333e-01
6.120000e-01
6.122667e-01
6.125333e-01
6.128000e-01
6.130667e-01
6.133333e-01
6.136000e-01
6.138667e-01
6.141333e-01
6.144000e-01
6.146667e-01
6.149333e-01
6.152000e-01
6.154667e-01
6.157333e-01
6.160000e-01
6.162667e-01
6.165333e-01
6.168000e-01
6.170667e-01
6.173333e-01
6.176000e-01
6.178667e-01
6.181333e-01
6.184000e-01
6.186667e-01
6.189333e-01
6.192000e-01
6.194667e-01
6.197333e-01
6.200000e-01
6.202667e-01
6.205333e-01
6.208000e-01
6.210667e-01
6.213333e-01
6.216000e-01
6.218667e-01
6.221333e-01
6.224000e-01
6.226667e-01
6.229333e-01
6.232000e-01
6.234667e-01
6.237333e-01
6.240000e-01
6.242667e-01
6.245333e-01
6.248000e-01
6.250667e-01
6.253333e-01
6.256000e-01
6.258667e-01
6.261333e-01
6.264000e-01
6.266667e-01
6.269333e-01
6.272000e-01
6.274667e-01
6.277333e-01
6.280000e-01
6.282667e-01
6.285333e-01
6.288000e-01
6.290667e-01
6.293333e-01
6.296000e-01
6.298667e-01
6.301333e-01
6.304000e-01
6.306667e-01
6.309333e-01
6.312000e-01
6.314667e-01
6.317333e-01
6.320000e-01
6.322667e-01
6.325333e-01
6.328000e-01
6.330667e-01
6.333333e-01
6.356333e-01
6.379333e-01
6.402333e-01
6.425333e-01
6.448333e-01
6.471333e-01
6.494333e-01
6.517333e-01
6.540333e-01
6.563333e-01
6.586333e-01
6.609333e-01
6.632333e-01
6.655333e-01
6.678333e-01
6.701333e-01
6.724333e-01
6.747333e-01
6.770333e-01
6.793333e-01
6.816333e-01
6.839333e-01
6.862333e-01
6.885333e-01
6.908333e-01
6.931333e-01
6.954333e-01
6.977333e-01
7.000333e-01
7.023333e-01
7.046333e-01
7.069333e-01
7.092333e-01
7.115333e-01
7.138333e-01
7.161333e-01
7.184333e-01
7.207333e-01
7.230333e-01
7.253333e-01
7.276333e-01
7.299333e-01
7.322333e-01
7.345333e-01
7.368333e-01
7.391333e-01
7.414333e-01
7.437333e-01
7.460333e-01
7.483333e-01
7.506333e-01
7.529333e-01
7.552333e-01
7.575333e-01
7.598333e-01
7.621333e-01
7.644333e-01
7.667333e-01
7.690333e-01
7.713333e-01
7.736333e-01
7.759333e-01
7.782333e-01
7.805333e-01
7.828333e-01
7.851333e-01
7.874333e-01
7.897333e-01
7.920333e-01
7.943333e-01
7.966333e-01
7.989333e-01
8.012333e-01
8.035333e-01
8.058333e-01
8.081333e-01
8.104333e-01
8.127333e-01
8.150333e-01
8.173333e-01
8.196333e-01
8.219333e-01
8.242333e-01
8.265333e-01
8.288333e-01
8.311333e-01
8.334333e-01
8.357333e-01
8.380333e-01
8.403333e-01
8.426333e-01
8.449333e-01
8.472333e-01
8.495333e-01
8.518333e-01
8.541333e-01
8.564333e-01
8.587333e-01
8.610333e-01
8.633333e-01
8.642333e-01
8.651333e-01
8.660333e-01
8.669333e-01
8.678333e-01
8.687333e-01
8.696333e-01
8.705333e-01
8.714333e-01
8.723333e-01
8.732333e-01
8.741333e-01
8.750333e-01
8.759333e-01
8.768333e-01
8.777333e-01
8.786333e-01
8.795333e-01
8.804333e-01
8.813333e-01
8.822333e-01
8.831333e-01
8.840333e-01
8.849333e-01
8.858333e-01
8.867333e-01
8.876333e-01
8.885333e-01
8.894333e-01
8.903333e-01
8.912333e-01
8.921333e-01
8.930333e-01
8.939333e-01
8.948333e-01
8.957333e-01
8.966333e-01
8.975333e-01
8.984333e-01
8.993333e-01
9.002333e-01
9.011333e-01
9.020333e-01
9.029333e-01
9.038333e-01
9.047333e-01
9.056333e-01
9.065333e-01
9.074333e-01
9.083333e-01
9.092333e-01
9.101333e-01
9.110333e-01
9.119333e-01
9.128333e-01
9.137333e-01
9.146333e-01
9.155333e-01
9.164333e-01
9.173333e-01
9.182333e-01
9.191333e-01
9.200333e-01
9.209333e-01
9.218333e-01
9.227333e-01
9.236333e-01
9.245333e-01
9.254333e-01
9.263333e-01
9.272333e-01
9.281333e-01
9.290333e-01
9.299333e-01
9.308333e-01
9.317333e-01
9.326333e-01
9.335333e-01
9.344333e-01
9.353333e-01
9.362333e-01
9.371333e-01
9.380333e-01
9.389333e-01
9.398333e-01
9.407333e-01
9.416333e-01
9.425333e-01
9.434333e-01
9.443333e-01
9.452333e-01
9.461333e-01
9.470333e-01
9.479333e-01
9.488333e-01
9.497333e-01
9.506333e-01
9.515333e-01
9.524333e-01
9.533333e-01
9.540500e-01
9.547667e-01
9.554833e-01
9.562000e-01
9.569167e-01
9.576333e-01
9.583500e-01
9.590667e-01
9.597833e-01
9.605000e-01
9.612167e-01
9.619333e-01
9.626500e-01
9.633667e-01
9.640833e-01
9.648000e-01
9.655167e-01
9.662333e-01
9.669500e-01
9.676667e-01
9.683833e-01
9.691000e-01
9.698167e-01
9.705333e-01
9.712500e-01
9.719667e-01
9.726833e-01
9.734000e-01
9.741167e-01
9.748333e-01
9.755500e-01
9.762667e-01
9.769833e-01
9.777000e-01
9.784167e-01
9.791333e-01
9.798500e-01
9.805667e-01
9.812833e-01
9.820000e-01
9.827167e-01
9.834333e-01
9.841500e-01
9.848667e-01
9.855833e-01
9.863000e-01
9.870167e-01
9.877333e-01
9.884500e-01
9.891667e-01
9.898833e-01
9.906000e-01
9.913167e-01
9.920333e-01
9.927500e-01
9.934667e-01
9.941833e-01
9.949000e-01
9.956167e-01
9.963333e-01
9.970500e-01
9.977667e-01
9.984833e-01
9.992000e-01
9.999167e-01
1.000633e+00
1.001350e+00
1.002067e+00
1.002783e+00
1.003500e+00
1.004217e+00
1.004933e+00
1.005650e+00
1.006367e+00
1.007083e+00
1.007800e+00
1.008517e+00
1.009233e+00
1.009950e+00
1.010667e+00
1.011383e+00
1.012100e+00
1.012817e+00
1.013533e+00
1.014250e+00
1.014967e+00
1.015683e+00
1.016400e+00
1.017117e+00
1.017833e+00
1.018550e+00
1.019267e+00
1.019983e+00
1.020700e+00
1.021417e+00
1.022133e+00
1.022850e+00
1.023567e+00
1.024283e+00
1.025000e+00
1.025717e+00
1.026433e+00
1.027150e+00
1.027867e+00
1.028583e+00
1.029300e+00
1.030017e+00
1.030733e+00
1.031450e+00
1.032167e+00
1.032883e+00
1.033600e+00
1.034317e+00
1.035033e+00
1.035750e+00
1.036467e+00
1.037183e+00
1.037900e+00
1.038617e+00
1.039333e+00
1.040050e+00
1.040767e+00
1.041483e+00
1.042200e+00
1.042917e+00
1.043633e+00
1.044350e+00
1.045067e+00
1.045783e+00
1.046500e+00
1.047217e+00
1.047933e+00
1.048650e+00
1.049367e+00
1.050083e+00
1.050800e+00
1.051517e+00
1.052233e+00
1.052950e+00
1.053667e+00
1.054383e+00
1.055100e+00
1.055817e+00
1.056533e+00
1.057250e+00
1.057967e+00
1.058683e+00
1.059400e+00
1.060117e+00
1.060833e+00
1.061550e+00
1.062267e+00
1.062983e+00
1.063700e+00
1.064417e+00
1.065133e+00
1.065850e+00
1.066567e+00
1.067283e+00
1.068000e+00
1.068717e+00
1.069433e+00
1.070150e+00
1.070867e+00
1.071583e+00
1.072300e+00
1.073017e+00
1.073733e+00
1.074450e+00
1.075167e+00
1.075883e+00
1.076600e+00
1.077317e+00
1.078033e+00
1.078750e+00
1.079467e+00
1.080183e+00
1.080900e+00
1.081617e+00
1.082333e+00
1.083050e+00
1.083767e+00
1.084483e+00
1.085200e+00
1.085917e+00
1.086633e+00
1.087350e+00
1.088067e+00
1.088783e+00
1.089500e+00
1.090217e+00
1.090933e+00
1.091650e+00
1.092367e+00
1.093083e+00
1.093800e+00
1.094517e+00
1.095233e+00
1.095950e+00
1.096667e+00
1.097533e+00
1.098400e+00
1.099267e+00
1.100133e+00
1.101000e+00
1.101867e+00
1.102733e+00
1.103600e+00
1.104467e+00
1.105333e+00
1.106200e+00
1.107067e+00
1.107933e+00
1.108800e+00
1.109667e+00
1.110533e+00
1.111400e+00
1.112267e+00
1.113133e+00
1.114000e+00
1.114867e+00
1.115733e+00
1.116600e+00
1.117467e+00
1.118333e+00
1.119200e+00
1.120067e+00
1.120933e+00
1.121800e+00
1.122667e+00
1.123533e+00
1.124400e+00
1.125267e+00
1.126133e+00
1.127000e+00
1.127867e+00
1.128733e+00
1.129600e+00
1.130467e+00
1.131333e+00
1.132200e+00
1.133067e+00
1.133933e+00
1.134800e+00
1.135667e+00
1.136533e+00
1.137400e+00
1.138267e+00
1.139133e+00
1.140000e+00
1.140867e+00
1.141733e+00
1.142600e+00
1.143467e+00
1.144333e+00
1.145200e+00
1.146067e+00
1.146933e+00
1.147800e+00
1.148667e+00
1.149533e+00
1.150400e+00
1.151267e+00
1.152133e+00
1.153000e+00
1.153867e+00
1.154733e+00
1.155600e+00
1.156467e+00
1.157333e+00
1.158200e+00
1.159067e+00
1.159933e+00
1.160800e+00
1.161667e+00
1.162533e+00
1.163400e+00
1.164267e+00
1.165133e+00
1.166000e+00
1.166867e+00
1.167733e+00
1.168600e+00
1.169467e+00
1.170333e+00
1.171200e+00
1.172067e+00
1.172933e+00
1.173800e+00
1.174667e+00
1.175533e+00
1.176400e+00
1.177267e+00
1.178133e+00
1.179000e+00
1.179867e+00
1.180733e+00
1.181600e+00
1.182467e+00
1.183333e+00
1.197469e+00
1.211605e+00
1.225741e+00
1.239877e+00
1.254013e+00
1.268149e+00
1.282285e+00
1.296421e+00
1.310557e+00
1.324693e+00
1.338829e+00
1.352964e+00
1.367100e+00
1.381236e+00
1.395372e+00
1.409508e+00
1.423644e+00
1.437780e+00
1.451916e+00
1.466052e+00
1.480188e+00
1.494324e+00
1.508460e+00
1.522596e+00
1.536732e+00
1.550868e+00
1.565004e+00
1.579140e+00
1.593276e+00
1.607412e+00
1.621548e+00
1.635684e+00
1.649820e+00
1.663955e+00
1.678091e+00
1.692227e+00
1.706363e+00
1.720499e+00
1.734635e+00
1.748771e+00
1.762907e+00
1.777043e+00
1.791179e+00
1.805315e+00
1.819451e+00
1.833587e+00
1.847723e+00
1.861859e+00
1.875995e+00
1.890131e+00
1.904267e+00
1.918403e+00
1.932539e+00
1.946675e+00
1.960811e+00
1.974947e+00
1.989082e+00
2.003218e+00
2.017354e+00
2.031490e+00
2.045626e+00
2.059762e+00
2.073898e+00
2.088034e+00
2.102170e+00
2.116306e+00
2.130442e+00
2.144578e+00
2.158714e+00
2.172850e+00
2.186986e+00
2.201122e+00
2.215258e+00
2.229394e+00
2.243530e+00
2.257666e+00
2.271802e+00
2.285938e+00
2.300074e+00
2.314209e+00
2.328345e+00
2.342481e+00
2.356617e+00
2.370753e+00
2.384889e+00
2.399025e+00
2.413161e+00
2.427297e+00
2.441433e+00
2.455569e+00
2.469705e+00
2.483841e+00
2.497977e+00
2.512113e+00
2.526249e+00
2.540385e+00
2.554521e+00
2.568657e+00
2.582793e+00
2.596929e+00
2.611065e+00
2.625200e+00
2.639336e+00
2.653472e+00
2.667608e+00
2.681744e+00
2.695880e+00
2.710016e+00
2.724152e+00
2.738288e+00
2.752424e+00
2.766560e+00
2.780696e+00
2.794832e+00
2.808968e+00
2.823104e+00
2.837240e+00
2.851376e+00
2.865512e+00
2.879648e+00
2.893784e+00
2.907920e+00
2.922056e+00
2.936192e+00
2.950327e+00
2.964463e+00
2.978599e+00
2.992735e+00
3.006871e+00
3.021007e+00
3.035143e+00
3.049279e+00
3.063415e+00
3.077551e+00
3.091687e+00
3.105823e+00
3.119959e+00
3.134095e+00
3.148231e+00
3.162367e+00
3.176503e+00
3.190639e+00
3.204775e+00
3.218911e+00
3.233047e+00
3.247183e+00
3.261318e+00
3.275454e+00
3.289590e+00
3.303726e+00
3.317862e+00
3.331998e+00
3.346134e+00
3.360270e+00
3.374406e+00
3.388542e+00
3.402678e+00
3.416814e+00
3.430950e+00
3.445086e+00
3.459222e+00
3.473358e+00
3.487494e+00
3.501630e+00
3.515766e+00
3.529902e+00
3.544038e+00
3.558174e+00
3.572310e+00
3.586445e+00
3.600581e+00
3.614717e+00
3.628853e+00
3.642989e+00
3.657125e+00
3.671261e+00
3.685397e+00
3.699533e+00
3.713669e+00
3.727805e+00
3.741941e+00
3.756077e+00
3.770213e+00
3.784349e+00
3.798485e+00
3.812621e+00
3.826757e+00
3.840893e+00
3.855029e+00
3.869165e+00
3.883301e+00
3.897437e+00
3.911572e+00
3.925708e+00
3.939844e+00
3.953980e+00
3.968116e+00
3.982252e+00
3.996388e+00
4.010524e+00
4.024660e+00
4.038796e+00
4.052932e+00
4.067068e+00
4.081204e+00
4.095340e+00
4.109476e+00
4.123612e+00
4.137748e+00
4.151884e+00
4.166020e+00
4.180156e+00
4.194292e+00
4.208428e+00
4.222563e+00
4.236699e+00
4.250835e+00
4.264971e+00
4.279107e+00
4.293243e+00
4.307379e+00
4.321515e+00
4.335651e+00
4.349787e+00
4.363923e+00
4.378059e+00
4.392195e+00
4.406331e+00
4.420467e+00
4.434603e+00
4.448739e+00
4.462875e+00
4.477011e+00
4.491147e+00
4.505283e+00
4.519419e+00
4.533555e+00
4.547690e+00
4.561826e+00
4.575962e+00
4.590098e+00
4.604234e+00
4.618370e+00
4.632506e+00
4.646642e+00
4.660778e+00
4.674914e+00
4.689050e+00
4.703186e+00
4.717322e+00
4.731458e+00
4.745594e+00
4.759730e+00
4.773866e+00
4.788002e+00
4.802138e+00
4.816274e+00
4.830410e+00
4.844546e+00
4.858682e+00
4.872817e+00
4.886953e+00
4.901089e+00
4.915225e+00
4.929361e+00
4.943497e+00
4.957633e+00
4.971769e+00
4.985905e+00
5.000041e+00
5.014177e+00
5.028313e+00
5.042449e+00
5.056585e+00
5.070721e+00
5.084857e+00
5.098993e+00
5.113129e+00
5.127265e+00
5.141401e+00
5.155537e+00
5.169673e+00
5.183808e+00
5.197944e+00
5.212080e+00
5.226216e+00
5.240352e+00
5.254488e+00
5.268624e+00
5.282760e+00
5.296896e+00
5.311032e+00
5.325168e+00
5.339304e+00
5.353440e+00
5.367576e+00
5.381712e+00
5.395848e+00
5.409984e+00
5.424120e+00
5.438256e+00
5.452392e+00
5.466528e+00
5.480664e+00
5.494800e+00
5.508935e+00
5.523071e+00
5.537207e+00
5.551343e+00
5.565479e+00
5.579615e+00
5.593751e+00
5.607887e+00
5.622023e+00
5.636159e+00
5.650295e+00
5.664431e+00
5.678567e+00
5.692703e+00
5.706839e+00
5.720975e+00
5.735111e+00
5.749247e+00
5.763383e+00
5.777519e+00
5.791655e+00
5.805791e+00
5.819926e+00
5.834062e+00
5.848198e+00
5.862334e+00
5.876470e+00
5.890606e+00
5.904742e+00
5.918878e+00
5.933014e+00
5.947150e+00
5.961286e+00
5.975422e+00
5.989558e+00
6.003694e+00
6.017830e+00
6.031966e+00
6.046102e+00
6.060238e+00
6.074374e+00
6.088510e+00
6.102646e+00
6.116782e+00
6.130918e+00
6.145053e+00
6.159189e+00
6.173325e+00
6.187461e+00
6.201597e+00
6.215733e+00
6.229869e+00
6.244005e+00
6.258141e+00
6.272277e+00
6.286413e+00
6.300549e+00
6.314685e+00
6.328821e+00
6.342957e+00
6.357093e+00
6.371229e+00
6.385365e+00
6.399501e+00
6.413637e+00
6.427773e+00
6.441909e+00
6.456045e+00
6.470180e+00
6.484316e+00
6.498452e+00
6.512588e+00
6.526724e+00
6.540860e+00
6.554996e+00
6.569132e+00
6.583268e+00
6.597404e+00
6.611540e+00
6.625676e+00
6.639812e+00
6.653948e+00
6.668084e+00
6.682220e+00
6.696356e+00
6.710492e+00
6.724628e+00
6.738764e+00
6.752900e+00
6.767036e+00
6.781171e+00
6.795307e+00
6.809443e+00
6.823579e+00
6.837715e+00
6.851851e+00
6.865987e+00
6.880123e+00
6.894259e+00
6.908395e+00
6.922531e+00
6.936667e+00
6.943422e+00
6.950178e+00
6.956933e+00
6.963689e+00
6.970444e+00
6.977200e+00
6.983956e+00
6.990711e+00
6.997467e+00
7.004222e+00
7.010978e+00
7.017733e+00
7.024489e+00
7.031244e+00
7.038000e+00
7.044756e+00
7.051511e+00
7.058267e+00
7.065022e+00
7.071778e+00
7.078533e+00
7.085289e+00
7.092044e+00
7.098800e+00
7.105556e+00
7.112311e+00
7.119067e+00
7.125822e+00
7.132578e+00
7.139333e+00
7.146089e+00
7.152844e+00
7.159600e+00
7.166356e+00
7.173111e+00
7.179867e+00
7.186622e+00
7.193378e+00
7.200133e+00
7.206889e+00
7.213644e+00
7.220400e+00
7.227156e+00
7.233911e+00
7.240667e+00
7.247422e+00
7.254178e+00
7.260933e+00
7.267689e+00
7.274444e+00
7.281200e+00
7.287956e+00
7.294711e+00
7.301467e+00
7.308222e+00
7.314978e+00
7.321733e+00
7.328489e+00
7.335244e+00
7.342000e+00
7.348756e+00
7.355511e+00
7.362267e+00
7.369022e+00
7.375778e+00
7.382533e+00
7.389289e+00
7.396044e+00
7.402800e+00
7.409556e+00
7.416311e+00
7.423067e+00
7.429822e+00
7.436578e+00
7.443333e+00
7.450089e+00
7.456844e+00
7.463600e+00
7.470356e+00
7.477111e+00
7.483867e+00
7.490622e+00
7.497378e+00
7.504133e+00
7.510889e+00
7.517644e+00
7.524400e+00
7.531156e+00
7.537911e+00
7.544667e+00
7.551422e+00
7.558178e+00
7.564933e+00
7.571689e+00
7.578444e+00
7.585200e+00
7.591956e+00
7.598711e+00
7.605467e+00
7.612222e+00
7.618530e+00
7.624837e+00
7.631144e+00
7.637452e+00
7.643759e+00
7.650066e+00
7.656374e+00
7.662681e+00
7.668988e+00
7.675296e+00
7.681603e+00
7.687910e+00
7.694218e+00
7.700525e+00
7.706832e+00
7.713140e+00
7.719447e+00
7.725755e+00
7.732062e+00
7.738369e+00
7.744677e+00
7.750984e+00
7.757291e+00
7.763599e+00
7.769906e+00
7.776213e+00
7.782521e+00
7.788828e+00
7.795135e+00
7.801443e+00
7.807750e+00
7.814058e+00
7.820365e+00
7.826672e+00
7.832980e+00
7.839287e+00
7.845594e+00
7.851902e+00
7.858209e+00
7.864516e+00
7.870824e+00
7.877131e+00
7.883438e+00
7.889746e+00
7.896053e+00
7.902360e+00
7.908668e+00
7.914975e+00
7.921282e+00
7.927590e+00
7.933897e+00
7.940205e+00
7.946512e+00
7.952819e+00
7.959127e+00
7.965434e+00
7.971741e+00
7.978049e+00
7.984356e+00
7.990663e+00
7.996971e+00
8.003278e+00
8.009585e+00
8.015893e+00
8.022200e+00
8.028507e+00
8.034815e+00
8.041122e+00
8.047430e+00
8.053737e+00
8.060044e+00
8.066352e+00
8.072659e+00
8.078966e+00
8.085274e+00
8.091581e+00
8.097888e+00
8.104196e+00
8.110503e+00
8.116810e+00
8.123118e+00
8.129425e+00
8.135732e+00
8.142040e+00
8.148347e+00
8.154654e+00
8.160962e+00
8.167269e+00
8.173577e+00
8.179884e+00
8.186191e+00
8.192499e+00
8.198806e+00
8.205113e+00
8.211421e+00
8.217728e+00
8.224035e+00
8.230343e+00
8.236650e+00
8.242957e+00
8.249265e+00
8.255572e+00
8.261880e+00
8.268187e+00
8.274494e+00
8.280802e+00
8.287109e+00
8.293416e+00
8.299724e+00
8.306031e+00
8.312338e+00
8.318646e+00
8.324953e+00
8.331260e+00
8.337568e+00
8.343875e+00
8.350182e+00
8.356490e+00
8.362797e+00
8.369104e+00
8.375412e+00
8.381719e+00
8.388027e+00
8.394334e+00
8.400641e+00
8.406948e+00
8.413256e+00
8.419563e+00
8.425871e+00
8.432178e+00
8.438485e+00
8.444793e+00
8.451100e+00
8.457408e+00
8.463715e+00
8.470022e+00
8.476329e+00
8.482637e+00
8.488944e+00
8.495252e+00
8.501559e+00
8.507866e+00
8.514174e+00
8.520481e+00
8.526788e+00
8.533096e+00
8.539403e+00
8.545710e+00
8.552018e+00
8.558325e+00
8.564632e+00
8.570940e+00
8.577247e+00
8.583555e+00
8.589862e+00
8.596169e+00
8.602476e+00
8.608784e+00
8.615091e+00
8.621399e+00
8.627706e+00
8.634013e+00
8.640320e+00
8.646628e+00
8.652935e+00
8.659243e+00
8.665550e+00
8.671857e+00
8.678165e+00
8.684472e+00
8.690780e+00
8.697087e+00
8.703394e+00
8.709701e+00
8.716009e+00
8.722316e+00
8.728624e+00
8.734931e+00
8.741238e+00
8.747546e+00
8.753853e+00
8.760160e+00
8.766468e+00
8.772775e+00
8.779082e+00
8.785390e+00
8.791697e+00
8.798004e+00
8.804312e+00
8.810619e+00
8.816927e+00
8.823234e+00
8.829541e+00
8.835848e+00
8.842156e+00
8.848463e+00
8.854771e+00
8.861078e+00
8.867385e+00
8.873692e+00
8.880000e+00
8.886644e+00
8.893289e+00
8.899934e+00
8.906578e+00
8.913223e+00
8.919868e+00
8.926512e+00
8.933157e+00
8.939801e+00
8.946446e+00
8.953091e+00
8.959735e+00
8.966380e+00
8.973024e+00
8.979669e+00
8.986313e+00
8.992958e+00
8.999603e+00
9.006247e+00
9.012892e+00
9.019536e+00
9.026181e+00
9.032826e+00
9.039470e+00
9.046115e+00
9.052760e+00
9.059404e+00
9.066048e+00
9.072693e+00
9.079338e+00
9.085982e+00
9.092627e+00
9.099272e+00
9.105916e+00
9.112561e+00
9.119205e+00
9.125850e+00
9.132495e+00
9.139139e+00
9.145784e+00
9.152428e+00
9.159073e+00
9.165717e+00
9.172362e+00
9.179007e+00
9.185651e+00
9.192296e+00
9.198940e+00
9.205585e+00
9.212230e+00
9.218874e+00
9.225519e+00
9.232164e+00
9.238808e+00
9.245452e+00
9.252097e+00
9.258742e+00
9.265386e+00
9.272031e+00
9.278676e+00
9.285320e+00
9.291965e+00
9.298609e+00
9.305254e+00
9.311899e+00
9.318543e+00
9.325188e+00
9.331832e+00
9.338477e+00
9.345121e+00
9.351766e+00
9.358411e+00
9.365055e+00
9.371700e+00
9.378344e+00
9.384989e+00
9.391633e+00
9.398278e+00
9.404923e+00
9.411567e+00
9.418212e+00
9.424856e+00
9.431501e+00
9.438146e+00
9.444790e+00
9.451435e+00
9.458080e+00
9.464724e+00
9.471368e+00
9.478013e+00
9.484658e+00
9.491302e+00
9.497947e+00
9.504592e+00
9.511236e+00
9.517881e+00
9.524525e+00
9.531170e+00
9.537815e+00
9.544459e+00
9.551104e+00
9.557748e+00
9.564393e+00
9.571037e+00
9.577682e+00
9.584327e+00
9.590971e+00
9.597616e+00
9.604260e+00
9.610905e+00
9.617550e+00
9.624194e+00
9.630839e+00
9.637484e+00
9.644128e+00
9.650772e+00
9.657417e+00
9.664062e+00
9.670706e+00
9.677351e+00
9.683996e+00
9.690640e+00
9.697285e+00
9.703929e+00
9.710574e+00
9.717219e+00
9.723863e+00
9.730508e+00
9.737152e+00
9.743797e+00
9.750441e+00
9.757086e+00
9.763731e+00
9.770375e+00
9.777020e+00
9.783664e+00
9.790309e+00
9.796954e+00
9.803598e+00
9.810243e+00
9.816888e+00
9.823532e+00
9.830176e+00
9.836821e+00
9.843466e+00
9.850110e+00
9.856755e+00
9.863400e+00
9.870044e+00
9.876689e+00
9.883333e+00
9.889978e+00
9.896623e+00
9.903267e+00
9.909912e+00
9.916556e+00
9.923201e+00
9.929845e+00
9.936490e+00
9.943135e+00
9.949779e+00
9.956424e+00
9.963068e+00
9.969713e+00
9.976358e+00
9.983002e+00
9.989647e+00
9.996292e+00
1.000294e+01
1.000958e+01
1.001623e+01
1.002287e+01
1.002951e+01
1.003616e+01
1.004280e+01
1.004945e+01
1.005609e+01
1.006274e+01
1.006938e+01
1.007603e+01
1.008267e+01
1.008932e+01
1.009596e+01
1.010260e+01
1.010925e+01
1.011589e+01
1.012254e+01
1.012918e+01
1.013583e+01
1.014247e+01
1.014912e+01
1.015576e+01
1.016241e+01
1.016905e+01
1.017570e+01
1.018234e+01
1.018898e+01
1.019563e+01
1.020227e+01
1.020892e+01
1.021556e+01
1.022221e+01
1.022885e+01
1.023550e+01
1.024214e+01
1.024879e+01
1.025543e+01
1.026208e+01
1.026872e+01
1.027536e+01
1.028201e+01
1.028865e+01
1.029530e+01
1.030194e+01
1.030859e+01
1.031523e+01
1.032188e+01
1.032852e+01
1.033517e+01
1.034181e+01
1.034845e+01
1.035510e+01
1.036174e+01
1.036839e+01
1.037503e+01
1.038168e+01
1.038832e+01
1.039497e+01
1.040161e+01
1.040826e+01
1.041490e+01
1.042155e+01
1.042819e+01
1.043483e+01
1.044148e+01
1.044812e+01
1.045477e+01
1.046141e+01
1.046806e+01
1.047470e+01
1.048135e+01
1.048799e+01
1.049464e+01
1.050128e+01
1.050792e+01
1.051457e+01
1.052121e+01
1.052786e+01
1.053450e+01
1.054115e+01
1.054779e+01
1.055444e+01
1.056108e+01
1.056773e+01
1.057437e+01
1.058102e+01
1.058766e+01
1.059430e+01
1.060095e+01
1.060759e+01
1.061424e+01
1.062088e+01
1.062753e+01
1.063417e+01
1.064082e+01
1.064746e+01
1.065411e+01
1.066075e+01
1.066740e+01
1.067404e+01
1.068068e+01
1.068733e+01
1.069397e+01
1.070062e+01
1.070726e+01
1.071391e+01
1.072055e+01
1.072720e+01
1.073384e+01
1.074049e+01
1.074713e+01
1.075377e+01
1.076042e+01
1.076706e+01
1.077371e+01
1.078035e+01
1.078700e+01
1.079364e+01
1.080029e+01
1.080693e+01
1.081358e+01
1.082022e+01
1.082687e+01
1.083351e+01
1.084015e+01
1.084680e+01
1.085344e+01
1.086009e+01
1.086673e+01
1.087338e+01
1.088002e+01
1.088667e+01
1.089359e+01
1.090052e+01
1.090745e+01
1.091437e+01
1.092130e+01
1.092823e+01
1.093515e+01
1.094208e+01
1.094900e+01
1.095593e+01
1.096286e+01
1.096978e+01
1.097671e+01
1.098364e+01
1.099056e+01
1.099749e+01
1.100442e+01
1.101134e+01
1.101827e+01
1.102520e+01
1.103212e+01
1.103905e+01
1.104598e+01
1.105290e+01
1.105983e+01
1.106676e+01
1.107368e+01
1.108061e+01
1.108753e+01
1.109446e+01
1.110139e+01
1.110831e+01
1.111524e+01
1.112217e+01
1.112909e+01
1.113602e+01
1.114295e+01
1.114987e+01
1.115680e+01
1.116373e+01
1.117065e+01
1.117758e+01
1.118451e+01
1.119143e+01
1.119836e+01
1.120528e+01
1.121221e+01
1.121914e+01
1.122606e+01
1.123299e+01
1.123992e+01
1.124684e+01
1.125377e+01
1.126070e+01
1.126762e+01
1.127455e+01
1.128148e+01
1.128840e+01
1.129533e+01
1.130226e+01
1.130918e+01
1.131611e+01
1.132303e+01
1.132996e+01
1.133689e+01
1.134381e+01
1.135074e+01
1.135767e+01
1.136459e+01
1.137152e+01
1.137845e+01
1.138537e+01
1.139230e+01
1.139923e+01
1.140615e+01
1.141308e+01
1.142001e+01
1.142693e+01
1.143386e+01
1.144078e+01
1.144771e+01
1.145464e+01
1.146156e+01
1.146849e+01
1.147542e+01
1.148234e+01
1.148927e+01
1.149620e+01
1.150312e+01
1.151005e+01
1.151698e+01
1.152390e+01
1.153083e+01
1.153776e+01
1.154468e+01
1.155161e+01
1.155854e+01
1.156546e+01
1.157239e+01
1.157931e+01
1.158624e+01
1.159317e+01
1.160009e+01
1.160702e+01
1.161395e+01
1.162087e+01
1.162780e+01
1.163473e+01
1.164165e+01
1.164858e+01
1.165551e+01
1.166243e+01
1.166936e+01
1.167629e+01
1.168321e+01
1.169014e+01
1.169706e+01
1.170399e+01
1.171092e+01
1.171784e+01
1.172477e+01
1.173170e+01
1.173862e+01
1.174555e+01
1.175248e+01
1.175940e+01
1.176633e+01
1.177326e+01
1.178018e+01
1.178711e+01
1.179404e+01
1.180096e+01
1.180789e+01
1.181481e+01
1.182174e+01
1.182867e+01
1.183559e+01
1.184252e+01
1.184945e+01
1.185637e+01
1.186330e+01
1.187023e+01
1.187715e+01
1.188408e+01
1.189101e+01
1.189793e+01
1.190486e+01
1.191179e+01
1.191871e+01
1.192564e+01
1.193256e+01
1.193949e+01
1.194642e+01
1.195334e+01
1.196027e+01
1.196720e+01
1.197412e+01
1.198105e+01
1.198798e+01
1.199490e+01
1.200183e+01
1.200876e+01
1.201568e+01
1.202261e+01
1.202954e+01
1.203646e+01
1.204339e+01
1.205032e+01
1.205724e+01
1.206417e+01
1.207109e+01
1.207802e+01
1.208495e+01
1.209187e+01
1.209880e+01
1.210573e+01
1.211265e+01
1.211958e+01
1.212651e+01
1.213343e+01
1.214036e+01
1.214729e+01
1.215421e+01
1.216114e+01
1.216807e+01
1.217499e+01
1.218192e+01
1.218884e+01
1.219577e+01
1.220270e+01
1.220962e+01
1.221655e+01
1.222348e+01
1.223040e+01
1.223733e+01
1.224426e+01
1.225118e+01
1.225811e+01
1.226504e+01
1.227196e+01
1.227889e+01
1.228588e+01
1.229287e+01
1.229987e+01
1.230686e+01
1.231385e+01
1.232085e+01
1.232784e+01
1.233483e+01
1.234182e+01
1.234882e+01
1.235581e+01
1.236280e+01
1.236980e+01
1.237679e+01
1.238378e+01
1.239077e+01
1.239777e+01
1.240476e+01
1.241175e+01
1.241875e+01
1.242574e+01
1.243273e+01
1.243972e+01
1.244672e+01
1.245371e+01
1.246070e+01
1.246769e+01
1.247469e+01
1.248168e+01
1.248867e+01
1.249567e+01
1.250266e+01
1.250965e+01
1.251664e+01
1.252364e+01
1.253063e+01
1.253762e+01
1.254462e+01
1.255161e+01
1.255860e+01
1.256559e+01
1.257259e+01
1.257958e+01
1.258657e+01
1.259357e+01
1.260056e+01
1.260755e+01
1.261454e+01
1.262154e+01
1.262853e+01
1.263552e+01
1.264252e+01
1.264951e+01
1.265650e+01
1.266349e+01
1.267049e+01
1.267748e+01
1.268447e+01
1.269146e+01
1.269846e+01
1.270545e+01
1.271244e+01
1.271944e+01
1.272643e+01
1.273342e+01
1.274041e+01
1.274741e+01
1.275440e+01
1.276139e+01
1.276839e+01
1.277538e+01
1.278237e+01
1.278936e+01
1.279636e+01
1.280335e+01
1.281034e+01
1.281734e+01
1.282433e+01
1.283132e+01
1.283831e+01
1.284531e+01
1.285230e+01
1.285929e+01
1.286629e+01
1.287328e+01
1.288027e+01
1.288726e+01
1.289426e+01
1.290125e+01
1.290824e+01
1.291524e+01
1.292223e+01
1.292922e+01
1.293621e+01
1.294321e+01
1.295020e+01
1.295719e+01
1.296418e+01
1.297118e+01
1.297817e+01
1.298516e+01
1.299216e+01
1.299915e+01
1.300614e+01
1.301313e+01
1.302013e+01
1.302712e+01
1.303411e+01
1.304111e+01
1.304810e+01
1.305509e+01
1.306208e+01
1.306908e+01
1.307607e+01
1.308306e+01
1.309006e+01
1.309705e+01
1.310404e+01
1.311103e+01
1.311803e+01
1.312502e+01
1.313201e+01
1.313900e+01
1.314600e+01
1.315299e+01
1.315998e+01
1.316698e+01
1.317397e+01
1.318096e+01
1.318795e+01
1.319495e+01
1.320194e+01
1.320893e+01
1.321593e+01
1.322292e+01
1.322991e+01
1.323690e+01
1.324390e+01
1.325089e+01
1.325788e+01
1.326488e+01
1.327187e+01
1.327886e+01
1.328585e+01
1.329285e+01
1.329984e+01
1.330683e+01
1.331383e+01
1.332082e+01
1.332781e+01
1.333480e+01
1.334180e+01
1.334879e+01
1.335578e+01
1.336278e+01
1.336977e+01
1.337676e+01
1.338375e+01
1.339075e+01
1.339774e+01
1.340473e+01
1.341172e+01
1.341872e+01
1.342571e+01
1.343270e+01
1.343970e+01
1.344669e+01
1.345368e+01
1.346067e+01
1.346767e+01
1.347466e+01
1.348165e+01
1.348865e+01
1.349564e+01
1.350263e+01
1.350962e+01
1.351662e+01
1.352361e+01
1.353060e+01
1.353760e+01
1.354459e+01
1.355158e+01
1.355857e+01
1.356557e+01
1.357256e+01
1.357955e+01
1.358654e+01
1.359354e+01
1.360053e+01
1.360752e+01
1.361452e+01
1.362151e+01
1.362850e+01
1.363549e+01
1.364249e+01
1.364948e+01
1.365647e+01
1.366347e+01
1.367046e+01
1.367745e+01
1.368444e+01
1.369163e+01
1.369882e+01
1.370601e+01
1.371320e+01
1.372039e+01
1.372758e+01
1.373477e+01
1.374196e+01
1.374915e+01
1.375634e+01
1.376352e+01
1.377071e+01
1.377790e+01
1.378509e+01
1.379228e+01
1.379947e+01
1.380666e+01
1.381385e+01
1.382104e+01
1.382823e+01
1.383542e+01
1.384260e+01
1.384979e+01
1.385698e+01
1.386417e+01
1.387136e+01
1.387855e+01
1.388574e+01
1.389293e+01
1.390012e+01
1.390731e+01
1.391450e+01
1.392168e+01
1.392887e+01
1.393606e+01
1.394325e+01
1.395044e+01
1.395763e+01
1.396482e+01
1.397201e+01
1.397920e+01
1.398639e+01
1.399358e+01
1.400077e+01
1.400795e+01
1.401514e+01
1.402233e+01
1.402952e+01
1.403671e+01
1.404390e+01
1.405109e+01
1.405828e+01
1.406547e+01
1.407266e+01
1.407985e+01
1.408703e+01
1.409422e+01
1.410141e+01
1.410860e+01
1.411579e+01
1.412298e+01
1.413017e+01
1.413736e+01
1.414455e+01
1.415174e+01
1.415893e+01
1.416611e+01
1.417330e+01
1.418049e+01
1.418768e+01
1.419487e+01
1.420206e+01
1.420925e+01
1.421644e+01
1.422363e+01
1.423082e+01
1.423801e+01
1.424520e+01
1.425238e+01
1.425957e+01
1.426676e+01
1.427395e+01
1.428114e+01
1.428833e+01
1.429552e+01
1.430271e+01
1.430990e+01
1.431709e+01
1.432428e+01
1.433146e+01
1.433865e+01
1.434584e+01
1.435303e+01
1.436022e+01
1.436741e+01
1.437460e+01
1.438179e+01
1.438898e+01
1.439617e+01
1.440336e+01
1.441054e+01
1.441773e+01
1.442492e+01
1.443211e+01
1.443930e+01
1.444649e+01
1.445368e+01
1.446087e+01
1.446806e+01
1.447525e+01
1.448244e+01
1.448962e+01
1.449681e+01
1.450400e+01
1.451119e+01
1.451838e+01
1.452557e+01
1.453276e+01
1.453995e+01
1.454714e+01
1.455433e+01
1.456152e+01
1.456870e+01
1.457589e+01
1.458308e+01
1.459027e+01
1.459746e+01
1.460465e+01
1.461184e+01
1.461903e+01
1.462622e+01
1.463341e+01
1.464060e+01
1.464779e+01
1.465497e+01
1.466216e+01
1.466935e+01
1.467654e+01
1.468373e+01
1.469092e+01
1.469811e+01
1.470530e+01
1.471249e+01
1.471968e+01
1.472687e+01
1.473405e+01
1.474124e+01
1.474843e+01
1.475562e+01
1.476281e+01
1.477000e+01
1.477719e+01
1.478438e+01
1.479157e+01
1.479876e+01
1.480595e+01
1.481313e+01
1.482032e+01
1.482751e+01
1.483470e+01
1.484189e+01
1.484908e+01
1.485627e+01
1.486346e+01
1.487065e+01
1.487784e+01
1.488503e+01
1.489221e+01
1.489940e+01
1.490659e+01
1.491378e+01
1.492097e+01
1.492816e+01
1.493535e+01
1.494254e+01
1.494973e+01
1.495692e+01
1.496411e+01
1.497130e+01
1.497848e+01
1.498567e+01
1.499286e+01
1.500005e+01
1.500724e+01
1.501443e+01
1.502162e+01
1.502881e+01
1.503600e+01
1.504319e+01
1.505038e+01
1.505756e+01
1.506475e+01
1.507194e+01
1.507913e+01
1.508632e+01
1.509351e+01
1.510070e+01
1.510789e+01
1.511508e+01
1.512227e+01
1.512946e+01
1.513664e+01
1.514383e+01
1.515102e+01
1.515821e+01
1.516540e+01
1.517259e+01
1.517978e+01
1.518697e+01
1.519416e+01
1.520135e+01
1.520854e+01
1.521572e+01
1.522291e+01
1.523010e+01
1.523729e+01
1.524448e+01
1.525167e+01
1.525886e+01
1.526605e+01
1.527324e+01
1.528043e+01
1.528762e+01
1.529480e+01
1.530199e+01
1.530918e+01
1.531637e+01
1.532356e+01
1.533075e+01
1.533794e+01
1.534513e+01
1.535232e+01
1.535951e+01
1.536670e+01
1.537389e+01
1.538107e+01
1.538826e+01
1.539545e+01
1.540264e+01
1.540983e+01
1.541702e+01
1.542421e+01
1.543140e+01
1.543859e+01
1.544578e+01
1.545297e+01
1.546015e+01
1.546734e+01
1.547453e+01
1.548172e+01
1.548891e+01
1.549610e+01
1.550329e+01
1.551048e+01
1.551767e+01
1.552486e+01
1.553205e+01
1.553923e+01
1.554642e+01
1.555361e+01
1.556080e+01
1.556799e+01
1.557518e+01
1.558237e+01
1.558956e+01
1.559675e+01
1.560394e+01
1.561113e+01
1.561832e+01
1.562550e+01
1.563269e+01
1.563988e+01
1.564707e+01
1.565426e+01
1.566145e+01
1.566864e+01
1.567583e+01
1.568302e+01
1.569021e+01
1.569740e+01
1.570458e+01
1.571177e+01
1.571896e+01
1.572615e+01
1.573334e+01
1.574053e+01
1.574772e+01
1.575491e+01
1.576210e+01
1.576929e+01
1.577648e+01
1.578366e+01
1.579085e+01
1.579804e+01
1.580523e+01
1.581242e+01
1.581961e+01
1.582680e+01
1.583399e+01
1.584118e+01
1.584837e+01
1.585556e+01
1.586288e+01
1.587021e+01
1.587753e+01
1.588486e+01
1.589219e+01
1.589951e+01
1.590684e+01
1.591417e+01
1.592149e+01
1.592882e+01
1.593614e+01
1.594347e+01
1.595080e+01
1.595812e+01
1.596545e+01
1.597278e+01
1.598010e+01
1.598743e+01
1.599475e+01
1.600208e+01
1.600941e+01
1.601673e+01
1.602406e+01
1.603139e+01
1.603871e+01
1.604604e+01
1.605336e+01
1.606069e+01
1.606802e+01
1.607534e+01
1.608267e+01
1.609000e+01
1.609732e+01
1.610465e+01
1.611197e+01
1.611930e+01
1.612663e+01
1.613395e+01
1.614128e+01
1.614861e+01
1.615593e+01
1.616326e+01
1.617058e+01
1.617791e+01
1.618524e+01
1.619256e+01
1.619989e+01
1.620722e+01
1.621454e+01
1.622187e+01
1.622919e+01
1.623652e+01
1.624385e+01
1.625117e+01
1.625850e+01
1.626583e+01
1.627315e+01
1.628048e+01
1.628780e+01
1.629513e+01
1.630246e+01
1.630978e+01
1.631711e+01
1.632444e+01
1.633176e+01
1.633909e+01
1.634641e+01
1.635374e+01
1.636107e+01
1.636839e+01
1.637572e+01
1.638305e+01
1.639037e+01
1.639770e+01
1.640502e+01
1.641235e+01
1.641968e+01
1.642700e+01
1.643433e+01
1.644166e+01
1.644898e+01
1.645631e+01
1.646363e+01
1.647096e+01
1.647829e+01
1.648561e+01
1.649294e+01
1.650027e+01
1.650759e+01
1.651492e+01
1.652224e+01
1.652957e+01
1.653690e+01
1.654422e+01
1.655155e+01
1.655888e+01
1.656620e+01
1.657353e+01
1.658085e+01
1.658818e+01
1.659551e+01
1.660283e+01
1.661016e+01
1.661749e+01
1.662481e+01
1.663214e+01
1.663946e+01
1.664679e+01
1.665412e+01
1.666144e+01
1.666877e+01
1.667610e+01
1.668342e+01
1.669075e+01
1.669807e+01
1.670540e+01
1.671273e+01
1.672005e+01
1.672738e+01
1.673471e+01
1.674203e+01
1.674936e+01
1.675668e+01
1.676401e+01
1.677134e+01
1.677866e+01
1.678599e+01
1.679332e+01
1.680064e+01
1.680797e+01
1.681529e+01
1.682262e+01
1.682995e+01
1.683727e+01
1.684460e+01
1.685193e+01
1.685925e+01
1.686658e+01
1.687390e+01
1.688123e+01
1.688856e+01
1.689588e+01
1.690321e+01
1.691054e+01
1.691786e+01
1.692519e+01
1.693251e+01
1.693984e+01
1.694717e+01
1.695449e+01
1.696182e+01
1.696915e+01
1.697647e+01
1.698380e+01
1.699112e+01
1.699845e+01
1.700578e+01
1.701310e+01
1.702043e+01
1.702776e+01
1.703508e+01
1.704241e+01
1.704973e+01
1.705706e+01
1.706439e+01
1.707171e+01
1.707904e+01
1.708637e+01
1.709369e+01
1.710102e+01
1.710834e+01
1.711567e+01
1.712300e+01
1.713032e+01
1.713765e+01
1.714498e+01
1.715230e+01
1.715963e+01
1.716695e+01
1.717428e+01
1.718161e+01
1.718893e+01
1.719626e+01
1.720359e+01
1.721091e+01
1.721824e+01
1.722556e+01
1.723289e+01
1.724022e+01
1.724754e+01
1.725487e+01
1.726220e+01
1.726952e+01
1.727685e+01
1.728417e+01
1.729150e+01
1.729883e+01
1.730615e+01
1.731348e+01
1.732081e+01
1.732813e+01
1.733546e+01
1.734278e+01
1.735011e+01
1.735744e+01
1.736476e+01
1.737209e+01
1.737942e+01
1.738674e+01
1.739407e+01
1.740139e+01
1.740872e+01
1.741605e+01
1.742337e+01
1.743070e+01
1.743803e+01
1.744535e+01
1.745268e+01
1.746000e+01
1.746733e+01
1.747466e+01
1.748198e+01
1.748931e+01
1.749664e+01
1.750396e+01
1.751129e+01
1.751861e+01
1.752594e+01
1.753327e+01
1.754059e+01
1.754792e+01
1.755525e+01
1.756257e+01
1.756990e+01
1.757722e+01
1.758455e+01
1.759188e+01
1.759920e+01
1.760653e+01
1.761386e+01
1.762118e+01
1.762851e+01
1.763583e+01
1.764316e+01
1.765049e+01
1.765781e+01
1.766514e+01
1.767247e+01
1.767979e+01
1.768712e+01
1.769444e+01
1.770177e+01
1.770910e+01
1.771642e+01
1.772375e+01
1.773108e+01
1.773840e+01
1.774573e+01
1.775305e+01
1.776038e+01
1.776771e+01
1.777503e+01
1.778236e+01
1.778969e+01
1.779701e+01
1.780434e+01
1.781166e+01
1.781899e+01
1.782632e+01
1.783364e+01
1.784097e+01
1.784830e+01
1.785562e+01
1.786295e+01
1.787027e+01
1.787760e+01
1.788493e+01
1.789225e+01
1.789958e+01
1.790691e+01
1.791423e+01
1.792156e+01
1.792888e+01
1.793621e+01
1.794354e+01
1.795086e+01
1.795819e+01
1.796552e+01
1.797284e+01
1.798017e+01
1.798749e+01
1.799482e+01
1.800215e+01
1.800947e+01
1.801680e+01
1.802413e+01
1.803145e+01
1.803878e+01
1.804610e+01
1.805343e+01
1.806076e+01
1.806808e+01
1.807541e+01
1.808274e+01
1.809006e+01
1.809739e+01
1.810471e+01
1.811204e+01
1.811937e+01
1.812669e+01
1.813402e+01
1.814135e+01
1.814867e+01
1.815600e+01
1.816332e+01
1.817065e+01
1.817798e+01
1.818530e+01
1.819263e+01
1.819996e+01
1.820728e+01
1.821461e+01
1.822193e+01
1.822926e+01
1.823659e+01
1.824391e+01
1.825124e+01
1.825857e+01
1.826589e+01
1.827322e+01
1.828054e+01
1.828787e+01
1.829520e+01
1.830252e+01
1.830985e+01
1.831718e+01
1.832450e+01
1.833183e+01
1.833915e+01
1.834648e+01
1.835381e+01
1.836113e+01
1.836846e+01
1.837579e+01
1.838311e+01
1.839044e+01
1.839776e+01
1.840509e+01
1.841242e+01
1.841974e+01
1.842707e+01
1.843440e+01
1.844172e+01
1.844905e+01
1.845637e+01
1.846370e+01
1.847103e+01
1.847835e+01
1.848568e+01
1.849301e+01
1.850033e+01
1.850766e+01
1.851498e+01
1.852231e+01
1.852964e+01
1.853696e+01
1.854429e+01
1.855162e+01
1.855894e+01
1.856627e+01
1.857359e+01
1.858092e+01
1.858825e+01
1.859557e+01
1.860290e+01
1.861023e+01
1.861755e+01
1.862488e+01
1.863220e+01
1.863953e+01
1.864686e+01
1.865418e+01
1.866151e+01
1.866884e+01
1.867616e+01
1.868349e+01
1.869081e+01
1.869814e+01
1.870547e+01
1.871279e+01
1.872012e+01
1.872745e+01
1.873477e+01
1.874210e+01
1.874942e+01
1.875675e+01
1.876408e+01
1.877140e+01
1.877873e+01
1.878606e+01
1.879338e+01
1.880071e+01
1.880803e+01
1.881536e+01
1.882269e+01
1.883001e+01
1.883734e+01
1.884467e+01
1.885199e+01
1.885932e+01
1.886664e+01
1.887397e+01
1.888130e+01
1.888862e+01
1.889595e+01
1.890328e+01
1.891060e+01
1.891793e+01
1.892525e+01
1.893258e+01
1.893991e+01
1.894723e+01
1.895456e+01
1.896189e+01
1.896921e+01
1.897654e+01
1.898386e+01
1.899119e+01
1.899852e+01
1.900584e+01
1.901317e+01
1.902050e+01
1.902782e+01
1.903515e+01
1.904247e+01
1.904980e+01
1.905713e+01
1.906445e+01
1.907178e+01
1.907911e+01
1.908643e+01
1.909376e+01
1.910108e+01
1.910841e+01
1.911574e+01
1.912306e+01
1.913039e+01
1.913772e+01
1.914504e+01
1.915237e+01
1.915969e+01
1.916702e+01
1.917435e+01
1.918167e+01
1.918900e+01
1.919633e+01
1.920365e+01
1.921098e+01
1.921830e+01
1.922563e+01
1.923296e+01
1.924028e+01
1.924761e+01
1.925494e+01
1.926226e+01
1.926959e+01
1.927691e+01
1.928424e+01
1.929157e+01
1.929889e+01
1.930622e+01
1.931355e+01
1.932087e+01
1.932820e+01
1.933552e+01
1.934285e+01
1.935018e+01
1.935750e+01
1.936483e+01
1.937216e+01
1.937948e+01
1.938681e+01
1.939413e+01
1.940146e+01
1.940879e+01
1.941611e+01
1.942344e+01
1.943077e+01
1.943809e+01
1.944542e+01
1.945274e+01
1.946007e+01
1.946740e+01
1.947472e+01
1.948205e+01
1.948938e+01
1.949670e+01
1.950403e+01
1.951135e+01
1.951868e+01
1.952601e+01
1.953333e+01
1.954103e+01
1.954872e+01
1.955641e+01
1.956411e+01
1.957180e+01
1.957950e+01
1.958719e+01
1.959488e+01
1.960258e+01
1.961027e+01
1.961797e+01
1.962566e+01
1.963335e+01
1.964105e+01
1.964874e+01
1.965643e+01
1.966413e+01
1.967182e+01
1.967952e+01
1.968721e+01
1.969490e+01
1.970260e+01
1.971029e+01
1.971799e+01
1.972568e+01
1.973337e+01
1.974107e+01
1.974876e+01
1.975645e+01
1.976415e+01
1.977184e+01
1.977954e+01
1.978723e+01
1.979492e+01
1.980262e+01
1.981031e+01
1.981801e+01
1.982570e+01
1.983339e+01
1.984109e+01
1.984878e+01
1.985647e+01
1.986417e+01
1.987186e+01
1.987956e+01
1.988725e+01
1.989494e+01
1.990264e+01
1.991033e+01
1.991803e+01
1.992572e+01
1.993341e+01
1.994111e+01
1.994880e+01
1.995649e+01
1.996419e+01
1.997188e+01
1.997958e+01
1.998727e+01
1.999496e+01
2.000266e+01
2.001035e+01
2.001804e+01
2.002574e+01
2.003343e+01
2.004113e+01
2.004882e+01
2.005651e+01
2.006421e+01
2.007190e+01
2.007960e+01
2.008729e+01
2.009498e+01
2.010268e+01
2.011037e+01
2.011806e+01
2.012576e+01
2.013345e+01
2.014115e+01
2.014884e+01
2.015653e+01
2.016423e+01
2.017192e+01
2.017962e+01
2.018731e+01
2.019500e+01
2.020270e+01
2.021039e+01
2.021808e+01
2.022578e+01
2.023347e+01
2.024117e+01
2.024886e+01
2.025655e+01
2.026425e+01
2.027194e+01
2.027964e+01
2.028733e+01
2.029502e+01
2.030272e+01
2.031041e+01
2.031810e+01
2.032580e+01
2.033349e+01
2.034119e+01
2.034888e+01
2.035657e+01
2.036427e+01
2.037196e+01
2.037966e+01
2.038735e+01
2.039504e+01
2.040274e+01
2.041043e+01
2.041812e+01
2.042582e+01
2.043351e+01
2.044121e+01
2.044890e+01
2.045659e+01
2.046429e+01
2.047198e+01
2.047968e+01
2.048737e+01
2.049506e+01
2.050276e+01
2.051045e+01
2.051814e+01
2.052584e+01
2.053353e+01
2.054123e+01
2.054892e+01
2.055661e+01
2.056431e+01
2.057200e+01
2.057970e+01
2.058739e+01
2.059508e+01
2.060278e+01
2.061047e+01
2.061816e+01
2.062586e+01
2.063355e+01
2.064125e+01
2.064894e+01
2.065663e+01
2.066433e+01
2.067202e+01
2.067972e+01
2.068741e+01
2.069510e+01
2.070280e+01
2.071049e+01
2.071818e+01
2.072588e+01
2.073357e+01
2.074127e+01
2.074896e+01
2.075665e+01
2.076435e+01
2.077204e+01
2.077974e+01
2.078743e+01
2.079512e+01
2.080282e+01
2.081051e+01
2.081820e+01
2.082590e+01
2.083359e+01
2.084129e+01
2.084898e+01
2.085667e+01
2.086437e+01
2.087206e+01
2.087975e+01
2.088745e+01
2.089514e+01
2.090284e+01
2.091053e+01
2.091822e+01
2.092592e+01
2.093361e+01
2.094131e+01
2.094900e+01
2.095669e+01
2.096439e+01
2.097208e+01
2.097977e+01
2.098747e+01
2.099516e+01
2.100286e+01
2.101055e+01
2.101824e+01
2.102594e+01
2.103363e+01
2.104133e+01
2.104902e+01
2.105671e+01
2.106441e+01
2.107210e+01
2.107979e+01
2.108749e+01
2.109518e+01
2.110288e+01
2.111057e+01
2.111826e+01
2.112596e+01
2.113365e+01
2.114135e+01
2.114904e+01
2.115673e+01
2.116443e+01
2.117212e+01
2.117981e+01
2.118751e+01
2.119520e+01
2.120290e+01
2.121059e+01
2.121828e+01
2.122598e+01
2.123367e+01
2.124137e+01
2.124906e+01
2.125675e+01
2.126445e+01
2.127214e+01
2.127983e+01
2.128753e+01
2.129522e+01
2.130292e+01
2.131061e+01
2.131830e+01
2.132600e+01
2.133369e+01
2.134138e+01
2.134908e+01
2.135677e+01
2.136447e+01
2.137216e+01
2.137985e+01
2.138755e+01
2.139524e+01
2.140294e+01
2.141063e+01
2.141832e+01
2.142602e+01
2.143371e+01
2.144140e+01
2.144910e+01
2.145679e+01
2.146449e+01
2.147218e+01
2.147987e+01
2.148757e+01
2.149526e+01
2.150296e+01
2.151065e+01
2.151834e+01
2.152604e+01
2.153373e+01
2.154142e+01
2.154912e+01
2.155681e+01
2.156451e+01
2.157220e+01
2.157989e+01
2.158759e+01
2.159528e+01
2.160298e+01
2.161067e+01
2.161836e+01
2.162606e+01
2.163375e+01
2.164144e+01
2.164914e+01
2.165683e+01
2.166453e+01
2.167222e+01
2.167991e+01
2.168761e+01
2.169530e+01
2.170300e+01
2.171069e+01
2.171838e+01
2.172608e+01
2.173377e+01
2.174146e+01
2.174916e+01
2.175685e+01
2.176455e+01
2.177224e+01
2.177993e+01
2.178763e+01
2.179532e+01
2.180302e+01
2.181071e+01
2.181840e+01
2.182610e+01
2.183379e+01
2.184148e+01
2.184918e+01
2.185687e+01
2.186457e+01
2.187226e+01
2.187995e+01
2.188765e+01
2.189534e+01
2.190304e+01
2.191073e+01
2.191842e+01
2.192612e+01
2.193381e+01
2.194150e+01
2.194920e+01
2.195689e+01
2.196459e+01
2.197228e+01
2.197997e+01
2.198767e+01
2.199536e+01
2.200306e+01
2.201075e+01
2.201844e+01
2.202614e+01
2.203383e+01
2.204152e+01
2.204922e+01
2.205691e+01
2.206461e+01
2.207230e+01
2.207999e+01
2.208769e+01
2.209538e+01
2.210307e+01
2.211077e+01
2.211846e+01
2.212616e+01
2.213385e+01
2.214154e+01
2.214924e+01
2.215693e+01
2.216463e+01
2.217232e+01
2.218001e+01
2.218771e+01
2.219540e+01
2.220309e+01
2.221079e+01
2.221848e+01
2.222618e+01
2.223387e+01
2.224156e+01
2.224926e+01
2.225695e+01
2.226465e+01
2.227234e+01
2.228003e+01
2.228773e+01
2.229542e+01
2.230311e+01
2.231081e+01
2.231850e+01
2.232620e+01
2.233389e+01
2.234158e+01
2.234928e+01
2.235697e+01
2.236467e+01
2.237236e+01
2.238005e+01
2.238775e+01
2.239544e+01
2.240313e+01
2.241083e+01
2.241852e+01
2.242622e+01
2.243391e+01
2.244160e+01
2.244930e+01
2.245699e+01
2.246469e+01
2.247238e+01
2.248007e+01
2.248777e+01
2.249546e+01
2.250315e+01
2.251085e+01
2.251854e+01
2.252624e+01
2.253393e+01
2.254162e+01
2.254932e+01
2.255701e+01
2.256470e+01
2.257240e+01
2.258009e+01
2.258779e+01
2.259548e+01
2.260317e+01
2.261087e+01
2.261856e+01
2.262626e+01
2.263395e+01
2.264164e+01
2.264934e+01
2.265703e+01
2.266472e+01
2.267242e+01
2.268011e+01
2.268781e+01
2.269550e+01
2.270319e+01
2.271089e+01
2.271858e+01
2.272628e+01
2.273397e+01
2.274166e+01
2.274936e+01
2.275705e+01
2.276474e+01
2.277244e+01
2.278013e+01
2.278783e+01
2.279552e+01
2.280321e+01
2.281091e+01
2.281860e+01
2.282630e+01
2.283399e+01
2.284168e+01
2.284938e+01
2.285707e+01
2.286476e+01
2.287246e+01
2.288015e+01
2.288785e+01
2.289554e+01
2.290323e+01
2.291093e+01
2.291862e+01
2.292632e+01
2.293401e+01
2.294170e+01
2.294940e+01
2.295709e+01
2.296478e+01
2.297248e+01
2.298017e+01
2.298787e+01
2.299556e+01
2.300325e+01
2.301095e+01
2.301864e+01
2.302634e+01
2.303403e+01
2.304172e+01
2.304942e+01
2.305711e+01
2.306480e+01
2.307250e+01
2.308019e+01
2.308789e+01
2.309558e+01
2.310327e+01
2.311097e+01
2.311866e+01
2.312636e+01
2.313405e+01
2.314174e+01
2.314944e+01
2.315713e+01
2.316482e+01
2.317252e+01
2.318021e+01
2.318791e+01
2.319560e+01
2.320329e+01
2.321099e+01
2.321868e+01
2.322638e+01
2.323407e+01
2.324176e+01
2.324946e+01
2.325715e+01
2.326484e+01
2.327254e+01
2.328023e+01
2.328793e+01
2.329562e+01
2.330331e+01
2.331101e+01
2.331870e+01
2.332640e+01
2.333409e+01
2.334178e+01
2.334948e+01
2.335717e+01
2.336486e+01
2.337256e+01
2.338025e+01
2.338795e+01
2.339564e+01
2.340333e+01
2.341087e+01
2.341840e+01
2.342594e+01
2.343347e+01
2.344101e+01
2.344854e+01
2.345608e+01
2.346361e+01
2.347115e+01
2.347868e+01
2.348622e+01
2.349375e+01
2.350129e+01
2.350882e+01
2.351636e+01
2.352389e+01
2.353142e+01
2.353896e+01
2.354649e+01
2.355403e+01
2.356156e+01
2.356910e+01
2.357663e+01
2.358417e+01
2.359170e+01
2.359924e+01
2.360677e+01
2.361431e+01
2.362184e+01
2.362938e+01
2.363691e+01
2.364445e+01
2.365198e+01
2.365952e+01
2.366705e+01
2.367459e+01
2.368212e+01
2.368966e+01
2.369719e+01
2.370472e+01
2.371226e+01
2.371979e+01
2.372733e+01
2.373486e+01
2.374240e+01
2.374993e+01
2.375747e+01
2.376500e+01
2.377254e+01
2.378007e+01
2.378761e+01
2.379514e+01
2.380268e+01
2.381021e+01
2.381775e+01
2.382528e+01
2.383282e+01
2.384035e+01
2.384789e+01
2.385542e+01
2.386296e+01
2.387049e+01
2.387803e+01
2.388556e+01
2.389309e+01
2.390063e+01
2.390816e+01
2.391570e+01
2.392323e+01
2.393077e+01
2.393830e+01
2.394584e+01
2.395337e+01
2.396091e+01
2.396844e+01
2.397598e+01
2.398351e+01
2.399105e+01
2.399858e+01
2.400612e+01
2.401365e+01
2.402119e+01
2.402872e+01
2.403626e+01
2.404379e+01
2.405133e+01
2.405886e+01
2.406640e+01
2.407393e+01
2.408146e+01
2.408900e+01
2.409653e+01
2.410407e+01
2.411160e+01
2.411914e+01
2.412667e+01
2.413421e+01
2.414174e+01
2.414928e+01
2.415681e+01
2.416435e+01
2.417188e+01
2.417942e+01
2.418695e+01
2.419449e+01
2.420202e+01
2.420956e+01
2.421709e+01
2.422463e+01
2.423216e+01
2.423970e+01
2.424723e+01
2.425476e+01
2.426230e+01
2.426983e+01
2.427737e+01
2.428490e+01
2.429244e+01
2.429997e+01
2.430751e+01
2.431504e+01
2.432258e+01
2.433011e+01
2.433765e+01
2.434518e+01
2.435272e+01
2.436025e+01
2.436779e+01
2.437532e+01
2.438286e+01
2.439039e+01
2.439793e+01
2.440546e+01
2.441300e+01
2.442053e+01
2.442806e+01
2.443560e+01
2.444313e+01
2.445067e+01
2.445820e+01
2.446574e+01
2.447327e+01
2.448081e+01
2.448834e+01
2.449588e+01
2.450341e+01
2.451095e+01
2.451848e+01
2.452602e+01
2.453355e+01
2.454109e+01
2.454862e+01
2.455616e+01
2.456369e+01
2.457123e+01
2.457876e+01
2.458630e+01
2.459383e+01
2.460137e+01
2.460890e+01
2.461643e+01
2.462397e+01
2.463150e+01
2.463904e+01
2.464657e+01
2.465411e+01
2.466164e+01
2.466918e+01
2.467671e+01
2.468425e+01
2.469178e+01
2.469932e+01
2.470685e+01
2.471439e+01
2.472192e+01
2.472946e+01
2.473699e+01
2.474453e+01
2.475206e+01
2.475960e+01
2.476713e+01
2.477467e+01
2.478220e+01
2.478974e+01
2.479727e+01
2.480480e+01
2.481234e+01
2.481987e+01
2.482741e+01
2.483494e+01
2.484248e+01
2.485001e+01
2.485755e+01
2.486508e+01
2.487262e+01
2.488015e+01
2.488769e+01
2.489522e+01
2.490276e+01
2.491029e+01
2.491783e+01
2.492536e+01
2.493290e+01
2.494043e+01
2.494797e+01
2.495550e+01
2.496304e+01
2.497057e+01
2.497810e+01
2.498564e+01
2.499317e+01
2.500071e+01
2.500824e+01
2.501578e+01
2.502331e+01
2.503085e+01
2.503838e+01
2.504592e+01
2.505345e+01
2.506099e+01
2.506852e+01
2.507606e+01
2.508359e+01
2.509113e+01
2.509866e+01
2.510620e+01
2.511373e+01
2.512127e+01
2.512880e+01
2.513634e+01
2.514387e+01
2.515140e+01
2.515894e+01
2.516647e+01
2.517401e+01
2.518154e+01
2.518908e+01
2.519661e+01
2.520415e+01
2.521168e+01
2.521922e+01
2.522675e+01
2.523429e+01
2.524182e+01
2.524936e+01
2.525689e+01
2.526443e+01
2.527196e+01
2.527950e+01
2.528703e+01
2.529457e+01
2.530210e+01
2.530964e+01
2.531717e+01
2.532470e+01
2.533224e+01
2.533977e+01
2.534731e+01
2.535484e+01
2.536238e+01
2.536991e+01
2.537745e+01
2.538498e+01
2.539252e+01
2.540005e+01
2.540759e+01
2.541512e+01
2.542266e+01
2.543019e+01
2.543773e+01
2.544526e+01
2.545280e+01
2.546033e+01
2.546787e+01
2.547540e+01
2.548294e+01
2.549047e+01
2.549801e+01
2.550554e+01
2.551307e+01
2.552061e+01
2.552814e+01
2.553568e+01
2.554321e+01
2.555075e+01
2.555828e+01
2.556582e+01
2.557335e+01
2.558089e+01
2.558842e+01
2.559596e+01
2.560349e+01
2.561103e+01
2.561856e+01
2.562610e+01
2.563363e+01
2.564117e+01
2.564870e+01
2.565624e+01
2.566377e+01
2.567131e+01
2.567884e+01
2.568637e+01
2.569391e+01
2.570144e+01
2.570898e+01
2.571652e+01
2.572405e+01
2.573158e+01
2.573912e+01
2.574665e+01
2.575419e+01
2.576172e+01
2.576926e+01
2.577679e+01
2.578433e+01
2.579186e+01
2.579940e+01
2.580693e+01
2.581447e+01
2.582200e+01
2.582954e+01
2.583707e+01
2.584460e+01
2.585214e+01
2.585968e+01
2.586721e+01
2.587475e+01
2.588228e+01
2.588981e+01
2.589735e+01
2.590488e+01
2.591242e+01
2.591996e+01
2.592749e+01
2.593502e+01
2.594256e+01
2.595009e+01
2.595763e+01
2.596516e+01
2.597270e+01
2.598023e+01
2.598777e+01
2.599530e+01
2.600284e+01
2.601037e+01
2.601791e+01
2.602544e+01
2.603297e+01
2.604051e+01
2.604804e+01
2.605558e+01
2.606312e+01
2.607065e+01
2.607818e+01
2.608572e+01
2.609325e+01
2.610079e+01
2.610832e+01
2.611586e+01
2.612339e+01
2.613093e+01
2.613846e+01
2.614600e+01
2.615353e+01
2.616107e+01
2.616860e+01
2.617614e+01
2.618367e+01
2.619120e+01
2.619874e+01
2.620628e+01
2.621381e+01
2.622135e+01
2.622888e+01
2.623641e+01
2.624395e+01
2.625148e+01
2.625902e+01
2.626656e+01
2.627409e+01
2.628162e+01
2.628916e+01
2.629669e+01
2.630423e+01
2.631176e+01
2.631930e+01
2.632683e+01
2.633437e+01
2.634190e+01
2.634944e+01
2.635697e+01
2.636451e+01
2.637204e+01
2.637958e+01
2.638711e+01
2.639464e+01
2.640218e+01
2.640972e+01
2.641725e+01
2.642479e+01
2.643232e+01
2.643985e+01
2.644739e+01
2.645492e+01
2.646246e+01
2.647000e+01
2.647753e+01
2.648506e+01
2.649260e+01
2.650013e+01
2.650767e+01
2.651520e+01
2.652274e+01
2.653027e+01
2.653780e+01
2.654534e+01
2.655288e+01
2.656041e+01
2.656795e+01
2.657548e+01
2.658301e+01
2.659055e+01
2.659808e+01
2.660562e+01
2.661316e+01
2.662069e+01
2.662822e+01
2.663576e+01
2.664329e+01
2.665083e+01
2.665836e+01
2.666590e+01
2.667343e+01
2.668097e+01
2.668850e+01
2.669604e+01
2.670357e+01
2.671111e+01
2.671864e+01
2.672618e+01
2.673371e+01
2.674124e+01
2.674878e+01
2.675632e+01
2.676385e+01
2.677139e+01
2.677892e+01
2.678645e+01
2.679399e+01
2.680152e+01
2.680906e+01
2.681660e+01
2.682413e+01
2.683166e+01
2.683920e+01
2.684673e+01
2.685427e+01
2.686180e+01
2.686934e+01
2.687687e+01
2.688441e+01
2.689194e+01
2.689948e+01
2.690701e+01
2.691455e+01
2.692208e+01
2.692962e+01
2.693715e+01
2.694468e+01
2.695222e+01
2.695976e+01
2.696729e+01
2.697482e+01
2.698236e+01
2.698989e+01
2.699743e+01
2.700496e+01
2.701250e+01
2.702003e+01
2.702757e+01
