5.800000e-01
5.803332e-01
5.806668e-01
5.810000e-01
5.813332e-01
5.816668e-01
5.820000e-01
5.823332e-01
5.826668e-01
5.830000e-01
5.833332e-01
5.836668e-01
5.840000e-01
5.843332e-01
5.846668e-01
5.850000e-01
5.853332e-01
5.856668e-01
5.860000e-01
5.863332e-01
5.866668e-01
5.870000e-01
5.873332e-01
5.876668e-01
5.880000e-01
5.883332e-01
5.886668e-01
5.890000e-01
5.893332e-01
5.896668e-01
5.900000e-01
5.900000e-01
5.900000e-01
5.900000e-01
5.900000e-01
5.900000e-01
5.900000e-01
5.900000e-01
5.900000e-01
5.900000e-01
5.900000e-01
5.900000e-01
5.900000e-01
5.900000e-01
5.900000e-01
5.900000e-01
5.900000e-01
5.900000e-01
5.900000e-01
5.900000e-01
5.900000e-01
5.903083e-01
5.906167e-01
5.909250e-01
5.912333e-01
5.915417e-01
5.918500e-01
5.921583e-01
5.924667e-01
5.927750e-01
5.930833e-01
5.933917e-01
5.937000e-01
5.940083e-01
5.943167e-01
5.946250e-01
5.949333e-01
5.952417e-01
5.955500e-01
5.958335e-01
5.961667e-01
5.964999e-01
5.968335e-01
5.971667e-01
5.974999e-01
5.978335e-01
5.981667e-01
5.984999e-01
5.988335e-01
5.991667e-01
5.994999e-01
5.998335e-01
6.001667e-01
6.004999e-01
6.008335e-01
6.011667e-01
6.014999e-01
6.018335e-01
6.021667e-01
6.024999e-01
6.028335e-01
6.031667e-01
6.034999e-01
6.038335e-01
6.041667e-01
6.044999e-01
6.048335e-01
6.051667e-01
6.054999e-01
6.058335e-01
6.061667e-01
6.064133e-01
6.066600e-01
6.069067e-01
6.071533e-01
6.074000e-01
6.076467e-01
6.078933e-01
6.081400e-01
6.083867e-01
6.086333e-01
6.088800e-01
6.091267e-01
6.093733e-01
6.096200e-01
6.098667e-01
6.101133e-01
6.103600e-01
6.106067e-01
6.108533e-01
6.111000e-01
6.113467e-01
6.115933e-01
6.118400e-01
6.120867e-01
6.123333e-01
6.125800e-01
6.128267e-01
6.130733e-01
6.133200e-01
6.135667e-01
6.138133e-01
6.140600e-01
6.143067e-01
6.145533e-01
6.148000e-01
6.150467e-01
6.152933e-01
6.155400e-01
6.157867e-01
6.160333e-01
6.162800e-01
6.165267e-01
6.167733e-01
6.170200e-01
6.172667e-01
6.175133e-01
6.177600e-01
6.180067e-01
6.182533e-01
6.185000e-01
6.187767e-01
6.190533e-01
6.193300e-01
6.196067e-01
6.198833e-01
6.201600e-01
6.204367e-01
6.207133e-01
6.209900e-01
6.212667e-01
6.215433e-01
6.218200e-01
6.220967e-01
6.223733e-01
6.226500e-01
6.229267e-01
6.232033e-01
6.234800e-01
6.237567e-01
6.240333e-01
6.243100e-01
6.245867e-01
6.248633e-01
6.251400e-01
6.254167e-01
6.256933e-01
6.259700e-01
6.262467e-01
6.265233e-01
6.268000e-01
6.270767e-01
6.273533e-01
6.276300e-01
6.279067e-01
6.281833e-01
6.284600e-01
6.287367e-01
6.290133e-01
6.292900e-01
6.295667e-01
6.298433e-01
6.301200e-01
6.303967e-01
6.306733e-01
6.309500e-01
6.312267e-01
6.315033e-01
6.317800e-01
6.320567e-01
6.323333e-01
6.345883e-01
6.368433e-01
6.390983e-01
6.413533e-01
6.436083e-01
6.458633e-01
6.481183e-01
6.503733e-01
6.526283e-01
6.548833e-01
6.571383e-01
6.593933e-01
6.616483e-01
6.639033e-01
6.661583e-01
6.684133e-01
6.706683e-01
6.729233e-01
6.751783e-01
6.774333e-01
6.796883e-01
6.819433e-01
6.841983e-01
6.864533e-01
6.887083e-01
6.909633e-01
6.932183e-01
6.954733e-01
6.977283e-01
6.999833e-01
7.022383e-01
7.044933e-01
7.067483e-01
7.090033e-01
7.112583e-01
7.135133e-01
7.157683e-01
7.180233e-01
7.202783e-01
7.225333e-01
7.247883e-01
7.270433e-01
7.292983e-01
7.315533e-01
7.338083e-01
7.360633e-01
7.383183e-01
7.405733e-01
7.428283e-01
7.450833e-01
7.473383e-01
7.495933e-01
7.518483e-01
7.541033e-01
7.563583e-01
7.586133e-01
7.608683e-01
7.631233e-01
7.653783e-01
7.676333e-01
7.698883e-01
7.721433e-01
7.743983e-01
7.766533e-01
7.789083e-01
7.811633e-01
7.834183e-01
7.856733e-01
7.879283e-01
7.901833e-01
7.924383e-01
7.946933e-01
7.969483e-01
7.992033e-01
8.014583e-01
8.037133e-01
8.059683e-01
8.082233e-01
8.104783e-01
8.127333e-01
8.149883e-01
8.172433e-01
8.194983e-01
8.217533e-01
8.240083e-01
8.262633e-01
8.285183e-01
8.307733e-01
8.330283e-01
8.352833e-01
8.375383e-01
8.397933e-01
8.420483e-01
8.443033e-01
8.465583e-01
8.488133e-01
8.510683e-01
8.533233e-01
8.555783e-01
8.578333e-01
8.587633e-01
8.596933e-01
8.606233e-01
8.615533e-01
8.624833e-01
8.634133e-01
8.643433e-01
8.652733e-01
8.662033e-01
8.671333e-01
8.680633e-01
8.689933e-01
8.699233e-01
8.708533e-01
8.717833e-01
8.727133e-01
8.736433e-01
8.745733e-01
8.755033e-01
8.764333e-01
8.773633e-01
8.782933e-01
8.792233e-01
8.801533e-01
8.810833e-01
8.820133e-01
8.829433e-01
8.838733e-01
8.848033e-01
8.857333e-01
8.866633e-01
8.875933e-01
8.885233e-01
8.894533e-01
8.903833e-01
8.913133e-01
8.922433e-01
8.931733e-01
8.941033e-01
8.950333e-01
8.959633e-01
8.968933e-01
8.978233e-01
8.987533e-01
8.996833e-01
9.006133e-01
9.015433e-01
9.024733e-01
9.034033e-01
9.043333e-01
9.052633e-01
9.061933e-01
9.071233e-01
9.080533e-01
9.089833e-01
9.099133e-01
9.108433e-01
9.117733e-01
9.127033e-01
9.136333e-01
9.145633e-01
9.154933e-01
9.164233e-01
9.173533e-01
9.182833e-01
9.192133e-01
9.201433e-01
9.210733e-01
9.220033e-01
9.229333e-01
9.238633e-01
9.247933e-01
9.257233e-01
9.266533e-01
9.275833e-01
9.285133e-01
9.294433e-01
9.303733e-01
9.313033e-01
9.322333e-01
9.331633e-01
9.340933e-01
9.350233e-01
9.359533e-01
9.368833e-01
9.378133e-01
9.387433e-01
9.396733e-01
9.406033e-01
9.415333e-01
9.424633e-01
9.433933e-01
9.443233e-01
9.452533e-01
9.461833e-01
9.471133e-01
9.480433e-01
9.489733e-01
9.499033e-01
9.508333e-01
9.515525e-01
9.522717e-01
9.529908e-01
9.537100e-01
9.544292e-01
9.551483e-01
9.558675e-01
9.565867e-01
9.573058e-01
9.580250e-01
9.587442e-01
9.594633e-01
9.601825e-01
9.609017e-01
9.616208e-01
9.623400e-01
9.630592e-01
9.637783e-01
9.644975e-01
9.652167e-01
9.659358e-01
9.666550e-01
9.673742e-01
9.680933e-01
9.688125e-01
9.695317e-01
9.702508e-01
9.709700e-01
9.716892e-01
9.724083e-01
9.731275e-01
9.738467e-01
9.745658e-01
9.752850e-01
9.760042e-01
9.767233e-01
9.774425e-01
9.781617e-01
9.788808e-01
9.796000e-01
9.803192e-01
9.810383e-01
9.817575e-01
9.824767e-01
9.831958e-01
9.839150e-01
9.846342e-01
9.853533e-01
9.860725e-01
9.867917e-01
9.875108e-01
9.882300e-01
9.889492e-01
9.896683e-01
9.903875e-01
9.911067e-01
9.918258e-01
9.925450e-01
9.932642e-01
9.939833e-01
9.947025e-01
9.954217e-01
9.961408e-01
9.968600e-01
9.975792e-01
9.982983e-01
9.990175e-01
9.997367e-01
1.000456e+00
1.001175e+00
1.001894e+00
1.002613e+00
1.003332e+00
1.004052e+00
1.004771e+00
1.005490e+00
1.006209e+00
1.006928e+00
1.007648e+00
1.008367e+00
1.009086e+00
1.009805e+00
1.010524e+00
1.011243e+00
1.011963e+00
1.012682e+00
1.013401e+00
1.014120e+00
1.014839e+00
1.015558e+00
1.016277e+00
1.016997e+00
1.017716e+00
1.018435e+00
1.019154e+00
1.019873e+00
1.020593e+00
1.021312e+00
1.022031e+00
1.022750e+00
1.023469e+00
1.024188e+00
1.024908e+00
1.025627e+00
1.026346e+00
1.027065e+00
1.027784e+00
1.028503e+00
1.029222e+00
1.029942e+00
1.030661e+00
1.031380e+00
1.032099e+00
1.032818e+00
1.033537e+00
1.034257e+00
1.034976e+00
1.035695e+00
1.036414e+00
1.037133e+00
1.037853e+00
1.038572e+00
1.039291e+00
1.040010e+00
1.040729e+00
1.041448e+00
1.042167e+00
1.042887e+00
1.043606e+00
1.044325e+00
1.045044e+00
1.045763e+00
1.046482e+00
1.047202e+00
1.047921e+00
1.048640e+00
1.049359e+00
1.050078e+00
1.050798e+00
1.051517e+00
1.052236e+00
1.052955e+00
1.053674e+00
1.054393e+00
1.055112e+00
1.055832e+00
1.056551e+00
1.057270e+00
1.057989e+00
1.058708e+00
1.059427e+00
1.060147e+00
1.060866e+00
1.061585e+00
1.062304e+00
1.063023e+00
1.063743e+00
1.064462e+00
1.065181e+00
1.065900e+00
1.066619e+00
1.067338e+00
1.068058e+00
1.068777e+00
1.069496e+00
1.070215e+00
1.070934e+00
1.071653e+00
1.072372e+00
1.073092e+00
1.073811e+00
1.074530e+00
1.075249e+00
1.075968e+00
1.076688e+00
1.077407e+00
1.078126e+00
1.078845e+00
1.079564e+00
1.080283e+00
1.081003e+00
1.081722e+00
1.082441e+00
1.083160e+00
1.083879e+00
1.084598e+00
1.085317e+00
1.086037e+00
1.086756e+00
1.087475e+00
1.088194e+00
1.088913e+00
1.089633e+00
1.090352e+00
1.091071e+00
1.091790e+00
1.092509e+00
1.093228e+00
1.093948e+00
1.094667e+00
1.095528e+00
1.096390e+00
1.097252e+00
1.098113e+00
1.098975e+00
1.099837e+00
1.100698e+00
1.101560e+00
1.102422e+00
1.103283e+00
1.104145e+00
1.105007e+00
1.105868e+00
1.106730e+00
1.107592e+00
1.108453e+00
1.109315e+00
1.110177e+00
1.111038e+00
1.111900e+00
1.112762e+00
1.113623e+00
1.114485e+00
1.115347e+00
1.116208e+00
1.117070e+00
1.117932e+00
1.118793e+00
1.119655e+00
1.120517e+00
1.121378e+00
1.122240e+00
1.123102e+00
1.123963e+00
1.124825e+00
1.125687e+00
1.126548e+00
1.127410e+00
1.128272e+00
1.129133e+00
1.129995e+00
1.130857e+00
1.131718e+00
1.132580e+00
1.133442e+00
1.134303e+00
1.135165e+00
1.136027e+00
1.136888e+00
1.137750e+00
1.138612e+00
1.139473e+00
1.140335e+00
1.141197e+00
1.142058e+00
1.142920e+00
1.143782e+00
1.144643e+00
1.145505e+00
1.146367e+00
1.147228e+00
1.148090e+00
1.148952e+00
1.149813e+00
1.150675e+00
1.151537e+00
1.152398e+00
1.153260e+00
1.154122e+00
1.154983e+00
1.155845e+00
1.156707e+00
1.157568e+00
1.158430e+00
1.159292e+00
1.160153e+00
1.161015e+00
1.161877e+00
1.162738e+00
1.163600e+00
1.164462e+00
1.165323e+00
1.166185e+00
1.167047e+00
1.167908e+00
1.168770e+00
1.169632e+00
1.170493e+00
1.171355e+00
1.172217e+00
1.173078e+00
1.173940e+00
1.174802e+00
1.175663e+00
1.176525e+00
1.177387e+00
1.178248e+00
1.179110e+00
1.179972e+00
1.180833e+00
1.195921e+00
1.211009e+00
1.226097e+00
1.241185e+00
1.256273e+00
1.271361e+00
1.286449e+00
1.301537e+00
1.316625e+00
1.331713e+00
1.346801e+00
1.361890e+00
1.376978e+00
1.392066e+00
1.407154e+00
1.422242e+00
1.437330e+00
1.452418e+00
1.467506e+00
1.482594e+00
1.497682e+00
1.512770e+00
1.527858e+00
1.542946e+00
1.558034e+00
1.573122e+00
1.588210e+00
1.603298e+00
1.618386e+00
1.633474e+00
1.648562e+00
1.663650e+00
1.678738e+00
1.693827e+00
1.708915e+00
1.724003e+00
1.739091e+00
1.754179e+00
1.769267e+00
1.784355e+00
1.799443e+00
1.814531e+00
1.829619e+00
1.844707e+00
1.859795e+00
1.874883e+00
1.889971e+00
1.905059e+00
1.920147e+00
1.935235e+00
1.950323e+00
1.965411e+00
1.980499e+00
1.995587e+00
2.010675e+00
2.025763e+00
2.040852e+00
2.055940e+00
2.071028e+00
2.086116e+00
2.101204e+00
2.116292e+00
2.131380e+00
2.146468e+00
2.161556e+00
2.176644e+00
2.191732e+00
2.206820e+00
2.221908e+00
2.236996e+00
2.252084e+00
2.267172e+00
2.282260e+00
2.297348e+00
2.312436e+00
2.327524e+00
2.342612e+00
2.357700e+00
2.372788e+00
2.387877e+00
2.402965e+00
2.418053e+00
2.433141e+00
2.448229e+00
2.463317e+00
2.478405e+00
2.493493e+00
2.508581e+00
2.523669e+00
2.538757e+00
2.553845e+00
2.568933e+00
2.584021e+00
2.599109e+00
2.614197e+00
2.629285e+00
2.644373e+00
2.659461e+00
2.674549e+00
2.689637e+00
2.704725e+00
2.719814e+00
2.734902e+00
2.749990e+00
2.765078e+00
2.780166e+00
2.795254e+00
2.810342e+00
2.825430e+00
2.840518e+00
2.855606e+00
2.870694e+00
2.885782e+00
2.900870e+00
2.915958e+00
2.931046e+00
2.946134e+00
2.961222e+00
2.976310e+00
2.991398e+00
3.006486e+00
3.021574e+00
3.036662e+00
3.051750e+00
3.066839e+00
3.081927e+00
3.097015e+00
3.112103e+00
3.127191e+00
3.142279e+00
3.157367e+00
3.172455e+00
3.187543e+00
3.202631e+00
3.217719e+00
3.232807e+00
3.247895e+00
3.262983e+00
3.278071e+00
3.293159e+00
3.308247e+00
3.323335e+00
3.338423e+00
3.353511e+00
3.368599e+00
3.383687e+00
3.398776e+00
3.413864e+00
3.428952e+00
3.444040e+00
3.459128e+00
3.474216e+00
3.489304e+00
3.504392e+00
3.519480e+00
3.534568e+00
3.549656e+00
3.564744e+00
3.579832e+00
3.594920e+00
3.610008e+00
3.625096e+00
3.640184e+00
3.655272e+00
3.670360e+00
3.685448e+00
3.700536e+00
3.715624e+00
3.730712e+00
3.745801e+00
3.760889e+00
3.775977e+00
3.791065e+00
3.806153e+00
3.821241e+00
3.836329e+00
3.851417e+00
3.866505e+00
3.881593e+00
3.896681e+00
3.911769e+00
3.926857e+00
3.941945e+00
3.957033e+00
3.972121e+00
3.987209e+00
4.002297e+00
4.017385e+00
4.032473e+00
4.047561e+00
4.062649e+00
4.077737e+00
4.092826e+00
4.107914e+00
4.123002e+00
4.138090e+00
4.153178e+00
4.168266e+00
4.183354e+00
4.198442e+00
4.213530e+00
4.228618e+00
4.243706e+00
4.258794e+00
4.273882e+00
4.288970e+00
4.304058e+00
4.319146e+00
4.334234e+00
4.349322e+00
4.364410e+00
4.379498e+00
4.394586e+00
4.409674e+00
4.424763e+00
4.439851e+00
4.454939e+00
4.470027e+00
4.485115e+00
4.500203e+00
4.515291e+00
4.530379e+00
4.545467e+00
4.560555e+00
4.575643e+00
4.590731e+00
4.605819e+00
4.620907e+00
4.635995e+00
4.651083e+00
4.666171e+00
4.681259e+00
4.696347e+00
4.711435e+00
4.726523e+00
4.741611e+00
4.756699e+00
4.771788e+00
4.786876e+00
4.801964e+00
4.817052e+00
4.832140e+00
4.847228e+00
4.862316e+00
4.877404e+00
4.892492e+00
4.907580e+00
4.922668e+00
4.937756e+00
4.952844e+00
4.967932e+00
4.983020e+00
4.998108e+00
5.013196e+00
5.028284e+00
5.043372e+00
5.058460e+00
5.073548e+00
5.088636e+00
5.103724e+00
5.118813e+00
5.133901e+00
5.148989e+00
5.164077e+00
5.179165e+00
5.194253e+00
5.209341e+00
5.224429e+00
5.239517e+00
5.254605e+00
5.269693e+00
5.284781e+00
5.299869e+00
5.314957e+00
5.330045e+00
5.345133e+00
5.360221e+00
5.375309e+00
5.390397e+00
5.405485e+00
5.420573e+00
5.435661e+00
5.450750e+00
5.465838e+00
5.480926e+00
5.496014e+00
5.511102e+00
5.526190e+00
5.541278e+00
5.556366e+00
5.571454e+00
5.586542e+00
5.601630e+00
5.616718e+00
5.631806e+00
5.646894e+00
5.661982e+00
5.677070e+00
5.692158e+00
5.707246e+00
5.722334e+00
5.737422e+00
5.752510e+00
5.767598e+00
5.782686e+00
5.797775e+00
5.812863e+00
5.827951e+00
5.843039e+00
5.858127e+00
5.873215e+00
5.888303e+00
5.903391e+00
5.918479e+00
5.933567e+00
5.948655e+00
5.963743e+00
5.978831e+00
5.993919e+00
6.009007e+00
6.024095e+00
6.039183e+00
6.054271e+00
6.069359e+00
6.084447e+00
6.099535e+00
6.114623e+00
6.129712e+00
6.144800e+00
6.159888e+00
6.174976e+00
6.190064e+00
6.205152e+00
6.220240e+00
6.235328e+00
6.250416e+00
6.265504e+00
6.280592e+00
6.295680e+00
6.310768e+00
6.325856e+00
6.340944e+00
6.356032e+00
6.371120e+00
6.386208e+00
6.401296e+00
6.416384e+00
6.431472e+00
6.446560e+00
6.461648e+00
6.476737e+00
6.491825e+00
6.506913e+00
6.522001e+00
6.537089e+00
6.552177e+00
6.567265e+00
6.582353e+00
6.597441e+00
6.612529e+00
6.627617e+00
6.642705e+00
6.657793e+00
6.672881e+00
6.687969e+00
6.703057e+00
6.718145e+00
6.733233e+00
6.748321e+00
6.763409e+00
6.778497e+00
6.793585e+00
6.808673e+00
6.823762e+00
6.838850e+00
6.853938e+00
6.869026e+00
6.884114e+00
6.899202e+00
6.914290e+00
6.929378e+00
6.944466e+00
6.959554e+00
6.974642e+00
6.989730e+00
7.004818e+00
7.019906e+00
7.034994e+00
7.050082e+00
7.065170e+00
7.080258e+00
7.095346e+00
7.110434e+00
7.125522e+00
7.140610e+00
7.155699e+00
7.170787e+00
7.185875e+00
7.200963e+00
7.216051e+00
7.231139e+00
7.246227e+00
7.261315e+00
7.276403e+00
7.291491e+00
7.306579e+00
7.321667e+00
7.328666e+00
7.335664e+00
7.342663e+00
7.349662e+00
7.356661e+00
7.363660e+00
7.370659e+00
7.377658e+00
7.384657e+00
7.391656e+00
7.398654e+00
7.405653e+00
7.412652e+00
7.419651e+00
7.426650e+00
7.433649e+00
7.440648e+00
7.447647e+00
7.454646e+00
7.461644e+00
7.468643e+00
7.475642e+00
7.482641e+00
7.489640e+00
7.496639e+00
7.503638e+00
7.510637e+00
7.517636e+00
7.524634e+00
7.531633e+00
7.538632e+00
7.545631e+00
7.552630e+00
7.559629e+00
7.566628e+00
7.573627e+00
7.580626e+00
7.587624e+00
7.594623e+00
7.601622e+00
7.608621e+00
7.615620e+00
7.622619e+00
7.629618e+00
7.636617e+00
7.643616e+00
7.650614e+00
7.657613e+00
7.664612e+00
7.671611e+00
7.678610e+00
7.685609e+00
7.692608e+00
7.699607e+00
7.706606e+00
7.713604e+00
7.720603e+00
7.727602e+00
7.734601e+00
7.741600e+00
7.748599e+00
7.755598e+00
7.762597e+00
7.769596e+00
7.776594e+00
7.783593e+00
7.790592e+00
7.797591e+00
7.804590e+00
7.811589e+00
7.818588e+00
7.825587e+00
7.832586e+00
7.839584e+00
7.846583e+00
7.853582e+00
7.860581e+00
7.867580e+00
7.874579e+00
7.881578e+00
7.888577e+00
7.895576e+00
7.902574e+00
7.909573e+00
7.916572e+00
7.923571e+00
7.930570e+00
7.937569e+00
7.944568e+00
7.951567e+00
7.958566e+00
7.965564e+00
7.972563e+00
7.979562e+00
7.986561e+00
7.993560e+00
8.000559e+00
8.007558e+00
8.014557e+00
8.021556e+00
8.028140e+00
8.034724e+00
8.041308e+00
8.047893e+00
8.054477e+00
8.061061e+00
8.067646e+00
8.074230e+00
8.080814e+00
8.087399e+00
8.093983e+00
8.100567e+00
8.107151e+00
8.113736e+00
8.120320e+00
8.126904e+00
8.133489e+00
8.140073e+00
8.146657e+00
8.153242e+00
8.159826e+00
8.166410e+00
8.172994e+00
8.179579e+00
8.186163e+00
8.192747e+00
8.199332e+00
8.205916e+00
8.212500e+00
8.219085e+00
8.225669e+00
8.232253e+00
8.238837e+00
8.245422e+00
8.252006e+00
8.258590e+00
8.265175e+00
8.271759e+00
8.278343e+00
8.284928e+00
8.291512e+00
8.298096e+00
8.304680e+00
8.311265e+00
8.317849e+00
8.324433e+00
8.331018e+00
8.337602e+00
8.344186e+00
8.350771e+00
8.357355e+00
8.363939e+00
8.370523e+00
8.377108e+00
8.383692e+00
8.390276e+00
8.396861e+00
8.403445e+00
8.410029e+00
8.416614e+00
8.423198e+00
8.429782e+00
8.436367e+00
8.442951e+00
8.449535e+00
8.456119e+00
8.462704e+00
8.469288e+00
8.475872e+00
8.482457e+00
8.489041e+00
8.495625e+00
8.502210e+00
8.508794e+00
8.515378e+00
8.521962e+00
8.528547e+00
8.535131e+00
8.541715e+00
8.548300e+00
8.554884e+00
8.561468e+00
8.568053e+00
8.574637e+00
8.581221e+00
8.587805e+00
8.594390e+00
8.600974e+00
8.607558e+00
8.614143e+00
8.620727e+00
8.627311e+00
8.633896e+00
8.640480e+00
8.647064e+00
8.653648e+00
8.660233e+00
8.666817e+00
8.673401e+00
8.679986e+00
8.686570e+00
8.693154e+00
8.699739e+00
8.706323e+00
8.712907e+00
8.719491e+00
8.726076e+00
8.732660e+00
8.739244e+00
8.745829e+00
8.752413e+00
8.758997e+00
8.765582e+00
8.772166e+00
8.778750e+00
8.785334e+00
8.791919e+00
8.798503e+00
8.805087e+00
8.811672e+00
8.818256e+00
8.824840e+00
8.831425e+00
8.838009e+00
8.844593e+00
8.851177e+00
8.857762e+00
8.864346e+00
8.870930e+00
8.877514e+00
8.884099e+00
8.890683e+00
8.897267e+00
8.903852e+00
8.910436e+00
8.917021e+00
8.923605e+00
8.930189e+00
8.936773e+00
8.943358e+00
8.949942e+00
8.956526e+00
8.963111e+00
8.969695e+00
8.976279e+00
8.982863e+00
8.989448e+00
8.996032e+00
9.002616e+00
9.009201e+00
9.015785e+00
9.022369e+00
9.028954e+00
9.035538e+00
9.042122e+00
9.048707e+00
9.055291e+00
9.061875e+00
9.068459e+00
9.075044e+00
9.081628e+00
9.088212e+00
9.094796e+00
9.101381e+00
9.107965e+00
9.114549e+00
9.121134e+00
9.127718e+00
9.134303e+00
9.140887e+00
9.147471e+00
9.154055e+00
9.160640e+00
9.167224e+00
9.173808e+00
9.180392e+00
9.186977e+00
9.193561e+00
9.200145e+00
9.206730e+00
9.213314e+00
9.219898e+00
9.226482e+00
9.233067e+00
9.239651e+00
9.246236e+00
9.252820e+00
9.259404e+00
9.265988e+00
9.272573e+00
9.279157e+00
9.285741e+00
9.292326e+00
9.298910e+00
9.305494e+00
9.312078e+00
9.318663e+00
9.325247e+00
9.331831e+00
9.338416e+00
9.345000e+00
9.351896e+00
9.358793e+00
9.365689e+00
9.372585e+00
9.379481e+00
9.386377e+00
9.393274e+00
9.400170e+00
9.407066e+00
9.413962e+00
9.420859e+00
9.427755e+00
9.434651e+00
9.441548e+00
9.448444e+00
9.455340e+00
9.462236e+00
9.469132e+00
9.476029e+00
9.482925e+00
9.489821e+00
9.496717e+00
9.503614e+00
9.510510e+00
9.517406e+00
9.524303e+00
9.531199e+00
9.538095e+00
9.544991e+00
9.551887e+00
9.558784e+00
9.565680e+00
9.572576e+00
9.579472e+00
9.586369e+00
9.593265e+00
9.600161e+00
9.607058e+00
9.613954e+00
9.620850e+00
9.627746e+00
9.634642e+00
9.641539e+00
9.648435e+00
9.655331e+00
9.662227e+00
9.669124e+00
9.676020e+00
9.682916e+00
9.689813e+00
9.696709e+00
9.703605e+00
9.710501e+00
9.717397e+00
9.724294e+00
9.731190e+00
9.738086e+00
9.744982e+00
9.751879e+00
9.758775e+00
9.765671e+00
9.772568e+00
9.779464e+00
9.786360e+00
9.793256e+00
9.800152e+00
9.807048e+00
9.813945e+00
9.820841e+00
9.827737e+00
9.834634e+00
9.841530e+00
9.848426e+00
9.855322e+00
9.862219e+00
9.869115e+00
9.876011e+00
9.882907e+00
9.889803e+00
9.896700e+00
9.903596e+00
9.910492e+00
9.917388e+00
9.924285e+00
9.931181e+00
9.938077e+00
9.944974e+00
9.951870e+00
9.958766e+00
9.965662e+00
9.972558e+00
9.979455e+00
9.986351e+00
9.993247e+00
1.000014e+01
1.000704e+01
1.001394e+01
1.002083e+01
1.002773e+01
1.003462e+01
1.004152e+01
1.004842e+01
1.005531e+01
1.006221e+01
1.006911e+01
1.007600e+01
1.008290e+01
1.008979e+01
1.009669e+01
1.010359e+01
1.011048e+01
1.011738e+01
1.012428e+01
1.013117e+01
1.013807e+01
1.014496e+01
1.015186e+01
1.015876e+01
1.016565e+01
1.017255e+01
1.017945e+01
1.018634e+01
1.019324e+01
1.020013e+01
1.020703e+01
1.021393e+01
1.022082e+01
1.022772e+01
1.023462e+01
1.024151e+01
1.024841e+01
1.025530e+01
1.026220e+01
1.026910e+01
1.027599e+01
1.028289e+01
1.028979e+01
1.029668e+01
1.030358e+01
1.031047e+01
1.031737e+01
1.032427e+01
1.033116e+01
1.033806e+01
1.034496e+01
1.035185e+01
1.035875e+01
1.036564e+01
1.037254e+01
1.037944e+01
1.038633e+01
1.039323e+01
1.040013e+01
1.040702e+01
1.041392e+01
1.042081e+01
1.042771e+01
1.043461e+01
1.044150e+01
1.044840e+01
1.045530e+01
1.046219e+01
1.046909e+01
1.047598e+01
1.048288e+01
1.048978e+01
1.049667e+01
1.050357e+01
1.051047e+01
1.051736e+01
1.052426e+01
1.053115e+01
1.053805e+01
1.054495e+01
1.055184e+01
1.055874e+01
1.056564e+01
1.057253e+01
1.057943e+01
1.058632e+01
1.059322e+01
1.060012e+01
1.060701e+01
1.061391e+01
1.062081e+01
1.062770e+01
1.063460e+01
1.064149e+01
1.064839e+01
1.065529e+01
1.066218e+01
1.066908e+01
1.067598e+01
1.068287e+01
1.068977e+01
1.069666e+01
1.070356e+01
1.071046e+01
1.071735e+01
1.072425e+01
1.073115e+01
1.073804e+01
1.074494e+01
1.075183e+01
1.075873e+01
1.076563e+01
1.077252e+01
1.077942e+01
1.078632e+01
1.079321e+01
1.080011e+01
1.080700e+01
1.081390e+01
1.082080e+01
1.082769e+01
1.083459e+01
1.084149e+01
1.084838e+01
1.085528e+01
1.086217e+01
1.086907e+01
1.087597e+01
1.088286e+01
1.088976e+01
1.089666e+01
1.090355e+01
1.091045e+01
1.091734e+01
1.092424e+01
1.093114e+01
1.093803e+01
1.094493e+01
1.095183e+01
1.095872e+01
1.096562e+01
1.097251e+01
1.097941e+01
1.098631e+01
1.099320e+01
1.100010e+01
1.100700e+01
1.101389e+01
1.102079e+01
1.102768e+01
1.103458e+01
1.104148e+01
1.104837e+01
1.105527e+01
1.106217e+01
1.106906e+01
1.107596e+01
1.108285e+01
1.108975e+01
1.109665e+01
1.110354e+01
1.111044e+01
1.111734e+01
1.112423e+01
1.113113e+01
1.113802e+01
1.114492e+01
1.115182e+01
1.115871e+01
1.116561e+01
1.117251e+01
1.117940e+01
1.118630e+01
1.119319e+01
1.120009e+01
1.120699e+01
1.121388e+01
1.122078e+01
1.122768e+01
1.123457e+01
1.124147e+01
1.124836e+01
1.125526e+01
1.126216e+01
1.126905e+01
1.127595e+01
1.128285e+01
1.128974e+01
1.129664e+01
1.130353e+01
1.131043e+01
1.131733e+01
1.132422e+01
1.133112e+01
1.133802e+01
1.134491e+01
1.135181e+01
1.135870e+01
1.136560e+01
1.137250e+01
1.137939e+01
1.138629e+01
1.139319e+01
1.140008e+01
1.140698e+01
1.141387e+01
1.142077e+01
1.142767e+01
1.143482e+01
1.144198e+01
1.144914e+01
1.145629e+01
1.146345e+01
1.147061e+01
1.147777e+01
1.148492e+01
1.149208e+01
1.149924e+01
1.150639e+01
1.151355e+01
1.152071e+01
1.152786e+01
1.153502e+01
1.154218e+01
1.154934e+01
1.155649e+01
1.156365e+01
1.157081e+01
1.157796e+01
1.158512e+01
1.159228e+01
1.159943e+01
1.160659e+01
1.161375e+01
1.162091e+01
1.162806e+01
1.163522e+01
1.164238e+01
1.164953e+01
1.165669e+01
1.166385e+01
1.167100e+01
1.167816e+01
1.168532e+01
1.169248e+01
1.169963e+01
1.170679e+01
1.171395e+01
1.172110e+01
1.172826e+01
1.173542e+01
1.174257e+01
1.174973e+01
1.175689e+01
1.176405e+01
1.177120e+01
1.177836e+01
1.178552e+01
1.179267e+01
1.179983e+01
1.180699e+01
1.181414e+01
1.182130e+01
1.182846e+01
1.183562e+01
1.184277e+01
1.184993e+01
1.185709e+01
1.186424e+01
1.187140e+01
1.187856e+01
1.188571e+01
1.189287e+01
1.190003e+01
1.190719e+01
1.191434e+01
1.192150e+01
1.192866e+01
1.193581e+01
1.194297e+01
1.195013e+01
1.195728e+01
1.196444e+01
1.197160e+01
1.197875e+01
1.198591e+01
1.199307e+01
1.200023e+01
1.200738e+01
1.201454e+01
1.202170e+01
1.202885e+01
1.203601e+01
1.204317e+01
1.205032e+01
1.205748e+01
1.206464e+01
1.207180e+01
1.207895e+01
1.208611e+01
1.209327e+01
1.210042e+01
1.210758e+01
1.211474e+01
1.212189e+01
1.212905e+01
1.213621e+01
1.214337e+01
1.215052e+01
1.215768e+01
1.216484e+01
1.217199e+01
1.217915e+01
1.218631e+01
1.219347e+01
1.220062e+01
1.220778e+01
1.221494e+01
1.222209e+01
1.222925e+01
1.223641e+01
1.224356e+01
1.225072e+01
1.225788e+01
1.226504e+01
1.227219e+01
1.227935e+01
1.228651e+01
1.229366e+01
1.230082e+01
1.230798e+01
1.231513e+01
1.232229e+01
1.232945e+01
1.233660e+01
1.234376e+01
1.235092e+01
1.235808e+01
1.236523e+01
1.237239e+01
1.237955e+01
1.238670e+01
1.239386e+01
1.240102e+01
1.240817e+01
1.241533e+01
1.242249e+01
1.242965e+01
1.243680e+01
1.244396e+01
1.245112e+01
1.245827e+01
1.246543e+01
1.247259e+01
1.247974e+01
1.248690e+01
1.249406e+01
1.250122e+01
1.250837e+01
1.251553e+01
1.252269e+01
1.252984e+01
1.253700e+01
1.254416e+01
1.255131e+01
1.255847e+01
1.256563e+01
1.257279e+01
1.257994e+01
1.258710e+01
1.259426e+01
1.260141e+01
1.260857e+01
1.261573e+01
1.262288e+01
1.263004e+01
1.263720e+01
1.264436e+01
1.265151e+01
1.265867e+01
1.266583e+01
1.267298e+01
1.268014e+01
1.268730e+01
1.269445e+01
1.270161e+01
1.270877e+01
1.271593e+01
1.272308e+01
1.273024e+01
1.273740e+01
1.274455e+01
1.275171e+01
1.275887e+01
1.276602e+01
1.277318e+01
1.278034e+01
1.278750e+01
1.279465e+01
1.280181e+01
1.280897e+01
1.281612e+01
1.282328e+01
1.283044e+01
1.283759e+01
1.284475e+01
1.285191e+01
1.285907e+01
1.286622e+01
1.287344e+01
1.288066e+01
1.288788e+01
1.289510e+01
1.290231e+01
1.290953e+01
1.291675e+01
1.292397e+01
1.293119e+01
1.293841e+01
1.294562e+01
1.295284e+01
1.296006e+01
1.296728e+01
1.297450e+01
1.298172e+01
1.298893e+01
1.299615e+01
1.300337e+01
1.301059e+01
1.301781e+01
1.302503e+01
1.303224e+01
1.303946e+01
1.304668e+01
1.305390e+01
1.306112e+01
1.306834e+01
1.307555e+01
1.308277e+01
1.308999e+01
1.309721e+01
1.310443e+01
1.311165e+01
1.311886e+01
1.312608e+01
1.313330e+01
1.314052e+01
1.314774e+01
1.315496e+01
1.316217e+01
1.316939e+01
1.317661e+01
1.318383e+01
1.319105e+01
1.319827e+01
1.320548e+01
1.321270e+01
1.321992e+01
1.322714e+01
1.323436e+01
1.324158e+01
1.324879e+01
1.325601e+01
1.326323e+01
1.327045e+01
1.327767e+01
1.328489e+01
1.329211e+01
1.329932e+01
1.330654e+01
1.331376e+01
1.332098e+01
1.332820e+01
1.333542e+01
1.334263e+01
1.334985e+01
1.335707e+01
1.336429e+01
1.337151e+01
1.337873e+01
1.338594e+01
1.339316e+01
1.340038e+01
1.340760e+01
1.341482e+01
1.342204e+01
1.342925e+01
1.343647e+01
1.344369e+01
1.345091e+01
1.345813e+01
1.346535e+01
1.347256e+01
1.347978e+01
1.348700e+01
1.349422e+01
1.350144e+01
1.350866e+01
1.351587e+01
1.352309e+01
1.353031e+01
1.353753e+01
1.354475e+01
1.355197e+01
1.355918e+01
1.356640e+01
1.357362e+01
1.358084e+01
1.358806e+01
1.359528e+01
1.360249e+01
1.360971e+01
1.361693e+01
1.362415e+01
1.363137e+01
1.363859e+01
1.364580e+01
1.365302e+01
1.366024e+01
1.366746e+01
1.367468e+01
1.368190e+01
1.368911e+01
1.369633e+01
1.370355e+01
1.371077e+01
1.371799e+01
1.372521e+01
1.373242e+01
1.373964e+01
1.374686e+01
1.375408e+01
1.376130e+01
1.376852e+01
1.377573e+01
1.378295e+01
1.379017e+01
1.379739e+01
1.380461e+01
1.381183e+01
1.381904e+01
1.382626e+01
1.383348e+01
1.384070e+01
1.384792e+01
1.385514e+01
1.386236e+01
1.386957e+01
1.387679e+01
1.388401e+01
1.389123e+01
1.389845e+01
1.390567e+01
1.391288e+01
1.392010e+01
1.392732e+01
1.393454e+01
1.394176e+01
1.394898e+01
1.395619e+01
1.396341e+01
1.397063e+01
1.397785e+01
1.398507e+01
1.399229e+01
1.399950e+01
1.400672e+01
1.401394e+01
1.402116e+01
1.402838e+01
1.403560e+01
1.404281e+01
1.405003e+01
1.405725e+01
1.406447e+01
1.407169e+01
1.407891e+01
1.408612e+01
1.409334e+01
1.410056e+01
1.410778e+01
1.411500e+01
1.412222e+01
1.412943e+01
1.413665e+01
1.414387e+01
1.415109e+01
1.415831e+01
1.416553e+01
1.417274e+01
1.417996e+01
1.418718e+01
1.419440e+01
1.420162e+01
1.420884e+01
1.421605e+01
1.422327e+01
1.423049e+01
1.423771e+01
1.424493e+01
1.425215e+01
1.425936e+01
1.426658e+01
1.427380e+01
1.428102e+01
1.428824e+01
1.429546e+01
1.430267e+01
1.430989e+01
1.431711e+01
1.432451e+01
1.433191e+01
1.433931e+01
1.434671e+01
1.435411e+01
1.436151e+01
1.436891e+01
1.437631e+01
1.438371e+01
1.439111e+01
1.439851e+01
1.440591e+01
1.441331e+01
1.442071e+01
1.442811e+01
1.443551e+01
1.444291e+01
1.445031e+01
1.445771e+01
1.446511e+01
1.447251e+01
1.447991e+01
1.448731e+01
1.449471e+01
1.450211e+01
1.450951e+01
1.451691e+01
1.452431e+01
1.453171e+01
1.453911e+01
1.454651e+01
1.455391e+01
1.456131e+01
1.456871e+01
1.457611e+01
1.458351e+01
1.459091e+01
1.459831e+01
1.460571e+01
1.461311e+01
1.462051e+01
1.462791e+01
1.463531e+01
1.464271e+01
1.465011e+01
1.465751e+01
1.466491e+01
1.467231e+01
1.467971e+01
1.468711e+01
1.469451e+01
1.470191e+01
1.470931e+01
1.471671e+01
1.472411e+01
1.473151e+01
1.473891e+01
1.474631e+01
1.475371e+01
1.476111e+01
1.476851e+01
1.477591e+01
1.478331e+01
1.479071e+01
1.479811e+01
1.480551e+01
1.481291e+01
1.482031e+01
1.482771e+01
1.483511e+01
1.484251e+01
1.484991e+01
1.485731e+01
1.486471e+01
1.487211e+01
1.487951e+01
1.488691e+01
1.489431e+01
1.490171e+01
1.490911e+01
1.491651e+01
1.492391e+01
1.493130e+01
1.493871e+01
1.494610e+01
1.495350e+01
1.496090e+01
1.496830e+01
1.497570e+01
1.498310e+01
1.499050e+01
1.499790e+01
1.500530e+01
1.501270e+01
1.502010e+01
1.502750e+01
1.503490e+01
1.504230e+01
1.504970e+01
1.505710e+01
1.506450e+01
1.507190e+01
1.507930e+01
1.508670e+01
1.509410e+01
1.510150e+01
1.510890e+01
1.511630e+01
1.512370e+01
1.513110e+01
1.513850e+01
1.514590e+01
1.515330e+01
1.516070e+01
1.516810e+01
1.517550e+01
1.518290e+01
1.519030e+01
1.519770e+01
1.520510e+01
1.521250e+01
1.521990e+01
1.522730e+01
1.523470e+01
1.524210e+01
1.524950e+01
1.525690e+01
1.526430e+01
1.527170e+01
1.527910e+01
1.528650e+01
1.529390e+01
1.530130e+01
1.530870e+01
1.531610e+01
1.532350e+01
1.533090e+01
1.533830e+01
1.534570e+01
1.535310e+01
1.536050e+01
1.536790e+01
1.537530e+01
1.538270e+01
1.539010e+01
1.539750e+01
1.540490e+01
1.541230e+01
1.541970e+01
1.542710e+01
1.543450e+01
1.544190e+01
1.544930e+01
1.545670e+01
1.546410e+01
1.547150e+01
1.547890e+01
1.548630e+01
1.549370e+01
1.550110e+01
1.550850e+01
1.551590e+01
1.552330e+01
1.553070e+01
1.553810e+01
1.554550e+01
1.555290e+01
1.556030e+01
1.556770e+01
1.557510e+01
1.558250e+01
1.558990e+01
1.559730e+01
1.560470e+01
1.561210e+01
1.561950e+01
1.562690e+01
1.563430e+01
1.564170e+01
1.564910e+01
1.565650e+01
1.566390e+01
1.567130e+01
1.567870e+01
1.568610e+01
1.569350e+01
1.570090e+01
1.570830e+01
1.571570e+01
1.572310e+01
1.573050e+01
1.573790e+01
1.574530e+01
1.575270e+01
1.576010e+01
1.576750e+01
1.577490e+01
1.578230e+01
1.578970e+01
1.579710e+01
1.580450e+01
1.581190e+01
1.581930e+01
1.582670e+01
1.583410e+01
1.584150e+01
1.584890e+01
1.585630e+01
1.586370e+01
1.587110e+01
1.587850e+01
1.588590e+01
1.589330e+01
1.590070e+01
1.590810e+01
1.591550e+01
1.592290e+01
1.593029e+01
1.593770e+01
1.594509e+01
1.595249e+01
1.595989e+01
1.596729e+01
1.597469e+01
1.598209e+01
1.598949e+01
1.599689e+01
1.600429e+01
1.601169e+01
1.601909e+01
1.602649e+01
1.603389e+01
1.604129e+01
1.604869e+01
1.605609e+01
1.606349e+01
1.607089e+01
1.607829e+01
1.608569e+01
1.609309e+01
1.610049e+01
1.610789e+01
1.611529e+01
1.612269e+01
1.613009e+01
1.613749e+01
1.614489e+01
1.615229e+01
1.615969e+01
1.616709e+01
1.617449e+01
1.618189e+01
1.618929e+01
1.619669e+01
1.620409e+01
1.621149e+01
1.621889e+01
1.622629e+01
1.623369e+01
1.624109e+01
1.624849e+01
1.625589e+01
1.626329e+01
1.627069e+01
1.627809e+01
1.628549e+01
1.629289e+01
1.630029e+01
1.630769e+01
1.631509e+01
1.632249e+01
1.632989e+01
1.633729e+01
1.634469e+01
1.635209e+01
1.635949e+01
1.636689e+01
1.637429e+01
1.638169e+01
1.638909e+01
1.639649e+01
1.640389e+01
1.641129e+01
1.641869e+01
1.642609e+01
1.643349e+01
1.644089e+01
1.644829e+01
1.645569e+01
1.646309e+01
1.647049e+01
1.647789e+01
1.648529e+01
1.649269e+01
1.650009e+01
1.650749e+01
1.651489e+01
1.652229e+01
1.652969e+01
1.653709e+01
1.654449e+01
1.655189e+01
1.655942e+01
1.656694e+01
1.657447e+01
1.658200e+01
1.658952e+01
1.659705e+01
1.660458e+01
1.661210e+01
1.661963e+01
1.662716e+01
1.663468e+01
1.664221e+01
1.664974e+01
1.665726e+01
1.666479e+01
1.667232e+01
1.667984e+01
1.668737e+01
1.669490e+01
1.670242e+01
1.670995e+01
1.671748e+01
1.672500e+01
1.673253e+01
1.674006e+01
1.674759e+01
1.675511e+01
1.676264e+01
1.677017e+01
1.677769e+01
1.678522e+01
1.679275e+01
1.680027e+01
1.680780e+01
1.681533e+01
1.682285e+01
1.683038e+01
1.683791e+01
1.684543e+01
1.685296e+01
1.686049e+01
1.686801e+01
1.687554e+01
1.688307e+01
1.689059e+01
1.689812e+01
1.690565e+01
1.691317e+01
1.692070e+01
1.692823e+01
1.693575e+01
1.694328e+01
1.695081e+01
1.695833e+01
1.696586e+01
1.697339e+01
1.698092e+01
1.698844e+01
1.699597e+01
1.700350e+01
1.701102e+01
1.701855e+01
1.702608e+01
1.703360e+01
1.704113e+01
1.704866e+01
1.705618e+01
1.706371e+01
1.707124e+01
1.707876e+01
1.708629e+01
1.709382e+01
1.710134e+01
1.710887e+01
1.711640e+01
1.712392e+01
1.713145e+01
1.713898e+01
1.714650e+01
1.715403e+01
1.716156e+01
1.716908e+01
1.717661e+01
1.718414e+01
1.719167e+01
1.719919e+01
1.720672e+01
1.721425e+01
1.722177e+01
1.722930e+01
1.723683e+01
1.724435e+01
1.725188e+01
1.725941e+01
1.726693e+01
1.727446e+01
1.728199e+01
1.728951e+01
1.729704e+01
1.730457e+01
1.731209e+01
1.731962e+01
1.732715e+01
1.733467e+01
1.734220e+01
1.734973e+01
1.735725e+01
1.736478e+01
1.737231e+01
1.737983e+01
1.738736e+01
1.739489e+01
1.740242e+01
1.740994e+01
1.741747e+01
1.742500e+01
1.743252e+01
1.744005e+01
1.744758e+01
1.745510e+01
1.746263e+01
1.747016e+01
1.747768e+01
1.748521e+01
1.749274e+01
1.750026e+01
1.750779e+01
1.751532e+01
1.752284e+01
1.753037e+01
1.753790e+01
1.754542e+01
1.755295e+01
1.756048e+01
1.756800e+01
1.757553e+01
1.758306e+01
1.759058e+01
1.759811e+01
1.760564e+01
1.761317e+01
1.762069e+01
1.762822e+01
1.763575e+01
1.764327e+01
1.765080e+01
1.765833e+01
1.766585e+01
1.767338e+01
1.768091e+01
1.768843e+01
1.769596e+01
1.770349e+01
1.771101e+01
1.771854e+01
1.772607e+01
1.773359e+01
1.774112e+01
1.774865e+01
1.775617e+01
1.776370e+01
1.777123e+01
1.777875e+01
1.778628e+01
1.779381e+01
1.780133e+01
1.780886e+01
1.781639e+01
1.782392e+01
1.783144e+01
1.783897e+01
1.784650e+01
1.785402e+01
1.786155e+01
1.786908e+01
1.787660e+01
1.788413e+01
1.789166e+01
1.789918e+01
1.790671e+01
1.791424e+01
1.792176e+01
1.792929e+01
1.793682e+01
1.794434e+01
1.795187e+01
1.795940e+01
1.796692e+01
1.797445e+01
1.798198e+01
1.798950e+01
1.799703e+01
1.800456e+01
1.801208e+01
1.801961e+01
1.802714e+01
1.803467e+01
1.804219e+01
1.804972e+01
1.805725e+01
1.806477e+01
1.807230e+01
1.807983e+01
1.808735e+01
1.809488e+01
1.810241e+01
1.810993e+01
1.811746e+01
1.812499e+01
1.813251e+01
1.814004e+01
1.814757e+01
1.815509e+01
1.816262e+01
1.817015e+01
1.817767e+01
1.818520e+01
1.819273e+01
1.820025e+01
1.820778e+01
1.821531e+01
1.822283e+01
1.823036e+01
1.823789e+01
1.824541e+01
1.825294e+01
1.826047e+01
1.826800e+01
1.827552e+01
1.828305e+01
1.829058e+01
1.829810e+01
1.830563e+01
1.831316e+01
1.832068e+01
1.832821e+01
1.833574e+01
1.834326e+01
1.835079e+01
1.835832e+01
1.836584e+01
1.837337e+01
1.838090e+01
1.838842e+01
1.839595e+01
1.840348e+01
1.841100e+01
1.841853e+01
1.842606e+01
1.843358e+01
1.844111e+01
1.844864e+01
1.845616e+01
1.846369e+01
1.847122e+01
1.847874e+01
1.848627e+01
1.849380e+01
1.850133e+01
1.850885e+01
1.851638e+01
1.852391e+01
1.853143e+01
1.853896e+01
1.854649e+01
1.855401e+01
1.856154e+01
1.856907e+01
1.857659e+01
1.858412e+01
1.859165e+01
1.859917e+01
1.860670e+01
1.861423e+01
1.862175e+01
1.862928e+01
1.863681e+01
1.864433e+01
1.865186e+01
1.865939e+01
1.866691e+01
1.867444e+01
1.868197e+01
1.868949e+01
1.869702e+01
1.870455e+01
1.871208e+01
1.871960e+01
1.872713e+01
1.873466e+01
1.874218e+01
1.874971e+01
1.875724e+01
1.876476e+01
1.877229e+01
1.877982e+01
1.878734e+01
1.879487e+01
1.880240e+01
1.880992e+01
1.881745e+01
1.882498e+01
1.883250e+01
1.884003e+01
1.884756e+01
1.885508e+01
1.886261e+01
1.887014e+01
1.887766e+01
1.888519e+01
1.889272e+01
1.890024e+01
1.890777e+01
1.891530e+01
1.892283e+01
1.893035e+01
1.893788e+01
1.894541e+01
1.895293e+01
1.896046e+01
1.896799e+01
1.897551e+01
1.898304e+01
1.899057e+01
1.899809e+01
1.900562e+01
1.901315e+01
1.902067e+01
1.902820e+01
1.903573e+01
1.904325e+01
1.905078e+01
1.905831e+01
1.906583e+01
1.907336e+01
1.908089e+01
1.908841e+01
1.909594e+01
1.910347e+01
1.911099e+01
1.911852e+01
1.912605e+01
1.913358e+01
1.914110e+01
1.914863e+01
1.915616e+01
1.916368e+01
1.917121e+01
1.917874e+01
1.918626e+01
1.919379e+01
1.920132e+01
1.920884e+01
1.921637e+01
1.922390e+01
1.923142e+01
1.923895e+01
1.924648e+01
1.925400e+01
1.926153e+01
1.926906e+01
1.927658e+01
1.928411e+01
1.929164e+01
1.929916e+01
1.930669e+01
1.931422e+01
1.932174e+01
1.932927e+01
1.933680e+01
1.934433e+01
1.935185e+01
1.935938e+01
1.936691e+01
1.937443e+01
1.938196e+01
1.938949e+01
1.939701e+01
1.940454e+01
1.941207e+01
1.941959e+01
1.942712e+01
1.943465e+01
1.944217e+01
1.944970e+01
1.945723e+01
1.946475e+01
1.947228e+01
1.947981e+01
1.948733e+01
1.949486e+01
1.950239e+01
1.950991e+01
1.951744e+01
1.952497e+01
1.953249e+01
1.954002e+01
1.954755e+01
1.955507e+01
1.956260e+01
1.957013e+01
1.957766e+01
1.958518e+01
1.959271e+01
1.960024e+01
1.960776e+01
1.961529e+01
1.962282e+01
1.963034e+01
1.963787e+01
1.964540e+01
1.965292e+01
1.966045e+01
1.966798e+01
1.967550e+01
1.968303e+01
1.969056e+01
1.969808e+01
1.970561e+01
1.971314e+01
1.972066e+01
1.972819e+01
1.973572e+01
1.974324e+01
1.975077e+01
1.975830e+01
1.976582e+01
1.977335e+01
1.978088e+01
1.978840e+01
1.979593e+01
1.980346e+01
1.981099e+01
1.981851e+01
1.982604e+01
1.983357e+01
1.984109e+01
1.984862e+01
1.985615e+01
1.986367e+01
1.987120e+01
1.987873e+01
1.988625e+01
1.989378e+01
1.990131e+01
1.990883e+01
1.991636e+01
1.992389e+01
1.993141e+01
1.993894e+01
1.994647e+01
1.995399e+01
1.996152e+01
1.996905e+01
1.997657e+01
1.998410e+01
1.999163e+01
1.999915e+01
2.000668e+01
2.001421e+01
2.002174e+01
2.002926e+01
2.003679e+01
2.004432e+01
2.005184e+01
2.005937e+01
2.006690e+01
2.007442e+01
2.008195e+01
2.008948e+01
2.009700e+01
2.010453e+01
2.011206e+01
2.011958e+01
2.012711e+01
2.013464e+01
2.014216e+01
2.014969e+01
2.015722e+01
2.016474e+01
2.017227e+01
2.017980e+01
2.018732e+01
2.019485e+01
2.020238e+01
2.020990e+01
2.021743e+01
2.022496e+01
2.023249e+01
2.024001e+01
2.024754e+01
2.025507e+01
2.026259e+01
2.027012e+01
2.027765e+01
2.028517e+01
2.029270e+01
2.030023e+01
2.030775e+01
2.031528e+01
2.032281e+01
2.033033e+01
2.033820e+01
2.034607e+01
2.035393e+01
2.036180e+01
2.036967e+01
2.037753e+01
2.038540e+01
2.039327e+01
2.040113e+01
2.040900e+01
2.041687e+01
2.042474e+01
2.043260e+01
2.044047e+01
2.044834e+01
2.045620e+01
2.046407e+01
2.047194e+01
2.047980e+01
2.048767e+01
2.049554e+01
2.050340e+01
2.051127e+01
2.051914e+01
2.052700e+01
2.053487e+01
2.054274e+01
2.055060e+01
2.055847e+01
2.056634e+01
2.057420e+01
2.058207e+01
2.058994e+01
2.059780e+01
2.060567e+01
2.061354e+01
2.062140e+01
2.062927e+01
2.063714e+01
2.064501e+01
2.065287e+01
2.066074e+01
2.066861e+01
2.067647e+01
2.068434e+01
2.069221e+01
2.070007e+01
2.070794e+01
2.071581e+01
2.072367e+01
2.073154e+01
2.073941e+01
2.074727e+01
2.075514e+01
2.076301e+01
2.077087e+01
2.077874e+01
2.078661e+01
2.079447e+01
2.080234e+01
2.081021e+01
2.081807e+01
2.082594e+01
2.083381e+01
2.084168e+01
2.084954e+01
2.085741e+01
2.086528e+01
2.087314e+01
2.088101e+01
2.088888e+01
2.089674e+01
2.090461e+01
2.091248e+01
2.092034e+01
2.092821e+01
2.093608e+01
2.094394e+01
2.095181e+01
2.095968e+01
2.096754e+01
2.097541e+01
2.098328e+01
2.099114e+01
2.099901e+01
2.100688e+01
2.101475e+01
2.102261e+01
2.103048e+01
2.103835e+01
2.104621e+01
2.105408e+01
2.106195e+01
2.106981e+01
2.107768e+01
2.108555e+01
2.109341e+01
2.110128e+01
2.110915e+01
2.111701e+01
2.112488e+01
2.113275e+01
2.114061e+01
2.114848e+01
2.115635e+01
2.116421e+01
2.117208e+01
2.117995e+01
2.118781e+01
2.119568e+01
2.120355e+01
2.121141e+01
2.121928e+01
2.122715e+01
2.123502e+01
2.124288e+01
2.125075e+01
2.125862e+01
2.126648e+01
2.127435e+01
2.128222e+01
2.129008e+01
2.129795e+01
2.130582e+01
2.131368e+01
2.132155e+01
2.132942e+01
2.133728e+01
2.134515e+01
2.135302e+01
2.136088e+01
2.136875e+01
2.137662e+01
2.138448e+01
2.139235e+01
2.140022e+01
2.140808e+01
2.141595e+01
2.142382e+01
2.143169e+01
2.143955e+01
2.144742e+01
2.145529e+01
2.146315e+01
2.147102e+01
2.147889e+01
2.148675e+01
2.149462e+01
2.150249e+01
2.151035e+01
2.151822e+01
2.152609e+01
2.153395e+01
2.154182e+01
2.154969e+01
2.155755e+01
2.156542e+01
2.157329e+01
2.158115e+01
2.158902e+01
2.159689e+01
2.160475e+01
2.161262e+01
2.162049e+01
2.162836e+01
2.163622e+01
2.164409e+01
2.165196e+01
2.165982e+01
2.166769e+01
2.167556e+01
2.168342e+01
2.169129e+01
2.169916e+01
2.170702e+01
2.171489e+01
2.172276e+01
2.173062e+01
2.173849e+01
2.174636e+01
2.175422e+01
2.176209e+01
2.176996e+01
2.177782e+01
2.178569e+01
2.179356e+01
2.180142e+01
2.180929e+01
2.181716e+01
2.182503e+01
2.183289e+01
2.184076e+01
2.184863e+01
2.185649e+01
2.186436e+01
2.187223e+01
2.188009e+01
2.188796e+01
2.189583e+01
2.190369e+01
2.191156e+01
2.191943e+01
2.192729e+01
2.193516e+01
2.194303e+01
2.195089e+01
2.195876e+01
2.196663e+01
2.197449e+01
2.198236e+01
2.199023e+01
2.199809e+01
2.200596e+01
2.201383e+01
2.202170e+01
2.202956e+01
2.203743e+01
2.204530e+01
2.205316e+01
2.206103e+01
2.206890e+01
2.207676e+01
2.208463e+01
2.209250e+01
2.210036e+01
2.210823e+01
2.211610e+01
2.212396e+01
2.213183e+01
2.213970e+01
2.214756e+01
2.215543e+01
2.216330e+01
2.217116e+01
2.217903e+01
2.218690e+01
2.219476e+01
2.220263e+01
2.221050e+01
2.221837e+01
2.222623e+01
2.223410e+01
2.224197e+01
2.224983e+01
2.225770e+01
2.226557e+01
2.227343e+01
2.228130e+01
2.228917e+01
2.229703e+01
2.230490e+01
2.231277e+01
2.232063e+01
2.232850e+01
2.233637e+01
2.234423e+01
2.235210e+01
2.235997e+01
2.236783e+01
2.237570e+01
2.238357e+01
2.239143e+01
2.239930e+01
2.240717e+01
2.241503e+01
2.242290e+01
2.243077e+01
2.243864e+01
2.244650e+01
2.245437e+01
2.246224e+01
2.247010e+01
2.247797e+01
2.248584e+01
2.249370e+01
2.250157e+01
2.250944e+01
2.251730e+01
2.252517e+01
2.253304e+01
2.254090e+01
2.254877e+01
2.255664e+01
2.256450e+01
2.257237e+01
2.258024e+01
2.258810e+01
2.259597e+01
2.260384e+01
2.261171e+01
2.261957e+01
2.262744e+01
2.263531e+01
2.264317e+01
2.265104e+01
2.265891e+01
2.266677e+01
2.267464e+01
2.268251e+01
2.269037e+01
2.269824e+01
2.270611e+01
2.271397e+01
2.272184e+01
2.272971e+01
2.273757e+01
2.274544e+01
2.275331e+01
2.276117e+01
2.276904e+01
2.277691e+01
2.278477e+01
2.279264e+01
2.280051e+01
2.280838e+01
2.281624e+01
2.282411e+01
2.283198e+01
2.283984e+01
2.284771e+01
2.285558e+01
2.286344e+01
2.287131e+01
2.287918e+01
2.288704e+01
2.289491e+01
2.290278e+01
2.291064e+01
2.291851e+01
2.292638e+01
2.293424e+01
2.294211e+01
2.294998e+01
2.295784e+01
2.296571e+01
2.297358e+01
2.298144e+01
2.298931e+01
2.299718e+01
2.300504e+01
2.301291e+01
2.302078e+01
2.302865e+01
2.303651e+01
2.304438e+01
2.305225e+01
2.306011e+01
2.306798e+01
2.307585e+01
2.308371e+01
2.309158e+01
2.309945e+01
2.310731e+01
2.311518e+01
2.312305e+01
2.313091e+01
2.313878e+01
2.314665e+01
2.315451e+01
2.316238e+01
2.317025e+01
2.317811e+01
2.318598e+01
2.319385e+01
2.320172e+01
2.320958e+01
2.321745e+01
2.322532e+01
2.323318e+01
2.324105e+01
2.324892e+01
2.325678e+01
2.326465e+01
2.327252e+01
2.328038e+01
2.328825e+01
2.329612e+01
2.330398e+01
2.331185e+01
2.331972e+01
2.332758e+01
2.333545e+01
2.334332e+01
2.335118e+01
2.335905e+01
2.336692e+01
2.337478e+01
2.338265e+01
2.339052e+01
2.339839e+01
2.340625e+01
2.341412e+01
2.342199e+01
2.342985e+01
2.343772e+01
2.344559e+01
2.345345e+01
2.346132e+01
2.346919e+01
2.347705e+01
2.348492e+01
2.349279e+01
2.350065e+01
2.350852e+01
2.351639e+01
2.352425e+01
2.353212e+01
2.353999e+01
2.354785e+01
2.355572e+01
2.356359e+01
2.357145e+01
2.357932e+01
2.358719e+01
2.359505e+01
2.360292e+01
2.361079e+01
2.361866e+01
2.362652e+01
2.363439e+01
2.364226e+01
2.365012e+01
2.365799e+01
2.366586e+01
2.367372e+01
2.368159e+01
2.368946e+01
2.369732e+01
2.370519e+01
2.371306e+01
2.372092e+01
2.372879e+01
2.373666e+01
2.374452e+01
2.375239e+01
2.376026e+01
2.376812e+01
2.377599e+01
2.378386e+01
2.379173e+01
2.379959e+01
2.380746e+01
2.381533e+01
2.382319e+01
2.383106e+01
2.383893e+01
2.384679e+01
2.385466e+01
2.386253e+01
2.387039e+01
2.387826e+01
2.388613e+01
2.389399e+01
2.390186e+01
2.390973e+01
2.391759e+01
2.392546e+01
2.393333e+01
2.394119e+01
2.394906e+01
2.395693e+01
2.396479e+01
2.397266e+01
2.398053e+01
2.398839e+01
2.399626e+01
2.400413e+01
2.401200e+01
2.401986e+01
2.402773e+01
2.403560e+01
2.404346e+01
2.405133e+01
2.405920e+01
2.406706e+01
2.407493e+01
2.408280e+01
2.409066e+01
2.409853e+01
2.410640e+01
2.411426e+01
2.412213e+01
2.413000e+01
2.413786e+01
2.414573e+01
2.415360e+01
2.416146e+01
2.416933e+01
2.417720e+01
2.418506e+01
2.419293e+01
2.420080e+01
2.420867e+01
2.421653e+01
2.422440e+01
2.423227e+01
2.424013e+01
2.424800e+01
2.425587e+01
2.426373e+01
2.427160e+01
2.427947e+01
2.428733e+01
2.429505e+01
2.430277e+01
2.431049e+01
2.431821e+01
2.432593e+01
2.433365e+01
2.434137e+01
2.434909e+01
2.435681e+01
2.436453e+01
2.437225e+01
2.437997e+01
2.438769e+01
2.439541e+01
2.440313e+01
2.441085e+01
2.441857e+01
2.442629e+01
2.443401e+01
2.444173e+01
2.444945e+01
2.445717e+01
2.446489e+01
2.447261e+01
2.448033e+01
2.448804e+01
2.449576e+01
2.450348e+01
2.451120e+01
2.451892e+01
2.452664e+01
2.453436e+01
2.454208e+01
2.454980e+01
2.455752e+01
2.456524e+01
2.457296e+01
2.458068e+01
2.458840e+01
2.459612e+01
2.460384e+01
2.461156e+01
2.461928e+01
2.462700e+01
2.463472e+01
2.464244e+01
2.465016e+01
2.465788e+01
2.466560e+01
2.467332e+01
2.468104e+01
2.468876e+01
2.469648e+01
2.470420e+01
2.471192e+01
2.471964e+01
2.472736e+01
2.473507e+01
2.474279e+01
2.475051e+01
2.475823e+01
2.476595e+01
2.477367e+01
2.478139e+01
2.478911e+01
2.479683e+01
2.480455e+01
2.481227e+01
2.481999e+01
2.482771e+01
2.483543e+01
2.484315e+01
2.485087e+01
2.485859e+01
2.486631e+01
2.487403e+01
2.488175e+01
2.488947e+01
2.489719e+01
2.490491e+01
2.491263e+01
2.492035e+01
2.492807e+01
2.493579e+01
2.494351e+01
2.495123e+01
2.495895e+01
2.496667e+01
2.497439e+01
2.498210e+01
2.498982e+01
2.499754e+01
2.500526e+01
2.501298e+01
2.502070e+01
2.502842e+01
2.503614e+01
2.504386e+01
2.505158e+01
2.505930e+01
2.506702e+01
2.507474e+01
2.508246e+01
2.509018e+01
2.509790e+01
2.510562e+01
2.511334e+01
2.512106e+01
2.512878e+01
2.513650e+01
2.514422e+01
2.515194e+01
2.515966e+01
2.516738e+01
2.517510e+01
2.518282e+01
2.519054e+01
2.519826e+01
2.520598e+01
2.521370e+01
2.522141e+01
2.522913e+01
2.523685e+01
2.524457e+01
2.525229e+01
2.526001e+01
2.526773e+01
2.527545e+01
2.528317e+01
2.529089e+01
2.529861e+01
2.530633e+01
2.531405e+01
2.532177e+01
2.532949e+01
2.533721e+01
2.534493e+01
2.535265e+01
2.536037e+01
2.536809e+01
2.537581e+01
2.538353e+01
2.539125e+01
2.539897e+01
2.540669e+01
2.541441e+01
2.542213e+01
2.542985e+01
2.543757e+01
2.544529e+01
2.545301e+01
2.546073e+01
2.546844e+01
2.547616e+01
2.548388e+01
2.549160e+01
2.549932e+01
2.550704e+01
2.551476e+01
2.552248e+01
2.553020e+01
2.553792e+01
2.554564e+01
2.555336e+01
2.556108e+01
2.556880e+01
2.557652e+01
2.558424e+01
2.559196e+01
2.559968e+01
2.560740e+01
2.561512e+01
2.562284e+01
2.563056e+01
2.563828e+01
2.564600e+01
2.565372e+01
2.566144e+01
2.566916e+01
2.567688e+01
2.568460e+01
2.569232e+01
2.570004e+01
2.570775e+01
2.571547e+01
2.572319e+01
2.573091e+01
2.573863e+01
2.574635e+01
2.575407e+01
2.576179e+01
2.576951e+01
2.577723e+01
2.578495e+01
2.579267e+01
2.580039e+01
2.580811e+01
2.581583e+01
2.582355e+01
2.583127e+01
2.583899e+01
2.584671e+01
2.585443e+01
2.586215e+01
2.586987e+01
2.587759e+01
2.588531e+01
2.589303e+01
2.590075e+01
2.590847e+01
2.591619e+01
2.592391e+01
2.593163e+01
2.593935e+01
2.594706e+01
2.595478e+01
2.596250e+01
2.597022e+01
2.597794e+01
2.598566e+01
2.599338e+01
2.600110e+01
2.600882e+01
2.601654e+01
2.602426e+01
2.603198e+01
2.603970e+01
2.604742e+01
2.605514e+01
2.606286e+01
2.607058e+01
2.607830e+01
2.608602e+01
2.609374e+01
2.610146e+01
2.610918e+01
2.611690e+01
2.612462e+01
2.613234e+01
2.614006e+01
2.614778e+01
2.615550e+01
2.616322e+01
2.617094e+01
2.617866e+01
2.618638e+01
2.619409e+01
2.620181e+01
2.620953e+01
2.621725e+01
2.622497e+01
2.623269e+01
2.624041e+01
2.624813e+01
2.625585e+01
2.626357e+01
2.627129e+01
2.627901e+01
2.628673e+01
2.629445e+01
2.630217e+01
2.630989e+01
2.631761e+01
2.632533e+01
2.633305e+01
2.634077e+01
2.634849e+01
2.635621e+01
2.636393e+01
2.637165e+01
2.637937e+01
2.638709e+01
2.639481e+01
2.640253e+01
2.641025e+01
2.641797e+01
2.642569e+01
2.643340e+01
2.644112e+01
2.644884e+01
2.645656e+01
2.646428e+01
2.647200e+01
2.647972e+01
2.648744e+01
2.649516e+01
2.650288e+01
2.651060e+01
2.651832e+01
2.652604e+01
2.653376e+01
2.654148e+01
2.654920e+01
2.655692e+01
2.656464e+01
2.657236e+01
2.658008e+01
2.658780e+01
2.659552e+01
2.660324e+01
2.661096e+01
2.661868e+01
2.662640e+01
2.663412e+01
2.664184e+01
2.664955e+01
2.665728e+01
2.666500e+01
2.667271e+01
2.668044e+01
2.668815e+01
2.669587e+01
2.670360e+01
2.671131e+01
2.671903e+01
2.672675e+01
2.673447e+01
2.674219e+01
2.674991e+01
2.675763e+01
2.676535e+01
2.677307e+01
2.678079e+01
2.678851e+01
2.679623e+01
2.680395e+01
2.681167e+01
2.681939e+01
2.682711e+01
2.683483e+01
2.684255e+01
2.685027e+01
2.685799e+01
2.686571e+01
2.687343e+01
2.688115e+01
2.688887e+01
2.689659e+01
2.690430e+01
2.691203e+01
2.691975e+01
2.692746e+01
2.693519e+01
2.694290e+01
2.695062e+01
2.695834e+01
2.696606e+01
2.697378e+01
2.698150e+01
2.698922e+01
2.699694e+01
2.700466e+01
2.701238e+01
2.702010e+01
2.702782e+01
2.703554e+01
2.704326e+01
2.705098e+01
2.705870e+01
2.706642e+01
2.707414e+01
2.708186e+01
2.708958e+01
2.709730e+01
2.710502e+01
2.711274e+01
2.712045e+01
2.712818e+01
2.713590e+01
2.714361e+01
2.715134e+01
2.715905e+01
2.716677e+01
2.717450e+01
2.718221e+01
2.718993e+01
2.719765e+01
2.720537e+01
2.721309e+01
2.722081e+01
2.722853e+01
2.723625e+01
2.724397e+01
2.725169e+01
2.725941e+01
2.726713e+01
2.727485e+01
2.728257e+01
2.729029e+01
2.729801e+01
2.730573e+01
2.731345e+01
2.732117e+01
2.732889e+01
2.733661e+01
2.734433e+01
2.735205e+01
2.735977e+01
2.736749e+01
2.737521e+01
2.738293e+01
2.739065e+01
2.739836e+01
2.740609e+01
2.741381e+01
2.742152e+01
2.742925e+01
2.743696e+01
2.744468e+01
2.745240e+01
2.746012e+01
2.746784e+01
2.747556e+01
2.748328e+01
2.749100e+01
2.749872e+01
2.750644e+01
2.751416e+01
2.752188e+01
2.752960e+01
2.753732e+01
2.754504e+01
2.755276e+01
2.756048e+01
2.756820e+01
2.757592e+01
2.758364e+01
2.759136e+01
2.759908e+01
2.760680e+01
2.761451e+01
2.762224e+01
2.762996e+01
2.763767e+01
2.764540e+01
2.765311e+01
2.766083e+01
2.766856e+01
2.767627e+01
2.768399e+01
2.769171e+01
2.769943e+01
2.770715e+01
2.771487e+01
2.772259e+01
2.773031e+01
2.773803e+01
2.774575e+01
2.775347e+01
2.776119e+01
2.776891e+01
2.777663e+01
2.778435e+01
2.779207e+01
2.779979e+01
2.780751e+01
2.781523e+01
2.782295e+01
2.783067e+01
2.783839e+01
2.784611e+01
2.785383e+01
2.786155e+01
2.786926e+01
2.787699e+01
2.788471e+01
2.789242e+01
2.790015e+01
2.790786e+01
2.791558e+01
2.792331e+01
2.793102e+01
2.793874e+01
2.794646e+01
2.795418e+01
2.796190e+01
2.796962e+01
2.797734e+01
2.798506e+01
2.799278e+01
2.800050e+01
