5.800000e-01
5.803333e-01
5.806667e-01
5.810000e-01
5.813333e-01
5.816667e-01
5.820000e-01
5.823333e-01
5.826667e-01
5.830000e-01
5.833333e-01
5.836667e-01
5.840000e-01
5.843333e-01
5.846667e-01
5.850000e-01
5.853333e-01
5.856667e-01
5.860000e-01
5.863333e-01
5.866667e-01
5.870000e-01
5.873333e-01
5.876667e-01
5.880000e-01
5.883333e-01
5.886667e-01
5.890000e-01
5.893333e-01
5.896667e-01
5.900000e-01
5.901500e-01
5.903000e-01
5.904500e-01
5.906000e-01
5.907500e-01
5.909000e-01
5.910500e-01
5.912000e-01
5.913500e-01
5.915000e-01
5.916500e-01
5.918000e-01
5.919500e-01
5.921000e-01
5.922500e-01
5.924000e-01
5.925500e-01
5.927000e-01
5.928500e-01
5.930000e-01
5.933500e-01
5.937000e-01
5.940500e-01
5.944000e-01
5.947500e-01
5.951000e-01
5.954500e-01
5.958000e-01
5.961500e-01
5.965000e-01
5.968500e-01
5.972000e-01
5.975500e-01
5.979000e-01
5.982500e-01
5.986000e-01
5.989500e-01
5.993000e-01
5.995667e-01
6.000000e-01
6.004333e-01
6.008667e-01
6.013000e-01
6.017333e-01
6.021667e-01
6.026000e-01
6.030333e-01
6.034667e-01
6.039000e-01
6.043333e-01
6.047667e-01
6.052000e-01
6.056333e-01
6.060667e-01
6.065000e-01
6.069333e-01
6.073667e-01
6.078000e-01
6.082333e-01
6.086667e-01
6.091000e-01
6.095333e-01
6.099667e-01
6.104000e-01
6.108333e-01
6.112667e-01
6.117000e-01
6.121333e-01
6.125667e-01
6.130000e-01
6.134000e-01
6.138000e-01
6.142000e-01
6.146000e-01
6.150000e-01
6.154000e-01
6.158000e-01
6.162000e-01
6.166000e-01
6.170000e-01
6.174000e-01
6.178000e-01
6.182000e-01
6.186000e-01
6.190000e-01
6.194000e-01
6.198000e-01
6.202000e-01
6.206000e-01
6.210000e-01
6.214000e-01
6.218000e-01
6.222000e-01
6.226000e-01
6.230000e-01
6.234000e-01
6.238000e-01
6.242000e-01
6.246000e-01
6.250000e-01
6.254000e-01
6.258000e-01
6.262000e-01
6.266000e-01
6.270000e-01
6.274000e-01
6.278000e-01
6.282000e-01
6.286000e-01
6.290000e-01
6.294000e-01
6.298000e-01
6.302000e-01
6.306000e-01
6.310000e-01
6.314000e-01
6.318000e-01
6.322000e-01
6.326000e-01
6.330000e-01
6.332600e-01
6.335200e-01
6.337800e-01
6.340400e-01
6.343000e-01
6.345600e-01
6.348200e-01
6.350800e-01
6.353400e-01
6.356000e-01
6.358600e-01
6.361200e-01
6.363800e-01
6.366400e-01
6.369000e-01
6.371600e-01
6.374200e-01
6.376800e-01
6.379400e-01
6.382000e-01
6.384600e-01
6.387200e-01
6.389800e-01
6.392400e-01
6.395000e-01
6.397600e-01
6.400200e-01
6.402800e-01
6.405400e-01
6.408000e-01
6.410600e-01
6.413200e-01
6.415800e-01
6.418400e-01
6.421000e-01
6.423600e-01
6.426200e-01
6.428800e-01
6.431400e-01
6.434000e-01
6.436600e-01
6.439200e-01
6.441800e-01
6.444400e-01
6.447000e-01
6.449600e-01
6.452200e-01
6.454800e-01
6.457400e-01
6.460000e-01
6.485700e-01
6.511400e-01
6.537100e-01
6.562800e-01
6.588500e-01
6.614200e-01
6.639900e-01
6.665600e-01
6.691300e-01
6.717000e-01
6.742700e-01
6.768400e-01
6.794100e-01
6.819800e-01
6.845500e-01
6.871200e-01
6.896900e-01
6.922600e-01
6.948300e-01
6.974000e-01
6.999700e-01
7.025400e-01
7.051100e-01
7.076800e-01
7.102500e-01
7.128200e-01
7.153900e-01
7.179600e-01
7.205300e-01
7.231000e-01
7.256700e-01
7.282400e-01
7.308100e-01
7.333800e-01
7.359500e-01
7.385200e-01
7.410900e-01
7.436600e-01
7.462300e-01
7.488000e-01
7.513700e-01
7.539400e-01
7.565100e-01
7.590800e-01
7.616500e-01
7.642200e-01
7.667900e-01
7.693600e-01
7.719300e-01
7.745000e-01
7.770700e-01
7.796400e-01
7.822100e-01
7.847800e-01
7.873500e-01
7.899200e-01
7.924900e-01
7.950600e-01
7.976300e-01
8.002000e-01
8.027700e-01
8.053400e-01
8.079100e-01
8.104800e-01
8.130500e-01
8.156200e-01
8.181900e-01
8.207600e-01
8.233300e-01
8.259000e-01
8.284700e-01
8.310400e-01
8.336100e-01
8.361800e-01
8.387500e-01
8.413200e-01
8.438900e-01
8.464600e-01
8.490300e-01
8.516000e-01
8.541700e-01
8.567400e-01
8.593100e-01
8.618800e-01
8.644500e-01
8.670200e-01
8.695900e-01
8.721600e-01
8.747300e-01
8.773000e-01
8.798700e-01
8.824400e-01
8.850100e-01
8.875800e-01
8.901500e-01
8.927200e-01
8.952900e-01
8.978600e-01
9.004300e-01
9.030000e-01
9.037000e-01
9.044000e-01
9.051000e-01
9.058000e-01
9.065000e-01
9.072000e-01
9.079000e-01
9.086000e-01
9.093000e-01
9.100000e-01
9.107000e-01
9.114000e-01
9.121000e-01
9.128000e-01
9.135000e-01
9.142000e-01
9.149000e-01
9.156000e-01
9.163000e-01
9.170000e-01
9.177000e-01
9.184000e-01
9.191000e-01
9.198000e-01
9.205000e-01
9.212000e-01
9.219000e-01
9.226000e-01
9.233000e-01
9.240000e-01
9.247000e-01
9.254000e-01
9.261000e-01
9.268000e-01
9.275000e-01
9.282000e-01
9.289000e-01
9.296000e-01
9.303000e-01
9.310000e-01
9.317000e-01
9.324000e-01
9.331000e-01
9.338000e-01
9.345000e-01
9.352000e-01
9.359000e-01
9.366000e-01
9.373000e-01
9.380000e-01
9.387000e-01
9.394000e-01
9.401000e-01
9.408000e-01
9.415000e-01
9.422000e-01
9.429000e-01
9.436000e-01
9.443000e-01
9.450000e-01
9.457000e-01
9.464000e-01
9.471000e-01
9.478000e-01
9.485000e-01
9.492000e-01
9.499000e-01
9.506000e-01
9.513000e-01
9.520000e-01
9.527000e-01
9.534000e-01
9.541000e-01
9.548000e-01
9.555000e-01
9.562000e-01
9.569000e-01
9.576000e-01
9.583000e-01
9.590000e-01
9.597000e-01
9.604000e-01
9.611000e-01
9.618000e-01
9.625000e-01
9.632000e-01
9.639000e-01
9.646000e-01
9.653000e-01
9.660000e-01
9.667000e-01
9.674000e-01
9.681000e-01
9.688000e-01
9.695000e-01
9.702000e-01
9.709000e-01
9.716000e-01
9.723000e-01
9.730000e-01
9.737000e-01
9.744000e-01
9.751000e-01
9.758000e-01
9.765000e-01
9.772000e-01
9.779000e-01
9.786000e-01
9.793000e-01
9.800000e-01
9.807000e-01
9.814000e-01
9.821000e-01
9.828000e-01
9.835000e-01
9.842000e-01
9.849000e-01
9.856000e-01
9.863000e-01
9.870000e-01
9.877000e-01
9.884000e-01
9.891000e-01
9.898000e-01
9.905000e-01
9.912000e-01
9.919000e-01
9.926000e-01
9.933000e-01
9.940000e-01
9.947000e-01
9.954000e-01
9.961000e-01
9.968000e-01
9.975000e-01
9.982000e-01
9.989000e-01
9.996000e-01
1.000300e+00
1.001000e+00
1.001700e+00
1.002400e+00
1.003100e+00
1.003800e+00
1.004500e+00
1.005200e+00
1.005900e+00
1.006600e+00
1.007300e+00
1.008000e+00
1.008700e+00
1.009400e+00
1.010100e+00
1.010800e+00
1.011500e+00
1.012200e+00
1.012900e+00
1.013600e+00
1.014300e+00
1.015000e+00
1.015700e+00
1.016400e+00
1.017100e+00
1.017800e+00
1.018500e+00
1.019200e+00
1.019900e+00
1.020600e+00
1.021300e+00
1.022000e+00
1.022700e+00
1.023400e+00
1.024100e+00
1.024800e+00
1.025500e+00
1.026200e+00
1.026900e+00
1.027600e+00
1.028300e+00
1.029000e+00
1.029700e+00
1.030400e+00
1.031100e+00
1.031800e+00
1.032500e+00
1.033200e+00
1.033900e+00
1.034600e+00
1.035300e+00
1.036000e+00
1.036700e+00
1.037400e+00
1.038100e+00
1.038800e+00
1.039500e+00
1.040200e+00
1.040900e+00
1.041600e+00
1.042300e+00
1.043000e+00
1.043700e+00
1.044400e+00
1.045100e+00
1.045800e+00
1.046500e+00
1.047200e+00
1.047900e+00
1.048600e+00
1.049300e+00
1.050000e+00
1.050700e+00
1.051400e+00
1.052100e+00
1.052800e+00
1.053500e+00
1.054200e+00
1.054900e+00
1.055600e+00
1.056300e+00
1.057000e+00
1.057700e+00
1.058400e+00
1.059100e+00
1.059800e+00
1.060500e+00
1.061200e+00
1.061900e+00
1.062600e+00
1.063300e+00
1.064000e+00
1.064700e+00
1.065400e+00
1.066100e+00
1.066800e+00
1.067500e+00
1.068200e+00
1.068900e+00
1.069600e+00
1.070300e+00
1.071000e+00
1.071700e+00
1.072400e+00
1.073100e+00
1.073800e+00
1.074500e+00
1.075200e+00
1.075900e+00
1.076600e+00
1.077300e+00
1.078000e+00
1.078700e+00
1.079400e+00
1.080100e+00
1.080800e+00
1.081500e+00
1.082200e+00
1.082900e+00
1.083600e+00
1.084300e+00
1.085000e+00
1.085700e+00
1.086400e+00
1.087100e+00
1.087800e+00
1.088500e+00
1.089200e+00
1.089900e+00
1.090600e+00
1.091300e+00
1.092000e+00
1.092700e+00
1.093400e+00
1.094100e+00
1.094800e+00
1.095500e+00
1.096200e+00
1.096900e+00
1.097600e+00
1.098300e+00
1.099000e+00
1.099700e+00
1.100400e+00
1.101100e+00
1.101800e+00
1.102500e+00
1.103200e+00
1.103900e+00
1.104600e+00
1.105300e+00
1.106000e+00
1.106700e+00
1.107400e+00
1.108100e+00
1.108800e+00
1.109500e+00
1.110200e+00
1.110900e+00
1.111600e+00
1.112300e+00
1.113000e+00
1.113870e+00
1.114740e+00
1.115610e+00
1.116480e+00
1.117350e+00
1.118220e+00
1.119090e+00
1.119960e+00
1.120830e+00
1.121700e+00
1.122570e+00
1.123440e+00
1.124310e+00
1.125180e+00
1.126050e+00
1.126920e+00
1.127790e+00
1.128660e+00
1.129530e+00
1.130400e+00
1.131270e+00
1.132140e+00
1.133010e+00
1.133880e+00
1.134750e+00
1.135620e+00
1.136490e+00
1.137360e+00
1.138230e+00
1.139100e+00
1.139970e+00
1.140840e+00
1.141710e+00
1.142580e+00
1.143450e+00
1.144320e+00
1.145190e+00
1.146060e+00
1.146930e+00
1.147800e+00
1.148670e+00
1.149540e+00
1.150410e+00
1.151280e+00
1.152150e+00
1.153020e+00
1.153890e+00
1.154760e+00
1.155630e+00
1.156500e+00
1.157370e+00
1.158240e+00
1.159110e+00
1.159980e+00
1.160850e+00
1.161720e+00
1.162590e+00
1.163460e+00
1.164330e+00
1.165200e+00
1.166070e+00
1.166940e+00
1.167810e+00
1.168680e+00
1.169550e+00
1.170420e+00
1.171290e+00
1.172160e+00
1.173030e+00
1.173900e+00
1.174770e+00
1.175640e+00
1.176510e+00
1.177380e+00
1.178250e+00
1.179120e+00
1.179990e+00
1.180860e+00
1.181730e+00
1.182600e+00
1.183470e+00
1.184340e+00
1.185210e+00
1.186080e+00
1.186950e+00
1.187820e+00
1.188690e+00
1.189560e+00
1.190430e+00
1.191300e+00
1.192170e+00
1.193040e+00
1.193910e+00
1.194780e+00
1.195650e+00
1.196520e+00
1.197390e+00
1.198260e+00
1.199130e+00
1.200000e+00
1.205897e+00
1.211794e+00
1.217690e+00
1.223587e+00
1.229484e+00
1.235381e+00
1.241278e+00
1.247174e+00
1.253071e+00
1.258968e+00
1.264865e+00
1.270762e+00
1.276658e+00
1.282555e+00
1.288452e+00
1.294349e+00
1.300246e+00
1.306143e+00
1.312039e+00
1.317936e+00
1.323833e+00
1.329730e+00
1.335627e+00
1.341523e+00
1.347420e+00
1.353317e+00
1.359214e+00
1.365111e+00
1.371007e+00
1.376904e+00
1.382801e+00
1.388698e+00
1.394595e+00
1.400491e+00
1.406388e+00
1.412285e+00
1.418182e+00
1.424079e+00
1.429975e+00
1.435872e+00
1.441769e+00
1.447666e+00
1.453563e+00
1.459459e+00
1.465356e+00
1.471253e+00
1.477150e+00
1.483047e+00
1.488943e+00
1.494840e+00
1.500737e+00
1.506634e+00
1.512531e+00
1.518428e+00
1.524324e+00
1.530221e+00
1.536118e+00
1.542015e+00
1.547912e+00
1.553808e+00
1.559705e+00
1.565602e+00
1.571499e+00
1.577396e+00
1.583292e+00
1.589189e+00
1.595086e+00
1.600983e+00
1.606880e+00
1.612776e+00
1.618673e+00
1.624570e+00
1.630467e+00
1.636364e+00
1.642260e+00
1.648157e+00
1.654054e+00
1.659951e+00
1.665848e+00
1.671744e+00
1.677641e+00
1.683538e+00
1.689435e+00
1.695332e+00
1.701229e+00
1.707125e+00
1.713022e+00
1.718919e+00
1.724816e+00
1.730713e+00
1.736609e+00
1.742506e+00
1.748403e+00
1.754300e+00
1.760197e+00
1.766093e+00
1.771990e+00
1.777887e+00
1.783784e+00
1.789681e+00
1.795577e+00
1.801474e+00
1.807371e+00
1.813268e+00
1.819165e+00
1.825061e+00
1.830958e+00
1.836855e+00
1.842752e+00
1.848649e+00
1.854545e+00
1.860442e+00
1.866339e+00
1.872236e+00
1.878133e+00
1.884029e+00
1.889926e+00
1.895823e+00
1.901720e+00
1.907617e+00
1.913514e+00
1.919410e+00
1.925307e+00
1.931204e+00
1.937101e+00
1.942998e+00
1.948894e+00
1.954791e+00
1.960688e+00
1.966585e+00
1.972482e+00
1.978378e+00
1.984275e+00
1.990172e+00
1.996069e+00
2.001966e+00
2.007862e+00
2.013759e+00
2.019656e+00
2.025553e+00
2.031450e+00
2.037346e+00
2.043243e+00
2.049140e+00
2.055037e+00
2.060934e+00
2.066830e+00
2.072727e+00
2.078624e+00
2.084521e+00
2.090418e+00
2.096314e+00
2.102211e+00
2.108108e+00
2.114005e+00
2.119902e+00
2.125799e+00
2.131695e+00
2.137592e+00
2.143489e+00
2.149386e+00
2.155283e+00
2.161179e+00
2.167076e+00
2.172973e+00
2.178870e+00
2.184767e+00
2.190663e+00
2.196560e+00
2.202457e+00
2.208354e+00
2.214251e+00
2.220147e+00
2.226044e+00
2.231941e+00
2.237838e+00
2.243735e+00
2.249631e+00
2.255528e+00
2.261425e+00
2.267322e+00
2.273219e+00
2.279115e+00
2.285012e+00
2.290909e+00
2.296806e+00
2.302703e+00
2.308600e+00
2.314496e+00
2.320393e+00
2.326290e+00
2.332187e+00
2.338084e+00
2.343980e+00
2.349877e+00
2.355774e+00
2.361671e+00
2.367568e+00
2.373464e+00
2.379361e+00
2.385258e+00
2.391155e+00
2.397052e+00
2.402948e+00
2.408845e+00
2.414742e+00
2.420639e+00
2.426536e+00
2.432432e+00
2.438329e+00
2.444226e+00
2.450123e+00
2.456020e+00
2.461916e+00
2.467813e+00
2.473710e+00
2.479607e+00
2.485504e+00
2.491400e+00
2.497297e+00
2.503194e+00
2.509091e+00
2.514988e+00
2.520885e+00
2.526781e+00
2.532678e+00
2.538575e+00
2.544472e+00
2.550369e+00
2.556265e+00
2.562162e+00
2.568059e+00
2.573956e+00
2.579853e+00
2.585749e+00
2.591646e+00
2.597543e+00
2.603440e+00
2.609337e+00
2.615233e+00
2.621130e+00
2.627027e+00
2.632924e+00
2.638821e+00
2.644717e+00
2.650614e+00
2.656511e+00
2.662408e+00
2.668305e+00
2.674201e+00
2.680098e+00
2.685995e+00
2.691892e+00
2.697789e+00
2.703686e+00
2.709582e+00
2.715479e+00
2.721376e+00
2.727273e+00
2.733170e+00
2.739066e+00
2.744963e+00
2.750860e+00
2.756757e+00
2.762654e+00
2.768550e+00
2.774447e+00
2.780344e+00
2.786241e+00
2.792138e+00
2.798034e+00
2.803931e+00
2.809828e+00
2.815725e+00
2.821622e+00
2.827518e+00
2.833415e+00
2.839312e+00
2.845209e+00
2.851106e+00
2.857002e+00
2.862899e+00
2.868796e+00
2.874693e+00
2.880590e+00
2.886486e+00
2.892383e+00
2.898280e+00
2.904177e+00
2.910074e+00
2.915971e+00
2.921867e+00
2.927764e+00
2.933661e+00
2.939558e+00
2.945455e+00
2.951351e+00
2.957248e+00
2.963145e+00
2.969042e+00
2.974939e+00
2.980835e+00
2.986732e+00
2.992629e+00
2.998526e+00
3.004423e+00
3.010319e+00
3.016216e+00
3.022113e+00
3.028010e+00
3.033907e+00
3.039803e+00
3.045700e+00
3.051597e+00
3.057494e+00
3.063391e+00
3.069287e+00
3.075184e+00
3.081081e+00
3.086978e+00
3.092875e+00
3.098771e+00
3.104668e+00
3.110565e+00
3.116462e+00
3.122359e+00
3.128256e+00
3.134152e+00
3.140049e+00
3.145946e+00
3.151843e+00
3.157740e+00
3.163636e+00
3.169533e+00
3.175430e+00
3.181327e+00
3.187224e+00
3.193120e+00
3.199017e+00
3.204914e+00
3.210811e+00
3.216708e+00
3.222604e+00
3.228501e+00
3.234398e+00
3.240295e+00
3.246192e+00
3.252088e+00
3.257985e+00
3.263882e+00
3.269779e+00
3.275676e+00
3.281572e+00
3.287469e+00
3.293366e+00
3.299263e+00
3.305160e+00
3.311057e+00
3.316953e+00
3.322850e+00
3.328747e+00
3.334644e+00
3.340541e+00
3.346437e+00
3.352334e+00
3.358231e+00
3.364128e+00
3.370025e+00
3.375921e+00
3.381818e+00
3.387715e+00
3.393612e+00
3.399509e+00
3.405405e+00
3.411302e+00
3.417199e+00
3.423096e+00
3.428993e+00
3.434889e+00
3.440786e+00
3.446683e+00
3.452580e+00
3.458477e+00
3.464373e+00
3.470270e+00
3.476167e+00
3.482064e+00
3.487961e+00
3.493857e+00
3.499754e+00
3.505651e+00
3.511548e+00
3.517445e+00
3.523342e+00
3.529238e+00
3.535135e+00
3.541032e+00
3.546929e+00
3.552826e+00
3.558722e+00
3.564619e+00
3.570516e+00
3.576413e+00
3.582310e+00
3.588206e+00
3.594103e+00
3.600000e+00
3.604647e+00
3.609293e+00
3.613940e+00
3.618587e+00
3.623233e+00
3.627880e+00
3.632527e+00
3.637173e+00
3.641820e+00
3.646467e+00
3.651113e+00
3.655760e+00
3.660407e+00
3.665053e+00
3.669700e+00
3.674347e+00
3.678993e+00
3.683640e+00
3.688287e+00
3.692933e+00
3.697580e+00
3.702227e+00
3.706873e+00
3.711520e+00
3.716167e+00
3.720813e+00
3.725460e+00
3.730107e+00
3.734753e+00
3.739400e+00
3.744047e+00
3.748693e+00
3.753340e+00
3.757987e+00
3.762633e+00
3.767280e+00
3.771927e+00
3.776573e+00
3.781220e+00
3.785867e+00
3.790513e+00
3.795160e+00
3.799807e+00
3.804453e+00
3.809100e+00
3.813747e+00
3.818393e+00
3.823040e+00
3.827687e+00
3.832333e+00
3.836980e+00
3.841627e+00
3.846273e+00
3.850920e+00
3.855567e+00
3.860213e+00
3.864860e+00
3.869507e+00
3.874153e+00
3.878800e+00
3.883447e+00
3.888093e+00
3.892740e+00
3.897387e+00
3.902033e+00
3.906680e+00
3.911327e+00
3.915973e+00
3.920620e+00
3.925267e+00
3.929913e+00
3.934560e+00
3.939207e+00
3.943853e+00
3.948500e+00
3.953147e+00
3.957793e+00
3.962440e+00
3.967087e+00
3.971733e+00
3.976380e+00
3.981027e+00
3.985673e+00
3.990320e+00
3.994967e+00
3.999613e+00
4.004260e+00
4.008907e+00
4.013553e+00
4.018200e+00
4.022847e+00
4.027493e+00
4.032140e+00
4.036787e+00
4.041433e+00
4.046080e+00
4.050727e+00
4.055373e+00
4.060020e+00
4.064667e+00
4.068574e+00
4.072481e+00
4.076388e+00
4.080295e+00
4.084202e+00
4.088109e+00
4.092017e+00
4.095924e+00
4.099831e+00
4.103738e+00
4.107645e+00
4.111552e+00
4.115459e+00
4.119367e+00
4.123274e+00
4.127181e+00
4.131088e+00
4.134995e+00
4.138902e+00
4.142809e+00
4.146716e+00
4.150624e+00
4.154531e+00
4.158438e+00
4.162345e+00
4.166252e+00
4.170159e+00
4.174066e+00
4.177973e+00
4.181881e+00
4.185788e+00
4.189695e+00
4.193602e+00
4.197509e+00
4.201416e+00
4.205323e+00
4.209231e+00
4.213138e+00
4.217045e+00
4.220952e+00
4.224859e+00
4.228766e+00
4.232673e+00
4.236580e+00
4.240488e+00
4.244395e+00
4.248302e+00
4.252209e+00
4.256116e+00
4.260023e+00
4.263930e+00
4.267837e+00
4.271745e+00
4.275652e+00
4.279559e+00
4.283466e+00
4.287373e+00
4.291280e+00
4.295187e+00
4.299095e+00
4.303002e+00
4.306909e+00
4.310816e+00
4.314723e+00
4.318630e+00
4.322537e+00
4.326444e+00
4.330352e+00
4.334259e+00
4.338166e+00
4.342073e+00
4.345980e+00
4.349887e+00
4.353794e+00
4.357702e+00
4.361609e+00
4.365516e+00
4.369423e+00
4.373330e+00
4.377237e+00
4.381144e+00
4.385051e+00
4.388959e+00
4.392866e+00
4.396773e+00
4.400680e+00
4.404587e+00
4.408494e+00
4.412401e+00
4.416308e+00
4.420216e+00
4.424123e+00
4.428030e+00
4.431937e+00
4.435844e+00
4.439751e+00
4.443658e+00
4.447565e+00
4.451473e+00
4.455380e+00
4.459287e+00
4.463194e+00
4.467101e+00
4.471008e+00
4.474915e+00
4.478823e+00
4.482730e+00
4.486637e+00
4.490544e+00
4.494451e+00
4.498358e+00
4.502265e+00
4.506172e+00
4.510080e+00
4.513987e+00
4.517894e+00
4.521801e+00
4.525708e+00
4.529615e+00
4.533522e+00
4.537430e+00
4.541337e+00
4.545244e+00
4.549151e+00
4.553058e+00
4.556965e+00
4.560872e+00
4.564779e+00
4.568687e+00
4.572593e+00
4.576501e+00
4.580408e+00
4.584315e+00
4.588222e+00
4.592129e+00
4.596037e+00
4.599943e+00
4.603851e+00
4.607758e+00
4.611665e+00
4.615572e+00
4.619479e+00
4.623387e+00
4.627293e+00
4.631201e+00
4.635108e+00
4.639015e+00
4.642922e+00
4.646829e+00
4.650736e+00
4.654644e+00
4.658550e+00
4.662458e+00
4.666365e+00
4.670272e+00
4.674179e+00
4.678086e+00
4.681994e+00
4.685900e+00
4.689808e+00
4.693715e+00
4.697622e+00
4.701529e+00
4.705436e+00
4.709343e+00
4.713250e+00
4.717158e+00
4.721065e+00
4.724972e+00
4.728879e+00
4.732786e+00
4.736693e+00
4.740600e+00
4.744507e+00
4.748415e+00
4.752321e+00
4.756229e+00
4.760136e+00
4.764043e+00
4.767951e+00
4.771857e+00
4.775765e+00
4.779671e+00
4.783579e+00
4.787486e+00
4.791393e+00
4.795300e+00
4.799207e+00
4.803114e+00
4.807022e+00
4.810929e+00
4.814836e+00
4.818743e+00
4.822650e+00
4.826557e+00
4.830464e+00
4.834372e+00
4.838278e+00
4.842186e+00
4.846093e+00
4.850000e+00
4.854463e+00
4.858927e+00
4.863391e+00
4.867854e+00
4.872318e+00
4.876781e+00
4.881245e+00
4.885709e+00
4.890172e+00
4.894636e+00
4.899100e+00
4.903563e+00
4.908026e+00
4.912490e+00
4.916954e+00
4.921417e+00
4.925881e+00
4.930344e+00
4.934808e+00
4.939272e+00
4.943735e+00
4.948198e+00
4.952663e+00
4.957126e+00
4.961589e+00
4.966053e+00
4.970517e+00
4.974980e+00
4.979444e+00
4.983907e+00
4.988371e+00
4.992835e+00
4.997298e+00
5.001761e+00
5.006225e+00
5.010689e+00
5.015152e+00
5.019616e+00
5.024080e+00
5.028543e+00
5.033007e+00
5.037470e+00
5.041934e+00
5.046398e+00
5.050861e+00
5.055324e+00
5.059788e+00
5.064252e+00
5.068715e+00
5.073179e+00
5.077642e+00
5.082106e+00
5.086570e+00
5.091033e+00
5.095497e+00
5.099961e+00
5.104424e+00
5.108887e+00
5.113351e+00
5.117815e+00
5.122278e+00
5.126742e+00
5.131205e+00
5.135669e+00
5.140133e+00
5.144596e+00
5.149059e+00
5.153524e+00
5.157987e+00
5.162450e+00
5.166914e+00
5.171378e+00
5.175841e+00
5.180305e+00
5.184768e+00
5.189232e+00
5.193695e+00
5.198159e+00
5.202622e+00
5.207086e+00
5.211550e+00
5.216013e+00
5.220476e+00
5.224941e+00
5.229404e+00
5.233867e+00
5.238331e+00
5.242795e+00
5.247258e+00
5.251722e+00
5.256185e+00
5.260649e+00
5.265113e+00
5.269576e+00
5.274039e+00
5.278503e+00
5.282967e+00
5.287430e+00
5.291894e+00
5.296358e+00
5.300821e+00
5.305285e+00
5.309748e+00
5.314212e+00
5.318676e+00
5.323139e+00
5.327602e+00
5.332066e+00
5.336530e+00
5.340993e+00
5.345457e+00
5.349920e+00
5.354384e+00
5.358848e+00
5.363311e+00
5.367775e+00
5.372239e+00
5.376702e+00
5.381165e+00
5.385629e+00
5.390093e+00
5.394556e+00
5.399020e+00
5.403483e+00
5.407947e+00
5.412411e+00
5.416874e+00
5.421337e+00
5.425802e+00
5.430265e+00
5.434728e+00
5.439192e+00
5.443656e+00
5.448119e+00
5.452583e+00
5.457046e+00
5.461510e+00
5.465974e+00
5.470437e+00
5.474900e+00
5.479364e+00
5.483828e+00
5.488291e+00
5.492755e+00
5.497219e+00
5.501682e+00
5.506146e+00
5.510609e+00
5.515073e+00
5.519537e+00
5.524000e+00
5.528463e+00
5.532927e+00
5.537391e+00
5.541854e+00
5.546318e+00
5.550781e+00
5.555245e+00
5.559709e+00
5.564172e+00
5.568636e+00
5.573100e+00
5.577563e+00
5.582026e+00
5.586490e+00
5.590954e+00
5.595417e+00
5.599881e+00
5.604344e+00
5.608808e+00
5.613272e+00
5.617735e+00
5.622198e+00
5.626663e+00
5.631126e+00
5.635589e+00
5.640053e+00
5.644517e+00
5.648980e+00
5.653444e+00
5.657907e+00
5.662371e+00
5.666835e+00
5.671298e+00
5.675761e+00
5.680225e+00
5.684689e+00
5.689152e+00
5.693616e+00
5.698080e+00
5.702543e+00
5.707007e+00
5.711470e+00
5.715934e+00
5.720398e+00
5.724861e+00
5.729324e+00
5.733788e+00
5.738252e+00
5.742715e+00
5.747179e+00
5.751642e+00
5.756106e+00
5.760570e+00
5.765033e+00
5.769497e+00
5.773961e+00
5.778424e+00
5.782887e+00
5.787351e+00
5.791815e+00
5.796278e+00
5.800742e+00
5.805205e+00
5.809669e+00
5.814133e+00
5.818596e+00
5.823059e+00
5.827524e+00
5.831987e+00
5.836450e+00
5.840914e+00
5.845378e+00
5.849841e+00
5.854305e+00
5.858768e+00
5.863232e+00
5.867695e+00
5.872159e+00
5.876622e+00
5.881086e+00
5.885550e+00
5.890013e+00
5.894476e+00
5.898941e+00
5.903404e+00
5.907867e+00
5.912331e+00
5.916795e+00
5.921258e+00
5.925722e+00
5.930185e+00
5.934649e+00
5.939113e+00
5.943576e+00
5.948039e+00
5.952503e+00
5.956967e+00
5.961430e+00
5.965894e+00
5.970358e+00
5.974821e+00
5.979285e+00
5.983748e+00
5.988212e+00
5.992676e+00
5.997139e+00
6.001602e+00
6.006066e+00
6.010530e+00
6.014993e+00
6.019457e+00
6.023920e+00
6.028384e+00
6.032848e+00
6.037311e+00
6.041775e+00
6.046239e+00
6.050702e+00
6.055165e+00
6.059629e+00
6.064093e+00
6.068556e+00
6.073020e+00
6.077483e+00
6.081947e+00
6.086411e+00
6.090874e+00
6.095337e+00
6.099802e+00
6.104265e+00
6.108728e+00
6.113192e+00
6.117656e+00
6.122119e+00
6.126583e+00
6.131046e+00
6.135510e+00
6.139974e+00
6.144437e+00
6.148900e+00
6.153364e+00
6.157828e+00
6.162291e+00
6.166755e+00
6.171219e+00
6.175682e+00
6.180146e+00
6.184609e+00
6.189073e+00
6.193537e+00
6.198000e+00
6.202929e+00
6.207857e+00
6.212786e+00
6.217715e+00
6.222644e+00
6.227572e+00
6.232501e+00
6.237430e+00
6.242358e+00
6.247287e+00
6.252215e+00
6.257144e+00
6.262073e+00
6.267002e+00
6.271931e+00
6.276859e+00
6.281788e+00
6.286716e+00
6.291645e+00
6.296574e+00
6.301502e+00
6.306431e+00
6.311360e+00
6.316289e+00
6.321217e+00
6.326146e+00
6.331075e+00
6.336003e+00
6.340932e+00
6.345860e+00
6.350789e+00
6.355718e+00
6.360647e+00
6.365576e+00
6.370504e+00
6.375433e+00
6.380361e+00
6.385290e+00
6.390219e+00
6.395148e+00
6.400077e+00
6.405005e+00
6.409934e+00
6.414862e+00
6.419791e+00
6.424720e+00
6.429648e+00
6.434577e+00
6.439506e+00
6.444435e+00
6.449363e+00
6.454292e+00
6.459221e+00
6.464149e+00
6.469078e+00
6.474006e+00
6.478935e+00
6.483864e+00
6.488793e+00
6.493722e+00
6.498650e+00
6.503579e+00
6.508507e+00
6.513436e+00
6.518365e+00
6.523293e+00
6.528222e+00
6.533151e+00
6.538080e+00
6.543008e+00
6.547937e+00
6.552866e+00
6.557794e+00
6.562723e+00
6.567652e+00
6.572581e+00
6.577509e+00
6.582438e+00
6.587367e+00
6.592295e+00
6.597224e+00
6.602152e+00
6.607081e+00
6.612010e+00
6.616939e+00
6.621868e+00
6.626796e+00
6.631725e+00
6.636653e+00
6.641582e+00
6.646511e+00
6.651439e+00
6.656368e+00
6.661297e+00
6.666226e+00
6.671154e+00
6.676083e+00
6.681012e+00
6.685940e+00
6.690869e+00
6.695797e+00
6.700726e+00
6.705655e+00
6.710584e+00
6.715513e+00
6.720441e+00
6.725370e+00
6.730298e+00
6.735227e+00
6.740156e+00
6.745085e+00
6.750014e+00
6.754942e+00
6.759871e+00
6.764799e+00
6.769728e+00
6.774657e+00
6.779585e+00
6.784514e+00
6.789443e+00
6.794372e+00
6.799300e+00
6.804229e+00
6.809158e+00
6.814086e+00
6.819015e+00
6.823943e+00
6.828872e+00
6.833801e+00
6.838730e+00
6.843659e+00
6.848587e+00
6.853516e+00
6.858444e+00
6.863373e+00
6.868301e+00
6.873230e+00
6.878159e+00
6.883088e+00
6.888017e+00
6.892945e+00
6.897874e+00
6.902803e+00
6.907731e+00
6.912660e+00
6.917589e+00
6.922518e+00
6.927446e+00
6.932375e+00
6.937304e+00
6.942232e+00
6.947161e+00
6.952089e+00
6.957018e+00
6.961947e+00
6.966876e+00
6.971805e+00
6.976733e+00
6.981662e+00
6.986590e+00
6.991519e+00
6.996447e+00
7.001376e+00
7.006305e+00
7.011234e+00
7.016163e+00
7.021091e+00
7.026020e+00
7.030949e+00
7.035877e+00
7.040806e+00
7.045734e+00
7.050663e+00
7.055592e+00
7.060521e+00
7.065450e+00
7.070378e+00
7.075307e+00
7.080235e+00
7.085164e+00
7.090093e+00
7.095022e+00
7.099951e+00
7.104879e+00
7.109808e+00
7.114736e+00
7.119665e+00
7.124593e+00
7.129522e+00
7.134451e+00
7.139380e+00
7.144309e+00
7.149237e+00
7.154166e+00
7.159095e+00
7.164023e+00
7.168952e+00
7.173880e+00
7.178809e+00
7.183738e+00
7.188667e+00
7.193705e+00
7.198743e+00
7.203781e+00
7.208819e+00
7.213857e+00
7.218896e+00
7.223934e+00
7.228972e+00
7.234010e+00
7.239048e+00
7.244086e+00
7.249124e+00
7.254163e+00
7.259201e+00
7.264238e+00
7.269277e+00
7.274315e+00
7.279353e+00
7.284392e+00
7.289430e+00
7.294467e+00
7.299506e+00
7.304544e+00
7.309582e+00
7.314620e+00
7.319659e+00
7.324696e+00
7.329734e+00
7.334773e+00
7.339811e+00
7.344849e+00
7.349888e+00
7.354925e+00
7.359963e+00
7.365002e+00
7.370040e+00
7.375078e+00
7.380116e+00
7.385154e+00
7.390192e+00
7.395230e+00
7.400269e+00
7.405307e+00
7.410345e+00
7.415383e+00
7.420421e+00
7.425459e+00
7.430498e+00
7.435536e+00
7.440574e+00
7.445612e+00
7.450650e+00
7.455688e+00
7.460726e+00
7.465765e+00
7.470803e+00
7.475841e+00
7.480879e+00
7.485917e+00
7.490955e+00
7.495994e+00
7.501032e+00
7.506069e+00
7.511108e+00
7.516146e+00
7.521184e+00
7.526222e+00
7.531260e+00
7.536298e+00
7.541337e+00
7.546375e+00
7.551413e+00
7.556451e+00
7.561489e+00
7.566527e+00
7.571565e+00
7.576604e+00
7.581642e+00
7.586680e+00
7.591718e+00
7.596756e+00
7.601794e+00
7.606833e+00
7.611871e+00
7.616909e+00
7.621947e+00
7.626985e+00
7.632023e+00
7.637061e+00
7.642100e+00
7.647138e+00
7.652175e+00
7.657214e+00
7.662252e+00
7.667290e+00
7.672329e+00
7.677367e+00
7.682404e+00
7.687443e+00
7.692481e+00
7.697519e+00
7.702557e+00
7.707596e+00
7.712633e+00
7.717671e+00
7.722710e+00
7.727748e+00
7.732786e+00
7.737825e+00
7.742862e+00
7.747900e+00
7.752939e+00
7.757977e+00
7.763015e+00
7.768053e+00
7.773091e+00
7.778129e+00
7.783167e+00
7.788206e+00
7.793244e+00
7.798282e+00
7.803320e+00
7.808358e+00
7.813396e+00
7.818435e+00
7.823473e+00
7.828511e+00
7.833549e+00
7.838587e+00
7.843625e+00
7.848663e+00
7.853702e+00
7.858740e+00
7.863778e+00
7.868816e+00
7.873854e+00
7.878892e+00
7.883931e+00
7.888968e+00
7.894006e+00
7.899045e+00
7.904083e+00
7.909121e+00
7.914159e+00
7.919197e+00
7.924235e+00
7.929274e+00
7.934312e+00
7.939350e+00
7.944388e+00
7.949426e+00
7.954464e+00
7.959502e+00
7.964541e+00
7.969579e+00
7.974617e+00
7.979655e+00
7.984693e+00
7.989731e+00
7.994770e+00
7.999808e+00
8.004846e+00
8.009884e+00
8.014922e+00
8.019960e+00
8.024998e+00
8.030037e+00
8.035075e+00
8.040112e+00
8.045151e+00
8.050189e+00
8.055227e+00
8.060266e+00
8.065304e+00
8.070341e+00
8.075380e+00
8.080418e+00
8.085456e+00
8.090494e+00
8.095533e+00
8.100570e+00
8.105608e+00
8.110647e+00
8.115685e+00
8.120723e+00
8.125762e+00
8.130799e+00
8.135837e+00
8.140876e+00
8.145914e+00
8.150952e+00
8.155990e+00
8.161028e+00
8.166066e+00
8.171104e+00
8.176143e+00
8.181181e+00
8.186219e+00
8.191257e+00
8.196295e+00
8.201333e+00
8.206695e+00
8.212057e+00
8.217419e+00
8.222781e+00
8.228143e+00
8.233506e+00
8.238867e+00
8.244230e+00
8.249591e+00
8.254954e+00
8.260315e+00
8.265678e+00
8.271039e+00
8.276402e+00
8.281763e+00
8.287126e+00
8.292488e+00
8.297850e+00
8.303212e+00
8.308574e+00
8.313936e+00
8.319298e+00
8.324660e+00
8.330022e+00
8.335384e+00
8.340746e+00
8.346108e+00
8.351470e+00
8.356832e+00
8.362194e+00
8.367556e+00
8.372918e+00
8.378280e+00
8.383642e+00
8.389004e+00
8.394367e+00
8.399728e+00
8.405091e+00
8.410452e+00
8.415815e+00
8.421176e+00
8.426539e+00
8.431900e+00
8.437263e+00
8.442624e+00
8.447987e+00
8.453349e+00
8.458711e+00
8.464073e+00
8.469435e+00
8.474797e+00
8.480159e+00
8.485521e+00
8.490883e+00
8.496245e+00
8.501607e+00
8.506969e+00
8.512331e+00
8.517693e+00
8.523055e+00
8.528417e+00
8.533779e+00
8.539141e+00
8.544503e+00
8.549865e+00
8.555228e+00
8.560589e+00
8.565952e+00
8.571313e+00
8.576676e+00
8.582037e+00
8.587400e+00
8.592761e+00
8.598124e+00
8.603485e+00
8.608848e+00
8.614210e+00
8.619572e+00
8.624934e+00
8.630296e+00
8.635658e+00
8.641020e+00
8.646382e+00
8.651744e+00
8.657106e+00
8.662468e+00
8.667830e+00
8.673192e+00
8.678554e+00
8.683916e+00
8.689278e+00
8.694640e+00
8.700002e+00
8.705364e+00
8.710726e+00
8.716089e+00
8.721450e+00
8.726813e+00
8.732174e+00
8.737537e+00
8.742898e+00
8.748261e+00
8.753622e+00
8.758985e+00
8.764346e+00
8.769709e+00
8.775071e+00
8.780433e+00
8.785795e+00
8.791157e+00
8.796519e+00
8.801881e+00
8.807243e+00
8.812605e+00
8.817967e+00
8.823329e+00
8.828691e+00
8.834053e+00
8.839415e+00
8.844777e+00
8.850139e+00
8.855501e+00
8.860863e+00
8.866225e+00
8.871587e+00
8.876950e+00
8.882311e+00
8.887674e+00
8.893035e+00
8.898398e+00
8.903759e+00
8.909122e+00
8.914483e+00
8.919846e+00
8.925207e+00
8.930570e+00
8.935932e+00
8.941294e+00
8.946656e+00
8.952018e+00
8.957380e+00
8.962742e+00
8.968104e+00
8.973466e+00
8.978828e+00
8.984190e+00
8.989552e+00
8.994914e+00
9.000276e+00
9.005638e+00
9.011000e+00
9.016362e+00
9.021724e+00
9.027086e+00
9.032448e+00
9.037810e+00
9.043172e+00
9.048534e+00
9.053896e+00
9.059258e+00
9.064620e+00
9.069982e+00
9.075344e+00
9.080706e+00
9.086068e+00
9.091430e+00
9.096793e+00
9.102154e+00
9.107517e+00
9.112878e+00
9.118241e+00
9.123602e+00
9.128965e+00
9.134326e+00
9.139689e+00
9.145050e+00
9.150413e+00
9.155775e+00
9.161137e+00
9.166499e+00
9.171861e+00
9.177223e+00
9.182585e+00
9.187947e+00
9.193309e+00
9.198671e+00
9.204033e+00
9.209395e+00
9.214757e+00
9.220119e+00
9.225481e+00
9.230843e+00
9.236205e+00
9.241567e+00
9.246929e+00
9.252291e+00
9.257654e+00
9.263015e+00
9.268378e+00
9.273739e+00
9.279102e+00
9.284463e+00
9.289826e+00
9.295187e+00
9.300550e+00
9.305911e+00
9.311274e+00
9.316636e+00
9.321998e+00
9.327360e+00
9.332722e+00
9.338084e+00
9.343446e+00
9.348808e+00
9.354170e+00
9.359532e+00
9.364894e+00
9.370256e+00
9.375618e+00
9.380980e+00
9.386342e+00
9.391704e+00
9.397066e+00
9.402428e+00
9.407790e+00
9.413152e+00
9.418515e+00
9.423876e+00
9.429239e+00
9.434600e+00
9.439963e+00
9.445324e+00
9.450687e+00
9.456048e+00
9.461411e+00
9.466772e+00
9.472135e+00
9.477497e+00
9.482859e+00
9.488221e+00
9.493583e+00
9.498945e+00
9.504307e+00
9.509669e+00
9.515031e+00
9.520393e+00
9.525755e+00
9.531117e+00
9.536479e+00
9.541841e+00
9.547203e+00
9.552565e+00
9.557927e+00
9.563289e+00
9.568651e+00
9.574013e+00
9.579376e+00
9.584737e+00
9.590100e+00
9.595461e+00
9.600824e+00
9.606185e+00
9.611548e+00
9.616909e+00
9.622272e+00
9.627633e+00
9.632996e+00
9.638358e+00
9.643720e+00
9.649082e+00
9.654444e+00
9.659806e+00
9.665168e+00
9.670530e+00
9.675892e+00
9.681254e+00
9.686616e+00
9.691978e+00
9.697340e+00
9.702702e+00
9.708064e+00
9.713426e+00
9.718788e+00
9.724150e+00
9.729512e+00
9.734874e+00
9.740237e+00
9.745598e+00
9.750961e+00
9.756322e+00
9.761685e+00
9.767046e+00
9.772409e+00
9.777770e+00
9.783133e+00
9.788494e+00
9.793857e+00
9.799219e+00
9.804581e+00
9.809943e+00
9.815305e+00
9.820667e+00
9.826255e+00
9.831843e+00
9.837431e+00
9.843020e+00
9.848608e+00
9.854196e+00
9.859785e+00
9.865374e+00
9.870962e+00
9.876550e+00
9.882138e+00
9.887727e+00
9.893315e+00
9.898903e+00
9.904491e+00
9.910080e+00
9.915668e+00
9.921256e+00
9.926844e+00
9.932433e+00
9.938021e+00
9.943609e+00
9.949198e+00
9.954787e+00
9.960375e+00
9.965963e+00
9.971551e+00
9.977140e+00
9.982728e+00
9.988316e+00
9.993904e+00
9.999493e+00
1.000508e+01
1.001067e+01
1.001626e+01
1.002185e+01
1.002743e+01
1.003302e+01
1.003861e+01
1.004420e+01
1.004979e+01
1.005538e+01
1.006096e+01
1.006655e+01
1.007214e+01
1.007773e+01
1.008332e+01
1.008891e+01
1.009449e+01
1.010008e+01
1.010567e+01
1.011126e+01
1.011685e+01
1.012244e+01
1.012802e+01
1.013361e+01
1.013920e+01
1.014479e+01
1.015038e+01
1.015597e+01
1.016155e+01
1.016714e+01
1.017273e+01
1.017832e+01
1.018391e+01
1.018950e+01
1.019508e+01
1.020067e+01
1.020626e+01
1.021185e+01
1.021744e+01
1.022303e+01
1.022861e+01
1.023420e+01
1.023979e+01
1.024538e+01
1.025097e+01
1.025656e+01
1.026214e+01
1.026773e+01
1.027332e+01
1.027891e+01
1.028450e+01
1.029008e+01
1.029567e+01
1.030126e+01
1.030685e+01
1.031244e+01
1.031803e+01
1.032362e+01
1.032920e+01
1.033479e+01
1.034038e+01
1.034597e+01
1.035156e+01
1.035714e+01
1.036273e+01
1.036832e+01
1.037391e+01
1.037950e+01
1.038509e+01
1.039067e+01
1.039626e+01
1.040185e+01
1.040744e+01
1.041303e+01
1.041862e+01
1.042420e+01
1.042979e+01
1.043538e+01
1.044097e+01
1.044656e+01
1.045215e+01
1.045773e+01
1.046332e+01
1.046891e+01
1.047450e+01
1.048009e+01
1.048568e+01
1.049126e+01
1.049685e+01
1.050244e+01
1.050803e+01
1.051362e+01
1.051921e+01
1.052479e+01
1.053038e+01
1.053597e+01
1.054156e+01
1.054715e+01
1.055274e+01
1.055832e+01
1.056391e+01
1.056950e+01
1.057509e+01
1.058068e+01
1.058627e+01
1.059185e+01
1.059744e+01
1.060303e+01
1.060862e+01
1.061421e+01
1.061980e+01
1.062538e+01
1.063097e+01
1.063656e+01
1.064215e+01
1.064774e+01
1.065333e+01
1.065891e+01
1.066450e+01
1.067009e+01
1.067568e+01
1.068127e+01
1.068686e+01
1.069244e+01
1.069803e+01
1.070362e+01
1.070921e+01
1.071480e+01
1.072038e+01
1.072597e+01
1.073156e+01
1.073715e+01
1.074274e+01
1.074833e+01
1.075392e+01
1.075950e+01
1.076509e+01
1.077068e+01
1.077627e+01
1.078186e+01
1.078744e+01
1.079303e+01
1.079862e+01
1.080421e+01
1.080980e+01
1.081539e+01
1.082097e+01
1.082656e+01
1.083215e+01
1.083774e+01
1.084333e+01
1.084892e+01
1.085450e+01
1.086009e+01
1.086568e+01
1.087127e+01
1.087686e+01
1.088245e+01
1.088803e+01
1.089362e+01
1.089921e+01
1.090480e+01
1.091039e+01
1.091598e+01
1.092156e+01
1.092715e+01
1.093274e+01
1.093833e+01
1.094392e+01
1.094951e+01
1.095509e+01
1.096068e+01
1.096627e+01
1.097186e+01
1.097745e+01
1.098304e+01
1.098862e+01
1.099421e+01
1.099980e+01
1.100539e+01
1.101098e+01
1.101657e+01
1.102215e+01
1.102774e+01
1.103333e+01
1.103892e+01
1.104451e+01
1.105010e+01
1.105568e+01
1.106127e+01
1.106686e+01
1.107245e+01
1.107804e+01
1.108363e+01
1.108921e+01
1.109480e+01
1.110039e+01
1.110598e+01
1.111157e+01
1.111716e+01
1.112274e+01
1.112833e+01
1.113392e+01
1.113951e+01
1.114510e+01
1.115069e+01
1.115627e+01
1.116186e+01
1.116745e+01
1.117304e+01
1.117863e+01
1.118422e+01
1.118980e+01
1.119539e+01
1.120098e+01
1.120657e+01
1.121216e+01
1.121775e+01
1.122333e+01
1.122892e+01
1.123451e+01
1.124010e+01
1.124569e+01
1.125127e+01
1.125686e+01
1.126245e+01
1.126804e+01
1.127363e+01
1.127922e+01
1.128481e+01
1.129039e+01
1.129598e+01
1.130157e+01
1.130716e+01
1.131275e+01
1.131833e+01
1.132392e+01
1.132951e+01
1.133510e+01
1.134069e+01
1.134628e+01
1.135186e+01
1.135745e+01
1.136304e+01
1.136863e+01
1.137422e+01
1.137981e+01
1.138539e+01
1.139098e+01
1.139657e+01
1.140216e+01
1.140775e+01
1.141334e+01
1.141892e+01
1.142451e+01
1.143010e+01
1.143569e+01
1.144128e+01
1.144687e+01
1.145245e+01
1.145804e+01
1.146363e+01
1.146922e+01
1.147481e+01
1.148040e+01
1.148598e+01
1.149157e+01
1.149716e+01
1.150275e+01
1.150834e+01
1.151393e+01
1.151951e+01
1.152510e+01
1.153069e+01
1.153628e+01
1.154187e+01
1.154746e+01
1.155304e+01
1.155863e+01
1.156422e+01
1.156981e+01
1.157540e+01
1.158099e+01
1.158657e+01
1.159216e+01
1.159775e+01
1.160334e+01
1.160893e+01
1.161451e+01
1.162010e+01
1.162569e+01
1.163128e+01
1.163687e+01
1.164246e+01
1.164805e+01
1.165363e+01
1.165922e+01
1.166481e+01
1.167040e+01
1.167599e+01
1.168157e+01
1.168716e+01
1.169275e+01
1.169834e+01
1.170393e+01
1.170952e+01
1.171511e+01
1.172069e+01
1.172628e+01
1.173187e+01
1.173746e+01
1.174305e+01
1.174863e+01
1.175422e+01
1.175981e+01
1.176540e+01
1.177099e+01
1.177658e+01
1.178216e+01
1.178775e+01
1.179334e+01
1.179893e+01
1.180452e+01
1.181011e+01
1.181569e+01
1.182128e+01
1.182687e+01
1.183246e+01
1.183805e+01
1.184364e+01
1.184922e+01
1.185481e+01
1.186040e+01
1.186599e+01
1.187158e+01
1.187717e+01
1.188275e+01
1.188834e+01
1.189393e+01
1.189952e+01
1.190511e+01
1.191070e+01
1.191628e+01
1.192187e+01
1.192746e+01
1.193305e+01
1.193864e+01
1.194423e+01
1.194981e+01
1.195540e+01
1.196099e+01
1.196658e+01
1.197217e+01
1.197776e+01
1.198334e+01
1.198893e+01
1.199452e+01
1.200011e+01
1.200570e+01
1.201129e+01
1.201687e+01
1.202246e+01
1.202805e+01
1.203364e+01
1.203923e+01
1.204482e+01
1.205040e+01
1.205599e+01
1.206158e+01
1.206717e+01
1.207276e+01
1.207835e+01
1.208393e+01
1.208952e+01
1.209511e+01
1.210070e+01
1.210629e+01
1.211188e+01
1.211746e+01
1.212305e+01
1.212864e+01
1.213423e+01
1.213982e+01
1.214541e+01
1.215099e+01
1.215658e+01
1.216217e+01
1.216776e+01
1.217335e+01
1.217894e+01
1.218452e+01
1.219011e+01
1.219570e+01
1.220129e+01
1.220688e+01
1.221246e+01
1.221805e+01
1.222364e+01
1.222923e+01
1.223482e+01
1.224041e+01
1.224599e+01
1.225158e+01
1.225717e+01
1.226276e+01
1.226835e+01
1.227394e+01
1.227952e+01
1.228511e+01
1.229070e+01
1.229629e+01
1.230188e+01
1.230747e+01
1.231305e+01
1.231864e+01
1.232423e+01
1.232982e+01
1.233541e+01
1.234100e+01
1.234658e+01
1.235217e+01
1.235776e+01
1.236335e+01
1.236894e+01
1.237453e+01
1.238011e+01
1.238570e+01
1.239129e+01
1.239688e+01
1.240247e+01
1.240806e+01
1.241364e+01
1.241923e+01
1.242482e+01
1.243041e+01
1.243600e+01
1.244159e+01
1.244717e+01
1.245276e+01
1.245835e+01
1.246394e+01
1.246953e+01
1.247512e+01
1.248070e+01
1.248629e+01
1.249188e+01
1.249747e+01
1.250306e+01
1.250865e+01
1.251423e+01
1.251982e+01
1.252541e+01
1.253100e+01
1.253659e+01
1.254218e+01
1.254776e+01
1.255335e+01
1.255894e+01
1.256453e+01
1.257012e+01
1.257570e+01
1.258129e+01
1.258688e+01
1.259247e+01
1.259806e+01
1.260365e+01
1.260924e+01
1.261482e+01
1.262041e+01
1.262600e+01
1.263219e+01
1.263839e+01
1.264458e+01
1.265078e+01
1.265697e+01
1.266317e+01
1.266936e+01
1.267556e+01
1.268175e+01
1.268795e+01
1.269414e+01
1.270034e+01
1.270653e+01
1.271273e+01
1.271892e+01
1.272512e+01
1.273131e+01
1.273751e+01
1.274370e+01
1.274990e+01
1.275609e+01
1.276229e+01
1.276848e+01
1.277468e+01
1.278087e+01
1.278707e+01
1.279326e+01
1.279946e+01
1.280565e+01
1.281184e+01
1.281804e+01
1.282423e+01
1.283043e+01
1.283662e+01
1.284282e+01
1.284901e+01
1.285521e+01
1.286140e+01
1.286760e+01
1.287379e+01
1.287999e+01
1.288618e+01
1.289238e+01
1.289857e+01
1.290477e+01
1.291096e+01
1.291716e+01
1.292335e+01
1.292955e+01
1.293574e+01
1.294194e+01
1.294813e+01
1.295433e+01
1.296052e+01
1.296672e+01
1.297291e+01
1.297911e+01
1.298530e+01
1.299150e+01
1.299769e+01
1.300388e+01
1.301008e+01
1.301627e+01
1.302247e+01
1.302866e+01
1.303486e+01
1.304105e+01
1.304725e+01
1.305344e+01
1.305964e+01
1.306583e+01
1.307203e+01
1.307822e+01
1.308442e+01
1.309061e+01
1.309681e+01
1.310300e+01
1.310920e+01
1.311539e+01
1.312159e+01
1.312778e+01
1.313398e+01
1.314017e+01
1.314637e+01
1.315256e+01
1.315876e+01
1.316495e+01
1.317115e+01
1.317734e+01
1.318353e+01
1.318973e+01
1.319592e+01
1.320212e+01
1.320831e+01
1.321451e+01
1.322070e+01
1.322690e+01
1.323309e+01
1.323929e+01
1.324548e+01
1.325168e+01
1.325787e+01
1.326407e+01
1.327026e+01
1.327646e+01
1.328265e+01
1.328885e+01
1.329504e+01
1.330124e+01
1.330743e+01
1.331363e+01
1.331982e+01
1.332602e+01
1.333221e+01
1.333841e+01
1.334460e+01
1.335080e+01
1.335699e+01
1.336319e+01
1.336938e+01
1.337557e+01
1.338177e+01
1.338796e+01
1.339416e+01
1.340035e+01
1.340655e+01
1.341274e+01
1.341894e+01
1.342513e+01
1.343133e+01
1.343752e+01
1.344372e+01
1.344991e+01
1.345611e+01
1.346230e+01
1.346850e+01
1.347469e+01
1.348089e+01
1.348708e+01
1.349328e+01
1.349947e+01
1.350567e+01
1.351186e+01
1.351806e+01
1.352425e+01
1.353045e+01
1.353664e+01
1.354284e+01
1.354903e+01
1.355522e+01
1.356142e+01
1.356761e+01
1.357381e+01
1.358000e+01
1.358620e+01
1.359239e+01
1.359859e+01
1.360478e+01
1.361098e+01
1.361717e+01
1.362337e+01
1.362956e+01
1.363576e+01
1.364195e+01
1.364815e+01
1.365434e+01
1.366054e+01
1.366673e+01
1.367293e+01
1.367912e+01
1.368532e+01
1.369151e+01
1.369771e+01
1.370390e+01
1.371010e+01
1.371629e+01
1.372249e+01
1.372868e+01
1.373487e+01
1.374107e+01
1.374726e+01
1.375346e+01
1.375965e+01
1.376585e+01
1.377204e+01
1.377824e+01
1.378443e+01
1.379063e+01
1.379682e+01
1.380302e+01
1.380921e+01
1.381541e+01
1.382160e+01
1.382780e+01
1.383399e+01
1.384019e+01
1.384638e+01
1.385258e+01
1.385877e+01
1.386497e+01
1.387116e+01
1.387736e+01
1.388355e+01
1.388975e+01
1.389594e+01
1.390213e+01
1.390833e+01
1.391453e+01
1.392072e+01
1.392691e+01
1.393311e+01
1.393930e+01
1.394550e+01
1.395169e+01
1.395789e+01
1.396408e+01
1.397028e+01
1.397647e+01
1.398267e+01
1.398886e+01
1.399506e+01
1.400125e+01
1.400745e+01
1.401364e+01
1.401984e+01
1.402603e+01
1.403223e+01
1.403842e+01
1.404462e+01
1.405081e+01
1.405701e+01
1.406320e+01
1.406940e+01
1.407559e+01
1.408179e+01
1.408798e+01
1.409418e+01
1.410037e+01
1.410656e+01
1.411276e+01
1.411895e+01
1.412515e+01
1.413134e+01
1.413754e+01
1.414373e+01
1.414993e+01
1.415612e+01
1.416232e+01
1.416851e+01
1.417471e+01
1.418090e+01
1.418710e+01
1.419329e+01
1.419949e+01
1.420568e+01
1.421188e+01
1.421807e+01
1.422427e+01
1.423046e+01
1.423666e+01
1.424285e+01
1.424905e+01
1.425524e+01
1.426144e+01
1.426763e+01
1.427382e+01
1.428002e+01
1.428621e+01
1.429241e+01
1.429860e+01
1.430480e+01
1.431099e+01
1.431719e+01
1.432338e+01
1.432958e+01
1.433577e+01
1.434197e+01
1.434816e+01
1.435436e+01
1.436055e+01
1.436675e+01
1.437294e+01
1.437914e+01
1.438533e+01
1.439153e+01
1.439772e+01
1.440392e+01
1.441011e+01
1.441631e+01
1.442250e+01
1.442870e+01
1.443489e+01
1.444109e+01
1.444728e+01
1.445347e+01
1.445967e+01
1.446587e+01
1.447206e+01
1.447825e+01
1.448445e+01
1.449064e+01
1.449684e+01
1.450303e+01
1.450923e+01
1.451542e+01
1.452162e+01
1.452781e+01
1.453401e+01
1.454020e+01
1.454640e+01
1.455259e+01
1.455879e+01
1.456498e+01
1.457118e+01
1.457737e+01
1.458357e+01
1.458976e+01
1.459596e+01
1.460215e+01
1.460835e+01
1.461454e+01
1.462074e+01
1.462693e+01
1.463313e+01
1.463932e+01
1.464551e+01
1.465171e+01
1.465790e+01
1.466410e+01
1.467029e+01
1.467649e+01
1.468268e+01
1.468888e+01
1.469507e+01
1.470127e+01
1.470746e+01
1.471366e+01
1.471985e+01
1.472605e+01
1.473224e+01
1.473844e+01
1.474463e+01
1.475083e+01
1.475702e+01
1.476322e+01
1.476941e+01
1.477561e+01
1.478180e+01
1.478800e+01
1.479419e+01
1.480039e+01
1.480658e+01
1.481278e+01
1.481897e+01
1.482516e+01
1.483136e+01
1.483756e+01
1.484375e+01
1.484994e+01
1.485614e+01
1.486233e+01
1.486853e+01
1.487472e+01
1.488092e+01
1.488711e+01
1.489331e+01
1.489950e+01
1.490570e+01
1.491189e+01
1.491809e+01
1.492428e+01
1.493048e+01
1.493667e+01
1.494287e+01
1.494906e+01
1.495526e+01
1.496145e+01
1.496765e+01
1.497384e+01
1.498004e+01
1.498623e+01
1.499243e+01
1.499862e+01
1.500482e+01
1.501101e+01
1.501720e+01
1.502340e+01
1.502959e+01
1.503579e+01
1.504198e+01
1.504818e+01
1.505437e+01
1.506057e+01
1.506676e+01
1.507296e+01
1.507915e+01
1.508535e+01
1.509154e+01
1.509774e+01
1.510393e+01
1.511013e+01
1.511632e+01
1.512252e+01
1.512871e+01
1.513491e+01
1.514110e+01
1.514730e+01
1.515349e+01
1.515969e+01
1.516588e+01
1.517208e+01
1.517827e+01
1.518447e+01
1.519066e+01
1.519685e+01
1.520305e+01
1.520924e+01
1.521544e+01
1.522163e+01
1.522783e+01
1.523402e+01
1.524022e+01
1.524641e+01
1.525261e+01
1.525880e+01
1.526500e+01
1.527119e+01
1.527739e+01
1.528358e+01
1.528978e+01
1.529597e+01
1.530217e+01
1.530836e+01
1.531456e+01
1.532075e+01
1.532695e+01
1.533314e+01
1.533934e+01
1.534553e+01
1.535173e+01
1.535792e+01
1.536412e+01
1.537031e+01
1.537650e+01
1.538270e+01
1.538889e+01
1.539509e+01
1.540128e+01
1.540748e+01
1.541367e+01
1.541987e+01
1.542606e+01
1.543226e+01
1.543845e+01
1.544465e+01
1.545084e+01
1.545704e+01
1.546323e+01
1.546943e+01
1.547562e+01
1.548182e+01
1.548801e+01
1.549421e+01
1.550040e+01
1.550660e+01
1.551279e+01
1.551899e+01
1.552518e+01
1.553138e+01
1.553757e+01
1.554377e+01
1.554996e+01
1.555616e+01
1.556235e+01
1.556854e+01
1.557474e+01
1.558093e+01
1.558713e+01
1.559332e+01
1.559952e+01
1.560571e+01
1.561191e+01
1.561810e+01
1.562430e+01
1.563049e+01
1.563669e+01
1.564288e+01
1.564908e+01
1.565527e+01
1.566147e+01
1.566766e+01
1.567386e+01
1.568005e+01
1.568625e+01
1.569244e+01
1.569864e+01
1.570483e+01
1.571103e+01
1.571722e+01
1.572342e+01
1.572961e+01
1.573581e+01
1.574200e+01
1.574793e+01
1.575387e+01
1.575980e+01
1.576573e+01
1.577166e+01
1.577759e+01
1.578353e+01
1.578946e+01
1.579539e+01
1.580132e+01
1.580726e+01
1.581319e+01
1.581912e+01
1.582505e+01
1.583099e+01
1.583692e+01
1.584285e+01
1.584878e+01
1.585472e+01
1.586065e+01
1.586658e+01
1.587251e+01
1.587845e+01
1.588438e+01
1.589031e+01
1.589624e+01
1.590218e+01
1.590811e+01
1.591404e+01
1.591997e+01
1.592590e+01
1.593184e+01
1.593777e+01
1.594370e+01
1.594963e+01
1.595557e+01
1.596150e+01
1.596743e+01
1.597336e+01
1.597930e+01
1.598523e+01
1.599116e+01
1.599709e+01
1.600303e+01
1.600896e+01
1.601489e+01
1.602082e+01
1.602676e+01
1.603269e+01
1.603862e+01
1.604455e+01
1.605049e+01
1.605642e+01
1.606235e+01
1.606828e+01
1.607421e+01
1.608015e+01
1.608608e+01
1.609201e+01
1.609794e+01
1.610388e+01
1.610981e+01
1.611574e+01
1.612167e+01
1.612761e+01
1.613354e+01
1.613947e+01
1.614540e+01
1.615134e+01
1.615727e+01
1.616320e+01
1.616913e+01
1.617507e+01
1.618100e+01
1.618693e+01
1.619286e+01
1.619880e+01
1.620473e+01
1.621066e+01
1.621659e+01
1.622253e+01
1.622846e+01
1.623439e+01
1.624032e+01
1.624625e+01
1.625219e+01
1.625812e+01
1.626405e+01
1.626998e+01
1.627592e+01
1.628185e+01
1.628778e+01
1.629371e+01
1.629965e+01
1.630558e+01
1.631151e+01
1.631744e+01
1.632338e+01
1.632931e+01
1.633524e+01
1.634117e+01
1.634711e+01
1.635304e+01
1.635897e+01
1.636490e+01
1.637084e+01
1.637677e+01
1.638270e+01
1.638863e+01
1.639456e+01
1.640050e+01
1.640643e+01
1.641236e+01
1.641829e+01
1.642423e+01
1.643016e+01
1.643609e+01
1.644202e+01
1.644796e+01
1.645389e+01
1.645982e+01
1.646575e+01
1.647169e+01
1.647762e+01
1.648355e+01
1.648948e+01
1.649542e+01
1.650135e+01
1.650728e+01
1.651321e+01
1.651915e+01
1.652508e+01
1.653101e+01
1.653694e+01
1.654287e+01
1.654881e+01
1.655474e+01
1.656067e+01
1.656660e+01
1.657254e+01
1.657847e+01
1.658440e+01
1.659033e+01
1.659627e+01
1.660220e+01
1.660813e+01
1.661406e+01
1.662000e+01
1.662593e+01
1.663186e+01
1.663779e+01
1.664373e+01
1.664966e+01
1.665559e+01
1.666152e+01
1.666746e+01
1.667339e+01
1.667932e+01
1.668525e+01
1.669119e+01
1.669712e+01
1.670305e+01
1.670898e+01
1.671491e+01
1.672085e+01
1.672678e+01
1.673271e+01
1.673864e+01
1.674458e+01
1.675051e+01
1.675644e+01
1.676237e+01
1.676831e+01
1.677424e+01
1.678017e+01
1.678610e+01
1.679204e+01
1.679797e+01
1.680390e+01
1.680983e+01
1.681577e+01
1.682170e+01
1.682763e+01
1.683356e+01
1.683950e+01
1.684543e+01
1.685136e+01
1.685729e+01
1.686322e+01
1.686916e+01
1.687509e+01
1.688102e+01
1.688695e+01
1.689289e+01
1.689882e+01
1.690475e+01
1.691068e+01
1.691662e+01
1.692255e+01
1.692848e+01
1.693441e+01
1.694035e+01
1.694628e+01
1.695221e+01
1.695814e+01
1.696408e+01
1.697001e+01
1.697594e+01
1.698187e+01
1.698781e+01
1.699374e+01
1.699967e+01
1.700560e+01
1.701153e+01
1.701747e+01
1.702340e+01
1.702933e+01
1.703526e+01
1.704120e+01
1.704713e+01
1.705306e+01
1.705899e+01
1.706493e+01
1.707086e+01
1.707679e+01
1.708272e+01
1.708866e+01
1.709459e+01
1.710052e+01
1.710645e+01
1.711239e+01
1.711832e+01
1.712425e+01
1.713018e+01
1.713612e+01
1.714205e+01
1.714798e+01
1.715391e+01
1.715984e+01
1.716578e+01
1.717171e+01
1.717764e+01
1.718357e+01
1.718951e+01
1.719544e+01
1.720137e+01
1.720730e+01
1.721324e+01
1.721917e+01
1.722510e+01
1.723103e+01
1.723697e+01
1.724290e+01
1.724883e+01
1.725476e+01
1.726070e+01
1.726663e+01
1.727256e+01
1.727849e+01
1.728443e+01
1.729036e+01
1.729629e+01
1.730222e+01
1.730816e+01
1.731409e+01
1.732002e+01
1.732595e+01
1.733188e+01
1.733782e+01
1.734375e+01
1.734968e+01
1.735561e+01
1.736155e+01
1.736748e+01
1.737341e+01
1.737934e+01
1.738528e+01
1.739121e+01
1.739714e+01
1.740307e+01
1.740901e+01
1.741494e+01
1.742087e+01
1.742680e+01
1.743274e+01
1.743867e+01
1.744460e+01
1.745053e+01
1.745647e+01
1.746240e+01
1.746833e+01
1.747426e+01
1.748019e+01
1.748613e+01
1.749206e+01
1.749799e+01
1.750392e+01
1.750986e+01
1.751579e+01
1.752172e+01
1.752766e+01
1.753359e+01
1.753952e+01
1.754545e+01
1.755138e+01
1.755731e+01
1.756325e+01
1.756918e+01
1.757511e+01
1.758105e+01
1.758698e+01
1.759291e+01
1.759885e+01
1.760478e+01
1.761071e+01
1.761664e+01
1.762257e+01
1.762850e+01
1.763444e+01
1.764037e+01
1.764630e+01
1.765224e+01
1.765817e+01
1.766410e+01
1.767003e+01
1.767596e+01
1.768189e+01
1.768783e+01
1.769376e+01
1.769969e+01
1.770563e+01
1.771156e+01
1.771749e+01
1.772343e+01
1.772936e+01
1.773529e+01
1.774122e+01
1.774715e+01
1.775308e+01
1.775902e+01
1.776495e+01
1.777088e+01
1.777682e+01
1.778275e+01
1.778868e+01
1.779461e+01
1.780055e+01
1.780648e+01
1.781241e+01
1.781834e+01
1.782427e+01
1.783020e+01
1.783614e+01
1.784207e+01
1.784800e+01
1.785394e+01
1.785987e+01
1.786580e+01
1.787174e+01
1.787767e+01
1.788360e+01
1.788953e+01
1.789546e+01
1.790139e+01
1.790733e+01
1.791326e+01
1.791919e+01
1.792513e+01
1.793106e+01
1.793699e+01
1.794292e+01
1.794885e+01
1.795478e+01
1.796072e+01
1.796665e+01
1.797258e+01
1.797852e+01
1.798445e+01
1.799038e+01
1.799632e+01
1.800225e+01
1.800818e+01
1.801411e+01
1.802004e+01
1.802597e+01
1.803191e+01
1.803784e+01
1.804377e+01
1.804971e+01
1.805564e+01
1.806157e+01
1.806751e+01
1.807344e+01
1.807937e+01
1.808530e+01
1.809123e+01
1.809716e+01
1.810310e+01
1.810903e+01
1.811496e+01
1.812090e+01
1.812683e+01
1.813276e+01
1.813870e+01
1.814463e+01
1.815056e+01
1.815649e+01
1.816242e+01
1.816835e+01
1.817428e+01
1.818022e+01
1.818615e+01
1.819208e+01
1.819802e+01
1.820395e+01
1.820988e+01
1.821581e+01
1.822174e+01
1.822767e+01
1.823361e+01
1.823954e+01
1.824547e+01
1.825141e+01
1.825734e+01
1.826327e+01
1.826921e+01
1.827514e+01
1.828107e+01
1.828700e+01
1.829293e+01
1.829886e+01
1.830480e+01
1.831073e+01
1.831666e+01
1.832260e+01
1.832853e+01
1.833446e+01
1.834040e+01
1.834633e+01
1.835226e+01
1.835819e+01
1.836412e+01
1.837005e+01
1.837599e+01
1.838192e+01
1.838785e+01
1.839379e+01
1.839972e+01
1.840565e+01
1.841159e+01
1.841752e+01
1.842345e+01
1.842938e+01
1.843531e+01
1.844124e+01
1.844718e+01
1.845311e+01
1.845904e+01
1.846498e+01
1.847091e+01
1.847684e+01
1.848277e+01
1.848870e+01
1.849463e+01
1.850057e+01
1.850650e+01
1.851243e+01
1.851837e+01
1.852430e+01
1.853023e+01
1.853617e+01
1.854210e+01
1.854803e+01
1.855396e+01
1.855989e+01
1.856582e+01
1.857175e+01
1.857769e+01
1.858362e+01
1.858955e+01
1.859549e+01
