5.800000e-01
5.803331e-01
5.806669e-01
5.810000e-01
5.813332e-01
5.816668e-01
5.820000e-01
5.823331e-01
5.826669e-01
5.830000e-01
5.833332e-01
5.836669e-01
5.840000e-01
5.843331e-01
5.846669e-01
5.850000e-01
5.853331e-01
5.856668e-01
5.860000e-01
5.863331e-01
5.866669e-01
5.870000e-01
5.873331e-01
5.876668e-01
5.880000e-01
5.883331e-01
5.886669e-01
5.890000e-01
5.893331e-01
5.896668e-01
5.900000e-01
5.900000e-01
5.900000e-01
5.900000e-01
5.900000e-01
5.900000e-01
5.900000e-01
5.900000e-01
5.900000e-01
5.900000e-01
5.900000e-01
5.900000e-01
5.900000e-01
5.900000e-01
5.900000e-01
5.900000e-01
5.900000e-01
5.900000e-01
5.900000e-01
5.900000e-01
5.900000e-01
5.902500e-01
5.905000e-01
5.907500e-01
5.910000e-01
5.912500e-01
5.915000e-01
5.917500e-01
5.920000e-01
5.922500e-01
5.925000e-01
5.927500e-01
5.930000e-01
5.932500e-01
5.935000e-01
5.937500e-01
5.940000e-01
5.942500e-01
5.945000e-01
5.946668e-01
5.950000e-01
5.953331e-01
5.956668e-01
5.960000e-01
5.963331e-01
5.966668e-01
5.970000e-01
5.973331e-01
5.976668e-01
5.980000e-01
5.983331e-01
5.986668e-01
5.990000e-01
5.993331e-01
5.996668e-01
6.000000e-01
6.003331e-01
6.006668e-01
6.010000e-01
6.013331e-01
6.016668e-01
6.020000e-01
6.023331e-01
6.026668e-01
6.030000e-01
6.033331e-01
6.036668e-01
6.040000e-01
6.043331e-01
6.046668e-01
6.050000e-01
6.052000e-01
6.054000e-01
6.056000e-01
6.058000e-01
6.060000e-01
6.062000e-01
6.064000e-01
6.066000e-01
6.068000e-01
6.070000e-01
6.072000e-01
6.074000e-01
6.076000e-01
6.078000e-01
6.080000e-01
6.082000e-01
6.084000e-01
6.086000e-01
6.088000e-01
6.090000e-01
6.092000e-01
6.094000e-01
6.096000e-01
6.098000e-01
6.100000e-01
6.102000e-01
6.104000e-01
6.106000e-01
6.108000e-01
6.110000e-01
6.112000e-01
6.114000e-01
6.116000e-01
6.118000e-01
6.120000e-01
6.122000e-01
6.124000e-01
6.126000e-01
6.128000e-01
6.130000e-01
6.132000e-01
6.134000e-01
6.136000e-01
6.138000e-01
6.140000e-01
6.142000e-01
6.144000e-01
6.146000e-01
6.148000e-01
6.150000e-01
6.153000e-01
6.156000e-01
6.159000e-01
6.162000e-01
6.165000e-01
6.168000e-01
6.171000e-01
6.174000e-01
6.177000e-01
6.180000e-01
6.183000e-01
6.186000e-01
6.189000e-01
6.192000e-01
6.195000e-01
6.198000e-01
6.201000e-01
6.204000e-01
6.207000e-01
6.210000e-01
6.213000e-01
6.216000e-01
6.219000e-01
6.222000e-01
6.225000e-01
6.228000e-01
6.231000e-01
6.234000e-01
6.237000e-01
6.240000e-01
6.243000e-01
6.246000e-01
6.249000e-01
6.252000e-01
6.255000e-01
6.258000e-01
6.261000e-01
6.264000e-01
6.267000e-01
6.270000e-01
6.273000e-01
6.276000e-01
6.279000e-01
6.282000e-01
6.285000e-01
6.288000e-01
6.291000e-01
6.294000e-01
6.297000e-01
6.300000e-01
6.321500e-01
6.343000e-01
6.364500e-01
6.386000e-01
6.407500e-01
6.429000e-01
6.450500e-01
6.472000e-01
6.493500e-01
6.515000e-01
6.536500e-01
6.558000e-01
6.579500e-01
6.601000e-01
6.622500e-01
6.644000e-01
6.665500e-01
6.687000e-01
6.708500e-01
6.730000e-01
6.751500e-01
6.773000e-01
6.794500e-01
6.816000e-01
6.837500e-01
6.859000e-01
6.880500e-01
6.902000e-01
6.923500e-01
6.945000e-01
6.966500e-01
6.988000e-01
7.009500e-01
7.031000e-01
7.052500e-01
7.074000e-01
7.095500e-01
7.117000e-01
7.138500e-01
7.160000e-01
7.181500e-01
7.203000e-01
7.224500e-01
7.246000e-01
7.267500e-01
7.289000e-01
7.310500e-01
7.332000e-01
7.353500e-01
7.375000e-01
7.396500e-01
7.418000e-01
7.439500e-01
7.461000e-01
7.482500e-01
7.504000e-01
7.525500e-01
7.547000e-01
7.568500e-01
7.590000e-01
7.611500e-01
7.633000e-01
7.654500e-01
7.676000e-01
7.697500e-01
7.719000e-01
7.740500e-01
7.762000e-01
7.783500e-01
7.805000e-01
7.826500e-01
7.848000e-01
7.869500e-01
7.891000e-01
7.912500e-01
7.934000e-01
7.955500e-01
7.977000e-01
7.998500e-01
8.020000e-01
8.041500e-01
8.063000e-01
8.084500e-01
8.106000e-01
8.127500e-01
8.149000e-01
8.170500e-01
8.192000e-01
8.213500e-01
8.235000e-01
8.256500e-01
8.278000e-01
8.299500e-01
8.321000e-01
8.342500e-01
8.364000e-01
8.385500e-01
8.407000e-01
8.428500e-01
8.450000e-01
8.460000e-01
8.470000e-01
8.480000e-01
8.490000e-01
8.500000e-01
8.510000e-01
8.520000e-01
8.530000e-01
8.540000e-01
8.550000e-01
8.560000e-01
8.570000e-01
8.580000e-01
8.590000e-01
8.600000e-01
8.610000e-01
8.620000e-01
8.630000e-01
8.640000e-01
8.650000e-01
8.660000e-01
8.670000e-01
8.680000e-01
8.690000e-01
8.700000e-01
8.710000e-01
8.720000e-01
8.730000e-01
8.740000e-01
8.750000e-01
8.760000e-01
8.770000e-01
8.780000e-01
8.790000e-01
8.800000e-01
8.810000e-01
8.820000e-01
8.830000e-01
8.840000e-01
8.850000e-01
8.860000e-01
8.870000e-01
8.880000e-01
8.890000e-01
8.900000e-01
8.910000e-01
8.920000e-01
8.930000e-01
8.940000e-01
8.950000e-01
8.960000e-01
8.970000e-01
8.980000e-01
8.990000e-01
9.000000e-01
9.010000e-01
9.020000e-01
9.030000e-01
9.040000e-01
9.050000e-01
9.060000e-01
9.070000e-01
9.080000e-01
9.090000e-01
9.100000e-01
9.110000e-01
9.120000e-01
9.130000e-01
9.140000e-01
9.150000e-01
9.160000e-01
9.170000e-01
9.180000e-01
9.190000e-01
9.200000e-01
9.210000e-01
9.220000e-01
9.230000e-01
9.240000e-01
9.250000e-01
9.260000e-01
9.270000e-01
9.280000e-01
9.290000e-01
9.300000e-01
9.310000e-01
9.320000e-01
9.330000e-01
9.340000e-01
9.350000e-01
9.360000e-01
9.370000e-01
9.380000e-01
9.390000e-01
9.400000e-01
9.410000e-01
9.420000e-01
9.430000e-01
9.440000e-01
9.450000e-01
9.457250e-01
9.464500e-01
9.471750e-01
9.479000e-01
9.486250e-01
9.493500e-01
9.500750e-01
9.508000e-01
9.515250e-01
9.522500e-01
9.529750e-01
9.537000e-01
9.544250e-01
9.551500e-01
9.558750e-01
9.566000e-01
9.573250e-01
9.580500e-01
9.587750e-01
9.595000e-01
9.602250e-01
9.609500e-01
9.616750e-01
9.624000e-01
9.631250e-01
9.638500e-01
9.645750e-01
9.653000e-01
9.660250e-01
9.667500e-01
9.674750e-01
9.682000e-01
9.689250e-01
9.696500e-01
9.703750e-01
9.711000e-01
9.718250e-01
9.725500e-01
9.732750e-01
9.740000e-01
9.747250e-01
9.754500e-01
9.761750e-01
9.769000e-01
9.776250e-01
9.783500e-01
9.790750e-01
9.798000e-01
9.805250e-01
9.812500e-01
9.819750e-01
9.827000e-01
9.834250e-01
9.841500e-01
9.848750e-01
9.856000e-01
9.863250e-01
9.870500e-01
9.877750e-01
9.885000e-01
9.892250e-01
9.899500e-01
9.906750e-01
9.914000e-01
9.921250e-01
9.928500e-01
9.935750e-01
9.943000e-01
9.950250e-01
9.957500e-01
9.964750e-01
9.972000e-01
9.979250e-01
9.986500e-01
9.993750e-01
1.000100e+00
1.000825e+00
1.001550e+00
1.002275e+00
1.003000e+00
1.003725e+00
1.004450e+00
1.005175e+00
1.005900e+00
1.006625e+00
1.007350e+00
1.008075e+00
1.008800e+00
1.009525e+00
1.010250e+00
1.010975e+00
1.011700e+00
1.012425e+00
1.013150e+00
1.013875e+00
1.014600e+00
1.015325e+00
1.016050e+00
1.016775e+00
1.017500e+00
1.018225e+00
1.018950e+00
1.019675e+00
1.020400e+00
1.021125e+00
1.021850e+00
1.022575e+00
1.023300e+00
1.024025e+00
1.024750e+00
1.025475e+00
1.026200e+00
1.026925e+00
1.027650e+00
1.028375e+00
1.029100e+00
1.029825e+00
1.030550e+00
1.031275e+00
1.032000e+00
1.032725e+00
1.033450e+00
1.034175e+00
1.034900e+00
1.035625e+00
1.036350e+00
1.037075e+00
1.037800e+00
1.038525e+00
1.039250e+00
1.039975e+00
1.040700e+00
1.041425e+00
1.042150e+00
1.042875e+00
1.043600e+00
1.044325e+00
1.045050e+00
1.045775e+00
1.046500e+00
1.047225e+00
1.047950e+00
1.048675e+00
1.049400e+00
1.050125e+00
1.050850e+00
1.051575e+00
1.052300e+00
1.053025e+00
1.053750e+00
1.054475e+00
1.055200e+00
1.055925e+00
1.056650e+00
1.057375e+00
1.058100e+00
1.058825e+00
1.059550e+00
1.060275e+00
1.061000e+00
1.061725e+00
1.062450e+00
1.063175e+00
1.063900e+00
1.064625e+00
1.065350e+00
1.066075e+00
1.066800e+00
1.067525e+00
1.068250e+00
1.068975e+00
1.069700e+00
1.070425e+00
1.071150e+00
1.071875e+00
1.072600e+00
1.073325e+00
1.074050e+00
1.074775e+00
1.075500e+00
1.076225e+00
1.076950e+00
1.077675e+00
1.078400e+00
1.079125e+00
1.079850e+00
1.080575e+00
1.081300e+00
1.082025e+00
1.082750e+00
1.083475e+00
1.084200e+00
1.084925e+00
1.085650e+00
1.086375e+00
1.087100e+00
1.087825e+00
1.088550e+00
1.089275e+00
1.090000e+00
1.090850e+00
1.091700e+00
1.092550e+00
1.093400e+00
1.094250e+00
1.095100e+00
1.095950e+00
1.096800e+00
1.097650e+00
1.098500e+00
1.099350e+00
1.100200e+00
1.101050e+00
1.101900e+00
1.102750e+00
1.103600e+00
1.104450e+00
1.105300e+00
1.106150e+00
1.107000e+00
1.107850e+00
1.108700e+00
1.109550e+00
1.110400e+00
1.111250e+00
1.112100e+00
1.112950e+00
1.113800e+00
1.114650e+00
1.115500e+00
1.116350e+00
1.117200e+00
1.118050e+00
1.118900e+00
1.119750e+00
1.120600e+00
1.121450e+00
1.122300e+00
1.123150e+00
1.124000e+00
1.124850e+00
1.125700e+00
1.126550e+00
1.127400e+00
1.128250e+00
1.129100e+00
1.129950e+00
1.130800e+00
1.131650e+00
1.132500e+00
1.133350e+00
1.134200e+00
1.135050e+00
1.135900e+00
1.136750e+00
1.137600e+00
1.138450e+00
1.139300e+00
1.140150e+00
1.141000e+00
1.141850e+00
1.142700e+00
1.143550e+00
1.144400e+00
1.145250e+00
1.146100e+00
1.146950e+00
1.147800e+00
1.148650e+00
1.149500e+00
1.150350e+00
1.151200e+00
1.152050e+00
1.152900e+00
1.153750e+00
1.154600e+00
1.155450e+00
1.156300e+00
1.157150e+00
1.158000e+00
1.158850e+00
1.159700e+00
1.160550e+00
1.161400e+00
1.162250e+00
1.163100e+00
1.163950e+00
1.164800e+00
1.165650e+00
1.166500e+00
1.167350e+00
1.168200e+00
1.169050e+00
1.169900e+00
1.170750e+00
1.171600e+00
1.172450e+00
1.173300e+00
1.174150e+00
1.175000e+00
1.192310e+00
1.209619e+00
1.226929e+00
1.244238e+00
1.261548e+00
1.278857e+00
1.296167e+00
1.313477e+00
1.330786e+00
1.348096e+00
1.365405e+00
1.382715e+00
1.400025e+00
1.417334e+00
1.434644e+00
1.451953e+00
1.469263e+00
1.486572e+00
1.503882e+00
1.521192e+00
1.538501e+00
1.555811e+00
1.573120e+00
1.590430e+00
1.607740e+00
1.625049e+00
1.642359e+00
1.659668e+00
1.676978e+00
1.694287e+00
1.711597e+00
1.728907e+00
1.746216e+00
1.763526e+00
1.780835e+00
1.798145e+00
1.815455e+00
1.832764e+00
1.850074e+00
1.867383e+00
1.884693e+00
1.902002e+00
1.919312e+00
1.936622e+00
1.953931e+00
1.971241e+00
1.988550e+00
2.005860e+00
2.023170e+00
2.040479e+00
2.057789e+00
2.075098e+00
2.092408e+00
2.109717e+00
2.127027e+00
2.144337e+00
2.161646e+00
2.178956e+00
2.196265e+00
2.213575e+00
2.230885e+00
2.248194e+00
2.265504e+00
2.282813e+00
2.300123e+00
2.317432e+00
2.334742e+00
2.352052e+00
2.369361e+00
2.386671e+00
2.403980e+00
2.421290e+00
2.438600e+00
2.455909e+00
2.473219e+00
2.490528e+00
2.507838e+00
2.525147e+00
2.542457e+00
2.559767e+00
2.577076e+00
2.594386e+00
2.611695e+00
2.629005e+00
2.646314e+00
2.663624e+00
2.680934e+00
2.698243e+00
2.715553e+00
2.732862e+00
2.750172e+00
2.767482e+00
2.784791e+00
2.802101e+00
2.819410e+00
2.836720e+00
2.854029e+00
2.871339e+00
2.888649e+00
2.905958e+00
2.923268e+00
2.940577e+00
2.957887e+00
2.975197e+00
2.992506e+00
3.009816e+00
3.027125e+00
3.044435e+00
3.061744e+00
3.079054e+00
3.096364e+00
3.113673e+00
3.130983e+00
3.148292e+00
3.165602e+00
3.182912e+00
3.200221e+00
3.217531e+00
3.234840e+00
3.252150e+00
3.269459e+00
3.286769e+00
3.304079e+00
3.321388e+00
3.338698e+00
3.356007e+00
3.373317e+00
3.390627e+00
3.407936e+00
3.425246e+00
3.442555e+00
3.459865e+00
3.477174e+00
3.494484e+00
3.511794e+00
3.529103e+00
3.546413e+00
3.563722e+00
3.581032e+00
3.598342e+00
3.615651e+00
3.632961e+00
3.650270e+00
3.667580e+00
3.684889e+00
3.702199e+00
3.719509e+00
3.736818e+00
3.754128e+00
3.771437e+00
3.788747e+00
3.806057e+00
3.823366e+00
3.840676e+00
3.857985e+00
3.875295e+00
3.892604e+00
3.909914e+00
3.927224e+00
3.944533e+00
3.961843e+00
3.979152e+00
3.996462e+00
4.013771e+00
4.031081e+00
4.048391e+00
4.065700e+00
4.083010e+00
4.100319e+00
4.117629e+00
4.134939e+00
4.152248e+00
4.169558e+00
4.186867e+00
4.204177e+00
4.221486e+00
4.238796e+00
4.256106e+00
4.273415e+00
4.290725e+00
4.308034e+00
4.325344e+00
4.342654e+00
4.359963e+00
4.377273e+00
4.394582e+00
4.411892e+00
4.429201e+00
4.446511e+00
4.463821e+00
4.481130e+00
4.498440e+00
4.515749e+00
4.533059e+00
4.550369e+00
4.567678e+00
4.584988e+00
4.602297e+00
4.619607e+00
4.636916e+00
4.654226e+00
4.671536e+00
4.688845e+00
4.706155e+00
4.723464e+00
4.740774e+00
4.758084e+00
4.775393e+00
4.792703e+00
4.810012e+00
4.827322e+00
4.844631e+00
4.861941e+00
4.879251e+00
4.896560e+00
4.913870e+00
4.931179e+00
4.948489e+00
4.965799e+00
4.983108e+00
5.000418e+00
5.017727e+00
5.035037e+00
5.052346e+00
5.069656e+00
5.086966e+00
5.104275e+00
5.121585e+00
5.138894e+00
5.156204e+00
5.173514e+00
5.190823e+00
5.208133e+00
5.225442e+00
5.242752e+00
5.260061e+00
5.277371e+00
5.294681e+00
5.311990e+00
5.329300e+00
5.346609e+00
5.363919e+00
5.381229e+00
5.398538e+00
5.415848e+00
5.433157e+00
5.450467e+00
5.467776e+00
5.485086e+00
5.502396e+00
5.519705e+00
5.537015e+00
5.554324e+00
5.571634e+00
5.588943e+00
5.606253e+00
5.623563e+00
5.640872e+00
5.658182e+00
5.675491e+00
5.692801e+00
5.710111e+00
5.727420e+00
5.744730e+00
5.762039e+00
5.779349e+00
5.796658e+00
5.813968e+00
5.831278e+00
5.848587e+00
5.865897e+00
5.883206e+00
5.900516e+00
5.917826e+00
5.935135e+00
5.952445e+00
5.969754e+00
5.987064e+00
6.004373e+00
6.021683e+00
6.038993e+00
6.056302e+00
6.073612e+00
6.090921e+00
6.108231e+00
6.125541e+00
6.142850e+00
6.160160e+00
6.177469e+00
6.194779e+00
6.212088e+00
6.229398e+00
6.246708e+00
6.264017e+00
6.281327e+00
6.298636e+00
6.315946e+00
6.333256e+00
6.350565e+00
6.367875e+00
6.385184e+00
6.402494e+00
6.419803e+00
6.437113e+00
6.454423e+00
6.471732e+00
6.489042e+00
6.506351e+00
6.523661e+00
6.540971e+00
6.558280e+00
6.575590e+00
6.592899e+00
6.610209e+00
6.627518e+00
6.644828e+00
6.662138e+00
6.679447e+00
6.696757e+00
6.714066e+00
6.731376e+00
6.748686e+00
6.765995e+00
6.783305e+00
6.800614e+00
6.817924e+00
6.835233e+00
6.852543e+00
6.869853e+00
6.887162e+00
6.904472e+00
6.921781e+00
6.939091e+00
6.956400e+00
6.973710e+00
6.991020e+00
7.008329e+00
7.025639e+00
7.042948e+00
7.060258e+00
7.077568e+00
7.094877e+00
7.112187e+00
7.129496e+00
7.146806e+00
7.164115e+00
7.181425e+00
7.198735e+00
7.216044e+00
7.233354e+00
7.250663e+00
7.267973e+00
7.285283e+00
7.302592e+00
7.319902e+00
7.337211e+00
7.354521e+00
7.371830e+00
7.389140e+00
7.406450e+00
7.423759e+00
7.441069e+00
7.458378e+00
7.475688e+00
7.492998e+00
7.510307e+00
7.527617e+00
7.544926e+00
7.562236e+00
7.579545e+00
7.596855e+00
7.614165e+00
7.631474e+00
7.648784e+00
7.666093e+00
7.683403e+00
7.700713e+00
7.718022e+00
7.735332e+00
7.752641e+00
7.769951e+00
7.787260e+00
7.804570e+00
7.821880e+00
7.839189e+00
7.856499e+00
7.873808e+00
7.891118e+00
7.908428e+00
7.925737e+00
7.943047e+00
7.960356e+00
7.977666e+00
7.994975e+00
8.012285e+00
8.029595e+00
8.046904e+00
8.064214e+00
8.081523e+00
8.098833e+00
8.116143e+00
8.133452e+00
8.150762e+00
8.168071e+00
8.185381e+00
8.202690e+00
8.220000e+00
8.227567e+00
8.235133e+00
8.242700e+00
8.250267e+00
8.257833e+00
8.265400e+00
8.272967e+00
8.280533e+00
8.288100e+00
8.295667e+00
8.303233e+00
8.310800e+00
8.318367e+00
8.325933e+00
8.333500e+00
8.341067e+00
8.348633e+00
8.356200e+00
8.363767e+00
8.371333e+00
8.378900e+00
8.386467e+00
8.394033e+00
8.401600e+00
8.409167e+00
8.416733e+00
8.424300e+00
8.431867e+00
8.439433e+00
8.447000e+00
8.454567e+00
8.462133e+00
8.469700e+00
8.477267e+00
8.484833e+00
8.492400e+00
8.499967e+00
8.507533e+00
8.515100e+00
8.522667e+00
8.530233e+00
8.537800e+00
8.545367e+00
8.552933e+00
8.560500e+00
8.568067e+00
8.575633e+00
8.583200e+00
8.590767e+00
8.598333e+00
8.605900e+00
8.613467e+00
8.621033e+00
8.628600e+00
8.636167e+00
8.643733e+00
8.651300e+00
8.658867e+00
8.666433e+00
8.674000e+00
8.681567e+00
8.689133e+00
8.696700e+00
8.704267e+00
8.711833e+00
8.719400e+00
8.726967e+00
8.734533e+00
8.742100e+00
8.749667e+00
8.757233e+00
8.764800e+00
8.772367e+00
8.779933e+00
8.787500e+00
8.795067e+00
8.802633e+00
8.810200e+00
8.817767e+00
8.825333e+00
8.832900e+00
8.840467e+00
8.848033e+00
8.855600e+00
8.863167e+00
8.870733e+00
8.878300e+00
8.885867e+00
8.893433e+00
8.901000e+00
8.908567e+00
8.916133e+00
8.923700e+00
8.931267e+00
8.938833e+00
8.946400e+00
8.953967e+00
8.961533e+00
8.969100e+00
8.976667e+00
8.983897e+00
8.991128e+00
8.998358e+00
9.005589e+00
9.012819e+00
9.020050e+00
9.027280e+00
9.034511e+00
9.041741e+00
9.048972e+00
9.056202e+00
9.063433e+00
9.070663e+00
9.077894e+00
9.085124e+00
9.092355e+00
9.099585e+00
9.106816e+00
9.114046e+00
9.121277e+00
9.128507e+00
9.135738e+00
9.142969e+00
9.150199e+00
9.157430e+00
9.164660e+00
9.171891e+00
9.179121e+00
9.186352e+00
9.193582e+00
9.200813e+00
9.208043e+00
9.215274e+00
9.222504e+00
9.229735e+00
9.236965e+00
9.244196e+00
9.251426e+00
9.258657e+00
9.265887e+00
9.273118e+00
9.280348e+00
9.287579e+00
9.294809e+00
9.302040e+00
9.309270e+00
9.316501e+00
9.323731e+00
9.330962e+00
9.338192e+00
9.345423e+00
9.352653e+00
9.359884e+00
9.367114e+00
9.374345e+00
9.381575e+00
9.388806e+00
9.396037e+00
9.403267e+00
9.410498e+00
9.417728e+00
9.424959e+00
9.432189e+00
9.439420e+00
9.446650e+00
9.453881e+00
9.461111e+00
9.468342e+00
9.475572e+00
9.482803e+00
9.490033e+00
9.497264e+00
9.504494e+00
9.511725e+00
9.518955e+00
9.526186e+00
9.533416e+00
9.540647e+00
9.547877e+00
9.555108e+00
9.562338e+00
9.569569e+00
9.576799e+00
9.584030e+00
9.591260e+00
9.598491e+00
9.605721e+00
9.612952e+00
9.620182e+00
9.627413e+00
9.634643e+00
9.641874e+00
9.649104e+00
9.656335e+00
9.663566e+00
9.670796e+00
9.678027e+00
9.685257e+00
9.692488e+00
9.699718e+00
9.706949e+00
9.714179e+00
9.721410e+00
9.728640e+00
9.735871e+00
9.743101e+00
9.750332e+00
9.757562e+00
9.764793e+00
9.772023e+00
9.779254e+00
9.786484e+00
9.793715e+00
9.800945e+00
9.808176e+00
9.815406e+00
9.822637e+00
9.829867e+00
9.837098e+00
9.844328e+00
9.851559e+00
9.858789e+00
9.866020e+00
9.873250e+00
9.880481e+00
9.887711e+00
9.894942e+00
9.902172e+00
9.909403e+00
9.916633e+00
9.923864e+00
9.931095e+00
9.938325e+00
9.945556e+00
9.952786e+00
9.960017e+00
9.967247e+00
9.974478e+00
9.981708e+00
9.988939e+00
9.996169e+00
1.000340e+01
1.001063e+01
1.001786e+01
1.002509e+01
1.003232e+01
1.003955e+01
1.004678e+01
1.005401e+01
1.006124e+01
1.006847e+01
1.007570e+01
1.008294e+01
1.009017e+01
1.009740e+01
1.010463e+01
1.011186e+01
1.011909e+01
1.012632e+01
1.013355e+01
1.014078e+01
1.014801e+01
1.015524e+01
1.016247e+01
1.016970e+01
1.017693e+01
1.018416e+01
1.019139e+01
1.019862e+01
1.020585e+01
1.021308e+01
1.022032e+01
1.022755e+01
1.023478e+01
1.024201e+01
1.024924e+01
1.025647e+01
1.026370e+01
1.027093e+01
1.027816e+01
1.028539e+01
1.029262e+01
1.029985e+01
1.030708e+01
1.031431e+01
1.032154e+01
1.032877e+01
1.033600e+01
1.034323e+01
1.035046e+01
1.035770e+01
1.036493e+01
1.037216e+01
1.037939e+01
1.038662e+01
1.039385e+01
1.040108e+01
1.040831e+01
1.041554e+01
1.042277e+01
1.043000e+01
1.043748e+01
1.044497e+01
1.045245e+01
1.045993e+01
1.046742e+01
1.047490e+01
1.048238e+01
1.048987e+01
1.049735e+01
1.050483e+01
1.051232e+01
1.051980e+01
1.052728e+01
1.053477e+01
1.054225e+01
1.054974e+01
1.055722e+01
1.056470e+01
1.057219e+01
1.057967e+01
1.058715e+01
1.059464e+01
1.060212e+01
1.060960e+01
1.061709e+01
1.062457e+01
1.063205e+01
1.063954e+01
1.064702e+01
1.065450e+01
1.066199e+01
1.066947e+01
1.067695e+01
1.068444e+01
1.069192e+01
1.069940e+01
1.070689e+01
1.071437e+01
1.072185e+01
1.072934e+01
1.073682e+01
1.074430e+01
1.075179e+01
1.075927e+01
1.076675e+01
1.077424e+01
1.078172e+01
1.078921e+01
1.079669e+01
1.080417e+01
1.081166e+01
1.081914e+01
1.082662e+01
1.083411e+01
1.084159e+01
1.084907e+01
1.085656e+01
1.086404e+01
1.087152e+01
1.087901e+01
1.088649e+01
1.089397e+01
1.090146e+01
1.090894e+01
1.091642e+01
1.092391e+01
1.093139e+01
1.093887e+01
1.094636e+01
1.095384e+01
1.096132e+01
1.096881e+01
1.097629e+01
1.098378e+01
1.099126e+01
1.099874e+01
1.100623e+01
1.101371e+01
1.102119e+01
1.102868e+01
1.103616e+01
1.104364e+01
1.105113e+01
1.105861e+01
1.106609e+01
1.107358e+01
1.108106e+01
1.108854e+01
1.109603e+01
1.110351e+01
1.111099e+01
1.111848e+01
1.112596e+01
1.113344e+01
1.114093e+01
1.114841e+01
1.115589e+01
1.116338e+01
1.117086e+01
1.117834e+01
1.118583e+01
1.119331e+01
1.120079e+01
1.120828e+01
1.121576e+01
1.122325e+01
1.123073e+01
1.123821e+01
1.124570e+01
1.125318e+01
1.126066e+01
1.126815e+01
1.127563e+01
1.128311e+01
1.129060e+01
1.129808e+01
1.130556e+01
1.131305e+01
1.132053e+01
1.132801e+01
1.133550e+01
1.134298e+01
1.135046e+01
1.135795e+01
1.136543e+01
1.137291e+01
1.138040e+01
1.138788e+01
1.139536e+01
1.140285e+01
1.141033e+01
1.141781e+01
1.142530e+01
1.143278e+01
1.144027e+01
1.144775e+01
1.145523e+01
1.146272e+01
1.147020e+01
1.147768e+01
1.148517e+01
1.149265e+01
1.150013e+01
1.150762e+01
1.151510e+01
1.152258e+01
1.153007e+01
1.153755e+01
1.154503e+01
1.155252e+01
1.156000e+01
1.156748e+01
1.157497e+01
1.158245e+01
1.158993e+01
1.159742e+01
1.160490e+01
1.161238e+01
1.161987e+01
1.162735e+01
1.163483e+01
1.164232e+01
1.164980e+01
1.165728e+01
1.166477e+01
1.167225e+01
1.167974e+01
1.168722e+01
1.169470e+01
1.170219e+01
1.170967e+01
1.171715e+01
1.172464e+01
1.173212e+01
1.173960e+01
1.174709e+01
1.175457e+01
1.176205e+01
1.176954e+01
1.177702e+01
1.178450e+01
1.179199e+01
1.179947e+01
1.180695e+01
1.181444e+01
1.182192e+01
1.182940e+01
1.183689e+01
1.184437e+01
1.185185e+01
1.185934e+01
1.186682e+01
1.187430e+01
1.188179e+01
1.188927e+01
1.189676e+01
1.190424e+01
1.191172e+01
1.191921e+01
1.192669e+01
1.193417e+01
1.194166e+01
1.194914e+01
1.195662e+01
1.196411e+01
1.197159e+01
1.197907e+01
1.198656e+01
1.199404e+01
1.200152e+01
1.200901e+01
1.201649e+01
1.202397e+01
1.203146e+01
1.203894e+01
1.204642e+01
1.205391e+01
1.206139e+01
1.206887e+01
1.207636e+01
1.208384e+01
1.209132e+01
1.209881e+01
1.210629e+01
1.211378e+01
1.212126e+01
1.212874e+01
1.213623e+01
1.214371e+01
1.215119e+01
1.215868e+01
1.216616e+01
1.217364e+01
1.218113e+01
1.218861e+01
1.219609e+01
1.220358e+01
1.221106e+01
1.221854e+01
1.222603e+01
1.223351e+01
1.224099e+01
1.224848e+01
1.225596e+01
1.226344e+01
1.227093e+01
1.227841e+01
1.228589e+01
1.229338e+01
1.230086e+01
1.230834e+01
1.231583e+01
1.232331e+01
1.233079e+01
1.233828e+01
1.234576e+01
1.235324e+01
1.236073e+01
1.236821e+01
1.237570e+01
1.238318e+01
1.239066e+01
1.239815e+01
1.240563e+01
1.241311e+01
1.242060e+01
1.242808e+01
1.243556e+01
1.244305e+01
1.245053e+01
1.245801e+01
1.246550e+01
1.247298e+01
1.248046e+01
1.248795e+01
1.249543e+01
1.250291e+01
1.251040e+01
1.251788e+01
1.252536e+01
1.253285e+01
1.254033e+01
1.254781e+01
1.255530e+01
1.256278e+01
1.257027e+01
1.257775e+01
1.258523e+01
1.259272e+01
1.260020e+01
1.260768e+01
1.261517e+01
1.262265e+01
1.263013e+01
1.263762e+01
1.264510e+01
1.265258e+01
1.266007e+01
1.266755e+01
1.267503e+01
1.268252e+01
1.269000e+01
1.269770e+01
1.270539e+01
1.271308e+01
1.272078e+01
1.272847e+01
1.273617e+01
1.274386e+01
1.275156e+01
1.275925e+01
1.276695e+01
1.277464e+01
1.278234e+01
1.279003e+01
1.279773e+01
1.280542e+01
1.281312e+01
1.282081e+01
1.282851e+01
1.283620e+01
1.284390e+01
1.285159e+01
1.285929e+01
1.286698e+01
1.287468e+01
1.288237e+01
1.289007e+01
1.289776e+01
1.290546e+01
1.291315e+01
1.292085e+01
1.292854e+01
1.293624e+01
1.294393e+01
1.295163e+01
1.295932e+01
1.296702e+01
1.297471e+01
1.298240e+01
1.299010e+01
1.299779e+01
1.300549e+01
1.301318e+01
1.302088e+01
1.302857e+01
1.303627e+01
1.304396e+01
1.305166e+01
1.305935e+01
1.306705e+01
1.307474e+01
1.308244e+01
1.309013e+01
1.309783e+01
1.310552e+01
1.311322e+01
1.312091e+01
1.312861e+01
1.313630e+01
1.314400e+01
1.315169e+01
1.315939e+01
1.316708e+01
1.317478e+01
1.318247e+01
1.319017e+01
1.319786e+01
1.320556e+01
1.321325e+01
1.322095e+01
1.322864e+01
1.323634e+01
1.324403e+01
1.325172e+01
1.325942e+01
1.326711e+01
1.327481e+01
1.328250e+01
1.329020e+01
1.329789e+01
1.330559e+01
1.331328e+01
1.332098e+01
1.332867e+01
1.333637e+01
1.334406e+01
1.335176e+01
1.335945e+01
1.336715e+01
1.337484e+01
1.338254e+01
1.339023e+01
1.339793e+01
1.340562e+01
1.341332e+01
1.342101e+01
1.342871e+01
1.343640e+01
1.344410e+01
1.345179e+01
1.345949e+01
1.346718e+01
1.347488e+01
1.348257e+01
1.349027e+01
1.349796e+01
1.350566e+01
1.351335e+01
1.352104e+01
1.352874e+01
1.353643e+01
1.354413e+01
1.355182e+01
1.355952e+01
1.356721e+01
1.357491e+01
1.358260e+01
1.359030e+01
1.359799e+01
1.360569e+01
1.361338e+01
1.362108e+01
1.362877e+01
1.363647e+01
1.364416e+01
1.365186e+01
1.365955e+01
1.366725e+01
1.367494e+01
1.368264e+01
1.369033e+01
1.369803e+01
1.370572e+01
1.371342e+01
1.372111e+01
1.372881e+01
1.373650e+01
1.374420e+01
1.375189e+01
1.375959e+01
1.376728e+01
1.377498e+01
1.378267e+01
1.379037e+01
1.379806e+01
1.380575e+01
1.381345e+01
1.382114e+01
1.382884e+01
1.383653e+01
1.384423e+01
1.385192e+01
1.385962e+01
1.386731e+01
1.387501e+01
1.388270e+01
1.389040e+01
1.389809e+01
1.390579e+01
1.391348e+01
1.392118e+01
1.392887e+01
1.393657e+01
1.394426e+01
1.395196e+01
1.395965e+01
1.396735e+01
1.397504e+01
1.398274e+01
1.399043e+01
1.399813e+01
1.400582e+01
1.401352e+01
1.402121e+01
1.402891e+01
1.403660e+01
1.404430e+01
1.405199e+01
1.405968e+01
1.406738e+01
1.407507e+01
1.408277e+01
1.409046e+01
1.409816e+01
1.410585e+01
1.411355e+01
1.412124e+01
1.412894e+01
1.413663e+01
1.414433e+01
1.415202e+01
1.415972e+01
1.416741e+01
1.417511e+01
1.418280e+01
1.419050e+01
1.419819e+01
1.420589e+01
1.421358e+01
1.422128e+01
1.422897e+01
1.423667e+01
1.424441e+01
1.425216e+01
1.425990e+01
1.426764e+01
1.427539e+01
1.428313e+01
1.429088e+01
1.429862e+01
1.430637e+01
1.431411e+01
1.432186e+01
1.432960e+01
1.433735e+01
1.434509e+01
1.435284e+01
1.436058e+01
1.436833e+01
1.437607e+01
1.438381e+01
1.439156e+01
1.439930e+01
1.440705e+01
1.441479e+01
1.442254e+01
1.443028e+01
1.443803e+01
1.444577e+01
1.445352e+01
1.446126e+01
1.446901e+01
1.447675e+01
1.448449e+01
1.449224e+01
1.449998e+01
1.450773e+01
1.451547e+01
1.452322e+01
1.453096e+01
1.453871e+01
1.454645e+01
1.455420e+01
1.456194e+01
1.456969e+01
1.457743e+01
1.458517e+01
1.459292e+01
1.460066e+01
1.460841e+01
1.461615e+01
1.462390e+01
1.463164e+01
1.463939e+01
1.464713e+01
1.465488e+01
1.466262e+01
1.467037e+01
1.467811e+01
1.468585e+01
1.469360e+01
1.470134e+01
1.470909e+01
1.471683e+01
1.472458e+01
1.473232e+01
1.474007e+01
1.474781e+01
1.475556e+01
1.476330e+01
1.477104e+01
1.477879e+01
1.478653e+01
1.479428e+01
1.480202e+01
1.480977e+01
1.481751e+01
1.482526e+01
1.483300e+01
1.484075e+01
1.484849e+01
1.485624e+01
1.486398e+01
1.487172e+01
1.487947e+01
1.488721e+01
1.489496e+01
1.490270e+01
1.491045e+01
1.491819e+01
1.492594e+01
1.493368e+01
1.494143e+01
1.494917e+01
1.495692e+01
1.496466e+01
1.497240e+01
1.498015e+01
1.498789e+01
1.499564e+01
1.500338e+01
1.501113e+01
1.501887e+01
1.502662e+01
1.503436e+01
1.504211e+01
1.504985e+01
1.505760e+01
1.506534e+01
1.507308e+01
1.508083e+01
1.508857e+01
1.509632e+01
1.510406e+01
1.511181e+01
1.511955e+01
1.512730e+01
1.513504e+01
1.514279e+01
1.515053e+01
1.515828e+01
1.516602e+01
1.517376e+01
1.518151e+01
1.518925e+01
1.519700e+01
1.520474e+01
1.521249e+01
1.522023e+01
1.522798e+01
1.523572e+01
1.524347e+01
1.525121e+01
1.525896e+01
1.526670e+01
1.527444e+01
1.528219e+01
1.528993e+01
1.529768e+01
1.530542e+01
1.531317e+01
1.532091e+01
1.532866e+01
1.533640e+01
1.534415e+01
1.535189e+01
1.535964e+01
1.536738e+01
1.537512e+01
1.538287e+01
1.539061e+01
1.539836e+01
1.540610e+01
1.541385e+01
1.542159e+01
1.542934e+01
1.543708e+01
1.544483e+01
1.545257e+01
1.546032e+01
1.546806e+01
1.547580e+01
1.548355e+01
1.549129e+01
1.549904e+01
1.550678e+01
1.551453e+01
1.552227e+01
1.553002e+01
1.553776e+01
1.554551e+01
1.555325e+01
1.556100e+01
1.556874e+01
1.557648e+01
1.558423e+01
1.559197e+01
1.559972e+01
1.560746e+01
1.561521e+01
1.562295e+01
1.563070e+01
1.563844e+01
1.564619e+01
1.565393e+01
1.566168e+01
1.566942e+01
1.567716e+01
1.568491e+01
1.569265e+01
1.570040e+01
1.570814e+01
1.571589e+01
1.572363e+01
1.573138e+01
1.573912e+01
1.574687e+01
1.575461e+01
1.576235e+01
1.577010e+01
1.577784e+01
1.578559e+01
1.579333e+01
1.580123e+01
1.580912e+01
1.581701e+01
1.582490e+01
1.583279e+01
1.584068e+01
1.584858e+01
1.585647e+01
1.586436e+01
1.587225e+01
1.588014e+01
1.588804e+01
1.589593e+01
1.590382e+01
1.591171e+01
1.591960e+01
1.592749e+01
1.593539e+01
1.594328e+01
1.595117e+01
1.595906e+01
1.596695e+01
1.597485e+01
1.598274e+01
1.599063e+01
1.599852e+01
1.600641e+01
1.601430e+01
1.602220e+01
1.603009e+01
1.603798e+01
1.604587e+01
1.605376e+01
1.606166e+01
1.606955e+01
1.607744e+01
1.608533e+01
1.609322e+01
1.610111e+01
1.610901e+01
1.611690e+01
1.612479e+01
1.613268e+01
1.614057e+01
1.614847e+01
1.615636e+01
1.616425e+01
1.617214e+01
1.618003e+01
1.618793e+01
1.619582e+01
1.620371e+01
1.621160e+01
1.621949e+01
1.622738e+01
1.623528e+01
1.624317e+01
1.625106e+01
1.625895e+01
1.626684e+01
1.627474e+01
1.628263e+01
1.629052e+01
1.629841e+01
1.630630e+01
1.631419e+01
1.632209e+01
1.632998e+01
1.633787e+01
1.634576e+01
1.635365e+01
1.636155e+01
1.636944e+01
1.637733e+01
1.638522e+01
1.639311e+01
1.640100e+01
1.640890e+01
1.641679e+01
1.642468e+01
1.643257e+01
1.644046e+01
1.644836e+01
1.645625e+01
1.646414e+01
1.647203e+01
1.647992e+01
1.648781e+01
1.649571e+01
1.650360e+01
1.651149e+01
1.651938e+01
1.652727e+01
1.653517e+01
1.654306e+01
1.655095e+01
1.655884e+01
1.656673e+01
1.657462e+01
1.658252e+01
1.659041e+01
1.659830e+01
1.660619e+01
1.661408e+01
1.662198e+01
1.662987e+01
1.663776e+01
1.664565e+01
1.665354e+01
1.666144e+01
1.666933e+01
1.667722e+01
1.668511e+01
1.669300e+01
1.670089e+01
1.670879e+01
1.671668e+01
1.672457e+01
1.673246e+01
1.674035e+01
1.674825e+01
1.675614e+01
1.676403e+01
1.677192e+01
1.677981e+01
1.678770e+01
1.679560e+01
1.680349e+01
1.681138e+01
1.681927e+01
1.682716e+01
1.683506e+01
1.684295e+01
1.685084e+01
1.685873e+01
1.686662e+01
1.687451e+01
1.688241e+01
1.689030e+01
1.689819e+01
1.690608e+01
1.691397e+01
1.692187e+01
1.692976e+01
1.693765e+01
1.694554e+01
1.695343e+01
1.696132e+01
1.696922e+01
1.697711e+01
1.698500e+01
1.699289e+01
1.700078e+01
1.700868e+01
1.701657e+01
1.702446e+01
1.703235e+01
1.704024e+01
1.704813e+01
1.705603e+01
1.706392e+01
1.707181e+01
1.707970e+01
1.708759e+01
1.709549e+01
1.710338e+01
1.711127e+01
1.711916e+01
1.712705e+01
1.713494e+01
1.714284e+01
1.715073e+01
1.715862e+01
1.716651e+01
1.717440e+01
1.718230e+01
1.719019e+01
1.719808e+01
1.720597e+01
1.721386e+01
1.722176e+01
1.722965e+01
1.723754e+01
1.724543e+01
1.725332e+01
1.726121e+01
1.726911e+01
1.727700e+01
1.728489e+01
1.729278e+01
1.730067e+01
1.730857e+01
1.731646e+01
1.732435e+01
1.733224e+01
1.734013e+01
1.734802e+01
1.735592e+01
1.736381e+01
1.737170e+01
1.737959e+01
1.738748e+01
1.739538e+01
1.740327e+01
1.741116e+01
1.741905e+01
1.742694e+01
1.743483e+01
1.744273e+01
1.745062e+01
1.745851e+01
1.746640e+01
1.747429e+01
1.748219e+01
1.749008e+01
1.749797e+01
1.750586e+01
1.751375e+01
1.752164e+01
1.752954e+01
1.753743e+01
1.754532e+01
1.755321e+01
1.756110e+01
1.756900e+01
1.757689e+01
1.758478e+01
1.759267e+01
1.760056e+01
1.760845e+01
1.761635e+01
1.762424e+01
1.763213e+01
1.764002e+01
1.764791e+01
1.765581e+01
1.766370e+01
1.767159e+01
1.767948e+01
1.768737e+01
1.769527e+01
1.770316e+01
1.771105e+01
1.771894e+01
1.772683e+01
1.773472e+01
1.774262e+01
1.775051e+01
1.775840e+01
1.776629e+01
1.777418e+01
1.778208e+01
1.778997e+01
1.779786e+01
1.780575e+01
1.781364e+01
1.782153e+01
1.782943e+01
1.783732e+01
1.784521e+01
1.785310e+01
1.786099e+01
1.786889e+01
1.787678e+01
1.788467e+01
1.789256e+01
1.790045e+01
1.790834e+01
1.791624e+01
1.792413e+01
1.793202e+01
1.793991e+01
1.794780e+01
1.795570e+01
1.796359e+01
1.797148e+01
1.797937e+01
1.798726e+01
1.799515e+01
1.800305e+01
1.801094e+01
1.801883e+01
1.802672e+01
1.803461e+01
1.804251e+01
1.805040e+01
1.805829e+01
1.806618e+01
1.807407e+01
1.808196e+01
1.808986e+01
1.809775e+01
1.810564e+01
1.811353e+01
1.812142e+01
1.812932e+01
1.813721e+01
1.814510e+01
1.815299e+01
1.816088e+01
1.816878e+01
1.817667e+01
1.818466e+01
1.819266e+01
1.820065e+01
1.820865e+01
1.821664e+01
1.822463e+01
1.823263e+01
1.824062e+01
1.824862e+01
1.825661e+01
1.826461e+01
1.827260e+01
1.828060e+01
1.828859e+01
1.829659e+01
1.830458e+01
1.831258e+01
1.832057e+01
1.832857e+01
1.833656e+01
1.834456e+01
1.835255e+01
1.836054e+01
1.836854e+01
1.837653e+01
1.838453e+01
1.839252e+01
1.840052e+01
1.840851e+01
1.841651e+01
1.842450e+01
1.843250e+01
1.844049e+01
1.844849e+01
1.845648e+01
1.846448e+01
1.847247e+01
1.848046e+01
1.848846e+01
1.849645e+01
1.850445e+01
1.851244e+01
1.852044e+01
1.852843e+01
1.853643e+01
1.854442e+01
1.855242e+01
1.856041e+01
1.856841e+01
1.857640e+01
1.858440e+01
1.859239e+01
1.860039e+01
1.860838e+01
1.861637e+01
1.862437e+01
1.863236e+01
1.864036e+01
1.864835e+01
1.865635e+01
1.866434e+01
1.867234e+01
1.868033e+01
1.868833e+01
1.869632e+01
1.870432e+01
1.871231e+01
1.872031e+01
1.872830e+01
1.873629e+01
1.874429e+01
1.875228e+01
1.876028e+01
1.876827e+01
1.877627e+01
1.878426e+01
1.879226e+01
1.880025e+01
1.880825e+01
1.881624e+01
1.882424e+01
1.883223e+01
1.884023e+01
1.884822e+01
1.885621e+01
1.886421e+01
1.887220e+01
1.888020e+01
1.888819e+01
1.889619e+01
1.890418e+01
1.891218e+01
1.892017e+01
1.892817e+01
1.893616e+01
1.894416e+01
1.895215e+01
1.896015e+01
1.896814e+01
1.897614e+01
1.898413e+01
1.899213e+01
1.900012e+01
1.900811e+01
1.901611e+01
1.902410e+01
1.903210e+01
1.904009e+01
1.904809e+01
1.905608e+01
1.906408e+01
1.907207e+01
1.908007e+01
1.908806e+01
1.909606e+01
1.910405e+01
1.911205e+01
1.912004e+01
1.912803e+01
1.913603e+01
1.914402e+01
1.915202e+01
1.916001e+01
1.916801e+01
1.917600e+01
1.918400e+01
1.919199e+01
1.919999e+01
1.920798e+01
1.921598e+01
1.922397e+01
1.923197e+01
1.923996e+01
1.924796e+01
1.925595e+01
1.926394e+01
1.927194e+01
1.927993e+01
1.928793e+01
1.929592e+01
1.930392e+01
1.931191e+01
1.931991e+01
1.932790e+01
1.933590e+01
1.934389e+01
1.935189e+01
1.935988e+01
1.936788e+01
1.937587e+01
1.938386e+01
1.939186e+01
1.939985e+01
1.940785e+01
1.941584e+01
1.942384e+01
1.943183e+01
1.943983e+01
1.944782e+01
1.945582e+01
1.946381e+01
1.947181e+01
1.947980e+01
1.948780e+01
1.949579e+01
1.950379e+01
1.951178e+01
1.951977e+01
1.952777e+01
1.953576e+01
1.954376e+01
1.955175e+01
1.955975e+01
1.956774e+01
1.957574e+01
1.958373e+01
1.959173e+01
1.959972e+01
1.960772e+01
1.961571e+01
1.962371e+01
1.963170e+01
1.963969e+01
1.964769e+01
1.965568e+01
1.966368e+01
1.967167e+01
1.967967e+01
1.968766e+01
1.969566e+01
1.970365e+01
1.971165e+01
1.971964e+01
1.972764e+01
1.973563e+01
1.974363e+01
1.975162e+01
1.975962e+01
1.976761e+01
1.977560e+01
1.978360e+01
1.979159e+01
1.979959e+01
1.980758e+01
1.981558e+01
1.982357e+01
1.983157e+01
1.983956e+01
1.984756e+01
1.985555e+01
1.986355e+01
1.987154e+01
1.987954e+01
1.988753e+01
1.989552e+01
1.990352e+01
1.991151e+01
1.991951e+01
1.992750e+01
1.993550e+01
1.994349e+01
1.995149e+01
1.995948e+01
1.996748e+01
1.997547e+01
1.998347e+01
1.999146e+01
1.999946e+01
2.000745e+01
2.001545e+01
2.002344e+01
2.003143e+01
2.003943e+01
2.004742e+01
2.005542e+01
2.006341e+01
2.007141e+01
2.007940e+01
2.008740e+01
2.009539e+01
2.010339e+01
2.011138e+01
2.011938e+01
2.012737e+01
2.013537e+01
2.014336e+01
2.015135e+01
2.015935e+01
2.016734e+01
2.017534e+01
2.018333e+01
2.019133e+01
2.019932e+01
2.020732e+01
2.021531e+01
2.022331e+01
2.023130e+01
2.023930e+01
2.024729e+01
2.025529e+01
2.026328e+01
2.027128e+01
2.027927e+01
2.028726e+01
2.029526e+01
2.030325e+01
2.031125e+01
2.031924e+01
2.032724e+01
2.033523e+01
2.034323e+01
2.035122e+01
2.035922e+01
2.036721e+01
2.037521e+01
2.038320e+01
2.039120e+01
2.039919e+01
2.040718e+01
2.041518e+01
2.042317e+01
2.043117e+01
2.043916e+01
2.044716e+01
2.045515e+01
2.046315e+01
2.047114e+01
2.047914e+01
2.048713e+01
2.049513e+01
2.050312e+01
2.051112e+01
2.051911e+01
2.052710e+01
2.053510e+01
2.054309e+01
2.055109e+01
2.055908e+01
2.056708e+01
2.057507e+01
2.058307e+01
2.059106e+01
2.059906e+01
2.060705e+01
2.061505e+01
2.062304e+01
2.063104e+01
2.063903e+01
2.064703e+01
2.065502e+01
2.066301e+01
2.067101e+01
2.067900e+01
2.068700e+01
2.069499e+01
2.070299e+01
2.071098e+01
2.071898e+01
2.072697e+01
2.073497e+01
2.074296e+01
2.075096e+01
2.075895e+01
2.076695e+01
2.077494e+01
2.078294e+01
2.079093e+01
2.079892e+01
2.080692e+01
2.081491e+01
2.082291e+01
2.083090e+01
2.083890e+01
2.084689e+01
2.085489e+01
2.086288e+01
2.087088e+01
2.087887e+01
2.088687e+01
2.089486e+01
2.090286e+01
2.091085e+01
2.091884e+01
2.092684e+01
2.093483e+01
2.094283e+01
2.095082e+01
2.095882e+01
2.096681e+01
2.097481e+01
2.098280e+01
2.099080e+01
2.099879e+01
2.100679e+01
2.101478e+01
2.102278e+01
2.103077e+01
2.103877e+01
2.104676e+01
2.105475e+01
2.106275e+01
2.107074e+01
2.107874e+01
2.108673e+01
2.109473e+01
2.110272e+01
2.111072e+01
2.111871e+01
2.112671e+01
2.113470e+01
2.114270e+01
2.115069e+01
2.115869e+01
2.116668e+01
2.117467e+01
2.118267e+01
2.119066e+01
2.119866e+01
2.120665e+01
2.121465e+01
2.122264e+01
2.123064e+01
2.123863e+01
2.124663e+01
2.125462e+01
2.126262e+01
2.127061e+01
2.127861e+01
2.128660e+01
2.129460e+01
2.130259e+01
2.131058e+01
2.131858e+01
2.132657e+01
2.133457e+01
2.134256e+01
2.135056e+01
2.135855e+01
2.136655e+01
2.137454e+01
2.138254e+01
2.139053e+01
2.139853e+01
2.140652e+01
2.141452e+01
2.142251e+01
2.143050e+01
2.143850e+01
2.144649e+01
2.145449e+01
2.146248e+01
2.147048e+01
2.147847e+01
2.148647e+01
2.149446e+01
2.150246e+01
2.151045e+01
2.151845e+01
2.152644e+01
2.153444e+01
2.154243e+01
2.155043e+01
2.155842e+01
2.156641e+01
2.157441e+01
2.158240e+01
2.159040e+01
2.159839e+01
2.160639e+01
2.161438e+01
2.162238e+01
2.163037e+01
2.163837e+01
2.164636e+01
2.165436e+01
2.166235e+01
2.167035e+01
2.167834e+01
2.168633e+01
2.169433e+01
2.170232e+01
2.171032e+01
2.171831e+01
2.172631e+01
2.173430e+01
2.174230e+01
2.175029e+01
2.175829e+01
2.176628e+01
2.177428e+01
2.178227e+01
2.179027e+01
2.179826e+01
2.180626e+01
2.181425e+01
2.182224e+01
2.183024e+01
2.183823e+01
2.184623e+01
2.185422e+01
2.186222e+01
2.187021e+01
2.187821e+01
2.188620e+01
2.189420e+01
2.190219e+01
2.191019e+01
2.191818e+01
2.192618e+01
2.193417e+01
2.194216e+01
2.195016e+01
2.195815e+01
2.196615e+01
2.197414e+01
2.198214e+01
2.199013e+01
2.199813e+01
2.200612e+01
2.201412e+01
2.202211e+01
2.203011e+01
2.203810e+01
2.204610e+01
2.205409e+01
2.206209e+01
2.207008e+01
2.207807e+01
2.208607e+01
2.209406e+01
2.210206e+01
2.211005e+01
2.211805e+01
2.212604e+01
2.213404e+01
2.214203e+01
2.215003e+01
2.215802e+01
2.216602e+01
2.217401e+01
2.218201e+01
2.219000e+01
2.219827e+01
2.220654e+01
2.221481e+01
2.222308e+01
2.223135e+01
2.223962e+01
2.224789e+01
2.225616e+01
2.226443e+01
2.227270e+01
2.228097e+01
2.228924e+01
2.229752e+01
2.230579e+01
2.231406e+01
2.232233e+01
2.233060e+01
2.233887e+01
2.234714e+01
2.235541e+01
2.236368e+01
2.237195e+01
2.238022e+01
2.238849e+01
2.239676e+01
2.240503e+01
2.241330e+01
2.242157e+01
2.242984e+01
2.243811e+01
2.244638e+01
2.245465e+01
2.246292e+01
2.247119e+01
2.247946e+01
2.248773e+01
2.249600e+01
2.250427e+01
2.251254e+01
2.252082e+01
2.252909e+01
2.253736e+01
2.254563e+01
2.255390e+01
2.256217e+01
2.257044e+01
2.257871e+01
2.258698e+01
2.259525e+01
2.260352e+01
2.261179e+01
2.262006e+01
2.262833e+01
2.263660e+01
2.264487e+01
2.265314e+01
2.266141e+01
2.266968e+01
2.267795e+01
2.268622e+01
2.269449e+01
2.270276e+01
2.271103e+01
2.271930e+01
2.272757e+01
2.273585e+01
2.274412e+01
2.275239e+01
2.276066e+01
2.276893e+01
2.277720e+01
2.278547e+01
2.279374e+01
2.280201e+01
2.281028e+01
2.281855e+01
2.282682e+01
2.283509e+01
2.284336e+01
2.285163e+01
2.285990e+01
2.286817e+01
2.287644e+01
2.288471e+01
2.289298e+01
2.290125e+01
2.290952e+01
2.291779e+01
2.292606e+01
2.293433e+01
2.294260e+01
2.295087e+01
2.295915e+01
2.296742e+01
2.297569e+01
2.298396e+01
2.299223e+01
2.300050e+01
2.300877e+01
2.301704e+01
2.302531e+01
2.303358e+01
2.304185e+01
2.305012e+01
2.305839e+01
2.306666e+01
2.307493e+01
2.308320e+01
2.309147e+01
2.309974e+01
2.310801e+01
2.311628e+01
2.312455e+01
2.313282e+01
2.314109e+01
2.314936e+01
2.315763e+01
2.316590e+01
2.317418e+01
2.318245e+01
2.319072e+01
2.319899e+01
2.320726e+01
2.321553e+01
2.322380e+01
2.323207e+01
2.324034e+01
2.324861e+01
2.325688e+01
2.326515e+01
2.327342e+01
2.328169e+01
2.328996e+01
2.329823e+01
2.330650e+01
2.331477e+01
2.332304e+01
2.333131e+01
2.333958e+01
2.334785e+01
2.335612e+01
2.336439e+01
2.337266e+01
2.338093e+01
2.338920e+01
2.339748e+01
2.340575e+01
2.341402e+01
2.342229e+01
2.343056e+01
2.343883e+01
2.344710e+01
2.345537e+01
2.346364e+01
2.347191e+01
2.348018e+01
2.348845e+01
2.349672e+01
2.350499e+01
2.351326e+01
2.352153e+01
2.352980e+01
2.353807e+01
2.354634e+01
2.355461e+01
2.356288e+01
2.357115e+01
2.357942e+01
2.358769e+01
2.359596e+01
2.360423e+01
2.361251e+01
2.362078e+01
2.362905e+01
2.363732e+01
2.364559e+01
2.365386e+01
2.366213e+01
2.367040e+01
2.367867e+01
2.368694e+01
2.369521e+01
2.370348e+01
2.371175e+01
2.372002e+01
2.372829e+01
2.373656e+01
2.374483e+01
2.375310e+01
2.376137e+01
2.376964e+01
2.377791e+01
2.378618e+01
2.379445e+01
2.380272e+01
2.381099e+01
2.381926e+01
2.382753e+01
2.383581e+01
2.384408e+01
2.385235e+01
2.386062e+01
2.386889e+01
2.387716e+01
2.388543e+01
2.389370e+01
2.390197e+01
2.391024e+01
2.391851e+01
2.392678e+01
2.393505e+01
2.394332e+01
2.395159e+01
2.395986e+01
2.396813e+01
2.397640e+01
2.398467e+01
2.399294e+01
2.400121e+01
2.400948e+01
2.401775e+01
2.402602e+01
2.403429e+01
2.404256e+01
2.405083e+01
2.405911e+01
2.406738e+01
2.407565e+01
2.408392e+01
2.409219e+01
2.410046e+01
2.410873e+01
2.411700e+01
2.412527e+01
2.413354e+01
2.414181e+01
2.415008e+01
2.415835e+01
2.416662e+01
2.417489e+01
2.418316e+01
2.419143e+01
2.419970e+01
2.420797e+01
2.421624e+01
2.422451e+01
2.423278e+01
2.424105e+01
2.424932e+01
2.425759e+01
2.426586e+01
2.427414e+01
2.428241e+01
2.429068e+01
2.429895e+01
2.430722e+01
2.431549e+01
2.432376e+01
2.433203e+01
2.434030e+01
2.434857e+01
2.435684e+01
2.436511e+01
2.437338e+01
2.438165e+01
2.438992e+01
2.439819e+01
2.440646e+01
2.441473e+01
2.442300e+01
2.443127e+01
2.443954e+01
2.444781e+01
2.445608e+01
2.446435e+01
2.447262e+01
2.448089e+01
2.448916e+01
2.449744e+01
2.450571e+01
2.451398e+01
2.452225e+01
2.453052e+01
2.453879e+01
2.454706e+01
2.455533e+01
2.456360e+01
2.457187e+01
2.458014e+01
2.458841e+01
2.459668e+01
2.460495e+01
2.461322e+01
2.462149e+01
2.462976e+01
2.463803e+01
2.464630e+01
2.465457e+01
2.466284e+01
2.467111e+01
2.467938e+01
2.468765e+01
2.469592e+01
2.470419e+01
2.471247e+01
2.472074e+01
2.472901e+01
2.473728e+01
2.474555e+01
2.475382e+01
2.476209e+01
2.477036e+01
2.477863e+01
2.478690e+01
2.479517e+01
2.480344e+01
2.481171e+01
2.481998e+01
2.482825e+01
2.483652e+01
2.484479e+01
2.485306e+01
2.486133e+01
2.486960e+01
2.487787e+01
2.488614e+01
2.489441e+01
2.490268e+01
2.491095e+01
2.491922e+01
2.492750e+01
2.493577e+01
2.494404e+01
2.495231e+01
2.496058e+01
2.496885e+01
2.497712e+01
2.498539e+01
2.499366e+01
2.500193e+01
2.501020e+01
2.501847e+01
2.502674e+01
2.503501e+01
2.504328e+01
2.505155e+01
2.505982e+01
2.506809e+01
2.507636e+01
2.508463e+01
2.509290e+01
2.510117e+01
2.510944e+01
2.511771e+01
2.512598e+01
2.513425e+01
2.514252e+01
2.515080e+01
2.515907e+01
2.516734e+01
2.517561e+01
2.518388e+01
2.519215e+01
2.520042e+01
2.520869e+01
2.521696e+01
2.522523e+01
2.523350e+01
2.524177e+01
2.525004e+01
2.525831e+01
2.526658e+01
2.527485e+01
2.528312e+01
2.529139e+01
2.529966e+01
2.530793e+01
2.531620e+01
2.532447e+01
2.533274e+01
2.534101e+01
2.534928e+01
2.535755e+01
2.536583e+01
2.537410e+01
2.538237e+01
2.539064e+01
2.539891e+01
2.540718e+01
2.541545e+01
2.542372e+01
2.543199e+01
2.544026e+01
2.544853e+01
2.545680e+01
2.546507e+01
2.547334e+01
2.548161e+01
2.548988e+01
2.549815e+01
2.550642e+01
2.551469e+01
2.552296e+01
2.553123e+01
2.553950e+01
2.554777e+01
2.555604e+01
2.556431e+01
2.557258e+01
2.558085e+01
2.558913e+01
2.559740e+01
2.560567e+01
2.561394e+01
2.562221e+01
2.563048e+01
2.563875e+01
2.564702e+01
2.565529e+01
2.566356e+01
2.567183e+01
2.568010e+01
2.568837e+01
2.569664e+01
2.570491e+01
2.571318e+01
2.572145e+01
2.572972e+01
2.573799e+01
2.574626e+01
2.575453e+01
2.576280e+01
2.577107e+01
2.577934e+01
2.578761e+01
2.579588e+01
2.580416e+01
2.581243e+01
2.582070e+01
2.582897e+01
2.583724e+01
2.584551e+01
2.585378e+01
2.586205e+01
2.587032e+01
2.587859e+01
2.588686e+01
2.589513e+01
2.590340e+01
2.591167e+01
2.591994e+01
2.592821e+01
2.593648e+01
2.594475e+01
2.595302e+01
2.596129e+01
2.596956e+01
2.597783e+01
2.598610e+01
2.599437e+01
2.600264e+01
2.601091e+01
2.601919e+01
2.602746e+01
2.603573e+01
2.604400e+01
2.605227e+01
2.606054e+01
2.606881e+01
2.607708e+01
2.608535e+01
2.609362e+01
2.610189e+01
2.611016e+01
2.611843e+01
2.612670e+01
2.613497e+01
2.614324e+01
2.615151e+01
2.615978e+01
2.616805e+01
2.617632e+01
2.618459e+01
2.619286e+01
2.620113e+01
2.620940e+01
2.621767e+01
2.622594e+01
2.623421e+01
2.624249e+01
2.625076e+01
2.625903e+01
2.626730e+01
2.627557e+01
2.628384e+01
2.629211e+01
2.630038e+01
2.630865e+01
2.631692e+01
2.632519e+01
2.633346e+01
2.634173e+01
2.635000e+01
2.635815e+01
2.636630e+01
2.637445e+01
2.638260e+01
2.639076e+01
2.639891e+01
2.640706e+01
2.641521e+01
2.642336e+01
2.643151e+01
2.643966e+01
2.644781e+01
2.645596e+01
2.646412e+01
2.647227e+01
2.648042e+01
2.648857e+01
2.649672e+01
2.650487e+01
2.651302e+01
2.652117e+01
2.652932e+01
2.653748e+01
2.654563e+01
2.655378e+01
2.656193e+01
2.657008e+01
2.657823e+01
2.658638e+01
2.659453e+01
2.660268e+01
2.661084e+01
2.661899e+01
2.662714e+01
2.663529e+01
2.664344e+01
2.665159e+01
2.665974e+01
2.666789e+01
2.667604e+01
2.668419e+01
2.669235e+01
2.670050e+01
2.670865e+01
2.671680e+01
2.672495e+01
2.673310e+01
2.674125e+01
2.674940e+01
2.675755e+01
2.676571e+01
2.677386e+01
2.678201e+01
2.679016e+01
2.679831e+01
2.680646e+01
2.681461e+01
2.682276e+01
2.683091e+01
2.683907e+01
2.684722e+01
2.685537e+01
2.686352e+01
2.687167e+01
2.687982e+01
2.688797e+01
2.689612e+01
2.690427e+01
2.691243e+01
2.692058e+01
2.692873e+01
2.693688e+01
2.694503e+01
2.695318e+01
2.696133e+01
2.696948e+01
2.697763e+01
2.698579e+01
2.699394e+01
2.700209e+01
2.701024e+01
2.701839e+01
2.702654e+01
2.703469e+01
2.704284e+01
2.705099e+01
2.705915e+01
2.706730e+01
2.707545e+01
2.708360e+01
2.709175e+01
2.709990e+01
2.710805e+01
2.711620e+01
2.712435e+01
2.713251e+01
2.714066e+01
2.714881e+01
2.715696e+01
2.716511e+01
2.717326e+01
2.718141e+01
2.718956e+01
2.719771e+01
2.720586e+01
2.721402e+01
2.722217e+01
2.723032e+01
2.723847e+01
2.724662e+01
2.725477e+01
2.726292e+01
2.727107e+01
2.727922e+01
2.728738e+01
2.729553e+01
2.730368e+01
2.731183e+01
2.731998e+01
2.732813e+01
2.733628e+01
2.734443e+01
2.735258e+01
2.736074e+01
2.736889e+01
2.737704e+01
2.738519e+01
2.739334e+01
2.740149e+01
2.740964e+01
2.741779e+01
2.742594e+01
2.743410e+01
2.744225e+01
2.745040e+01
2.745855e+01
2.746670e+01
2.747485e+01
2.748300e+01
2.749115e+01
2.749930e+01
2.750746e+01
2.751561e+01
2.752376e+01
2.753191e+01
2.754006e+01
2.754821e+01
2.755636e+01
2.756451e+01
2.757266e+01
2.758082e+01
2.758897e+01
2.759712e+01
2.760527e+01
2.761342e+01
2.762157e+01
2.762972e+01
2.763787e+01
2.764602e+01
2.765418e+01
2.766233e+01
2.767048e+01
2.767863e+01
2.768678e+01
2.769493e+01
2.770308e+01
2.771123e+01
2.771938e+01
2.772753e+01
2.773569e+01
2.774384e+01
2.775199e+01
2.776014e+01
2.776829e+01
2.777644e+01
2.778459e+01
2.779274e+01
2.780089e+01
2.780905e+01
2.781720e+01
2.782535e+01
2.783350e+01
2.784165e+01
2.784980e+01
2.785795e+01
2.786610e+01
2.787425e+01
2.788241e+01
2.789056e+01
2.789871e+01
2.790686e+01
2.791501e+01
2.792316e+01
2.793131e+01
2.793946e+01
2.794761e+01
2.795577e+01
2.796392e+01
2.797207e+01
2.798022e+01
2.798837e+01
2.799652e+01
2.800467e+01
2.801282e+01
2.802097e+01
2.802913e+01
2.803728e+01
2.804543e+01
2.805358e+01
2.806173e+01
2.806988e+01
2.807803e+01
2.808618e+01
2.809433e+01
2.810249e+01
2.811064e+01
2.811879e+01
2.812694e+01
2.813509e+01
2.814324e+01
2.815139e+01
2.815954e+01
2.816769e+01
2.817585e+01
2.818400e+01
2.819215e+01
2.820030e+01
2.820845e+01
2.821660e+01
2.822475e+01
2.823290e+01
2.824105e+01
2.824920e+01
2.825736e+01
2.826551e+01
2.827366e+01
2.828181e+01
2.828996e+01
2.829811e+01
2.830626e+01
2.831441e+01
2.832256e+01
2.833072e+01
2.833887e+01
2.834702e+01
2.835517e+01
2.836332e+01
2.837147e+01
2.837962e+01
2.838777e+01
2.839592e+01
2.840408e+01
2.841223e+01
2.842038e+01
2.842853e+01
2.843668e+01
2.844483e+01
2.845298e+01
2.846113e+01
2.846928e+01
2.847744e+01
2.848559e+01
2.849374e+01
2.850189e+01
2.851004e+01
2.851819e+01
2.852634e+01
2.853449e+01
2.854264e+01
2.855080e+01
2.855895e+01
2.856710e+01
2.857525e+01
2.858340e+01
2.859155e+01
2.859970e+01
2.860785e+01
2.861600e+01
2.862415e+01
2.863231e+01
2.864046e+01
2.864861e+01
2.865676e+01
2.866491e+01
2.867306e+01
2.868121e+01
2.868936e+01
2.869752e+01
2.870567e+01
2.871382e+01
2.872197e+01
2.873012e+01
2.873827e+01
2.874642e+01
2.875457e+01
2.876272e+01
2.877087e+01
2.877903e+01
2.878718e+01
2.879533e+01
2.880348e+01
2.881163e+01
2.881978e+01
2.882793e+01
2.883608e+01
2.884423e+01
2.885239e+01
2.886054e+01
2.886869e+01
2.887684e+01
2.888499e+01
2.889314e+01
2.890129e+01
2.890944e+01
2.891759e+01
2.892575e+01
2.893390e+01
2.894205e+01
2.895020e+01
2.895835e+01
2.896650e+01
2.897465e+01
2.898280e+01
2.899095e+01
2.899911e+01
2.900726e+01
2.901541e+01
2.902356e+01
2.903171e+01
2.903986e+01
2.904801e+01
2.905616e+01
2.906431e+01
2.907247e+01
2.908062e+01
2.908877e+01
2.909692e+01
2.910507e+01
2.911322e+01
2.912137e+01
2.912952e+01
2.913767e+01
2.914583e+01
2.915398e+01
2.916213e+01
2.917028e+01
2.917843e+01
2.918658e+01
2.919473e+01
2.920288e+01
2.921103e+01
2.921918e+01
2.922734e+01
2.923549e+01
2.924364e+01
2.925179e+01
2.925994e+01
2.926809e+01
2.927624e+01
2.928439e+01
2.929254e+01
2.930070e+01
2.930885e+01
2.931700e+01
2.932515e+01
2.933330e+01
2.934145e+01
2.934960e+01
2.935775e+01
2.936590e+01
2.937406e+01
2.938221e+01
2.939036e+01
2.939851e+01
2.940666e+01
2.941481e+01
2.942296e+01
2.943111e+01
2.943926e+01
2.944742e+01
2.945557e+01
2.946372e+01
2.947187e+01
2.948002e+01
2.948817e+01
2.949632e+01
2.950447e+01
2.951262e+01
2.952078e+01
2.952893e+01
2.953708e+01
2.954523e+01
2.955338e+01
2.956153e+01
2.956968e+01
2.957783e+01
2.958598e+01
2.959414e+01
2.960229e+01
2.961044e+01
2.961859e+01
2.962674e+01
2.963489e+01
2.964304e+01
2.965119e+01
2.965934e+01
2.966750e+01
2.967565e+01
2.968380e+01
2.969195e+01
2.970010e+01
2.970825e+01
2.971640e+01
2.972455e+01
2.973270e+01
2.974085e+01
2.974901e+01
2.975716e+01
2.976531e+01
2.977346e+01
2.978161e+01
2.978976e+01
2.979791e+01
2.980606e+01
2.981421e+01
2.982237e+01
2.983052e+01
2.983867e+01
2.984682e+01
2.985497e+01
2.986312e+01
2.987127e+01
2.987942e+01
2.988757e+01
2.989573e+01
2.990388e+01
2.991203e+01
2.992018e+01
2.992833e+01
2.993648e+01
2.994463e+01
2.995278e+01
2.996093e+01
2.996909e+01
2.997724e+01
2.998539e+01
2.999354e+01
3.000169e+01
3.000984e+01
3.001799e+01
3.002614e+01
3.003429e+01
3.004245e+01
3.005060e+01
3.005875e+01
3.006690e+01
3.007505e+01
3.008320e+01
3.009135e+01
3.009950e+01
3.010765e+01
3.011581e+01
3.012396e+01
3.013211e+01
3.014026e+01
3.014841e+01
3.015656e+01
3.016471e+01
3.017286e+01
3.018101e+01
3.018917e+01
3.019732e+01
3.020547e+01
3.021362e+01
3.022177e+01
3.022992e+01
3.023807e+01
3.024622e+01
3.025437e+01
3.026252e+01
3.027068e+01
