5.800000e-01
5.803331e-01
5.806669e-01
5.810000e-01
5.813331e-01
5.816669e-01
5.820000e-01
5.823331e-01
5.826669e-01
5.830000e-01
5.833331e-01
5.836669e-01
5.840000e-01
5.843331e-01
5.846669e-01
5.850000e-01
5.853331e-01
5.856669e-01
5.860000e-01
5.863331e-01
5.866669e-01
5.870000e-01
5.873331e-01
5.876669e-01
5.880000e-01
5.883331e-01
5.886669e-01
5.890000e-01
5.893331e-01
5.896669e-01
5.900000e-01
5.900000e-01
5.900000e-01
5.900000e-01
5.900000e-01
5.900000e-01
5.900000e-01
5.900000e-01
5.900000e-01
5.900000e-01
5.900000e-01
5.900000e-01
5.900000e-01
5.900000e-01
5.900000e-01
5.900000e-01
5.900000e-01
5.900000e-01
5.900000e-01
5.900000e-01
5.900000e-01
5.901500e-01
5.903000e-01
5.904500e-01
5.906000e-01
5.907500e-01
5.909000e-01
5.910500e-01
5.912000e-01
5.913500e-01
5.915000e-01
5.916500e-01
5.918000e-01
5.919500e-01
5.921000e-01
5.922500e-01
5.924000e-01
5.925500e-01
5.927000e-01
5.926669e-01
5.930000e-01
5.933331e-01
5.936669e-01
5.940000e-01
5.943331e-01
5.946669e-01
5.950000e-01
5.953331e-01
5.956669e-01
5.960000e-01
5.963331e-01
5.966669e-01
5.970000e-01
5.973331e-01
5.976669e-01
5.980000e-01
5.983331e-01
5.986669e-01
5.990000e-01
5.993331e-01
5.996669e-01
6.000000e-01
6.003331e-01
6.006669e-01
6.010000e-01
6.013331e-01
6.016669e-01
6.020000e-01
6.023331e-01
6.026669e-01
6.030000e-01
6.031200e-01
6.032400e-01
6.033600e-01
6.034800e-01
6.036000e-01
6.037200e-01
6.038400e-01
6.039600e-01
6.040800e-01
6.042000e-01
6.043200e-01
6.044400e-01
6.045600e-01
6.046800e-01
6.048000e-01
6.049200e-01
6.050400e-01
6.051600e-01
6.052800e-01
6.054000e-01
6.055200e-01
6.056400e-01
6.057600e-01
6.058800e-01
6.060000e-01
6.061200e-01
6.062400e-01
6.063600e-01
6.064800e-01
6.066000e-01
6.067200e-01
6.068400e-01
6.069600e-01
6.070800e-01
6.072000e-01
6.073200e-01
6.074400e-01
6.075600e-01
6.076800e-01
6.078000e-01
6.079200e-01
6.080400e-01
6.081600e-01
6.082800e-01
6.084000e-01
6.085200e-01
6.086400e-01
6.087600e-01
6.088800e-01
6.090000e-01
6.093400e-01
6.096800e-01
6.100200e-01
6.103600e-01
6.107000e-01
6.110400e-01
6.113800e-01
6.117200e-01
6.120600e-01
6.124000e-01
6.127400e-01
6.130800e-01
6.134200e-01
6.137600e-01
6.141000e-01
6.144400e-01
6.147800e-01
6.151200e-01
6.154600e-01
6.158000e-01
6.161400e-01
6.164800e-01
6.168200e-01
6.171600e-01
6.175000e-01
6.178400e-01
6.181800e-01
6.185200e-01
6.188600e-01
6.192000e-01
6.195400e-01
6.198800e-01
6.202200e-01
6.205600e-01
6.209000e-01
6.212400e-01
6.215800e-01
6.219200e-01
6.222600e-01
6.226000e-01
6.229400e-01
6.232800e-01
6.236200e-01
6.239600e-01
6.243000e-01
6.246400e-01
6.249800e-01
6.253200e-01
6.256600e-01
6.260000e-01
6.279700e-01
6.299400e-01
6.319100e-01
6.338800e-01
6.358500e-01
6.378200e-01
6.397900e-01
6.417600e-01
6.437300e-01
6.457000e-01
6.476700e-01
6.496400e-01
6.516100e-01
6.535800e-01
6.555500e-01
6.575200e-01
6.594900e-01
6.614600e-01
6.634300e-01
6.654000e-01
6.673700e-01
6.693400e-01
6.713100e-01
6.732800e-01
6.752500e-01
6.772200e-01
6.791900e-01
6.811600e-01
6.831300e-01
6.851000e-01
6.870700e-01
6.890400e-01
6.910100e-01
6.929800e-01
6.949500e-01
6.969200e-01
6.988900e-01
7.008600e-01
7.028300e-01
7.048000e-01
7.067700e-01
7.087400e-01
7.107100e-01
7.126800e-01
7.146500e-01
7.166200e-01
7.185900e-01
7.205600e-01
7.225300e-01
7.245000e-01
7.264700e-01
7.284400e-01
7.304100e-01
7.323800e-01
7.343500e-01
7.363200e-01
7.382900e-01
7.402600e-01
7.422300e-01
7.442000e-01
7.461700e-01
7.481400e-01
7.501100e-01
7.520800e-01
7.540500e-01
7.560200e-01
7.579900e-01
7.599600e-01
7.619300e-01
7.639000e-01
7.658700e-01
7.678400e-01
7.698100e-01
7.717800e-01
7.737500e-01
7.757200e-01
7.776900e-01
7.796600e-01
7.816300e-01
7.836000e-01
7.855700e-01
7.875400e-01
7.895100e-01
7.914800e-01
7.934500e-01
7.954200e-01
7.973900e-01
7.993600e-01
8.013300e-01
8.033000e-01
8.052700e-01
8.072400e-01
8.092100e-01
8.111800e-01
8.131500e-01
8.151200e-01
8.170900e-01
8.190600e-01
8.210300e-01
8.230000e-01
8.241200e-01
8.252400e-01
8.263600e-01
8.274800e-01
8.286000e-01
8.297200e-01
8.308400e-01
8.319600e-01
8.330800e-01
8.342000e-01
8.353200e-01
8.364400e-01
8.375600e-01
8.386800e-01
8.398000e-01
8.409200e-01
8.420400e-01
8.431600e-01
8.442800e-01
8.454000e-01
8.465200e-01
8.476400e-01
8.487600e-01
8.498800e-01
8.510000e-01
8.521200e-01
8.532400e-01
8.543600e-01
8.554800e-01
8.566000e-01
8.577200e-01
8.588400e-01
8.599600e-01
8.610800e-01
8.622000e-01
8.633200e-01
8.644400e-01
8.655600e-01
8.666800e-01
8.678000e-01
8.689200e-01
8.700400e-01
8.711600e-01
8.722800e-01
8.734000e-01
8.745200e-01
8.756400e-01
8.767600e-01
8.778800e-01
8.790000e-01
8.801200e-01
8.812400e-01
8.823600e-01
8.834800e-01
8.846000e-01
8.857200e-01
8.868400e-01
8.879600e-01
8.890800e-01
8.902000e-01
8.913200e-01
8.924400e-01
8.935600e-01
8.946800e-01
8.958000e-01
8.969200e-01
8.980400e-01
8.991600e-01
9.002800e-01
9.014000e-01
9.025200e-01
9.036400e-01
9.047600e-01
9.058800e-01
9.070000e-01
9.081200e-01
9.092400e-01
9.103600e-01
9.114800e-01
9.126000e-01
9.137200e-01
9.148400e-01
9.159600e-01
9.170800e-01
9.182000e-01
9.193200e-01
9.204400e-01
9.215600e-01
9.226800e-01
9.238000e-01
9.249200e-01
9.260400e-01
9.271600e-01
9.282800e-01
9.294000e-01
9.305200e-01
9.316400e-01
9.327600e-01
9.338800e-01
9.350000e-01
9.357350e-01
9.364700e-01
9.372050e-01
9.379400e-01
9.386750e-01
9.394100e-01
9.401450e-01
9.408800e-01
9.416150e-01
9.423500e-01
9.430850e-01
9.438200e-01
9.445550e-01
9.452900e-01
9.460250e-01
9.467600e-01
9.474950e-01
9.482300e-01
9.489650e-01
9.497000e-01
9.504350e-01
9.511700e-01
9.519050e-01
9.526400e-01
9.533750e-01
9.541100e-01
9.548450e-01
9.555800e-01
9.563150e-01
9.570500e-01
9.577850e-01
9.585200e-01
9.592550e-01
9.599900e-01
9.607250e-01
9.614600e-01
9.621950e-01
9.629300e-01
9.636650e-01
9.644000e-01
9.651350e-01
9.658700e-01
9.666050e-01
9.673400e-01
9.680750e-01
9.688100e-01
9.695450e-01
9.702800e-01
9.710150e-01
9.717500e-01
9.724850e-01
9.732200e-01
9.739550e-01
9.746900e-01
9.754250e-01
9.761600e-01
9.768950e-01
9.776300e-01
9.783650e-01
9.791000e-01
9.798350e-01
9.805700e-01
9.813050e-01
9.820400e-01
9.827750e-01
9.835100e-01
9.842450e-01
9.849800e-01
9.857150e-01
9.864500e-01
9.871850e-01
9.879200e-01
9.886550e-01
9.893900e-01
9.901250e-01
9.908600e-01
9.915950e-01
9.923300e-01
9.930650e-01
9.938000e-01
9.945350e-01
9.952700e-01
9.960050e-01
9.967400e-01
9.974750e-01
9.982100e-01
9.989450e-01
9.996800e-01
1.000415e+00
1.001150e+00
1.001885e+00
1.002620e+00
1.003355e+00
1.004090e+00
1.004825e+00
1.005560e+00
1.006295e+00
1.007030e+00
1.007765e+00
1.008500e+00
1.009235e+00
1.009970e+00
1.010705e+00
1.011440e+00
1.012175e+00
1.012910e+00
1.013645e+00
1.014380e+00
1.015115e+00
1.015850e+00
1.016585e+00
1.017320e+00
1.018055e+00
1.018790e+00
1.019525e+00
1.020260e+00
1.020995e+00
1.021730e+00
1.022465e+00
1.023200e+00
1.023935e+00
1.024670e+00
1.025405e+00
1.026140e+00
1.026875e+00
1.027610e+00
1.028345e+00
1.029080e+00
1.029815e+00
1.030550e+00
1.031285e+00
1.032020e+00
1.032755e+00
1.033490e+00
1.034225e+00
1.034960e+00
1.035695e+00
1.036430e+00
1.037165e+00
1.037900e+00
1.038635e+00
1.039370e+00
1.040105e+00
1.040840e+00
1.041575e+00
1.042310e+00
1.043045e+00
1.043780e+00
1.044515e+00
1.045250e+00
1.045985e+00
1.046720e+00
1.047455e+00
1.048190e+00
1.048925e+00
1.049660e+00
1.050395e+00
1.051130e+00
1.051865e+00
1.052600e+00
1.053335e+00
1.054070e+00
1.054805e+00
1.055540e+00
1.056275e+00
1.057010e+00
1.057745e+00
1.058480e+00
1.059215e+00
1.059950e+00
1.060685e+00
1.061420e+00
1.062155e+00
1.062890e+00
1.063625e+00
1.064360e+00
1.065095e+00
1.065830e+00
1.066565e+00
1.067300e+00
1.068035e+00
1.068770e+00
1.069505e+00
1.070240e+00
1.070975e+00
1.071710e+00
1.072445e+00
1.073180e+00
1.073915e+00
1.074650e+00
1.075385e+00
1.076120e+00
1.076855e+00
1.077590e+00
1.078325e+00
1.079060e+00
1.079795e+00
1.080530e+00
1.081265e+00
1.082000e+00
1.082830e+00
1.083660e+00
1.084490e+00
1.085320e+00
1.086150e+00
1.086980e+00
1.087810e+00
1.088640e+00
1.089470e+00
1.090300e+00
1.091130e+00
1.091960e+00
1.092790e+00
1.093620e+00
1.094450e+00
1.095280e+00
1.096110e+00
1.096940e+00
1.097770e+00
1.098600e+00
1.099430e+00
1.100260e+00
1.101090e+00
1.101920e+00
1.102750e+00
1.103580e+00
1.104410e+00
1.105240e+00
1.106070e+00
1.106900e+00
1.107730e+00
1.108560e+00
1.109390e+00
1.110220e+00
1.111050e+00
1.111880e+00
1.112710e+00
1.113540e+00
1.114370e+00
1.115200e+00
1.116030e+00
1.116860e+00
1.117690e+00
1.118520e+00
1.119350e+00
1.120180e+00
1.121010e+00
1.121840e+00
1.122670e+00
1.123500e+00
1.124330e+00
1.125160e+00
1.125990e+00
1.126820e+00
1.127650e+00
1.128480e+00
1.129310e+00
1.130140e+00
1.130970e+00
1.131800e+00
1.132630e+00
1.133460e+00
1.134290e+00
1.135120e+00
1.135950e+00
1.136780e+00
1.137610e+00
1.138440e+00
1.139270e+00
1.140100e+00
1.140930e+00
1.141760e+00
1.142590e+00
1.143420e+00
1.144250e+00
1.145080e+00
1.145910e+00
1.146740e+00
1.147570e+00
1.148400e+00
1.149230e+00
1.150060e+00
1.150890e+00
1.151720e+00
1.152550e+00
1.153380e+00
1.154210e+00
1.155040e+00
1.155870e+00
1.156700e+00
1.157530e+00
1.158360e+00
1.159190e+00
1.160020e+00
1.160850e+00
1.161680e+00
1.162510e+00
1.163340e+00
1.164170e+00
1.165000e+00
1.186118e+00
1.207236e+00
1.228354e+00
1.249472e+00
1.270590e+00
1.291708e+00
1.312826e+00
1.333943e+00
1.355061e+00
1.376179e+00
1.397297e+00
1.418415e+00
1.439533e+00
1.460651e+00
1.481769e+00
1.502887e+00
1.524005e+00
1.545123e+00
1.566241e+00
1.587359e+00
1.608477e+00
1.629595e+00
1.650713e+00
1.671830e+00
1.692948e+00
1.714066e+00
1.735184e+00
1.756302e+00
1.777420e+00
1.798538e+00
1.819656e+00
1.840774e+00
1.861892e+00
1.883010e+00
1.904128e+00
1.925246e+00
1.946364e+00
1.967482e+00
1.988600e+00
2.009717e+00
2.030835e+00
2.051953e+00
2.073071e+00
2.094189e+00
2.115307e+00
2.136425e+00
2.157543e+00
2.178661e+00
2.199779e+00
2.220897e+00
2.242015e+00
2.263133e+00
2.284251e+00
2.305369e+00
2.326486e+00
2.347604e+00
2.368722e+00
2.389840e+00
2.410958e+00
2.432076e+00
2.453194e+00
2.474312e+00
2.495430e+00
2.516548e+00
2.537666e+00
2.558784e+00
2.579902e+00
2.601020e+00
2.622138e+00
2.643256e+00
2.664373e+00
2.685491e+00
2.706609e+00
2.727727e+00
2.748845e+00
2.769963e+00
2.791081e+00
2.812199e+00
2.833317e+00
2.854435e+00
2.875553e+00
2.896671e+00
2.917789e+00
2.938907e+00
2.960025e+00
2.981143e+00
3.002260e+00
3.023378e+00
3.044496e+00
3.065614e+00
3.086732e+00
3.107850e+00
3.128968e+00
3.150086e+00
3.171204e+00
3.192322e+00
3.213440e+00
3.234558e+00
3.255676e+00
3.276794e+00
3.297912e+00
3.319029e+00
3.340147e+00
3.361265e+00
3.382383e+00
3.403501e+00
3.424619e+00
3.445737e+00
3.466855e+00
3.487973e+00
3.509091e+00
3.530209e+00
3.551327e+00
3.572445e+00
3.593563e+00
3.614681e+00
3.635799e+00
3.656916e+00
3.678034e+00
3.699152e+00
3.720270e+00
3.741388e+00
3.762506e+00
3.783624e+00
3.804742e+00
3.825860e+00
3.846978e+00
3.868096e+00
3.889214e+00
3.910332e+00
3.931450e+00
3.952568e+00
3.973686e+00
3.994803e+00
4.015921e+00
4.037039e+00
4.058157e+00
4.079275e+00
4.100393e+00
4.121511e+00
4.142629e+00
4.163747e+00
4.184865e+00
4.205983e+00
4.227101e+00
4.248219e+00
4.269337e+00
4.290455e+00
4.311572e+00
4.332690e+00
4.353808e+00
4.374926e+00
4.396044e+00
4.417162e+00
4.438280e+00
4.459398e+00
4.480516e+00
4.501634e+00
4.522752e+00
4.543870e+00
4.564988e+00
4.586106e+00
4.607224e+00
4.628342e+00
4.649459e+00
4.670577e+00
4.691695e+00
4.712813e+00
4.733931e+00
4.755049e+00
4.776167e+00
4.797285e+00
4.818403e+00
4.839521e+00
4.860639e+00
4.881757e+00
4.902875e+00
4.923993e+00
4.945111e+00
4.966229e+00
4.987346e+00
5.008464e+00
5.029582e+00
5.050700e+00
5.071818e+00
5.092936e+00
5.114054e+00
5.135172e+00
5.156290e+00
5.177408e+00
5.198526e+00
5.219644e+00
5.240762e+00
5.261880e+00
5.282998e+00
5.304115e+00
5.325233e+00
5.346351e+00
5.367469e+00
5.388587e+00
5.409705e+00
5.430823e+00
5.451941e+00
5.473059e+00
5.494177e+00
5.515295e+00
5.536413e+00
5.557531e+00
5.578649e+00
5.599767e+00
5.620885e+00
5.642002e+00
5.663120e+00
5.684238e+00
5.705356e+00
5.726474e+00
5.747592e+00
5.768710e+00
5.789828e+00
5.810946e+00
5.832064e+00
5.853182e+00
5.874300e+00
5.895418e+00
5.916536e+00
5.937654e+00
5.958771e+00
5.979889e+00
6.001007e+00
6.022125e+00
6.043243e+00
6.064361e+00
6.085479e+00
6.106597e+00
6.127715e+00
6.148833e+00
6.169951e+00
6.191069e+00
6.212187e+00
6.233305e+00
6.254423e+00
6.275541e+00
6.296658e+00
6.317776e+00
6.338894e+00
6.360012e+00
6.381130e+00
6.402248e+00
6.423366e+00
6.444484e+00
6.465602e+00
6.486720e+00
6.507838e+00
6.528956e+00
6.550074e+00
6.571192e+00
6.592310e+00
6.613428e+00
6.634545e+00
6.655663e+00
6.676781e+00
6.697899e+00
6.719017e+00
6.740135e+00
6.761253e+00
6.782371e+00
6.803489e+00
6.824607e+00
6.845725e+00
6.866843e+00
6.887961e+00
6.909079e+00
6.930197e+00
6.951314e+00
6.972432e+00
6.993550e+00
7.014668e+00
7.035786e+00
7.056904e+00
7.078022e+00
7.099140e+00
7.120258e+00
7.141376e+00
7.162494e+00
7.183612e+00
7.204730e+00
7.225848e+00
7.246966e+00
7.268084e+00
7.289201e+00
7.310319e+00
7.331437e+00
7.352555e+00
7.373673e+00
7.394791e+00
7.415909e+00
7.437027e+00
7.458145e+00
7.479263e+00
7.500381e+00
7.521499e+00
7.542617e+00
7.563735e+00
7.584853e+00
7.605971e+00
7.627088e+00
7.648206e+00
7.669324e+00
7.690442e+00
7.711560e+00
7.732678e+00
7.753796e+00
7.774914e+00
7.796032e+00
7.817150e+00
7.838268e+00
7.859386e+00
7.880504e+00
7.901622e+00
7.922740e+00
7.943857e+00
7.964975e+00
7.986093e+00
8.007211e+00
8.028329e+00
8.049447e+00
8.070565e+00
8.091683e+00
8.112801e+00
8.133919e+00
8.155037e+00
8.176155e+00
8.197273e+00
8.218391e+00
8.239509e+00
8.260627e+00
8.281744e+00
8.302862e+00
8.323980e+00
8.345098e+00
8.366216e+00
8.387334e+00
8.408452e+00
8.429570e+00
8.450688e+00
8.471806e+00
8.492924e+00
8.514042e+00
8.535160e+00
8.556278e+00
8.577396e+00
8.598514e+00
8.619631e+00
8.640749e+00
8.661867e+00
8.682985e+00
8.704103e+00
8.725221e+00
8.746339e+00
8.767457e+00
8.788575e+00
8.809693e+00
8.830811e+00
8.851929e+00
8.873047e+00
8.894165e+00
8.915283e+00
8.936400e+00
8.957518e+00
8.978636e+00
8.999754e+00
9.020872e+00
9.041990e+00
9.063108e+00
9.084226e+00
9.105344e+00
9.126462e+00
9.147580e+00
9.168698e+00
9.189816e+00
9.210934e+00
9.232052e+00
9.253170e+00
9.274287e+00
9.295405e+00
9.316523e+00
9.337641e+00
9.358759e+00
9.379877e+00
9.400995e+00
9.422113e+00
9.443231e+00
9.464349e+00
9.485467e+00
9.506585e+00
9.527703e+00
9.548821e+00
9.569939e+00
9.591057e+00
9.612174e+00
9.633292e+00
9.654410e+00
9.675528e+00
9.696646e+00
9.717764e+00
9.738882e+00
9.760000e+00
9.768540e+00
9.777080e+00
9.785620e+00
9.794160e+00
9.802700e+00
9.811240e+00
9.819780e+00
9.828320e+00
9.836860e+00
9.845400e+00
9.853940e+00
9.862480e+00
9.871020e+00
9.879560e+00
9.888100e+00
9.896640e+00
9.905180e+00
9.913720e+00
9.922260e+00
9.930800e+00
9.939340e+00
9.947880e+00
9.956420e+00
9.964960e+00
9.973500e+00
9.982040e+00
9.990580e+00
9.999120e+00
1.000766e+01
1.001620e+01
1.002474e+01
1.003328e+01
1.004182e+01
1.005036e+01
1.005890e+01
1.006744e+01
1.007598e+01
1.008452e+01
1.009306e+01
1.010160e+01
1.011014e+01
1.011868e+01
1.012722e+01
1.013576e+01
1.014430e+01
1.015284e+01
1.016138e+01
1.016992e+01
1.017846e+01
1.018700e+01
1.019554e+01
1.020408e+01
1.021262e+01
1.022116e+01
1.022970e+01
1.023824e+01
1.024678e+01
1.025532e+01
1.026386e+01
1.027240e+01
1.028094e+01
1.028948e+01
1.029802e+01
1.030656e+01
1.031510e+01
1.032364e+01
1.033218e+01
1.034072e+01
1.034926e+01
1.035780e+01
1.036634e+01
1.037488e+01
1.038342e+01
1.039196e+01
1.040050e+01
1.040904e+01
1.041758e+01
1.042612e+01
1.043466e+01
1.044320e+01
1.045174e+01
1.046028e+01
1.046882e+01
1.047736e+01
1.048590e+01
1.049444e+01
1.050298e+01
1.051152e+01
1.052006e+01
1.052860e+01
1.053714e+01
1.054568e+01
1.055422e+01
1.056276e+01
1.057130e+01
1.057984e+01
1.058838e+01
1.059692e+01
1.060546e+01
1.061400e+01
1.062234e+01
1.063068e+01
1.063901e+01
1.064735e+01
1.065569e+01
1.066403e+01
1.067237e+01
1.068071e+01
1.068904e+01
1.069738e+01
1.070572e+01
1.071406e+01
1.072240e+01
1.073074e+01
1.073907e+01
1.074741e+01
1.075575e+01
1.076409e+01
1.077243e+01
1.078077e+01
1.078910e+01
1.079744e+01
1.080578e+01
1.081412e+01
1.082246e+01
1.083080e+01
1.083913e+01
1.084747e+01
1.085581e+01
1.086415e+01
1.087249e+01
1.088083e+01
1.088916e+01
1.089750e+01
1.090584e+01
1.091418e+01
1.092252e+01
1.093086e+01
1.093919e+01
1.094753e+01
1.095587e+01
1.096421e+01
1.097255e+01
1.098089e+01
1.098922e+01
1.099756e+01
1.100590e+01
1.101424e+01
1.102258e+01
1.103092e+01
1.103925e+01
1.104759e+01
1.105593e+01
1.106427e+01
1.107261e+01
1.108095e+01
1.108928e+01
1.109762e+01
1.110596e+01
1.111430e+01
1.112264e+01
1.113098e+01
1.113931e+01
1.114765e+01
1.115599e+01
1.116433e+01
1.117267e+01
1.118100e+01
1.118934e+01
1.119768e+01
1.120602e+01
1.121436e+01
1.122270e+01
1.123103e+01
1.123937e+01
1.124771e+01
1.125605e+01
1.126439e+01
1.127273e+01
1.128106e+01
1.128940e+01
1.129774e+01
1.130608e+01
1.131442e+01
1.132276e+01
1.133109e+01
1.133943e+01
1.134777e+01
1.135611e+01
1.136445e+01
1.137279e+01
1.138112e+01
1.138946e+01
1.139780e+01
1.140614e+01
1.141448e+01
1.142282e+01
1.143115e+01
1.143949e+01
1.144783e+01
1.145617e+01
1.146451e+01
1.147285e+01
1.148118e+01
1.148952e+01
1.149786e+01
1.150620e+01
1.151454e+01
1.152288e+01
1.153121e+01
1.153955e+01
1.154789e+01
1.155623e+01
1.156457e+01
1.157291e+01
1.158124e+01
1.158958e+01
1.159792e+01
1.160626e+01
1.161460e+01
1.162294e+01
1.163127e+01
1.163961e+01
1.164795e+01
1.165629e+01
1.166463e+01
1.167297e+01
1.168130e+01
1.168964e+01
1.169798e+01
1.170632e+01
1.171466e+01
1.172300e+01
1.173133e+01
1.173967e+01
1.174801e+01
1.175635e+01
1.176469e+01
1.177302e+01
1.178136e+01
1.178970e+01
1.179804e+01
1.180638e+01
1.181472e+01
1.182305e+01
1.183139e+01
1.183973e+01
1.184807e+01
1.185641e+01
1.186475e+01
1.187308e+01
1.188142e+01
1.188976e+01
1.189810e+01
1.190644e+01
1.191478e+01
1.192311e+01
1.193145e+01
1.193979e+01
1.194813e+01
1.195647e+01
1.196481e+01
1.197314e+01
1.198148e+01
1.198982e+01
1.199816e+01
1.200650e+01
1.201484e+01
1.202317e+01
1.203151e+01
1.203985e+01
1.204819e+01
1.205653e+01
1.206487e+01
1.207320e+01
1.208154e+01
1.208988e+01
1.209822e+01
1.210656e+01
1.211490e+01
1.212323e+01
1.213157e+01
1.213991e+01
1.214825e+01
1.215659e+01
1.216493e+01
1.217326e+01
1.218160e+01
1.218994e+01
1.219828e+01
1.220662e+01
1.221496e+01
1.222329e+01
1.223163e+01
1.223997e+01
1.224831e+01
1.225665e+01
1.226499e+01
1.227332e+01
1.228166e+01
1.229000e+01
1.229849e+01
1.230698e+01
1.231547e+01
1.232396e+01
1.233245e+01
1.234094e+01
1.234943e+01
1.235792e+01
1.236641e+01
1.237490e+01
1.238339e+01
1.239188e+01
1.240037e+01
1.240886e+01
1.241735e+01
1.242584e+01
1.243433e+01
1.244282e+01
1.245131e+01
1.245980e+01
1.246829e+01
1.247678e+01
1.248527e+01
1.249376e+01
1.250225e+01
1.251074e+01
1.251923e+01
1.252772e+01
1.253621e+01
1.254470e+01
1.255319e+01
1.256168e+01
1.257017e+01
1.257866e+01
1.258715e+01
1.259564e+01
1.260413e+01
1.261262e+01
1.262111e+01
1.262960e+01
1.263809e+01
1.264658e+01
1.265507e+01
1.266356e+01
1.267205e+01
1.268054e+01
1.268903e+01
1.269752e+01
1.270601e+01
1.271450e+01
1.272299e+01
1.273148e+01
1.273997e+01
1.274846e+01
1.275695e+01
1.276544e+01
1.277393e+01
1.278242e+01
1.279091e+01
1.279940e+01
1.280789e+01
1.281638e+01
1.282487e+01
1.283336e+01
1.284185e+01
1.285034e+01
1.285883e+01
1.286732e+01
1.287581e+01
1.288430e+01
1.289279e+01
1.290128e+01
1.290977e+01
1.291827e+01
1.292676e+01
1.293525e+01
1.294374e+01
1.295223e+01
1.296072e+01
1.296921e+01
1.297770e+01
1.298619e+01
1.299468e+01
1.300317e+01
1.301166e+01
1.302015e+01
1.302864e+01
1.303713e+01
1.304562e+01
1.305411e+01
1.306260e+01
1.307109e+01
1.307958e+01
1.308807e+01
1.309656e+01
1.310505e+01
1.311354e+01
1.312203e+01
1.313052e+01
1.313901e+01
1.314750e+01
1.315599e+01
1.316448e+01
1.317297e+01
1.318146e+01
1.318995e+01
1.319844e+01
1.320693e+01
1.321542e+01
1.322391e+01
1.323240e+01
1.324089e+01
1.324938e+01
1.325787e+01
1.326636e+01
1.327485e+01
1.328334e+01
1.329183e+01
1.330032e+01
1.330881e+01
1.331730e+01
1.332579e+01
1.333428e+01
1.334277e+01
1.335126e+01
1.335975e+01
1.336824e+01
1.337673e+01
1.338522e+01
1.339371e+01
1.340220e+01
1.341069e+01
1.341918e+01
1.342767e+01
1.343616e+01
1.344465e+01
1.345314e+01
1.346163e+01
1.347012e+01
1.347861e+01
1.348710e+01
1.349559e+01
1.350408e+01
1.351257e+01
1.352106e+01
1.352955e+01
1.353804e+01
1.354653e+01
1.355502e+01
1.356351e+01
1.357200e+01
1.358049e+01
1.358898e+01
1.359747e+01
1.360596e+01
1.361445e+01
1.362294e+01
1.363143e+01
1.363992e+01
1.364841e+01
1.365690e+01
1.366539e+01
1.367388e+01
1.368237e+01
1.369086e+01
1.369935e+01
1.370784e+01
1.371633e+01
1.372482e+01
1.373331e+01
1.374180e+01
1.375029e+01
1.375878e+01
1.376727e+01
1.377576e+01
1.378425e+01
1.379274e+01
1.380123e+01
1.380972e+01
1.381821e+01
1.382670e+01
1.383519e+01
1.384368e+01
1.385217e+01
1.386066e+01
1.386915e+01
1.387764e+01
1.388613e+01
1.389462e+01
1.390311e+01
1.391160e+01
1.392009e+01
1.392858e+01
1.393707e+01
1.394556e+01
1.395405e+01
1.396254e+01
1.397103e+01
1.397952e+01
1.398801e+01
1.399650e+01
1.400499e+01
1.401348e+01
1.402197e+01
1.403046e+01
1.403895e+01
1.404744e+01
1.405593e+01
1.406442e+01
1.407291e+01
1.408140e+01
1.408989e+01
1.409838e+01
1.410687e+01
1.411536e+01
1.412385e+01
1.413234e+01
1.414083e+01
1.414932e+01
1.415781e+01
1.416630e+01
1.417479e+01
1.418328e+01
1.419177e+01
1.420026e+01
1.420876e+01
1.421725e+01
1.422574e+01
1.423423e+01
1.424272e+01
1.425121e+01
1.425970e+01
1.426819e+01
1.427668e+01
1.428517e+01
1.429366e+01
1.430215e+01
1.431064e+01
1.431913e+01
1.432762e+01
1.433611e+01
1.434460e+01
1.435309e+01
1.436158e+01
1.437007e+01
1.437856e+01
1.438705e+01
1.439554e+01
1.440403e+01
1.441252e+01
1.442101e+01
1.442950e+01
1.443799e+01
1.444648e+01
1.445497e+01
1.446346e+01
1.447195e+01
1.448044e+01
1.448893e+01
1.449742e+01
1.450591e+01
1.451440e+01
1.452289e+01
1.453138e+01
1.453987e+01
1.454836e+01
1.455685e+01
1.456534e+01
1.457383e+01
1.458232e+01
1.459081e+01
1.459930e+01
1.460779e+01
1.461628e+01
1.462477e+01
1.463326e+01
1.464175e+01
1.465024e+01
1.465873e+01
1.466722e+01
1.467571e+01
1.468420e+01
1.469269e+01
1.470118e+01
1.470967e+01
1.471816e+01
1.472665e+01
1.473514e+01
1.474363e+01
1.475212e+01
1.476061e+01
1.476910e+01
1.477759e+01
1.478608e+01
1.479457e+01
1.480306e+01
1.481155e+01
1.482004e+01
1.482853e+01
1.483702e+01
1.484551e+01
1.485400e+01
1.486262e+01
1.487123e+01
1.487985e+01
1.488847e+01
1.489708e+01
1.490570e+01
1.491432e+01
1.492294e+01
1.493155e+01
1.494017e+01
1.494879e+01
1.495740e+01
1.496602e+01
1.497464e+01
1.498325e+01
1.499187e+01
1.500049e+01
1.500910e+01
1.501772e+01
1.502634e+01
1.503496e+01
1.504357e+01
1.505219e+01
1.506081e+01
1.506942e+01
1.507804e+01
1.508666e+01
1.509527e+01
1.510389e+01
1.511251e+01
1.512112e+01
1.512974e+01
1.513836e+01
1.514698e+01
1.515559e+01
1.516421e+01
1.517283e+01
1.518144e+01
1.519006e+01
1.519868e+01
1.520729e+01
1.521591e+01
1.522453e+01
1.523314e+01
1.524176e+01
1.525038e+01
1.525900e+01
1.526761e+01
1.527623e+01
1.528485e+01
1.529346e+01
1.530208e+01
1.531070e+01
1.531931e+01
1.532793e+01
1.533655e+01
1.534516e+01
1.535378e+01
1.536240e+01
1.537101e+01
1.537963e+01
1.538825e+01
1.539687e+01
1.540548e+01
1.541410e+01
1.542272e+01
1.543133e+01
1.543995e+01
1.544857e+01
1.545718e+01
1.546580e+01
1.547442e+01
1.548303e+01
1.549165e+01
1.550027e+01
1.550889e+01
1.551750e+01
1.552612e+01
1.553474e+01
1.554335e+01
1.555197e+01
1.556059e+01
1.556920e+01
1.557782e+01
1.558644e+01
1.559505e+01
1.560367e+01
1.561229e+01
1.562091e+01
1.562952e+01
1.563814e+01
1.564676e+01
1.565537e+01
1.566399e+01
1.567261e+01
1.568122e+01
1.568984e+01
1.569846e+01
1.570707e+01
1.571569e+01
1.572431e+01
1.573293e+01
1.574154e+01
1.575016e+01
1.575878e+01
1.576739e+01
1.577601e+01
1.578463e+01
1.579324e+01
1.580186e+01
1.581048e+01
1.581909e+01
1.582771e+01
1.583633e+01
1.584495e+01
1.585356e+01
1.586218e+01
1.587080e+01
1.587941e+01
1.588803e+01
1.589665e+01
1.590526e+01
1.591388e+01
1.592250e+01
1.593111e+01
1.593973e+01
1.594835e+01
1.595697e+01
1.596558e+01
1.597420e+01
1.598282e+01
1.599143e+01
1.600005e+01
1.600867e+01
1.601728e+01
1.602590e+01
1.603452e+01
1.604313e+01
1.605175e+01
1.606037e+01
1.606899e+01
1.607760e+01
1.608622e+01
1.609484e+01
1.610345e+01
1.611207e+01
1.612069e+01
1.612930e+01
1.613792e+01
1.614654e+01
1.615515e+01
1.616377e+01
1.617239e+01
1.618101e+01
1.618962e+01
1.619824e+01
1.620686e+01
1.621547e+01
1.622409e+01
1.623271e+01
1.624132e+01
1.624994e+01
1.625856e+01
1.626717e+01
1.627579e+01
1.628441e+01
1.629302e+01
1.630164e+01
1.631026e+01
1.631888e+01
1.632749e+01
1.633611e+01
1.634473e+01
1.635334e+01
1.636196e+01
1.637058e+01
1.637919e+01
1.638781e+01
1.639643e+01
1.640504e+01
1.641366e+01
1.642228e+01
1.643090e+01
1.643951e+01
1.644813e+01
1.645675e+01
1.646536e+01
1.647398e+01
1.648260e+01
1.649121e+01
1.649983e+01
1.650845e+01
1.651706e+01
1.652568e+01
1.653430e+01
1.654292e+01
1.655153e+01
1.656015e+01
1.656877e+01
1.657738e+01
1.658600e+01
1.659465e+01
1.660329e+01
1.661194e+01
1.662059e+01
1.662923e+01
1.663788e+01
1.664653e+01
1.665517e+01
1.666382e+01
1.667247e+01
1.668111e+01
1.668976e+01
1.669841e+01
1.670705e+01
1.671570e+01
1.672435e+01
1.673300e+01
1.674164e+01
1.675029e+01
1.675894e+01
1.676758e+01
1.677623e+01
1.678488e+01
1.679352e+01
1.680217e+01
1.681082e+01
1.681946e+01
1.682811e+01
1.683676e+01
1.684540e+01
1.685405e+01
1.686270e+01
1.687134e+01
1.687999e+01
1.688864e+01
1.689728e+01
1.690593e+01
1.691458e+01
1.692322e+01
1.693187e+01
1.694052e+01
1.694916e+01
1.695781e+01
1.696646e+01
1.697510e+01
1.698375e+01
1.699240e+01
1.700104e+01
1.700969e+01
1.701834e+01
1.702699e+01
1.703563e+01
1.704428e+01
1.705293e+01
1.706157e+01
1.707022e+01
1.707887e+01
1.708751e+01
1.709616e+01
1.710481e+01
1.711345e+01
1.712210e+01
1.713075e+01
1.713939e+01
1.714804e+01
1.715669e+01
1.716533e+01
1.717398e+01
1.718263e+01
1.719127e+01
1.719992e+01
1.720857e+01
1.721721e+01
1.722586e+01
1.723451e+01
1.724315e+01
1.725180e+01
1.726045e+01
1.726909e+01
1.727774e+01
1.728639e+01
1.729503e+01
1.730368e+01
1.731233e+01
1.732098e+01
1.732962e+01
1.733827e+01
1.734692e+01
1.735556e+01
1.736421e+01
1.737286e+01
1.738150e+01
1.739015e+01
1.739880e+01
1.740744e+01
1.741609e+01
1.742474e+01
1.743338e+01
1.744203e+01
1.745068e+01
1.745932e+01
1.746797e+01
1.747662e+01
1.748526e+01
1.749391e+01
1.750256e+01
1.751120e+01
1.751985e+01
1.752850e+01
1.753714e+01
1.754579e+01
1.755444e+01
1.756308e+01
1.757173e+01
1.758038e+01
1.758902e+01
1.759767e+01
1.760632e+01
1.761497e+01
1.762361e+01
1.763226e+01
1.764091e+01
1.764955e+01
1.765820e+01
1.766685e+01
1.767549e+01
1.768414e+01
1.769279e+01
1.770143e+01
1.771008e+01
1.771873e+01
1.772737e+01
1.773602e+01
1.774467e+01
1.775331e+01
1.776196e+01
1.777061e+01
1.777925e+01
1.778790e+01
1.779655e+01
1.780519e+01
1.781384e+01
1.782249e+01
1.783113e+01
1.783978e+01
1.784843e+01
1.785707e+01
1.786572e+01
1.787437e+01
1.788302e+01
1.789166e+01
1.790031e+01
1.790896e+01
1.791760e+01
1.792625e+01
1.793490e+01
1.794354e+01
1.795219e+01
1.796084e+01
1.796948e+01
1.797813e+01
1.798678e+01
1.799542e+01
1.800407e+01
1.801272e+01
1.802136e+01
1.803001e+01
1.803866e+01
1.804730e+01
1.805595e+01
1.806460e+01
1.807324e+01
1.808189e+01
1.809054e+01
1.809918e+01
1.810783e+01
1.811648e+01
1.812512e+01
1.813377e+01
1.814242e+01
1.815106e+01
1.815971e+01
1.816836e+01
1.817701e+01
1.818565e+01
1.819430e+01
1.820295e+01
1.821159e+01
1.822024e+01
1.822889e+01
1.823753e+01
1.824618e+01
1.825483e+01
1.826347e+01
1.827212e+01
1.828077e+01
1.828941e+01
1.829806e+01
1.830671e+01
1.831535e+01
1.832400e+01
1.833273e+01
1.834147e+01
1.835021e+01
1.835894e+01
1.836768e+01
1.837641e+01
1.838515e+01
1.839388e+01
1.840262e+01
1.841135e+01
1.842009e+01
1.842882e+01
1.843756e+01
1.844629e+01
1.845503e+01
1.846376e+01
1.847250e+01
1.848123e+01
1.848997e+01
1.849870e+01
1.850744e+01
1.851617e+01
1.852491e+01
1.853364e+01
1.854238e+01
1.855111e+01
1.855985e+01
1.856858e+01
1.857732e+01
1.858605e+01
1.859479e+01
1.860352e+01
1.861226e+01
1.862099e+01
1.862973e+01
1.863846e+01
1.864720e+01
1.865593e+01
1.866467e+01
1.867340e+01
1.868214e+01
1.869087e+01
1.869961e+01
1.870834e+01
1.871708e+01
1.872581e+01
1.873455e+01
1.874328e+01
1.875202e+01
1.876076e+01
1.876949e+01
1.877823e+01
1.878696e+01
1.879570e+01
1.880443e+01
1.881317e+01
1.882190e+01
1.883064e+01
1.883937e+01
1.884811e+01
1.885684e+01
1.886558e+01
1.887431e+01
1.888305e+01
1.889178e+01
1.890052e+01
1.890925e+01
1.891799e+01
1.892672e+01
1.893546e+01
1.894419e+01
1.895293e+01
1.896166e+01
1.897040e+01
1.897913e+01
1.898787e+01
1.899660e+01
1.900534e+01
1.901407e+01
1.902281e+01
1.903154e+01
1.904028e+01
1.904901e+01
1.905775e+01
1.906648e+01
1.907522e+01
1.908395e+01
1.909269e+01
1.910142e+01
1.911016e+01
1.911889e+01
1.912763e+01
1.913636e+01
1.914510e+01
1.915383e+01
1.916257e+01
1.917130e+01
1.918004e+01
1.918877e+01
1.919751e+01
1.920624e+01
1.921498e+01
1.922372e+01
1.923245e+01
1.924119e+01
1.924992e+01
1.925866e+01
1.926739e+01
1.927613e+01
1.928486e+01
1.929360e+01
1.930233e+01
1.931107e+01
1.931980e+01
1.932854e+01
1.933727e+01
1.934601e+01
1.935474e+01
1.936348e+01
1.937221e+01
1.938095e+01
1.938968e+01
1.939842e+01
1.940715e+01
1.941589e+01
1.942462e+01
1.943336e+01
1.944209e+01
1.945083e+01
1.945956e+01
1.946830e+01
1.947703e+01
1.948577e+01
1.949450e+01
1.950324e+01
1.951197e+01
1.952071e+01
1.952944e+01
1.953818e+01
1.954691e+01
1.955565e+01
1.956438e+01
1.957312e+01
1.958185e+01
1.959059e+01
1.959932e+01
1.960806e+01
1.961679e+01
1.962553e+01
1.963427e+01
1.964300e+01
1.965174e+01
1.966047e+01
1.966921e+01
1.967794e+01
1.968668e+01
1.969541e+01
1.970415e+01
1.971288e+01
1.972162e+01
1.973035e+01
1.973909e+01
1.974782e+01
1.975656e+01
1.976529e+01
1.977403e+01
1.978276e+01
1.979150e+01
1.980023e+01
1.980897e+01
1.981770e+01
1.982644e+01
1.983517e+01
1.984391e+01
1.985264e+01
1.986138e+01
1.987011e+01
1.987885e+01
1.988758e+01
1.989632e+01
1.990505e+01
1.991379e+01
1.992252e+01
1.993126e+01
1.993999e+01
1.994873e+01
1.995746e+01
1.996620e+01
1.997493e+01
1.998367e+01
1.999240e+01
2.000114e+01
2.000987e+01
2.001861e+01
2.002734e+01
2.003608e+01
2.004481e+01
2.005355e+01
2.006228e+01
2.007102e+01
2.007976e+01
2.008849e+01
2.009723e+01
2.010596e+01
2.011470e+01
2.012343e+01
2.013217e+01
2.014090e+01
2.014964e+01
2.015837e+01
2.016711e+01
2.017584e+01
2.018458e+01
2.019331e+01
2.020205e+01
2.021078e+01
2.021952e+01
2.022825e+01
2.023699e+01
2.024572e+01
2.025446e+01
2.026319e+01
2.027193e+01
2.028066e+01
2.028940e+01
2.029813e+01
2.030687e+01
2.031560e+01
2.032434e+01
2.033307e+01
2.034181e+01
2.035054e+01
2.035928e+01
2.036801e+01
2.037675e+01
2.038548e+01
2.039422e+01
2.040295e+01
2.041169e+01
2.042042e+01
2.042916e+01
2.043789e+01
2.044663e+01
2.045536e+01
2.046410e+01
2.047283e+01
2.048157e+01
2.049030e+01
2.049904e+01
2.050777e+01
2.051651e+01
2.052525e+01
2.053398e+01
2.054272e+01
2.055145e+01
2.056019e+01
2.056892e+01
2.057766e+01
2.058639e+01
2.059513e+01
2.060386e+01
2.061260e+01
2.062133e+01
2.063007e+01
2.063880e+01
2.064754e+01
2.065627e+01
2.066501e+01
2.067374e+01
2.068248e+01
2.069121e+01
2.069995e+01
2.070868e+01
2.071742e+01
2.072615e+01
2.073489e+01
2.074362e+01
2.075236e+01
2.076109e+01
2.076983e+01
2.077856e+01
2.078730e+01
2.079603e+01
2.080477e+01
2.081350e+01
2.082224e+01
2.083097e+01
2.083971e+01
2.084844e+01
2.085718e+01
2.086591e+01
2.087465e+01
2.088338e+01
2.089212e+01
2.090085e+01
2.090959e+01
2.091832e+01
2.092706e+01
2.093579e+01
2.094453e+01
2.095327e+01
2.096200e+01
2.097080e+01
2.097959e+01
2.098839e+01
2.099719e+01
2.100598e+01
2.101478e+01
2.102358e+01
2.103237e+01
2.104117e+01
2.104997e+01
2.105877e+01
2.106756e+01
2.107636e+01
2.108516e+01
2.109395e+01
2.110275e+01
2.111155e+01
2.112034e+01
2.112914e+01
2.113794e+01
2.114673e+01
2.115553e+01
2.116433e+01
2.117312e+01
2.118192e+01
2.119072e+01
2.119951e+01
2.120831e+01
2.121711e+01
2.122590e+01
2.123470e+01
2.124350e+01
2.125229e+01
2.126109e+01
2.126989e+01
2.127869e+01
2.128748e+01
2.129628e+01
2.130508e+01
2.131387e+01
2.132267e+01
2.133147e+01
2.134026e+01
2.134906e+01
2.135786e+01
2.136665e+01
2.137545e+01
2.138425e+01
2.139304e+01
2.140184e+01
2.141064e+01
2.141943e+01
2.142823e+01
2.143703e+01
2.144582e+01
2.145462e+01
2.146342e+01
2.147222e+01
2.148101e+01
2.148981e+01
2.149861e+01
2.150740e+01
2.151620e+01
2.152500e+01
2.153379e+01
2.154259e+01
2.155139e+01
2.156018e+01
2.156898e+01
2.157778e+01
2.158657e+01
2.159537e+01
2.160417e+01
2.161296e+01
2.162176e+01
2.163056e+01
2.163935e+01
2.164815e+01
2.165695e+01
2.166575e+01
2.167454e+01
2.168334e+01
2.169214e+01
2.170093e+01
2.170973e+01
2.171853e+01
2.172732e+01
2.173612e+01
2.174492e+01
2.175371e+01
2.176251e+01
2.177131e+01
2.178010e+01
2.178890e+01
2.179770e+01
2.180649e+01
2.181529e+01
2.182409e+01
2.183288e+01
2.184168e+01
2.185048e+01
2.185928e+01
2.186807e+01
2.187687e+01
2.188567e+01
2.189446e+01
2.190326e+01
2.191206e+01
2.192085e+01
2.192965e+01
2.193845e+01
2.194724e+01
2.195604e+01
2.196484e+01
2.197363e+01
2.198243e+01
2.199123e+01
2.200002e+01
2.200882e+01
2.201762e+01
2.202641e+01
2.203521e+01
2.204401e+01
2.205280e+01
2.206160e+01
2.207040e+01
2.207920e+01
2.208799e+01
2.209679e+01
2.210559e+01
2.211438e+01
2.212318e+01
2.213198e+01
2.214077e+01
2.214957e+01
2.215837e+01
2.216716e+01
2.217596e+01
2.218476e+01
2.219355e+01
2.220235e+01
2.221115e+01
2.221994e+01
2.222874e+01
2.223754e+01
2.224633e+01
2.225513e+01
2.226393e+01
2.227273e+01
2.228152e+01
2.229032e+01
2.229912e+01
2.230791e+01
2.231671e+01
2.232551e+01
2.233430e+01
2.234310e+01
2.235190e+01
2.236069e+01
2.236949e+01
2.237829e+01
2.238708e+01
2.239588e+01
2.240468e+01
2.241347e+01
2.242227e+01
2.243107e+01
2.243986e+01
2.244866e+01
2.245746e+01
2.246626e+01
2.247505e+01
2.248385e+01
2.249265e+01
2.250144e+01
2.251024e+01
2.251904e+01
2.252783e+01
2.253663e+01
2.254543e+01
2.255422e+01
2.256302e+01
2.257182e+01
2.258061e+01
2.258941e+01
2.259821e+01
2.260700e+01
2.261580e+01
2.262460e+01
2.263339e+01
2.264219e+01
2.265099e+01
2.265978e+01
2.266858e+01
2.267738e+01
2.268618e+01
2.269497e+01
2.270377e+01
2.271257e+01
2.272136e+01
2.273016e+01
2.273896e+01
2.274775e+01
2.275655e+01
2.276535e+01
2.277414e+01
2.278294e+01
2.279174e+01
2.280053e+01
2.280933e+01
2.281813e+01
2.282692e+01
2.283572e+01
2.284452e+01
2.285331e+01
2.286211e+01
2.287091e+01
2.287971e+01
2.288850e+01
2.289730e+01
2.290610e+01
2.291489e+01
2.292369e+01
2.293249e+01
2.294128e+01
2.295008e+01
2.295888e+01
2.296767e+01
2.297647e+01
2.298527e+01
2.299406e+01
2.300286e+01
2.301166e+01
2.302045e+01
2.302925e+01
2.303805e+01
2.304684e+01
2.305564e+01
2.306444e+01
2.307324e+01
2.308203e+01
2.309083e+01
2.309963e+01
2.310842e+01
2.311722e+01
2.312602e+01
2.313481e+01
2.314361e+01
2.315241e+01
2.316120e+01
2.317000e+01
2.317880e+01
2.318759e+01
2.319639e+01
2.320519e+01
2.321398e+01
2.322278e+01
2.323158e+01
2.324037e+01
2.324917e+01
2.325797e+01
2.326677e+01
2.327556e+01
2.328436e+01
2.329316e+01
2.330195e+01
2.331075e+01
2.331955e+01
2.332834e+01
2.333714e+01
2.334594e+01
2.335473e+01
2.336353e+01
2.337233e+01
2.338112e+01
2.338992e+01
2.339872e+01
2.340751e+01
2.341631e+01
2.342511e+01
2.343390e+01
2.344270e+01
2.345150e+01
2.346029e+01
2.346909e+01
2.347789e+01
2.348669e+01
2.349548e+01
2.350428e+01
2.351308e+01
2.352187e+01
2.353067e+01
2.353947e+01
2.354826e+01
2.355706e+01
2.356586e+01
2.357465e+01
2.358345e+01
2.359225e+01
2.360104e+01
2.360984e+01
2.361864e+01
2.362743e+01
2.363623e+01
2.364503e+01
2.365382e+01
2.366262e+01
2.367142e+01
2.368022e+01
2.368901e+01
2.369781e+01
2.370661e+01
2.371540e+01
2.372420e+01
2.373300e+01
2.374179e+01
2.375059e+01
2.375939e+01
2.376818e+01
2.377698e+01
2.378578e+01
2.379457e+01
2.380337e+01
2.381217e+01
2.382096e+01
2.382976e+01
2.383856e+01
2.384735e+01
2.385615e+01
2.386495e+01
2.387374e+01
2.388254e+01
2.389134e+01
2.390014e+01
2.390893e+01
2.391773e+01
2.392653e+01
2.393532e+01
2.394412e+01
2.395292e+01
2.396171e+01
2.397051e+01
2.397931e+01
2.398810e+01
2.399690e+01
2.400570e+01
2.401449e+01
2.402329e+01
2.403209e+01
2.404088e+01
2.404968e+01
2.405848e+01
2.406728e+01
2.407607e+01
2.408487e+01
2.409367e+01
2.410246e+01
2.411126e+01
2.412006e+01
2.412885e+01
2.413765e+01
2.414645e+01
2.415524e+01
2.416404e+01
2.417284e+01
2.418163e+01
2.419043e+01
2.419923e+01
2.420802e+01
2.421682e+01
2.422562e+01
2.423441e+01
2.424321e+01
2.425201e+01
2.426080e+01
2.426960e+01
2.427840e+01
2.428720e+01
2.429599e+01
2.430479e+01
2.431359e+01
2.432238e+01
2.433118e+01
2.433998e+01
2.434877e+01
2.435757e+01
2.436637e+01
2.437516e+01
2.438396e+01
2.439276e+01
2.440155e+01
2.441035e+01
2.441915e+01
2.442794e+01
2.443674e+01
2.444554e+01
2.445433e+01
2.446313e+01
2.447193e+01
2.448073e+01
2.448952e+01
2.449832e+01
2.450712e+01
2.451591e+01
2.452471e+01
2.453351e+01
2.454230e+01
2.455110e+01
2.455990e+01
2.456869e+01
2.457749e+01
2.458629e+01
2.459508e+01
2.460388e+01
2.461268e+01
2.462147e+01
2.463027e+01
2.463907e+01
2.464786e+01
2.465666e+01
2.466546e+01
2.467426e+01
2.468305e+01
2.469185e+01
2.470065e+01
2.470944e+01
2.471824e+01
2.472704e+01
2.473583e+01
2.474463e+01
2.475343e+01
2.476222e+01
2.477102e+01
2.477982e+01
2.478861e+01
2.479741e+01
2.480621e+01
2.481500e+01
2.482380e+01
2.483260e+01
2.484139e+01
2.485019e+01
2.485899e+01
2.486778e+01
2.487658e+01
2.488538e+01
2.489418e+01
2.490297e+01
2.491177e+01
2.492057e+01
2.492936e+01
2.493816e+01
2.494696e+01
2.495575e+01
2.496455e+01
2.497335e+01
2.498214e+01
2.499094e+01
2.499974e+01
2.500853e+01
2.501733e+01
2.502613e+01
2.503492e+01
2.504372e+01
2.505252e+01
2.506131e+01
2.507011e+01
2.507891e+01
2.508771e+01
2.509650e+01
2.510530e+01
2.511410e+01
2.512289e+01
2.513169e+01
2.514049e+01
2.514928e+01
2.515808e+01
2.516688e+01
2.517567e+01
2.518447e+01
2.519327e+01
2.520206e+01
2.521086e+01
2.521966e+01
2.522845e+01
2.523725e+01
2.524605e+01
2.525484e+01
2.526364e+01
2.527244e+01
2.528124e+01
2.529003e+01
2.529883e+01
2.530763e+01
2.531642e+01
2.532522e+01
2.533402e+01
2.534281e+01
2.535161e+01
2.536041e+01
2.536920e+01
2.537800e+01
2.538696e+01
2.539592e+01
2.540489e+01
2.541385e+01
2.542281e+01
2.543177e+01
2.544074e+01
2.544970e+01
2.545866e+01
2.546762e+01
2.547658e+01
2.548555e+01
2.549451e+01
2.550347e+01
2.551243e+01
2.552140e+01
2.553036e+01
2.553932e+01
2.554828e+01
2.555724e+01
2.556621e+01
2.557517e+01
2.558413e+01
2.559309e+01
2.560206e+01
2.561102e+01
2.561998e+01
2.562894e+01
2.563790e+01
2.564687e+01
2.565583e+01
2.566479e+01
2.567375e+01
2.568272e+01
2.569168e+01
2.570064e+01
2.570960e+01
2.571856e+01
2.572753e+01
2.573649e+01
2.574545e+01
2.575441e+01
2.576338e+01
2.577234e+01
2.578130e+01
2.579026e+01
2.579922e+01
2.580819e+01
2.581715e+01
2.582611e+01
2.583507e+01
2.584404e+01
2.585300e+01
2.586196e+01
2.587092e+01
2.587988e+01
2.588885e+01
2.589781e+01
2.590677e+01
2.591573e+01
2.592470e+01
2.593366e+01
2.594262e+01
2.595158e+01
2.596054e+01
2.596951e+01
2.597847e+01
2.598743e+01
2.599639e+01
2.600536e+01
2.601432e+01
2.602328e+01
2.603224e+01
2.604120e+01
2.605017e+01
2.605913e+01
2.606809e+01
2.607705e+01
2.608602e+01
2.609498e+01
2.610394e+01
2.611290e+01
2.612186e+01
2.613083e+01
2.613979e+01
2.614875e+01
2.615771e+01
2.616668e+01
2.617564e+01
2.618460e+01
2.619356e+01
2.620252e+01
2.621149e+01
2.622045e+01
2.622941e+01
2.623837e+01
2.624734e+01
2.625630e+01
2.626526e+01
2.627422e+01
2.628318e+01
2.629215e+01
2.630111e+01
2.631007e+01
2.631903e+01
2.632800e+01
2.633696e+01
2.634592e+01
2.635488e+01
2.636385e+01
2.637281e+01
2.638177e+01
2.639073e+01
2.639969e+01
2.640866e+01
2.641762e+01
2.642658e+01
2.643554e+01
2.644451e+01
2.645347e+01
2.646243e+01
2.647139e+01
2.648035e+01
2.648932e+01
2.649828e+01
2.650724e+01
2.651620e+01
2.652517e+01
2.653413e+01
2.654309e+01
2.655205e+01
2.656101e+01
2.656998e+01
2.657894e+01
2.658790e+01
2.659686e+01
2.660583e+01
2.661479e+01
2.662375e+01
2.663271e+01
2.664167e+01
2.665064e+01
2.665960e+01
2.666856e+01
2.667752e+01
2.668649e+01
2.669545e+01
2.670441e+01
2.671337e+01
2.672233e+01
2.673130e+01
2.674026e+01
2.674922e+01
2.675818e+01
2.676715e+01
2.677611e+01
2.678507e+01
2.679403e+01
2.680299e+01
2.681196e+01
2.682092e+01
2.682988e+01
2.683884e+01
2.684781e+01
2.685677e+01
2.686573e+01
2.687469e+01
2.688365e+01
2.689262e+01
2.690158e+01
2.691054e+01
2.691950e+01
2.692847e+01
2.693743e+01
2.694639e+01
2.695535e+01
2.696431e+01
2.697328e+01
2.698224e+01
2.699120e+01
2.700016e+01
2.700913e+01
2.701809e+01
2.702705e+01
2.703601e+01
2.704497e+01
2.705394e+01
2.706290e+01
2.707186e+01
2.708082e+01
2.708979e+01
2.709875e+01
2.710771e+01
2.711667e+01
2.712563e+01
2.713460e+01
2.714356e+01
2.715252e+01
2.716148e+01
2.717045e+01
2.717941e+01
2.718837e+01
2.719733e+01
2.720629e+01
2.721526e+01
2.722422e+01
2.723318e+01
2.724214e+01
2.725111e+01
2.726007e+01
2.726903e+01
2.727799e+01
2.728695e+01
2.729592e+01
2.730488e+01
2.731384e+01
2.732280e+01
2.733177e+01
2.734073e+01
2.734969e+01
2.735865e+01
2.736761e+01
2.737658e+01
2.738554e+01
2.739450e+01
2.740346e+01
2.741243e+01
2.742139e+01
2.743035e+01
2.743931e+01
2.744827e+01
2.745724e+01
2.746620e+01
2.747516e+01
2.748412e+01
2.749309e+01
2.750205e+01
2.751101e+01
2.751997e+01
2.752893e+01
2.753790e+01
2.754686e+01
2.755582e+01
2.756478e+01
2.757375e+01
2.758271e+01
2.759167e+01
2.760063e+01
2.760959e+01
2.761856e+01
2.762752e+01
2.763648e+01
2.764544e+01
2.765441e+01
2.766337e+01
2.767233e+01
2.768129e+01
2.769025e+01
2.769922e+01
2.770818e+01
2.771714e+01
2.772610e+01
2.773507e+01
2.774403e+01
2.775299e+01
2.776195e+01
2.777091e+01
2.777988e+01
2.778884e+01
2.779780e+01
2.780676e+01
2.781573e+01
2.782469e+01
2.783365e+01
2.784261e+01
2.785157e+01
2.786054e+01
2.786950e+01
2.787846e+01
2.788742e+01
2.789639e+01
2.790535e+01
2.791431e+01
2.792327e+01
2.793223e+01
2.794120e+01
2.795016e+01
2.795912e+01
2.796808e+01
2.797705e+01
2.798601e+01
2.799497e+01
2.800393e+01
2.801289e+01
2.802186e+01
2.803082e+01
2.803978e+01
2.804874e+01
2.805771e+01
2.806667e+01
2.807563e+01
2.808459e+01
2.809355e+01
2.810252e+01
2.811148e+01
2.812044e+01
2.812940e+01
2.813837e+01
2.814733e+01
2.815629e+01
2.816525e+01
2.817421e+01
2.818318e+01
2.819214e+01
2.820110e+01
2.821006e+01
2.821903e+01
2.822799e+01
2.823695e+01
2.824591e+01
2.825487e+01
2.826384e+01
2.827280e+01
2.828176e+01
2.829072e+01
2.829969e+01
2.830865e+01
2.831761e+01
2.832657e+01
2.833553e+01
2.834450e+01
2.835346e+01
2.836242e+01
2.837138e+01
2.838035e+01
2.838931e+01
2.839827e+01
2.840723e+01
2.841619e+01
2.842516e+01
2.843412e+01
2.844308e+01
2.845204e+01
2.846101e+01
2.846997e+01
2.847893e+01
2.848789e+01
2.849685e+01
2.850582e+01
2.851478e+01
2.852374e+01
2.853270e+01
2.854167e+01
2.855063e+01
2.855959e+01
2.856855e+01
2.857751e+01
2.858648e+01
2.859544e+01
2.860440e+01
2.861336e+01
2.862233e+01
2.863129e+01
2.864025e+01
2.864921e+01
2.865818e+01
2.866714e+01
2.867610e+01
2.868506e+01
2.869402e+01
2.870299e+01
2.871195e+01
2.872091e+01
2.872987e+01
2.873883e+01
2.874780e+01
2.875676e+01
2.876572e+01
2.877468e+01
2.878365e+01
2.879261e+01
2.880157e+01
2.881053e+01
2.881949e+01
2.882846e+01
2.883742e+01
2.884638e+01
2.885534e+01
2.886431e+01
2.887327e+01
2.888223e+01
2.889119e+01
2.890016e+01
2.890912e+01
2.891808e+01
2.892704e+01
2.893600e+01
2.894497e+01
2.895393e+01
2.896289e+01
2.897185e+01
2.898082e+01
2.898978e+01
2.899874e+01
2.900770e+01
2.901666e+01
2.902563e+01
2.903459e+01
2.904355e+01
2.905251e+01
2.906148e+01
2.907044e+01
2.907940e+01
2.908836e+01
2.909732e+01
2.910629e+01
2.911525e+01
2.912421e+01
2.913317e+01
2.914214e+01
2.915110e+01
2.916006e+01
2.916902e+01
2.917798e+01
2.918695e+01
2.919591e+01
2.920487e+01
2.921383e+01
2.922280e+01
2.923176e+01
2.924072e+01
2.924968e+01
2.925864e+01
2.926761e+01
2.927657e+01
2.928553e+01
2.929449e+01
2.930346e+01
2.931242e+01
2.932138e+01
2.933034e+01
2.933930e+01
2.934827e+01
2.935723e+01
2.936619e+01
2.937515e+01
2.938412e+01
2.939308e+01
2.940204e+01
2.941100e+01
2.941996e+01
2.942893e+01
2.943789e+01
2.944685e+01
2.945581e+01
2.946478e+01
2.947374e+01
2.948270e+01
2.949166e+01
2.950062e+01
2.950959e+01
2.951855e+01
2.952751e+01
2.953647e+01
2.954544e+01
2.955440e+01
2.956336e+01
2.957232e+01
2.958128e+01
2.959025e+01
2.959921e+01
2.960817e+01
2.961713e+01
2.962610e+01
2.963506e+01
2.964402e+01
2.965298e+01
2.966194e+01
2.967091e+01
2.967987e+01
2.968883e+01
2.969779e+01
2.970676e+01
2.971572e+01
2.972468e+01
2.973364e+01
2.974260e+01
2.975157e+01
2.976053e+01
2.976949e+01
2.977845e+01
2.978742e+01
2.979638e+01
2.980534e+01
2.981430e+01
2.982326e+01
2.983223e+01
2.984119e+01
2.985015e+01
2.985911e+01
2.986808e+01
2.987704e+01
2.988600e+01
2.989489e+01
2.990378e+01
2.991267e+01
2.992156e+01
2.993045e+01
2.993934e+01
2.994823e+01
2.995713e+01
2.996602e+01
2.997491e+01
2.998380e+01
2.999269e+01
3.000158e+01
3.001047e+01
3.001936e+01
3.002825e+01
3.003714e+01
3.004603e+01
3.005492e+01
3.006381e+01
3.007270e+01
3.008159e+01
3.009049e+01
3.009938e+01
3.010827e+01
3.011716e+01
3.012605e+01
3.013494e+01
3.014383e+01
3.015272e+01
3.016161e+01
3.017050e+01
3.017939e+01
3.018828e+01
3.019717e+01
3.020606e+01
3.021495e+01
3.022385e+01
3.023274e+01
3.024163e+01
3.025052e+01
3.025941e+01
3.026830e+01
3.027719e+01
3.028608e+01
3.029497e+01
3.030386e+01
3.031275e+01
3.032164e+01
3.033053e+01
3.033942e+01
3.034831e+01
3.035720e+01
3.036610e+01
3.037499e+01
3.038388e+01
3.039277e+01
3.040166e+01
3.041055e+01
3.041944e+01
3.042833e+01
3.043722e+01
3.044611e+01
3.045500e+01
3.046389e+01
3.047278e+01
3.048167e+01
3.049056e+01
3.049946e+01
3.050835e+01
3.051724e+01
3.052613e+01
3.053502e+01
3.054391e+01
3.055280e+01
3.056169e+01
3.057058e+01
3.057947e+01
3.058836e+01
3.059725e+01
3.060614e+01
3.061503e+01
3.062392e+01
3.063282e+01
3.064171e+01
3.065060e+01
3.065949e+01
3.066838e+01
3.067727e+01
3.068616e+01
3.069505e+01
3.070394e+01
3.071283e+01
3.072172e+01
3.073061e+01
3.073950e+01
3.074839e+01
3.075728e+01
3.076618e+01
3.077507e+01
3.078396e+01
3.079285e+01
3.080174e+01
3.081063e+01
3.081952e+01
3.082841e+01
3.083730e+01
3.084619e+01
3.085508e+01
3.086397e+01
3.087286e+01
3.088175e+01
3.089064e+01
3.089953e+01
3.090843e+01
3.091732e+01
3.092621e+01
3.093510e+01
3.094399e+01
3.095288e+01
3.096177e+01
3.097066e+01
3.097955e+01
3.098844e+01
3.099733e+01
3.100622e+01
3.101511e+01
3.102400e+01
3.103289e+01
3.104179e+01
3.105068e+01
3.105957e+01
3.106846e+01
3.107735e+01
3.108624e+01
3.109513e+01
3.110402e+01
3.111291e+01
3.112180e+01
3.113069e+01
3.113958e+01
3.114847e+01
3.115736e+01
3.116625e+01
3.117515e+01
3.118404e+01
3.119293e+01
3.120182e+01
3.121071e+01
3.121960e+01
3.122849e+01
3.123738e+01
3.124627e+01
3.125516e+01
3.126405e+01
3.127294e+01
3.128183e+01
3.129072e+01
3.129961e+01
3.130851e+01
3.131740e+01
3.132629e+01
3.133518e+01
3.134407e+01
3.135296e+01
3.136185e+01
3.137074e+01
3.137963e+01
3.138852e+01
3.139741e+01
3.140630e+01
3.141519e+01
3.142408e+01
3.143297e+01
3.144186e+01
3.145076e+01
3.145965e+01
3.146854e+01
3.147743e+01
3.148632e+01
3.149521e+01
3.150410e+01
3.151299e+01
3.152188e+01
3.153077e+01
3.153966e+01
3.154855e+01
3.155744e+01
3.156633e+01
3.157522e+01
3.158412e+01
3.159301e+01
3.160190e+01
3.161079e+01
3.161968e+01
3.162857e+01
3.163746e+01
3.164635e+01
3.165524e+01
3.166413e+01
3.167302e+01
3.168191e+01
3.169080e+01
3.169969e+01
3.170858e+01
3.171748e+01
3.172637e+01
3.173526e+01
3.174415e+01
3.175304e+01
3.176193e+01
3.177082e+01
3.177971e+01
3.178860e+01
3.179749e+01
3.180638e+01
3.181527e+01
3.182416e+01
3.183305e+01
3.184194e+01
3.185084e+01
3.185973e+01
3.186862e+01
3.187751e+01
3.188640e+01
3.189529e+01
3.190418e+01
3.191307e+01
3.192196e+01
3.193085e+01
3.193974e+01
3.194863e+01
3.195752e+01
3.196641e+01
3.197530e+01
3.198419e+01
3.199309e+01
3.200198e+01
3.201087e+01
3.201976e+01
3.202865e+01
3.203754e+01
3.204643e+01
3.205532e+01
3.206421e+01
3.207310e+01
3.208199e+01
3.209088e+01
3.209977e+01
3.210866e+01
3.211755e+01
3.212645e+01
3.213534e+01
3.214423e+01
3.215312e+01
3.216201e+01
3.217090e+01
3.217979e+01
3.218868e+01
3.219757e+01
3.220646e+01
3.221535e+01
3.222424e+01
3.223313e+01
3.224202e+01
3.225091e+01
3.225981e+01
3.226870e+01
3.227759e+01
3.228648e+01
3.229537e+01
3.230426e+01
3.231315e+01
3.232204e+01
3.233093e+01
3.233982e+01
3.234871e+01
3.235760e+01
3.236649e+01
3.237538e+01
3.238427e+01
3.239317e+01
3.240206e+01
3.241095e+01
3.241984e+01
3.242873e+01
3.243762e+01
3.244651e+01
3.245540e+01
3.246429e+01
3.247318e+01
3.248207e+01
3.249096e+01
3.249985e+01
3.250874e+01
3.251763e+01
3.252652e+01
3.253542e+01
3.254431e+01
3.255320e+01
3.256209e+01
3.257098e+01
3.257987e+01
3.258876e+01
3.259765e+01
3.260654e+01
3.261543e+01
3.262432e+01
3.263321e+01
3.264210e+01
3.265099e+01
3.265988e+01
3.266878e+01
3.267767e+01
3.268656e+01
3.269545e+01
3.270434e+01
3.271323e+01
3.272212e+01
3.273101e+01
3.273990e+01
3.274879e+01
3.275768e+01
3.276657e+01
3.277546e+01
3.278435e+01
3.279324e+01
3.280214e+01
3.281103e+01
3.281992e+01
3.282881e+01
3.283770e+01
3.284659e+01
3.285548e+01
3.286437e+01
3.287326e+01
3.288215e+01
3.289104e+01
3.289993e+01
3.290882e+01
3.291771e+01
3.292660e+01
3.293550e+01
3.294439e+01
3.295328e+01
3.296217e+01
3.297106e+01
3.297995e+01
3.298884e+01
3.299773e+01
3.300662e+01
3.301551e+01
3.302440e+01
3.303329e+01
3.304218e+01
3.305107e+01
3.305996e+01
3.306885e+01
3.307775e+01
3.308664e+01
3.309553e+01
3.310442e+01
3.311331e+01
3.312220e+01
3.313109e+01
3.313998e+01
3.314887e+01
3.315776e+01
3.316665e+01
3.317554e+01
3.318443e+01
3.319332e+01
3.320221e+01
3.321111e+01
3.322000e+01
3.322889e+01
3.323778e+01
3.324667e+01
3.325556e+01
3.326445e+01
3.327334e+01
3.328223e+01
3.329112e+01
3.330001e+01
3.330890e+01
3.331779e+01
3.332668e+01
3.333557e+01
3.334447e+01
3.335336e+01
3.336225e+01
3.337114e+01
3.338003e+01
3.338892e+01
3.339781e+01
3.340670e+01
3.341559e+01
3.342448e+01
3.343337e+01
3.344226e+01
3.345115e+01
3.346004e+01
3.346893e+01
3.347783e+01
3.348672e+01
3.349561e+01
3.350450e+01
3.351339e+01
3.352228e+01
3.353117e+01
3.354006e+01
3.354895e+01
3.355784e+01
3.356673e+01
3.357562e+01
3.358451e+01
3.359340e+01
3.360229e+01
3.361118e+01
3.362008e+01
3.362897e+01
3.363786e+01
3.364675e+01
3.365564e+01
3.366453e+01
3.367342e+01
3.368231e+01
3.369120e+01
3.370009e+01
3.370898e+01
3.371787e+01
3.372676e+01
3.373565e+01
3.374454e+01
3.375344e+01
3.376233e+01
3.377122e+01
3.378011e+01
3.378900e+01
3.379789e+01
3.380678e+01
3.381567e+01
3.382456e+01
3.383345e+01
3.384234e+01
3.385123e+01
3.386012e+01
3.386901e+01
3.387790e+01
3.388680e+01
3.389569e+01
3.390458e+01
3.391347e+01
3.392236e+01
3.393125e+01
3.394014e+01
3.394903e+01
3.395792e+01
3.396681e+01
3.397570e+01
3.398459e+01
3.399348e+01
3.400237e+01
3.401126e+01
3.402016e+01
3.402905e+01
3.403794e+01
3.404683e+01
3.405572e+01
3.406461e+01
3.407350e+01
3.408239e+01
3.409128e+01
3.410017e+01
3.410906e+01
3.411795e+01
3.412684e+01
3.413573e+01
3.414462e+01
3.415351e+01
3.416241e+01
