5.800000e-01
5.803333e-01
5.806667e-01
5.810000e-01
5.813333e-01
5.816667e-01
5.820000e-01
5.823333e-01
5.826667e-01
5.830000e-01
5.833333e-01
5.836667e-01
5.840000e-01
5.843333e-01
5.846667e-01
5.850000e-01
5.853333e-01
5.856667e-01
5.860000e-01
5.863333e-01
5.866667e-01
5.870000e-01
5.873333e-01
5.876667e-01
5.880000e-01
5.883333e-01
5.886667e-01
5.890000e-01
5.893333e-01
5.896667e-01
5.900000e-01
5.900750e-01
5.901500e-01
5.902250e-01
5.903000e-01
5.903750e-01
5.904500e-01
5.905250e-01
5.906000e-01
5.906750e-01
5.907500e-01
5.908250e-01
5.909000e-01
5.909750e-01
5.910500e-01
5.911250e-01
5.912000e-01
5.912750e-01
5.913500e-01
5.914250e-01
5.915000e-01
5.919250e-01
5.923500e-01
5.927750e-01
5.932000e-01
5.936250e-01
5.940500e-01
5.944750e-01
5.949000e-01
5.953250e-01
5.957500e-01
5.961750e-01
5.966000e-01
5.970250e-01
5.974500e-01
5.978750e-01
5.983000e-01
5.987250e-01
5.991500e-01
5.996167e-01
6.000000e-01
6.003833e-01
6.007667e-01
6.011500e-01
6.015333e-01
6.019167e-01
6.023000e-01
6.026833e-01
6.030667e-01
6.034500e-01
6.038333e-01
6.042167e-01
6.046000e-01
6.049833e-01
6.053667e-01
6.057500e-01
6.061333e-01
6.065167e-01
6.069000e-01
6.072833e-01
6.076667e-01
6.080500e-01
6.084333e-01
6.088167e-01
6.092000e-01
6.095833e-01
6.099667e-01
6.103500e-01
6.107333e-01
6.111167e-01
6.115000e-01
6.119000e-01
6.123000e-01
6.127000e-01
6.131000e-01
6.135000e-01
6.139000e-01
6.143000e-01
6.147000e-01
6.151000e-01
6.155000e-01
6.159000e-01
6.163000e-01
6.167000e-01
6.171000e-01
6.175000e-01
6.179000e-01
6.183000e-01
6.187000e-01
6.191000e-01
6.195000e-01
6.199000e-01
6.203000e-01
6.207000e-01
6.211000e-01
6.215000e-01
6.219000e-01
6.223000e-01
6.227000e-01
6.231000e-01
6.235000e-01
6.239000e-01
6.243000e-01
6.247000e-01
6.251000e-01
6.255000e-01
6.259000e-01
6.263000e-01
6.267000e-01
6.271000e-01
6.275000e-01
6.279000e-01
6.283000e-01
6.287000e-01
6.291000e-01
6.295000e-01
6.299000e-01
6.303000e-01
6.307000e-01
6.311000e-01
6.315000e-01
6.317300e-01
6.319600e-01
6.321900e-01
6.324200e-01
6.326500e-01
6.328800e-01
6.331100e-01
6.333400e-01
6.335700e-01
6.338000e-01
6.340300e-01
6.342600e-01
6.344900e-01
6.347200e-01
6.349500e-01
6.351800e-01
6.354100e-01
6.356400e-01
6.358700e-01
6.361000e-01
6.363300e-01
6.365600e-01
6.367900e-01
6.370200e-01
6.372500e-01
6.374800e-01
6.377100e-01
6.379400e-01
6.381700e-01
6.384000e-01
6.386300e-01
6.388600e-01
6.390900e-01
6.393200e-01
6.395500e-01
6.397800e-01
6.400100e-01
6.402400e-01
6.404700e-01
6.407000e-01
6.409300e-01
6.411600e-01
6.413900e-01
6.416200e-01
6.418500e-01
6.420800e-01
6.423100e-01
6.425400e-01
6.427700e-01
6.430000e-01
6.455850e-01
6.481700e-01
6.507550e-01
6.533400e-01
6.559250e-01
6.585100e-01
6.610950e-01
6.636800e-01
6.662650e-01
6.688500e-01
6.714350e-01
6.740200e-01
6.766050e-01
6.791900e-01
6.817750e-01
6.843600e-01
6.869450e-01
6.895300e-01
6.921150e-01
6.947000e-01
6.972850e-01
6.998700e-01
7.024550e-01
7.050400e-01
7.076250e-01
7.102100e-01
7.127950e-01
7.153800e-01
7.179650e-01
7.205500e-01
7.231350e-01
7.257200e-01
7.283050e-01
7.308900e-01
7.334750e-01
7.360600e-01
7.386450e-01
7.412300e-01
7.438150e-01
7.464000e-01
7.489850e-01
7.515700e-01
7.541550e-01
7.567400e-01
7.593250e-01
7.619100e-01
7.644950e-01
7.670800e-01
7.696650e-01
7.722500e-01
7.748350e-01
7.774200e-01
7.800050e-01
7.825900e-01
7.851750e-01
7.877600e-01
7.903450e-01
7.929300e-01
7.955150e-01
7.981000e-01
8.006850e-01
8.032700e-01
8.058550e-01
8.084400e-01
8.110250e-01
8.136100e-01
8.161950e-01
8.187800e-01
8.213650e-01
8.239500e-01
8.265350e-01
8.291200e-01
8.317050e-01
8.342900e-01
8.368750e-01
8.394600e-01
8.420450e-01
8.446300e-01
8.472150e-01
8.498000e-01
8.523850e-01
8.549700e-01
8.575550e-01
8.601400e-01
8.627250e-01
8.653100e-01
8.678950e-01
8.704800e-01
8.730650e-01
8.756500e-01
8.782350e-01
8.808200e-01
8.834050e-01
8.859900e-01
8.885750e-01
8.911600e-01
8.937450e-01
8.963300e-01
8.989150e-01
9.015000e-01
9.022000e-01
9.029000e-01
9.036000e-01
9.043000e-01
9.050000e-01
9.057000e-01
9.064000e-01
9.071000e-01
9.078000e-01
9.085000e-01
9.092000e-01
9.099000e-01
9.106000e-01
9.113000e-01
9.120000e-01
9.127000e-01
9.134000e-01
9.141000e-01
9.148000e-01
9.155000e-01
9.162000e-01
9.169000e-01
9.176000e-01
9.183000e-01
9.190000e-01
9.197000e-01
9.204000e-01
9.211000e-01
9.218000e-01
9.225000e-01
9.232000e-01
9.239000e-01
9.246000e-01
9.253000e-01
9.260000e-01
9.267000e-01
9.274000e-01
9.281000e-01
9.288000e-01
9.295000e-01
9.302000e-01
9.309000e-01
9.316000e-01
9.323000e-01
9.330000e-01
9.337000e-01
9.344000e-01
9.351000e-01
9.358000e-01
9.365000e-01
9.372000e-01
9.379000e-01
9.386000e-01
9.393000e-01
9.400000e-01
9.407000e-01
9.414000e-01
9.421000e-01
9.428000e-01
9.435000e-01
9.442000e-01
9.449000e-01
9.456000e-01
9.463000e-01
9.470000e-01
9.477000e-01
9.484000e-01
9.491000e-01
9.498000e-01
9.505000e-01
9.512000e-01
9.519000e-01
9.526000e-01
9.533000e-01
9.540000e-01
9.547000e-01
9.554000e-01
9.561000e-01
9.568000e-01
9.575000e-01
9.582000e-01
9.589000e-01
9.596000e-01
9.603000e-01
9.610000e-01
9.617000e-01
9.624000e-01
9.631000e-01
9.638000e-01
9.645000e-01
9.652000e-01
9.659000e-01
9.666000e-01
9.673000e-01
9.680000e-01
9.687000e-01
9.694000e-01
9.701000e-01
9.708000e-01
9.715000e-01
9.722000e-01
9.729000e-01
9.736000e-01
9.743000e-01
9.750000e-01
9.757000e-01
9.764000e-01
9.771000e-01
9.778000e-01
9.785000e-01
9.792000e-01
9.799000e-01
9.806000e-01
9.813000e-01
9.820000e-01
9.827000e-01
9.834000e-01
9.841000e-01
9.848000e-01
9.855000e-01
9.862000e-01
9.869000e-01
9.876000e-01
9.883000e-01
9.890000e-01
9.897000e-01
9.904000e-01
9.911000e-01
9.918000e-01
9.925000e-01
9.932000e-01
9.939000e-01
9.946000e-01
9.953000e-01
9.960000e-01
9.967000e-01
9.974000e-01
9.981000e-01
9.988000e-01
9.995000e-01
1.000200e+00
1.000900e+00
1.001600e+00
1.002300e+00
1.003000e+00
1.003700e+00
1.004400e+00
1.005100e+00
1.005800e+00
1.006500e+00
1.007200e+00
1.007900e+00
1.008600e+00
1.009300e+00
1.010000e+00
1.010700e+00
1.011400e+00
1.012100e+00
1.012800e+00
1.013500e+00
1.014200e+00
1.014900e+00
1.015600e+00
1.016300e+00
1.017000e+00
1.017700e+00
1.018400e+00
1.019100e+00
1.019800e+00
1.020500e+00
1.021200e+00
1.021900e+00
1.022600e+00
1.023300e+00
1.024000e+00
1.024700e+00
1.025400e+00
1.026100e+00
1.026800e+00
1.027500e+00
1.028200e+00
1.028900e+00
1.029600e+00
1.030300e+00
1.031000e+00
1.031700e+00
1.032400e+00
1.033100e+00
1.033800e+00
1.034500e+00
1.035200e+00
1.035900e+00
1.036600e+00
1.037300e+00
1.038000e+00
1.038700e+00
1.039400e+00
1.040100e+00
1.040800e+00
1.041500e+00
1.042200e+00
1.042900e+00
1.043600e+00
1.044300e+00
1.045000e+00
1.045700e+00
1.046400e+00
1.047100e+00
1.047800e+00
1.048500e+00
1.049200e+00
1.049900e+00
1.050600e+00
1.051300e+00
1.052000e+00
1.052700e+00
1.053400e+00
1.054100e+00
1.054800e+00
1.055500e+00
1.056200e+00
1.056900e+00
1.057600e+00
1.058300e+00
1.059000e+00
1.059700e+00
1.060400e+00
1.061100e+00
1.061800e+00
1.062500e+00
1.063200e+00
1.063900e+00
1.064600e+00
1.065300e+00
1.066000e+00
1.066700e+00
1.067400e+00
1.068100e+00
1.068800e+00
1.069500e+00
1.070200e+00
1.070900e+00
1.071600e+00
1.072300e+00
1.073000e+00
1.073700e+00
1.074400e+00
1.075100e+00
1.075800e+00
1.076500e+00
1.077200e+00
1.077900e+00
1.078600e+00
1.079300e+00
1.080000e+00
1.080700e+00
1.081400e+00
1.082100e+00
1.082800e+00
1.083500e+00
1.084200e+00
1.084900e+00
1.085600e+00
1.086300e+00
1.087000e+00
1.087700e+00
1.088400e+00
1.089100e+00
1.089800e+00
1.090500e+00
1.091200e+00
1.091900e+00
1.092600e+00
1.093300e+00
1.094000e+00
1.094700e+00
1.095400e+00
1.096100e+00
1.096800e+00
1.097500e+00
1.098200e+00
1.098900e+00
1.099600e+00
1.100300e+00
1.101000e+00
1.101700e+00
1.102400e+00
1.103100e+00
1.103800e+00
1.104500e+00
1.105200e+00
1.105900e+00
1.106600e+00
1.107300e+00
1.108000e+00
1.108700e+00
1.109400e+00
1.110100e+00
1.110800e+00
1.111500e+00
1.112385e+00
1.113270e+00
1.114155e+00
1.115040e+00
1.115925e+00
1.116810e+00
1.117695e+00
1.118580e+00
1.119465e+00
1.120350e+00
1.121235e+00
1.122120e+00
1.123005e+00
1.123890e+00
1.124775e+00
1.125660e+00
1.126545e+00
1.127430e+00
1.128315e+00
1.129200e+00
1.130085e+00
1.130970e+00
1.131855e+00
1.132740e+00
1.133625e+00
1.134510e+00
1.135395e+00
1.136280e+00
1.137165e+00
1.138050e+00
1.138935e+00
1.139820e+00
1.140705e+00
1.141590e+00
1.142475e+00
1.143360e+00
1.144245e+00
1.145130e+00
1.146015e+00
1.146900e+00
1.147785e+00
1.148670e+00
1.149555e+00
1.150440e+00
1.151325e+00
1.152210e+00
1.153095e+00
1.153980e+00
1.154865e+00
1.155750e+00
1.156635e+00
1.157520e+00
1.158405e+00
1.159290e+00
1.160175e+00
1.161060e+00
1.161945e+00
1.162830e+00
1.163715e+00
1.164600e+00
1.165485e+00
1.166370e+00
1.167255e+00
1.168140e+00
1.169025e+00
1.169910e+00
1.170795e+00
1.171680e+00
1.172565e+00
1.173450e+00
1.174335e+00
1.175220e+00
1.176105e+00
1.176990e+00
1.177875e+00
1.178760e+00
1.179645e+00
1.180530e+00
1.181415e+00
1.182300e+00
1.183185e+00
1.184070e+00
1.184955e+00
1.185840e+00
1.186725e+00
1.187610e+00
1.188495e+00
1.189380e+00
1.190265e+00
1.191150e+00
1.192035e+00
1.192920e+00
1.193805e+00
1.194690e+00
1.195575e+00
1.196460e+00
1.197345e+00
1.198230e+00
1.199115e+00
1.200000e+00
1.206843e+00
1.213686e+00
1.220528e+00
1.227371e+00
1.234214e+00
1.241057e+00
1.247899e+00
1.254742e+00
1.261585e+00
1.268428e+00
1.275270e+00
1.282113e+00
1.288956e+00
1.295799e+00
1.302641e+00
1.309484e+00
1.316327e+00
1.323170e+00
1.330012e+00
1.336855e+00
1.343698e+00
1.350541e+00
1.357383e+00
1.364226e+00
1.371069e+00
1.377912e+00
1.384754e+00
1.391597e+00
1.398440e+00
1.405283e+00
1.412125e+00
1.418968e+00
1.425811e+00
1.432654e+00
1.439496e+00
1.446339e+00
1.453182e+00
1.460025e+00
1.466867e+00
1.473710e+00
1.480553e+00
1.487396e+00
1.494238e+00
1.501081e+00
1.507924e+00
1.514767e+00
1.521609e+00
1.528452e+00
1.535295e+00
1.542138e+00
1.548980e+00
1.555823e+00
1.562666e+00
1.569509e+00
1.576351e+00
1.583194e+00
1.590037e+00
1.596880e+00
1.603722e+00
1.610565e+00
1.617408e+00
1.624251e+00
1.631093e+00
1.637936e+00
1.644779e+00
1.651622e+00
1.658464e+00
1.665307e+00
1.672150e+00
1.678993e+00
1.685835e+00
1.692678e+00
1.699521e+00
1.706364e+00
1.713206e+00
1.720049e+00
1.726892e+00
1.733735e+00
1.740577e+00
1.747420e+00
1.754263e+00
1.761106e+00
1.767948e+00
1.774791e+00
1.781634e+00
1.788477e+00
1.795319e+00
1.802162e+00
1.809005e+00
1.815848e+00
1.822690e+00
1.829533e+00
1.836376e+00
1.843219e+00
1.850061e+00
1.856904e+00
1.863747e+00
1.870590e+00
1.877432e+00
1.884275e+00
1.891118e+00
1.897961e+00
1.904803e+00
1.911646e+00
1.918489e+00
1.925332e+00
1.932174e+00
1.939017e+00
1.945860e+00
1.952703e+00
1.959545e+00
1.966388e+00
1.973231e+00
1.980074e+00
1.986916e+00
1.993759e+00
2.000602e+00
2.007445e+00
2.014287e+00
2.021130e+00
2.027973e+00
2.034816e+00
2.041658e+00
2.048501e+00
2.055344e+00
2.062187e+00
2.069029e+00
2.075872e+00
2.082715e+00
2.089558e+00
2.096400e+00
2.103243e+00
2.110086e+00
2.116929e+00
2.123771e+00
2.130614e+00
2.137457e+00
2.144300e+00
2.151143e+00
2.157985e+00
2.164828e+00
2.171671e+00
2.178514e+00
2.185356e+00
2.192199e+00
2.199042e+00
2.205885e+00
2.212727e+00
2.219570e+00
2.226413e+00
2.233256e+00
2.240098e+00
2.246941e+00
2.253784e+00
2.260627e+00
2.267469e+00
2.274312e+00
2.281155e+00
2.287998e+00
2.294840e+00
2.301683e+00
2.308526e+00
2.315369e+00
2.322211e+00
2.329054e+00
2.335897e+00
2.342740e+00
2.349582e+00
2.356425e+00
2.363268e+00
2.370111e+00
2.376953e+00
2.383796e+00
2.390639e+00
2.397482e+00
2.404324e+00
2.411167e+00
2.418010e+00
2.424853e+00
2.431695e+00
2.438538e+00
2.445381e+00
2.452224e+00
2.459066e+00
2.465909e+00
2.472752e+00
2.479595e+00
2.486437e+00
2.493280e+00
2.500123e+00
2.506966e+00
2.513808e+00
2.520651e+00
2.527494e+00
2.534337e+00
2.541179e+00
2.548022e+00
2.554865e+00
2.561708e+00
2.568550e+00
2.575393e+00
2.582236e+00
2.589079e+00
2.595921e+00
2.602764e+00
2.609607e+00
2.616450e+00
2.623292e+00
2.630135e+00
2.636978e+00
2.643821e+00
2.650663e+00
2.657506e+00
2.664349e+00
2.671192e+00
2.678034e+00
2.684877e+00
2.691720e+00
2.698563e+00
2.705405e+00
2.712248e+00
2.719091e+00
2.725934e+00
2.732776e+00
2.739619e+00
2.746462e+00
2.753305e+00
2.760147e+00
2.766990e+00
2.773833e+00
2.780676e+00
2.787518e+00
2.794361e+00
2.801204e+00
2.808047e+00
2.814889e+00
2.821732e+00
2.828575e+00
2.835418e+00
2.842260e+00
2.849103e+00
2.855946e+00
2.862789e+00
2.869631e+00
2.876474e+00
2.883317e+00
2.890160e+00
2.897002e+00
2.903845e+00
2.910688e+00
2.917531e+00
2.924373e+00
2.931216e+00
2.938059e+00
2.944902e+00
2.951744e+00
2.958587e+00
2.965430e+00
2.972273e+00
2.979115e+00
2.985958e+00
2.992801e+00
2.999644e+00
3.006486e+00
3.013329e+00
3.020172e+00
3.027015e+00
3.033857e+00
3.040700e+00
3.047543e+00
3.054386e+00
3.061229e+00
3.068071e+00
3.074914e+00
3.081757e+00
3.088600e+00
3.095442e+00
3.102285e+00
3.109128e+00
3.115971e+00
3.122813e+00
3.129656e+00
3.136499e+00
3.143342e+00
3.150184e+00
3.157027e+00
3.163870e+00
3.170713e+00
3.177555e+00
3.184398e+00
3.191241e+00
3.198084e+00
3.204926e+00
3.211769e+00
3.218612e+00
3.225455e+00
3.232297e+00
3.239140e+00
3.245983e+00
3.252826e+00
3.259668e+00
3.266511e+00
3.273354e+00
3.280197e+00
3.287039e+00
3.293882e+00
3.300725e+00
3.307568e+00
3.314410e+00
3.321253e+00
3.328096e+00
3.334939e+00
3.341781e+00
3.348624e+00
3.355467e+00
3.362310e+00
3.369152e+00
3.375995e+00
3.382838e+00
3.389681e+00
3.396523e+00
3.403366e+00
3.410209e+00
3.417052e+00
3.423894e+00
3.430737e+00
3.437580e+00
3.444423e+00
3.451265e+00
3.458108e+00
3.464951e+00
3.471794e+00
3.478636e+00
3.485479e+00
3.492322e+00
3.499165e+00
3.506007e+00
3.512850e+00
3.519693e+00
3.526536e+00
3.533378e+00
3.540221e+00
3.547064e+00
3.553907e+00
3.560749e+00
3.567592e+00
3.574435e+00
3.581278e+00
3.588120e+00
3.594963e+00
3.601806e+00
3.608649e+00
3.615491e+00
3.622334e+00
3.629177e+00
3.636020e+00
3.642862e+00
3.649705e+00
3.656548e+00
3.663391e+00
3.670233e+00
3.677076e+00
3.683919e+00
3.690762e+00
3.697604e+00
3.704447e+00
3.711290e+00
3.718133e+00
3.724975e+00
3.731818e+00
3.738661e+00
3.745504e+00
3.752346e+00
3.759189e+00
3.766032e+00
3.772875e+00
3.779717e+00
3.786560e+00
3.793403e+00
3.800246e+00
3.807088e+00
3.813931e+00
3.820774e+00
3.827617e+00
3.834459e+00
3.841302e+00
3.848145e+00
3.854988e+00
3.861830e+00
3.868673e+00
3.875516e+00
3.882359e+00
3.889201e+00
3.896044e+00
3.902887e+00
3.909730e+00
3.916572e+00
3.923415e+00
3.930258e+00
3.937101e+00
3.943943e+00
3.950786e+00
3.957629e+00
3.964472e+00
3.971314e+00
3.978157e+00
3.985000e+00
3.989890e+00
3.994780e+00
3.999670e+00
4.004560e+00
4.009450e+00
4.014340e+00
4.019230e+00
4.024120e+00
4.029010e+00
4.033900e+00
4.038790e+00
4.043680e+00
4.048570e+00
4.053460e+00
4.058350e+00
4.063240e+00
4.068130e+00
4.073020e+00
4.077910e+00
4.082800e+00
4.087690e+00
4.092580e+00
4.097470e+00
4.102360e+00
4.107250e+00
4.112140e+00
4.117030e+00
4.121920e+00
4.126810e+00
4.131700e+00
4.136590e+00
4.141480e+00
4.146370e+00
4.151260e+00
4.156150e+00
4.161040e+00
4.165930e+00
4.170820e+00
4.175710e+00
4.180600e+00
4.185490e+00
4.190380e+00
4.195270e+00
4.200160e+00
4.205050e+00
4.209940e+00
4.214830e+00
4.219720e+00
4.224610e+00
4.229500e+00
4.234390e+00
4.239280e+00
4.244170e+00
4.249060e+00
4.253950e+00
4.258840e+00
4.263730e+00
4.268620e+00
4.273510e+00
4.278400e+00
4.283290e+00
4.288180e+00
4.293070e+00
4.297960e+00
4.302850e+00
4.307740e+00
4.312630e+00
4.317520e+00
4.322410e+00
4.327300e+00
4.332190e+00
4.337080e+00
4.341970e+00
4.346860e+00
4.351750e+00
4.356640e+00
4.361530e+00
4.366420e+00
4.371310e+00
4.376200e+00
4.381090e+00
4.385980e+00
4.390870e+00
4.395760e+00
4.400650e+00
4.405540e+00
4.410430e+00
4.415320e+00
4.420210e+00
4.425100e+00
4.429990e+00
4.434880e+00
4.439770e+00
4.444660e+00
4.449550e+00
4.454440e+00
4.459330e+00
4.464220e+00
4.469110e+00
4.474000e+00
4.478184e+00
4.482368e+00
4.486552e+00
4.490736e+00
4.494920e+00
4.499105e+00
4.503289e+00
4.507473e+00
4.511657e+00
4.515841e+00
4.520025e+00
4.524209e+00
4.528393e+00
4.532577e+00
4.536761e+00
4.540945e+00
4.545129e+00
4.549313e+00
4.553498e+00
4.557682e+00
4.561866e+00
4.566050e+00
4.570234e+00
4.574418e+00
4.578602e+00
4.582786e+00
4.586970e+00
4.591154e+00
4.595338e+00
4.599522e+00
4.603706e+00
4.607891e+00
4.612075e+00
4.616259e+00
4.620443e+00
4.624627e+00
4.628811e+00
4.632995e+00
4.637179e+00
4.641363e+00
4.645547e+00
4.649731e+00
4.653915e+00
4.658100e+00
4.662284e+00
4.666468e+00
4.670652e+00
4.674836e+00
4.679020e+00
4.683204e+00
4.687388e+00
4.691572e+00
4.695756e+00
4.699940e+00
4.704124e+00
4.708308e+00
4.712493e+00
4.716677e+00
4.720861e+00
4.725045e+00
4.729229e+00
4.733413e+00
4.737597e+00
4.741781e+00
4.745965e+00
4.750149e+00
4.754333e+00
4.758517e+00
4.762701e+00
4.766886e+00
4.771070e+00
4.775254e+00
4.779438e+00
4.783622e+00
4.787806e+00
4.791990e+00
4.796174e+00
4.800358e+00
4.804542e+00
4.808726e+00
4.812910e+00
4.817095e+00
4.821279e+00
4.825463e+00
4.829647e+00
4.833831e+00
4.838015e+00
4.842199e+00
4.846383e+00
4.850567e+00
4.854751e+00
4.858935e+00
4.863119e+00
4.867304e+00
4.871488e+00
4.875672e+00
4.879856e+00
4.884040e+00
4.888224e+00
4.892408e+00
4.896592e+00
4.900776e+00
4.904960e+00
4.909144e+00
4.913328e+00
4.917512e+00
4.921697e+00
4.925881e+00
4.930065e+00
4.934249e+00
4.938433e+00
4.942617e+00
4.946801e+00
4.950985e+00
4.955169e+00
4.959353e+00
4.963537e+00
4.967721e+00
4.971905e+00
4.976090e+00
4.980274e+00
4.984458e+00
4.988642e+00
4.992826e+00
4.997010e+00
5.001194e+00
5.005378e+00
5.009562e+00
5.013746e+00
5.017930e+00
5.022114e+00
5.026299e+00
5.030482e+00
5.034667e+00
5.038851e+00
5.043035e+00
5.047219e+00
5.051403e+00
5.055587e+00
5.059771e+00
5.063955e+00
5.068139e+00
5.072324e+00
5.076507e+00
5.080692e+00
5.084875e+00
5.089060e+00
5.093244e+00
5.097428e+00
5.101612e+00
5.105796e+00
5.109980e+00
5.114164e+00
5.118349e+00
5.122532e+00
5.126717e+00
5.130900e+00
5.135085e+00
5.139269e+00
5.143453e+00
5.147637e+00
5.151821e+00
5.156005e+00
5.160189e+00
5.164373e+00
5.168557e+00
5.172742e+00
5.176925e+00
5.181110e+00
5.185293e+00
5.189478e+00
5.193661e+00
5.197846e+00
5.202030e+00
5.206214e+00
5.210398e+00
5.214582e+00
5.218767e+00
5.222950e+00
5.227135e+00
5.231318e+00
5.235503e+00
5.239686e+00
5.243871e+00
5.248055e+00
5.252239e+00
5.256423e+00
5.260607e+00
5.264791e+00
5.268975e+00
5.273160e+00
5.277343e+00
5.281528e+00
5.285711e+00
5.289896e+00
5.294079e+00
5.298264e+00
5.302448e+00
5.306632e+00
5.310816e+00
5.315000e+00
5.319715e+00
5.324431e+00
5.329146e+00
5.333861e+00
5.338576e+00
5.343291e+00
5.348006e+00
5.352722e+00
5.357437e+00
5.362152e+00
5.366868e+00
5.371583e+00
5.376298e+00
5.381013e+00
5.385728e+00
5.390443e+00
5.395159e+00
5.399874e+00
5.404589e+00
5.409305e+00
5.414020e+00
5.418735e+00
5.423451e+00
5.428166e+00
5.432881e+00
5.437596e+00
5.442311e+00
5.447026e+00
5.451742e+00
5.456457e+00
5.461172e+00
5.465888e+00
5.470603e+00
5.475318e+00
5.480033e+00
5.484748e+00
5.489463e+00
5.494179e+00
5.498894e+00
5.503609e+00
5.508325e+00
5.513040e+00
5.517755e+00
5.522470e+00
5.527185e+00
5.531900e+00
5.536616e+00
5.541331e+00
5.546046e+00
5.550762e+00
5.555477e+00
5.560192e+00
5.564908e+00
5.569623e+00
5.574338e+00
5.579053e+00
5.583768e+00
5.588483e+00
5.593199e+00
5.597914e+00
5.602629e+00
5.607345e+00
5.612060e+00
5.616775e+00
5.621490e+00
5.626205e+00
5.630920e+00
5.635636e+00
5.640351e+00
5.645066e+00
5.649782e+00
5.654497e+00
5.659212e+00
5.663927e+00
5.668642e+00
5.673357e+00
5.678072e+00
5.682788e+00
5.687503e+00
5.692218e+00
5.696934e+00
5.701649e+00
5.706364e+00
5.711080e+00
5.715795e+00
5.720510e+00
5.725225e+00
5.729940e+00
5.734655e+00
5.739371e+00
5.744086e+00
5.748801e+00
5.753517e+00
5.758232e+00
5.762947e+00
5.767662e+00
5.772377e+00
5.777092e+00
5.781808e+00
5.786523e+00
5.791238e+00
5.795954e+00
5.800669e+00
5.805384e+00
5.810099e+00
5.814814e+00
5.819529e+00
5.824245e+00
5.828960e+00
5.833675e+00
5.838391e+00
5.843106e+00
5.847821e+00
5.852537e+00
5.857252e+00
5.861967e+00
5.866682e+00
5.871397e+00
5.876112e+00
5.880828e+00
5.885543e+00
5.890258e+00
5.894974e+00
5.899689e+00
5.904404e+00
5.909119e+00
5.913834e+00
5.918549e+00
5.923265e+00
5.927980e+00
5.932695e+00
5.937411e+00
5.942126e+00
5.946841e+00
5.951556e+00
5.956272e+00
5.960986e+00
5.965702e+00
5.970417e+00
5.975132e+00
5.979848e+00
5.984563e+00
5.989278e+00
5.993994e+00
5.998709e+00
6.003424e+00
6.008139e+00
6.012854e+00
6.017569e+00
6.022285e+00
6.027000e+00
6.031715e+00
6.036431e+00
6.041146e+00
6.045861e+00
6.050576e+00
6.055291e+00
6.060006e+00
6.064722e+00
6.069437e+00
6.074152e+00
6.078868e+00
6.083583e+00
6.088298e+00
6.093013e+00
6.097728e+00
6.102443e+00
6.107159e+00
6.111874e+00
6.116589e+00
6.121305e+00
6.126020e+00
6.130735e+00
6.135451e+00
6.140166e+00
6.144881e+00
6.149596e+00
6.154311e+00
6.159026e+00
6.163742e+00
6.168457e+00
6.173172e+00
6.177888e+00
6.182603e+00
6.187318e+00
6.192033e+00
6.196748e+00
6.201463e+00
6.206179e+00
6.210894e+00
6.215609e+00
6.220325e+00
6.225040e+00
6.229755e+00
6.234471e+00
6.239185e+00
6.243900e+00
6.248616e+00
6.253331e+00
6.258046e+00
6.262762e+00
6.267477e+00
6.272192e+00
6.276908e+00
6.281623e+00
6.286338e+00
6.291053e+00
6.295768e+00
6.300483e+00
6.305199e+00
6.309914e+00
6.314629e+00
6.319345e+00
6.324060e+00
6.328775e+00
6.333490e+00
6.338205e+00
6.342920e+00
6.347636e+00
6.352351e+00
6.357066e+00
6.361782e+00
6.366497e+00
6.371212e+00
6.375927e+00
6.380642e+00
6.385358e+00
6.390072e+00
6.394788e+00
6.399503e+00
6.404218e+00
6.408934e+00
6.413649e+00
6.418364e+00
6.423080e+00
6.427795e+00
6.432510e+00
6.437225e+00
6.441940e+00
6.446655e+00
6.451371e+00
6.456086e+00
6.460801e+00
6.465517e+00
6.470232e+00
6.474947e+00
6.479662e+00
6.484377e+00
6.489092e+00
6.493808e+00
6.498523e+00
6.503238e+00
6.507954e+00
6.512669e+00
6.517384e+00
6.522100e+00
6.526814e+00
6.531529e+00
6.536245e+00
6.540960e+00
6.545675e+00
6.550391e+00
6.555106e+00
6.559821e+00
6.564537e+00
6.569252e+00
6.573967e+00
6.578682e+00
6.583397e+00
6.588112e+00
6.592828e+00
6.597543e+00
6.602258e+00
6.606974e+00
6.611689e+00
6.616404e+00
6.621119e+00
6.625834e+00
6.630549e+00
6.635265e+00
6.639980e+00
6.644695e+00
6.649411e+00
6.654126e+00
6.658841e+00
6.663557e+00
6.668271e+00
6.672987e+00
6.677702e+00
6.682417e+00
6.687132e+00
6.691848e+00
6.696563e+00
6.701278e+00
6.705994e+00
6.710709e+00
6.715424e+00
6.720139e+00
6.724854e+00
6.729569e+00
6.734285e+00
6.739000e+00
6.744159e+00
6.749318e+00
6.754478e+00
6.759637e+00
6.764796e+00
6.769955e+00
6.775114e+00
6.780274e+00
6.785433e+00
6.790592e+00
6.795751e+00
6.800910e+00
6.806070e+00
6.811229e+00
6.816388e+00
6.821547e+00
6.826707e+00
6.831865e+00
6.837025e+00
6.842184e+00
6.847343e+00
6.852503e+00
6.857661e+00
6.862821e+00
6.867980e+00
6.873139e+00
6.878299e+00
6.883458e+00
6.888617e+00
6.893776e+00
6.898935e+00
6.904094e+00
6.909254e+00
6.914413e+00
6.919572e+00
6.924732e+00
6.929890e+00
6.935050e+00
6.940209e+00
6.945368e+00
6.950528e+00
6.955686e+00
6.960846e+00
6.966005e+00
6.971164e+00
6.976324e+00
6.981483e+00
6.986642e+00
6.991801e+00
6.996960e+00
7.002119e+00
7.007279e+00
7.012438e+00
7.017597e+00
7.022756e+00
7.027915e+00
7.033075e+00
7.038233e+00
7.043393e+00
7.048552e+00
7.053711e+00
7.058871e+00
7.064030e+00
7.069189e+00
7.074349e+00
7.079507e+00
7.084667e+00
7.089826e+00
7.094985e+00
7.100144e+00
7.105303e+00
7.110463e+00
7.115622e+00
7.120781e+00
7.125940e+00
7.131100e+00
7.136258e+00
7.141418e+00
7.146577e+00
7.151736e+00
7.156896e+00
7.162054e+00
7.167214e+00
7.172373e+00
7.177532e+00
7.182692e+00
7.187851e+00
7.193010e+00
7.198169e+00
7.203328e+00
7.208488e+00
7.213647e+00
7.218806e+00
7.223965e+00
7.229125e+00
7.234283e+00
7.239443e+00
7.244602e+00
7.249761e+00
7.254921e+00
7.260079e+00
7.265239e+00
7.270398e+00
7.275557e+00
7.280717e+00
7.285875e+00
7.291035e+00
7.296194e+00
7.301353e+00
7.306512e+00
7.311672e+00
7.316831e+00
7.321990e+00
7.327149e+00
7.332308e+00
7.337468e+00
7.342627e+00
7.347786e+00
7.352945e+00
7.358104e+00
7.363264e+00
7.368423e+00
7.373582e+00
7.378742e+00
7.383900e+00
7.389060e+00
7.394219e+00
7.399378e+00
7.404537e+00
7.409696e+00
7.414856e+00
7.420015e+00
7.425174e+00
7.430333e+00
7.435493e+00
7.440651e+00
7.445811e+00
7.450970e+00
7.456129e+00
7.461289e+00
7.466448e+00
7.471607e+00
7.476767e+00
7.481925e+00
7.487085e+00
7.492244e+00
7.497403e+00
7.502562e+00
7.507721e+00
7.512881e+00
7.518040e+00
7.523199e+00
7.528358e+00
7.533518e+00
7.538676e+00
7.543836e+00
7.548995e+00
7.554154e+00
7.559314e+00
7.564472e+00
7.569632e+00
7.574791e+00
7.579950e+00
7.585110e+00
7.590268e+00
7.595428e+00
7.600587e+00
7.605746e+00
7.610906e+00
7.616065e+00
7.621224e+00
7.626383e+00
7.631542e+00
7.636701e+00
7.641861e+00
7.647020e+00
7.652179e+00
7.657338e+00
7.662497e+00
7.667657e+00
7.672816e+00
7.677975e+00
7.683135e+00
7.688293e+00
7.693453e+00
7.698612e+00
7.703771e+00
7.708930e+00
7.714089e+00
7.719249e+00
7.724408e+00
7.729567e+00
7.734726e+00
7.739886e+00
7.745045e+00
7.750204e+00
7.755363e+00
7.760522e+00
7.765682e+00
7.770841e+00
7.776000e+00
7.781264e+00
7.786528e+00
7.791791e+00
7.797054e+00
7.802318e+00
7.807582e+00
7.812846e+00
7.818110e+00
7.823373e+00
7.828637e+00
7.833900e+00
7.839164e+00
7.844428e+00
7.849692e+00
7.854955e+00
7.860219e+00
7.865483e+00
7.870746e+00
7.876010e+00
7.881274e+00
7.886537e+00
7.891801e+00
7.897065e+00
7.902328e+00
7.907592e+00
7.912856e+00
7.918119e+00
7.923383e+00
7.928647e+00
7.933910e+00
7.939174e+00
7.944438e+00
7.949701e+00
7.954965e+00
7.960229e+00
7.965493e+00
7.970756e+00
7.976020e+00
7.981283e+00
7.986547e+00
7.991811e+00
7.997075e+00
8.002339e+00
8.007602e+00
8.012865e+00
8.018129e+00
8.023393e+00
8.028657e+00
8.033921e+00
8.039184e+00
8.044448e+00
8.049711e+00
8.054975e+00
8.060239e+00
8.065503e+00
8.070767e+00
8.076030e+00
8.081293e+00
8.086557e+00
8.091821e+00
8.097085e+00
8.102349e+00
8.107612e+00
8.112875e+00
8.118139e+00
8.123403e+00
8.128667e+00
8.133930e+00
8.139194e+00
8.144458e+00
8.149721e+00
8.154985e+00
8.160249e+00
8.165512e+00
8.170776e+00
8.176040e+00
8.181304e+00
8.186567e+00
8.191831e+00
8.197094e+00
8.202358e+00
8.207622e+00
8.212886e+00
8.218149e+00
8.223413e+00
8.228676e+00
8.233940e+00
8.239204e+00
8.244468e+00
8.249732e+00
8.254995e+00
8.260258e+00
8.265522e+00
8.270786e+00
8.276050e+00
8.281314e+00
8.286577e+00
8.291840e+00
8.297104e+00
8.302368e+00
8.307632e+00
8.312896e+00
8.318160e+00
8.323423e+00
8.328686e+00
8.333950e+00
8.339214e+00
8.344478e+00
8.349742e+00
8.355005e+00
8.360269e+00
8.365532e+00
8.370796e+00
8.376060e+00
8.381324e+00
8.386587e+00
8.391851e+00
8.397114e+00
8.402378e+00
8.407642e+00
8.412906e+00
8.418169e+00
8.423433e+00
8.428697e+00
8.433960e+00
8.439224e+00
8.444488e+00
8.449751e+00
8.455015e+00
8.460279e+00
8.465542e+00
8.470806e+00
8.476070e+00
8.481333e+00
8.486597e+00
8.491861e+00
8.497124e+00
8.502388e+00
8.507651e+00
8.512915e+00
8.518179e+00
8.523443e+00
8.528707e+00
8.533970e+00
8.539233e+00
8.544497e+00
8.549761e+00
8.555025e+00
8.560289e+00
8.565552e+00
8.570816e+00
8.576079e+00
8.581343e+00
8.586607e+00
8.591871e+00
8.597135e+00
8.602398e+00
8.607662e+00
8.612925e+00
8.618189e+00
8.623453e+00
8.628717e+00
8.633980e+00
8.639244e+00
8.644507e+00
8.649771e+00
8.655035e+00
8.660299e+00
8.665562e+00
8.670826e+00
8.676089e+00
8.681353e+00
8.686617e+00
8.691881e+00
8.697144e+00
8.702408e+00
8.707672e+00
8.712935e+00
8.718199e+00
8.723463e+00
8.728726e+00
8.733990e+00
8.739254e+00
8.744517e+00
8.749781e+00
8.755045e+00
8.760308e+00
8.765572e+00
8.770836e+00
8.776100e+00
8.781363e+00
8.786627e+00
8.791890e+00
8.797154e+00
8.802418e+00
8.807682e+00
8.812945e+00
8.818209e+00
8.823472e+00
8.828736e+00
8.834000e+00
8.839572e+00
8.845146e+00
8.850718e+00
8.856291e+00
8.861864e+00
8.867437e+00
8.873010e+00
8.878583e+00
8.884155e+00
8.889729e+00
8.895301e+00
8.900874e+00
8.906447e+00
8.912020e+00
8.917592e+00
8.923166e+00
8.928738e+00
8.934311e+00
8.939884e+00
8.945457e+00
8.951029e+00
8.956603e+00
8.962175e+00
8.967748e+00
8.973321e+00
8.978894e+00
8.984467e+00
8.990040e+00
8.995612e+00
9.001186e+00
9.006758e+00
9.012331e+00
9.017904e+00
9.023477e+00
9.029049e+00
9.034623e+00
9.040195e+00
9.045768e+00
9.051341e+00
9.056914e+00
9.062487e+00
9.068060e+00
9.073632e+00
9.079205e+00
9.084778e+00
9.090351e+00
9.095924e+00
9.101497e+00
9.107069e+00
9.112642e+00
9.118215e+00
9.123788e+00
9.129361e+00
9.134934e+00
9.140506e+00
9.146080e+00
9.151652e+00
9.157225e+00
9.162798e+00
9.168371e+00
9.173944e+00
9.179517e+00
9.185089e+00
9.190662e+00
9.196235e+00
9.201808e+00
9.207381e+00
9.212954e+00
9.218526e+00
9.224099e+00
9.229672e+00
9.235245e+00
9.240818e+00
9.246391e+00
9.251963e+00
9.257537e+00
9.263109e+00
9.268682e+00
9.274255e+00
9.279828e+00
9.285400e+00
9.290974e+00
9.296546e+00
9.302119e+00
9.307692e+00
9.313265e+00
9.318838e+00
9.324411e+00
9.329983e+00
9.335556e+00
9.341129e+00
9.346702e+00
9.352275e+00
9.357848e+00
9.363420e+00
9.368994e+00
9.374566e+00
9.380139e+00
9.385712e+00
9.391285e+00
9.396857e+00
9.402431e+00
9.408003e+00
9.413576e+00
9.419149e+00
9.424722e+00
9.430295e+00
9.435868e+00
9.441440e+00
9.447013e+00
9.452586e+00
9.458159e+00
9.463732e+00
9.469305e+00
9.474877e+00
9.480451e+00
9.486023e+00
9.491596e+00
9.497169e+00
9.502742e+00
9.508314e+00
9.513888e+00
9.519460e+00
9.525033e+00
9.530606e+00
9.536179e+00
9.541752e+00
9.547325e+00
9.552897e+00
9.558471e+00
9.564043e+00
9.569616e+00
9.575189e+00
9.580762e+00
9.586334e+00
9.591908e+00
9.597480e+00
9.603053e+00
9.608626e+00
9.614199e+00
9.619772e+00
9.625345e+00
9.630917e+00
9.636490e+00
9.642063e+00
9.647636e+00
9.653209e+00
9.658782e+00
9.664354e+00
9.669928e+00
9.675500e+00
9.681073e+00
9.686646e+00
9.692218e+00
9.697791e+00
9.703364e+00
9.708937e+00
9.714510e+00
9.720083e+00
9.725655e+00
9.731229e+00
9.736801e+00
9.742374e+00
9.747947e+00
9.753520e+00
9.759092e+00
9.764666e+00
9.770238e+00
9.775811e+00
9.781384e+00
9.786957e+00
9.792530e+00
9.798103e+00
9.803675e+00
9.809248e+00
9.814821e+00
9.820394e+00
9.825967e+00
9.831540e+00
9.837112e+00
9.842685e+00
9.848258e+00
9.853831e+00
9.859404e+00
9.864977e+00
9.870549e+00
9.876123e+00
9.881695e+00
9.887268e+00
9.892841e+00
9.898414e+00
9.903987e+00
9.909560e+00
9.915132e+00
9.920705e+00
9.926278e+00
9.931851e+00
9.937424e+00
9.942997e+00
9.948569e+00
9.954142e+00
9.959715e+00
9.965288e+00
9.970861e+00
9.976434e+00
9.982006e+00
9.987580e+00
9.993152e+00
9.998725e+00
1.000430e+01
1.000987e+01
1.001544e+01
1.002102e+01
1.002659e+01
1.003216e+01
1.003773e+01
1.004331e+01
1.004888e+01
1.005445e+01
1.006003e+01
1.006560e+01
1.007117e+01
1.007675e+01
1.008232e+01
1.008789e+01
1.009346e+01
1.009904e+01
1.010461e+01
1.011018e+01
1.011575e+01
1.012133e+01
1.012690e+01
1.013247e+01
1.013805e+01
1.014362e+01
1.014919e+01
1.015477e+01
1.016034e+01
1.016591e+01
1.017148e+01
1.017706e+01
1.018263e+01
1.018820e+01
1.019377e+01
1.019935e+01
1.020492e+01
1.021049e+01
1.021607e+01
1.022164e+01
1.022721e+01
1.023278e+01
1.023836e+01
1.024393e+01
1.024950e+01
1.025508e+01
1.026065e+01
1.026622e+01
1.027179e+01
1.027737e+01
1.028294e+01
1.028851e+01
1.029409e+01
1.029966e+01
1.030523e+01
1.031080e+01
1.031638e+01
1.032195e+01
1.032752e+01
1.033310e+01
1.033867e+01
1.034424e+01
1.034981e+01
1.035539e+01
1.036096e+01
1.036653e+01
1.037211e+01
1.037768e+01
1.038325e+01
1.038882e+01
1.039440e+01
1.039997e+01
1.040554e+01
1.041112e+01
1.041669e+01
1.042226e+01
1.042783e+01
1.043341e+01
1.043898e+01
1.044455e+01
1.045013e+01
1.045570e+01
1.046127e+01
1.046684e+01
1.047242e+01
1.047799e+01
1.048356e+01
1.048914e+01
1.049471e+01
1.050028e+01
1.050585e+01
1.051143e+01
1.051700e+01
1.052279e+01
1.052858e+01
1.053437e+01
1.054016e+01
1.054594e+01
1.055173e+01
1.055752e+01
1.056331e+01
1.056910e+01
1.057489e+01
1.058068e+01
1.058647e+01
1.059226e+01
1.059804e+01
1.060383e+01
1.060962e+01
1.061541e+01
1.062120e+01
1.062699e+01
1.063278e+01
1.063857e+01
1.064435e+01
1.065014e+01
1.065593e+01
1.066172e+01
1.066751e+01
1.067330e+01
1.067909e+01
1.068488e+01
1.069067e+01
1.069645e+01
1.070224e+01
1.070803e+01
1.071382e+01
1.071961e+01
1.072540e+01
1.073119e+01
1.073698e+01
1.074276e+01
1.074855e+01
1.075434e+01
1.076013e+01
1.076592e+01
1.077171e+01
1.077750e+01
1.078329e+01
1.078908e+01
1.079486e+01
1.080065e+01
1.080644e+01
1.081223e+01
1.081802e+01
1.082381e+01
1.082960e+01
1.083539e+01
1.084118e+01
1.084696e+01
1.085275e+01
1.085854e+01
1.086433e+01
1.087012e+01
1.087591e+01
1.088170e+01
1.088749e+01
1.089327e+01
1.089906e+01
1.090485e+01
1.091064e+01
1.091643e+01
1.092222e+01
1.092801e+01
1.093380e+01
1.093959e+01
1.094537e+01
1.095116e+01
1.095695e+01
1.096274e+01
1.096853e+01
1.097432e+01
1.098011e+01
1.098590e+01
1.099169e+01
1.099747e+01
1.100326e+01
1.100905e+01
1.101484e+01
1.102063e+01
1.102642e+01
1.103221e+01
1.103800e+01
1.104378e+01
1.104957e+01
1.105536e+01
1.106115e+01
1.106694e+01
1.107273e+01
1.107852e+01
1.108431e+01
1.109010e+01
1.109588e+01
1.110167e+01
1.110746e+01
1.111325e+01
1.111904e+01
1.112483e+01
1.113062e+01
1.113641e+01
1.114220e+01
1.114798e+01
1.115377e+01
1.115956e+01
1.116535e+01
1.117114e+01
1.117693e+01
1.118272e+01
1.118851e+01
1.119429e+01
1.120008e+01
1.120587e+01
1.121166e+01
1.121745e+01
1.122324e+01
1.122903e+01
1.123482e+01
1.124061e+01
1.124639e+01
1.125218e+01
1.125797e+01
1.126376e+01
1.126955e+01
1.127534e+01
1.128113e+01
1.128692e+01
1.129271e+01
1.129849e+01
1.130428e+01
1.131007e+01
1.131586e+01
1.132165e+01
1.132744e+01
1.133323e+01
1.133902e+01
1.134480e+01
1.135059e+01
1.135638e+01
1.136217e+01
1.136796e+01
1.137375e+01
1.137954e+01
1.138533e+01
1.139112e+01
1.139690e+01
1.140269e+01
1.140848e+01
1.141427e+01
1.142006e+01
1.142585e+01
1.143164e+01
1.143743e+01
1.144322e+01
1.144900e+01
1.145479e+01
1.146058e+01
1.146637e+01
1.147216e+01
1.147795e+01
1.148374e+01
1.148953e+01
1.149531e+01
1.150110e+01
1.150689e+01
1.151268e+01
1.151847e+01
1.152426e+01
1.153005e+01
1.153584e+01
1.154163e+01
1.154741e+01
1.155320e+01
1.155899e+01
1.156478e+01
1.157057e+01
1.157636e+01
1.158215e+01
1.158794e+01
1.159373e+01
1.159951e+01
1.160530e+01
1.161109e+01
1.161688e+01
1.162267e+01
1.162846e+01
1.163425e+01
1.164004e+01
1.164582e+01
1.165161e+01
1.165740e+01
1.166319e+01
1.166898e+01
1.167477e+01
1.168056e+01
1.168635e+01
1.169214e+01
1.169792e+01
1.170371e+01
1.170950e+01
1.171529e+01
1.172108e+01
1.172687e+01
1.173266e+01
1.173845e+01
1.174424e+01
1.175002e+01
1.175581e+01
1.176160e+01
1.176739e+01
1.177318e+01
1.177897e+01
1.178476e+01
1.179055e+01
1.179633e+01
1.180212e+01
1.180791e+01
1.181370e+01
1.181949e+01
1.182528e+01
1.183107e+01
1.183686e+01
1.184265e+01
1.184843e+01
1.185422e+01
1.186001e+01
1.186580e+01
1.187159e+01
1.187738e+01
1.188317e+01
1.188896e+01
1.189474e+01
1.190053e+01
1.190632e+01
1.191211e+01
1.191790e+01
1.192369e+01
1.192948e+01
1.193527e+01
1.194106e+01
1.194684e+01
1.195263e+01
1.195842e+01
1.196421e+01
1.197000e+01
1.197579e+01
1.198158e+01
1.198737e+01
1.199316e+01
1.199894e+01
1.200473e+01
1.201052e+01
1.201631e+01
1.202210e+01
1.202789e+01
1.203368e+01
1.203947e+01
1.204526e+01
1.205104e+01
1.205683e+01
1.206262e+01
1.206841e+01
1.207420e+01
1.207999e+01
1.208578e+01
1.209157e+01
1.209735e+01
1.210314e+01
1.210893e+01
1.211472e+01
1.212051e+01
1.212630e+01
1.213209e+01
1.213788e+01
1.214367e+01
1.214945e+01
1.215524e+01
1.216103e+01
1.216682e+01
1.217261e+01
1.217840e+01
1.218419e+01
1.218998e+01
1.219576e+01
1.220155e+01
1.220734e+01
1.221313e+01
1.221892e+01
1.222471e+01
1.223050e+01
1.223629e+01
1.224208e+01
1.224786e+01
1.225365e+01
1.225944e+01
1.226523e+01
1.227102e+01
1.227681e+01
1.228260e+01
1.228839e+01
1.229418e+01
1.229996e+01
1.230575e+01
1.231154e+01
1.231733e+01
1.232312e+01
1.232891e+01
1.233470e+01
1.234049e+01
1.234627e+01
1.235206e+01
1.235785e+01
1.236364e+01
1.236943e+01
1.237522e+01
1.238101e+01
1.238680e+01
1.239259e+01
1.239837e+01
1.240416e+01
1.240995e+01
1.241574e+01
1.242153e+01
1.242732e+01
1.243311e+01
1.243890e+01
1.244469e+01
1.245047e+01
1.245626e+01
1.246205e+01
1.246784e+01
1.247363e+01
1.247942e+01
1.248521e+01
1.249100e+01
1.249678e+01
1.250257e+01
1.250836e+01
1.251415e+01
1.251994e+01
1.252573e+01
1.253152e+01
1.253731e+01
1.254310e+01
1.254888e+01
1.255467e+01
1.256046e+01
1.256625e+01
1.257204e+01
1.257783e+01
1.258362e+01
1.258941e+01
1.259520e+01
1.260098e+01
1.260677e+01
1.261256e+01
1.261835e+01
1.262414e+01
1.262993e+01
1.263572e+01
1.264151e+01
1.264729e+01
1.265308e+01
1.265887e+01
1.266466e+01
1.267045e+01
1.267624e+01
1.268203e+01
1.268782e+01
1.269361e+01
1.269939e+01
1.270518e+01
1.271097e+01
1.271676e+01
1.272255e+01
1.272834e+01
1.273413e+01
1.273992e+01
1.274571e+01
1.275149e+01
1.275728e+01
1.276307e+01
1.276886e+01
1.277465e+01
1.278044e+01
1.278623e+01
1.279202e+01
1.279780e+01
1.280359e+01
1.280938e+01
1.281517e+01
1.282096e+01
1.282675e+01
1.283254e+01
1.283833e+01
1.284412e+01
1.284990e+01
1.285569e+01
1.286148e+01
1.286727e+01
1.287306e+01
1.287885e+01
1.288464e+01
1.289043e+01
1.289621e+01
1.290200e+01
1.290779e+01
1.291358e+01
1.291937e+01
1.292516e+01
1.293095e+01
1.293674e+01
1.294253e+01
1.294831e+01
1.295410e+01
1.295989e+01
1.296568e+01
1.297147e+01
1.297726e+01
1.298305e+01
1.298884e+01
1.299463e+01
1.300041e+01
1.300620e+01
1.301199e+01
1.301778e+01
1.302357e+01
1.302936e+01
1.303515e+01
1.304094e+01
1.304673e+01
1.305251e+01
1.305830e+01
1.306409e+01
1.306988e+01
1.307567e+01
1.308146e+01
1.308725e+01
1.309304e+01
1.309882e+01
1.310461e+01
1.311040e+01
1.311619e+01
1.312198e+01
1.312777e+01
1.313356e+01
1.313935e+01
1.314514e+01
1.315092e+01
1.315671e+01
1.316250e+01
1.316829e+01
1.317408e+01
1.317987e+01
1.318566e+01
1.319145e+01
1.319724e+01
1.320302e+01
1.320881e+01
1.321460e+01
1.322039e+01
1.322618e+01
1.323197e+01
1.323776e+01
1.324355e+01
1.324933e+01
1.325512e+01
1.326091e+01
1.326670e+01
1.327249e+01
1.327828e+01
1.328407e+01
1.328986e+01
1.329565e+01
1.330143e+01
1.330722e+01
1.331301e+01
1.331880e+01
1.332459e+01
1.333038e+01
1.333617e+01
1.334196e+01
1.334774e+01
1.335353e+01
1.335932e+01
1.336511e+01
1.337090e+01
1.337669e+01
1.338248e+01
1.338827e+01
1.339406e+01
1.339984e+01
1.340563e+01
1.341142e+01
1.341721e+01
1.342300e+01
1.342937e+01
1.343574e+01
1.344210e+01
1.344847e+01
1.345484e+01
1.346121e+01
1.346757e+01
1.347394e+01
1.348031e+01
1.348668e+01
1.349305e+01
1.349941e+01
1.350578e+01
1.351215e+01
1.351852e+01
1.352488e+01
1.353125e+01
1.353762e+01
1.354399e+01
1.355036e+01
1.355672e+01
1.356309e+01
1.356946e+01
1.357583e+01
1.358219e+01
1.358856e+01
1.359493e+01
1.360130e+01
1.360767e+01
1.361403e+01
1.362040e+01
1.362677e+01
1.363314e+01
1.363951e+01
1.364587e+01
1.365224e+01
1.365861e+01
1.366498e+01
1.367134e+01
1.367771e+01
1.368408e+01
1.369045e+01
1.369682e+01
1.370318e+01
1.370955e+01
1.371592e+01
1.372229e+01
1.372865e+01
1.373502e+01
1.374139e+01
1.374776e+01
1.375413e+01
1.376049e+01
1.376686e+01
1.377323e+01
1.377960e+01
1.378596e+01
1.379233e+01
1.379870e+01
1.380507e+01
1.381144e+01
1.381780e+01
1.382417e+01
1.383054e+01
1.383691e+01
1.384327e+01
1.384964e+01
1.385601e+01
1.386238e+01
1.386875e+01
1.387511e+01
1.388148e+01
1.388785e+01
1.389422e+01
1.390058e+01
1.390695e+01
1.391332e+01
1.391969e+01
1.392606e+01
1.393242e+01
1.393879e+01
1.394516e+01
1.395153e+01
1.395789e+01
1.396426e+01
1.397063e+01
1.397700e+01
1.398337e+01
1.398973e+01
1.399610e+01
1.400247e+01
1.400884e+01
1.401520e+01
1.402157e+01
1.402794e+01
1.403431e+01
1.404068e+01
1.404704e+01
1.405341e+01
1.405978e+01
1.406615e+01
1.407252e+01
1.407888e+01
1.408525e+01
1.409162e+01
1.409799e+01
1.410435e+01
1.411072e+01
1.411709e+01
1.412346e+01
1.412983e+01
1.413619e+01
1.414256e+01
1.414893e+01
1.415530e+01
1.416166e+01
1.416803e+01
1.417440e+01
1.418077e+01
1.418714e+01
1.419350e+01
1.419987e+01
1.420624e+01
1.421261e+01
1.421897e+01
1.422534e+01
1.423171e+01
1.423808e+01
1.424445e+01
1.425081e+01
1.425718e+01
1.426355e+01
1.426992e+01
1.427628e+01
1.428265e+01
1.428902e+01
1.429539e+01
1.430176e+01
1.430812e+01
1.431449e+01
1.432086e+01
1.432723e+01
1.433359e+01
1.433996e+01
1.434633e+01
1.435270e+01
1.435907e+01
1.436543e+01
1.437180e+01
1.437817e+01
1.438454e+01
1.439090e+01
1.439727e+01
1.440364e+01
1.441001e+01
1.441638e+01
1.442274e+01
1.442911e+01
1.443548e+01
1.444185e+01
1.444821e+01
1.445458e+01
1.446095e+01
1.446732e+01
1.447369e+01
1.448005e+01
1.448642e+01
1.449279e+01
1.449916e+01
1.450553e+01
1.451189e+01
1.451826e+01
1.452463e+01
1.453100e+01
1.453736e+01
1.454373e+01
1.455010e+01
1.455647e+01
1.456284e+01
1.456920e+01
1.457557e+01
1.458194e+01
1.458831e+01
1.459467e+01
1.460104e+01
1.460741e+01
1.461378e+01
1.462015e+01
1.462651e+01
1.463288e+01
1.463925e+01
1.464562e+01
1.465198e+01
1.465835e+01
1.466472e+01
1.467109e+01
1.467746e+01
1.468382e+01
1.469019e+01
1.469656e+01
1.470293e+01
1.470929e+01
1.471566e+01
1.472203e+01
1.472840e+01
1.473477e+01
1.474113e+01
1.474750e+01
1.475387e+01
1.476024e+01
1.476660e+01
1.477297e+01
1.477934e+01
1.478571e+01
1.479208e+01
1.479844e+01
1.480481e+01
1.481118e+01
1.481755e+01
1.482391e+01
1.483028e+01
1.483665e+01
1.484302e+01
1.484939e+01
1.485575e+01
1.486212e+01
1.486849e+01
1.487486e+01
1.488123e+01
1.488759e+01
1.489396e+01
1.490033e+01
1.490670e+01
1.491306e+01
1.491943e+01
1.492580e+01
1.493217e+01
1.493853e+01
1.494490e+01
1.495127e+01
1.495764e+01
1.496401e+01
1.497037e+01
1.497674e+01
1.498311e+01
1.498948e+01
1.499585e+01
1.500221e+01
1.500858e+01
1.501495e+01
1.502132e+01
1.502768e+01
1.503405e+01
1.504042e+01
1.504679e+01
1.505316e+01
1.505952e+01
1.506589e+01
1.507226e+01
1.507863e+01
1.508499e+01
1.509136e+01
1.509773e+01
1.510410e+01
1.511046e+01
1.511683e+01
1.512320e+01
1.512957e+01
1.513594e+01
1.514230e+01
1.514867e+01
1.515504e+01
1.516141e+01
1.516777e+01
1.517414e+01
1.518051e+01
1.518688e+01
1.519325e+01
1.519961e+01
1.520598e+01
1.521235e+01
1.521872e+01
1.522509e+01
1.523145e+01
1.523782e+01
1.524419e+01
1.525056e+01
1.525692e+01
1.526329e+01
1.526966e+01
1.527603e+01
1.528240e+01
1.528876e+01
1.529513e+01
1.530150e+01
1.530787e+01
1.531423e+01
1.532060e+01
1.532697e+01
1.533334e+01
1.533971e+01
1.534607e+01
1.535244e+01
1.535881e+01
1.536518e+01
1.537154e+01
1.537791e+01
1.538428e+01
1.539065e+01
1.539702e+01
1.540338e+01
1.540975e+01
1.541612e+01
1.542249e+01
1.542885e+01
1.543522e+01
1.544159e+01
1.544796e+01
1.545433e+01
1.546069e+01
1.546706e+01
1.547343e+01
1.547980e+01
1.548616e+01
1.549253e+01
1.549890e+01
1.550527e+01
1.551164e+01
1.551800e+01
1.552437e+01
1.553074e+01
1.553711e+01
1.554347e+01
1.554984e+01
1.555621e+01
1.556258e+01
1.556895e+01
1.557531e+01
1.558168e+01
1.558805e+01
1.559442e+01
1.560079e+01
1.560715e+01
1.561352e+01
1.561989e+01
1.562626e+01
1.563262e+01
1.563899e+01
1.564536e+01
1.565173e+01
1.565810e+01
1.566446e+01
1.567083e+01
1.567720e+01
1.568357e+01
1.568993e+01
1.569630e+01
1.570267e+01
1.570904e+01
1.571541e+01
1.572177e+01
1.572814e+01
1.573451e+01
1.574088e+01
1.574724e+01
1.575361e+01
1.575998e+01
1.576635e+01
1.577272e+01
1.577908e+01
1.578545e+01
1.579182e+01
1.579819e+01
1.580455e+01
1.581092e+01
1.581729e+01
1.582366e+01
1.583003e+01
1.583639e+01
1.584276e+01
1.584913e+01
1.585550e+01
1.586186e+01
1.586823e+01
1.587460e+01
1.588097e+01
1.588734e+01
1.589370e+01
1.590007e+01
1.590644e+01
1.591281e+01
1.591917e+01
1.592554e+01
1.593191e+01
1.593828e+01
1.594465e+01
1.595101e+01
1.595738e+01
1.596375e+01
1.597012e+01
1.597648e+01
1.598285e+01
1.598922e+01
1.599559e+01
1.600196e+01
1.600832e+01
1.601469e+01
1.602106e+01
1.602743e+01
1.603380e+01
1.604016e+01
1.604653e+01
1.605290e+01
1.605927e+01
1.606563e+01
1.607200e+01
1.607837e+01
1.608474e+01
1.609111e+01
1.609747e+01
1.610384e+01
1.611021e+01
1.611658e+01
1.612294e+01
1.612931e+01
1.613568e+01
1.614205e+01
1.614842e+01
1.615478e+01
1.616115e+01
1.616752e+01
1.617389e+01
1.618025e+01
1.618662e+01
1.619299e+01
1.619936e+01
1.620573e+01
1.621209e+01
1.621846e+01
1.622483e+01
1.623120e+01
1.623756e+01
1.624393e+01
1.625030e+01
1.625667e+01
1.626304e+01
1.626940e+01
1.627577e+01
1.628214e+01
1.628851e+01
1.629487e+01
1.630124e+01
1.630761e+01
1.631398e+01
1.632035e+01
1.632671e+01
1.633308e+01
1.633945e+01
1.634582e+01
1.635218e+01
1.635855e+01
1.636492e+01
1.637129e+01
1.637766e+01
1.638402e+01
1.639039e+01
1.639676e+01
1.640313e+01
1.640949e+01
1.641586e+01
1.642223e+01
1.642860e+01
1.643497e+01
1.644133e+01
1.644770e+01
1.645407e+01
1.646044e+01
1.646681e+01
1.647317e+01
1.647954e+01
1.648591e+01
1.649228e+01
1.649864e+01
1.650501e+01
1.651138e+01
1.651775e+01
1.652412e+01
1.653048e+01
1.653685e+01
1.654322e+01
1.654959e+01
1.655595e+01
1.656232e+01
1.656869e+01
1.657506e+01
1.658143e+01
1.658779e+01
1.659416e+01
1.660053e+01
1.660690e+01
1.661326e+01
1.661963e+01
1.662600e+01
1.663212e+01
1.663823e+01
1.664435e+01
1.665047e+01
1.665659e+01
1.666270e+01
1.666882e+01
1.667494e+01
1.668106e+01
1.668717e+01
1.669329e+01
1.669941e+01
1.670553e+01
1.671164e+01
1.671776e+01
1.672388e+01
1.672999e+01
1.673611e+01
1.674223e+01
1.674835e+01
1.675446e+01
1.676058e+01
1.676670e+01
1.677282e+01
1.677893e+01
1.678505e+01
1.679117e+01
1.679728e+01
1.680340e+01
1.680952e+01
1.681564e+01
1.682175e+01
1.682787e+01
1.683399e+01
1.684011e+01
1.684622e+01
1.685234e+01
1.685846e+01
1.686457e+01
1.687069e+01
1.687681e+01
1.688293e+01
1.688904e+01
1.689516e+01
1.690128e+01
1.690740e+01
1.691351e+01
1.691963e+01
1.692575e+01
1.693186e+01
1.693798e+01
1.694410e+01
1.695022e+01
1.695633e+01
1.696245e+01
1.696857e+01
1.697469e+01
1.698080e+01
1.698692e+01
1.699304e+01
1.699915e+01
1.700527e+01
1.701139e+01
1.701751e+01
1.702362e+01
1.702974e+01
1.703586e+01
1.704198e+01
1.704809e+01
1.705421e+01
1.706033e+01
1.706645e+01
1.707256e+01
1.707868e+01
1.708480e+01
1.709091e+01
1.709703e+01
1.710315e+01
1.710927e+01
1.711538e+01
1.712150e+01
1.712762e+01
1.713374e+01
1.713985e+01
1.714597e+01
1.715209e+01
1.715820e+01
1.716432e+01
1.717044e+01
1.717656e+01
1.718267e+01
1.718879e+01
1.719491e+01
1.720103e+01
1.720714e+01
1.721326e+01
1.721938e+01
1.722549e+01
1.723161e+01
1.723773e+01
1.724385e+01
1.724996e+01
1.725608e+01
1.726220e+01
1.726832e+01
1.727443e+01
1.728055e+01
1.728667e+01
1.729279e+01
1.729890e+01
1.730502e+01
1.731114e+01
1.731725e+01
1.732337e+01
1.732949e+01
1.733561e+01
1.734172e+01
1.734784e+01
1.735396e+01
1.736008e+01
1.736619e+01
1.737231e+01
1.737843e+01
1.738454e+01
1.739066e+01
1.739678e+01
1.740290e+01
1.740901e+01
1.741513e+01
1.742125e+01
1.742737e+01
1.743348e+01
1.743960e+01
1.744572e+01
1.745184e+01
1.745795e+01
1.746407e+01
1.747019e+01
1.747630e+01
1.748242e+01
1.748854e+01
1.749466e+01
1.750077e+01
1.750689e+01
1.751301e+01
1.751913e+01
1.752524e+01
1.753136e+01
1.753748e+01
1.754359e+01
1.754971e+01
1.755583e+01
1.756195e+01
1.756806e+01
1.757418e+01
1.758030e+01
1.758642e+01
1.759253e+01
1.759865e+01
1.760477e+01
1.761088e+01
1.761700e+01
1.762312e+01
1.762924e+01
1.763535e+01
1.764147e+01
1.764759e+01
1.765371e+01
1.765982e+01
1.766594e+01
1.767206e+01
1.767817e+01
1.768429e+01
1.769041e+01
1.769653e+01
1.770264e+01
1.770876e+01
1.771488e+01
1.772100e+01
1.772711e+01
1.773323e+01
1.773935e+01
1.774546e+01
1.775158e+01
1.775770e+01
1.776382e+01
1.776993e+01
1.777605e+01
1.778217e+01
1.778829e+01
1.779440e+01
1.780052e+01
1.780664e+01
1.781276e+01
1.781887e+01
1.782499e+01
1.783111e+01
1.783723e+01
1.784334e+01
1.784946e+01
1.785558e+01
1.786169e+01
1.786781e+01
1.787393e+01
1.788005e+01
1.788616e+01
1.789228e+01
1.789840e+01
1.790452e+01
1.791063e+01
1.791675e+01
1.792287e+01
1.792898e+01
1.793510e+01
1.794122e+01
1.794734e+01
1.795345e+01
1.795957e+01
1.796569e+01
1.797181e+01
1.797792e+01
1.798404e+01
1.799016e+01
1.799627e+01
1.800239e+01
1.800851e+01
1.801463e+01
1.802074e+01
1.802686e+01
1.803298e+01
1.803910e+01
1.804521e+01
1.805133e+01
1.805745e+01
1.806356e+01
1.806968e+01
1.807580e+01
1.808192e+01
1.808803e+01
1.809415e+01
1.810027e+01
1.810639e+01
1.811250e+01
1.811862e+01
1.812474e+01
1.813085e+01
1.813697e+01
1.814309e+01
1.814921e+01
1.815532e+01
1.816144e+01
1.816756e+01
1.817368e+01
1.817979e+01
1.818591e+01
1.819203e+01
1.819815e+01
1.820426e+01
1.821038e+01
1.821650e+01
1.822261e+01
1.822873e+01
1.823485e+01
1.824097e+01
1.824708e+01
1.825320e+01
1.825932e+01
1.826544e+01
1.827155e+01
1.827767e+01
1.828379e+01
1.828990e+01
1.829602e+01
1.830214e+01
1.830826e+01
1.831437e+01
1.832049e+01
1.832661e+01
1.833273e+01
1.833884e+01
1.834496e+01
1.835108e+01
1.835719e+01
1.836331e+01
1.836943e+01
1.837555e+01
1.838166e+01
1.838778e+01
1.839390e+01
1.840002e+01
1.840613e+01
1.841225e+01
1.841837e+01
1.842448e+01
1.843060e+01
1.843672e+01
1.844284e+01
1.844895e+01
1.845507e+01
1.846119e+01
1.846731e+01
1.847342e+01
1.847954e+01
1.848566e+01
1.849178e+01
1.849789e+01
1.850401e+01
1.851013e+01
1.851624e+01
1.852236e+01
1.852848e+01
1.853459e+01
1.854072e+01
1.854683e+01
1.855295e+01
1.855907e+01
1.856518e+01
1.857130e+01
1.857742e+01
1.858354e+01
1.858965e+01
1.859577e+01
1.860189e+01
1.860800e+01
1.861412e+01
1.862024e+01
1.862635e+01
1.863248e+01
1.863859e+01
1.864471e+01
1.865083e+01
1.865694e+01
1.866306e+01
1.866918e+01
1.867529e+01
1.868141e+01
1.868753e+01
1.869365e+01
1.869976e+01
1.870588e+01
1.871200e+01
1.871811e+01
1.872424e+01
1.873035e+01
1.873647e+01
1.874258e+01
1.874870e+01
1.875482e+01
1.876093e+01
1.876705e+01
1.877317e+01
1.877929e+01
1.878541e+01
1.879152e+01
1.879764e+01
1.880376e+01
1.880987e+01
1.881599e+01
1.882211e+01
1.882823e+01
1.883434e+01
1.884046e+01
1.884658e+01
1.885269e+01
1.885881e+01
1.886493e+01
1.887104e+01
1.887717e+01
1.888328e+01
1.888940e+01
1.889552e+01
1.890163e+01
1.890775e+01
1.891387e+01
1.891999e+01
1.892610e+01
1.893222e+01
1.893834e+01
1.894445e+01
1.895058e+01
1.895669e+01
1.896280e+01
1.896893e+01
1.897504e+01
1.898116e+01
1.898728e+01
1.899339e+01
1.899951e+01
1.900563e+01
1.901175e+01
1.901786e+01
1.902398e+01
1.903010e+01
1.903621e+01
1.904234e+01
1.904845e+01
1.905457e+01
1.906069e+01
1.906680e+01
1.907292e+01
1.907904e+01
1.908515e+01
1.909127e+01
1.909739e+01
1.910351e+01
1.910962e+01
1.911574e+01
1.912186e+01
1.912797e+01
1.913409e+01
1.914021e+01
1.914633e+01
1.915244e+01
1.915856e+01
1.916468e+01
1.917079e+01
1.917691e+01
1.918303e+01
1.918914e+01
1.919527e+01
1.920138e+01
1.920750e+01
1.921362e+01
1.921973e+01
1.922585e+01
1.923197e+01
1.923809e+01
1.924420e+01
1.925032e+01
1.925644e+01
1.926255e+01
1.926867e+01
1.927479e+01
1.928090e+01
1.928703e+01
1.929314e+01
1.929926e+01
1.930538e+01
1.931149e+01
1.931761e+01
1.932373e+01
1.932984e+01
1.933596e+01
1.934208e+01
1.934820e+01
1.935431e+01
1.936043e+01
1.936655e+01
1.937266e+01
1.937879e+01
1.938490e+01
1.939102e+01
1.939714e+01
1.940325e+01
1.940937e+01
1.941549e+01
1.942160e+01
1.942772e+01
1.943384e+01
1.943996e+01
1.944607e+01
1.945219e+01
1.945831e+01
1.946442e+01
1.947055e+01
1.947666e+01
1.948278e+01
1.948890e+01
1.949501e+01
1.950113e+01
1.950725e+01
1.951337e+01
1.951948e+01
1.952559e+01
1.953172e+01
1.953783e+01
1.954395e+01
1.955007e+01
1.955618e+01
1.956230e+01
1.956842e+01
