5.800000e-01
5.803333e-01
5.806667e-01
5.810000e-01
5.813333e-01
5.816667e-01
5.820000e-01
5.823333e-01
5.826667e-01
5.830000e-01
5.833333e-01
5.836667e-01
5.840000e-01
5.843333e-01
5.846667e-01
5.850000e-01
5.853333e-01
5.856667e-01
5.860000e-01
5.863333e-01
5.866667e-01
5.870000e-01
5.873333e-01
5.876667e-01
5.880000e-01
5.883333e-01
5.886667e-01
5.890000e-01
5.893333e-01
5.896667e-01
5.900000e-01
5.900000e-01
5.900000e-01
5.900000e-01
5.900000e-01
5.900000e-01
5.900000e-01
5.900000e-01
5.900000e-01
5.900000e-01
5.900000e-01
5.900000e-01
5.900000e-01
5.900000e-01
5.900000e-01
5.900000e-01
5.900000e-01
5.900000e-01
5.900000e-01
5.900000e-01
5.900000e-01
5.904917e-01
5.909833e-01
5.914750e-01
5.919667e-01
5.924583e-01
5.929500e-01
5.934417e-01
5.939333e-01
5.944250e-01
5.949167e-01
5.954083e-01
5.959000e-01
5.963917e-01
5.968833e-01
5.973750e-01
5.978667e-01
5.983583e-01
5.988500e-01
5.995000e-01
5.998333e-01
6.001666e-01
6.005000e-01
6.008333e-01
6.011666e-01
6.015000e-01
6.018333e-01
6.021666e-01
6.025000e-01
6.028333e-01
6.031666e-01
6.035000e-01
6.038333e-01
6.041666e-01
6.045000e-01
6.048333e-01
6.051666e-01
6.055000e-01
6.058333e-01
6.061666e-01
6.065000e-01
6.068333e-01
6.071666e-01
6.075000e-01
6.078333e-01
6.081666e-01
6.085000e-01
6.088333e-01
6.091666e-01
6.095000e-01
6.098333e-01
6.102267e-01
6.106200e-01
6.110133e-01
6.114067e-01
6.118000e-01
6.121933e-01
6.125867e-01
6.129800e-01
6.133733e-01
6.137667e-01
6.141600e-01
6.145533e-01
6.149467e-01
6.153400e-01
6.157333e-01
6.161267e-01
6.165200e-01
6.169133e-01
6.173067e-01
6.177000e-01
6.180933e-01
6.184867e-01
6.188800e-01
6.192733e-01
6.196667e-01
6.200600e-01
6.204533e-01
6.208467e-01
6.212400e-01
6.216333e-01
6.220267e-01
6.224200e-01
6.228133e-01
6.232067e-01
6.236000e-01
6.239933e-01
6.243867e-01
6.247800e-01
6.251733e-01
6.255667e-01
6.259600e-01
6.263533e-01
6.267467e-01
6.271400e-01
6.275333e-01
6.279267e-01
6.283200e-01
6.287133e-01
6.291067e-01
6.295000e-01
6.297033e-01
6.299067e-01
6.301100e-01
6.303133e-01
6.305167e-01
6.307200e-01
6.309233e-01
6.311267e-01
6.313300e-01
6.315333e-01
6.317367e-01
6.319400e-01
6.321433e-01
6.323467e-01
6.325500e-01
6.327533e-01
6.329567e-01
6.331600e-01
6.333633e-01
6.335667e-01
6.337700e-01
6.339733e-01
6.341767e-01
6.343800e-01
6.345833e-01
6.347867e-01
6.349900e-01
6.351933e-01
6.353967e-01
6.356000e-01
6.358033e-01
6.360067e-01
6.362100e-01
6.364133e-01
6.366167e-01
6.368200e-01
6.370233e-01
6.372267e-01
6.374300e-01
6.376333e-01
6.378367e-01
6.380400e-01
6.382433e-01
6.384467e-01
6.386500e-01
6.388533e-01
6.390567e-01
6.392600e-01
6.394633e-01
6.396667e-01
6.422517e-01
6.448367e-01
6.474217e-01
6.500067e-01
6.525917e-01
6.551767e-01
6.577617e-01
6.603467e-01
6.629317e-01
6.655167e-01
6.681017e-01
6.706867e-01
6.732717e-01
6.758567e-01
6.784417e-01
6.810267e-01
6.836117e-01
6.861967e-01
6.887817e-01
6.913667e-01
6.939517e-01
6.965367e-01
6.991217e-01
7.017067e-01
7.042917e-01
7.068767e-01
7.094617e-01
7.120467e-01
7.146317e-01
7.172167e-01
7.198017e-01
7.223867e-01
7.249717e-01
7.275567e-01
7.301417e-01
7.327267e-01
7.353117e-01
7.378967e-01
7.404817e-01
7.430667e-01
7.456517e-01
7.482367e-01
7.508217e-01
7.534067e-01
7.559917e-01
7.585767e-01
7.611617e-01
7.637467e-01
7.663317e-01
7.689167e-01
7.715017e-01
7.740867e-01
7.766717e-01
7.792567e-01
7.818417e-01
7.844267e-01
7.870117e-01
7.895967e-01
7.921817e-01
7.947667e-01
7.973517e-01
7.999367e-01
8.025217e-01
8.051067e-01
8.076917e-01
8.102767e-01
8.128617e-01
8.154467e-01
8.180317e-01
8.206167e-01
8.232017e-01
8.257867e-01
8.283717e-01
8.309567e-01
8.335417e-01
8.361267e-01
8.387117e-01
8.412967e-01
8.438817e-01
8.464667e-01
8.490517e-01
8.516367e-01
8.542217e-01
8.568067e-01
8.593917e-01
8.619767e-01
8.645617e-01
8.671467e-01
8.697317e-01
8.723167e-01
8.749017e-01
8.774867e-01
8.800717e-01
8.826567e-01
8.852417e-01
8.878267e-01
8.904117e-01
8.929967e-01
8.955817e-01
8.981667e-01
8.988767e-01
8.995867e-01
9.002967e-01
9.010067e-01
9.017167e-01
9.024267e-01
9.031367e-01
9.038467e-01
9.045567e-01
9.052667e-01
9.059767e-01
9.066867e-01
9.073967e-01
9.081067e-01
9.088167e-01
9.095267e-01
9.102367e-01
9.109467e-01
9.116567e-01
9.123667e-01
9.130767e-01
9.137867e-01
9.144967e-01
9.152067e-01
9.159167e-01
9.166267e-01
9.173367e-01
9.180467e-01
9.187567e-01
9.194667e-01
9.201767e-01
9.208867e-01
9.215967e-01
9.223067e-01
9.230167e-01
9.237267e-01
9.244367e-01
9.251467e-01
9.258567e-01
9.265667e-01
9.272767e-01
9.279867e-01
9.286967e-01
9.294067e-01
9.301167e-01
9.308267e-01
9.315367e-01
9.322467e-01
9.329567e-01
9.336667e-01
9.343767e-01
9.350867e-01
9.357967e-01
9.365067e-01
9.372167e-01
9.379267e-01
9.386367e-01
9.393467e-01
9.400567e-01
9.407667e-01
9.414767e-01
9.421867e-01
9.428967e-01
9.436067e-01
9.443167e-01
9.450267e-01
9.457367e-01
9.464467e-01
9.471567e-01
9.478667e-01
9.485767e-01
9.492867e-01
9.499967e-01
9.507067e-01
9.514167e-01
9.521267e-01
9.528367e-01
9.535467e-01
9.542567e-01
9.549667e-01
9.556767e-01
9.563867e-01
9.570967e-01
9.578067e-01
9.585167e-01
9.592267e-01
9.599367e-01
9.606467e-01
9.613567e-01
9.620667e-01
9.627767e-01
9.634867e-01
9.641967e-01
9.649067e-01
9.656167e-01
9.663267e-01
9.670367e-01
9.677467e-01
9.684567e-01
9.691667e-01
9.698675e-01
9.705683e-01
9.712692e-01
9.719700e-01
9.726708e-01
9.733717e-01
9.740725e-01
9.747733e-01
9.754742e-01
9.761750e-01
9.768758e-01
9.775767e-01
9.782775e-01
9.789783e-01
9.796792e-01
9.803800e-01
9.810808e-01
9.817817e-01
9.824825e-01
9.831833e-01
9.838842e-01
9.845850e-01
9.852858e-01
9.859867e-01
9.866875e-01
9.873883e-01
9.880892e-01
9.887900e-01
9.894908e-01
9.901917e-01
9.908925e-01
9.915933e-01
9.922942e-01
9.929950e-01
9.936958e-01
9.943967e-01
9.950975e-01
9.957983e-01
9.964992e-01
9.972000e-01
9.979008e-01
9.986017e-01
9.993025e-01
1.000003e+00
1.000704e+00
1.001405e+00
1.002106e+00
1.002807e+00
1.003507e+00
1.004208e+00
1.004909e+00
1.005610e+00
1.006311e+00
1.007012e+00
1.007713e+00
1.008413e+00
1.009114e+00
1.009815e+00
1.010516e+00
1.011217e+00
1.011918e+00
1.012618e+00
1.013319e+00
1.014020e+00
1.014721e+00
1.015422e+00
1.016122e+00
1.016823e+00
1.017524e+00
1.018225e+00
1.018926e+00
1.019627e+00
1.020327e+00
1.021028e+00
1.021729e+00
1.022430e+00
1.023131e+00
1.023832e+00
1.024533e+00
1.025233e+00
1.025934e+00
1.026635e+00
1.027336e+00
1.028037e+00
1.028738e+00
1.029438e+00
1.030139e+00
1.030840e+00
1.031541e+00
1.032242e+00
1.032943e+00
1.033643e+00
1.034344e+00
1.035045e+00
1.035746e+00
1.036447e+00
1.037148e+00
1.037848e+00
1.038549e+00
1.039250e+00
1.039951e+00
1.040652e+00
1.041353e+00
1.042053e+00
1.042754e+00
1.043455e+00
1.044156e+00
1.044857e+00
1.045557e+00
1.046258e+00
1.046959e+00
1.047660e+00
1.048361e+00
1.049062e+00
1.049762e+00
1.050463e+00
1.051164e+00
1.051865e+00
1.052566e+00
1.053267e+00
1.053967e+00
1.054668e+00
1.055369e+00
1.056070e+00
1.056771e+00
1.057472e+00
1.058172e+00
1.058873e+00
1.059574e+00
1.060275e+00
1.060976e+00
1.061677e+00
1.062377e+00
1.063078e+00
1.063779e+00
1.064480e+00
1.065181e+00
1.065882e+00
1.066582e+00
1.067283e+00
1.067984e+00
1.068685e+00
1.069386e+00
1.070087e+00
1.070788e+00
1.071488e+00
1.072189e+00
1.072890e+00
1.073591e+00
1.074292e+00
1.074993e+00
1.075693e+00
1.076394e+00
1.077095e+00
1.077796e+00
1.078497e+00
1.079198e+00
1.079898e+00
1.080599e+00
1.081300e+00
1.082001e+00
1.082702e+00
1.083403e+00
1.084103e+00
1.084804e+00
1.085505e+00
1.086206e+00
1.086907e+00
1.087608e+00
1.088308e+00
1.089009e+00
1.089710e+00
1.090411e+00
1.091112e+00
1.091813e+00
1.092513e+00
1.093214e+00
1.093915e+00
1.094616e+00
1.095317e+00
1.096018e+00
1.096718e+00
1.097419e+00
1.098120e+00
1.098821e+00
1.099522e+00
1.100222e+00
1.100923e+00
1.101624e+00
1.102325e+00
1.103026e+00
1.103727e+00
1.104427e+00
1.105128e+00
1.105829e+00
1.106530e+00
1.107231e+00
1.107932e+00
1.108632e+00
1.109333e+00
1.110232e+00
1.111130e+00
1.112028e+00
1.112927e+00
1.113825e+00
1.114723e+00
1.115622e+00
1.116520e+00
1.117418e+00
1.118317e+00
1.119215e+00
1.120113e+00
1.121012e+00
1.121910e+00
1.122808e+00
1.123707e+00
1.124605e+00
1.125503e+00
1.126402e+00
1.127300e+00
1.128198e+00
1.129097e+00
1.129995e+00
1.130893e+00
1.131792e+00
1.132690e+00
1.133588e+00
1.134487e+00
1.135385e+00
1.136283e+00
1.137182e+00
1.138080e+00
1.138978e+00
1.139877e+00
1.140775e+00
1.141673e+00
1.142572e+00
1.143470e+00
1.144368e+00
1.145267e+00
1.146165e+00
1.147063e+00
1.147962e+00
1.148860e+00
1.149758e+00
1.150657e+00
1.151555e+00
1.152453e+00
1.153352e+00
1.154250e+00
1.155148e+00
1.156047e+00
1.156945e+00
1.157843e+00
1.158742e+00
1.159640e+00
1.160538e+00
1.161437e+00
1.162335e+00
1.163233e+00
1.164132e+00
1.165030e+00
1.165928e+00
1.166827e+00
1.167725e+00
1.168623e+00
1.169522e+00
1.170420e+00
1.171318e+00
1.172217e+00
1.173115e+00
1.174013e+00
1.174912e+00
1.175810e+00
1.176708e+00
1.177607e+00
1.178505e+00
1.179403e+00
1.180302e+00
1.181200e+00
1.182098e+00
1.182997e+00
1.183895e+00
1.184793e+00
1.185692e+00
1.186590e+00
1.187488e+00
1.188387e+00
1.189285e+00
1.190183e+00
1.191082e+00
1.191980e+00
1.192878e+00
1.193777e+00
1.194675e+00
1.195573e+00
1.196472e+00
1.197370e+00
1.198268e+00
1.199167e+00
1.207273e+00
1.215379e+00
1.223485e+00
1.231591e+00
1.239697e+00
1.247803e+00
1.255909e+00
1.264015e+00
1.272122e+00
1.280228e+00
1.288334e+00
1.296440e+00
1.304546e+00
1.312652e+00
1.320758e+00
1.328864e+00
1.336970e+00
1.345076e+00
1.353182e+00
1.361288e+00
1.369394e+00
1.377500e+00
1.385606e+00
1.393712e+00
1.401818e+00
1.409925e+00
1.418031e+00
1.426137e+00
1.434243e+00
1.442349e+00
1.450455e+00
1.458561e+00
1.466667e+00
1.474773e+00
1.482879e+00
1.490985e+00
1.499091e+00
1.507197e+00
1.515303e+00
1.523409e+00
1.531515e+00
1.539621e+00
1.547728e+00
1.555834e+00
1.563940e+00
1.572046e+00
1.580152e+00
1.588258e+00
1.596364e+00
1.604470e+00
1.612576e+00
1.620682e+00
1.628788e+00
1.636894e+00
1.645000e+00
1.653106e+00
1.661212e+00
1.669318e+00
1.677424e+00
1.685531e+00
1.693637e+00
1.701743e+00
1.709849e+00
1.717955e+00
1.726061e+00
1.734167e+00
1.742273e+00
1.750379e+00
1.758485e+00
1.766591e+00
1.774697e+00
1.782803e+00
1.790909e+00
1.799015e+00
1.807121e+00
1.815227e+00
1.823334e+00
1.831440e+00
1.839546e+00
1.847652e+00
1.855758e+00
1.863864e+00
1.871970e+00
1.880076e+00
1.888182e+00
1.896288e+00
1.904394e+00
1.912500e+00
1.920606e+00
1.928712e+00
1.936818e+00
1.944924e+00
1.953030e+00
1.961137e+00
1.969243e+00
1.977349e+00
1.985455e+00
1.993561e+00
2.001667e+00
2.009773e+00
2.017879e+00
2.025985e+00
2.034091e+00
2.042197e+00
2.050303e+00
2.058409e+00
2.066515e+00
2.074621e+00
2.082727e+00
2.090833e+00
2.098940e+00
2.107046e+00
2.115152e+00
2.123258e+00
2.131364e+00
2.139470e+00
2.147576e+00
2.155682e+00
2.163788e+00
2.171894e+00
2.180000e+00
2.188106e+00
2.196212e+00
2.204318e+00
2.212424e+00
2.220530e+00
2.228636e+00
2.236743e+00
2.244849e+00
2.252955e+00
2.261061e+00
2.269167e+00
2.277273e+00
2.285379e+00
2.293485e+00
2.301591e+00
2.309697e+00
2.317803e+00
2.325909e+00
2.334015e+00
2.342121e+00
2.350227e+00
2.358333e+00
2.366439e+00
2.374546e+00
2.382652e+00
2.390758e+00
2.398864e+00
2.406970e+00
2.415076e+00
2.423182e+00
2.431288e+00
2.439394e+00
2.447500e+00
2.455606e+00
2.463712e+00
2.471818e+00
2.479924e+00
2.488030e+00
2.496136e+00
2.504242e+00
2.512349e+00
2.520455e+00
2.528561e+00
2.536667e+00
2.544773e+00
2.552879e+00
2.560985e+00
2.569091e+00
2.577197e+00
2.585303e+00
2.593409e+00
2.601515e+00
2.609621e+00
2.617727e+00
2.625833e+00
2.633939e+00
2.642045e+00
2.650152e+00
2.658258e+00
2.666364e+00
2.674470e+00
2.682576e+00
2.690682e+00
2.698788e+00
2.706894e+00
2.715000e+00
2.723106e+00
2.731212e+00
2.739318e+00
2.747424e+00
2.755530e+00
2.763636e+00
2.771742e+00
2.779848e+00
2.787955e+00
2.796061e+00
2.804167e+00
2.812273e+00
2.820379e+00
2.828485e+00
2.836591e+00
2.844697e+00
2.852803e+00
2.860909e+00
2.869015e+00
2.877121e+00
2.885227e+00
2.893333e+00
2.901439e+00
2.909545e+00
2.917652e+00
2.925758e+00
2.933864e+00
2.941970e+00
2.950076e+00
2.958182e+00
2.966288e+00
2.974394e+00
2.982500e+00
2.990606e+00
2.998712e+00
3.006818e+00
3.014924e+00
3.023030e+00
3.031136e+00
3.039242e+00
3.047348e+00
3.055455e+00
3.063561e+00
3.071667e+00
3.079773e+00
3.087879e+00
3.095985e+00
3.104091e+00
3.112197e+00
3.120303e+00
3.128409e+00
3.136515e+00
3.144621e+00
3.152727e+00
3.160833e+00
3.168939e+00
3.177045e+00
3.185151e+00
3.193258e+00
3.201364e+00
3.209470e+00
3.217576e+00
3.225682e+00
3.233788e+00
3.241894e+00
3.250000e+00
3.258106e+00
3.266212e+00
3.274318e+00
3.282424e+00
3.290530e+00
3.298636e+00
3.306742e+00
3.314848e+00
3.322954e+00
3.331061e+00
3.339167e+00
3.347273e+00
3.355379e+00
3.363485e+00
3.371591e+00
3.379697e+00
3.387803e+00
3.395909e+00
3.404015e+00
3.412121e+00
3.420227e+00
3.428333e+00
3.436439e+00
3.444545e+00
3.452651e+00
3.460757e+00
3.468864e+00
3.476970e+00
3.485076e+00
3.493182e+00
3.501288e+00
3.509394e+00
3.517500e+00
3.525606e+00
3.533712e+00
3.541818e+00
3.549924e+00
3.558030e+00
3.566136e+00
3.574242e+00
3.582348e+00
3.590454e+00
3.598560e+00
3.606667e+00
3.614773e+00
3.622879e+00
3.630985e+00
3.639091e+00
3.647197e+00
3.655303e+00
3.663409e+00
3.671515e+00
3.679621e+00
3.687727e+00
3.695833e+00
3.703939e+00
3.712045e+00
3.720151e+00
3.728257e+00
3.736363e+00
3.744470e+00
3.752576e+00
3.760682e+00
3.768788e+00
3.776894e+00
3.785000e+00
3.793106e+00
3.801212e+00
3.809318e+00
3.817424e+00
3.825530e+00
3.833636e+00
3.841742e+00
3.849848e+00
3.857954e+00
3.866060e+00
3.874166e+00
3.882273e+00
3.890379e+00
3.898485e+00
3.906591e+00
3.914697e+00
3.922803e+00
3.930909e+00
3.939015e+00
3.947121e+00
3.955227e+00
3.963333e+00
3.971439e+00
3.979545e+00
3.987651e+00
3.995757e+00
4.003863e+00
4.011969e+00
4.020076e+00
4.028182e+00
4.036288e+00
4.044394e+00
4.052500e+00
4.060606e+00
4.068712e+00
4.076818e+00
4.084924e+00
4.093030e+00
4.101136e+00
4.109242e+00
4.117348e+00
4.125454e+00
4.133560e+00
4.141666e+00
4.149772e+00
4.157879e+00
4.165985e+00
4.174091e+00
4.182197e+00
4.190303e+00
4.198409e+00
4.206515e+00
4.214621e+00
4.222727e+00
4.230833e+00
4.238939e+00
4.247045e+00
4.255151e+00
4.263257e+00
4.271363e+00
4.279469e+00
4.287575e+00
4.295682e+00
4.303788e+00
4.311894e+00
4.320000e+00
4.328106e+00
4.336212e+00
4.344318e+00
4.352424e+00
4.360530e+00
4.368636e+00
4.376742e+00
4.384848e+00
4.392954e+00
4.401060e+00
4.409166e+00
4.417272e+00
4.425378e+00
4.433485e+00
4.441591e+00
4.449697e+00
4.457803e+00
4.465909e+00
4.474015e+00
4.482121e+00
4.490227e+00
4.498333e+00
4.503548e+00
4.508762e+00
4.513977e+00
4.519191e+00
4.524406e+00
4.529620e+00
4.534834e+00
4.540049e+00
4.545263e+00
4.550478e+00
4.555692e+00
4.560907e+00
4.566121e+00
4.571336e+00
4.576550e+00
4.581764e+00
4.586979e+00
4.592193e+00
4.597408e+00
4.602622e+00
4.607837e+00
4.613051e+00
4.618266e+00
4.623480e+00
4.628694e+00
4.633909e+00
4.639123e+00
4.644338e+00
4.649552e+00
4.654767e+00
4.659981e+00
4.665196e+00
4.670410e+00
4.675624e+00
4.680839e+00
4.686053e+00
4.691268e+00
4.696482e+00
4.701697e+00
4.706911e+00
4.712126e+00
4.717340e+00
4.722554e+00
4.727769e+00
4.732983e+00
4.738198e+00
4.743412e+00
4.748627e+00
4.753841e+00
4.759056e+00
4.764270e+00
4.769484e+00
4.774699e+00
4.779913e+00
4.785128e+00
4.790342e+00
4.795557e+00
4.800771e+00
4.805986e+00
4.811200e+00
4.816414e+00
4.821629e+00
4.826843e+00
4.832058e+00
4.837272e+00
4.842487e+00
4.847701e+00
4.852916e+00
4.858130e+00
4.863344e+00
4.868559e+00
4.873773e+00
4.878988e+00
4.884202e+00
4.889417e+00
4.894631e+00
4.899846e+00
4.905060e+00
4.910274e+00
4.915489e+00
4.920703e+00
4.925918e+00
4.931132e+00
4.936347e+00
4.941561e+00
4.946776e+00
4.951990e+00
4.957204e+00
4.962419e+00
4.967633e+00
4.972848e+00
4.978062e+00
4.983277e+00
4.988491e+00
4.993706e+00
4.998920e+00
5.004134e+00
5.009349e+00
5.014563e+00
5.019778e+00
5.024331e+00
5.028884e+00
5.033438e+00
5.037991e+00
5.042544e+00
5.047098e+00
5.051651e+00
5.056205e+00
5.060758e+00
5.065311e+00
5.069865e+00
5.074418e+00
5.078971e+00
5.083525e+00
5.088078e+00
5.092631e+00
5.097185e+00
5.101738e+00
5.106291e+00
5.110845e+00
5.115398e+00
5.119951e+00
5.124505e+00
5.129058e+00
5.133611e+00
5.138165e+00
5.142718e+00
5.147271e+00
5.151825e+00
5.156378e+00
5.160931e+00
5.165485e+00
5.170038e+00
5.174591e+00
5.179145e+00
5.183698e+00
5.188252e+00
5.192805e+00
5.197358e+00
5.201912e+00
5.206465e+00
5.211018e+00
5.215572e+00
5.220125e+00
5.224678e+00
5.229232e+00
5.233785e+00
5.238338e+00
5.242892e+00
5.247445e+00
5.251998e+00
5.256552e+00
5.261105e+00
5.265658e+00
5.270212e+00
5.274765e+00
5.279318e+00
5.283872e+00
5.288425e+00
5.292978e+00
5.297532e+00
5.302085e+00
5.306638e+00
5.311192e+00
5.315745e+00
5.320299e+00
5.324852e+00
5.329405e+00
5.333959e+00
5.338512e+00
5.343065e+00
5.347619e+00
5.352172e+00
5.356725e+00
5.361279e+00
5.365832e+00
5.370385e+00
5.374939e+00
5.379492e+00
5.384045e+00
5.388599e+00
5.393152e+00
5.397705e+00
5.402259e+00
5.406812e+00
5.411365e+00
5.415919e+00
5.420472e+00
5.425025e+00
5.429579e+00
5.434132e+00
5.438685e+00
5.443239e+00
5.447792e+00
5.452345e+00
5.456899e+00
5.461452e+00
5.466005e+00
5.470559e+00
5.475112e+00
5.479666e+00
5.484219e+00
5.488772e+00
5.493326e+00
5.497879e+00
5.502432e+00
5.506986e+00
5.511539e+00
5.516092e+00
5.520646e+00
5.525199e+00
5.529752e+00
5.534306e+00
5.538859e+00
5.543412e+00
5.547966e+00
5.552519e+00
5.557072e+00
5.561626e+00
5.566179e+00
5.570732e+00
5.575286e+00
5.579839e+00
5.584392e+00
5.588946e+00
5.593499e+00
5.598053e+00
5.602606e+00
5.607159e+00
5.611712e+00
5.616266e+00
5.620820e+00
5.625373e+00
5.629926e+00
5.634479e+00
5.639033e+00
5.643586e+00
5.648139e+00
5.652692e+00
5.657246e+00
5.661799e+00
5.666353e+00
5.670906e+00
5.675459e+00
5.680013e+00
5.684566e+00
5.689120e+00
5.693673e+00
5.698226e+00
5.702779e+00
5.707333e+00
5.711886e+00
5.716439e+00
5.720993e+00
5.725546e+00
5.730100e+00
5.734653e+00
5.739206e+00
5.743759e+00
5.748313e+00
5.752866e+00
5.757420e+00
5.761973e+00
5.766526e+00
5.771079e+00
5.775633e+00
5.780187e+00
5.784740e+00
5.789293e+00
5.793846e+00
5.798400e+00
5.802953e+00
5.807506e+00
5.812059e+00
5.816613e+00
5.821166e+00
5.825720e+00
5.830273e+00
5.834826e+00
5.839380e+00
5.843933e+00
5.848487e+00
5.853040e+00
5.857593e+00
5.862146e+00
5.866700e+00
5.871253e+00
5.875807e+00
5.880360e+00
5.884913e+00
5.889467e+00
5.894020e+00
5.898573e+00
5.903126e+00
5.907680e+00
5.912233e+00
5.916787e+00
5.921340e+00
5.925893e+00
5.930446e+00
5.935000e+00
5.940051e+00
5.945102e+00
5.950152e+00
5.955203e+00
5.960254e+00
5.965305e+00
5.970355e+00
5.975406e+00
5.980457e+00
5.985508e+00
5.990559e+00
5.995609e+00
6.000660e+00
6.005711e+00
6.010762e+00
6.015812e+00
6.020863e+00
6.025914e+00
6.030964e+00
6.036016e+00
6.041066e+00
6.046117e+00
6.051168e+00
6.056219e+00
6.061269e+00
6.066320e+00
6.071371e+00
6.076421e+00
6.081473e+00
6.086523e+00
6.091574e+00
6.096625e+00
6.101676e+00
6.106726e+00
6.111777e+00
6.116828e+00
6.121878e+00
6.126930e+00
6.131980e+00
6.137031e+00
6.142082e+00
6.147133e+00
6.152183e+00
6.157234e+00
6.162285e+00
6.167335e+00
6.172387e+00
6.177437e+00
6.182488e+00
6.187539e+00
6.192589e+00
6.197640e+00
6.202691e+00
6.207742e+00
6.212792e+00
6.217844e+00
6.222894e+00
6.227945e+00
6.232996e+00
6.238046e+00
6.243097e+00
6.248148e+00
6.253199e+00
6.258249e+00
6.263301e+00
6.268351e+00
6.273402e+00
6.278453e+00
6.283503e+00
6.288554e+00
6.293605e+00
6.298656e+00
6.303706e+00
6.308758e+00
6.313808e+00
6.318859e+00
6.323909e+00
6.328960e+00
6.334011e+00
6.339061e+00
6.344113e+00
6.349163e+00
6.354214e+00
6.359265e+00
6.364316e+00
6.369366e+00
6.374417e+00
6.379468e+00
6.384518e+00
6.389570e+00
6.394620e+00
6.399671e+00
6.404722e+00
6.409773e+00
6.414823e+00
6.419874e+00
6.424925e+00
6.429975e+00
6.435027e+00
6.440077e+00
6.445128e+00
6.450179e+00
6.455230e+00
6.460280e+00
6.465331e+00
6.470382e+00
6.475432e+00
6.480484e+00
6.485534e+00
6.490585e+00
6.495636e+00
6.500686e+00
6.505737e+00
6.510788e+00
6.515839e+00
6.520889e+00
6.525941e+00
6.530991e+00
6.536042e+00
6.541093e+00
6.546143e+00
6.551194e+00
6.556245e+00
6.561296e+00
6.566346e+00
6.571398e+00
6.576448e+00
6.581499e+00
6.586550e+00
6.591600e+00
6.596651e+00
6.601702e+00
6.606753e+00
6.611803e+00
6.616855e+00
6.621905e+00
6.626956e+00
6.632007e+00
6.637057e+00
6.642108e+00
6.647159e+00
6.652210e+00
6.657260e+00
6.662311e+00
6.667362e+00
6.672413e+00
6.677464e+00
6.682514e+00
6.687565e+00
6.692616e+00
6.697667e+00
6.702717e+00
6.707768e+00
6.712819e+00
6.717870e+00
6.722921e+00
6.727971e+00
6.733022e+00
6.738073e+00
6.743124e+00
6.748174e+00
6.753225e+00
6.758276e+00
6.763327e+00
6.768378e+00
6.773428e+00
6.778479e+00
6.783530e+00
6.788581e+00
6.793631e+00
6.798682e+00
6.803733e+00
6.808783e+00
6.813835e+00
6.818885e+00
6.823936e+00
6.828987e+00
6.834038e+00
6.839088e+00
6.844139e+00
6.849190e+00
6.854240e+00
6.859292e+00
6.864342e+00
6.869393e+00
6.874444e+00
6.879495e+00
6.884545e+00
6.889596e+00
6.894647e+00
6.899697e+00
6.904749e+00
6.909799e+00
6.914850e+00
6.919901e+00
6.924952e+00
6.930002e+00
6.935053e+00
6.940104e+00
6.945154e+00
6.950206e+00
6.955256e+00
6.960307e+00
6.965358e+00
6.970408e+00
6.975459e+00
6.980510e+00
6.985561e+00
6.990611e+00
6.995663e+00
7.000713e+00
7.005764e+00
7.010815e+00
7.015865e+00
7.020916e+00
7.025967e+00
7.031018e+00
7.036068e+00
7.041120e+00
7.046170e+00
7.051221e+00
7.056272e+00
7.061322e+00
7.066373e+00
7.071424e+00
7.076475e+00
7.081525e+00
7.086576e+00
7.091627e+00
7.096678e+00
7.101728e+00
7.106779e+00
7.111830e+00
7.116880e+00
7.121932e+00
7.126982e+00
7.132033e+00
7.137084e+00
7.142135e+00
7.147185e+00
7.152236e+00
7.157287e+00
7.162337e+00
7.167389e+00
7.172439e+00
7.177490e+00
7.182541e+00
7.187592e+00
7.192642e+00
7.197693e+00
7.202744e+00
7.207794e+00
7.212846e+00
7.217896e+00
7.222947e+00
7.227998e+00
7.233048e+00
7.238099e+00
7.243150e+00
7.248201e+00
7.253251e+00
7.258303e+00
7.263353e+00
7.268404e+00
7.273455e+00
7.278505e+00
7.283556e+00
7.288607e+00
7.293658e+00
7.298708e+00
7.303760e+00
7.308810e+00
7.313861e+00
7.318912e+00
7.323962e+00
7.329013e+00
7.334064e+00
7.339115e+00
7.344165e+00
7.349217e+00
7.354267e+00
7.359318e+00
7.364369e+00
7.369419e+00
7.374470e+00
7.379521e+00
7.384572e+00
7.389622e+00
7.394673e+00
7.399724e+00
7.404775e+00
7.409826e+00
7.414876e+00
7.419927e+00
7.424978e+00
7.430029e+00
7.435079e+00
7.440130e+00
7.445181e+00
7.450232e+00
7.455283e+00
7.460333e+00
7.465800e+00
7.471266e+00
7.476733e+00
7.482199e+00
7.487666e+00
7.493132e+00
7.498599e+00
7.504066e+00
7.509532e+00
7.514999e+00
7.520465e+00
7.525932e+00
7.531399e+00
7.536865e+00
7.542332e+00
7.547798e+00
7.553265e+00
7.558731e+00
7.564198e+00
7.569665e+00
7.575131e+00
7.580598e+00
7.586064e+00
7.591531e+00
7.596997e+00
7.602464e+00
7.607931e+00
7.613397e+00
7.618864e+00
7.624330e+00
7.629797e+00
7.635263e+00
7.640730e+00
7.646196e+00
7.651663e+00
7.657130e+00
7.662596e+00
7.668063e+00
7.673529e+00
7.678996e+00
7.684462e+00
7.689929e+00
7.695395e+00
7.700862e+00
7.706328e+00
7.711795e+00
7.717261e+00
7.722728e+00
7.728194e+00
7.733661e+00
7.739127e+00
7.744594e+00
7.750061e+00
7.755527e+00
7.760994e+00
7.766460e+00
7.771927e+00
7.777393e+00
7.782860e+00
7.788327e+00
7.793793e+00
7.799260e+00
7.804726e+00
7.810193e+00
7.815660e+00
7.821126e+00
7.826593e+00
7.832059e+00
7.837526e+00
7.842992e+00
7.848459e+00
7.853926e+00
7.859392e+00
7.864859e+00
7.870325e+00
7.875792e+00
7.881258e+00
7.886725e+00
7.892192e+00
7.897658e+00
7.903125e+00
7.908591e+00
7.914058e+00
7.919524e+00
7.924991e+00
7.930457e+00
7.935924e+00
7.941390e+00
7.946857e+00
7.952323e+00
7.957790e+00
7.963256e+00
7.968723e+00
7.974189e+00
7.979656e+00
7.985122e+00
7.990589e+00
7.996056e+00
8.001522e+00
8.006989e+00
8.012455e+00
8.017922e+00
8.023388e+00
8.028855e+00
8.034322e+00
8.039788e+00
8.045255e+00
8.050721e+00
8.056188e+00
8.061654e+00
8.067121e+00
8.072588e+00
8.078054e+00
8.083521e+00
8.088987e+00
8.094454e+00
8.099921e+00
8.105387e+00
8.110854e+00
8.116320e+00
8.121787e+00
8.127253e+00
8.132720e+00
8.138187e+00
8.143653e+00
8.149120e+00
8.154586e+00
8.160053e+00
8.165519e+00
8.170986e+00
8.176452e+00
8.181919e+00
8.187385e+00
8.192852e+00
8.198318e+00
8.203785e+00
8.209251e+00
8.214718e+00
8.220184e+00
8.225651e+00
8.231118e+00
8.236584e+00
8.242051e+00
8.247517e+00
8.252984e+00
8.258450e+00
8.263917e+00
8.269383e+00
8.274850e+00
8.280317e+00
8.285783e+00
8.291250e+00
8.296716e+00
8.302183e+00
8.307649e+00
8.313116e+00
8.318583e+00
8.324049e+00
8.329516e+00
8.334982e+00
8.340449e+00
8.345915e+00
8.351382e+00
8.356849e+00
8.362315e+00
8.367782e+00
8.373248e+00
8.378715e+00
8.384182e+00
8.389648e+00
8.395115e+00
8.400581e+00
8.406048e+00
8.411514e+00
8.416981e+00
8.422447e+00
8.427914e+00
8.433381e+00
8.438847e+00
8.444314e+00
8.449780e+00
8.455247e+00
8.460713e+00
8.466180e+00
8.471646e+00
8.477113e+00
8.482579e+00
8.488046e+00
8.493512e+00
8.498979e+00
8.504445e+00
8.509912e+00
8.515378e+00
8.520845e+00
8.526312e+00
8.531778e+00
8.537245e+00
8.542711e+00
8.548178e+00
8.553644e+00
8.559111e+00
8.564676e+00
8.570240e+00
8.575804e+00
8.581368e+00
8.586933e+00
8.592498e+00
8.598062e+00
8.603627e+00
8.609190e+00
8.614755e+00
8.620319e+00
8.625884e+00
8.631448e+00
8.637013e+00
8.642577e+00
8.648141e+00
8.653706e+00
8.659270e+00
8.664835e+00
8.670399e+00
8.675963e+00
8.681528e+00
8.687092e+00
8.692657e+00
8.698221e+00
8.703786e+00
8.709350e+00
8.714914e+00
8.720479e+00
8.726043e+00
8.731608e+00
8.737172e+00
8.742736e+00
8.748301e+00
8.753865e+00
8.759430e+00
8.764994e+00
8.770559e+00
8.776122e+00
8.781687e+00
8.787251e+00
8.792816e+00
8.798381e+00
8.803945e+00
8.809509e+00
8.815073e+00
8.820638e+00
8.826202e+00
8.831767e+00
8.837331e+00
8.842895e+00
8.848460e+00
8.854024e+00
8.859589e+00
8.865153e+00
8.870718e+00
8.876282e+00
8.881846e+00
8.887411e+00
8.892975e+00
8.898540e+00
8.904104e+00
8.909668e+00
8.915233e+00
8.920797e+00
8.926362e+00
8.931926e+00
8.937490e+00
8.943055e+00
8.948619e+00
8.954184e+00
8.959748e+00
8.965313e+00
8.970876e+00
8.976441e+00
8.982005e+00
8.987570e+00
8.993134e+00
8.998699e+00
9.004263e+00
9.009827e+00
9.015392e+00
9.020956e+00
9.026521e+00
9.032085e+00
9.037649e+00
9.043214e+00
9.048778e+00
9.054343e+00
9.059907e+00
9.065472e+00
9.071036e+00
9.076600e+00
9.082165e+00
9.087729e+00
9.093294e+00
9.098858e+00
9.104422e+00
9.109987e+00
9.115551e+00
9.121116e+00
9.126680e+00
9.132245e+00
9.137808e+00
9.143373e+00
9.148937e+00
9.154502e+00
9.160067e+00
9.165631e+00
9.171195e+00
9.176759e+00
9.182324e+00
9.187888e+00
9.193453e+00
9.199017e+00
9.204581e+00
9.210146e+00
9.215710e+00
9.221275e+00
9.226839e+00
9.232404e+00
9.237968e+00
9.243532e+00
9.249097e+00
9.254661e+00
9.260226e+00
9.265790e+00
9.271354e+00
9.276919e+00
9.282483e+00
9.288048e+00
9.293612e+00
9.299177e+00
9.304741e+00
9.310305e+00
9.315870e+00
9.321434e+00
9.326999e+00
9.332562e+00
9.338127e+00
9.343691e+00
9.349256e+00
9.354820e+00
9.360385e+00
9.365949e+00
9.371513e+00
9.377078e+00
9.382642e+00
9.388207e+00
9.393771e+00
9.399335e+00
9.404900e+00
9.410464e+00
9.416029e+00
9.421593e+00
9.427158e+00
9.432722e+00
9.438286e+00
9.443851e+00
9.449415e+00
9.454980e+00
9.460544e+00
9.466108e+00
9.471673e+00
9.477237e+00
9.482802e+00
9.488366e+00
9.493931e+00
9.499494e+00
9.505059e+00
9.510624e+00
9.516188e+00
9.521753e+00
9.527317e+00
9.532881e+00
9.538445e+00
9.544010e+00
9.549574e+00
9.555139e+00
9.560703e+00
9.566267e+00
9.571832e+00
9.577396e+00
9.582961e+00
9.588525e+00
9.594090e+00
9.599654e+00
9.605218e+00
9.610783e+00
9.616347e+00
9.621912e+00
9.627476e+00
9.633040e+00
9.638605e+00
9.644169e+00
9.649734e+00
9.655298e+00
9.660863e+00
9.666427e+00
9.671991e+00
9.677556e+00
9.683409e+00
9.689263e+00
9.695117e+00
9.700971e+00
9.706825e+00
9.712679e+00
9.718533e+00
9.724387e+00
9.730241e+00
9.736095e+00
9.741949e+00
9.747803e+00
9.753656e+00
9.759511e+00
9.765364e+00
9.771219e+00
9.777072e+00
9.782926e+00
9.788780e+00
9.794634e+00
9.800488e+00
9.806342e+00
9.812196e+00
9.818050e+00
9.823904e+00
9.829758e+00
9.835612e+00
9.841466e+00
9.847319e+00
9.853174e+00
9.859027e+00
9.864882e+00
9.870735e+00
9.876589e+00
9.882443e+00
9.888297e+00
9.894151e+00
9.900005e+00
9.905859e+00
9.911713e+00
9.917567e+00
9.923421e+00
9.929275e+00
9.935129e+00
9.940982e+00
9.946837e+00
9.952690e+00
9.958545e+00
9.964398e+00
9.970253e+00
9.976106e+00
9.981960e+00
9.987814e+00
9.993668e+00
9.999522e+00
1.000538e+01
1.001123e+01
1.001708e+01
1.002294e+01
1.002879e+01
1.003465e+01
1.004050e+01
1.004635e+01
1.005221e+01
1.005806e+01
1.006392e+01
1.006977e+01
1.007562e+01
1.008148e+01
1.008733e+01
1.009318e+01
1.009904e+01
1.010489e+01
1.011075e+01
1.011660e+01
1.012245e+01
1.012831e+01
1.013416e+01
1.014002e+01
1.014587e+01
1.015172e+01
1.015758e+01
1.016343e+01
1.016929e+01
1.017514e+01
1.018099e+01
1.018685e+01
1.019270e+01
1.019856e+01
1.020441e+01
1.021026e+01
1.021612e+01
1.022197e+01
1.022783e+01
1.023368e+01
1.023953e+01
1.024539e+01
1.025124e+01
1.025710e+01
1.026295e+01
1.026880e+01
1.027466e+01
1.028051e+01
1.028637e+01
1.029222e+01
1.029807e+01
1.030393e+01
1.030978e+01
1.031563e+01
1.032149e+01
1.032734e+01
1.033320e+01
1.033905e+01
1.034490e+01
1.035076e+01
1.035661e+01
1.036247e+01
1.036832e+01
1.037417e+01
1.038003e+01
1.038588e+01
1.039174e+01
1.039759e+01
1.040344e+01
1.040930e+01
1.041515e+01
1.042101e+01
1.042686e+01
1.043271e+01
1.043857e+01
1.044442e+01
1.045028e+01
1.045613e+01
1.046198e+01
1.046784e+01
1.047369e+01
1.047954e+01
1.048540e+01
1.049125e+01
1.049711e+01
1.050296e+01
1.050881e+01
1.051467e+01
1.052052e+01
1.052638e+01
1.053223e+01
1.053808e+01
1.054394e+01
1.054979e+01
1.055565e+01
1.056150e+01
1.056735e+01
1.057321e+01
1.057906e+01
1.058492e+01
1.059077e+01
1.059662e+01
1.060248e+01
1.060833e+01
1.061419e+01
1.062004e+01
1.062589e+01
1.063175e+01
1.063760e+01
1.064346e+01
1.064931e+01
1.065516e+01
1.066102e+01
1.066687e+01
1.067272e+01
1.067858e+01
1.068443e+01
1.069029e+01
1.069614e+01
1.070199e+01
1.070785e+01
1.071370e+01
1.071956e+01
1.072541e+01
1.073126e+01
1.073712e+01
1.074297e+01
1.074883e+01
1.075468e+01
1.076053e+01
1.076639e+01
1.077224e+01
1.077810e+01
1.078395e+01
1.078980e+01
1.079566e+01
1.080151e+01
1.080737e+01
1.081322e+01
1.081907e+01
1.082493e+01
1.083078e+01
1.083663e+01
1.084249e+01
1.084834e+01
1.085420e+01
1.086005e+01
1.086590e+01
1.087176e+01
1.087761e+01
1.088347e+01
1.088932e+01
1.089517e+01
1.090103e+01
1.090688e+01
1.091274e+01
1.091859e+01
1.092444e+01
1.093030e+01
1.093615e+01
1.094201e+01
1.094786e+01
1.095371e+01
1.095957e+01
1.096542e+01
1.097128e+01
1.097713e+01
1.098298e+01
1.098884e+01
1.099469e+01
1.100055e+01
1.100640e+01
1.101225e+01
1.101811e+01
1.102396e+01
1.102982e+01
1.103567e+01
1.104152e+01
1.104738e+01
1.105323e+01
1.105908e+01
1.106494e+01
1.107079e+01
1.107665e+01
1.108250e+01
1.108835e+01
1.109421e+01
1.110006e+01
1.110592e+01
1.111177e+01
1.111762e+01
1.112348e+01
1.112933e+01
1.113519e+01
1.114104e+01
1.114689e+01
1.115275e+01
1.115860e+01
1.116446e+01
1.117031e+01
1.117616e+01
1.118202e+01
1.118787e+01
1.119373e+01
1.119958e+01
1.120543e+01
1.121129e+01
1.121714e+01
1.122299e+01
1.122885e+01
1.123470e+01
1.124056e+01
1.124641e+01
1.125226e+01
1.125812e+01
1.126397e+01
1.126983e+01
1.127568e+01
1.128153e+01
1.128739e+01
1.129324e+01
1.129910e+01
1.130495e+01
1.131080e+01
1.131666e+01
1.132251e+01
1.132837e+01
1.133422e+01
1.134007e+01
1.134593e+01
1.135178e+01
1.135764e+01
1.136349e+01
1.136934e+01
1.137520e+01
1.138105e+01
1.138691e+01
1.139276e+01
1.139861e+01
1.140447e+01
1.141032e+01
1.141618e+01
1.142203e+01
1.142788e+01
1.143374e+01
1.143959e+01
1.144544e+01
1.145150e+01
1.145756e+01
1.146361e+01
1.146967e+01
1.147573e+01
1.148178e+01
1.148784e+01
1.149389e+01
1.149995e+01
1.150601e+01
1.151206e+01
1.151812e+01
1.152418e+01
1.153023e+01
1.153629e+01
1.154234e+01
1.154840e+01
1.155446e+01
1.156051e+01
1.156657e+01
1.157262e+01
1.157868e+01
1.158474e+01
1.159079e+01
1.159685e+01
1.160291e+01
1.160896e+01
1.161502e+01
1.162107e+01
1.162713e+01
1.163319e+01
1.163924e+01
1.164530e+01
1.165136e+01
1.165741e+01
1.166347e+01
1.166952e+01
1.167558e+01
1.168164e+01
1.168769e+01
1.169375e+01
1.169981e+01
1.170586e+01
1.171192e+01
1.171797e+01
1.172403e+01
1.173009e+01
1.173614e+01
1.174220e+01
1.174826e+01
1.175431e+01
1.176037e+01
1.176642e+01
1.177248e+01
1.177854e+01
1.178459e+01
1.179065e+01
1.179671e+01
1.180276e+01
1.180882e+01
1.181487e+01
1.182093e+01
1.182699e+01
1.183304e+01
1.183910e+01
1.184515e+01
1.185121e+01
1.185727e+01
1.186332e+01
1.186938e+01
1.187544e+01
1.188149e+01
1.188755e+01
1.189360e+01
1.189966e+01
1.190572e+01
1.191177e+01
1.191783e+01
1.192389e+01
1.192994e+01
1.193600e+01
1.194205e+01
1.194811e+01
1.195417e+01
1.196022e+01
1.196628e+01
1.197234e+01
1.197839e+01
1.198445e+01
1.199050e+01
1.199656e+01
1.200262e+01
1.200867e+01
1.201473e+01
1.202079e+01
1.202684e+01
1.203290e+01
1.203895e+01
1.204501e+01
1.205107e+01
1.205712e+01
1.206318e+01
1.206924e+01
1.207529e+01
1.208135e+01
1.208740e+01
1.209346e+01
1.209952e+01
1.210557e+01
1.211163e+01
1.211768e+01
1.212374e+01
1.212980e+01
1.213585e+01
1.214191e+01
1.214797e+01
1.215402e+01
1.216008e+01
1.216613e+01
1.217219e+01
1.217825e+01
1.218430e+01
1.219036e+01
1.219642e+01
1.220247e+01
1.220853e+01
1.221458e+01
1.222064e+01
1.222670e+01
1.223275e+01
1.223881e+01
1.224487e+01
1.225092e+01
1.225698e+01
1.226303e+01
1.226909e+01
1.227515e+01
1.228120e+01
1.228726e+01
1.229332e+01
1.229937e+01
1.230543e+01
1.231148e+01
1.231754e+01
1.232360e+01
1.232965e+01
1.233571e+01
1.234176e+01
1.234782e+01
1.235388e+01
1.235993e+01
1.236599e+01
1.237205e+01
1.237810e+01
1.238416e+01
1.239021e+01
1.239627e+01
1.240233e+01
1.240838e+01
1.241444e+01
1.242050e+01
1.242655e+01
1.243261e+01
1.243866e+01
1.244472e+01
1.245078e+01
1.245683e+01
1.246289e+01
1.246895e+01
1.247500e+01
1.248106e+01
1.248711e+01
1.249317e+01
1.249923e+01
1.250528e+01
1.251134e+01
1.251740e+01
1.252345e+01
1.252951e+01
1.253556e+01
1.254162e+01
1.254768e+01
1.255373e+01
1.255979e+01
1.256585e+01
1.257190e+01
1.257796e+01
1.258401e+01
1.259007e+01
1.259613e+01
1.260218e+01
1.260824e+01
1.261429e+01
1.262035e+01
1.262641e+01
1.263246e+01
1.263852e+01
1.264458e+01
1.265063e+01
1.265669e+01
1.266274e+01
1.266880e+01
1.267486e+01
1.268091e+01
1.268697e+01
1.269303e+01
1.269908e+01
1.270514e+01
1.271119e+01
1.271725e+01
1.272331e+01
1.272936e+01
1.273542e+01
1.274148e+01
1.274753e+01
1.275359e+01
1.275964e+01
1.276570e+01
1.277176e+01
1.277781e+01
1.278387e+01
1.278993e+01
1.279598e+01
1.280204e+01
1.280809e+01
1.281415e+01
1.282021e+01
1.282626e+01
1.283232e+01
1.283838e+01
1.284443e+01
1.285049e+01
1.285654e+01
1.286260e+01
1.286866e+01
1.287471e+01
1.288077e+01
1.288682e+01
1.289288e+01
1.289894e+01
1.290499e+01
1.291105e+01
1.291711e+01
1.292316e+01
1.292922e+01
1.293527e+01
1.294133e+01
1.294739e+01
1.295344e+01
1.295950e+01
1.296556e+01
1.297161e+01
1.297767e+01
1.298372e+01
1.298978e+01
1.299584e+01
1.300189e+01
1.300795e+01
1.301401e+01
1.302006e+01
1.302612e+01
1.303217e+01
1.303823e+01
1.304429e+01
1.305034e+01
1.305640e+01
1.306246e+01
1.306851e+01
1.307457e+01
1.308062e+01
1.308668e+01
1.309274e+01
1.309879e+01
1.310485e+01
1.311091e+01
1.311696e+01
1.312302e+01
1.312907e+01
1.313513e+01
1.314119e+01
1.314724e+01
1.315330e+01
1.315935e+01
1.316541e+01
1.317147e+01
1.317752e+01
1.318358e+01
1.318964e+01
1.319569e+01
1.320175e+01
1.320780e+01
1.321386e+01
1.321992e+01
1.322597e+01
1.323203e+01
1.323809e+01
1.324414e+01
1.325020e+01
1.325625e+01
1.326231e+01
1.326837e+01
1.327442e+01
1.328048e+01
1.328653e+01
1.329259e+01
1.329865e+01
1.330470e+01
1.331076e+01
1.331682e+01
1.332287e+01
1.332893e+01
1.333499e+01
1.334104e+01
1.334710e+01
1.335315e+01
1.335921e+01
1.336527e+01
1.337132e+01
1.337738e+01
1.338343e+01
1.338949e+01
1.339555e+01
1.340160e+01
1.340766e+01
1.341372e+01
1.341977e+01
1.342583e+01
1.343188e+01
1.343794e+01
1.344400e+01
1.345005e+01
1.345611e+01
1.346217e+01
1.346822e+01
1.347428e+01
1.348033e+01
1.348639e+01
1.349245e+01
1.349850e+01
1.350456e+01
1.351062e+01
1.351667e+01
1.352273e+01
1.352878e+01
1.353484e+01
1.354090e+01
1.354695e+01
1.355301e+01
1.355906e+01
1.356512e+01
1.357118e+01
1.357723e+01
1.358329e+01
1.358935e+01
1.359540e+01
1.360146e+01
1.360751e+01
1.361357e+01
1.361963e+01
1.362568e+01
1.363174e+01
1.363780e+01
1.364385e+01
1.364991e+01
1.365596e+01
1.366202e+01
1.366808e+01
1.367413e+01
1.368019e+01
1.368625e+01
1.369230e+01
1.369836e+01
1.370441e+01
1.371047e+01
1.371653e+01
1.372258e+01
1.372864e+01
1.373470e+01
1.374075e+01
1.374681e+01
1.375286e+01
1.375892e+01
1.376498e+01
1.377103e+01
1.377709e+01
1.378315e+01
1.378920e+01
1.379526e+01
1.380131e+01
1.380737e+01
1.381343e+01
1.381948e+01
1.382554e+01
1.383159e+01
1.383765e+01
1.384371e+01
1.384976e+01
1.385582e+01
1.386188e+01
1.386793e+01
1.387399e+01
1.388004e+01
1.388610e+01
1.389216e+01
1.389821e+01
1.390427e+01
1.391033e+01
1.391638e+01
1.392244e+01
1.392849e+01
1.393455e+01
1.394061e+01
1.394666e+01
1.395272e+01
1.395878e+01
1.396483e+01
1.397089e+01
1.397694e+01
1.398300e+01
1.398906e+01
1.399511e+01
1.400117e+01
1.400723e+01
1.401328e+01
1.401934e+01
1.402539e+01
1.403145e+01
1.403751e+01
1.404356e+01
1.404962e+01
1.405567e+01
1.406173e+01
1.406779e+01
1.407384e+01
1.407990e+01
1.408596e+01
1.409201e+01
1.409807e+01
1.410412e+01
1.411018e+01
1.411624e+01
1.412229e+01
1.412835e+01
1.413441e+01
1.414046e+01
1.414652e+01
1.415257e+01
1.415863e+01
1.416469e+01
1.417074e+01
1.417680e+01
1.418286e+01
1.418891e+01
1.419497e+01
1.420102e+01
1.420708e+01
1.421314e+01
1.421919e+01
1.422525e+01
1.423131e+01
1.423736e+01
1.424342e+01
1.424947e+01
1.425553e+01
1.426159e+01
1.426764e+01
1.427370e+01
1.427976e+01
1.428581e+01
1.429187e+01
1.429792e+01
1.430398e+01
1.431004e+01
1.431609e+01
1.432215e+01
1.432820e+01
1.433426e+01
1.434032e+01
1.434637e+01
1.435243e+01
1.435849e+01
1.436454e+01
1.437060e+01
1.437665e+01
1.438271e+01
1.438877e+01
1.439482e+01
1.440088e+01
1.440694e+01
1.441299e+01
1.441905e+01
1.442510e+01
1.443116e+01
1.443722e+01
1.444327e+01
1.444933e+01
1.445539e+01
1.446144e+01
1.446750e+01
1.447355e+01
1.447961e+01
1.448567e+01
1.449226e+01
1.449886e+01
1.450546e+01
1.451206e+01
1.451866e+01
1.452526e+01
1.453186e+01
1.453845e+01
1.454505e+01
1.455165e+01
1.455825e+01
1.456485e+01
1.457145e+01
1.457804e+01
1.458464e+01
1.459124e+01
1.459784e+01
1.460444e+01
1.461104e+01
1.461764e+01
1.462423e+01
1.463083e+01
1.463743e+01
1.464403e+01
1.465063e+01
1.465723e+01
1.466382e+01
1.467042e+01
1.467702e+01
1.468362e+01
1.469022e+01
1.469682e+01
1.470341e+01
1.471001e+01
1.471661e+01
1.472321e+01
1.472981e+01
1.473641e+01
1.474300e+01
1.474960e+01
1.475620e+01
1.476280e+01
1.476940e+01
1.477600e+01
1.478260e+01
1.478919e+01
1.479579e+01
1.480239e+01
1.480899e+01
1.481559e+01
1.482219e+01
1.482878e+01
1.483538e+01
1.484198e+01
1.484858e+01
1.485518e+01
1.486178e+01
1.486837e+01
1.487497e+01
1.488157e+01
1.488817e+01
1.489477e+01
1.490137e+01
1.490797e+01
1.491456e+01
1.492116e+01
1.492776e+01
1.493436e+01
1.494096e+01
1.494756e+01
1.495415e+01
1.496075e+01
1.496735e+01
1.497395e+01
1.498055e+01
1.498715e+01
1.499374e+01
1.500034e+01
1.500694e+01
1.501354e+01
1.502014e+01
1.502674e+01
1.503333e+01
1.503993e+01
1.504653e+01
1.505313e+01
1.505973e+01
1.506633e+01
1.507293e+01
1.507952e+01
1.508612e+01
1.509272e+01
1.509932e+01
1.510592e+01
1.511252e+01
1.511911e+01
1.512571e+01
1.513231e+01
1.513891e+01
1.514551e+01
1.515211e+01
1.515870e+01
1.516530e+01
1.517190e+01
1.517850e+01
1.518510e+01
1.519170e+01
1.519829e+01
1.520489e+01
1.521149e+01
1.521809e+01
1.522469e+01
1.523129e+01
1.523789e+01
1.524448e+01
1.525108e+01
1.525768e+01
1.526428e+01
1.527088e+01
1.527748e+01
1.528407e+01
1.529067e+01
1.529727e+01
1.530387e+01
1.531047e+01
1.531707e+01
1.532366e+01
1.533026e+01
1.533686e+01
1.534346e+01
1.535006e+01
1.535666e+01
1.536326e+01
1.536985e+01
1.537645e+01
1.538305e+01
1.538965e+01
1.539625e+01
1.540285e+01
1.540944e+01
1.541604e+01
1.542264e+01
1.542924e+01
1.543584e+01
1.544244e+01
1.544903e+01
1.545563e+01
1.546223e+01
1.546883e+01
1.547543e+01
1.548203e+01
1.548862e+01
1.549522e+01
1.550182e+01
1.550842e+01
1.551502e+01
1.552162e+01
1.552822e+01
1.553481e+01
1.554141e+01
1.554801e+01
1.555461e+01
1.556121e+01
1.556781e+01
1.557440e+01
1.558100e+01
1.558760e+01
1.559420e+01
1.560080e+01
1.560740e+01
1.561399e+01
1.562059e+01
1.562719e+01
1.563379e+01
1.564039e+01
1.564699e+01
1.565359e+01
1.566018e+01
1.566678e+01
1.567338e+01
1.567998e+01
1.568658e+01
1.569318e+01
1.569977e+01
1.570637e+01
1.571297e+01
1.571957e+01
1.572617e+01
1.573277e+01
1.573936e+01
1.574596e+01
1.575256e+01
1.575916e+01
1.576576e+01
1.577236e+01
1.577895e+01
1.578555e+01
1.579215e+01
1.579875e+01
1.580535e+01
1.581195e+01
1.581855e+01
1.582514e+01
1.583174e+01
1.583834e+01
1.584494e+01
1.585154e+01
1.585814e+01
1.586473e+01
1.587133e+01
1.587793e+01
1.588453e+01
1.589113e+01
1.589773e+01
1.590432e+01
1.591092e+01
1.591752e+01
1.592412e+01
1.593072e+01
1.593732e+01
1.594391e+01
1.595051e+01
1.595711e+01
1.596371e+01
1.597031e+01
1.597691e+01
1.598351e+01
1.599010e+01
1.599670e+01
1.600330e+01
1.600990e+01
1.601650e+01
1.602310e+01
1.602969e+01
1.603629e+01
1.604289e+01
1.604949e+01
1.605609e+01
1.606269e+01
1.606928e+01
1.607588e+01
1.608248e+01
1.608908e+01
1.609568e+01
1.610228e+01
1.610888e+01
1.611547e+01
1.612207e+01
1.612867e+01
1.613527e+01
1.614187e+01
1.614847e+01
1.615506e+01
1.616166e+01
1.616826e+01
1.617486e+01
1.618146e+01
1.618806e+01
1.619465e+01
1.620125e+01
1.620785e+01
1.621445e+01
1.622105e+01
1.622765e+01
1.623425e+01
1.624084e+01
1.624744e+01
1.625404e+01
1.626064e+01
1.626724e+01
1.627384e+01
1.628043e+01
1.628703e+01
1.629363e+01
1.630023e+01
1.630683e+01
1.631343e+01
1.632002e+01
1.632662e+01
1.633322e+01
1.633982e+01
1.634642e+01
1.635302e+01
1.635962e+01
1.636621e+01
1.637281e+01
1.637941e+01
1.638601e+01
1.639261e+01
1.639921e+01
1.640580e+01
1.641240e+01
1.641900e+01
1.642560e+01
1.643220e+01
1.643880e+01
1.644539e+01
1.645199e+01
1.645859e+01
1.646519e+01
1.647179e+01
1.647839e+01
1.648498e+01
1.649158e+01
1.649818e+01
1.650478e+01
1.651138e+01
1.651798e+01
1.652458e+01
1.653117e+01
1.653777e+01
1.654437e+01
1.655097e+01
1.655757e+01
1.656417e+01
1.657076e+01
1.657736e+01
1.658396e+01
1.659056e+01
1.659716e+01
1.660376e+01
1.661035e+01
1.661695e+01
1.662355e+01
1.663015e+01
1.663675e+01
1.664335e+01
1.664995e+01
1.665654e+01
1.666314e+01
1.666974e+01
1.667634e+01
1.668294e+01
1.668954e+01
1.669613e+01
1.670273e+01
1.670933e+01
1.671593e+01
1.672253e+01
1.672913e+01
1.673572e+01
1.674232e+01
1.674892e+01
1.675552e+01
1.676212e+01
1.676872e+01
1.677531e+01
1.678191e+01
1.678851e+01
1.679511e+01
1.680171e+01
1.680831e+01
1.681491e+01
1.682150e+01
1.682810e+01
1.683470e+01
1.684130e+01
1.684790e+01
1.685450e+01
1.686109e+01
1.686769e+01
1.687429e+01
1.688089e+01
1.688749e+01
1.689409e+01
1.690068e+01
1.690728e+01
1.691388e+01
1.692048e+01
1.692708e+01
1.693368e+01
1.694028e+01
1.694687e+01
1.695347e+01
1.696007e+01
1.696667e+01
1.697327e+01
1.697987e+01
1.698646e+01
1.699306e+01
1.699966e+01
1.700626e+01
1.701286e+01
1.701946e+01
1.702605e+01
1.703265e+01
1.703925e+01
1.704585e+01
1.705245e+01
1.705905e+01
1.706564e+01
1.707224e+01
1.707884e+01
1.708544e+01
1.709204e+01
1.709864e+01
1.710524e+01
1.711183e+01
1.711843e+01
1.712503e+01
1.713163e+01
1.713823e+01
1.714483e+01
1.715142e+01
1.715802e+01
1.716462e+01
1.717122e+01
1.717782e+01
1.718442e+01
1.719101e+01
1.719761e+01
1.720421e+01
1.721081e+01
1.721741e+01
1.722401e+01
1.723060e+01
1.723720e+01
1.724380e+01
1.725040e+01
1.725700e+01
1.726360e+01
1.727020e+01
1.727679e+01
1.728339e+01
1.728999e+01
1.729659e+01
1.730319e+01
1.730979e+01
1.731638e+01
1.732298e+01
1.732958e+01
1.733618e+01
1.734278e+01
1.734938e+01
1.735597e+01
1.736257e+01
1.736917e+01
1.737577e+01
1.738237e+01
1.738897e+01
1.739557e+01
1.740216e+01
1.740876e+01
1.741536e+01
1.742196e+01
1.742856e+01
1.743516e+01
1.744175e+01
1.744835e+01
1.745495e+01
1.746155e+01
1.746815e+01
1.747475e+01
1.748134e+01
1.748794e+01
1.749454e+01
1.750114e+01
1.750774e+01
1.751434e+01
1.752093e+01
1.752753e+01
1.753413e+01
1.754073e+01
1.754733e+01
1.755393e+01
1.756053e+01
1.756712e+01
1.757372e+01
1.758032e+01
1.758692e+01
1.759352e+01
1.760012e+01
1.760671e+01
1.761331e+01
1.761991e+01
1.762651e+01
1.763311e+01
1.763971e+01
1.764630e+01
1.765290e+01
1.765950e+01
1.766610e+01
1.767270e+01
1.767930e+01
1.768590e+01
1.769249e+01
1.769909e+01
1.770569e+01
1.771229e+01
1.771889e+01
1.772549e+01
1.773208e+01
1.773868e+01
1.774528e+01
1.775188e+01
1.775848e+01
1.776508e+01
1.777167e+01
1.777827e+01
1.778487e+01
1.779147e+01
1.779807e+01
1.780467e+01
1.781103e+01
1.781739e+01
1.782376e+01
1.783012e+01
1.783649e+01
1.784285e+01
1.784921e+01
1.785558e+01
1.786194e+01
1.786830e+01
1.787467e+01
1.788103e+01
1.788740e+01
1.789376e+01
1.790012e+01
1.790649e+01
1.791285e+01
1.791922e+01
1.792558e+01
1.793194e+01
1.793831e+01
1.794467e+01
1.795103e+01
1.795740e+01
1.796376e+01
1.797013e+01
1.797649e+01
1.798285e+01
1.798922e+01
1.799558e+01
1.800195e+01
1.800831e+01
1.801467e+01
1.802104e+01
1.802740e+01
1.803376e+01
1.804013e+01
1.804649e+01
1.805286e+01
1.805922e+01
1.806558e+01
1.807195e+01
1.807831e+01
1.808467e+01
1.809104e+01
1.809740e+01
1.810377e+01
1.811013e+01
1.811649e+01
1.812286e+01
1.812922e+01
1.813559e+01
1.814195e+01
1.814831e+01
1.815468e+01
1.816104e+01
1.816740e+01
1.817377e+01
1.818013e+01
1.818650e+01
1.819286e+01
1.819922e+01
1.820559e+01
1.821195e+01
1.821831e+01
1.822468e+01
1.823104e+01
1.823741e+01
1.824377e+01
1.825013e+01
1.825650e+01
1.826286e+01
1.826923e+01
1.827559e+01
1.828195e+01
1.828832e+01
1.829468e+01
1.830104e+01
1.830741e+01
1.831377e+01
1.832014e+01
1.832650e+01
1.833286e+01
1.833923e+01
1.834559e+01
1.835195e+01
1.835832e+01
1.836468e+01
1.837105e+01
1.837741e+01
1.838377e+01
1.839014e+01
1.839650e+01
1.840287e+01
1.840923e+01
1.841559e+01
1.842196e+01
1.842832e+01
1.843468e+01
1.844105e+01
1.844741e+01
1.845378e+01
1.846014e+01
1.846650e+01
1.847287e+01
1.847923e+01
1.848560e+01
1.849196e+01
1.849832e+01
1.850469e+01
1.851105e+01
1.851741e+01
1.852378e+01
1.853014e+01
1.853651e+01
1.854287e+01
1.854923e+01
1.855560e+01
1.856196e+01
1.856832e+01
1.857469e+01
1.858105e+01
1.858742e+01
1.859378e+01
1.860014e+01
1.860651e+01
1.861287e+01
1.861924e+01
1.862560e+01
1.863196e+01
1.863833e+01
1.864469e+01
1.865105e+01
1.865742e+01
1.866378e+01
1.867015e+01
1.867651e+01
1.868287e+01
1.868924e+01
1.869560e+01
1.870197e+01
1.870833e+01
1.871469e+01
1.872106e+01
1.872742e+01
1.873378e+01
1.874015e+01
1.874651e+01
1.875288e+01
1.875924e+01
1.876560e+01
1.877197e+01
1.877833e+01
1.878469e+01
1.879106e+01
1.879742e+01
1.880379e+01
1.881015e+01
1.881651e+01
1.882288e+01
1.882924e+01
1.883560e+01
1.884197e+01
1.884833e+01
1.885470e+01
1.886106e+01
1.886742e+01
1.887379e+01
1.888015e+01
1.888652e+01
1.889288e+01
1.889924e+01
1.890561e+01
1.891197e+01
1.891833e+01
1.892470e+01
1.893106e+01
1.893743e+01
1.894379e+01
1.895015e+01
1.895652e+01
1.896288e+01
1.896925e+01
1.897561e+01
1.898197e+01
1.898834e+01
1.899470e+01
1.900106e+01
1.900743e+01
1.901379e+01
1.902016e+01
1.902652e+01
1.903288e+01
1.903925e+01
1.904561e+01
1.905197e+01
1.905834e+01
1.906470e+01
1.907107e+01
1.907743e+01
1.908379e+01
1.909016e+01
1.909652e+01
1.910289e+01
1.910925e+01
1.911561e+01
1.912198e+01
1.912834e+01
1.913470e+01
1.914107e+01
1.914743e+01
1.915380e+01
1.916016e+01
1.916652e+01
1.917289e+01
1.917925e+01
1.918562e+01
1.919198e+01
1.919834e+01
1.920471e+01
1.921107e+01
1.921743e+01
1.922380e+01
1.923016e+01
1.923653e+01
1.924289e+01
1.924925e+01
1.925562e+01
1.926198e+01
1.926834e+01
1.927471e+01
1.928107e+01
1.928744e+01
1.929380e+01
1.930016e+01
1.930653e+01
1.931289e+01
1.931926e+01
1.932562e+01
1.933198e+01
1.933835e+01
1.934471e+01
1.935107e+01
1.935744e+01
1.936380e+01
1.937017e+01
1.937653e+01
1.938289e+01
1.938926e+01
1.939562e+01
1.940198e+01
1.940835e+01
1.941471e+01
1.942108e+01
1.942744e+01
1.943380e+01
1.944017e+01
1.944653e+01
1.945290e+01
1.945926e+01
1.946562e+01
1.947199e+01
1.947835e+01
1.948471e+01
1.949108e+01
1.949744e+01
1.950381e+01
1.951017e+01
1.951653e+01
1.952290e+01
1.952926e+01
1.953562e+01
1.954199e+01
1.954835e+01
1.955472e+01
1.956108e+01
1.956744e+01
1.957381e+01
1.958017e+01
1.958654e+01
1.959290e+01
1.959926e+01
1.960563e+01
1.961199e+01
1.961835e+01
1.962472e+01
1.963108e+01
1.963745e+01
1.964381e+01
1.965017e+01
1.965654e+01
1.966290e+01
1.966926e+01
1.967563e+01
1.968199e+01
1.968836e+01
1.969472e+01
1.970108e+01
1.970745e+01
1.971381e+01
1.972018e+01
1.972654e+01
1.973290e+01
1.973927e+01
1.974563e+01
1.975199e+01
1.975836e+01
1.976472e+01
1.977108e+01
1.977745e+01
1.978381e+01
1.979018e+01
1.979654e+01
1.980291e+01
1.980927e+01
1.981564e+01
1.982200e+01
1.982836e+01
1.983473e+01
1.984109e+01
1.984745e+01
1.985382e+01
1.986018e+01
1.986654e+01
1.987291e+01
1.987927e+01
1.988563e+01
1.989200e+01
1.989836e+01
1.990472e+01
1.991109e+01
1.991745e+01
1.992382e+01
1.993018e+01
1.993655e+01
1.994291e+01
1.994928e+01
1.995564e+01
1.996200e+01
1.996837e+01
1.997473e+01
1.998109e+01
1.998746e+01
1.999382e+01
2.000018e+01
2.000654e+01
2.001291e+01
2.001927e+01
2.002564e+01
2.003200e+01
2.003837e+01
2.004473e+01
2.005110e+01
2.005746e+01
2.006382e+01
2.007019e+01
2.007655e+01
2.008291e+01
2.008928e+01
2.009564e+01
2.010200e+01
2.010837e+01
2.011473e+01
2.012109e+01
2.012746e+01
2.013382e+01
2.014018e+01
2.014655e+01
2.015291e+01
2.015928e+01
2.016564e+01
2.017201e+01
2.017837e+01
2.018474e+01
2.019110e+01
2.019746e+01
2.020383e+01
2.021019e+01
2.021655e+01
2.022292e+01
2.022928e+01
2.023564e+01
2.024201e+01
2.024837e+01
2.025473e+01
2.026110e+01
2.026746e+01
2.027383e+01
2.028019e+01
2.028656e+01
2.029292e+01
2.029929e+01
2.030565e+01
2.031201e+01
2.031838e+01
2.032474e+01
2.033110e+01
2.033747e+01
2.034383e+01
2.035019e+01
2.035656e+01
2.036292e+01
2.036928e+01
2.037565e+01
2.038201e+01
2.038838e+01
2.039474e+01
2.040111e+01
2.040747e+01
2.041383e+01
2.042020e+01
2.042656e+01
2.043292e+01
2.043929e+01
2.044565e+01
2.045201e+01
2.045838e+01
2.046474e+01
2.047110e+01
2.047747e+01
2.048383e+01
2.049019e+01
2.049656e+01
2.050292e+01
2.050929e+01
2.051565e+01
2.052202e+01
2.052838e+01
2.053475e+01
2.054111e+01
2.054747e+01
2.055384e+01
2.056020e+01
2.056656e+01
2.057293e+01
2.057929e+01
2.058565e+01
2.059202e+01
2.059838e+01
2.060474e+01
2.061111e+01
2.061747e+01
2.062384e+01
2.063020e+01
2.063657e+01
2.064293e+01
2.064930e+01
2.065566e+01
2.066202e+01
2.066839e+01
2.067475e+01
2.068111e+01
2.068748e+01
2.069384e+01
2.070020e+01
2.070657e+01
2.071293e+01
2.071929e+01
2.072566e+01
2.073202e+01
2.073838e+01
2.074475e+01
2.075111e+01
2.075748e+01
2.076384e+01
2.077021e+01
2.077657e+01
2.078294e+01
2.078930e+01
2.079566e+01
2.080203e+01
2.080839e+01
2.081475e+01
2.082111e+01
2.082748e+01
2.083384e+01
2.084020e+01
2.084657e+01
2.085293e+01
2.085930e+01
2.086566e+01
