5.800000e-01
5.803331e-01
5.806669e-01
5.810000e-01
5.813331e-01
5.816669e-01
5.820000e-01
5.823331e-01
5.826669e-01
5.830000e-01
5.833331e-01
5.836669e-01
5.840000e-01
5.843331e-01
5.846669e-01
5.850000e-01
5.853331e-01
5.856669e-01
5.860000e-01
5.863331e-01
5.866669e-01
5.870000e-01
5.873331e-01
5.876669e-01
5.880000e-01
5.883331e-01
5.886669e-01
5.890000e-01
5.893331e-01
5.896669e-01
5.900000e-01
5.900000e-01
5.900000e-01
5.900000e-01
5.900000e-01
5.900000e-01
5.900000e-01
5.900000e-01
5.900000e-01
5.900000e-01
5.900000e-01
5.900000e-01
5.900000e-01
5.900000e-01
5.900000e-01
5.900000e-01
5.900000e-01
5.900000e-01
5.900000e-01
5.900000e-01
5.900000e-01
5.901583e-01
5.903167e-01
5.904750e-01
5.906333e-01
5.907917e-01
5.909500e-01
5.911083e-01
5.912667e-01
5.914250e-01
5.915833e-01
5.917417e-01
5.919000e-01
5.920583e-01
5.922167e-01
5.923750e-01
5.925333e-01
5.926917e-01
5.928500e-01
5.928336e-01
5.931667e-01
5.934998e-01
5.938336e-01
5.941667e-01
5.944998e-01
5.948336e-01
5.951667e-01
5.954998e-01
5.958336e-01
5.961667e-01
5.964998e-01
5.968336e-01
5.971667e-01
5.974998e-01
5.978336e-01
5.981667e-01
5.984998e-01
5.988336e-01
5.991667e-01
5.994998e-01
5.998336e-01
6.001667e-01
6.004998e-01
6.008336e-01
6.011667e-01
6.014998e-01
6.018336e-01
6.021667e-01
6.024998e-01
6.028336e-01
6.031667e-01
6.032933e-01
6.034200e-01
6.035467e-01
6.036733e-01
6.038000e-01
6.039267e-01
6.040533e-01
6.041800e-01
6.043067e-01
6.044333e-01
6.045600e-01
6.046867e-01
6.048133e-01
6.049400e-01
6.050667e-01
6.051933e-01
6.053200e-01
6.054467e-01
6.055733e-01
6.057000e-01
6.058267e-01
6.059533e-01
6.060800e-01
6.062067e-01
6.063333e-01
6.064600e-01
6.065867e-01
6.067133e-01
6.068400e-01
6.069667e-01
6.070933e-01
6.072200e-01
6.073467e-01
6.074733e-01
6.076000e-01
6.077267e-01
6.078533e-01
6.079800e-01
6.081067e-01
6.082333e-01
6.083600e-01
6.084867e-01
6.086133e-01
6.087400e-01
6.088667e-01
6.089933e-01
6.091200e-01
6.092467e-01
6.093733e-01
6.095000e-01
6.098367e-01
6.101733e-01
6.105100e-01
6.108467e-01
6.111833e-01
6.115200e-01
6.118567e-01
6.121933e-01
6.125300e-01
6.128667e-01
6.132033e-01
6.135400e-01
6.138767e-01
6.142133e-01
6.145500e-01
6.148867e-01
6.152233e-01
6.155600e-01
6.158967e-01
6.162333e-01
6.165700e-01
6.169067e-01
6.172433e-01
6.175800e-01
6.179167e-01
6.182533e-01
6.185900e-01
6.189267e-01
6.192633e-01
6.196000e-01
6.199367e-01
6.202733e-01
6.206100e-01
6.209467e-01
6.212833e-01
6.216200e-01
6.219567e-01
6.222933e-01
6.226300e-01
6.229667e-01
6.233033e-01
6.236400e-01
6.239767e-01
6.243133e-01
6.246500e-01
6.249867e-01
6.253233e-01
6.256600e-01
6.259967e-01
6.263333e-01
6.283183e-01
6.303033e-01
6.322883e-01
6.342733e-01
6.362583e-01
6.382433e-01
6.402283e-01
6.422133e-01
6.441983e-01
6.461833e-01
6.481683e-01
6.501533e-01
6.521383e-01
6.541233e-01
6.561083e-01
6.580933e-01
6.600783e-01
6.620633e-01
6.640483e-01
6.660333e-01
6.680183e-01
6.700033e-01
6.719883e-01
6.739733e-01
6.759583e-01
6.779433e-01
6.799283e-01
6.819133e-01
6.838983e-01
6.858833e-01
6.878683e-01
6.898533e-01
6.918383e-01
6.938233e-01
6.958083e-01
6.977933e-01
6.997783e-01
7.017633e-01
7.037483e-01
7.057333e-01
7.077183e-01
7.097033e-01
7.116883e-01
7.136733e-01
7.156583e-01
7.176433e-01
7.196283e-01
7.216133e-01
7.235983e-01
7.255833e-01
7.275683e-01
7.295533e-01
7.315383e-01
7.335233e-01
7.355083e-01
7.374933e-01
7.394783e-01
7.414633e-01
7.434483e-01
7.454333e-01
7.474183e-01
7.494033e-01
7.513883e-01
7.533733e-01
7.553583e-01
7.573433e-01
7.593283e-01
7.613133e-01
7.632983e-01
7.652833e-01
7.672683e-01
7.692533e-01
7.712383e-01
7.732233e-01
7.752083e-01
7.771933e-01
7.791783e-01
7.811633e-01
7.831483e-01
7.851333e-01
7.871183e-01
7.891033e-01
7.910883e-01
7.930733e-01
7.950583e-01
7.970433e-01
7.990283e-01
8.010133e-01
8.029983e-01
8.049833e-01
8.069683e-01
8.089533e-01
8.109383e-01
8.129233e-01
8.149083e-01
8.168933e-01
8.188783e-01
8.208633e-01
8.228483e-01
8.248333e-01
8.259433e-01
8.270533e-01
8.281633e-01
8.292733e-01
8.303833e-01
8.314933e-01
8.326033e-01
8.337133e-01
8.348233e-01
8.359333e-01
8.370433e-01
8.381533e-01
8.392633e-01
8.403733e-01
8.414833e-01
8.425933e-01
8.437033e-01
8.448133e-01
8.459233e-01
8.470333e-01
8.481433e-01
8.492533e-01
8.503633e-01
8.514733e-01
8.525833e-01
8.536933e-01
8.548033e-01
8.559133e-01
8.570233e-01
8.581333e-01
8.592433e-01
8.603533e-01
8.614633e-01
8.625733e-01
8.636833e-01
8.647933e-01
8.659033e-01
8.670133e-01
8.681233e-01
8.692333e-01
8.703433e-01
8.714533e-01
8.725633e-01
8.736733e-01
8.747833e-01
8.758933e-01
8.770033e-01
8.781133e-01
8.792233e-01
8.803333e-01
8.814433e-01
8.825533e-01
8.836633e-01
8.847733e-01
8.858833e-01
8.869933e-01
8.881033e-01
8.892133e-01
8.903233e-01
8.914333e-01
8.925433e-01
8.936533e-01
8.947633e-01
8.958733e-01
8.969833e-01
8.980933e-01
8.992033e-01
9.003133e-01
9.014233e-01
9.025333e-01
9.036433e-01
9.047533e-01
9.058633e-01
9.069733e-01
9.080833e-01
9.091933e-01
9.103033e-01
9.114133e-01
9.125233e-01
9.136333e-01
9.147433e-01
9.158533e-01
9.169633e-01
9.180733e-01
9.191833e-01
9.202933e-01
9.214033e-01
9.225133e-01
9.236233e-01
9.247333e-01
9.258433e-01
9.269533e-01
9.280633e-01
9.291733e-01
9.302833e-01
9.313933e-01
9.325033e-01
9.336133e-01
9.347233e-01
9.358333e-01
9.365675e-01
9.373017e-01
9.380358e-01
9.387700e-01
9.395042e-01
9.402383e-01
9.409725e-01
9.417067e-01
9.424408e-01
9.431750e-01
9.439092e-01
9.446433e-01
9.453775e-01
9.461117e-01
9.468458e-01
9.475800e-01
9.483142e-01
9.490483e-01
9.497825e-01
9.505167e-01
9.512508e-01
9.519850e-01
9.527192e-01
9.534533e-01
9.541875e-01
9.549217e-01
9.556558e-01
9.563900e-01
9.571242e-01
9.578583e-01
9.585925e-01
9.593267e-01
9.600608e-01
9.607950e-01
9.615292e-01
9.622633e-01
9.629975e-01
9.637317e-01
9.644658e-01
9.652000e-01
9.659342e-01
9.666683e-01
9.674025e-01
9.681367e-01
9.688708e-01
9.696050e-01
9.703392e-01
9.710733e-01
9.718075e-01
9.725417e-01
9.732758e-01
9.740100e-01
9.747442e-01
9.754783e-01
9.762125e-01
9.769467e-01
9.776808e-01
9.784150e-01
9.791492e-01
9.798833e-01
9.806175e-01
9.813517e-01
9.820858e-01
9.828200e-01
9.835542e-01
9.842883e-01
9.850225e-01
9.857567e-01
9.864908e-01
9.872250e-01
9.879592e-01
9.886933e-01
9.894275e-01
9.901617e-01
9.908958e-01
9.916300e-01
9.923642e-01
9.930983e-01
9.938325e-01
9.945667e-01
9.953008e-01
9.960350e-01
9.967692e-01
9.975033e-01
9.982375e-01
9.989717e-01
9.997058e-01
1.000440e+00
1.001174e+00
1.001908e+00
1.002642e+00
1.003377e+00
1.004111e+00
1.004845e+00
1.005579e+00
1.006313e+00
1.007048e+00
1.007782e+00
1.008516e+00
1.009250e+00
1.009984e+00
1.010718e+00
1.011453e+00
1.012187e+00
1.012921e+00
1.013655e+00
1.014389e+00
1.015123e+00
1.015857e+00
1.016592e+00
1.017326e+00
1.018060e+00
1.018794e+00
1.019528e+00
1.020263e+00
1.020997e+00
1.021731e+00
1.022465e+00
1.023199e+00
1.023933e+00
1.024668e+00
1.025402e+00
1.026136e+00
1.026870e+00
1.027604e+00
1.028338e+00
1.029073e+00
1.029807e+00
1.030541e+00
1.031275e+00
1.032009e+00
1.032743e+00
1.033477e+00
1.034212e+00
1.034946e+00
1.035680e+00
1.036414e+00
1.037148e+00
1.037883e+00
1.038617e+00
1.039351e+00
1.040085e+00
1.040819e+00
1.041553e+00
1.042288e+00
1.043022e+00
1.043756e+00
1.044490e+00
1.045224e+00
1.045958e+00
1.046693e+00
1.047427e+00
1.048161e+00
1.048895e+00
1.049629e+00
1.050363e+00
1.051098e+00
1.051832e+00
1.052566e+00
1.053300e+00
1.054034e+00
1.054768e+00
1.055503e+00
1.056237e+00
1.056971e+00
1.057705e+00
1.058439e+00
1.059173e+00
1.059908e+00
1.060642e+00
1.061376e+00
1.062110e+00
1.062844e+00
1.063578e+00
1.064312e+00
1.065047e+00
1.065781e+00
1.066515e+00
1.067249e+00
1.067983e+00
1.068717e+00
1.069452e+00
1.070186e+00
1.070920e+00
1.071654e+00
1.072388e+00
1.073122e+00
1.073857e+00
1.074591e+00
1.075325e+00
1.076059e+00
1.076793e+00
1.077527e+00
1.078262e+00
1.078996e+00
1.079730e+00
1.080464e+00
1.081198e+00
1.081932e+00
1.082667e+00
1.083498e+00
1.084330e+00
1.085162e+00
1.085993e+00
1.086825e+00
1.087657e+00
1.088488e+00
1.089320e+00
1.090152e+00
1.090983e+00
1.091815e+00
1.092647e+00
1.093478e+00
1.094310e+00
1.095142e+00
1.095973e+00
1.096805e+00
1.097637e+00
1.098468e+00
1.099300e+00
1.100132e+00
1.100963e+00
1.101795e+00
1.102627e+00
1.103458e+00
1.104290e+00
1.105122e+00
1.105953e+00
1.106785e+00
1.107617e+00
1.108448e+00
1.109280e+00
1.110112e+00
1.110943e+00
1.111775e+00
1.112607e+00
1.113438e+00
1.114270e+00
1.115102e+00
1.115933e+00
1.116765e+00
1.117597e+00
1.118428e+00
1.119260e+00
1.120092e+00
1.120923e+00
1.121755e+00
1.122587e+00
1.123418e+00
1.124250e+00
1.125082e+00
1.125913e+00
1.126745e+00
1.127577e+00
1.128408e+00
1.129240e+00
1.130072e+00
1.130903e+00
1.131735e+00
1.132567e+00
1.133398e+00
1.134230e+00
1.135062e+00
1.135893e+00
1.136725e+00
1.137557e+00
1.138388e+00
1.139220e+00
1.140052e+00
1.140883e+00
1.141715e+00
1.142547e+00
1.143378e+00
1.144210e+00
1.145042e+00
1.145873e+00
1.146705e+00
1.147537e+00
1.148368e+00
1.149200e+00
1.150032e+00
1.150863e+00
1.151695e+00
1.152527e+00
1.153358e+00
1.154190e+00
1.155022e+00
1.155853e+00
1.156685e+00
1.157517e+00
1.158348e+00
1.159180e+00
1.160012e+00
1.160843e+00
1.161675e+00
1.162507e+00
1.163338e+00
1.164170e+00
1.165002e+00
1.165833e+00
1.186634e+00
1.207434e+00
1.228235e+00
1.249035e+00
1.269836e+00
1.290636e+00
1.311437e+00
1.332238e+00
1.353038e+00
1.373839e+00
1.394639e+00
1.415440e+00
1.436240e+00
1.457041e+00
1.477842e+00
1.498642e+00
1.519443e+00
1.540243e+00
1.561044e+00
1.581844e+00
1.602645e+00
1.623446e+00
1.644246e+00
1.665047e+00
1.685847e+00
1.706648e+00
1.727449e+00
1.748249e+00
1.769050e+00
1.789850e+00
1.810651e+00
1.831451e+00
1.852252e+00
1.873053e+00
1.893853e+00
1.914654e+00
1.935454e+00
1.956255e+00
1.977055e+00
1.997856e+00
2.018657e+00
2.039457e+00
2.060258e+00
2.081058e+00
2.101859e+00
2.122659e+00
2.143460e+00
2.164261e+00
2.185061e+00
2.205862e+00
2.226662e+00
2.247463e+00
2.268263e+00
2.289064e+00
2.309865e+00
2.330665e+00
2.351466e+00
2.372266e+00
2.393067e+00
2.413867e+00
2.434668e+00
2.455469e+00
2.476269e+00
2.497070e+00
2.517870e+00
2.538671e+00
2.559472e+00
2.580272e+00
2.601073e+00
2.621873e+00
2.642674e+00
2.663474e+00
2.684275e+00
2.705076e+00
2.725876e+00
2.746677e+00
2.767477e+00
2.788278e+00
2.809078e+00
2.829879e+00
2.850680e+00
2.871480e+00
2.892281e+00
2.913081e+00
2.933882e+00
2.954682e+00
2.975483e+00
2.996284e+00
3.017084e+00
3.037885e+00
3.058685e+00
3.079486e+00
3.100286e+00
3.121087e+00
3.141888e+00
3.162688e+00
3.183489e+00
3.204289e+00
3.225090e+00
3.245890e+00
3.266691e+00
3.287492e+00
3.308292e+00
3.329093e+00
3.349893e+00
3.370694e+00
3.391495e+00
3.412295e+00
3.433096e+00
3.453896e+00
3.474697e+00
3.495497e+00
3.516298e+00
3.537099e+00
3.557899e+00
3.578700e+00
3.599500e+00
3.620301e+00
3.641101e+00
3.661902e+00
3.682703e+00
3.703503e+00
3.724304e+00
3.745104e+00
3.765905e+00
3.786705e+00
3.807506e+00
3.828307e+00
3.849107e+00
3.869908e+00
3.890708e+00
3.911509e+00
3.932309e+00
3.953110e+00
3.973911e+00
3.994711e+00
4.015512e+00
4.036312e+00
4.057113e+00
4.077913e+00
4.098714e+00
4.119515e+00
4.140315e+00
4.161116e+00
4.181916e+00
4.202717e+00
4.223518e+00
4.244318e+00
4.265119e+00
4.285919e+00
4.306720e+00
4.327520e+00
4.348321e+00
4.369122e+00
4.389922e+00
4.410723e+00
4.431523e+00
4.452324e+00
4.473124e+00
4.493925e+00
4.514726e+00
4.535526e+00
4.556327e+00
4.577127e+00
4.597928e+00
4.618728e+00
4.639529e+00
4.660330e+00
4.681130e+00
4.701931e+00
4.722731e+00
4.743532e+00
4.764332e+00
4.785133e+00
4.805934e+00
4.826734e+00
4.847535e+00
4.868335e+00
4.889136e+00
4.909936e+00
4.930737e+00
4.951538e+00
4.972338e+00
4.993139e+00
5.013939e+00
5.034740e+00
5.055541e+00
5.076341e+00
5.097142e+00
5.117942e+00
5.138743e+00
5.159543e+00
5.180344e+00
5.201145e+00
5.221945e+00
5.242746e+00
5.263546e+00
5.284347e+00
5.305147e+00
5.325948e+00
5.346749e+00
5.367549e+00
5.388350e+00
5.409150e+00
5.429951e+00
5.450751e+00
5.471552e+00
5.492353e+00
5.513153e+00
5.533954e+00
5.554754e+00
5.575555e+00
5.596355e+00
5.617156e+00
5.637957e+00
5.658757e+00
5.679558e+00
5.700358e+00
5.721159e+00
5.741959e+00
5.762760e+00
5.783561e+00
5.804361e+00
5.825162e+00
5.845962e+00
5.866763e+00
5.887564e+00
5.908364e+00
5.929165e+00
5.949965e+00
5.970766e+00
5.991566e+00
6.012367e+00
6.033168e+00
6.053968e+00
6.074769e+00
6.095569e+00
6.116370e+00
6.137170e+00
6.157971e+00
6.178772e+00
6.199572e+00
6.220373e+00
6.241173e+00
6.261974e+00
6.282774e+00
6.303575e+00
6.324376e+00
6.345176e+00
6.365977e+00
6.386777e+00
6.407578e+00
6.428378e+00
6.449179e+00
6.469980e+00
6.490780e+00
6.511581e+00
6.532381e+00
6.553182e+00
6.573982e+00
6.594783e+00
6.615584e+00
6.636384e+00
6.657185e+00
6.677985e+00
6.698786e+00
6.719587e+00
6.740387e+00
6.761188e+00
6.781988e+00
6.802789e+00
6.823589e+00
6.844390e+00
6.865191e+00
6.885991e+00
6.906792e+00
6.927592e+00
6.948393e+00
6.969193e+00
6.989994e+00
7.010795e+00
7.031595e+00
7.052396e+00
7.073196e+00
7.093997e+00
7.114797e+00
7.135598e+00
7.156399e+00
7.177199e+00
7.198000e+00
7.218800e+00
7.239601e+00
7.260401e+00
7.281202e+00
7.302003e+00
7.322803e+00
7.343604e+00
7.364404e+00
7.385205e+00
7.406005e+00
7.426806e+00
7.447607e+00
7.468407e+00
7.489208e+00
7.510008e+00
7.530809e+00
7.551610e+00
7.572410e+00
7.593211e+00
7.614011e+00
7.634812e+00
7.655612e+00
7.676413e+00
7.697214e+00
7.718014e+00
7.738815e+00
7.759615e+00
7.780416e+00
7.801216e+00
7.822017e+00
7.842818e+00
7.863618e+00
7.884419e+00
7.905219e+00
7.926020e+00
7.946820e+00
7.967621e+00
7.988422e+00
8.009222e+00
8.030023e+00
8.050823e+00
8.071624e+00
8.092424e+00
8.113225e+00
8.134026e+00
8.154826e+00
8.175627e+00
8.196427e+00
8.217228e+00
8.238028e+00
8.258829e+00
8.279630e+00
8.300430e+00
8.321231e+00
8.342031e+00
8.362832e+00
8.383633e+00
8.404433e+00
8.425234e+00
8.446034e+00
8.466835e+00
8.487635e+00
8.508436e+00
8.529237e+00
8.550037e+00
8.570838e+00
8.591638e+00
8.612439e+00
8.633239e+00
8.654040e+00
8.674841e+00
8.695641e+00
8.716442e+00
8.737242e+00
8.758043e+00
8.778843e+00
8.799644e+00
8.820445e+00
8.841245e+00
8.862046e+00
8.882846e+00
8.903647e+00
8.924447e+00
8.945248e+00
8.966049e+00
8.986849e+00
9.007650e+00
9.028450e+00
9.049251e+00
9.070051e+00
9.090852e+00
9.111653e+00
9.132453e+00
9.153254e+00
9.174054e+00
9.194855e+00
9.215656e+00
9.236456e+00
9.257257e+00
9.278057e+00
9.298858e+00
9.319658e+00
9.340459e+00
9.361260e+00
9.382060e+00
9.402861e+00
9.423661e+00
9.444462e+00
9.465262e+00
9.486063e+00
9.506864e+00
9.527664e+00
9.548465e+00
9.569265e+00
9.590066e+00
9.610866e+00
9.631667e+00
9.640126e+00
9.648584e+00
9.657043e+00
9.665502e+00
9.673961e+00
9.682420e+00
9.690879e+00
9.699338e+00
9.707797e+00
9.716256e+00
9.724714e+00
9.733173e+00
9.741632e+00
9.750091e+00
9.758550e+00
9.767009e+00
9.775468e+00
9.783927e+00
9.792386e+00
9.800844e+00
9.809303e+00
9.817762e+00
9.826221e+00
9.834680e+00
9.843139e+00
9.851598e+00
9.860057e+00
9.868516e+00
9.876974e+00
9.885433e+00
9.893892e+00
9.902351e+00
9.910810e+00
9.919269e+00
9.927728e+00
9.936187e+00
9.944646e+00
9.953104e+00
9.961563e+00
9.970022e+00
9.978481e+00
9.986940e+00
9.995399e+00
1.000386e+01
1.001232e+01
1.002078e+01
1.002923e+01
1.003769e+01
1.004615e+01
1.005461e+01
1.006307e+01
1.007153e+01
1.007999e+01
1.008845e+01
1.009691e+01
1.010536e+01
1.011382e+01
1.012228e+01
1.013074e+01
1.013920e+01
1.014766e+01
1.015612e+01
1.016458e+01
1.017304e+01
1.018149e+01
1.018995e+01
1.019841e+01
1.020687e+01
1.021533e+01
1.022379e+01
1.023225e+01
1.024071e+01
1.024917e+01
1.025762e+01
1.026608e+01
1.027454e+01
1.028300e+01
1.029146e+01
1.029992e+01
1.030838e+01
1.031684e+01
1.032530e+01
1.033375e+01
1.034221e+01
1.035067e+01
1.035913e+01
1.036759e+01
1.037605e+01
1.038451e+01
1.039297e+01
1.040143e+01
1.040988e+01
1.041834e+01
1.042680e+01
1.043526e+01
1.044372e+01
1.045218e+01
1.046064e+01
1.046910e+01
1.047756e+01
1.048580e+01
1.049405e+01
1.050229e+01
1.051054e+01
1.051879e+01
1.052703e+01
1.053528e+01
1.054352e+01
1.055177e+01
1.056002e+01
1.056826e+01
1.057651e+01
1.058475e+01
1.059300e+01
1.060125e+01
1.060949e+01
1.061774e+01
1.062598e+01
1.063423e+01
1.064248e+01
1.065072e+01
1.065897e+01
1.066721e+01
1.067546e+01
1.068371e+01
1.069195e+01
1.070020e+01
1.070844e+01
1.071669e+01
1.072494e+01
1.073318e+01
1.074143e+01
1.074967e+01
1.075792e+01
1.076617e+01
1.077441e+01
1.078266e+01
1.079090e+01
1.079915e+01
1.080740e+01
1.081564e+01
1.082389e+01
1.083213e+01
1.084038e+01
1.084863e+01
1.085687e+01
1.086512e+01
1.087336e+01
1.088161e+01
1.088986e+01
1.089810e+01
1.090635e+01
1.091459e+01
1.092284e+01
1.093109e+01
1.093933e+01
1.094758e+01
1.095582e+01
1.096407e+01
1.097232e+01
1.098056e+01
1.098881e+01
1.099705e+01
1.100530e+01
1.101355e+01
1.102179e+01
1.103004e+01
1.103828e+01
1.104653e+01
1.105478e+01
1.106302e+01
1.107127e+01
1.107951e+01
1.108776e+01
1.109600e+01
1.110425e+01
1.111250e+01
1.112074e+01
1.112899e+01
1.113723e+01
1.114548e+01
1.115373e+01
1.116197e+01
1.117022e+01
1.117846e+01
1.118671e+01
1.119496e+01
1.120320e+01
1.121145e+01
1.121969e+01
1.122794e+01
1.123619e+01
1.124443e+01
1.125268e+01
1.126092e+01
1.126917e+01
1.127742e+01
1.128566e+01
1.129391e+01
1.130215e+01
1.131040e+01
1.131865e+01
1.132689e+01
1.133514e+01
1.134338e+01
1.135163e+01
1.135988e+01
1.136812e+01
1.137637e+01
1.138461e+01
1.139286e+01
1.140111e+01
1.140935e+01
1.141760e+01
1.142584e+01
1.143409e+01
1.144234e+01
1.145058e+01
1.145883e+01
1.146707e+01
1.147532e+01
1.148357e+01
1.149181e+01
1.150006e+01
1.150830e+01
1.151655e+01
1.152480e+01
1.153304e+01
1.154129e+01
1.154953e+01
1.155778e+01
1.156603e+01
1.157427e+01
1.158252e+01
1.159076e+01
1.159901e+01
1.160726e+01
1.161550e+01
1.162375e+01
1.163199e+01
1.164024e+01
1.164849e+01
1.165673e+01
1.166498e+01
1.167322e+01
1.168147e+01
1.168972e+01
1.169796e+01
1.170621e+01
1.171445e+01
1.172270e+01
1.173095e+01
1.173919e+01
1.174744e+01
1.175568e+01
1.176393e+01
1.177218e+01
1.178042e+01
1.178867e+01
1.179691e+01
1.180516e+01
1.181341e+01
1.182165e+01
1.182990e+01
1.183814e+01
1.184639e+01
1.185464e+01
1.186288e+01
1.187113e+01
1.187937e+01
1.188762e+01
1.189587e+01
1.190411e+01
1.191236e+01
1.192060e+01
1.192885e+01
1.193710e+01
1.194534e+01
1.195359e+01
1.196183e+01
1.197008e+01
1.197833e+01
1.198657e+01
1.199482e+01
1.200306e+01
1.201131e+01
1.201956e+01
1.202780e+01
1.203605e+01
1.204429e+01
1.205254e+01
1.206079e+01
1.206903e+01
1.207728e+01
1.208552e+01
1.209377e+01
1.210202e+01
1.211026e+01
1.211851e+01
1.212675e+01
1.213500e+01
1.214341e+01
1.215181e+01
1.216022e+01
1.216862e+01
1.217703e+01
1.218544e+01
1.219384e+01
1.220225e+01
1.221066e+01
1.221906e+01
1.222747e+01
1.223587e+01
1.224428e+01
1.225269e+01
1.226109e+01
1.226950e+01
1.227791e+01
1.228631e+01
1.229472e+01
1.230312e+01
1.231153e+01
1.231994e+01
1.232834e+01
1.233675e+01
1.234515e+01
1.235356e+01
1.236197e+01
1.237037e+01
1.237878e+01
1.238719e+01
1.239559e+01
1.240400e+01
1.241240e+01
1.242081e+01
1.242922e+01
1.243762e+01
1.244603e+01
1.245443e+01
1.246284e+01
1.247125e+01
1.247965e+01
1.248806e+01
1.249647e+01
1.250487e+01
1.251328e+01
1.252168e+01
1.253009e+01
1.253850e+01
1.254690e+01
1.255531e+01
1.256372e+01
1.257212e+01
1.258053e+01
1.258893e+01
1.259734e+01
1.260575e+01
1.261415e+01
1.262256e+01
1.263096e+01
1.263937e+01
1.264778e+01
1.265618e+01
1.266459e+01
1.267300e+01
1.268140e+01
1.268981e+01
1.269821e+01
1.270662e+01
1.271503e+01
1.272343e+01
1.273184e+01
1.274025e+01
1.274865e+01
1.275706e+01
1.276546e+01
1.277387e+01
1.278228e+01
1.279068e+01
1.279909e+01
1.280749e+01
1.281590e+01
1.282431e+01
1.283271e+01
1.284112e+01
1.284953e+01
1.285793e+01
1.286634e+01
1.287474e+01
1.288315e+01
1.289156e+01
1.289996e+01
1.290837e+01
1.291677e+01
1.292518e+01
1.293359e+01
1.294199e+01
1.295040e+01
1.295881e+01
1.296721e+01
1.297562e+01
1.298402e+01
1.299243e+01
1.300084e+01
1.300924e+01
1.301765e+01
1.302606e+01
1.303446e+01
1.304287e+01
1.305127e+01
1.305968e+01
1.306809e+01
1.307649e+01
1.308490e+01
1.309330e+01
1.310171e+01
1.311012e+01
1.311852e+01
1.312693e+01
1.313534e+01
1.314374e+01
1.315215e+01
1.316055e+01
1.316896e+01
1.317737e+01
1.318577e+01
1.319418e+01
1.320258e+01
1.321099e+01
1.321940e+01
1.322780e+01
1.323621e+01
1.324462e+01
1.325302e+01
1.326143e+01
1.326983e+01
1.327824e+01
1.328665e+01
1.329505e+01
1.330346e+01
1.331187e+01
1.332027e+01
1.332868e+01
1.333708e+01
1.334549e+01
1.335390e+01
1.336230e+01
1.337071e+01
1.337911e+01
1.338752e+01
1.339593e+01
1.340433e+01
1.341274e+01
1.342115e+01
1.342955e+01
1.343796e+01
1.344636e+01
1.345477e+01
1.346318e+01
1.347158e+01
1.347999e+01
1.348840e+01
1.349680e+01
1.350521e+01
1.351361e+01
1.352202e+01
1.353043e+01
1.353883e+01
1.354724e+01
1.355564e+01
1.356405e+01
1.357246e+01
1.358086e+01
1.358927e+01
1.359768e+01
1.360608e+01
1.361449e+01
1.362289e+01
1.363130e+01
1.363971e+01
1.364811e+01
1.365652e+01
1.366492e+01
1.367333e+01
1.368174e+01
1.369014e+01
1.369855e+01
1.370696e+01
1.371536e+01
1.372377e+01
1.373217e+01
1.374058e+01
1.374899e+01
1.375739e+01
1.376580e+01
1.377421e+01
1.378261e+01
1.379102e+01
1.379942e+01
1.380783e+01
1.381624e+01
1.382464e+01
1.383305e+01
1.384145e+01
1.384986e+01
1.385827e+01
1.386667e+01
1.387508e+01
1.388349e+01
1.389189e+01
1.390030e+01
1.390870e+01
1.391711e+01
1.392552e+01
1.393392e+01
1.394233e+01
1.395074e+01
1.395914e+01
1.396755e+01
1.397595e+01
1.398436e+01
1.399277e+01
1.400117e+01
1.400958e+01
1.401798e+01
1.402639e+01
1.403480e+01
1.404320e+01
1.405161e+01
1.406002e+01
1.406842e+01
1.407683e+01
1.408523e+01
1.409364e+01
1.410205e+01
1.411045e+01
1.411886e+01
1.412726e+01
1.413567e+01
1.414408e+01
1.415248e+01
1.416089e+01
1.416930e+01
1.417770e+01
1.418611e+01
1.419451e+01
1.420292e+01
1.421133e+01
1.421973e+01
1.422814e+01
1.423655e+01
1.424495e+01
1.425336e+01
1.426176e+01
1.427017e+01
1.427858e+01
1.428698e+01
1.429539e+01
1.430379e+01
1.431220e+01
1.432061e+01
1.432901e+01
1.433742e+01
1.434583e+01
1.435423e+01
1.436264e+01
1.437104e+01
1.437945e+01
1.438786e+01
1.439626e+01
1.440467e+01
1.441308e+01
1.442148e+01
1.442989e+01
1.443829e+01
1.444670e+01
1.445511e+01
1.446351e+01
1.447192e+01
1.448032e+01
1.448873e+01
1.449714e+01
1.450554e+01
1.451395e+01
1.452236e+01
1.453076e+01
1.453917e+01
1.454757e+01
1.455598e+01
1.456439e+01
1.457279e+01
1.458120e+01
1.458960e+01
1.459801e+01
1.460642e+01
1.461482e+01
1.462323e+01
1.463164e+01
1.464004e+01
1.464845e+01
1.465685e+01
1.466526e+01
1.467367e+01
1.468221e+01
1.469075e+01
1.469929e+01
1.470783e+01
1.471637e+01
1.472491e+01
1.473345e+01
1.474199e+01
1.475053e+01
1.475907e+01
1.476761e+01
1.477615e+01
1.478469e+01
1.479323e+01
1.480177e+01
1.481031e+01
1.481885e+01
1.482739e+01
1.483593e+01
1.484447e+01
1.485301e+01
1.486155e+01
1.487009e+01
1.487863e+01
1.488717e+01
1.489571e+01
1.490425e+01
1.491279e+01
1.492133e+01
1.492987e+01
1.493841e+01
1.494695e+01
1.495549e+01
1.496403e+01
1.497257e+01
1.498111e+01
1.498965e+01
1.499819e+01
1.500673e+01
1.501527e+01
1.502381e+01
1.503235e+01
1.504089e+01
1.504943e+01
1.505797e+01
1.506651e+01
1.507505e+01
1.508359e+01
1.509213e+01
1.510067e+01
1.510921e+01
1.511775e+01
1.512629e+01
1.513483e+01
1.514337e+01
1.515191e+01
1.516045e+01
1.516899e+01
1.517753e+01
1.518607e+01
1.519461e+01
1.520315e+01
1.521169e+01
1.522023e+01
1.522877e+01
1.523731e+01
1.524585e+01
1.525439e+01
1.526293e+01
1.527147e+01
1.528001e+01
1.528855e+01
1.529709e+01
1.530563e+01
1.531417e+01
1.532271e+01
1.533125e+01
1.533979e+01
1.534833e+01
1.535687e+01
1.536541e+01
1.537395e+01
1.538249e+01
1.539103e+01
1.539957e+01
1.540811e+01
1.541665e+01
1.542519e+01
1.543373e+01
1.544227e+01
1.545081e+01
1.545935e+01
1.546789e+01
1.547643e+01
1.548497e+01
1.549351e+01
1.550205e+01
1.551059e+01
1.551913e+01
1.552767e+01
1.553621e+01
1.554475e+01
1.555329e+01
1.556183e+01
1.557037e+01
1.557891e+01
1.558746e+01
1.559599e+01
1.560454e+01
1.561308e+01
1.562162e+01
1.563016e+01
1.563870e+01
1.564724e+01
1.565578e+01
1.566432e+01
1.567286e+01
1.568140e+01
1.568994e+01
1.569848e+01
1.570702e+01
1.571556e+01
1.572410e+01
1.573264e+01
1.574118e+01
1.574972e+01
1.575826e+01
1.576680e+01
1.577534e+01
1.578388e+01
1.579242e+01
1.580096e+01
1.580950e+01
1.581804e+01
1.582658e+01
1.583512e+01
1.584366e+01
1.585220e+01
1.586074e+01
1.586928e+01
1.587782e+01
1.588636e+01
1.589490e+01
1.590344e+01
1.591198e+01
1.592052e+01
1.592906e+01
1.593760e+01
1.594614e+01
1.595468e+01
1.596322e+01
1.597176e+01
1.598030e+01
1.598884e+01
1.599738e+01
1.600592e+01
1.601446e+01
1.602300e+01
1.603154e+01
1.604008e+01
1.604862e+01
1.605716e+01
1.606570e+01
1.607424e+01
1.608278e+01
1.609132e+01
1.609986e+01
1.610840e+01
1.611694e+01
1.612548e+01
1.613402e+01
1.614256e+01
1.615110e+01
1.615964e+01
1.616818e+01
1.617672e+01
1.618526e+01
1.619380e+01
1.620234e+01
1.621088e+01
1.621942e+01
1.622796e+01
1.623650e+01
1.624504e+01
1.625358e+01
1.626212e+01
1.627066e+01
1.627920e+01
1.628774e+01
1.629628e+01
1.630482e+01
1.631336e+01
1.632190e+01
1.633044e+01
1.633898e+01
1.634752e+01
1.635606e+01
1.636460e+01
1.637314e+01
1.638168e+01
1.639022e+01
1.639879e+01
1.640737e+01
1.641594e+01
1.642451e+01
1.643308e+01
1.644165e+01
1.645022e+01
1.645879e+01
1.646737e+01
1.647594e+01
1.648451e+01
1.649308e+01
1.650165e+01
1.651022e+01
1.651880e+01
1.652737e+01
1.653594e+01
1.654451e+01
1.655308e+01
1.656165e+01
1.657023e+01
1.657880e+01
1.658737e+01
1.659594e+01
1.660451e+01
1.661308e+01
1.662165e+01
1.663023e+01
1.663880e+01
1.664737e+01
1.665594e+01
1.666451e+01
1.667308e+01
1.668166e+01
1.669023e+01
1.669880e+01
1.670737e+01
1.671594e+01
1.672451e+01
1.673309e+01
1.674166e+01
1.675023e+01
1.675880e+01
1.676737e+01
1.677594e+01
1.678452e+01
1.679309e+01
1.680166e+01
1.681023e+01
1.681880e+01
1.682737e+01
1.683594e+01
1.684452e+01
1.685309e+01
1.686166e+01
1.687023e+01
1.687880e+01
1.688737e+01
1.689595e+01
1.690452e+01
1.691309e+01
1.692166e+01
1.693023e+01
1.693880e+01
1.694738e+01
1.695595e+01
1.696452e+01
1.697309e+01
1.698166e+01
1.699023e+01
1.699880e+01
1.700738e+01
1.701595e+01
1.702452e+01
1.703309e+01
1.704166e+01
1.705023e+01
1.705881e+01
1.706738e+01
1.707595e+01
1.708452e+01
1.709309e+01
1.710166e+01
1.711024e+01
1.711881e+01
1.712738e+01
1.713595e+01
1.714452e+01
1.715309e+01
1.716167e+01
1.717024e+01
1.717881e+01
1.718738e+01
1.719595e+01
1.720452e+01
1.721309e+01
1.722167e+01
1.723024e+01
1.723881e+01
1.724738e+01
1.725595e+01
1.726452e+01
1.727310e+01
1.728167e+01
1.729024e+01
1.729881e+01
1.730738e+01
1.731595e+01
1.732453e+01
1.733310e+01
1.734167e+01
1.735024e+01
1.735881e+01
1.736738e+01
1.737595e+01
1.738453e+01
1.739310e+01
1.740167e+01
1.741024e+01
1.741881e+01
1.742738e+01
1.743596e+01
1.744453e+01
1.745310e+01
1.746167e+01
1.747024e+01
1.747881e+01
1.748739e+01
1.749596e+01
1.750453e+01
1.751310e+01
1.752167e+01
1.753024e+01
1.753881e+01
1.754739e+01
1.755596e+01
1.756453e+01
1.757310e+01
1.758167e+01
1.759024e+01
1.759882e+01
1.760739e+01
1.761596e+01
1.762453e+01
1.763310e+01
1.764167e+01
1.765025e+01
1.765882e+01
1.766739e+01
1.767596e+01
1.768453e+01
1.769310e+01
1.770167e+01
1.771025e+01
1.771882e+01
1.772739e+01
1.773596e+01
1.774453e+01
1.775310e+01
1.776168e+01
1.777025e+01
1.777882e+01
1.778739e+01
1.779596e+01
1.780453e+01
1.781311e+01
1.782168e+01
1.783025e+01
1.783882e+01
1.784739e+01
1.785596e+01
1.786454e+01
1.787311e+01
1.788168e+01
1.789025e+01
1.789882e+01
1.790739e+01
1.791596e+01
1.792454e+01
1.793311e+01
1.794168e+01
1.795025e+01
1.795882e+01
1.796739e+01
1.797597e+01
1.798454e+01
1.799311e+01
1.800168e+01
1.801025e+01
1.801882e+01
1.802740e+01
1.803597e+01
1.804454e+01
1.805311e+01
1.806168e+01
1.807025e+01
1.807882e+01
1.808740e+01
1.809597e+01
1.810454e+01
1.811311e+01
1.812178e+01
1.813044e+01
1.813911e+01
1.814777e+01
1.815644e+01
1.816510e+01
1.817376e+01
1.818243e+01
1.819109e+01
1.819976e+01
1.820842e+01
1.821709e+01
1.822575e+01
1.823442e+01
1.824308e+01
1.825175e+01
1.826041e+01
1.826908e+01
1.827774e+01
1.828641e+01
1.829507e+01
1.830374e+01
1.831240e+01
1.832107e+01
1.832973e+01
1.833840e+01
1.834706e+01
1.835573e+01
1.836439e+01
1.837306e+01
1.838172e+01
1.839039e+01
1.839905e+01
1.840772e+01
1.841638e+01
1.842504e+01
1.843371e+01
1.844237e+01
1.845104e+01
1.845970e+01
1.846837e+01
1.847703e+01
1.848570e+01
1.849436e+01
1.850303e+01
1.851169e+01
1.852036e+01
1.852902e+01
1.853769e+01
1.854635e+01
1.855502e+01
1.856368e+01
1.857235e+01
1.858101e+01
1.858968e+01
1.859834e+01
1.860701e+01
1.861567e+01
1.862434e+01
1.863300e+01
1.864167e+01
1.865033e+01
1.865900e+01
1.866766e+01
1.867632e+01
1.868499e+01
1.869365e+01
1.870232e+01
1.871098e+01
1.871965e+01
1.872831e+01
1.873698e+01
1.874564e+01
1.875431e+01
1.876297e+01
1.877164e+01
1.878030e+01
1.878897e+01
1.879763e+01
1.880630e+01
1.881496e+01
1.882363e+01
1.883229e+01
1.884096e+01
1.884962e+01
1.885829e+01
1.886695e+01
1.887562e+01
1.888428e+01
1.889295e+01
1.890161e+01
1.891028e+01
1.891894e+01
1.892760e+01
1.893627e+01
1.894493e+01
1.895360e+01
1.896226e+01
1.897093e+01
1.897959e+01
1.898826e+01
1.899692e+01
1.900559e+01
1.901425e+01
1.902292e+01
1.903158e+01
1.904025e+01
1.904891e+01
1.905758e+01
1.906624e+01
1.907491e+01
1.908357e+01
1.909224e+01
1.910090e+01
1.910957e+01
1.911823e+01
1.912690e+01
1.913556e+01
1.914423e+01
1.915289e+01
1.916156e+01
1.917022e+01
1.917888e+01
1.918755e+01
1.919621e+01
1.920488e+01
1.921354e+01
1.922221e+01
1.923087e+01
1.923954e+01
1.924820e+01
1.925687e+01
1.926553e+01
1.927420e+01
1.928286e+01
1.929153e+01
1.930019e+01
1.930886e+01
1.931752e+01
1.932619e+01
1.933485e+01
1.934352e+01
1.935218e+01
1.936085e+01
1.936951e+01
1.937818e+01
1.938684e+01
1.939551e+01
1.940417e+01
1.941284e+01
1.942150e+01
1.943016e+01
1.943883e+01
1.944749e+01
1.945616e+01
1.946482e+01
1.947349e+01
1.948215e+01
1.949082e+01
1.949948e+01
1.950815e+01
1.951681e+01
1.952548e+01
1.953414e+01
1.954281e+01
1.955147e+01
1.956014e+01
1.956880e+01
1.957747e+01
1.958613e+01
1.959480e+01
1.960346e+01
1.961213e+01
1.962079e+01
1.962946e+01
1.963812e+01
1.964679e+01
1.965545e+01
1.966412e+01
1.967278e+01
1.968144e+01
1.969011e+01
1.969877e+01
1.970744e+01
1.971610e+01
1.972477e+01
1.973343e+01
1.974210e+01
1.975076e+01
1.975943e+01
1.976809e+01
1.977676e+01
1.978542e+01
1.979409e+01
1.980275e+01
1.981142e+01
1.982008e+01
1.982875e+01
1.983741e+01
1.984608e+01
1.985474e+01
1.986341e+01
1.987207e+01
1.988074e+01
1.988940e+01
1.989807e+01
1.990673e+01
1.991540e+01
1.992406e+01
1.993272e+01
1.994139e+01
1.995005e+01
1.995872e+01
1.996738e+01
1.997605e+01
1.998471e+01
1.999338e+01
2.000204e+01
2.001071e+01
2.001937e+01
2.002804e+01
2.003670e+01
2.004537e+01
2.005403e+01
2.006270e+01
2.007136e+01
2.008003e+01
2.008869e+01
2.009736e+01
2.010602e+01
2.011469e+01
2.012335e+01
2.013202e+01
2.014068e+01
2.014935e+01
2.015801e+01
2.016668e+01
2.017534e+01
2.018400e+01
2.019267e+01
2.020133e+01
2.021000e+01
2.021866e+01
2.022733e+01
2.023599e+01
2.024466e+01
2.025332e+01
2.026199e+01
2.027065e+01
2.027932e+01
2.028798e+01
2.029665e+01
2.030531e+01
2.031398e+01
2.032264e+01
2.033131e+01
2.033997e+01
2.034864e+01
2.035730e+01
2.036597e+01
2.037463e+01
2.038330e+01
2.039196e+01
2.040063e+01
2.040929e+01
2.041796e+01
2.042662e+01
2.043528e+01
2.044395e+01
2.045261e+01
2.046128e+01
2.046994e+01
2.047861e+01
2.048727e+01
2.049594e+01
2.050460e+01
2.051327e+01
2.052193e+01
2.053060e+01
2.053926e+01
2.054793e+01
2.055659e+01
2.056526e+01
2.057392e+01
2.058259e+01
2.059125e+01
2.059992e+01
2.060858e+01
2.061725e+01
2.062591e+01
2.063458e+01
2.064324e+01
2.065191e+01
2.066057e+01
2.066924e+01
2.067790e+01
2.068656e+01
2.069523e+01
2.070389e+01
2.071256e+01
2.072122e+01
2.072989e+01
2.073862e+01
2.074735e+01
2.075608e+01
2.076481e+01
2.077354e+01
2.078227e+01
2.079100e+01
2.079973e+01
2.080846e+01
2.081719e+01
2.082592e+01
2.083465e+01
2.084338e+01
2.085211e+01
2.086084e+01
2.086957e+01
2.087830e+01
2.088703e+01
2.089576e+01
2.090449e+01
2.091322e+01
2.092195e+01
2.093068e+01
2.093941e+01
2.094814e+01
2.095687e+01
2.096560e+01
2.097433e+01
2.098306e+01
2.099179e+01
2.100052e+01
2.100925e+01
2.101798e+01
2.102671e+01
2.103544e+01
2.104417e+01
2.105290e+01
2.106163e+01
2.107036e+01
2.107909e+01
2.108782e+01
2.109655e+01
2.110528e+01
2.111401e+01
2.112274e+01
2.113147e+01
2.114020e+01
2.114893e+01
2.115766e+01
2.116639e+01
2.117512e+01
2.118385e+01
2.119258e+01
2.120131e+01
2.121004e+01
2.121877e+01
2.122750e+01
2.123623e+01
2.124496e+01
2.125369e+01
2.126242e+01
2.127115e+01
2.127988e+01
2.128861e+01
2.129734e+01
2.130607e+01
2.131480e+01
2.132353e+01
2.133226e+01
2.134099e+01
2.134972e+01
2.135845e+01
2.136718e+01
2.137591e+01
2.138464e+01
2.139337e+01
2.140210e+01
2.141083e+01
2.141956e+01
2.142829e+01
2.143702e+01
2.144575e+01
2.145448e+01
2.146321e+01
2.147194e+01
2.148067e+01
2.148940e+01
2.149813e+01
2.150686e+01
2.151559e+01
2.152432e+01
2.153305e+01
2.154178e+01
2.155051e+01
2.155924e+01
2.156797e+01
2.157670e+01
2.158543e+01
2.159416e+01
2.160289e+01
2.161162e+01
2.162035e+01
2.162908e+01
2.163781e+01
2.164654e+01
2.165527e+01
2.166400e+01
2.167273e+01
2.168146e+01
2.169019e+01
2.169892e+01
2.170765e+01
2.171638e+01
2.172511e+01
2.173384e+01
2.174257e+01
2.175130e+01
2.176003e+01
2.176876e+01
2.177749e+01
2.178622e+01
2.179495e+01
2.180368e+01
2.181241e+01
2.182114e+01
2.182986e+01
2.183859e+01
2.184732e+01
2.185605e+01
2.186478e+01
2.187351e+01
2.188224e+01
2.189097e+01
2.189970e+01
2.190843e+01
2.191716e+01
2.192589e+01
2.193462e+01
2.194335e+01
2.195208e+01
2.196081e+01
2.196954e+01
2.197827e+01
2.198700e+01
2.199573e+01
2.200446e+01
2.201319e+01
2.202192e+01
2.203065e+01
2.203938e+01
2.204811e+01
2.205684e+01
2.206557e+01
2.207430e+01
2.208303e+01
2.209176e+01
2.210049e+01
2.210922e+01
2.211795e+01
2.212668e+01
2.213541e+01
2.214414e+01
2.215287e+01
2.216160e+01
2.217033e+01
2.217906e+01
2.218779e+01
2.219652e+01
2.220525e+01
2.221398e+01
2.222271e+01
2.223144e+01
2.224017e+01
2.224890e+01
2.225763e+01
2.226636e+01
2.227509e+01
2.228382e+01
2.229255e+01
2.230128e+01
2.231001e+01
2.231874e+01
2.232747e+01
2.233620e+01
2.234493e+01
2.235366e+01
2.236239e+01
2.237112e+01
2.237985e+01
2.238858e+01
2.239731e+01
2.240604e+01
2.241477e+01
2.242350e+01
2.243223e+01
2.244096e+01
2.244969e+01
2.245842e+01
2.246715e+01
2.247588e+01
2.248461e+01
2.249334e+01
2.250207e+01
2.251080e+01
2.251953e+01
2.252826e+01
2.253699e+01
2.254572e+01
2.255445e+01
2.256318e+01
2.257191e+01
2.258064e+01
2.258937e+01
2.259810e+01
2.260683e+01
2.261556e+01
2.262429e+01
2.263302e+01
2.264175e+01
2.265048e+01
2.265921e+01
2.266794e+01
2.267667e+01
2.268540e+01
2.269413e+01
2.270286e+01
2.271159e+01
2.272032e+01
2.272905e+01
2.273778e+01
2.274651e+01
2.275524e+01
2.276397e+01
2.277270e+01
2.278143e+01
2.279016e+01
2.279889e+01
2.280762e+01
2.281635e+01
2.282508e+01
2.283381e+01
2.284254e+01
2.285127e+01
2.286000e+01
2.286873e+01
2.287746e+01
2.288619e+01
2.289492e+01
2.290365e+01
2.291238e+01
2.292111e+01
2.292984e+01
2.293857e+01
2.294730e+01
2.295603e+01
2.296476e+01
2.297349e+01
2.298222e+01
2.299095e+01
2.299968e+01
2.300841e+01
2.301714e+01
2.302587e+01
2.303460e+01
2.304333e+01
2.305206e+01
2.306079e+01
2.306952e+01
2.307825e+01
2.308698e+01
2.309571e+01
2.310444e+01
2.311317e+01
2.312190e+01
2.313063e+01
2.313936e+01
2.314809e+01
2.315682e+01
2.316555e+01
2.317428e+01
2.318301e+01
2.319174e+01
2.320047e+01
2.320920e+01
2.321793e+01
2.322666e+01
2.323539e+01
2.324412e+01
2.325285e+01
2.326158e+01
2.327031e+01
2.327904e+01
2.328777e+01
2.329650e+01
2.330523e+01
2.331396e+01
2.332269e+01
2.333142e+01
2.334015e+01
2.334888e+01
2.335761e+01
2.336634e+01
2.337507e+01
2.338380e+01
2.339253e+01
2.340126e+01
2.340999e+01
2.341872e+01
2.342745e+01
2.343618e+01
2.344491e+01
2.345364e+01
2.346237e+01
2.347110e+01
2.347983e+01
2.348856e+01
2.349729e+01
2.350602e+01
2.351475e+01
2.352348e+01
2.353221e+01
2.354094e+01
2.354967e+01
2.355840e+01
2.356713e+01
2.357586e+01
2.358459e+01
2.359332e+01
2.360205e+01
2.361078e+01
2.361951e+01
2.362824e+01
2.363697e+01
2.364570e+01
2.365443e+01
2.366316e+01
2.367189e+01
2.368062e+01
2.368935e+01
2.369808e+01
2.370681e+01
2.371554e+01
2.372427e+01
2.373300e+01
2.374173e+01
2.375046e+01
2.375919e+01
2.376792e+01
2.377665e+01
2.378538e+01
2.379411e+01
2.380284e+01
2.381157e+01
2.382030e+01
2.382903e+01
2.383776e+01
2.384649e+01
2.385522e+01
2.386395e+01
2.387268e+01
2.388141e+01
2.389014e+01
2.389887e+01
2.390760e+01
2.391633e+01
2.392506e+01
2.393379e+01
2.394252e+01
2.395125e+01
2.395998e+01
2.396871e+01
2.397744e+01
2.398617e+01
2.399490e+01
2.400363e+01
2.401236e+01
2.402109e+01
2.402982e+01
2.403855e+01
2.404728e+01
2.405601e+01
2.406474e+01
2.407347e+01
2.408220e+01
2.409093e+01
2.409966e+01
2.410839e+01
2.411712e+01
2.412585e+01
2.413458e+01
2.414331e+01
2.415204e+01
2.416077e+01
2.416950e+01
2.417823e+01
2.418696e+01
2.419569e+01
2.420442e+01
2.421315e+01
2.422188e+01
2.423061e+01
2.423934e+01
2.424807e+01
2.425680e+01
2.426553e+01
2.427426e+01
2.428299e+01
2.429172e+01
2.430045e+01
2.430918e+01
2.431791e+01
2.432664e+01
2.433537e+01
2.434410e+01
2.435283e+01
2.436156e+01
2.437029e+01
2.437902e+01
2.438775e+01
2.439648e+01
2.440521e+01
2.441394e+01
2.442267e+01
2.443140e+01
2.444013e+01
2.444886e+01
2.445759e+01
2.446632e+01
2.447505e+01
2.448378e+01
2.449251e+01
2.450124e+01
2.450997e+01
2.451870e+01
2.452743e+01
2.453616e+01
2.454489e+01
2.455362e+01
2.456235e+01
2.457108e+01
2.457981e+01
2.458854e+01
2.459727e+01
2.460600e+01
2.461473e+01
2.462345e+01
2.463218e+01
2.464092e+01
2.464965e+01
2.465838e+01
2.466710e+01
2.467583e+01
2.468456e+01
2.469329e+01
2.470202e+01
2.471075e+01
2.471948e+01
2.472821e+01
2.473694e+01
2.474567e+01
2.475440e+01
2.476313e+01
2.477186e+01
2.478059e+01
2.478932e+01
2.479805e+01
2.480678e+01
2.481551e+01
2.482424e+01
2.483297e+01
2.484170e+01
2.485043e+01
2.485916e+01
2.486789e+01
2.487662e+01
2.488535e+01
2.489408e+01
2.490281e+01
2.491154e+01
2.492027e+01
2.492900e+01
2.493773e+01
2.494646e+01
2.495519e+01
2.496392e+01
2.497265e+01
2.498138e+01
2.499011e+01
2.499884e+01
2.500757e+01
2.501630e+01
2.502503e+01
2.503376e+01
2.504249e+01
2.505122e+01
2.505995e+01
2.506868e+01
2.507741e+01
2.508614e+01
2.509487e+01
2.510360e+01
2.511233e+01
2.512124e+01
2.513014e+01
2.513905e+01
2.514795e+01
2.515686e+01
2.516576e+01
2.517467e+01
2.518357e+01
2.519247e+01
2.520138e+01
2.521028e+01
2.521919e+01
2.522809e+01
2.523700e+01
2.524590e+01
2.525481e+01
2.526371e+01
2.527262e+01
2.528152e+01
2.529042e+01
2.529933e+01
2.530823e+01
2.531714e+01
2.532604e+01
2.533495e+01
2.534385e+01
2.535276e+01
2.536166e+01
2.537057e+01
2.537947e+01
2.538838e+01
2.539728e+01
2.540618e+01
2.541509e+01
2.542399e+01
2.543290e+01
2.544180e+01
2.545071e+01
2.545961e+01
2.546852e+01
2.547742e+01
2.548633e+01
2.549523e+01
2.550413e+01
2.551304e+01
2.552194e+01
2.553085e+01
2.553975e+01
2.554866e+01
2.555756e+01
2.556647e+01
2.557537e+01
2.558428e+01
2.559318e+01
2.560208e+01
2.561099e+01
2.561989e+01
2.562880e+01
2.563770e+01
2.564661e+01
2.565551e+01
2.566442e+01
2.567332e+01
2.568223e+01
2.569113e+01
2.570004e+01
2.570894e+01
2.571784e+01
2.572675e+01
2.573565e+01
2.574456e+01
2.575346e+01
2.576237e+01
2.577127e+01
2.578018e+01
2.578908e+01
2.579799e+01
2.580689e+01
2.581579e+01
2.582470e+01
2.583360e+01
2.584251e+01
2.585141e+01
2.586032e+01
2.586922e+01
2.587813e+01
2.588703e+01
2.589594e+01
2.590484e+01
2.591374e+01
2.592265e+01
2.593155e+01
2.594046e+01
2.594936e+01
2.595827e+01
2.596717e+01
2.597608e+01
2.598498e+01
2.599389e+01
2.600279e+01
2.601170e+01
2.602060e+01
2.602950e+01
2.603841e+01
2.604731e+01
2.605622e+01
2.606512e+01
2.607403e+01
2.608293e+01
2.609184e+01
2.610074e+01
2.610965e+01
2.611855e+01
2.612745e+01
2.613636e+01
2.614526e+01
2.615417e+01
2.616307e+01
2.617198e+01
2.618088e+01
2.618979e+01
2.619869e+01
2.620760e+01
2.621650e+01
2.622540e+01
2.623431e+01
2.624321e+01
2.625212e+01
2.626102e+01
2.626993e+01
2.627883e+01
2.628774e+01
2.629664e+01
2.630555e+01
2.631445e+01
2.632336e+01
2.633226e+01
2.634116e+01
2.635007e+01
2.635897e+01
2.636788e+01
2.637678e+01
2.638569e+01
2.639459e+01
2.640350e+01
2.641240e+01
2.642131e+01
2.643021e+01
2.643911e+01
2.644802e+01
2.645692e+01
2.646583e+01
2.647473e+01
2.648364e+01
2.649254e+01
2.650145e+01
2.651035e+01
2.651926e+01
2.652816e+01
2.653706e+01
2.654597e+01
2.655487e+01
2.656378e+01
2.657268e+01
2.658159e+01
2.659049e+01
2.659940e+01
2.660830e+01
2.661721e+01
2.662611e+01
2.663502e+01
2.664392e+01
2.665282e+01
2.666173e+01
2.667063e+01
2.667954e+01
2.668844e+01
2.669735e+01
2.670625e+01
2.671516e+01
2.672406e+01
2.673297e+01
2.674187e+01
2.675077e+01
2.675968e+01
2.676858e+01
2.677749e+01
2.678639e+01
2.679530e+01
2.680420e+01
2.681311e+01
2.682201e+01
2.683092e+01
2.683982e+01
2.684872e+01
2.685763e+01
2.686653e+01
2.687544e+01
2.688434e+01
2.689325e+01
2.690215e+01
2.691106e+01
2.691996e+01
2.692887e+01
2.693777e+01
2.694668e+01
2.695558e+01
2.696448e+01
2.697339e+01
2.698229e+01
2.699120e+01
2.700010e+01
2.700901e+01
2.701791e+01
2.702682e+01
2.703572e+01
2.704463e+01
2.705353e+01
2.706243e+01
2.707134e+01
2.708024e+01
2.708915e+01
2.709805e+01
2.710696e+01
2.711586e+01
2.712477e+01
2.713367e+01
2.714258e+01
2.715148e+01
2.716039e+01
2.716929e+01
2.717819e+01
2.718710e+01
2.719600e+01
2.720491e+01
2.721381e+01
2.722272e+01
2.723162e+01
2.724053e+01
2.724943e+01
2.725834e+01
2.726724e+01
2.727614e+01
2.728505e+01
2.729395e+01
2.730286e+01
2.731176e+01
2.732067e+01
2.732957e+01
2.733848e+01
2.734738e+01
2.735629e+01
2.736519e+01
2.737409e+01
2.738300e+01
2.739190e+01
2.740081e+01
2.740971e+01
2.741862e+01
2.742752e+01
2.743643e+01
2.744533e+01
2.745424e+01
2.746314e+01
2.747205e+01
2.748095e+01
2.748985e+01
2.749876e+01
2.750766e+01
2.751657e+01
2.752547e+01
2.753438e+01
2.754328e+01
2.755219e+01
2.756109e+01
2.757000e+01
2.757890e+01
2.758780e+01
2.759671e+01
2.760561e+01
2.761452e+01
2.762342e+01
2.763233e+01
2.764123e+01
2.765014e+01
2.765904e+01
2.766795e+01
2.767685e+01
2.768575e+01
2.769466e+01
2.770356e+01
2.771247e+01
2.772137e+01
2.773028e+01
2.773918e+01
2.774809e+01
2.775699e+01
2.776590e+01
2.777480e+01
2.778371e+01
2.779261e+01
2.780151e+01
2.781042e+01
2.781932e+01
2.782823e+01
2.783713e+01
2.784604e+01
2.785494e+01
2.786385e+01
2.787275e+01
2.788166e+01
2.789056e+01
2.789946e+01
2.790837e+01
2.791727e+01
2.792618e+01
2.793508e+01
2.794399e+01
2.795289e+01
2.796180e+01
2.797070e+01
2.797961e+01
2.798851e+01
2.799741e+01
2.800632e+01
2.801522e+01
2.802413e+01
2.803303e+01
2.804194e+01
2.805084e+01
2.805975e+01
2.806865e+01
2.807756e+01
2.808646e+01
2.809537e+01
2.810427e+01
2.811317e+01
2.812208e+01
2.813098e+01
2.813989e+01
2.814879e+01
2.815770e+01
2.816660e+01
2.817551e+01
2.818441e+01
2.819332e+01
2.820222e+01
2.821112e+01
2.822003e+01
2.822893e+01
2.823784e+01
2.824674e+01
2.825565e+01
2.826455e+01
2.827346e+01
2.828236e+01
2.829127e+01
2.830017e+01
2.830907e+01
2.831798e+01
2.832688e+01
2.833579e+01
2.834469e+01
2.835360e+01
2.836250e+01
2.837141e+01
2.838031e+01
2.838922e+01
2.839812e+01
2.840703e+01
2.841593e+01
2.842483e+01
2.843374e+01
2.844264e+01
2.845155e+01
2.846045e+01
2.846936e+01
2.847826e+01
2.848717e+01
2.849607e+01
2.850498e+01
2.851388e+01
2.852278e+01
2.853169e+01
2.854059e+01
2.854950e+01
2.855840e+01
2.856731e+01
2.857621e+01
2.858512e+01
2.859402e+01
2.860293e+01
2.861183e+01
2.862073e+01
2.862964e+01
2.863854e+01
2.864745e+01
2.865635e+01
2.866526e+01
2.867416e+01
2.868307e+01
2.869197e+01
2.870088e+01
2.870978e+01
2.871869e+01
2.872759e+01
2.873649e+01
2.874540e+01
2.875430e+01
2.876321e+01
2.877211e+01
2.878102e+01
2.878992e+01
2.879883e+01
2.880773e+01
2.881664e+01
2.882554e+01
2.883444e+01
2.884335e+01
2.885225e+01
2.886116e+01
2.887006e+01
2.887897e+01
2.888787e+01
2.889678e+01
2.890568e+01
2.891459e+01
2.892349e+01
2.893239e+01
2.894130e+01
2.895020e+01
2.895911e+01
2.896801e+01
2.897692e+01
2.898582e+01
2.899473e+01
2.900363e+01
2.901254e+01
2.902144e+01
2.903035e+01
2.903925e+01
2.904815e+01
2.905706e+01
2.906596e+01
2.907487e+01
2.908377e+01
2.909268e+01
2.910158e+01
2.911049e+01
2.911939e+01
2.912830e+01
2.913720e+01
2.914610e+01
2.915501e+01
2.916391e+01
2.917282e+01
2.918172e+01
2.919063e+01
2.919953e+01
2.920844e+01
2.921734e+01
2.922625e+01
2.923515e+01
2.924406e+01
2.925296e+01
2.926186e+01
2.927077e+01
2.927967e+01
2.928858e+01
2.929748e+01
2.930639e+01
2.931529e+01
2.932420e+01
2.933310e+01
2.934201e+01
2.935091e+01
2.935981e+01
2.936872e+01
2.937762e+01
2.938653e+01
2.939543e+01
2.940434e+01
2.941324e+01
2.942215e+01
2.943105e+01
2.943996e+01
2.944886e+01
2.945776e+01
2.946667e+01
2.947557e+01
2.948448e+01
2.949338e+01
2.950229e+01
2.951119e+01
2.952010e+01
2.952900e+01
2.953791e+01
2.954681e+01
2.955571e+01
2.956462e+01
2.957352e+01
2.958243e+01
2.959133e+01
2.960016e+01
2.960899e+01
2.961782e+01
2.962665e+01
2.963548e+01
2.964431e+01
2.965314e+01
2.966197e+01
2.967079e+01
2.967962e+01
2.968845e+01
2.969728e+01
2.970611e+01
2.971494e+01
2.972377e+01
2.973260e+01
2.974143e+01
2.975026e+01
2.975908e+01
2.976791e+01
2.977674e+01
2.978557e+01
2.979440e+01
2.980323e+01
2.981206e+01
2.982089e+01
2.982972e+01
2.983855e+01
2.984738e+01
2.985620e+01
2.986503e+01
2.987386e+01
2.988269e+01
2.989152e+01
2.990035e+01
2.990918e+01
2.991801e+01
2.992684e+01
2.993567e+01
2.994449e+01
2.995332e+01
2.996215e+01
2.997098e+01
2.997981e+01
2.998864e+01
2.999747e+01
3.000630e+01
3.001513e+01
3.002396e+01
3.003278e+01
3.004161e+01
3.005044e+01
3.005927e+01
3.006810e+01
3.007693e+01
3.008576e+01
3.009459e+01
3.010342e+01
3.011225e+01
3.012107e+01
3.012990e+01
3.013873e+01
3.014756e+01
3.015639e+01
3.016522e+01
3.017405e+01
3.018288e+01
3.019171e+01
3.020054e+01
3.020937e+01
3.021819e+01
3.022702e+01
3.023585e+01
3.024468e+01
3.025351e+01
3.026234e+01
3.027117e+01
3.028000e+01
3.028883e+01
3.029766e+01
3.030648e+01
3.031531e+01
3.032414e+01
3.033297e+01
3.034180e+01
3.035063e+01
3.035946e+01
3.036829e+01
3.037712e+01
3.038595e+01
3.039477e+01
3.040360e+01
3.041243e+01
3.042126e+01
3.043009e+01
3.043892e+01
3.044775e+01
3.045658e+01
3.046541e+01
3.047424e+01
3.048306e+01
3.049189e+01
3.050072e+01
3.050955e+01
3.051838e+01
3.052721e+01
3.053604e+01
3.054487e+01
3.055370e+01
3.056253e+01
3.057136e+01
3.058018e+01
3.058901e+01
3.059784e+01
3.060667e+01
3.061550e+01
3.062433e+01
3.063316e+01
3.064199e+01
3.065082e+01
3.065965e+01
3.066847e+01
3.067730e+01
3.068613e+01
3.069496e+01
3.070379e+01
3.071262e+01
3.072145e+01
3.073028e+01
3.073911e+01
3.074794e+01
3.075676e+01
3.076559e+01
3.077442e+01
3.078325e+01
3.079208e+01
3.080091e+01
3.080974e+01
3.081857e+01
3.082740e+01
3.083623e+01
3.084506e+01
3.085388e+01
3.086271e+01
3.087154e+01
3.088037e+01
3.088920e+01
3.089803e+01
3.090686e+01
3.091569e+01
3.092452e+01
3.093335e+01
3.094217e+01
3.095100e+01
3.095983e+01
3.096866e+01
3.097749e+01
3.098632e+01
3.099515e+01
3.100398e+01
3.101281e+01
3.102164e+01
3.103046e+01
3.103929e+01
3.104812e+01
3.105695e+01
3.106578e+01
3.107461e+01
3.108344e+01
3.109227e+01
3.110110e+01
3.110993e+01
3.111875e+01
3.112758e+01
3.113641e+01
3.114524e+01
3.115407e+01
3.116290e+01
3.117173e+01
3.118056e+01
3.118939e+01
3.119822e+01
3.120705e+01
3.121587e+01
3.122470e+01
3.123353e+01
3.124236e+01
3.125119e+01
3.126002e+01
3.126885e+01
3.127768e+01
3.128651e+01
3.129534e+01
3.130416e+01
3.131299e+01
3.132182e+01
3.133065e+01
3.133948e+01
3.134831e+01
3.135714e+01
3.136597e+01
3.137480e+01
3.138363e+01
3.139245e+01
3.140128e+01
3.141011e+01
3.141894e+01
3.142777e+01
3.143660e+01
3.144543e+01
3.145426e+01
3.146309e+01
3.147192e+01
3.148074e+01
3.148957e+01
3.149840e+01
3.150723e+01
3.151606e+01
3.152489e+01
3.153372e+01
3.154255e+01
3.155138e+01
3.156021e+01
3.156904e+01
3.157786e+01
3.158669e+01
3.159552e+01
3.160435e+01
3.161318e+01
3.162201e+01
3.163084e+01
3.163967e+01
3.164850e+01
3.165733e+01
3.166615e+01
3.167498e+01
3.168381e+01
3.169264e+01
3.170147e+01
3.171030e+01
3.171913e+01
3.172796e+01
3.173679e+01
3.174562e+01
3.175444e+01
3.176327e+01
3.177210e+01
3.178093e+01
3.178976e+01
3.179859e+01
3.180742e+01
3.181625e+01
3.182508e+01
3.183391e+01
3.184273e+01
3.185156e+01
3.186039e+01
3.186922e+01
3.187805e+01
3.188688e+01
3.189571e+01
3.190454e+01
3.191337e+01
3.192220e+01
3.193103e+01
3.193985e+01
3.194868e+01
3.195751e+01
3.196634e+01
3.197517e+01
3.198400e+01
3.199283e+01
3.200166e+01
3.201049e+01
3.201932e+01
3.202814e+01
3.203697e+01
3.204580e+01
3.205463e+01
3.206346e+01
3.207229e+01
3.208112e+01
3.208995e+01
3.209878e+01
3.210761e+01
3.211643e+01
3.212526e+01
3.213409e+01
3.214292e+01
3.215175e+01
3.216058e+01
3.216941e+01
3.217824e+01
3.218707e+01
3.219590e+01
3.220472e+01
3.221355e+01
3.222238e+01
3.223121e+01
3.224004e+01
3.224887e+01
3.225770e+01
3.226653e+01
3.227536e+01
3.228419e+01
3.229301e+01
3.230184e+01
3.231067e+01
3.231950e+01
3.232833e+01
3.233716e+01
3.234599e+01
3.235482e+01
3.236365e+01
3.237248e+01
3.238131e+01
3.239013e+01
3.239896e+01
3.240779e+01
3.241662e+01
3.242545e+01
3.243428e+01
3.244311e+01
3.245194e+01
3.246077e+01
3.246960e+01
3.247842e+01
3.248725e+01
3.249608e+01
3.250491e+01
3.251374e+01
3.252257e+01
3.253140e+01
3.254023e+01
3.254906e+01
3.255789e+01
3.256672e+01
3.257554e+01
3.258437e+01
3.259320e+01
3.260203e+01
3.261086e+01
3.261969e+01
3.262852e+01
3.263735e+01
3.264618e+01
3.265501e+01
3.266383e+01
3.267266e+01
3.268149e+01
3.269032e+01
3.269915e+01
3.270798e+01
3.271681e+01
3.272564e+01
3.273447e+01
3.274330e+01
3.275212e+01
3.276095e+01
3.276978e+01
3.277861e+01
3.278744e+01
3.279627e+01
3.280510e+01
3.281393e+01
3.282276e+01
3.283159e+01
3.284042e+01
3.284924e+01
3.285807e+01
3.286690e+01
3.287573e+01
3.288456e+01
3.289339e+01
3.290222e+01
3.291105e+01
3.291988e+01
3.292871e+01
3.293753e+01
3.294636e+01
3.295519e+01
3.296402e+01
3.297285e+01
3.298168e+01
3.299051e+01
3.299934e+01
3.300817e+01
3.301699e+01
3.302583e+01
3.303465e+01
3.304348e+01
3.305231e+01
3.306114e+01
3.306997e+01
3.307880e+01
3.308763e+01
3.309646e+01
3.310529e+01
3.311411e+01
3.312294e+01
3.313177e+01
3.314060e+01
3.314943e+01
3.315826e+01
3.316709e+01
3.317592e+01
3.318475e+01
3.319358e+01
3.320240e+01
3.321123e+01
3.322006e+01
3.322889e+01
3.323772e+01
3.324655e+01
3.325538e+01
3.326421e+01
3.327304e+01
3.328187e+01
3.329069e+01
3.329952e+01
3.330835e+01
3.331718e+01
3.332601e+01
3.333484e+01
3.334367e+01
3.335250e+01
3.336133e+01
3.337016e+01
3.337899e+01
3.338781e+01
3.339664e+01
3.340547e+01
3.341430e+01
3.342313e+01
3.343196e+01
3.344079e+01
3.344962e+01
3.345845e+01
3.346728e+01
3.347610e+01
3.348493e+01
3.349376e+01
3.350259e+01
3.351142e+01
3.352025e+01
3.352908e+01
3.353791e+01
3.354674e+01
3.355557e+01
3.356440e+01
3.357322e+01
3.358205e+01
3.359088e+01
3.359971e+01
3.360854e+01
3.361737e+01
3.362620e+01
3.363503e+01
3.364386e+01
3.365269e+01
3.366151e+01
3.367034e+01
3.367917e+01
3.368800e+01
3.369683e+01
3.370566e+01
3.371449e+01
3.372332e+01
3.373215e+01
3.374098e+01
3.374981e+01
3.375863e+01
3.376746e+01
3.377629e+01
3.378512e+01
3.379395e+01
3.380278e+01
3.381161e+01
3.382044e+01
3.382926e+01
3.383810e+01
