5.713333e-01
5.719558e-01
5.725775e-01
5.732000e-01
5.738225e-01
5.744442e-01
5.750667e-01
5.756892e-01
5.763108e-01
5.769333e-01
5.775558e-01
5.781775e-01
5.788000e-01
5.794225e-01
5.800442e-01
5.806667e-01
5.812892e-01
5.819108e-01
5.825333e-01
5.831558e-01
5.837775e-01
5.844000e-01
5.850225e-01
5.856442e-01
5.862667e-01
5.868892e-01
5.875108e-01
5.881333e-01
5.887558e-01
5.893775e-01
5.900000e-01
5.913667e-01
5.927333e-01
5.941000e-01
5.954667e-01
5.968333e-01
5.982000e-01
5.995667e-01
6.009333e-01
6.023000e-01
6.036667e-01
6.050333e-01
6.064000e-01
6.077667e-01
6.091333e-01
6.105000e-01
6.118667e-01
6.132333e-01
6.146000e-01
6.159667e-01
6.173333e-01
6.182000e-01
6.190667e-01
6.199333e-01
6.208000e-01
6.216667e-01
6.225333e-01
6.234000e-01
6.242667e-01
6.251333e-01
6.260000e-01
6.268667e-01
6.277333e-01
6.286000e-01
6.294667e-01
6.303333e-01
6.312000e-01
6.320667e-01
6.329333e-01
6.334225e-01
6.346667e-01
6.359108e-01
6.371558e-01
6.384000e-01
6.396442e-01
6.408892e-01
6.421333e-01
6.433775e-01
6.446225e-01
6.458667e-01
6.471108e-01
6.483558e-01
6.496000e-01
6.508442e-01
6.520892e-01
6.533333e-01
6.545775e-01
6.558225e-01
6.570667e-01
6.583108e-01
6.595558e-01
6.608000e-01
6.620442e-01
6.632892e-01
6.645333e-01
6.657775e-01
6.670225e-01
6.682667e-01
6.695108e-01
6.707558e-01
6.720000e-01
6.730933e-01
6.741867e-01
6.752800e-01
6.763733e-01
6.774667e-01
6.785600e-01
6.796533e-01
6.807467e-01
6.818400e-01
6.829333e-01
6.840267e-01
6.851200e-01
6.862133e-01
6.873067e-01
6.884000e-01
6.894933e-01
6.905867e-01
6.916800e-01
6.927733e-01
6.938667e-01
6.949600e-01
6.960533e-01
6.971467e-01
6.982400e-01
6.993333e-01
7.004267e-01
7.015200e-01
7.026133e-01
7.037067e-01
7.048000e-01
7.058933e-01
7.069867e-01
7.080800e-01
7.091733e-01
7.102667e-01
7.113600e-01
7.124533e-01
7.135467e-01
7.146400e-01
7.157333e-01
7.168267e-01
7.179200e-01
7.190133e-01
7.201067e-01
7.212000e-01
7.222933e-01
7.233867e-01
7.244800e-01
7.255733e-01
7.266667e-01
7.281067e-01
7.295467e-01
7.309867e-01
7.324267e-01
7.338667e-01
7.353067e-01
7.367467e-01
7.381867e-01
7.396267e-01
7.410667e-01
7.425067e-01
7.439467e-01
7.453867e-01
7.468267e-01
7.482667e-01
7.497067e-01
7.511467e-01
7.525867e-01
7.540267e-01
7.554667e-01
7.569067e-01
7.583467e-01
7.597867e-01
7.612267e-01
7.626667e-01
7.641067e-01
7.655467e-01
7.669867e-01
7.684267e-01
7.698667e-01
7.713067e-01
7.727467e-01
7.741867e-01
7.756267e-01
7.770667e-01
7.785067e-01
7.799467e-01
7.813867e-01
7.828267e-01
7.842667e-01
7.857067e-01
7.871467e-01
7.885867e-01
7.900267e-01
7.914667e-01
7.929067e-01
7.943467e-01
7.957867e-01
7.972267e-01
7.986667e-01
7.997800e-01
8.008933e-01
8.020067e-01
8.031200e-01
8.042333e-01
8.053467e-01
8.064600e-01
8.075733e-01
8.086867e-01
8.098000e-01
8.109133e-01
8.120267e-01
8.131400e-01
8.142533e-01
8.153667e-01
8.164800e-01
8.175933e-01
8.187067e-01
8.198200e-01
8.209333e-01
8.220467e-01
8.231600e-01
8.242733e-01
8.253867e-01
8.265000e-01
8.276133e-01
8.287267e-01
8.298400e-01
8.309533e-01
8.320667e-01
8.331800e-01
8.342933e-01
8.354067e-01
8.365200e-01
8.376333e-01
8.387467e-01
8.398600e-01
8.409733e-01
8.420867e-01
8.432000e-01
8.443133e-01
8.454267e-01
8.465400e-01
8.476533e-01
8.487667e-01
8.498800e-01
8.509933e-01
8.521067e-01
8.532200e-01
8.543333e-01
8.554467e-01
8.565600e-01
8.576733e-01
8.587867e-01
8.599000e-01
8.610133e-01
8.621267e-01
8.632400e-01
8.643533e-01
8.654667e-01
8.665800e-01
8.676933e-01
8.688067e-01
8.699200e-01
8.710333e-01
8.721467e-01
8.732600e-01
8.743733e-01
8.754867e-01
8.766000e-01
8.777133e-01
8.788267e-01
8.799400e-01
8.810533e-01
8.821667e-01
8.832800e-01
8.843933e-01
8.855067e-01
8.866200e-01
8.877333e-01
8.888467e-01
8.899600e-01
8.910733e-01
8.921867e-01
8.933000e-01
8.944133e-01
8.955267e-01
8.966400e-01
8.977533e-01
8.988667e-01
8.999800e-01
9.010933e-01
9.022067e-01
9.033200e-01
9.044333e-01
9.055467e-01
9.066600e-01
9.077733e-01
9.088867e-01
9.100000e-01
9.107000e-01
9.114000e-01
9.121000e-01
9.128000e-01
9.135000e-01
9.142000e-01
9.149000e-01
9.156000e-01
9.163000e-01
9.170000e-01
9.177000e-01
9.184000e-01
9.191000e-01
9.198000e-01
9.205000e-01
9.212000e-01
9.219000e-01
9.226000e-01
9.233000e-01
9.240000e-01
9.247000e-01
9.254000e-01
9.261000e-01
9.268000e-01
9.275000e-01
9.282000e-01
9.289000e-01
9.296000e-01
9.303000e-01
9.310000e-01
9.317000e-01
9.324000e-01
9.331000e-01
9.338000e-01
9.345000e-01
9.352000e-01
9.359000e-01
9.366000e-01
9.373000e-01
9.380000e-01
9.387000e-01
9.394000e-01
9.401000e-01
9.408000e-01
9.415000e-01
9.422000e-01
9.429000e-01
9.436000e-01
9.443000e-01
9.450000e-01
9.457000e-01
9.464000e-01
9.471000e-01
9.478000e-01
9.485000e-01
9.492000e-01
9.499000e-01
9.506000e-01
9.513000e-01
9.520000e-01
9.527000e-01
9.534000e-01
9.541000e-01
9.548000e-01
9.555000e-01
9.562000e-01
9.569000e-01
9.576000e-01
9.583000e-01
9.590000e-01
9.597000e-01
9.604000e-01
9.611000e-01
9.618000e-01
9.625000e-01
9.632000e-01
9.639000e-01
9.646000e-01
9.653000e-01
9.660000e-01
9.667000e-01
9.674000e-01
9.681000e-01
9.688000e-01
9.695000e-01
9.702000e-01
9.709000e-01
9.716000e-01
9.723000e-01
9.730000e-01
9.737000e-01
9.744000e-01
9.751000e-01
9.758000e-01
9.765000e-01
9.772000e-01
9.779000e-01
9.786000e-01
9.793000e-01
9.800000e-01
9.807433e-01
9.814867e-01
9.822300e-01
9.829733e-01
9.837167e-01
9.844600e-01
9.852033e-01
9.859467e-01
9.866900e-01
9.874333e-01
9.881767e-01
9.889200e-01
9.896633e-01
9.904067e-01
9.911500e-01
9.918933e-01
9.926367e-01
9.933800e-01
9.941233e-01
9.948667e-01
9.956100e-01
9.963533e-01
9.970967e-01
9.978400e-01
9.985833e-01
9.993267e-01
1.000070e+00
1.000813e+00
1.001557e+00
1.002300e+00
1.003043e+00
1.003787e+00
1.004530e+00
1.005273e+00
1.006017e+00
1.006760e+00
1.007503e+00
1.008247e+00
1.008990e+00
1.009733e+00
1.010477e+00
1.011220e+00
1.011963e+00
1.012707e+00
1.013450e+00
1.014193e+00
1.014937e+00
1.015680e+00
1.016423e+00
1.017167e+00
1.017910e+00
1.018653e+00
1.019397e+00
1.020140e+00
1.020883e+00
1.021627e+00
1.022370e+00
1.023113e+00
1.023857e+00
1.024600e+00
1.025343e+00
1.026087e+00
1.026830e+00
1.027573e+00
1.028317e+00
1.029060e+00
1.029803e+00
1.030547e+00
1.031290e+00
1.032033e+00
1.032777e+00
1.033520e+00
1.034263e+00
1.035007e+00
1.035750e+00
1.036493e+00
1.037237e+00
1.037980e+00
1.038723e+00
1.039467e+00
1.040210e+00
1.040953e+00
1.041697e+00
1.042440e+00
1.043183e+00
1.043927e+00
1.044670e+00
1.045413e+00
1.046157e+00
1.046900e+00
1.047643e+00
1.048387e+00
1.049130e+00
1.049873e+00
1.050617e+00
1.051360e+00
1.052103e+00
1.052847e+00
1.053590e+00
1.054333e+00
1.055077e+00
1.055820e+00
1.056563e+00
1.057307e+00
1.058050e+00
1.058793e+00
1.059537e+00
1.060280e+00
1.061023e+00
1.061767e+00
1.062510e+00
1.063253e+00
1.063997e+00
1.064740e+00
1.065483e+00
1.066227e+00
1.066970e+00
1.067713e+00
1.068457e+00
1.069200e+00
1.069943e+00
1.070687e+00
1.071430e+00
1.072173e+00
1.072917e+00
1.073660e+00
1.074403e+00
1.075147e+00
1.075890e+00
1.076633e+00
1.077377e+00
1.078120e+00
1.078863e+00
1.079607e+00
1.080350e+00
1.081093e+00
1.081837e+00
1.082580e+00
1.083323e+00
1.084067e+00
1.084810e+00
1.085553e+00
1.086297e+00
1.087040e+00
1.087783e+00
1.088527e+00
1.089270e+00
1.090013e+00
1.090757e+00
1.091500e+00
1.092243e+00
1.092987e+00
1.093730e+00
1.094473e+00
1.095217e+00
1.095960e+00
1.096703e+00
1.097447e+00
1.098190e+00
1.098933e+00
1.099677e+00
1.100420e+00
1.101163e+00
1.101907e+00
1.102650e+00
1.103393e+00
1.104137e+00
1.104880e+00
1.105623e+00
1.106367e+00
1.107110e+00
1.107853e+00
1.108597e+00
1.109340e+00
1.110083e+00
1.110827e+00
1.111570e+00
1.112313e+00
1.113057e+00
1.113800e+00
1.114543e+00
1.115287e+00
1.116030e+00
1.116773e+00
1.117517e+00
1.118260e+00
1.119003e+00
1.119747e+00
1.120490e+00
1.121233e+00
1.121977e+00
1.122720e+00
1.123463e+00
1.124207e+00
1.124950e+00
1.125693e+00
1.126437e+00
1.127180e+00
1.127923e+00
1.128667e+00
1.134927e+00
1.141187e+00
1.147447e+00
1.153707e+00
1.159967e+00
1.166227e+00
1.172487e+00
1.178747e+00
1.185007e+00
1.191267e+00
1.197527e+00
1.203787e+00
1.210047e+00
1.216307e+00
1.222567e+00
1.228827e+00
1.235087e+00
1.241347e+00
1.247607e+00
1.253867e+00
1.260127e+00
1.266387e+00
1.272647e+00
1.278907e+00
1.285167e+00
1.291427e+00
1.297687e+00
1.303947e+00
1.310207e+00
1.316467e+00
1.322727e+00
1.328987e+00
1.335247e+00
1.341507e+00
1.347767e+00
1.354027e+00
1.360287e+00
1.366547e+00
1.372807e+00
1.379067e+00
1.385327e+00
1.391587e+00
1.397847e+00
1.404107e+00
1.410367e+00
1.416627e+00
1.422887e+00
1.429147e+00
1.435407e+00
1.441667e+00
1.447927e+00
1.454187e+00
1.460447e+00
1.466707e+00
1.472967e+00
1.479227e+00
1.485487e+00
1.491747e+00
1.498007e+00
1.504267e+00
1.510527e+00
1.516787e+00
1.523047e+00
1.529307e+00
1.535567e+00
1.541827e+00
1.548087e+00
1.554347e+00
1.560607e+00
1.566867e+00
1.573127e+00
1.579387e+00
1.585647e+00
1.591907e+00
1.598167e+00
1.604427e+00
1.610687e+00
1.616947e+00
1.623207e+00
1.629467e+00
1.635727e+00
1.641987e+00
1.648247e+00
1.654507e+00
1.660767e+00
1.667027e+00
1.673287e+00
1.679547e+00
1.685807e+00
1.692067e+00
1.698327e+00
1.704587e+00
1.710847e+00
1.717107e+00
1.723367e+00
1.729627e+00
1.735887e+00
1.742147e+00
1.748407e+00
1.754667e+00
1.751592e+00
1.748518e+00
1.745443e+00
1.742369e+00
1.739294e+00
1.736220e+00
1.733145e+00
1.730071e+00
1.726996e+00
1.723922e+00
1.720847e+00
1.717773e+00
1.714698e+00
1.711624e+00
1.708549e+00
1.705475e+00
1.702400e+00
1.699325e+00
1.696251e+00
1.693176e+00
1.690102e+00
1.687027e+00
1.683953e+00
1.680878e+00
1.677804e+00
1.674729e+00
1.671655e+00
1.668580e+00
1.665506e+00
1.662431e+00
1.659357e+00
1.656282e+00
1.653208e+00
1.650133e+00
1.647058e+00
1.643984e+00
1.640909e+00
1.637835e+00
1.634760e+00
1.631686e+00
1.628611e+00
1.625537e+00
1.622462e+00
1.619388e+00
1.616313e+00
1.613239e+00
1.610164e+00
1.607090e+00
1.604015e+00
1.600941e+00
1.597866e+00
1.594791e+00
1.591717e+00
1.588642e+00
1.585568e+00
1.582493e+00
1.579419e+00
1.576344e+00
1.573270e+00
1.570195e+00
1.567121e+00
1.564046e+00
1.560972e+00
1.557897e+00
1.554823e+00
1.551748e+00
1.548673e+00
1.545599e+00
1.542524e+00
1.539450e+00
1.536375e+00
1.533301e+00
1.530226e+00
1.527152e+00
1.524077e+00
1.521003e+00
1.517928e+00
1.514854e+00
1.511779e+00
1.508705e+00
1.505630e+00
1.502556e+00
1.499481e+00
1.496406e+00
1.493332e+00
1.490257e+00
1.487183e+00
1.484108e+00
1.481034e+00
1.477959e+00
1.474885e+00
1.471810e+00
1.468736e+00
1.465661e+00
1.462587e+00
1.459512e+00
1.456438e+00
1.453363e+00
1.450289e+00
1.447214e+00
1.444139e+00
1.441065e+00
1.437990e+00
1.434916e+00
1.431841e+00
1.428767e+00
1.425692e+00
1.422618e+00
1.419543e+00
1.416469e+00
1.413394e+00
1.410320e+00
1.407245e+00
1.404171e+00
1.401096e+00
1.398022e+00
1.394947e+00
1.391872e+00
1.388798e+00
1.385723e+00
1.382649e+00
1.379574e+00
1.376500e+00
1.373425e+00
1.370351e+00
1.367276e+00
1.364202e+00
1.361127e+00
1.358053e+00
1.354978e+00
1.351904e+00
1.348829e+00
1.345755e+00
1.342680e+00
1.339605e+00
1.336531e+00
1.333456e+00
1.330382e+00
1.327307e+00
1.324233e+00
1.321158e+00
1.318084e+00
1.315009e+00
1.311935e+00
1.308860e+00
1.305786e+00
1.302711e+00
1.299637e+00
1.296562e+00
1.293488e+00
1.290413e+00
1.287338e+00
1.284264e+00
1.281189e+00
1.278115e+00
1.275040e+00
1.271966e+00
1.268891e+00
1.265817e+00
1.262742e+00
1.259668e+00
1.256593e+00
1.253519e+00
1.250444e+00
1.247370e+00
1.244295e+00
1.241220e+00
1.238146e+00
1.235071e+00
1.231997e+00
1.228922e+00
1.225848e+00
1.222773e+00
1.219699e+00
1.216624e+00
1.213550e+00
1.210475e+00
1.207401e+00
1.204326e+00
1.201252e+00
1.198177e+00
1.195103e+00
1.192028e+00
1.188953e+00
1.185879e+00
1.182804e+00
1.179730e+00
1.176655e+00
1.173581e+00
1.170506e+00
1.167432e+00
1.164357e+00
1.161283e+00
1.158208e+00
1.155134e+00
1.152059e+00
1.148985e+00
1.145910e+00
1.142836e+00
1.139761e+00
1.136686e+00
1.133612e+00
1.130537e+00
1.127463e+00
1.124388e+00
1.121314e+00
1.118239e+00
1.115165e+00
1.112090e+00
1.109016e+00
1.105941e+00
1.102867e+00
1.099792e+00
1.096718e+00
1.093643e+00
1.090569e+00
1.087494e+00
1.084419e+00
1.081345e+00
1.078270e+00
1.075196e+00
1.072121e+00
1.069047e+00
1.065972e+00
1.062898e+00
1.059823e+00
1.056749e+00
1.053674e+00
1.050600e+00
1.047525e+00
1.044451e+00
1.041376e+00
1.038302e+00
1.035227e+00
1.032152e+00
1.029078e+00
1.026003e+00
1.022929e+00
1.019854e+00
1.016780e+00
1.013705e+00
1.010631e+00
1.007556e+00
1.004482e+00
1.001407e+00
9.983326e-01
9.952581e-01
9.921836e-01
9.891090e-01
9.860345e-01
9.829600e-01
9.798854e-01
9.768109e-01
9.737364e-01
9.706619e-01
9.675873e-01
9.645128e-01
9.614383e-01
9.583637e-01
9.552892e-01
9.522147e-01
9.491401e-01
9.460656e-01
9.429911e-01
9.399166e-01
9.368420e-01
9.337675e-01
9.306930e-01
9.276184e-01
9.245439e-01
9.214694e-01
9.183948e-01
9.153203e-01
9.122458e-01
9.091713e-01
9.060967e-01
9.030222e-01
8.999477e-01
8.968731e-01
8.937986e-01
8.907241e-01
8.876495e-01
8.845750e-01
8.815005e-01
8.784260e-01
8.753514e-01
8.722769e-01
8.692024e-01
8.661278e-01
8.630533e-01
8.599788e-01
8.569042e-01
8.538297e-01
8.507552e-01
8.476807e-01
8.446061e-01
8.415316e-01
8.384571e-01
8.353825e-01
8.323080e-01
8.292335e-01
8.261589e-01
8.230844e-01
8.200099e-01
8.169354e-01
8.138608e-01
8.107863e-01
8.077118e-01
8.046372e-01
8.015627e-01
7.984882e-01
7.954136e-01
7.923391e-01
7.892646e-01
7.861901e-01
7.831155e-01
7.800410e-01
7.769665e-01
7.738919e-01
7.708174e-01
7.677429e-01
7.646683e-01
7.615938e-01
7.585193e-01
7.554448e-01
7.523702e-01
7.492957e-01
7.462212e-01
7.431466e-01
7.400721e-01
7.369976e-01
7.339230e-01
7.308485e-01
7.277740e-01
7.246995e-01
7.216249e-01
7.185504e-01
7.154759e-01
7.124013e-01
7.093268e-01
7.062523e-01
7.031777e-01
7.001032e-01
6.970287e-01
6.939542e-01
6.908796e-01
6.878051e-01
6.847306e-01
6.816560e-01
6.785815e-01
6.755070e-01
6.724324e-01
6.693579e-01
6.662834e-01
6.632089e-01
6.601343e-01
6.570598e-01
6.539853e-01
6.509107e-01
6.478362e-01
6.447617e-01
6.416871e-01
6.386126e-01
6.355381e-01
6.324636e-01
6.293890e-01
6.263145e-01
6.232400e-01
6.201654e-01
6.170909e-01
6.140164e-01
6.109418e-01
6.078673e-01
6.047928e-01
6.017183e-01
5.986437e-01
5.955692e-01
5.924947e-01
5.894201e-01
5.863456e-01
5.832711e-01
5.801965e-01
5.771220e-01
5.740475e-01
5.709730e-01
5.678984e-01
5.648239e-01
5.617494e-01
5.586748e-01
5.556003e-01
5.525258e-01
5.494512e-01
5.463767e-01
5.433022e-01
5.402277e-01
5.371531e-01
5.340786e-01
5.310041e-01
5.279295e-01
5.248550e-01
5.217805e-01
5.187059e-01
5.156314e-01
5.125569e-01
5.094824e-01
5.064078e-01
5.033333e-01
5.057000e-01
5.080667e-01
5.104333e-01
5.128000e-01
5.151667e-01
5.175333e-01
5.199000e-01
5.222667e-01
5.246333e-01
5.270000e-01
5.293667e-01
5.317333e-01
5.341000e-01
5.364667e-01
5.388333e-01
5.412000e-01
5.435667e-01
5.459333e-01
5.483000e-01
5.506667e-01
5.530333e-01
5.554000e-01
5.577667e-01
5.601333e-01
5.625000e-01
5.648667e-01
5.672333e-01
5.696000e-01
5.719667e-01
5.743333e-01
5.767000e-01
5.790667e-01
5.814333e-01
5.838000e-01
5.861667e-01
5.885333e-01
5.909000e-01
5.932667e-01
5.956333e-01
5.980000e-01
6.003667e-01
6.027333e-01
6.051000e-01
6.074667e-01
6.098333e-01
6.122000e-01
6.145667e-01
6.169333e-01
6.193000e-01
6.216667e-01
6.240333e-01
6.264000e-01
6.287667e-01
6.311333e-01
6.335000e-01
6.358667e-01
6.382333e-01
6.406000e-01
6.429667e-01
6.453333e-01
6.477000e-01
6.500667e-01
6.524333e-01
6.548000e-01
6.571667e-01
6.595333e-01
6.619000e-01
6.642667e-01
6.666333e-01
6.690000e-01
6.713667e-01
6.737333e-01
6.761000e-01
6.784667e-01
6.808333e-01
6.832000e-01
6.855667e-01
6.879333e-01
6.903000e-01
6.926667e-01
6.950333e-01
6.974000e-01
6.997667e-01
7.021333e-01
7.045000e-01
7.068667e-01
7.092333e-01
7.116000e-01
7.139667e-01
7.163333e-01
7.187000e-01
7.210667e-01
7.234333e-01
7.258000e-01
7.281667e-01
7.305333e-01
7.329000e-01
7.352667e-01
7.376333e-01
7.400000e-01
7.416252e-01
7.432504e-01
7.448756e-01
7.465008e-01
7.481260e-01
7.497513e-01
7.513765e-01
7.530016e-01
7.546269e-01
7.562521e-01
7.578773e-01
7.595025e-01
7.611277e-01
7.627529e-01
7.643781e-01
7.660033e-01
7.676285e-01
7.692538e-01
7.708789e-01
7.725041e-01
7.741294e-01
7.757545e-01
7.773798e-01
7.790050e-01
7.806302e-01
7.822554e-01
7.838806e-01
7.855058e-01
7.871310e-01
7.887562e-01
7.903814e-01
7.920067e-01
7.936318e-01
7.952570e-01
7.968823e-01
7.985074e-01
8.001327e-01
8.017579e-01
8.033831e-01
8.050083e-01
8.066335e-01
8.082587e-01
8.098839e-01
8.115091e-01
8.131343e-01
8.147595e-01
8.163848e-01
8.180099e-01
8.196352e-01
8.212604e-01
8.228856e-01
8.245108e-01
8.261360e-01
8.277612e-01
8.293864e-01
8.310116e-01
8.326368e-01
8.342621e-01
8.358872e-01
8.375124e-01
8.391377e-01
8.407628e-01
8.423881e-01
8.440133e-01
8.456384e-01
8.472637e-01
8.488889e-01
8.505141e-01
8.521393e-01
8.537645e-01
8.553897e-01
8.570149e-01
8.586401e-01
8.602653e-01
8.618906e-01
8.635157e-01
8.651410e-01
8.667662e-01
8.683913e-01
8.700166e-01
8.716418e-01
8.732670e-01
8.748922e-01
8.765174e-01
8.781426e-01
8.797678e-01
8.813930e-01
8.830182e-01
8.846435e-01
8.862687e-01
8.878938e-01
8.895191e-01
8.911443e-01
8.927695e-01
8.943947e-01
8.960199e-01
8.976451e-01
8.992703e-01
9.008955e-01
9.025207e-01
9.041460e-01
9.057711e-01
9.073964e-01
9.090216e-01
9.106467e-01
9.122720e-01
9.138972e-01
9.155224e-01
9.171476e-01
9.187728e-01
9.203980e-01
9.220232e-01
9.236484e-01
9.252736e-01
9.268989e-01
9.285240e-01
9.301492e-01
9.317745e-01
9.333996e-01
9.350249e-01
9.366501e-01
9.382753e-01
9.399005e-01
9.415257e-01
9.431511e-01
9.447759e-01
9.464014e-01
9.480263e-01
9.496518e-01
9.512766e-01
9.529021e-01
9.545276e-01
9.561525e-01
9.577780e-01
9.594028e-01
9.610284e-01
9.626532e-01
9.642787e-01
9.659036e-01
9.675291e-01
9.691539e-01
9.707794e-01
9.724049e-01
9.740298e-01
9.756553e-01
9.772801e-01
9.789057e-01
9.805305e-01
9.821560e-01
9.837809e-01
9.854064e-01
9.870312e-01
9.886567e-01
9.902822e-01
9.919071e-01
9.935326e-01
9.951575e-01
9.967830e-01
9.984078e-01
1.000033e+00
1.001658e+00
1.003284e+00
1.004909e+00
1.006534e+00
1.008159e+00
1.009784e+00
1.011410e+00
1.013035e+00
1.014660e+00
1.016285e+00
1.017911e+00
1.019535e+00
1.021161e+00
1.022786e+00
1.024411e+00
1.026036e+00
1.027662e+00
1.029287e+00
1.030912e+00
1.032538e+00
1.034162e+00
1.035788e+00
1.037413e+00
1.039038e+00
1.040663e+00
1.042289e+00
1.043913e+00
1.045539e+00
1.047164e+00
1.048789e+00
1.050415e+00
1.052040e+00
1.053665e+00
1.055290e+00
1.056916e+00
1.058540e+00
1.060166e+00
1.061791e+00
1.063416e+00
1.065041e+00
1.066667e+00
1.069139e+00
1.071612e+00
1.074084e+00
1.076556e+00
1.079029e+00
1.081501e+00
1.083973e+00
1.086446e+00
1.088918e+00
1.091391e+00
1.093863e+00
1.096336e+00
1.098808e+00
1.101281e+00
1.103753e+00
1.106225e+00
1.108698e+00
1.111170e+00
1.113642e+00
1.116115e+00
1.118587e+00
1.121059e+00
1.123532e+00
1.126004e+00
1.128477e+00
1.130949e+00
1.133422e+00
1.135894e+00
1.138367e+00
1.140839e+00
1.143311e+00
1.145784e+00
1.148256e+00
1.150728e+00
1.153201e+00
1.155673e+00
1.158146e+00
1.160618e+00
1.163091e+00
1.165563e+00
1.168036e+00
1.170508e+00
1.172980e+00
1.175453e+00
1.177925e+00
1.180397e+00
1.182870e+00
1.185342e+00
1.187814e+00
1.190287e+00
1.192759e+00
1.195232e+00
1.197704e+00
1.200177e+00
1.202649e+00
1.205122e+00
1.207594e+00
1.210066e+00
1.212539e+00
1.215011e+00
1.217483e+00
1.219956e+00
1.222428e+00
1.224901e+00
1.227373e+00
1.229846e+00
1.232318e+00
1.234791e+00
1.237263e+00
1.239735e+00
1.242208e+00
1.244680e+00
1.247152e+00
1.249625e+00
1.252097e+00
1.254569e+00
1.257042e+00
1.259514e+00
1.261987e+00
1.264459e+00
1.266932e+00
1.269404e+00
1.271876e+00
1.274349e+00
1.276821e+00
1.279293e+00
1.281766e+00
1.284238e+00
1.286711e+00
1.289183e+00
1.291656e+00
1.294128e+00
1.296601e+00
1.299073e+00
1.301545e+00
1.304018e+00
1.306490e+00
1.308962e+00
1.311435e+00
1.313907e+00
1.316379e+00
1.318852e+00
1.321324e+00
1.323797e+00
1.326269e+00
1.328742e+00
1.331214e+00
1.333687e+00
1.336159e+00
1.338631e+00
1.341104e+00
1.343576e+00
1.346048e+00
1.348521e+00
1.350993e+00
1.353466e+00
1.355938e+00
1.358411e+00
1.360883e+00
1.363356e+00
1.365828e+00
1.368300e+00
1.370773e+00
1.373245e+00
1.375717e+00
1.378190e+00
1.380662e+00
1.383134e+00
1.385607e+00
1.388079e+00
1.390552e+00
1.393024e+00
1.395497e+00
1.397969e+00
1.400442e+00
1.402914e+00
1.405386e+00
1.407859e+00
1.410331e+00
1.412803e+00
1.415276e+00
1.417748e+00
1.420221e+00
1.422693e+00
1.425166e+00
1.427638e+00
1.430111e+00
1.432583e+00
1.435055e+00
1.437528e+00
1.440000e+00
1.442472e+00
1.444945e+00
1.447417e+00
1.449889e+00
1.452362e+00
1.454834e+00
1.457307e+00
1.459779e+00
1.462252e+00
1.464724e+00
1.467197e+00
1.469669e+00
1.472141e+00
1.474614e+00
1.477086e+00
1.479558e+00
1.482031e+00
1.484503e+00
1.486976e+00
1.489448e+00
1.491921e+00
1.494393e+00
1.496866e+00
1.499338e+00
1.501810e+00
1.504283e+00
1.506755e+00
1.509227e+00
1.511700e+00
1.514172e+00
1.516644e+00
1.519117e+00
1.521589e+00
1.524062e+00
1.526534e+00
1.529007e+00
1.531479e+00
1.533952e+00
1.536424e+00
1.538896e+00
1.541369e+00
1.543841e+00
1.546313e+00
1.548786e+00
1.551258e+00
1.553731e+00
1.556203e+00
1.558676e+00
1.561148e+00
1.563621e+00
1.566093e+00
1.568565e+00
1.571038e+00
1.573510e+00
1.575982e+00
1.578455e+00
1.580927e+00
1.583399e+00
1.585872e+00
1.588344e+00
1.590817e+00
1.593289e+00
1.595762e+00
1.598234e+00
1.600707e+00
1.603179e+00
1.605651e+00
1.608124e+00
1.610596e+00
1.613068e+00
1.615541e+00
1.618013e+00
1.620486e+00
1.622958e+00
1.625431e+00
1.627903e+00
1.630375e+00
1.632848e+00
1.635320e+00
1.637792e+00
1.640265e+00
1.642737e+00
1.645209e+00
1.647682e+00
1.650154e+00
1.652627e+00
1.655099e+00
1.657572e+00
1.660044e+00
1.662517e+00
1.664989e+00
1.667461e+00
1.669934e+00
1.672406e+00
1.674878e+00
1.677351e+00
1.679823e+00
1.682296e+00
1.684768e+00
1.687241e+00
1.689713e+00
1.692186e+00
1.694658e+00
1.697130e+00
1.699603e+00
1.702075e+00
1.704547e+00
1.707020e+00
1.709492e+00
1.711964e+00
1.714437e+00
1.716909e+00
1.719382e+00
1.721854e+00
1.724327e+00
1.726799e+00
1.729272e+00
1.731744e+00
1.734216e+00
1.736689e+00
1.739161e+00
1.741633e+00
1.744106e+00
1.746578e+00
1.749051e+00
1.751523e+00
1.753996e+00
1.756468e+00
1.758941e+00
1.761413e+00
1.763885e+00
1.766358e+00
1.768830e+00
1.771302e+00
1.773775e+00
1.776247e+00
1.778719e+00
1.781192e+00
1.783664e+00
1.786137e+00
1.788609e+00
1.791082e+00
1.793554e+00
1.796027e+00
1.798499e+00
1.800971e+00
1.803444e+00
1.805916e+00
1.808388e+00
1.810861e+00
1.813333e+00
1.816617e+00
1.819900e+00
1.823184e+00
1.826467e+00
1.829751e+00
1.833035e+00
1.836318e+00
1.839602e+00
1.842885e+00
1.846169e+00
1.849453e+00
1.852736e+00
1.856020e+00
1.859303e+00
1.862587e+00
1.865870e+00
1.869154e+00
1.872438e+00
1.875721e+00
1.879005e+00
1.882288e+00
1.885572e+00
1.888856e+00
1.892139e+00
1.895423e+00
1.898706e+00
1.901990e+00
1.905274e+00
1.908557e+00
1.911841e+00
1.915124e+00
1.918408e+00
1.921692e+00
1.924975e+00
1.928259e+00
1.931542e+00
1.934826e+00
1.938109e+00
1.941393e+00
1.944677e+00
1.947960e+00
1.951244e+00
1.954527e+00
1.957811e+00
1.961095e+00
1.964378e+00
1.967662e+00
1.970945e+00
1.974229e+00
1.977513e+00
1.980796e+00
1.984080e+00
1.987363e+00
1.990647e+00
1.993931e+00
1.997214e+00
2.000498e+00
2.003781e+00
2.007065e+00
2.010349e+00
2.013632e+00
2.016916e+00
2.020199e+00
2.023483e+00
2.026766e+00
2.030050e+00
2.033334e+00
2.036617e+00
2.039901e+00
2.043184e+00
2.046468e+00
2.049752e+00
2.053035e+00
2.056319e+00
2.059602e+00
2.062886e+00
2.066169e+00
2.069453e+00
2.072737e+00
2.076020e+00
2.079304e+00
2.082587e+00
2.085871e+00
2.089154e+00
2.092438e+00
2.095722e+00
2.099005e+00
2.102289e+00
2.105572e+00
2.108856e+00
2.112140e+00
2.115423e+00
2.118707e+00
2.121990e+00
2.125274e+00
2.128557e+00
2.131841e+00
2.135125e+00
2.138408e+00
2.141692e+00
2.144975e+00
2.148259e+00
2.151542e+00
2.154826e+00
2.158110e+00
2.161393e+00
2.164677e+00
2.167960e+00
2.171244e+00
2.174527e+00
2.177811e+00
2.181095e+00
2.184378e+00
2.187662e+00
2.190945e+00
2.194229e+00
2.197513e+00
2.200796e+00
2.204080e+00
2.207363e+00
2.210647e+00
2.213930e+00
2.217214e+00
2.220498e+00
2.223781e+00
2.227065e+00
2.230348e+00
2.233632e+00
2.236915e+00
2.240199e+00
2.243483e+00
2.246766e+00
2.250050e+00
2.253333e+00
2.256617e+00
2.259900e+00
2.263184e+00
2.266468e+00
2.269751e+00
2.273035e+00
2.276318e+00
2.279602e+00
2.282886e+00
2.286169e+00
2.289453e+00
2.292736e+00
2.296020e+00
2.299303e+00
2.302587e+00
2.305871e+00
2.309154e+00
2.312438e+00
2.315721e+00
2.319005e+00
2.322288e+00
2.325572e+00
2.328856e+00
2.332139e+00
2.335423e+00
2.338706e+00
2.341990e+00
2.345273e+00
2.348557e+00
2.351841e+00
2.355124e+00
2.358408e+00
2.361691e+00
2.364975e+00
2.368259e+00
2.371542e+00
2.374826e+00
2.378109e+00
2.381393e+00
2.384676e+00
2.387960e+00
2.391244e+00
2.394527e+00
2.397811e+00
2.401094e+00
2.404378e+00
2.407661e+00
2.410945e+00
2.414229e+00
2.417512e+00
2.420796e+00
2.424079e+00
2.427363e+00
2.430646e+00
2.433930e+00
2.437214e+00
2.440497e+00
2.443781e+00
2.447064e+00
2.450348e+00
2.453632e+00
2.456915e+00
2.460199e+00
2.463482e+00
2.466766e+00
2.470049e+00
2.473333e+00
2.476269e+00
2.479204e+00
2.482139e+00
2.485074e+00
2.488010e+00
2.490945e+00
2.493881e+00
2.496816e+00
2.499751e+00
2.502686e+00
2.505622e+00
2.508557e+00
2.511493e+00
2.514428e+00
2.517363e+00
2.520298e+00
2.523234e+00
2.526169e+00
2.529105e+00
2.532040e+00
2.534975e+00
2.537910e+00
2.540846e+00
2.543781e+00
2.546717e+00
2.549652e+00
2.552587e+00
2.555522e+00
2.558458e+00
2.561393e+00
2.564329e+00
2.567264e+00
2.570199e+00
2.573134e+00
2.576070e+00
2.579005e+00
2.581940e+00
2.584876e+00
2.587811e+00
2.590746e+00
2.593682e+00
2.596617e+00
2.599552e+00
2.602488e+00
2.605423e+00
2.608358e+00
2.611293e+00
2.614229e+00
2.617164e+00
2.620100e+00
2.623035e+00
2.625970e+00
2.628905e+00
2.631841e+00
2.634776e+00
2.637712e+00
2.640647e+00
2.643582e+00
2.646517e+00
2.649453e+00
2.652388e+00
2.655324e+00
2.658258e+00
2.661194e+00
2.664129e+00
2.667065e+00
2.670000e+00
2.672935e+00
2.675870e+00
2.678806e+00
2.681741e+00
2.684677e+00
2.687612e+00
2.690547e+00
2.693482e+00
2.696418e+00
2.699353e+00
2.702289e+00
2.705224e+00
2.708159e+00
2.711094e+00
2.714030e+00
2.716965e+00
2.719901e+00
2.722836e+00
2.725771e+00
2.728706e+00
2.731642e+00
2.734577e+00
2.737513e+00
2.740448e+00
2.743383e+00
2.746318e+00
2.749254e+00
2.752189e+00
2.755125e+00
2.758060e+00
2.760995e+00
2.763930e+00
2.766866e+00
2.769801e+00
2.772736e+00
2.775672e+00
2.778607e+00
2.781542e+00
2.784478e+00
2.787413e+00
2.790348e+00
2.793284e+00
2.796219e+00
2.799154e+00
2.802090e+00
2.805025e+00
2.807960e+00
2.810896e+00
2.813831e+00
2.816766e+00
2.819701e+00
2.822637e+00
2.825572e+00
2.828508e+00
2.831443e+00
2.834378e+00
2.837313e+00
2.840249e+00
2.843184e+00
2.846120e+00
2.849054e+00
2.851990e+00
2.854925e+00
2.857861e+00
2.860796e+00
2.863732e+00
2.866666e+00
2.869602e+00
2.872537e+00
2.875473e+00
2.878408e+00
2.881343e+00
2.884278e+00
2.887214e+00
2.890149e+00
2.893085e+00
2.896020e+00
2.898955e+00
2.901890e+00
2.904826e+00
2.907761e+00
2.910697e+00
2.913632e+00
2.916567e+00
2.919502e+00
2.922438e+00
2.925373e+00
2.928309e+00
2.931244e+00
2.934179e+00
2.937114e+00
2.940050e+00
2.942985e+00
2.945921e+00
2.948856e+00
2.951791e+00
2.954726e+00
2.957662e+00
2.960597e+00
2.963533e+00
2.966468e+00
2.969403e+00
2.972338e+00
2.975274e+00
2.978209e+00
2.981144e+00
2.984080e+00
2.987015e+00
2.989950e+00
2.992886e+00
2.995821e+00
2.998756e+00
3.001692e+00
3.004627e+00
3.007562e+00
3.010497e+00
3.013433e+00
3.016368e+00
3.019304e+00
3.022239e+00
3.025174e+00
3.028109e+00
3.031045e+00
3.033980e+00
3.036916e+00
3.039851e+00
3.042786e+00
3.045721e+00
3.048657e+00
3.051592e+00
3.054528e+00
3.057462e+00
3.060398e+00
3.063333e+00
3.067108e+00
3.070883e+00
3.074658e+00
3.078433e+00
3.082207e+00
3.085982e+00
3.089757e+00
3.093532e+00
3.097307e+00
3.101082e+00
3.104856e+00
3.108631e+00
3.112406e+00
3.116181e+00
3.119956e+00
3.123731e+00
3.127505e+00
3.131280e+00
3.135055e+00
3.138830e+00
3.142605e+00
3.146380e+00
3.150154e+00
3.153929e+00
3.157704e+00
3.161479e+00
3.165254e+00
3.169029e+00
3.172803e+00
3.176578e+00
3.180353e+00
3.184128e+00
3.187903e+00
3.191678e+00
3.195452e+00
3.199227e+00
3.203002e+00
3.206777e+00
3.210552e+00
3.214327e+00
3.218101e+00
3.221876e+00
3.225651e+00
3.229426e+00
3.233201e+00
3.236976e+00
3.240750e+00
3.244525e+00
3.248300e+00
3.252075e+00
3.255850e+00
3.259625e+00
3.263399e+00
3.267175e+00
3.270949e+00
3.274724e+00
3.278499e+00
3.282274e+00
3.286048e+00
3.289824e+00
3.293598e+00
3.297373e+00
3.301148e+00
3.304923e+00
3.308697e+00
3.312473e+00
3.316247e+00
3.320022e+00
3.323797e+00
3.327572e+00
3.331346e+00
3.335122e+00
3.338896e+00
3.342671e+00
3.346446e+00
3.350221e+00
3.353995e+00
3.357771e+00
3.361545e+00
3.365320e+00
3.369095e+00
3.372870e+00
3.376644e+00
3.380420e+00
3.384194e+00
3.387969e+00
3.391744e+00
3.395519e+00
3.399293e+00
3.403069e+00
3.406843e+00
3.410618e+00
3.414393e+00
3.418168e+00
3.421942e+00
3.425718e+00
3.429492e+00
3.433267e+00
3.437042e+00
3.440817e+00
3.444592e+00
3.448367e+00
3.452141e+00
3.455916e+00
3.459691e+00
3.463466e+00
3.467241e+00
3.471016e+00
3.474790e+00
3.478565e+00
3.482340e+00
3.486115e+00
3.489890e+00
3.493665e+00
3.497439e+00
3.501214e+00
3.504989e+00
3.508764e+00
3.512539e+00
3.516314e+00
3.520088e+00
3.523863e+00
3.527638e+00
3.531413e+00
3.535188e+00
3.538963e+00
3.542737e+00
3.546512e+00
3.550287e+00
3.554062e+00
3.557837e+00
3.561612e+00
3.565386e+00
3.569161e+00
3.572936e+00
3.576711e+00
3.580486e+00
3.584261e+00
3.588035e+00
3.591810e+00
3.595585e+00
3.599360e+00
3.603135e+00
3.606910e+00
3.610684e+00
3.614459e+00
3.618234e+00
3.622009e+00
3.625784e+00
3.629559e+00
3.633333e+00
3.637108e+00
3.640883e+00
3.644658e+00
3.648433e+00
3.652207e+00
3.655982e+00
3.659757e+00
3.663532e+00
3.667307e+00
3.671082e+00
3.674856e+00
3.678631e+00
3.682406e+00
3.686181e+00
3.689956e+00
3.693731e+00
3.697505e+00
3.701280e+00
3.705055e+00
3.708830e+00
3.712605e+00
3.716380e+00
3.720154e+00
3.723929e+00
3.727704e+00
3.731479e+00
3.735254e+00
3.739029e+00
3.742803e+00
3.746578e+00
3.750353e+00
3.754128e+00
3.757903e+00
3.761678e+00
3.765452e+00
3.769227e+00
3.773002e+00
3.776777e+00
3.780552e+00
3.784327e+00
3.788101e+00
3.791876e+00
3.795651e+00
3.799426e+00
3.803201e+00
3.806976e+00
3.810750e+00
3.814525e+00
3.818300e+00
3.822075e+00
3.825850e+00
3.829625e+00
3.833399e+00
3.837175e+00
3.840949e+00
3.844724e+00
3.848499e+00
3.852274e+00
3.856048e+00
3.859824e+00
3.863598e+00
3.867373e+00
3.871148e+00
3.874923e+00
3.878697e+00
3.882473e+00
3.886247e+00
3.890022e+00
3.893797e+00
3.897572e+00
3.901346e+00
3.905122e+00
3.908896e+00
3.912671e+00
3.916446e+00
3.920221e+00
3.923995e+00
3.927771e+00
3.931545e+00
3.935320e+00
3.939095e+00
3.942870e+00
3.946644e+00
3.950420e+00
3.954194e+00
3.957969e+00
3.961744e+00
3.965519e+00
3.969293e+00
3.973069e+00
3.976843e+00
3.980618e+00
3.984393e+00
3.988168e+00
3.991942e+00
3.995718e+00
3.999492e+00
4.003267e+00
4.007042e+00
4.010817e+00
4.014592e+00
4.018367e+00
4.022141e+00
4.025916e+00
4.029691e+00
4.033466e+00
4.037241e+00
4.041016e+00
4.044790e+00
4.048565e+00
4.052340e+00
4.056115e+00
4.059890e+00
4.063665e+00
4.067439e+00
4.071214e+00
4.074989e+00
4.078764e+00
4.082539e+00
4.086314e+00
4.090088e+00
4.093863e+00
4.097638e+00
4.101413e+00
4.105188e+00
4.108963e+00
4.112737e+00
4.116512e+00
4.120287e+00
4.124062e+00
4.127837e+00
4.131612e+00
4.135386e+00
4.139161e+00
4.142936e+00
4.146711e+00
4.150486e+00
4.154261e+00
4.158035e+00
4.161810e+00
4.165585e+00
4.169360e+00
4.173135e+00
4.176910e+00
4.180684e+00
4.184459e+00
4.188234e+00
4.192009e+00
4.195784e+00
4.199559e+00
4.203333e+00
4.207278e+00
4.211222e+00
4.215166e+00
4.219110e+00
4.223054e+00
4.226998e+00
4.230943e+00
4.234887e+00
4.238832e+00
4.242776e+00
4.246720e+00
4.250664e+00
4.254608e+00
4.258553e+00
4.262497e+00
4.266441e+00
4.270385e+00
4.274329e+00
4.278273e+00
4.282218e+00
4.286162e+00
4.290106e+00
4.294050e+00
4.297995e+00
4.301939e+00
4.305883e+00
4.309828e+00
4.313772e+00
4.317716e+00
4.321660e+00
4.325604e+00
4.329548e+00
4.333493e+00
4.337437e+00
4.341381e+00
4.345325e+00
4.349269e+00
4.353214e+00
4.357158e+00
4.361103e+00
4.365047e+00
4.368991e+00
4.372935e+00
4.376879e+00
4.380823e+00
4.384768e+00
4.388712e+00
4.392656e+00
4.396600e+00
4.400544e+00
4.404489e+00
4.408433e+00
4.412377e+00
4.416321e+00
4.420266e+00
4.424210e+00
4.428154e+00
4.432098e+00
4.436043e+00
4.439987e+00
4.443931e+00
4.447875e+00
4.451819e+00
4.455764e+00
4.459708e+00
4.463652e+00
4.467596e+00
4.471540e+00
4.475484e+00
4.479429e+00
4.483373e+00
4.487318e+00
4.491262e+00
4.495206e+00
4.499150e+00
4.503094e+00
4.507039e+00
4.510983e+00
4.514927e+00
4.518871e+00
4.522815e+00
4.526759e+00
4.530704e+00
4.534648e+00
4.538592e+00
4.542536e+00
4.546481e+00
4.550425e+00
4.554369e+00
4.558314e+00
4.562258e+00
4.566202e+00
4.570146e+00
4.574090e+00
4.578034e+00
4.581979e+00
4.585923e+00
4.589867e+00
4.593811e+00
4.597755e+00
4.601700e+00
4.605644e+00
4.609589e+00
4.613533e+00
4.617477e+00
4.621421e+00
4.625365e+00
4.629310e+00
4.633254e+00
4.637198e+00
4.641142e+00
4.645086e+00
4.649030e+00
4.652975e+00
4.656919e+00
4.660863e+00
4.664807e+00
4.668752e+00
4.672696e+00
4.676640e+00
4.680585e+00
4.684529e+00
4.688473e+00
4.692417e+00
4.696361e+00
4.700305e+00
4.704250e+00
4.708194e+00
4.712138e+00
4.716082e+00
4.720026e+00
4.723971e+00
4.727915e+00
4.731860e+00
4.735804e+00
4.739748e+00
4.743692e+00
4.747636e+00
4.751580e+00
4.755525e+00
4.759469e+00
4.763413e+00
4.767357e+00
4.771301e+00
4.775246e+00
4.779190e+00
4.783134e+00
4.787078e+00
4.791022e+00
4.794967e+00
4.798911e+00
4.802855e+00
4.806800e+00
4.810744e+00
4.814688e+00
4.818632e+00
4.822576e+00
4.826521e+00
4.830465e+00
4.834409e+00
4.838353e+00
4.842297e+00
4.846241e+00
4.850186e+00
4.854130e+00
4.858075e+00
4.862019e+00
4.865963e+00
4.869907e+00
4.873851e+00
4.877796e+00
4.881740e+00
4.885684e+00
4.889628e+00
4.893572e+00
4.897516e+00
4.901461e+00
4.905405e+00
4.909349e+00
4.913293e+00
4.917238e+00
4.921182e+00
4.925126e+00
4.929071e+00
4.933015e+00
4.936959e+00
4.940903e+00
4.944847e+00
4.948791e+00
4.952736e+00
4.956680e+00
4.960624e+00
4.964568e+00
4.968512e+00
4.972457e+00
4.976401e+00
4.980346e+00
4.984290e+00
4.988234e+00
4.992178e+00
4.996122e+00
5.000066e+00
5.004011e+00
5.007955e+00
5.011899e+00
5.015843e+00
5.019787e+00
5.023732e+00
5.027676e+00
5.031620e+00
5.035564e+00
5.039509e+00
5.043453e+00
5.047397e+00
5.051341e+00
5.055286e+00
5.059230e+00
5.063174e+00
5.067118e+00
5.071062e+00
5.075007e+00
5.078951e+00
5.082895e+00
5.086839e+00
5.090783e+00
5.094727e+00
5.098672e+00
5.102617e+00
5.106561e+00
5.110505e+00
5.114449e+00
5.118393e+00
5.122337e+00
5.126282e+00
5.130226e+00
5.134170e+00
5.138114e+00
5.142058e+00
5.146002e+00
5.149947e+00
5.153891e+00
5.157835e+00
5.161779e+00
5.165724e+00
5.169668e+00
5.173612e+00
5.177557e+00
5.181501e+00
5.185445e+00
5.189389e+00
5.193333e+00
5.197278e+00
5.201222e+00
5.205166e+00
5.209110e+00
5.213054e+00
5.216998e+00
5.220943e+00
5.224887e+00
5.228832e+00
5.232776e+00
5.236720e+00
5.240664e+00
5.244608e+00
5.248553e+00
5.252497e+00
5.256441e+00
5.260385e+00
5.264329e+00
5.268273e+00
5.272218e+00
5.276162e+00
5.280106e+00
5.284050e+00
5.287995e+00
5.291939e+00
5.295883e+00
5.299828e+00
5.303772e+00
5.307716e+00
5.311660e+00
5.315604e+00
5.319548e+00
5.323493e+00
5.327437e+00
5.331381e+00
5.335325e+00
5.339269e+00
5.343214e+00
5.347158e+00
5.351103e+00
5.355047e+00
5.358991e+00
5.362935e+00
5.366879e+00
5.370823e+00
5.374768e+00
5.378712e+00
5.382656e+00
5.386600e+00
5.390544e+00
5.394489e+00
5.398433e+00
5.402377e+00
5.406321e+00
5.410266e+00
5.414210e+00
5.418154e+00
5.422098e+00
5.426043e+00
5.429987e+00
5.433931e+00
5.437875e+00
5.441819e+00
5.445764e+00
5.449708e+00
5.453652e+00
5.457596e+00
5.461540e+00
5.465484e+00
5.469429e+00
5.473373e+00
5.477318e+00
5.481262e+00
5.485206e+00
5.489150e+00
5.493094e+00
5.497039e+00
5.500983e+00
5.504927e+00
5.508871e+00
5.512815e+00
5.516759e+00
5.520704e+00
5.524648e+00
5.528592e+00
5.532536e+00
5.536481e+00
5.540425e+00
5.544369e+00
5.548314e+00
5.552258e+00
5.556202e+00
5.560146e+00
5.564090e+00
5.568034e+00
5.571979e+00
5.575923e+00
5.579867e+00
5.583811e+00
5.587755e+00
5.591700e+00
5.595644e+00
5.599589e+00
5.603533e+00
5.607477e+00
5.611421e+00
5.615365e+00
5.619310e+00
5.623254e+00
5.627198e+00
5.631142e+00
5.635086e+00
5.639030e+00
5.642975e+00
5.646919e+00
5.650863e+00
5.654807e+00
5.658752e+00
5.662696e+00
5.666640e+00
5.670585e+00
5.674529e+00
5.678473e+00
5.682417e+00
5.686361e+00
5.690305e+00
5.694250e+00
5.698194e+00
5.702138e+00
5.706082e+00
5.710026e+00
5.713971e+00
5.717915e+00
5.721860e+00
5.725804e+00
5.729748e+00
5.733692e+00
5.737636e+00
5.741580e+00
5.745525e+00
5.749469e+00
5.753413e+00
5.757357e+00
5.761301e+00
5.765246e+00
5.769190e+00
5.773134e+00
5.777078e+00
5.781022e+00
5.784967e+00
5.788911e+00
5.792855e+00
5.796800e+00
5.800744e+00
5.804688e+00
5.808632e+00
5.812576e+00
5.816521e+00
5.820465e+00
5.824409e+00
5.828353e+00
5.832297e+00
5.836241e+00
5.840186e+00
5.844130e+00
5.848075e+00
5.852019e+00
5.855963e+00
5.859907e+00
5.863851e+00
5.867796e+00
5.871740e+00
5.875684e+00
5.879628e+00
5.883572e+00
5.887516e+00
5.891461e+00
5.895405e+00
5.899349e+00
5.903293e+00
5.907238e+00
5.911182e+00
5.915126e+00
5.919071e+00
5.923015e+00
5.926959e+00
5.930903e+00
5.934847e+00
5.938791e+00
5.942736e+00
5.946680e+00
5.950624e+00
5.954568e+00
5.958512e+00
5.962457e+00
5.966401e+00
5.970346e+00
5.974290e+00
5.978234e+00
5.982178e+00
5.986122e+00
5.990066e+00
5.994011e+00
5.997955e+00
6.001899e+00
6.005843e+00
6.009787e+00
6.013732e+00
6.017676e+00
6.021620e+00
6.025564e+00
6.029509e+00
6.033453e+00
6.037397e+00
6.041341e+00
6.045286e+00
6.049230e+00
6.053174e+00
6.057118e+00
6.061062e+00
6.065007e+00
6.068951e+00
6.072895e+00
6.076839e+00
6.080783e+00
6.084727e+00
6.088672e+00
6.092617e+00
6.096561e+00
6.100505e+00
6.104449e+00
6.108393e+00
6.112337e+00
6.116282e+00
6.120226e+00
6.124170e+00
6.128114e+00
6.132058e+00
6.136002e+00
6.139947e+00
6.143891e+00
6.147835e+00
6.151779e+00
6.155724e+00
6.159668e+00
6.163612e+00
6.167557e+00
6.171501e+00
6.175445e+00
6.179389e+00
6.183333e+00
6.188052e+00
6.192770e+00
6.197488e+00
6.202207e+00
6.206925e+00
6.211644e+00
6.216362e+00
6.221080e+00
6.225798e+00
6.230517e+00
6.235235e+00
6.239954e+00
6.244672e+00
6.249390e+00
6.254109e+00
6.258827e+00
6.263545e+00
6.268263e+00
6.272982e+00
6.277701e+00
6.282419e+00
6.287137e+00
6.291855e+00
6.296574e+00
6.301292e+00
6.306010e+00
6.310729e+00
6.315447e+00
6.320166e+00
6.324884e+00
6.329602e+00
6.334321e+00
6.339039e+00
6.343758e+00
6.348476e+00
6.353194e+00
6.357913e+00
6.362631e+00
6.367349e+00
6.372067e+00
6.376786e+00
6.381505e+00
6.386223e+00
6.390941e+00
6.395659e+00
6.400378e+00
6.405096e+00
6.409814e+00
6.414533e+00
6.419251e+00
6.423970e+00
6.428688e+00
6.433406e+00
6.438124e+00
6.442843e+00
6.447561e+00
6.452280e+00
6.456998e+00
6.461716e+00
6.466435e+00
6.471153e+00
6.475871e+00
6.480590e+00
6.485308e+00
6.490027e+00
6.494745e+00
6.499463e+00
6.504182e+00
6.508900e+00
6.513618e+00
6.518336e+00
6.523055e+00
6.527774e+00
6.532492e+00
6.537210e+00
6.541928e+00
6.546647e+00
6.551365e+00
6.556084e+00
6.560802e+00
6.565520e+00
6.570239e+00
6.574957e+00
6.579675e+00
6.584393e+00
6.589112e+00
6.593831e+00
6.598549e+00
6.603267e+00
6.607985e+00
6.612704e+00
6.617422e+00
6.622140e+00
6.626859e+00
6.631577e+00
6.636296e+00
6.641014e+00
6.645732e+00
6.650451e+00
6.655169e+00
6.659887e+00
6.664606e+00
6.669324e+00
6.674043e+00
6.678761e+00
6.683479e+00
6.688197e+00
6.692916e+00
6.697635e+00
6.702353e+00
6.707071e+00
6.711789e+00
6.716508e+00
6.721226e+00
6.725944e+00
6.730662e+00
6.735381e+00
6.740100e+00
6.744818e+00
6.749536e+00
6.754254e+00
6.758973e+00
6.763691e+00
6.768410e+00
6.773128e+00
6.777846e+00
6.782565e+00
6.787283e+00
6.792001e+00
6.796719e+00
6.801438e+00
6.806157e+00
6.810875e+00
6.815593e+00
6.820311e+00
6.825030e+00
6.829748e+00
6.834466e+00
6.839185e+00
6.843903e+00
6.848622e+00
6.853340e+00
6.858058e+00
6.862777e+00
6.867495e+00
6.872213e+00
6.876932e+00
6.881650e+00
6.886369e+00
6.891087e+00
6.895805e+00
6.900523e+00
6.905242e+00
6.909961e+00
6.914679e+00
6.919397e+00
6.924115e+00
6.928834e+00
6.933552e+00
6.938270e+00
6.942988e+00
6.947707e+00
6.952426e+00
6.957144e+00
6.961862e+00
6.966580e+00
6.971299e+00
6.976017e+00
6.980736e+00
6.985454e+00
6.990172e+00
6.994891e+00
6.999609e+00
7.004327e+00
7.009046e+00
7.013764e+00
7.018483e+00
7.023201e+00
7.027919e+00
7.032638e+00
7.037356e+00
7.042074e+00
7.046792e+00
7.051511e+00
7.056230e+00
7.060948e+00
7.065666e+00
7.070384e+00
7.075103e+00
7.079821e+00
7.084539e+00
7.089258e+00
7.093976e+00
7.098695e+00
7.103413e+00
7.108131e+00
7.112849e+00
7.117568e+00
7.122287e+00
7.127005e+00
7.131723e+00
7.136441e+00
7.141160e+00
7.145878e+00
7.150596e+00
7.155314e+00
7.160033e+00
7.164752e+00
7.169470e+00
7.174188e+00
7.178906e+00
7.183625e+00
7.188343e+00
7.193062e+00
7.197780e+00
7.202498e+00
7.207217e+00
7.211935e+00
7.216653e+00
7.221372e+00
7.226090e+00
7.230809e+00
7.235527e+00
7.240245e+00
7.244964e+00
7.249682e+00
7.254400e+00
7.259118e+00
7.263837e+00
7.268556e+00
7.273274e+00
7.277992e+00
7.282710e+00
7.287429e+00
7.292147e+00
7.296865e+00
7.301584e+00
7.306302e+00
7.311021e+00
7.315739e+00
7.320457e+00
7.325175e+00
7.329894e+00
7.334613e+00
7.339331e+00
7.344049e+00
7.348767e+00
7.353486e+00
7.358204e+00
7.362922e+00
7.367641e+00
7.372359e+00
7.377078e+00
7.381796e+00
7.386514e+00
7.391233e+00
7.395951e+00
7.400669e+00
7.405387e+00
7.410106e+00
7.414825e+00
7.419543e+00
7.424261e+00
7.428979e+00
7.433698e+00
7.438416e+00
7.443135e+00
7.447853e+00
7.452571e+00
7.457290e+00
7.462008e+00
7.466726e+00
7.471444e+00
7.476163e+00
7.480882e+00
7.485600e+00
7.490318e+00
7.495036e+00
7.499755e+00
7.504473e+00
7.509191e+00
7.513910e+00
7.518628e+00
7.523347e+00
7.528065e+00
7.532783e+00
7.537502e+00
7.542220e+00
7.546938e+00
7.551657e+00
7.556375e+00
7.561094e+00
7.565812e+00
7.570530e+00
7.575248e+00
7.579967e+00
7.584686e+00
7.589404e+00
7.594122e+00
7.598840e+00
7.603559e+00
7.608277e+00
7.612995e+00
7.617713e+00
7.622432e+00
7.627151e+00
7.631869e+00
7.636587e+00
7.641305e+00
7.646024e+00
7.650742e+00
7.655461e+00
7.660179e+00
7.664897e+00
7.669616e+00
7.674334e+00
7.679052e+00
7.683770e+00
7.688489e+00
7.693208e+00
7.697926e+00
7.702644e+00
7.707362e+00
7.712081e+00
7.716799e+00
7.721517e+00
7.726236e+00
7.730954e+00
7.735673e+00
7.740391e+00
7.745109e+00
7.749828e+00
7.754546e+00
7.759264e+00
7.763983e+00
7.768701e+00
7.773420e+00
7.778138e+00
7.782856e+00
7.787574e+00
7.792293e+00
7.797012e+00
7.801730e+00
7.806448e+00
7.811166e+00
7.815885e+00
7.820603e+00
7.825321e+00
7.830039e+00
7.834758e+00
7.839477e+00
7.844195e+00
7.848913e+00
7.853631e+00
7.858350e+00
7.863068e+00
7.867787e+00
7.872505e+00
7.877223e+00
7.881942e+00
7.886660e+00
7.891378e+00
7.896097e+00
7.900815e+00
7.905534e+00
7.910252e+00
7.914970e+00
7.919689e+00
7.924407e+00
7.929125e+00
7.933843e+00
7.938562e+00
7.943281e+00
7.947999e+00
7.952717e+00
7.957435e+00
7.962154e+00
7.966872e+00
7.971590e+00
7.976309e+00
7.981027e+00
7.985746e+00
7.990464e+00
7.995182e+00
7.999900e+00
8.004619e+00
8.009338e+00
8.014056e+00
8.018774e+00
8.023492e+00
8.028211e+00
8.032929e+00
8.037647e+00
8.042365e+00
8.047084e+00
8.051803e+00
8.056521e+00
8.061239e+00
8.065957e+00
8.070676e+00
8.075394e+00
8.080113e+00
8.084831e+00
8.089549e+00
8.094268e+00
8.098986e+00
8.103704e+00
8.108423e+00
8.113141e+00
8.117860e+00
8.122578e+00
8.127296e+00
8.132015e+00
8.136733e+00
8.141451e+00
8.146169e+00
8.150888e+00
8.155607e+00
8.160325e+00
8.165043e+00
8.169761e+00
8.174480e+00
8.179198e+00
8.183916e+00
8.188635e+00
8.193353e+00
8.198072e+00
8.202790e+00
8.207508e+00
8.212226e+00
8.216945e+00
8.221664e+00
8.226382e+00
8.231100e+00
8.235818e+00
8.240537e+00
8.245255e+00
8.249973e+00
8.254692e+00
8.259410e+00
8.264129e+00
8.268847e+00
8.273565e+00
8.278284e+00
8.283002e+00
8.287720e+00
8.292439e+00
8.297157e+00
8.301876e+00
8.306594e+00
8.311312e+00
8.316030e+00
8.320749e+00
8.325467e+00
8.330186e+00
8.334904e+00
8.339622e+00
8.344341e+00
8.349059e+00
8.353777e+00
8.358495e+00
8.363214e+00
8.367933e+00
8.372651e+00
8.377369e+00
8.382087e+00
8.386806e+00
8.391524e+00
8.396242e+00
8.400961e+00
8.405679e+00
8.410398e+00
8.415116e+00
8.419834e+00
8.424553e+00
8.429271e+00
8.433990e+00
8.438708e+00
8.443426e+00
8.448145e+00
8.452863e+00
8.457581e+00
8.462299e+00
8.467018e+00
8.471737e+00
8.476455e+00
8.481173e+00
8.485891e+00
8.490610e+00
8.495328e+00
8.500046e+00
8.504765e+00
8.509483e+00
8.514202e+00
8.518920e+00
8.523638e+00
8.528356e+00
8.533075e+00
8.537793e+00
8.542512e+00
8.547230e+00
8.551948e+00
8.556667e+00
8.561140e+00
8.565613e+00
8.570086e+00
8.574559e+00
8.579032e+00
8.583506e+00
8.587979e+00
8.592452e+00
8.596925e+00
8.601398e+00
8.605871e+00
8.610344e+00
8.614818e+00
8.619291e+00
8.623764e+00
8.628237e+00
8.632711e+00
8.637184e+00
8.641657e+00
8.646130e+00
8.650603e+00
8.655076e+00
8.659549e+00
8.664023e+00
8.668496e+00
8.672969e+00
8.677442e+00
8.681915e+00
8.686388e+00
8.690861e+00
8.695335e+00
8.699808e+00
8.704281e+00
8.708754e+00
8.713227e+00
8.717700e+00
8.722173e+00
8.726647e+00
8.731120e+00
8.735593e+00
8.740066e+00
8.744540e+00
8.749013e+00
8.753486e+00
8.757959e+00
8.762432e+00
8.766905e+00
8.771378e+00
8.775852e+00
8.780325e+00
8.784798e+00
8.789271e+00
8.793744e+00
8.798217e+00
8.802690e+00
8.807164e+00
8.811637e+00
8.816110e+00
8.820583e+00
8.825056e+00
8.829529e+00
8.834002e+00
8.838476e+00
8.842949e+00
8.847422e+00
8.851896e+00
8.856369e+00
8.860842e+00
8.865315e+00
8.869788e+00
8.874261e+00
8.878734e+00
8.883207e+00
8.887681e+00
8.892154e+00
8.896627e+00
8.901100e+00
8.905573e+00
8.910046e+00
8.914519e+00
8.918993e+00
8.923466e+00
8.927939e+00
8.932412e+00
8.936885e+00
8.941358e+00
8.945831e+00
8.950305e+00
8.954778e+00
8.959251e+00
8.963725e+00
8.968198e+00
8.972671e+00
8.977144e+00
8.981617e+00
8.986090e+00
8.990563e+00
8.995036e+00
8.999510e+00
9.003983e+00
9.008456e+00
9.012929e+00
9.017402e+00
9.021875e+00
9.026348e+00
9.030822e+00
9.035295e+00
9.039768e+00
9.044242e+00
9.048714e+00
9.053187e+00
9.057660e+00
9.062134e+00
9.066607e+00
9.071080e+00
9.075554e+00
9.080027e+00
9.084500e+00
9.088973e+00
9.093446e+00
9.097919e+00
9.102392e+00
9.106865e+00
9.111339e+00
9.115812e+00
9.120285e+00
9.124758e+00
9.129231e+00
9.133704e+00
9.138177e+00
9.142651e+00
9.147124e+00
9.151597e+00
9.156071e+00
9.160544e+00
9.165016e+00
9.169489e+00
9.173963e+00
9.178436e+00
9.182909e+00
9.187383e+00
9.191856e+00
9.196329e+00
9.200802e+00
9.205275e+00
9.209748e+00
9.214221e+00
9.218694e+00
9.223168e+00
9.227641e+00
9.232114e+00
9.236587e+00
9.241060e+00
9.245533e+00
9.250006e+00
9.254480e+00
9.258953e+00
9.263426e+00
9.267900e+00
9.272373e+00
9.276846e+00
9.281318e+00
9.285792e+00
9.290265e+00
9.294738e+00
9.299212e+00
9.303685e+00
9.308158e+00
9.312631e+00
9.317104e+00
9.321577e+00
9.326050e+00
9.330523e+00
9.334997e+00
9.339470e+00
9.343943e+00
9.348416e+00
9.352889e+00
9.357362e+00
9.361835e+00
9.366309e+00
9.370782e+00
9.375255e+00
9.379729e+00
9.384202e+00
9.388675e+00
9.393148e+00
9.397621e+00
9.402094e+00
9.406567e+00
9.411041e+00
9.415514e+00
9.419987e+00
9.424460e+00
9.428933e+00
9.433406e+00
9.437879e+00
9.442353e+00
9.446826e+00
9.451299e+00
9.455772e+00
9.460245e+00
9.464718e+00
9.469191e+00
9.473664e+00
9.478138e+00
9.482611e+00
9.487084e+00
9.491558e+00
9.496031e+00
9.500504e+00
9.504977e+00
9.509450e+00
9.513923e+00
9.518396e+00
9.522870e+00
9.527343e+00
9.531816e+00
9.536289e+00
9.540762e+00
9.545235e+00
9.549708e+00
9.554182e+00
9.558655e+00
9.563128e+00
9.567601e+00
9.572074e+00
9.576547e+00
9.581020e+00
9.585493e+00
9.589967e+00
9.594440e+00
9.598913e+00
9.603387e+00
9.607860e+00
9.612333e+00
9.616806e+00
9.621279e+00
9.625752e+00
9.630225e+00
9.634699e+00
9.639172e+00
9.643645e+00
9.648118e+00
9.652591e+00
9.657064e+00
9.661537e+00
9.666011e+00
9.670484e+00
9.674957e+00
9.679430e+00
9.683903e+00
9.688376e+00
9.692849e+00
9.697322e+00
9.701796e+00
9.706269e+00
9.710742e+00
9.715216e+00
9.719689e+00
9.724162e+00
9.728635e+00
9.733108e+00
9.737581e+00
9.742054e+00
9.746528e+00
9.751001e+00
9.755474e+00
9.759947e+00
9.764420e+00
9.768893e+00
9.773366e+00
9.777840e+00
9.782313e+00
9.786786e+00
9.791259e+00
9.795733e+00
9.800205e+00
9.804678e+00
9.809151e+00
9.813625e+00
9.818098e+00
9.822571e+00
9.827045e+00
9.831518e+00
9.835991e+00
9.840464e+00
9.844937e+00
9.849410e+00
9.853883e+00
9.858357e+00
9.862830e+00
9.867303e+00
9.871776e+00
9.876249e+00
9.880722e+00
9.885195e+00
9.889669e+00
9.894141e+00
9.898612e+00
9.903090e+00
9.907561e+00
9.912032e+00
9.916509e+00
9.920980e+00
9.925451e+00
9.929929e+00
9.934400e+00
9.938871e+00
9.943349e+00
9.947820e+00
9.952291e+00
9.956768e+00
9.961239e+00
9.965710e+00
9.970188e+00
9.974659e+00
9.979130e+00
9.983607e+00
9.988078e+00
9.992549e+00
9.997027e+00
1.000150e+01
1.000597e+01
1.001045e+01
1.001492e+01
1.001939e+01
1.002387e+01
1.002834e+01
1.003281e+01
1.003729e+01
1.004176e+01
1.004623e+01
1.005071e+01
1.005518e+01
1.005965e+01
1.006412e+01
1.006860e+01
1.007307e+01
1.007754e+01
1.008202e+01
1.008649e+01
1.009096e+01
1.009544e+01
1.009991e+01
1.010438e+01
1.010885e+01
1.011333e+01
1.011780e+01
1.012227e+01
1.012675e+01
1.013122e+01
1.013569e+01
1.014016e+01
1.014464e+01
1.014911e+01
1.015358e+01
1.015806e+01
1.016253e+01
1.016700e+01
1.017148e+01
1.017595e+01
1.018042e+01
1.018489e+01
1.018937e+01
1.019384e+01
1.019831e+01
1.020279e+01
1.020726e+01
1.021173e+01
1.021621e+01
1.022068e+01
1.022515e+01
1.022963e+01
1.023410e+01
1.023857e+01
1.024305e+01
1.024752e+01
1.025199e+01
1.025647e+01
1.026094e+01
1.026541e+01
1.026989e+01
1.027436e+01
1.027883e+01
1.028331e+01
1.028778e+01
1.029225e+01
1.029673e+01
1.030120e+01
1.030567e+01
1.031015e+01
1.031462e+01
1.031909e+01
1.032357e+01
1.032804e+01
1.033251e+01
1.033699e+01
1.034146e+01
1.034593e+01
1.035041e+01
1.035488e+01
1.035935e+01
1.036383e+01
1.036830e+01
1.037277e+01
1.037725e+01
1.038172e+01
1.038619e+01
1.039066e+01
1.039514e+01
1.039961e+01
1.040408e+01
1.040856e+01
1.041303e+01
1.041750e+01
1.042198e+01
1.042645e+01
1.043092e+01
1.043540e+01
1.043987e+01
1.044434e+01
1.044882e+01
1.045329e+01
1.045776e+01
1.046223e+01
1.046671e+01
1.047118e+01
1.047565e+01
1.048013e+01
1.048460e+01
1.048907e+01
1.049355e+01
1.049802e+01
1.050249e+01
1.050696e+01
1.051144e+01
1.051591e+01
1.052038e+01
1.052486e+01
1.052933e+01
1.053380e+01
1.053827e+01
1.054275e+01
1.054722e+01
1.055169e+01
1.055617e+01
1.056064e+01
1.056511e+01
1.056959e+01
1.057406e+01
1.057853e+01
1.058301e+01
1.058748e+01
1.059195e+01
1.059643e+01
1.060090e+01
1.060537e+01
1.060985e+01
1.061432e+01
1.061879e+01
1.062327e+01
1.062774e+01
1.063221e+01
1.063669e+01
1.064116e+01
1.064563e+01
1.065011e+01
1.065458e+01
1.065905e+01
1.066353e+01
1.066800e+01
1.067247e+01
1.067694e+01
1.068142e+01
1.068589e+01
1.069036e+01
1.069484e+01
1.069931e+01
1.070378e+01
1.070826e+01
