5.800000e-01
5.803330e-01
5.806670e-01
5.810000e-01
5.813330e-01
5.816670e-01
5.820000e-01
5.823330e-01
5.826670e-01
5.830000e-01
5.833330e-01
5.836670e-01
5.840000e-01
5.843330e-01
5.846670e-01
5.850000e-01
5.853330e-01
5.856670e-01
5.860000e-01
5.863330e-01
5.866670e-01
5.870000e-01
5.873330e-01
5.876670e-01
5.880000e-01
5.883330e-01
5.886670e-01
5.890000e-01
5.893330e-01
5.896670e-01
5.900000e-01
5.900000e-01
5.900000e-01
5.900000e-01
5.900000e-01
5.900000e-01
5.900000e-01
5.900000e-01
5.900000e-01
5.900000e-01
5.900000e-01
5.900000e-01
5.900000e-01
5.900000e-01
5.900000e-01
5.900000e-01
5.900000e-01
5.900000e-01
5.900000e-01
5.900000e-01
5.900000e-01
5.900000e-01
5.900000e-01
5.900000e-01
5.900000e-01
5.900000e-01
5.900000e-01
5.900000e-01
5.900000e-01
5.900000e-01
5.900000e-01
5.900000e-01
5.900000e-01
5.900000e-01
5.900000e-01
5.900000e-01
5.900000e-01
5.900000e-01
5.900000e-01
5.896670e-01
5.900000e-01
5.903330e-01
5.906670e-01
5.910000e-01
5.913330e-01
5.916670e-01
5.920000e-01
5.923330e-01
5.926670e-01
5.930000e-01
5.933330e-01
5.936670e-01
5.940000e-01
5.943330e-01
5.946670e-01
5.950000e-01
5.953330e-01
5.956670e-01
5.960000e-01
5.963330e-01
5.966670e-01
5.970000e-01
5.973330e-01
5.976670e-01
5.980000e-01
5.983330e-01
5.986670e-01
5.990000e-01
5.993330e-01
5.996670e-01
6.000000e-01
6.000000e-01
6.000000e-01
6.000000e-01
6.000000e-01
6.000000e-01
6.000000e-01
6.000000e-01
6.000000e-01
6.000000e-01
6.000000e-01
6.000000e-01
6.000000e-01
6.000000e-01
6.000000e-01
6.000000e-01
6.000000e-01
6.000000e-01
6.000000e-01
6.000000e-01
6.000000e-01
6.000000e-01
6.000000e-01
6.000000e-01
6.000000e-01
6.000000e-01
6.000000e-01
6.000000e-01
6.000000e-01
6.000000e-01
6.000000e-01
6.000000e-01
6.000000e-01
6.000000e-01
6.000000e-01
6.000000e-01
6.000000e-01
6.000000e-01
6.000000e-01
6.000000e-01
6.000000e-01
6.000000e-01
6.000000e-01
6.000000e-01
6.000000e-01
6.000000e-01
6.000000e-01
6.000000e-01
6.000000e-01
6.000000e-01
6.000000e-01
6.004000e-01
6.008000e-01
6.012000e-01
6.016000e-01
6.020000e-01
6.024000e-01
6.028000e-01
6.032000e-01
6.036000e-01
6.040000e-01
6.044000e-01
6.048000e-01
6.052000e-01
6.056000e-01
6.060000e-01
6.064000e-01
6.068000e-01
6.072000e-01
6.076000e-01
6.080000e-01
6.084000e-01
6.088000e-01
6.092000e-01
6.096000e-01
6.100000e-01
6.104000e-01
6.108000e-01
6.112000e-01
6.116000e-01
6.120000e-01
6.124000e-01
6.128000e-01
6.132000e-01
6.136000e-01
6.140000e-01
6.144000e-01
6.148000e-01
6.152000e-01
6.156000e-01
6.160000e-01
6.164000e-01
6.168000e-01
6.172000e-01
6.176000e-01
6.180000e-01
6.184000e-01
6.188000e-01
6.192000e-01
6.196000e-01
6.200000e-01
6.217000e-01
6.234000e-01
6.251000e-01
6.268000e-01
6.285000e-01
6.302000e-01
6.319000e-01
6.336000e-01
6.353000e-01
6.370000e-01
6.387000e-01
6.404000e-01
6.421000e-01
6.438000e-01
6.455000e-01
6.472000e-01
6.489000e-01
6.506000e-01
6.523000e-01
6.540000e-01
6.557000e-01
6.574000e-01
6.591000e-01
6.608000e-01
6.625000e-01
6.642000e-01
6.659000e-01
6.676000e-01
6.693000e-01
6.710000e-01
6.727000e-01
6.744000e-01
6.761000e-01
6.778000e-01
6.795000e-01
6.812000e-01
6.829000e-01
6.846000e-01
6.863000e-01
6.880000e-01
6.897000e-01
6.914000e-01
6.931000e-01
6.948000e-01
6.965000e-01
6.982000e-01
6.999000e-01
7.016000e-01
7.033000e-01
7.050000e-01
7.067000e-01
7.084000e-01
7.101000e-01
7.118000e-01
7.135000e-01
7.152000e-01
7.169000e-01
7.186000e-01
7.203000e-01
7.220000e-01
7.237000e-01
7.254000e-01
7.271000e-01
7.288000e-01
7.305000e-01
7.322000e-01
7.339000e-01
7.356000e-01
7.373000e-01
7.390000e-01
7.407000e-01
7.424000e-01
7.441000e-01
7.458000e-01
7.475000e-01
7.492000e-01
7.509000e-01
7.526000e-01
7.543000e-01
7.560000e-01
7.577000e-01
7.594000e-01
7.611000e-01
7.628000e-01
7.645000e-01
7.662000e-01
7.679000e-01
7.696000e-01
7.713000e-01
7.730000e-01
7.747000e-01
7.764000e-01
7.781000e-01
7.798000e-01
7.815000e-01
7.832000e-01
7.849000e-01
7.866000e-01
7.883000e-01
7.900000e-01
7.913000e-01
7.926000e-01
7.939000e-01
7.952000e-01
7.965000e-01
7.978000e-01
7.991000e-01
8.004000e-01
8.017000e-01
8.030000e-01
8.043000e-01
8.056000e-01
8.069000e-01
8.082000e-01
8.095000e-01
8.108000e-01
8.121000e-01
8.134000e-01
8.147000e-01
8.160000e-01
8.173000e-01
8.186000e-01
8.199000e-01
8.212000e-01
8.225000e-01
8.238000e-01
8.251000e-01
8.264000e-01
8.277000e-01
8.290000e-01
8.303000e-01
8.316000e-01
8.329000e-01
8.342000e-01
8.355000e-01
8.368000e-01
8.381000e-01
8.394000e-01
8.407000e-01
8.420000e-01
8.433000e-01
8.446000e-01
8.459000e-01
8.472000e-01
8.485000e-01
8.498000e-01
8.511000e-01
8.524000e-01
8.537000e-01
8.550000e-01
8.563000e-01
8.576000e-01
8.589000e-01
8.602000e-01
8.615000e-01
8.628000e-01
8.641000e-01
8.654000e-01
8.667000e-01
8.680000e-01
8.693000e-01
8.706000e-01
8.719000e-01
8.732000e-01
8.745000e-01
8.758000e-01
8.771000e-01
8.784000e-01
8.797000e-01
8.810000e-01
8.823000e-01
8.836000e-01
8.849000e-01
8.862000e-01
8.875000e-01
8.888000e-01
8.901000e-01
8.914000e-01
8.927000e-01
8.940000e-01
8.953000e-01
8.966000e-01
8.979000e-01
8.992000e-01
9.005000e-01
9.018000e-01
9.031000e-01
9.044000e-01
9.057000e-01
9.070000e-01
9.083000e-01
9.096000e-01
9.109000e-01
9.122000e-01
9.135000e-01
9.148000e-01
9.161000e-01
9.174000e-01
9.187000e-01
9.200000e-01
9.207500e-01
9.215000e-01
9.222500e-01
9.230000e-01
9.237500e-01
9.245000e-01
9.252500e-01
9.260000e-01
9.267500e-01
9.275000e-01
9.282500e-01
9.290000e-01
9.297500e-01
9.305000e-01
9.312500e-01
9.320000e-01
9.327500e-01
9.335000e-01
9.342500e-01
9.350000e-01
9.357500e-01
9.365000e-01
9.372500e-01
9.380000e-01
9.387500e-01
9.395000e-01
9.402500e-01
9.410000e-01
9.417500e-01
9.425000e-01
9.432500e-01
9.440000e-01
9.447500e-01
9.455000e-01
9.462500e-01
9.470000e-01
9.477500e-01
9.485000e-01
9.492500e-01
9.500000e-01
9.507500e-01
9.515000e-01
9.522500e-01
9.530000e-01
9.537500e-01
9.545000e-01
9.552500e-01
9.560000e-01
9.567500e-01
9.575000e-01
9.582500e-01
9.590000e-01
9.597500e-01
9.605000e-01
9.612500e-01
9.620000e-01
9.627500e-01
9.635000e-01
9.642500e-01
9.650000e-01
9.657500e-01
9.665000e-01
9.672500e-01
9.680000e-01
9.687500e-01
9.695000e-01
9.702500e-01
9.710000e-01
9.717500e-01
9.725000e-01
9.732500e-01
9.740000e-01
9.747500e-01
9.755000e-01
9.762500e-01
9.770000e-01
9.777500e-01
9.785000e-01
9.792500e-01
9.800000e-01
9.807500e-01
9.815000e-01
9.822500e-01
9.830000e-01
9.837500e-01
9.845000e-01
9.852500e-01
9.860000e-01
9.867500e-01
9.875000e-01
9.882500e-01
9.890000e-01
9.897500e-01
9.905000e-01
9.912500e-01
9.920000e-01
9.927500e-01
9.935000e-01
9.942500e-01
9.950000e-01
9.957500e-01
9.965000e-01
9.972500e-01
9.980000e-01
9.987500e-01
9.995000e-01
1.000250e+00
1.001000e+00
1.001750e+00
1.002500e+00
1.003250e+00
1.004000e+00
1.004750e+00
1.005500e+00
1.006250e+00
1.007000e+00
1.007750e+00
1.008500e+00
1.009250e+00
1.010000e+00
1.010750e+00
1.011500e+00
1.012250e+00
1.013000e+00
1.013750e+00
1.014500e+00
1.015250e+00
1.016000e+00
1.016750e+00
1.017500e+00
1.018250e+00
1.019000e+00
1.019750e+00
1.020500e+00
1.021250e+00
1.022000e+00
1.022750e+00
1.023500e+00
1.024250e+00
1.025000e+00
1.025750e+00
1.026500e+00
1.027250e+00
1.028000e+00
1.028750e+00
1.029500e+00
1.030250e+00
1.031000e+00
1.031750e+00
1.032500e+00
1.033250e+00
1.034000e+00
1.034750e+00
1.035500e+00
1.036250e+00
1.037000e+00
1.037750e+00
1.038500e+00
1.039250e+00
1.040000e+00
1.040750e+00
1.041500e+00
1.042250e+00
1.043000e+00
1.043750e+00
1.044500e+00
1.045250e+00
1.046000e+00
1.046750e+00
1.047500e+00
1.048250e+00
1.049000e+00
1.049750e+00
1.050500e+00
1.051250e+00
1.052000e+00
1.052750e+00
1.053500e+00
1.054250e+00
1.055000e+00
1.055750e+00
1.056500e+00
1.057250e+00
1.058000e+00
1.058750e+00
1.059500e+00
1.060250e+00
1.061000e+00
1.061750e+00
1.062500e+00
1.063250e+00
1.064000e+00
1.064750e+00
1.065500e+00
1.066250e+00
1.067000e+00
1.067750e+00
1.068500e+00
1.069250e+00
1.070000e+00
1.070800e+00
1.071600e+00
1.072400e+00
1.073200e+00
1.074000e+00
1.074800e+00
1.075600e+00
1.076400e+00
1.077200e+00
1.078000e+00
1.078800e+00
1.079600e+00
1.080400e+00
1.081200e+00
1.082000e+00
1.082800e+00
1.083600e+00
1.084400e+00
1.085200e+00
1.086000e+00
1.086800e+00
1.087600e+00
1.088400e+00
1.089200e+00
1.090000e+00
1.090800e+00
1.091600e+00
1.092400e+00
1.093200e+00
1.094000e+00
1.094800e+00
1.095600e+00
1.096400e+00
1.097200e+00
1.098000e+00
1.098800e+00
1.099600e+00
1.100400e+00
1.101200e+00
1.102000e+00
1.102800e+00
1.103600e+00
1.104400e+00
1.105200e+00
1.106000e+00
1.106800e+00
1.107600e+00
1.108400e+00
1.109200e+00
1.110000e+00
1.110800e+00
1.111600e+00
1.112400e+00
1.113200e+00
1.114000e+00
1.114800e+00
1.115600e+00
1.116400e+00
1.117200e+00
1.118000e+00
1.118800e+00
1.119600e+00
1.120400e+00
1.121200e+00
1.122000e+00
1.122800e+00
1.123600e+00
1.124400e+00
1.125200e+00
1.126000e+00
1.126800e+00
1.127600e+00
1.128400e+00
1.129200e+00
1.130000e+00
1.130800e+00
1.131600e+00
1.132400e+00
1.133200e+00
1.134000e+00
1.134800e+00
1.135600e+00
1.136400e+00
1.137200e+00
1.138000e+00
1.138800e+00
1.139600e+00
1.140400e+00
1.141200e+00
1.142000e+00
1.142800e+00
1.143600e+00
1.144400e+00
1.145200e+00
1.146000e+00
1.146800e+00
1.147600e+00
1.148400e+00
1.149200e+00
1.150000e+00
1.148845e+00
1.147690e+00
1.146536e+00
1.145381e+00
1.144226e+00
1.143071e+00
1.141916e+00
1.140762e+00
1.139607e+00
1.138452e+00
1.137297e+00
1.136143e+00
1.134988e+00
1.133833e+00
1.132678e+00
1.131523e+00
1.130369e+00
1.129214e+00
1.128059e+00
1.126904e+00
1.125749e+00
1.124595e+00
1.123440e+00
1.122285e+00
1.121130e+00
1.119975e+00
1.118821e+00
1.117666e+00
1.116511e+00
1.115356e+00
1.114201e+00
1.113047e+00
1.111892e+00
1.110737e+00
1.109582e+00
1.108428e+00
1.107273e+00
1.106118e+00
1.104963e+00
1.103808e+00
1.102654e+00
1.101499e+00
1.100344e+00
1.099189e+00
1.098034e+00
1.096880e+00
1.095725e+00
1.094570e+00
1.093415e+00
1.092260e+00
1.091106e+00
1.089951e+00
1.088796e+00
1.087641e+00
1.086486e+00
1.085332e+00
1.084177e+00
1.083022e+00
1.081867e+00
1.080713e+00
1.079558e+00
1.078403e+00
1.077248e+00
1.076093e+00
1.074939e+00
1.073784e+00
1.072629e+00
1.071474e+00
1.070319e+00
1.069165e+00
1.068010e+00
1.066855e+00
1.065700e+00
1.064545e+00
1.063391e+00
1.062236e+00
1.061081e+00
1.059926e+00
1.058771e+00
1.057617e+00
1.056462e+00
1.055307e+00
1.054152e+00
1.052998e+00
1.051843e+00
1.050688e+00
1.049533e+00
1.048378e+00
1.047224e+00
1.046069e+00
1.044914e+00
1.043759e+00
1.042604e+00
1.041450e+00
1.040295e+00
1.039140e+00
1.037985e+00
1.036830e+00
1.035676e+00
1.034521e+00
1.033366e+00
1.032211e+00
1.031057e+00
1.029902e+00
1.028747e+00
1.027592e+00
1.026437e+00
1.025283e+00
1.024128e+00
1.022973e+00
1.021818e+00
1.020663e+00
1.019509e+00
1.018354e+00
1.017199e+00
1.016044e+00
1.014889e+00
1.013735e+00
1.012580e+00
1.011425e+00
1.010270e+00
1.009115e+00
1.007961e+00
1.006806e+00
1.005651e+00
1.004496e+00
1.003342e+00
1.002187e+00
1.001032e+00
9.998771e-01
9.987224e-01
9.975676e-01
9.964128e-01
9.952580e-01
9.941032e-01
9.929484e-01
9.917936e-01
9.906388e-01
9.894840e-01
9.883292e-01
9.871744e-01
9.860197e-01
9.848649e-01
9.837101e-01
9.825553e-01
9.814005e-01
9.802457e-01
9.790909e-01
9.779361e-01
9.767813e-01
9.756265e-01
9.744717e-01
9.733170e-01
9.721622e-01
9.710074e-01
9.698526e-01
9.686978e-01
9.675430e-01
9.663882e-01
9.652334e-01
9.640786e-01
9.629238e-01
9.617690e-01
9.606143e-01
9.594595e-01
9.583047e-01
9.571499e-01
9.559951e-01
9.548403e-01
9.536855e-01
9.525307e-01
9.513759e-01
9.502211e-01
9.490663e-01
9.479115e-01
9.467568e-01
9.456020e-01
9.444472e-01
9.432924e-01
9.421376e-01
9.409828e-01
9.398280e-01
9.386732e-01
9.375184e-01
9.363636e-01
9.352088e-01
9.340541e-01
9.328993e-01
9.317445e-01
9.305897e-01
9.294349e-01
9.282801e-01
9.271253e-01
9.259705e-01
9.248157e-01
9.236609e-01
9.225061e-01
9.213514e-01
9.201966e-01
9.190418e-01
9.178870e-01
9.167322e-01
9.155774e-01
9.144226e-01
9.132678e-01
9.121130e-01
9.109582e-01
9.098034e-01
9.086486e-01
9.074939e-01
9.063391e-01
9.051843e-01
9.040295e-01
9.028747e-01
9.017199e-01
9.005651e-01
8.994103e-01
8.982555e-01
8.971007e-01
8.959459e-01
8.947912e-01
8.936364e-01
8.924816e-01
8.913268e-01
8.901720e-01
8.890172e-01
8.878624e-01
8.867076e-01
8.855528e-01
8.843980e-01
8.832432e-01
8.820885e-01
8.809337e-01
8.797789e-01
8.786241e-01
8.774693e-01
8.763145e-01
8.751597e-01
8.740049e-01
8.728501e-01
8.716953e-01
8.705405e-01
8.693857e-01
8.682310e-01
8.670762e-01
8.659214e-01
8.647666e-01
8.636118e-01
8.624570e-01
8.613022e-01
8.601474e-01
8.589926e-01
8.578378e-01
8.566830e-01
8.555283e-01
8.543735e-01
8.532187e-01
8.520639e-01
8.509091e-01
8.497543e-01
8.485995e-01
8.474447e-01
8.462899e-01
8.451351e-01
8.439803e-01
8.428256e-01
8.416708e-01
8.405160e-01
8.393612e-01
8.382064e-01
8.370516e-01
8.358968e-01
8.347420e-01
8.335872e-01
8.324324e-01
8.312776e-01
8.301229e-01
8.289681e-01
8.278133e-01
8.266585e-01
8.255037e-01
8.243489e-01
8.231941e-01
8.220393e-01
8.208845e-01
8.197297e-01
8.185749e-01
8.174201e-01
8.162654e-01
8.151106e-01
8.139558e-01
8.128010e-01
8.116462e-01
8.104914e-01
8.093366e-01
8.081818e-01
8.070270e-01
8.058722e-01
8.047174e-01
8.035627e-01
8.024079e-01
8.012531e-01
8.000983e-01
7.989435e-01
7.977887e-01
7.966339e-01
7.954791e-01
7.943243e-01
7.931695e-01
7.920147e-01
7.908600e-01
7.897052e-01
7.885504e-01
7.873956e-01
7.862408e-01
7.850860e-01
7.839312e-01
7.827764e-01
7.816216e-01
7.804668e-01
7.793120e-01
7.781572e-01
7.770025e-01
7.758477e-01
7.746929e-01
7.735381e-01
7.723833e-01
7.712285e-01
7.700737e-01
7.689189e-01
7.677641e-01
7.666093e-01
7.654545e-01
7.642998e-01
7.631450e-01
7.619902e-01
7.608354e-01
7.596806e-01
7.585258e-01
7.573710e-01
7.562162e-01
7.550614e-01
7.539066e-01
7.527518e-01
7.515971e-01
7.504423e-01
7.492875e-01
7.481327e-01
7.469779e-01
7.458231e-01
7.446683e-01
7.435135e-01
7.423587e-01
7.412039e-01
7.400491e-01
7.388943e-01
7.377396e-01
7.365848e-01
7.354300e-01
7.342752e-01
7.331204e-01
7.319656e-01
7.308108e-01
7.296560e-01
7.285012e-01
7.273464e-01
7.261916e-01
7.250369e-01
7.238821e-01
7.227273e-01
7.215725e-01
7.204177e-01
7.192629e-01
7.181081e-01
7.169533e-01
7.157985e-01
7.146437e-01
7.134889e-01
7.123342e-01
7.111794e-01
7.100246e-01
7.088698e-01
7.077150e-01
7.065602e-01
7.054054e-01
7.042506e-01
7.030958e-01
7.019410e-01
7.007862e-01
6.996314e-01
6.984767e-01
6.973219e-01
6.961671e-01
6.950123e-01
6.938575e-01
6.927027e-01
6.915479e-01
6.903931e-01
6.892383e-01
6.880835e-01
6.869287e-01
6.857740e-01
6.846192e-01
6.834644e-01
6.823096e-01
6.811548e-01
6.800000e-01
6.810000e-01
6.820000e-01
6.830000e-01
6.840000e-01
6.850000e-01
6.860000e-01
6.870000e-01
6.880000e-01
6.890000e-01
6.900000e-01
6.910000e-01
6.920000e-01
6.930000e-01
6.940000e-01
6.950000e-01
6.960000e-01
6.970000e-01
6.980000e-01
6.990000e-01
7.000000e-01
7.010000e-01
7.020000e-01
7.030000e-01
7.040000e-01
7.050000e-01
7.060000e-01
7.070000e-01
7.080000e-01
7.090000e-01
7.100000e-01
7.110000e-01
7.120000e-01
7.130000e-01
7.140000e-01
7.150000e-01
7.160000e-01
7.170000e-01
7.180000e-01
7.190000e-01
7.200000e-01
7.210000e-01
7.220000e-01
7.230000e-01
7.240000e-01
7.250000e-01
7.260000e-01
7.270000e-01
7.280000e-01
7.290000e-01
7.300000e-01
7.310000e-01
7.320000e-01
7.330000e-01
7.340000e-01
7.350000e-01
7.360000e-01
7.370000e-01
7.380000e-01
7.390000e-01
7.400000e-01
7.410000e-01
7.420000e-01
7.430000e-01
7.440000e-01
7.450000e-01
7.460000e-01
7.470000e-01
7.480000e-01
7.490000e-01
7.500000e-01
7.510000e-01
7.520000e-01
7.530000e-01
7.540000e-01
7.550000e-01
7.560000e-01
7.570000e-01
7.580000e-01
7.590000e-01
7.600000e-01
7.610000e-01
7.620000e-01
7.630000e-01
7.640000e-01
7.650000e-01
7.660000e-01
7.670000e-01
7.680000e-01
7.690000e-01
7.700000e-01
7.710000e-01
7.720000e-01
7.730000e-01
7.740000e-01
7.750000e-01
7.760000e-01
7.770000e-01
7.780000e-01
7.790000e-01
7.800000e-01
7.832338e-01
7.864677e-01
7.897015e-01
7.929353e-01
7.961692e-01
7.994030e-01
8.026368e-01
8.058706e-01
8.091045e-01
8.123383e-01
8.155721e-01
8.188060e-01
8.220398e-01
8.252736e-01
8.285075e-01
8.317413e-01
8.349751e-01
8.382090e-01
8.414428e-01
8.446766e-01
8.479104e-01
8.511443e-01
8.543781e-01
8.576119e-01
8.608458e-01
8.640796e-01
8.673134e-01
8.705473e-01
8.737811e-01
8.770149e-01
8.802488e-01
8.834826e-01
8.867164e-01
8.899502e-01
8.931841e-01
8.964179e-01
8.996517e-01
9.028856e-01
9.061194e-01
9.093532e-01
9.125871e-01
9.158209e-01
9.190547e-01
9.222886e-01
9.255224e-01
9.287562e-01
9.319900e-01
9.352239e-01
9.384577e-01
9.416915e-01
9.449254e-01
9.481592e-01
9.513930e-01
9.546269e-01
9.578607e-01
9.610945e-01
9.643284e-01
9.675622e-01
9.707960e-01
9.740299e-01
9.772637e-01
9.804975e-01
9.837313e-01
9.869652e-01
9.901990e-01
9.934328e-01
9.966667e-01
9.999005e-01
1.003134e+00
1.006368e+00
1.009602e+00
1.012836e+00
1.016070e+00
1.019303e+00
1.022537e+00
1.025771e+00
1.029005e+00
1.032239e+00
1.035473e+00
1.038706e+00
1.041940e+00
1.045174e+00
1.048408e+00
1.051642e+00
1.054876e+00
1.058109e+00
1.061343e+00
1.064577e+00
1.067811e+00
1.071045e+00
1.074279e+00
1.077512e+00
1.080746e+00
1.083980e+00
1.087214e+00
1.090448e+00
1.093682e+00
1.096915e+00
1.100149e+00
1.103383e+00
1.106617e+00
1.109851e+00
1.113085e+00
1.116318e+00
1.119552e+00
1.122786e+00
1.126020e+00
1.129254e+00
1.132488e+00
1.135721e+00
1.138955e+00
1.142189e+00
1.145423e+00
1.148657e+00
1.151891e+00
1.155124e+00
1.158358e+00
1.161592e+00
1.164826e+00
1.168060e+00
1.171294e+00
1.174527e+00
1.177761e+00
1.180995e+00
1.184229e+00
1.187463e+00
1.190697e+00
1.193930e+00
1.197164e+00
1.200398e+00
1.203632e+00
1.206866e+00
1.210100e+00
1.213333e+00
1.216567e+00
1.219801e+00
1.223035e+00
1.226269e+00
1.229502e+00
1.232736e+00
1.235970e+00
1.239204e+00
1.242438e+00
1.245672e+00
1.248905e+00
1.252139e+00
1.255373e+00
1.258607e+00
1.261841e+00
1.265075e+00
1.268308e+00
1.271542e+00
1.274776e+00
1.278010e+00
1.281244e+00
1.284478e+00
1.287711e+00
1.290945e+00
1.294179e+00
1.297413e+00
1.300647e+00
1.303881e+00
1.307114e+00
1.310348e+00
1.313582e+00
1.316816e+00
1.320050e+00
1.323284e+00
1.326517e+00
1.329751e+00
1.332985e+00
1.336219e+00
1.339453e+00
1.342687e+00
1.345920e+00
1.349154e+00
1.352388e+00
1.355622e+00
1.358856e+00
1.362090e+00
1.365323e+00
1.368557e+00
1.371791e+00
1.375025e+00
1.378259e+00
1.381493e+00
1.384726e+00
1.387960e+00
1.391194e+00
1.394428e+00
1.397662e+00
1.400896e+00
1.404129e+00
1.407363e+00
1.410597e+00
1.413831e+00
1.417065e+00
1.420299e+00
1.423532e+00
1.426766e+00
1.430000e+00
1.432450e+00
1.434901e+00
1.437351e+00
1.439801e+00
1.442252e+00
1.444702e+00
1.447152e+00
1.449603e+00
1.452053e+00
1.454503e+00
1.456954e+00
1.459404e+00
1.461854e+00
1.464305e+00
1.466755e+00
1.469205e+00
1.471656e+00
1.474106e+00
1.476556e+00
1.479007e+00
1.481457e+00
1.483907e+00
1.486358e+00
1.488808e+00
1.491258e+00
1.493709e+00
1.496159e+00
1.498609e+00
1.501060e+00
1.503510e+00
1.505960e+00
1.508411e+00
1.510861e+00
1.513311e+00
1.515762e+00
1.518212e+00
1.520662e+00
1.523113e+00
1.525563e+00
1.528013e+00
1.530464e+00
1.532914e+00
1.535364e+00
1.537815e+00
1.540265e+00
1.542715e+00
1.545166e+00
1.547616e+00
1.550066e+00
1.552517e+00
1.554967e+00
1.557417e+00
1.559868e+00
1.562318e+00
1.564768e+00
1.567219e+00
1.569669e+00
1.572119e+00
1.574570e+00
1.577020e+00
1.579470e+00
1.581921e+00
1.584371e+00
1.586821e+00
1.589272e+00
1.591722e+00
1.594172e+00
1.596623e+00
1.599073e+00
1.601523e+00
1.603974e+00
1.606424e+00
1.608874e+00
1.611325e+00
1.613775e+00
1.616225e+00
1.618675e+00
1.621126e+00
1.623576e+00
1.626026e+00
1.628477e+00
1.630927e+00
1.633377e+00
1.635828e+00
1.638278e+00
1.640728e+00
1.643179e+00
1.645629e+00
1.648079e+00
1.650530e+00
1.652980e+00
1.655430e+00
1.657881e+00
1.660331e+00
1.662781e+00
1.665232e+00
1.667682e+00
1.670132e+00
1.672583e+00
1.675033e+00
1.677483e+00
1.679934e+00
1.682384e+00
1.684834e+00
1.687285e+00
1.689735e+00
1.692185e+00
1.694636e+00
1.697086e+00
1.699536e+00
1.701987e+00
1.704437e+00
1.706887e+00
1.709338e+00
1.711788e+00
1.714238e+00
1.716689e+00
1.719139e+00
1.721589e+00
1.724040e+00
1.726490e+00
1.728940e+00
1.731391e+00
1.733841e+00
1.736291e+00
1.738742e+00
1.741192e+00
1.743642e+00
1.746093e+00
1.748543e+00
1.750993e+00
1.753444e+00
1.755894e+00
1.758344e+00
1.760795e+00
1.763245e+00
1.765695e+00
1.768146e+00
1.770596e+00
1.773046e+00
1.775497e+00
1.777947e+00
1.780397e+00
1.782848e+00
1.785298e+00
1.787748e+00
1.790199e+00
1.792649e+00
1.795099e+00
1.797550e+00
1.800000e+00
1.802450e+00
1.804901e+00
1.807351e+00
1.809801e+00
1.812252e+00
1.814702e+00
1.817152e+00
1.819603e+00
1.822053e+00
1.824503e+00
1.826954e+00
1.829404e+00
1.831854e+00
1.834305e+00
1.836755e+00
1.839205e+00
1.841656e+00
1.844106e+00
1.846556e+00
1.849007e+00
1.851457e+00
1.853907e+00
1.856358e+00
1.858808e+00
1.861258e+00
1.863709e+00
1.866159e+00
1.868609e+00
1.871060e+00
1.873510e+00
1.875960e+00
1.878411e+00
1.880861e+00
1.883311e+00
1.885762e+00
1.888212e+00
1.890662e+00
1.893113e+00
1.895563e+00
1.898013e+00
1.900464e+00
1.902914e+00
1.905364e+00
1.907815e+00
1.910265e+00
1.912715e+00
1.915166e+00
1.917616e+00
1.920066e+00
1.922517e+00
1.924967e+00
1.927417e+00
1.929868e+00
1.932318e+00
1.934768e+00
1.937219e+00
1.939669e+00
1.942119e+00
1.944570e+00
1.947020e+00
1.949470e+00
1.951921e+00
1.954371e+00
1.956821e+00
1.959272e+00
1.961722e+00
1.964172e+00
1.966623e+00
1.969073e+00
1.971523e+00
1.973974e+00
1.976424e+00
1.978874e+00
1.981325e+00
1.983775e+00
1.986225e+00
1.988675e+00
1.991126e+00
1.993576e+00
1.996026e+00
1.998477e+00
2.000927e+00
2.003377e+00
2.005828e+00
2.008278e+00
2.010728e+00
2.013179e+00
2.015629e+00
2.018079e+00
2.020530e+00
2.022980e+00
2.025430e+00
2.027881e+00
2.030331e+00
2.032781e+00
2.035232e+00
2.037682e+00
2.040132e+00
2.042583e+00
2.045033e+00
2.047483e+00
2.049934e+00
2.052384e+00
2.054834e+00
2.057285e+00
2.059735e+00
2.062185e+00
2.064636e+00
2.067086e+00
2.069536e+00
2.071987e+00
2.074437e+00
2.076887e+00
2.079338e+00
2.081788e+00
2.084238e+00
2.086689e+00
2.089139e+00
2.091589e+00
2.094040e+00
2.096490e+00
2.098940e+00
2.101391e+00
2.103841e+00
2.106291e+00
2.108742e+00
2.111192e+00
2.113642e+00
2.116093e+00
2.118543e+00
2.120993e+00
2.123444e+00
2.125894e+00
2.128344e+00
2.130795e+00
2.133245e+00
2.135695e+00
2.138146e+00
2.140596e+00
2.143046e+00
2.145497e+00
2.147947e+00
2.150397e+00
2.152848e+00
2.155298e+00
2.157748e+00
2.160199e+00
2.162649e+00
2.165099e+00
2.167550e+00
2.170000e+00
2.174577e+00
2.179154e+00
2.183731e+00
2.188308e+00
2.192886e+00
2.197463e+00
2.202040e+00
2.206617e+00
2.211194e+00
2.215771e+00
2.220348e+00
2.224925e+00
2.229502e+00
2.234080e+00
2.238657e+00
2.243234e+00
2.247811e+00
2.252388e+00
2.256965e+00
2.261542e+00
2.266119e+00
2.270697e+00
2.275274e+00
2.279851e+00
2.284428e+00
2.289005e+00
2.293582e+00
2.298159e+00
2.302736e+00
2.307313e+00
2.311891e+00
2.316468e+00
2.321045e+00
2.325622e+00
2.330199e+00
2.334776e+00
2.339353e+00
2.343930e+00
2.348507e+00
2.353085e+00
2.357662e+00
2.362239e+00
2.366816e+00
2.371393e+00
2.375970e+00
2.380547e+00
2.385124e+00
2.389701e+00
2.394279e+00
2.398856e+00
2.403433e+00
2.408010e+00
2.412587e+00
2.417164e+00
2.421741e+00
2.426318e+00
2.430896e+00
2.435473e+00
2.440050e+00
2.444627e+00
2.449204e+00
2.453781e+00
2.458358e+00
2.462935e+00
2.467512e+00
2.472090e+00
2.476667e+00
2.481244e+00
2.485821e+00
2.490398e+00
2.494975e+00
2.499552e+00
2.504129e+00
2.508706e+00
2.513284e+00
2.517861e+00
2.522438e+00
2.527015e+00
2.531592e+00
2.536169e+00
2.540746e+00
2.545323e+00
2.549900e+00
2.554478e+00
2.559055e+00
2.563632e+00
2.568209e+00
2.572786e+00
2.577363e+00
2.581940e+00
2.586517e+00
2.591095e+00
2.595672e+00
2.600249e+00
2.604826e+00
2.609403e+00
2.613980e+00
2.618557e+00
2.623134e+00
2.627711e+00
2.632289e+00
2.636866e+00
2.641443e+00
2.646020e+00
2.650597e+00
2.655174e+00
2.659751e+00
2.664328e+00
2.668905e+00
2.673483e+00
2.678060e+00
2.682637e+00
2.687214e+00
2.691791e+00
2.696368e+00
2.700945e+00
2.705522e+00
2.710100e+00
2.714677e+00
2.719254e+00
2.723831e+00
2.728408e+00
2.732985e+00
2.737562e+00
2.742139e+00
2.746716e+00
2.751294e+00
2.755871e+00
2.760448e+00
2.765025e+00
2.769602e+00
2.774179e+00
2.778756e+00
2.783333e+00
2.787910e+00
2.792488e+00
2.797065e+00
2.801642e+00
2.806219e+00
2.810796e+00
2.815373e+00
2.819950e+00
2.824527e+00
2.829104e+00
2.833682e+00
2.838259e+00
2.842836e+00
2.847413e+00
2.851990e+00
2.856567e+00
2.861144e+00
2.865721e+00
2.870299e+00
2.874876e+00
2.879453e+00
2.884030e+00
2.888607e+00
2.893184e+00
2.897761e+00
2.902338e+00
2.906915e+00
2.911493e+00
2.916070e+00
2.920647e+00
2.925224e+00
2.929801e+00
2.934378e+00
2.938955e+00
2.943532e+00
2.948109e+00
2.952687e+00
2.957264e+00
2.961841e+00
2.966418e+00
2.970995e+00
2.975572e+00
2.980149e+00
2.984726e+00
2.989303e+00
2.993881e+00
2.998458e+00
3.003035e+00
3.007612e+00
3.012189e+00
3.016766e+00
3.021343e+00
3.025920e+00
3.030498e+00
3.035075e+00
3.039652e+00
3.044229e+00
3.048806e+00
3.053383e+00
3.057960e+00
3.062537e+00
3.067114e+00
3.071692e+00
3.076269e+00
3.080846e+00
3.085423e+00
3.090000e+00
3.093532e+00
3.097065e+00
3.100597e+00
3.104129e+00
3.107662e+00
3.111194e+00
3.114726e+00
3.118259e+00
3.121791e+00
3.125323e+00
3.128856e+00
3.132388e+00
3.135920e+00
3.139453e+00
3.142985e+00
3.146517e+00
3.150050e+00
3.153582e+00
3.157114e+00
3.160647e+00
3.164179e+00
3.167711e+00
3.171244e+00
3.174776e+00
3.178308e+00
3.181841e+00
3.185373e+00
3.188905e+00
3.192438e+00
3.195970e+00
3.199502e+00
3.203035e+00
3.206567e+00
3.210100e+00
3.213632e+00
3.217164e+00
3.220697e+00
3.224229e+00
3.227761e+00
3.231294e+00
3.234826e+00
3.238358e+00
3.241891e+00
3.245423e+00
3.248955e+00
3.252488e+00
3.256020e+00
3.259552e+00
3.263085e+00
3.266617e+00
3.270149e+00
3.273682e+00
3.277214e+00
3.280746e+00
3.284279e+00
3.287811e+00
3.291343e+00
3.294876e+00
3.298408e+00
3.301940e+00
3.305473e+00
3.309005e+00
3.312537e+00
3.316070e+00
3.319602e+00
3.323134e+00
3.326667e+00
3.330199e+00
3.333731e+00
3.337264e+00
3.340796e+00
3.344328e+00
3.347861e+00
3.351393e+00
3.354925e+00
3.358458e+00
3.361990e+00
3.365522e+00
3.369055e+00
3.372587e+00
3.376119e+00
3.379652e+00
3.383184e+00
3.386716e+00
3.390249e+00
3.393781e+00
3.397313e+00
3.400846e+00
3.404378e+00
3.407910e+00
3.411443e+00
3.414975e+00
3.418507e+00
3.422040e+00
3.425572e+00
3.429104e+00
3.432637e+00
3.436169e+00
3.439701e+00
3.443234e+00
3.446766e+00
3.450299e+00
3.453831e+00
3.457363e+00
3.460896e+00
3.464428e+00
3.467960e+00
3.471493e+00
3.475025e+00
3.478557e+00
3.482090e+00
3.485622e+00
3.489154e+00
3.492687e+00
3.496219e+00
3.499751e+00
3.503284e+00
3.506816e+00
3.510348e+00
3.513881e+00
3.517413e+00
3.520945e+00
3.524478e+00
3.528010e+00
3.531542e+00
3.535075e+00
3.538607e+00
3.542139e+00
3.545672e+00
3.549204e+00
3.552736e+00
3.556269e+00
3.559801e+00
3.563333e+00
3.566866e+00
3.570398e+00
3.573930e+00
3.577463e+00
3.580995e+00
3.584527e+00
3.588060e+00
3.591592e+00
3.595124e+00
3.598657e+00
3.602189e+00
3.605721e+00
3.609254e+00
3.612786e+00
3.616318e+00
3.619851e+00
3.623383e+00
3.626915e+00
3.630448e+00
3.633980e+00
3.637512e+00
3.641045e+00
3.644577e+00
3.648109e+00
3.651642e+00
3.655174e+00
3.658706e+00
3.662239e+00
3.665771e+00
3.669303e+00
3.672836e+00
3.676368e+00
3.679900e+00
3.683433e+00
3.686965e+00
3.690498e+00
3.694030e+00
3.697562e+00
3.701095e+00
3.704627e+00
3.708159e+00
3.711692e+00
3.715224e+00
3.718756e+00
3.722289e+00
3.725821e+00
3.729353e+00
3.732886e+00
3.736418e+00
3.739950e+00
3.743483e+00
3.747015e+00
3.750547e+00
3.754080e+00
3.757612e+00
3.761144e+00
3.764677e+00
3.768209e+00
3.771741e+00
3.775274e+00
3.778806e+00
3.782338e+00
3.785871e+00
3.789403e+00
3.792935e+00
3.796468e+00
3.800000e+00
3.804073e+00
3.808146e+00
3.812219e+00
3.816291e+00
3.820364e+00
3.824437e+00
3.828510e+00
3.832583e+00
3.836656e+00
3.840728e+00
3.844801e+00
3.848874e+00
3.852947e+00
3.857020e+00
3.861093e+00
3.865166e+00
3.869238e+00
3.873311e+00
3.877384e+00
3.881457e+00
3.885530e+00
3.889603e+00
3.893675e+00
3.897748e+00
3.901821e+00
3.905894e+00
3.909967e+00
3.914040e+00
3.918113e+00
3.922185e+00
3.926258e+00
3.930331e+00
3.934404e+00
3.938477e+00
3.942550e+00
3.946623e+00
3.950695e+00
3.954768e+00
3.958841e+00
3.962914e+00
3.966987e+00
3.971060e+00
3.975132e+00
3.979205e+00
3.983278e+00
3.987351e+00
3.991424e+00
3.995497e+00
3.999570e+00
4.003642e+00
4.007715e+00
4.011788e+00
4.015861e+00
4.019934e+00
4.024007e+00
4.028079e+00
4.032152e+00
4.036225e+00
4.040298e+00
4.044371e+00
4.048444e+00
4.052517e+00
4.056589e+00
4.060662e+00
4.064735e+00
4.068808e+00
4.072881e+00
4.076954e+00
4.081026e+00
4.085099e+00
4.089172e+00
4.093245e+00
4.097318e+00
4.101391e+00
4.105464e+00
4.109536e+00
4.113609e+00
4.117682e+00
4.121755e+00
4.125828e+00
4.129901e+00
4.133974e+00
4.138046e+00
4.142119e+00
4.146192e+00
4.150265e+00
4.154338e+00
4.158411e+00
4.162483e+00
4.166556e+00
4.170629e+00
4.174702e+00
4.178775e+00
4.182848e+00
4.186921e+00
4.190993e+00
4.195066e+00
4.199139e+00
4.203212e+00
4.207285e+00
4.211358e+00
4.215430e+00
4.219503e+00
4.223576e+00
4.227649e+00
4.231722e+00
4.235795e+00
4.239868e+00
4.243940e+00
4.248013e+00
4.252086e+00
4.256159e+00
4.260232e+00
4.264305e+00
4.268377e+00
4.272450e+00
4.276523e+00
4.280596e+00
4.284669e+00
4.288742e+00
4.292815e+00
4.296887e+00
4.300960e+00
4.305033e+00
4.309106e+00
4.313179e+00
4.317252e+00
4.321325e+00
4.325397e+00
4.329470e+00
4.333543e+00
4.337616e+00
4.341689e+00
4.345762e+00
4.349834e+00
4.353907e+00
4.357980e+00
4.362053e+00
4.366126e+00
4.370199e+00
4.374272e+00
4.378344e+00
4.382417e+00
4.386490e+00
4.390563e+00
4.394636e+00
4.398709e+00
4.402781e+00
4.406854e+00
4.410927e+00
4.415000e+00
4.419073e+00
4.423146e+00
4.427219e+00
4.431291e+00
4.435364e+00
4.439437e+00
4.443510e+00
4.447583e+00
4.451656e+00
4.455728e+00
4.459801e+00
4.463874e+00
4.467947e+00
4.472020e+00
4.476093e+00
4.480166e+00
4.484238e+00
4.488311e+00
4.492384e+00
4.496457e+00
4.500530e+00
4.504603e+00
4.508675e+00
4.512748e+00
4.516821e+00
4.520894e+00
4.524967e+00
4.529040e+00
4.533113e+00
4.537185e+00
4.541258e+00
4.545331e+00
4.549404e+00
4.553477e+00
4.557550e+00
4.561623e+00
4.565695e+00
4.569768e+00
4.573841e+00
4.577914e+00
4.581987e+00
4.586060e+00
4.590132e+00
4.594205e+00
4.598278e+00
4.602351e+00
4.606424e+00
4.610497e+00
4.614570e+00
4.618642e+00
4.622715e+00
4.626788e+00
4.630861e+00
4.634934e+00
4.639007e+00
4.643079e+00
4.647152e+00
4.651225e+00
4.655298e+00
4.659371e+00
4.663444e+00
4.667517e+00
4.671589e+00
4.675662e+00
4.679735e+00
4.683808e+00
4.687881e+00
4.691954e+00
4.696026e+00
4.700099e+00
4.704172e+00
4.708245e+00
4.712318e+00
4.716391e+00
4.720464e+00
4.724536e+00
4.728609e+00
4.732682e+00
4.736755e+00
4.740828e+00
4.744901e+00
4.748974e+00
4.753046e+00
4.757119e+00
4.761192e+00
4.765265e+00
4.769338e+00
4.773411e+00
4.777483e+00
4.781556e+00
4.785629e+00
4.789702e+00
4.793775e+00
4.797848e+00
4.801921e+00
4.805993e+00
4.810066e+00
4.814139e+00
4.818212e+00
4.822285e+00
4.826358e+00
4.830430e+00
4.834503e+00
4.838576e+00
4.842649e+00
4.846722e+00
4.850795e+00
4.854868e+00
4.858940e+00
4.863013e+00
4.867086e+00
4.871159e+00
4.875232e+00
4.879305e+00
4.883377e+00
4.887450e+00
4.891523e+00
4.895596e+00
4.899669e+00
4.903742e+00
4.907815e+00
4.911887e+00
4.915960e+00
4.920033e+00
4.924106e+00
4.928179e+00
4.932252e+00
4.936325e+00
4.940397e+00
4.944470e+00
4.948543e+00
4.952616e+00
4.956689e+00
4.960762e+00
4.964834e+00
4.968907e+00
4.972980e+00
4.977053e+00
4.981126e+00
4.985199e+00
4.989272e+00
4.993344e+00
4.997417e+00
5.001490e+00
5.005563e+00
5.009636e+00
5.013709e+00
5.017781e+00
5.021854e+00
5.025927e+00
5.030000e+00
5.034562e+00
5.039124e+00
5.043685e+00
5.048247e+00
5.052809e+00
5.057371e+00
5.061932e+00
5.066494e+00
5.071056e+00
5.075618e+00
5.080179e+00
5.084741e+00
5.089303e+00
5.093865e+00
5.098426e+00
5.102988e+00
5.107550e+00
5.112112e+00
5.116673e+00
5.121235e+00
5.125797e+00
5.130359e+00
5.134920e+00
5.139482e+00
5.144044e+00
5.148606e+00
5.153167e+00
5.157729e+00
5.162291e+00
5.166853e+00
5.171414e+00
5.175976e+00
5.180538e+00
5.185100e+00
5.189661e+00
5.194223e+00
5.198785e+00
5.203347e+00
5.207908e+00
5.212470e+00
5.217032e+00
5.221594e+00
5.226155e+00
5.230717e+00
5.235279e+00
5.239841e+00
5.244402e+00
5.248964e+00
5.253526e+00
5.258088e+00
5.262649e+00
5.267211e+00
5.271773e+00
5.276335e+00
5.280896e+00
5.285458e+00
5.290020e+00
5.294582e+00
5.299143e+00
5.303705e+00
5.308267e+00
5.312829e+00
5.317390e+00
5.321952e+00
5.326514e+00
5.331076e+00
5.335637e+00
5.340199e+00
5.344761e+00
5.349323e+00
5.353884e+00
5.358446e+00
5.363008e+00
5.367570e+00
5.372131e+00
5.376693e+00
5.381255e+00
5.385817e+00
5.390378e+00
5.394940e+00
5.399502e+00
5.404064e+00
5.408625e+00
5.413187e+00
5.417749e+00
5.422311e+00
5.426873e+00
5.431434e+00
5.435996e+00
5.440558e+00
5.445120e+00
5.449681e+00
5.454243e+00
5.458805e+00
5.463367e+00
5.467928e+00
5.472490e+00
5.477052e+00
5.481614e+00
5.486175e+00
5.490737e+00
5.495299e+00
5.499861e+00
5.504422e+00
5.508984e+00
5.513546e+00
5.518108e+00
5.522669e+00
5.527231e+00
5.531793e+00
5.536355e+00
5.540916e+00
5.545478e+00
5.550040e+00
5.554602e+00
5.559163e+00
5.563725e+00
5.568287e+00
5.572849e+00
5.577410e+00
5.581972e+00
5.586534e+00
5.591096e+00
5.595657e+00
5.600219e+00
5.604781e+00
5.609343e+00
5.613904e+00
5.618466e+00
5.623028e+00
5.627590e+00
5.632151e+00
5.636713e+00
5.641275e+00
5.645837e+00
5.650398e+00
5.654960e+00
5.659522e+00
5.664084e+00
5.668645e+00
5.673207e+00
5.677769e+00
5.682331e+00
5.686892e+00
5.691454e+00
5.696016e+00
5.700578e+00
5.705139e+00
5.709701e+00
5.714263e+00
5.718825e+00
5.723386e+00
5.727948e+00
5.732510e+00
5.737072e+00
5.741633e+00
5.746195e+00
5.750757e+00
5.755319e+00
5.759880e+00
5.764442e+00
5.769004e+00
5.773566e+00
5.778127e+00
5.782689e+00
5.787251e+00
5.791813e+00
5.796375e+00
5.800936e+00
5.805498e+00
5.810060e+00
5.814622e+00
5.819183e+00
5.823745e+00
5.828307e+00
5.832869e+00
5.837430e+00
5.841992e+00
5.846554e+00
5.851116e+00
5.855677e+00
5.860239e+00
5.864801e+00
5.869363e+00
5.873924e+00
5.878486e+00
5.883048e+00
5.887610e+00
5.892171e+00
5.896733e+00
5.901295e+00
5.905857e+00
5.910418e+00
5.914980e+00
5.919542e+00
5.924104e+00
5.928665e+00
5.933227e+00
5.937789e+00
5.942351e+00
5.946912e+00
5.951474e+00
5.956036e+00
5.960598e+00
5.965159e+00
5.969721e+00
5.974283e+00
5.978845e+00
5.983406e+00
5.987968e+00
5.992530e+00
5.997092e+00
6.001653e+00
6.006215e+00
6.010777e+00
6.015339e+00
6.019900e+00
6.024462e+00
6.029024e+00
6.033586e+00
6.038147e+00
6.042709e+00
6.047271e+00
6.051833e+00
6.056394e+00
6.060956e+00
6.065518e+00
6.070080e+00
6.074641e+00
6.079203e+00
6.083765e+00
6.088327e+00
6.092888e+00
6.097450e+00
6.102012e+00
6.106574e+00
6.111135e+00
6.115697e+00
6.120259e+00
6.124821e+00
6.129382e+00
6.133944e+00
6.138506e+00
6.143068e+00
6.147629e+00
6.152191e+00
6.156753e+00
6.161315e+00
6.165876e+00
6.170438e+00
6.175000e+00
6.179562e+00
6.184124e+00
6.188685e+00
6.193247e+00
6.197809e+00
6.202371e+00
6.206932e+00
6.211494e+00
6.216056e+00
6.220618e+00
6.225179e+00
6.229741e+00
6.234303e+00
6.238865e+00
6.243426e+00
6.247988e+00
6.252550e+00
6.257112e+00
6.261673e+00
6.266235e+00
6.270797e+00
6.275359e+00
6.279920e+00
6.284482e+00
6.289044e+00
6.293606e+00
6.298167e+00
6.302729e+00
6.307291e+00
6.311853e+00
6.316414e+00
6.320976e+00
6.325538e+00
6.330100e+00
6.334661e+00
6.339223e+00
6.343785e+00
6.348347e+00
6.352908e+00
6.357470e+00
6.362032e+00
6.366594e+00
6.371155e+00
6.375717e+00
6.380279e+00
6.384841e+00
6.389402e+00
6.393964e+00
6.398526e+00
6.403088e+00
6.407649e+00
6.412211e+00
6.416773e+00
6.421335e+00
6.425896e+00
6.430458e+00
6.435020e+00
6.439582e+00
6.444143e+00
6.448705e+00
6.453267e+00
6.457829e+00
6.462390e+00
6.466952e+00
6.471514e+00
6.476076e+00
6.480637e+00
6.485199e+00
6.489761e+00
6.494323e+00
6.498884e+00
6.503446e+00
6.508008e+00
6.512570e+00
6.517131e+00
6.521693e+00
6.526255e+00
6.530817e+00
6.535378e+00
6.539940e+00
6.544502e+00
6.549064e+00
6.553625e+00
6.558187e+00
6.562749e+00
6.567311e+00
6.571873e+00
6.576434e+00
6.580996e+00
6.585558e+00
6.590120e+00
6.594681e+00
6.599243e+00
6.603805e+00
6.608367e+00
6.612928e+00
6.617490e+00
6.622052e+00
6.626614e+00
6.631175e+00
6.635737e+00
6.640299e+00
6.644861e+00
6.649422e+00
6.653984e+00
6.658546e+00
6.663108e+00
6.667669e+00
6.672231e+00
6.676793e+00
6.681355e+00
6.685916e+00
6.690478e+00
6.695040e+00
6.699602e+00
6.704163e+00
6.708725e+00
6.713287e+00
6.717849e+00
6.722410e+00
6.726972e+00
6.731534e+00
6.736096e+00
6.740657e+00
6.745219e+00
6.749781e+00
6.754343e+00
6.758904e+00
6.763466e+00
6.768028e+00
6.772590e+00
6.777151e+00
6.781713e+00
6.786275e+00
6.790837e+00
6.795398e+00
6.799960e+00
6.804522e+00
6.809084e+00
6.813645e+00
6.818207e+00
6.822769e+00
6.827331e+00
6.831892e+00
6.836454e+00
6.841016e+00
6.845578e+00
6.850139e+00
6.854701e+00
6.859263e+00
6.863825e+00
6.868386e+00
6.872948e+00
6.877510e+00
6.882072e+00
6.886633e+00
6.891195e+00
6.895757e+00
6.900319e+00
6.904880e+00
6.909442e+00
6.914004e+00
6.918566e+00
6.923127e+00
6.927689e+00
6.932251e+00
6.936813e+00
6.941375e+00
6.945936e+00
6.950498e+00
6.955060e+00
6.959622e+00
6.964183e+00
6.968745e+00
6.973307e+00
6.977869e+00
6.982430e+00
6.986992e+00
6.991554e+00
6.996116e+00
7.000677e+00
7.005239e+00
7.009801e+00
7.014363e+00
7.018924e+00
7.023486e+00
7.028048e+00
7.032610e+00
7.037171e+00
7.041733e+00
7.046295e+00
7.050857e+00
7.055418e+00
7.059980e+00
7.064542e+00
7.069104e+00
7.073665e+00
7.078227e+00
7.082789e+00
7.087351e+00
7.091912e+00
7.096474e+00
7.101036e+00
7.105598e+00
7.110159e+00
7.114721e+00
7.119283e+00
7.123845e+00
7.128406e+00
7.132968e+00
7.137530e+00
7.142092e+00
7.146653e+00
7.151215e+00
7.155777e+00
7.160339e+00
7.164900e+00
7.169462e+00
7.174024e+00
7.178586e+00
7.183147e+00
7.187709e+00
7.192271e+00
7.196833e+00
7.201394e+00
7.205956e+00
7.210518e+00
7.215080e+00
7.219641e+00
7.224203e+00
7.228765e+00
7.233327e+00
7.237888e+00
7.242450e+00
7.247012e+00
7.251574e+00
7.256135e+00
7.260697e+00
7.265259e+00
7.269821e+00
7.274382e+00
7.278944e+00
7.283506e+00
7.288068e+00
7.292629e+00
7.297191e+00
7.301753e+00
7.306315e+00
7.310876e+00
7.315438e+00
7.320000e+00
7.324652e+00
7.329304e+00
7.333956e+00
7.338608e+00
7.343260e+00
7.347913e+00
7.352565e+00
7.357217e+00
7.361869e+00
7.366521e+00
7.371173e+00
7.375825e+00
7.380477e+00
7.385129e+00
7.389781e+00
7.394433e+00
7.399085e+00
7.403738e+00
7.408390e+00
7.413042e+00
7.417694e+00
7.422346e+00
7.426998e+00
7.431650e+00
7.436302e+00
7.440954e+00
7.445606e+00
7.450258e+00
7.454911e+00
7.459563e+00
7.464215e+00
7.468867e+00
7.473519e+00
7.478171e+00
7.482823e+00
7.487475e+00
7.492127e+00
7.496779e+00
7.501431e+00
7.506083e+00
7.510736e+00
7.515388e+00
7.520040e+00
7.524692e+00
7.529344e+00
7.533996e+00
7.538648e+00
7.543300e+00
7.547952e+00
7.552604e+00
7.557256e+00
7.561909e+00
7.566561e+00
7.571213e+00
7.575865e+00
7.580517e+00
7.585169e+00
7.589821e+00
7.594473e+00
7.599125e+00
7.603777e+00
7.608429e+00
7.613082e+00
7.617734e+00
7.622386e+00
7.627038e+00
7.631690e+00
7.636342e+00
7.640994e+00
7.645646e+00
7.650298e+00
7.654950e+00
7.659602e+00
7.664254e+00
7.668907e+00
7.673559e+00
7.678211e+00
7.682863e+00
7.687515e+00
7.692167e+00
7.696819e+00
7.701471e+00
7.706123e+00
7.710775e+00
7.715427e+00
7.720080e+00
7.724732e+00
7.729384e+00
7.734036e+00
7.738688e+00
7.743340e+00
7.747992e+00
7.752644e+00
7.757296e+00
7.761948e+00
7.766600e+00
7.771252e+00
7.775905e+00
7.780557e+00
7.785209e+00
7.789861e+00
7.794513e+00
7.799165e+00
7.803817e+00
7.808469e+00
7.813121e+00
7.817773e+00
7.822425e+00
7.827078e+00
7.831730e+00
7.836382e+00
7.841034e+00
7.845686e+00
7.850338e+00
7.854990e+00
7.859642e+00
7.864294e+00
7.868946e+00
7.873598e+00
7.878250e+00
7.882903e+00
7.887555e+00
7.892207e+00
7.896859e+00
7.901511e+00
7.906163e+00
7.910815e+00
7.915467e+00
7.920119e+00
7.924771e+00
7.929423e+00
7.934076e+00
7.938728e+00
7.943380e+00
7.948032e+00
7.952684e+00
7.957336e+00
7.961988e+00
7.966640e+00
7.971292e+00
7.975944e+00
7.980596e+00
7.985249e+00
7.989901e+00
7.994553e+00
7.999205e+00
8.003857e+00
8.008509e+00
8.013161e+00
8.017813e+00
8.022465e+00
8.027117e+00
8.031769e+00
8.036421e+00
8.041074e+00
8.045726e+00
8.050378e+00
8.055030e+00
8.059682e+00
8.064334e+00
8.068986e+00
8.073638e+00
8.078290e+00
8.082942e+00
8.087594e+00
8.092247e+00
8.096899e+00
8.101551e+00
8.106203e+00
8.110855e+00
8.115507e+00
8.120159e+00
8.124811e+00
8.129463e+00
8.134115e+00
8.138767e+00
8.143419e+00
8.148072e+00
8.152724e+00
8.157376e+00
8.162028e+00
8.166680e+00
8.171332e+00
8.175984e+00
8.180636e+00
8.185288e+00
8.189940e+00
8.194592e+00
8.199245e+00
8.203897e+00
8.208549e+00
8.213201e+00
8.217853e+00
8.222505e+00
8.227157e+00
8.231809e+00
8.236461e+00
8.241113e+00
8.245765e+00
8.250417e+00
8.255070e+00
8.259722e+00
8.264374e+00
8.269026e+00
8.273678e+00
8.278330e+00
8.282982e+00
8.287634e+00
8.292286e+00
8.296938e+00
8.301590e+00
8.306243e+00
8.310895e+00
8.315547e+00
8.320199e+00
8.324851e+00
8.329503e+00
8.334155e+00
8.338807e+00
8.343459e+00
8.348111e+00
8.352763e+00
8.357416e+00
8.362068e+00
8.366720e+00
8.371372e+00
8.376024e+00
8.380676e+00
8.385328e+00
8.389980e+00
8.394632e+00
8.399284e+00
8.403936e+00
8.408588e+00
8.413241e+00
8.417893e+00
8.422545e+00
8.427197e+00
8.431849e+00
8.436501e+00
8.441153e+00
8.445805e+00
8.450457e+00
8.455109e+00
8.459761e+00
8.464414e+00
8.469066e+00
8.473718e+00
8.478370e+00
8.483022e+00
8.487674e+00
8.492326e+00
8.496978e+00
8.501630e+00
8.506282e+00
8.510934e+00
8.515586e+00
8.520239e+00
8.524891e+00
8.529543e+00
8.534195e+00
8.538847e+00
8.543499e+00
8.548151e+00
8.552803e+00
8.557455e+00
8.562107e+00
8.566759e+00
8.571412e+00
8.576064e+00
8.580716e+00
8.585368e+00
8.590020e+00
8.594672e+00
8.599324e+00
8.603976e+00
8.608628e+00
8.613280e+00
8.617932e+00
8.622584e+00
8.627237e+00
8.631889e+00
8.636541e+00
8.641193e+00
8.645845e+00
8.650497e+00
8.655149e+00
8.659801e+00
8.664453e+00
8.669105e+00
8.673757e+00
8.678410e+00
8.683062e+00
8.687714e+00
8.692366e+00
8.697018e+00
8.701670e+00
8.706322e+00
8.710974e+00
8.715626e+00
8.720278e+00
8.724930e+00
8.729583e+00
8.734235e+00
8.738887e+00
8.743539e+00
8.748191e+00
8.752843e+00
8.757495e+00
8.762147e+00
8.766799e+00
8.771451e+00
8.776103e+00
8.780755e+00
8.785408e+00
8.790060e+00
8.794712e+00
8.799364e+00
8.804016e+00
8.808668e+00
8.813320e+00
8.817972e+00
8.822624e+00
8.827276e+00
8.831928e+00
8.836581e+00
8.841233e+00
8.845885e+00
8.850537e+00
8.855189e+00
8.859841e+00
8.864493e+00
8.869145e+00
8.873797e+00
8.878449e+00
8.883101e+00
8.887753e+00
8.892406e+00
8.897058e+00
8.901710e+00
8.906362e+00
8.911014e+00
8.915666e+00
8.920318e+00
8.924970e+00
8.929622e+00
8.934274e+00
8.938926e+00
8.943579e+00
8.948231e+00
8.952883e+00
8.957535e+00
8.962187e+00
8.966839e+00
8.971491e+00
8.976143e+00
8.980795e+00
8.985447e+00
8.990099e+00
8.994751e+00
8.999404e+00
9.004056e+00
9.008708e+00
9.013360e+00
9.018012e+00
9.022664e+00
9.027316e+00
9.031968e+00
9.036620e+00
9.041272e+00
9.045924e+00
9.050577e+00
9.055229e+00
9.059881e+00
9.064533e+00
9.069185e+00
9.073837e+00
9.078489e+00
9.083141e+00
9.087793e+00
9.092445e+00
9.097097e+00
9.101750e+00
9.106402e+00
9.111054e+00
9.115706e+00
9.120358e+00
9.125010e+00
9.129662e+00
9.134314e+00
9.138966e+00
9.143618e+00
9.148270e+00
9.152922e+00
9.157575e+00
9.162227e+00
9.166879e+00
9.171531e+00
9.176183e+00
9.180835e+00
9.185487e+00
9.190139e+00
9.194791e+00
9.199443e+00
9.204095e+00
9.208748e+00
9.213400e+00
9.218052e+00
9.222704e+00
9.227356e+00
9.232008e+00
9.236660e+00
9.241312e+00
9.245964e+00
9.250616e+00
9.255268e+00
9.259920e+00
9.264573e+00
9.269225e+00
9.273877e+00
9.278529e+00
9.283181e+00
9.287833e+00
9.292485e+00
9.297137e+00
9.301789e+00
9.306441e+00
9.311093e+00
9.315746e+00
9.320398e+00
9.325050e+00
9.329702e+00
9.334354e+00
9.339006e+00
9.343658e+00
9.348310e+00
9.352962e+00
9.357614e+00
9.362266e+00
9.366918e+00
9.371571e+00
9.376223e+00
9.380875e+00
9.385527e+00
9.390179e+00
9.394831e+00
9.399483e+00
9.404135e+00
9.408787e+00
9.413439e+00
9.418091e+00
9.422744e+00
9.427396e+00
9.432048e+00
9.436700e+00
9.441352e+00
9.446004e+00
9.450656e+00
9.455308e+00
9.459960e+00
9.464612e+00
9.469264e+00
9.473917e+00
9.478569e+00
9.483221e+00
9.487873e+00
9.492525e+00
9.497177e+00
9.501829e+00
9.506481e+00
9.511133e+00
9.515785e+00
9.520437e+00
9.525089e+00
9.529742e+00
9.534394e+00
9.539046e+00
9.543698e+00
9.548350e+00
9.553002e+00
9.557654e+00
9.562306e+00
9.566958e+00
9.571610e+00
9.576262e+00
9.580915e+00
9.585567e+00
9.590219e+00
9.594871e+00
9.599523e+00
9.604175e+00
9.608827e+00
9.613479e+00
9.618131e+00
9.622783e+00
9.627435e+00
9.632087e+00
9.636740e+00
9.641392e+00
9.646044e+00
9.650696e+00
9.655348e+00
9.660000e+00
9.664930e+00
9.669861e+00
9.674791e+00
9.679722e+00
9.684652e+00
9.689583e+00
9.694513e+00
9.699443e+00
9.704374e+00
9.709304e+00
9.714235e+00
9.719165e+00
9.724095e+00
9.729026e+00
9.733956e+00
9.738887e+00
9.743817e+00
9.748748e+00
9.753678e+00
9.758608e+00
9.763539e+00
9.768469e+00
9.773400e+00
9.778330e+00
9.783260e+00
9.788191e+00
9.793121e+00
9.798052e+00
9.802982e+00
9.807913e+00
9.812843e+00
9.817773e+00
9.822704e+00
9.827634e+00
9.832565e+00
9.837495e+00
9.842425e+00
9.847356e+00
9.852286e+00
9.857217e+00
9.862147e+00
9.867078e+00
9.872008e+00
9.876938e+00
9.881869e+00
9.886799e+00
9.891730e+00
9.896660e+00
9.901590e+00
9.906521e+00
9.911451e+00
9.916382e+00
9.921312e+00
9.926243e+00
9.931173e+00
9.936103e+00
9.941034e+00
9.945964e+00
9.950895e+00
9.955825e+00
9.960755e+00
9.965686e+00
9.970616e+00
9.975547e+00
9.980477e+00
9.985408e+00
9.990338e+00
9.995268e+00
1.000020e+01
1.000513e+01
1.001006e+01
1.001499e+01
1.001992e+01
1.002485e+01
1.002978e+01
1.003471e+01
1.003964e+01
1.004457e+01
1.004950e+01
1.005443e+01
1.005936e+01
1.006429e+01
1.006922e+01
1.007416e+01
1.007909e+01
1.008402e+01
1.008895e+01
1.009388e+01
1.009881e+01
1.010374e+01
1.010867e+01
1.011360e+01
1.011853e+01
1.012346e+01
1.012839e+01
1.013332e+01
1.013825e+01
1.014318e+01
1.014811e+01
1.015304e+01
1.015797e+01
1.016290e+01
1.016783e+01
1.017276e+01
1.017769e+01
1.018262e+01
1.018755e+01
1.019249e+01
1.019742e+01
1.020235e+01
1.020728e+01
1.021221e+01
1.021714e+01
1.022207e+01
1.022700e+01
1.023193e+01
1.023686e+01
1.024179e+01
1.024672e+01
1.025165e+01
1.025658e+01
1.026151e+01
1.026644e+01
1.027137e+01
1.027630e+01
1.028123e+01
1.028616e+01
1.029109e+01
1.029602e+01
1.030095e+01
1.030588e+01
1.031082e+01
1.031575e+01
1.032068e+01
1.032561e+01
1.033054e+01
1.033547e+01
1.034040e+01
1.034533e+01
1.035026e+01
1.035519e+01
1.036012e+01
1.036505e+01
1.036998e+01
1.037491e+01
1.037984e+01
1.038477e+01
1.038970e+01
1.039463e+01
1.039956e+01
1.040449e+01
1.040942e+01
1.041435e+01
1.041928e+01
1.042421e+01
1.042915e+01
1.043408e+01
1.043901e+01
1.044394e+01
1.044887e+01
1.045380e+01
1.045873e+01
1.046366e+01
1.046859e+01
1.047352e+01
1.047845e+01
1.048338e+01
1.048831e+01
1.049324e+01
1.049817e+01
1.050310e+01
1.050803e+01
1.051296e+01
1.051789e+01
1.052282e+01
1.052775e+01
1.053268e+01
1.053761e+01
1.054254e+01
1.054748e+01
1.055241e+01
1.055734e+01
1.056227e+01
1.056720e+01
1.057213e+01
1.057706e+01
1.058199e+01
1.058692e+01
1.059185e+01
1.059678e+01
1.060171e+01
1.060664e+01
1.061157e+01
1.061650e+01
1.062143e+01
1.062636e+01
1.063129e+01
1.063622e+01
1.064115e+01
1.064608e+01
1.065101e+01
1.065594e+01
1.066087e+01
1.066581e+01
1.067074e+01
1.067567e+01
1.068060e+01
1.068553e+01
1.069046e+01
1.069539e+01
1.070032e+01
1.070525e+01
1.071018e+01
1.071511e+01
1.072004e+01
1.072497e+01
1.072990e+01
1.073483e+01
1.073976e+01
1.074469e+01
1.074962e+01
1.075455e+01
1.075948e+01
1.076441e+01
1.076934e+01
1.077427e+01
1.077920e+01
1.078414e+01
1.078907e+01
1.079400e+01
1.079893e+01
1.080386e+01
1.080879e+01
1.081372e+01
1.081865e+01
1.082358e+01
1.082851e+01
1.083344e+01
1.083837e+01
1.084330e+01
1.084823e+01
1.085316e+01
1.085809e+01
1.086302e+01
1.086795e+01
1.087288e+01
1.087781e+01
1.088274e+01
1.088767e+01
1.089260e+01
1.089753e+01
1.090247e+01
1.090740e+01
1.091233e+01
1.091726e+01
1.092219e+01
1.092712e+01
1.093205e+01
1.093698e+01
1.094191e+01
1.094684e+01
1.095177e+01
1.095670e+01
1.096163e+01
1.096656e+01
1.097149e+01
1.097642e+01
1.098135e+01
1.098628e+01
1.099121e+01
1.099614e+01
1.100107e+01
1.100600e+01
1.101093e+01
1.101586e+01
1.102080e+01
1.102573e+01
1.103066e+01
1.103559e+01
1.104052e+01
1.104545e+01
1.105038e+01
1.105531e+01
1.106024e+01
1.106517e+01
1.107010e+01
1.107503e+01
1.107996e+01
1.108489e+01
1.108982e+01
1.109475e+01
1.109968e+01
1.110461e+01
1.110954e+01
1.111447e+01
1.111940e+01
1.112433e+01
1.112926e+01
1.113419e+01
1.113913e+01
1.114406e+01
1.114899e+01
1.115392e+01
1.115885e+01
1.116378e+01
1.116871e+01
1.117364e+01
1.117857e+01
1.118350e+01
1.118843e+01
1.119336e+01
1.119829e+01
1.120322e+01
1.120815e+01
1.121308e+01
1.121801e+01
1.122294e+01
1.122787e+01
1.123280e+01
1.123773e+01
1.124266e+01
1.124759e+01
1.125252e+01
1.125746e+01
1.126239e+01
1.126732e+01
1.127225e+01
1.127718e+01
1.128211e+01
1.128704e+01
1.129197e+01
1.129690e+01
1.130183e+01
1.130676e+01
1.131169e+01
1.131662e+01
1.132155e+01
1.132648e+01
1.133141e+01
1.133634e+01
1.134127e+01
1.134620e+01
1.135113e+01
1.135606e+01
1.136099e+01
1.136592e+01
1.137085e+01
1.137579e+01
1.138072e+01
1.138565e+01
1.139058e+01
1.139551e+01
1.140044e+01
1.140537e+01
1.141030e+01
1.141523e+01
1.142016e+01
1.142509e+01
1.143002e+01
1.143495e+01
1.143988e+01
1.144481e+01
1.144974e+01
1.145467e+01
1.145960e+01
1.146453e+01
1.146946e+01
1.147439e+01
1.147932e+01
1.148425e+01
1.148918e+01
1.149412e+01
1.149905e+01
1.150398e+01
1.150891e+01
1.151384e+01
1.151877e+01
1.152370e+01
1.152863e+01
1.153356e+01
1.153849e+01
1.154342e+01
1.154835e+01
1.155328e+01
1.155821e+01
1.156314e+01
1.156807e+01
1.157300e+01
1.157793e+01
1.158286e+01
1.158779e+01
1.159272e+01
1.159765e+01
1.160258e+01
1.160751e+01
1.161245e+01
1.161738e+01
1.162231e+01
1.162724e+01
1.163217e+01
1.163710e+01
1.164203e+01
1.164696e+01
1.165189e+01
1.165682e+01
1.166175e+01
1.166668e+01
1.167161e+01
1.167654e+01
1.168147e+01
1.168640e+01
1.169133e+01
1.169626e+01
1.170119e+01
1.170612e+01
1.171105e+01
1.171598e+01
1.172091e+01
1.172584e+01
1.173078e+01
1.173571e+01
1.174064e+01
1.174557e+01
1.175050e+01
1.175543e+01
1.176036e+01
1.176529e+01
1.177022e+01
1.177515e+01
1.178008e+01
1.178501e+01
1.178994e+01
1.179487e+01
1.179980e+01
1.180473e+01
1.180966e+01
1.181459e+01
1.181952e+01
1.182445e+01
1.182938e+01
1.183431e+01
1.183924e+01
1.184417e+01
1.184911e+01
1.185404e+01
1.185897e+01
1.186390e+01
1.186883e+01
1.187376e+01
1.187869e+01
1.188362e+01
1.188855e+01
1.189348e+01
1.189841e+01
1.190334e+01
1.190827e+01
1.191320e+01
1.191813e+01
1.192306e+01
1.192799e+01
1.193292e+01
1.193785e+01
1.194278e+01
1.194771e+01
1.195264e+01
1.195757e+01
1.196250e+01
1.196744e+01
1.197237e+01
1.197730e+01
1.198223e+01
1.198716e+01
1.199209e+01
1.199702e+01
1.200195e+01
1.200688e+01
1.201181e+01
1.201674e+01
1.202167e+01
1.202660e+01
1.203153e+01
