1.619333e-04
2.292402e-04
2.965471e-04
3.638540e-04
4.311609e-04
4.984678e-04
5.657747e-04
6.330816e-04
7.003884e-04
7.676953e-04
8.350022e-04
9.023091e-04
9.696160e-04
1.036923e-03
1.104229e-03
1.171537e-03
1.238844e-03
1.306150e-03
1.373457e-03
1.440765e-03
1.508071e-03
1.575378e-03
1.642685e-03
1.709991e-03
1.777299e-03
1.844606e-03
1.911912e-03
1.979219e-03
2.046527e-03
2.113833e-03
2.181140e-03
2.299133e-03
2.417126e-03
2.535119e-03
2.653112e-03
2.771105e-03
2.889098e-03
3.007091e-03
3.125084e-03
3.243077e-03
3.361070e-03
3.479063e-03
3.597056e-03
3.715049e-03
3.833042e-03
3.951035e-03
4.069028e-03
4.187021e-03
4.305014e-03
4.423007e-03
4.541000e-03
4.609070e-03
4.677140e-03
4.745210e-03
4.813280e-03
4.881350e-03
4.949420e-03
5.017490e-03
5.085560e-03
5.153630e-03
5.221700e-03
5.289770e-03
5.357840e-03
5.425910e-03
5.493980e-03
5.562050e-03
5.630120e-03
5.698190e-03
5.766260e-03
5.740458e-03
5.902400e-03
6.064342e-03
6.226284e-03
6.388227e-03
6.550169e-03
6.712111e-03
6.874053e-03
7.035996e-03
7.197938e-03
7.359880e-03
7.521822e-03
7.683764e-03
7.845707e-03
8.007649e-03
8.169591e-03
8.331533e-03
8.493476e-03
8.655418e-03
8.817360e-03
8.979302e-03
9.141244e-03
9.303187e-03
9.465129e-03
9.627071e-03
9.789013e-03
9.950956e-03
1.011290e-02
1.027484e-02
1.043678e-02
1.059872e-02
1.076067e-02
1.087282e-02
1.098497e-02
1.109713e-02
1.120928e-02
1.132143e-02
1.143359e-02
1.154574e-02
1.165789e-02
1.177005e-02
1.188220e-02
1.199435e-02
1.210651e-02
1.221866e-02
1.233081e-02
1.244297e-02
1.255512e-02
1.266727e-02
1.277943e-02
1.289158e-02
1.300373e-02
1.311589e-02
1.322804e-02
1.334019e-02
1.345235e-02
1.356450e-02
1.367665e-02
1.378881e-02
1.390096e-02
1.401311e-02
1.412527e-02
1.423742e-02
1.434957e-02
1.446173e-02
1.457388e-02
1.468603e-02
1.479819e-02
1.491034e-02
1.502249e-02
1.513465e-02
1.524680e-02
1.535895e-02
1.547111e-02
1.558326e-02
1.569541e-02
1.580757e-02
1.591972e-02
1.603187e-02
1.614403e-02
1.625618e-02
1.636833e-02
1.651765e-02
1.666696e-02
1.681627e-02
1.696559e-02
1.711490e-02
1.726421e-02
1.741353e-02
1.756284e-02
1.771215e-02
1.786147e-02
1.801078e-02
1.816009e-02
1.830941e-02
1.845872e-02
1.860803e-02
1.875735e-02
1.890666e-02
1.905597e-02
1.920529e-02
1.935460e-02
1.950391e-02
1.965323e-02
1.980254e-02
1.995185e-02
2.010117e-02
2.025048e-02
2.039979e-02
2.054911e-02
2.069842e-02
2.084773e-02
2.099705e-02
2.114636e-02
2.129567e-02
2.144499e-02
2.159430e-02
2.174361e-02
2.189293e-02
2.204224e-02
2.219155e-02
2.234087e-02
2.249018e-02
2.263949e-02
2.278881e-02
2.293812e-02
2.308743e-02
2.323675e-02
2.338606e-02
2.353537e-02
2.368469e-02
2.383400e-02
2.381433e-02
2.379465e-02
2.377498e-02
2.375531e-02
2.373563e-02
2.371596e-02
2.369629e-02
2.367661e-02
2.365694e-02
2.363727e-02
2.361759e-02
2.359792e-02
2.357825e-02
2.355857e-02
2.353890e-02
2.351923e-02
2.349955e-02
2.347988e-02
2.346021e-02
2.344053e-02
2.342086e-02
2.340119e-02
2.338151e-02
2.336184e-02
2.334217e-02
2.332249e-02
2.330282e-02
2.328315e-02
2.326347e-02
2.324380e-02
2.322413e-02
2.320445e-02
2.318478e-02
2.316511e-02
2.314543e-02
2.312576e-02
2.310609e-02
2.308641e-02
2.306674e-02
2.304707e-02
2.302739e-02
2.300772e-02
2.298805e-02
2.296837e-02
2.294870e-02
2.292903e-02
2.290935e-02
2.288968e-02
2.287001e-02
2.285033e-02
2.283066e-02
2.281099e-02
2.279131e-02
2.277164e-02
2.275197e-02
2.273229e-02
2.271262e-02
2.269295e-02
2.267327e-02
2.265360e-02
2.263393e-02
2.261425e-02
2.259458e-02
2.257491e-02
2.255523e-02
2.253556e-02
2.251589e-02
2.249621e-02
2.247654e-02
2.245687e-02
2.243719e-02
2.241752e-02
2.239785e-02
2.237817e-02
2.235850e-02
2.233883e-02
2.231915e-02
2.229948e-02
2.227981e-02
2.226013e-02
2.224046e-02
2.222079e-02
2.220111e-02
2.218144e-02
2.216177e-02
2.214209e-02
2.212242e-02
2.210275e-02
2.208307e-02
2.206340e-02
2.204373e-02
2.202405e-02
2.200438e-02
2.198471e-02
2.196503e-02
2.194536e-02
2.192569e-02
2.190601e-02
2.188634e-02
2.186667e-02
2.197698e-02
2.208730e-02
2.219762e-02
2.230793e-02
2.241825e-02
2.252857e-02
2.263888e-02
2.274920e-02
2.285952e-02
2.296983e-02
2.308015e-02
2.319047e-02
2.330078e-02
2.341110e-02
2.352142e-02
2.363173e-02
2.374205e-02
2.385237e-02
2.396268e-02
2.407300e-02
2.418332e-02
2.429363e-02
2.440395e-02
2.451427e-02
2.462458e-02
2.473490e-02
2.484522e-02
2.495553e-02
2.506585e-02
2.517617e-02
2.528648e-02
2.539680e-02
2.550712e-02
2.561743e-02
2.572775e-02
2.583807e-02
2.594838e-02
2.605870e-02
2.616902e-02
2.627933e-02
2.638965e-02
2.649997e-02
2.661028e-02
2.672060e-02
2.683092e-02
2.694123e-02
2.705155e-02
2.716187e-02
2.727218e-02
2.738250e-02
2.749282e-02
2.760313e-02
2.771345e-02
2.782377e-02
2.793408e-02
2.804440e-02
2.815472e-02
2.826503e-02
2.837535e-02
2.848567e-02
2.859598e-02
2.870630e-02
2.881662e-02
2.892693e-02
2.903725e-02
2.914757e-02
2.925788e-02
2.936820e-02
2.947852e-02
2.958883e-02
2.969915e-02
2.980947e-02
2.991978e-02
3.003010e-02
3.014042e-02
3.025073e-02
3.036105e-02
3.047137e-02
3.058168e-02
3.069200e-02
3.080232e-02
3.091263e-02
3.102295e-02
3.113327e-02
3.124358e-02
3.135390e-02
3.146422e-02
3.157453e-02
3.168485e-02
3.179517e-02
3.190548e-02
3.201580e-02
3.212612e-02
3.223643e-02
3.234675e-02
3.245707e-02
3.256738e-02
3.267770e-02
3.278802e-02
3.289833e-02
3.302538e-02
3.315243e-02
3.327947e-02
3.340652e-02
3.353357e-02
3.366061e-02
3.378766e-02
3.391471e-02
3.404175e-02
3.416880e-02
3.429585e-02
3.442289e-02
3.454994e-02
3.467699e-02
3.480403e-02
3.493108e-02
3.505813e-02
3.518517e-02
3.531222e-02
3.543927e-02
3.556631e-02
3.569336e-02
3.582041e-02
3.594745e-02
3.607450e-02
3.620155e-02
3.632859e-02
3.645564e-02
3.658269e-02
3.670973e-02
3.683678e-02
3.696383e-02
3.709087e-02
3.721792e-02
3.734497e-02
3.747201e-02
3.759906e-02
3.772611e-02
3.785315e-02
3.798020e-02
3.810725e-02
3.823429e-02
3.836134e-02
3.848839e-02
3.861543e-02
3.874248e-02
3.886953e-02
3.899657e-02
3.912362e-02
3.925067e-02
3.937771e-02
3.950476e-02
3.963181e-02
3.975885e-02
3.988590e-02
4.001295e-02
4.013999e-02
4.026704e-02
4.039409e-02
4.052113e-02
4.064818e-02
4.077523e-02
4.090227e-02
4.102932e-02
4.115637e-02
4.128341e-02
4.141046e-02
4.153751e-02
4.166455e-02
4.179160e-02
4.191865e-02
4.204569e-02
4.217274e-02
4.229979e-02
4.242683e-02
4.255388e-02
4.268093e-02
4.280797e-02
4.293502e-02
4.306207e-02
4.318911e-02
4.331616e-02
4.344321e-02
4.357025e-02
4.369730e-02
4.382435e-02
4.395139e-02
4.407844e-02
4.420549e-02
4.433253e-02
4.445958e-02
4.458663e-02
4.471367e-02
4.484072e-02
4.496777e-02
4.509481e-02
4.522186e-02
4.534891e-02
4.547595e-02
4.560300e-02
4.573005e-02
4.585709e-02
4.598414e-02
4.611119e-02
4.623823e-02
4.636528e-02
4.649233e-02
4.661937e-02
4.674642e-02
4.687347e-02
4.700051e-02
4.712756e-02
4.725461e-02
4.738165e-02
4.750870e-02
4.763575e-02
4.776279e-02
4.788984e-02
4.801689e-02
4.814393e-02
4.827098e-02
4.839803e-02
4.852507e-02
4.865212e-02
4.877917e-02
4.890621e-02
4.903326e-02
4.916031e-02
4.928735e-02
4.941440e-02
4.954145e-02
4.966849e-02
4.979554e-02
4.992259e-02
5.004963e-02
5.017668e-02
5.030373e-02
5.043077e-02
5.055782e-02
5.068487e-02
5.081191e-02
5.093896e-02
5.106601e-02
5.119305e-02
5.132010e-02
5.144715e-02
5.157419e-02
5.170124e-02
5.182829e-02
5.195533e-02
5.208238e-02
5.220943e-02
5.233647e-02
5.246352e-02
5.259057e-02
5.271761e-02
5.284466e-02
5.297171e-02
5.309875e-02
5.322580e-02
5.335285e-02
5.347989e-02
5.360694e-02
5.373399e-02
5.386103e-02
5.398808e-02
5.411513e-02
5.424217e-02
5.436922e-02
5.449627e-02
5.462331e-02
5.475036e-02
5.487741e-02
5.500445e-02
5.513150e-02
5.525855e-02
5.538559e-02
5.551264e-02
5.563969e-02
5.576673e-02
5.589378e-02
5.602083e-02
5.614787e-02
5.627492e-02
5.640197e-02
5.652901e-02
5.665606e-02
5.678311e-02
5.691015e-02
5.703720e-02
5.716425e-02
5.729129e-02
5.741834e-02
5.754539e-02
5.767243e-02
5.779948e-02
5.792653e-02
5.805357e-02
5.818062e-02
5.830767e-02
5.853582e-02
5.876397e-02
5.899212e-02
5.922027e-02
5.944842e-02
5.967657e-02
5.990472e-02
6.013287e-02
6.036102e-02
6.058917e-02
6.081732e-02
6.104547e-02
6.127362e-02
6.150177e-02
6.172992e-02
6.195807e-02
6.218622e-02
6.241437e-02
6.264252e-02
6.287067e-02
6.309882e-02
6.332697e-02
6.355512e-02
6.378327e-02
6.401142e-02
6.423957e-02
6.446772e-02
6.469587e-02
6.492402e-02
6.515217e-02
6.538032e-02
6.560847e-02
6.583662e-02
6.606477e-02
6.629292e-02
6.652107e-02
6.674922e-02
6.697737e-02
6.720552e-02
6.743367e-02
6.766182e-02
6.788997e-02
6.811812e-02
6.834627e-02
6.857442e-02
6.880257e-02
6.903072e-02
6.925887e-02
6.948702e-02
6.971517e-02
6.994332e-02
7.017147e-02
7.039962e-02
7.062777e-02
7.085592e-02
7.108407e-02
7.131222e-02
7.154037e-02
7.176852e-02
7.199667e-02
7.222482e-02
7.245297e-02
7.268112e-02
7.290927e-02
7.313742e-02
7.336557e-02
7.359372e-02
7.382187e-02
7.405002e-02
7.427817e-02
7.450632e-02
7.473447e-02
7.496262e-02
7.519077e-02
7.541892e-02
7.564707e-02
7.587522e-02
7.610337e-02
7.633152e-02
7.655967e-02
7.678782e-02
7.701597e-02
7.724412e-02
7.747227e-02
7.770042e-02
7.792857e-02
7.815672e-02
7.838487e-02
7.861302e-02
7.884117e-02
7.906932e-02
7.929747e-02
7.952562e-02
7.975377e-02
7.998192e-02
8.021007e-02
8.043822e-02
8.066637e-02
8.089452e-02
8.112267e-02
8.211909e-02
8.311551e-02
8.411193e-02
8.510836e-02
8.610478e-02
8.710120e-02
8.809762e-02
8.909404e-02
9.009046e-02
9.108688e-02
9.208331e-02
9.307973e-02
9.407615e-02
9.507257e-02
9.606899e-02
9.706541e-02
9.806183e-02
9.905826e-02
1.000547e-01
1.010511e-01
1.020475e-01
1.030439e-01
1.040404e-01
1.050368e-01
1.060332e-01
1.070296e-01
1.080260e-01
1.090225e-01
1.100189e-01
1.110153e-01
1.120117e-01
1.130082e-01
1.140046e-01
1.150010e-01
1.159974e-01
1.169938e-01
1.179903e-01
1.189867e-01
1.199831e-01
1.209795e-01
1.219759e-01
1.229724e-01
1.239688e-01
1.249652e-01
1.259616e-01
1.269581e-01
1.279545e-01
1.289509e-01
1.299473e-01
1.309437e-01
1.319402e-01
1.329366e-01
1.339330e-01
1.349294e-01
1.359258e-01
1.369223e-01
1.379187e-01
1.389151e-01
1.399115e-01
1.409080e-01
1.419044e-01
1.429008e-01
1.438972e-01
1.448936e-01
1.458901e-01
1.468865e-01
1.478829e-01
1.488793e-01
1.498758e-01
1.508722e-01
1.518686e-01
1.528650e-01
1.538614e-01
1.548579e-01
1.558543e-01
1.568507e-01
1.578471e-01
1.588435e-01
1.598400e-01
1.608364e-01
1.618328e-01
1.628292e-01
1.638257e-01
1.648221e-01
1.658185e-01
1.668149e-01
1.678113e-01
1.688078e-01
1.698042e-01
1.708006e-01
1.717970e-01
1.727934e-01
1.737899e-01
1.747863e-01
1.757827e-01
1.767791e-01
1.777756e-01
1.787720e-01
1.797684e-01
1.807648e-01
1.817612e-01
1.827577e-01
1.837541e-01
1.847505e-01
1.857469e-01
1.867433e-01
1.877398e-01
1.887362e-01
1.897326e-01
1.907290e-01
1.917255e-01
1.927219e-01
1.937183e-01
1.947147e-01
1.957111e-01
1.967076e-01
1.977040e-01
1.987004e-01
1.996968e-01
2.006932e-01
2.016897e-01
2.026861e-01
2.036825e-01
2.046789e-01
2.056754e-01
2.066718e-01
2.076682e-01
2.086646e-01
2.096610e-01
2.106575e-01
2.116539e-01
2.126503e-01
2.136467e-01
2.146431e-01
2.156396e-01
2.166360e-01
2.176324e-01
2.186288e-01
2.196253e-01
2.206217e-01
2.216181e-01
2.226145e-01
2.236109e-01
2.246074e-01
2.256038e-01
2.266002e-01
2.275966e-01
2.285930e-01
2.295895e-01
2.305859e-01
2.315823e-01
2.325787e-01
2.335752e-01
2.345716e-01
2.355680e-01
2.365644e-01
2.375608e-01
2.385573e-01
2.395537e-01
2.405501e-01
2.415465e-01
2.425429e-01
2.435394e-01
2.445358e-01
2.455322e-01
2.465286e-01
2.475251e-01
2.485215e-01
2.495179e-01
2.505143e-01
2.515107e-01
2.525072e-01
2.535036e-01
2.545000e-01
2.554964e-01
2.564928e-01
2.574893e-01
2.584857e-01
2.594821e-01
2.604785e-01
2.614750e-01
2.624714e-01
2.634678e-01
2.644642e-01
2.654606e-01
2.664571e-01
2.674535e-01
2.684499e-01
2.694463e-01
2.704427e-01
2.714392e-01
2.724356e-01
2.734320e-01
2.744284e-01
2.754249e-01
2.764213e-01
2.774177e-01
2.784141e-01
2.794105e-01
2.804070e-01
2.814034e-01
2.823998e-01
2.833962e-01
2.843926e-01
2.853891e-01
2.863855e-01
2.873819e-01
2.883783e-01
2.893748e-01
2.903712e-01
2.913676e-01
2.923640e-01
2.933604e-01
2.943569e-01
2.953533e-01
2.963497e-01
2.973461e-01
2.983425e-01
2.993390e-01
3.003354e-01
3.013318e-01
3.023282e-01
3.033247e-01
3.043211e-01
3.053175e-01
3.063139e-01
3.073103e-01
3.083068e-01
3.093032e-01
3.102996e-01
3.112960e-01
3.122924e-01
3.132889e-01
3.142853e-01
3.152817e-01
3.162781e-01
3.172746e-01
3.182710e-01
3.192674e-01
3.202638e-01
3.212602e-01
3.222567e-01
3.232531e-01
3.242495e-01
3.252459e-01
3.262423e-01
3.272388e-01
3.282352e-01
3.292316e-01
3.302280e-01
3.312245e-01
3.322209e-01
3.332173e-01
3.342137e-01
3.352101e-01
3.362066e-01
3.372030e-01
3.381994e-01
3.391958e-01
3.401922e-01
3.411887e-01
3.421851e-01
3.431815e-01
3.441779e-01
3.451744e-01
3.461708e-01
3.471672e-01
3.481636e-01
3.491600e-01
3.501565e-01
3.511529e-01
3.521493e-01
3.531457e-01
3.541421e-01
3.551386e-01
3.561350e-01
3.571314e-01
3.581278e-01
3.591243e-01
3.601207e-01
3.611171e-01
3.621135e-01
3.631099e-01
3.641064e-01
3.651028e-01
3.660992e-01
3.670956e-01
3.680920e-01
3.690885e-01
3.700849e-01
3.710813e-01
3.720777e-01
3.730742e-01
3.740706e-01
3.750670e-01
3.760634e-01
3.770598e-01
3.780563e-01
3.790527e-01
3.800491e-01
3.810455e-01
3.820419e-01
3.830384e-01
3.840348e-01
3.850312e-01
3.860276e-01
3.870241e-01
3.880205e-01
3.890169e-01
3.900133e-01
3.910097e-01
3.920062e-01
3.930026e-01
3.939990e-01
3.949954e-01
3.959918e-01
3.969883e-01
3.979847e-01
3.989811e-01
3.999775e-01
4.009740e-01
4.019704e-01
4.029668e-01
4.039632e-01
4.049596e-01
4.059561e-01
4.069525e-01
4.079489e-01
4.089453e-01
4.099417e-01
4.109382e-01
4.119346e-01
4.129310e-01
4.139274e-01
4.149239e-01
4.159203e-01
4.169167e-01
4.179131e-01
4.189095e-01
4.199060e-01
4.209024e-01
4.218988e-01
4.228952e-01
4.238916e-01
4.248881e-01
4.258845e-01
4.268809e-01
4.278773e-01
4.288738e-01
4.298702e-01
4.308666e-01
4.318630e-01
4.328594e-01
4.338559e-01
4.348523e-01
4.358487e-01
4.368451e-01
4.378415e-01
4.388380e-01
4.398344e-01
4.408308e-01
4.418272e-01
4.428237e-01
4.438201e-01
4.448165e-01
4.458129e-01
4.468093e-01
4.478058e-01
4.488022e-01
4.497986e-01
4.507950e-01
4.517914e-01
4.527879e-01
4.537843e-01
4.547807e-01
4.557771e-01
4.567736e-01
4.577700e-01
4.587664e-01
4.597628e-01
4.607592e-01
4.617557e-01
4.627521e-01
4.637485e-01
4.647449e-01
4.657413e-01
4.667378e-01
4.677342e-01
4.687306e-01
4.697270e-01
4.707235e-01
4.717199e-01
4.727163e-01
4.737127e-01
4.747091e-01
4.757056e-01
4.767020e-01
4.776984e-01
4.786948e-01
4.796912e-01
4.806877e-01
4.816841e-01
4.826805e-01
4.836769e-01
4.846734e-01
4.856698e-01
4.866662e-01
4.886868e-01
4.907074e-01
4.927280e-01
4.947487e-01
4.967693e-01
4.987899e-01
5.008105e-01
5.028311e-01
5.048517e-01
5.068723e-01
5.088929e-01
5.109135e-01
5.129341e-01
5.149547e-01
5.169754e-01
5.189960e-01
5.210166e-01
5.230372e-01
5.250578e-01
5.270784e-01
5.290990e-01
5.311196e-01
5.331402e-01
5.351608e-01
5.371814e-01
5.392021e-01
5.412227e-01
5.432433e-01
5.452639e-01
5.472845e-01
5.493051e-01
5.513257e-01
5.533463e-01
5.553669e-01
5.573875e-01
5.594081e-01
5.614288e-01
5.634494e-01
5.654700e-01
5.674906e-01
5.695112e-01
5.715318e-01
5.735524e-01
5.755730e-01
5.775936e-01
5.796142e-01
5.816348e-01
5.836554e-01
5.856761e-01
5.876967e-01
5.897173e-01
5.917379e-01
5.937585e-01
5.957791e-01
5.977997e-01
5.998203e-01
6.018409e-01
6.038615e-01
6.058821e-01
6.079028e-01
6.099234e-01
6.119440e-01
6.139646e-01
6.159852e-01
6.180058e-01
6.200264e-01
6.220470e-01
6.240676e-01
6.260882e-01
6.281088e-01
6.301295e-01
6.321501e-01
6.341707e-01
6.361913e-01
6.382119e-01
6.402325e-01
6.422531e-01
6.442737e-01
6.462943e-01
6.483149e-01
6.503355e-01
6.523562e-01
6.543768e-01
6.563974e-01
6.584180e-01
6.604386e-01
6.624592e-01
6.644798e-01
6.665004e-01
6.685210e-01
6.705416e-01
6.725622e-01
6.745828e-01
6.766035e-01
6.786241e-01
6.806447e-01
6.826653e-01
6.846859e-01
6.867065e-01
6.887271e-01
6.908831e-01
6.930391e-01
6.951951e-01
6.973511e-01
6.995071e-01
7.016631e-01
7.038191e-01
7.059752e-01
7.081311e-01
7.102871e-01
7.124432e-01
7.145991e-01
7.167551e-01
7.189112e-01
7.210672e-01
7.232231e-01
7.253792e-01
7.275352e-01
7.296912e-01
7.318472e-01
7.340032e-01
7.361592e-01
7.383153e-01
7.404712e-01
7.426272e-01
7.447833e-01
7.469392e-01
7.490952e-01
7.512513e-01
7.534073e-01
7.555632e-01
7.577193e-01
7.598753e-01
7.620313e-01
7.641873e-01
7.663433e-01
7.684993e-01
7.706553e-01
7.728113e-01
7.749673e-01
7.771233e-01
7.792793e-01
7.814353e-01
7.835913e-01
7.857473e-01
7.879033e-01
7.900594e-01
7.922153e-01
7.943713e-01
7.965274e-01
7.986833e-01
8.008393e-01
8.029954e-01
8.051514e-01
8.073073e-01
8.094634e-01
8.116194e-01
8.137754e-01
8.159314e-01
8.180874e-01
8.202434e-01
8.223994e-01
8.245554e-01
8.267114e-01
8.288674e-01
8.310234e-01
8.331794e-01
8.353354e-01
8.374914e-01
8.396474e-01
8.418034e-01
8.439594e-01
8.461154e-01
8.482715e-01
8.504274e-01
8.525834e-01
8.547395e-01
8.568955e-01
8.590514e-01
8.612075e-01
8.633635e-01
8.655195e-01
8.676755e-01
8.698315e-01
8.719875e-01
8.741435e-01
8.762995e-01
8.784555e-01
8.806115e-01
8.827675e-01
8.849235e-01
8.870795e-01
8.892355e-01
8.913915e-01
8.935475e-01
8.957035e-01
8.978595e-01
9.000156e-01
9.021715e-01
9.043275e-01
9.064836e-01
9.086396e-01
9.107955e-01
9.129516e-01
9.151076e-01
9.172636e-01
9.194196e-01
9.215756e-01
9.237316e-01
9.258876e-01
9.280436e-01
9.301996e-01
9.323556e-01
9.345116e-01
9.366676e-01
9.388236e-01
9.409796e-01
9.431356e-01
9.452916e-01
9.474476e-01
9.496036e-01
9.517597e-01
9.539156e-01
9.560716e-01
9.582277e-01
9.603837e-01
9.625396e-01
9.646957e-01
9.668517e-01
9.690077e-01
9.711637e-01
9.733197e-01
9.754757e-01
9.776317e-01
9.797877e-01
9.819437e-01
9.840997e-01
9.862557e-01
9.884117e-01
9.905679e-01
9.927238e-01
9.948795e-01
9.970359e-01
9.991918e-01
1.001348e+00
1.003504e+00
1.005660e+00
1.007816e+00
1.009972e+00
1.012128e+00
1.014284e+00
1.016440e+00
1.018596e+00
1.020751e+00
1.022908e+00
1.025064e+00
1.027220e+00
1.029376e+00
1.031532e+00
1.033687e+00
1.035844e+00
1.038000e+00
1.040156e+00
1.042312e+00
1.044468e+00
1.046623e+00
1.048780e+00
1.050936e+00
1.053092e+00
1.055248e+00
1.057404e+00
1.059559e+00
1.061716e+00
1.063872e+00
1.066028e+00
1.068184e+00
1.070340e+00
1.072496e+00
1.074652e+00
1.076808e+00
1.078964e+00
1.081120e+00
1.083276e+00
1.085432e+00
1.087588e+00
1.089744e+00
1.091900e+00
1.094056e+00
1.096212e+00
1.098368e+00
1.100524e+00
1.102680e+00
1.104836e+00
1.106992e+00
1.109148e+00
1.111304e+00
1.113460e+00
1.115616e+00
1.117772e+00
1.119928e+00
1.122084e+00
1.124459e+00
1.126834e+00
1.129209e+00
1.131584e+00
1.133959e+00
1.136334e+00
1.138709e+00
1.141083e+00
1.143459e+00
1.145834e+00
1.148208e+00
1.150583e+00
1.152959e+00
1.155333e+00
1.157709e+00
1.160083e+00
1.162458e+00
1.164833e+00
1.167208e+00
1.169583e+00
1.171958e+00
1.174333e+00
1.176708e+00
1.179083e+00
1.181458e+00
1.183833e+00
1.186208e+00
1.188582e+00
1.190958e+00
1.193333e+00
1.195707e+00
1.198083e+00
1.200458e+00
1.202832e+00
1.205207e+00
1.207583e+00
1.209957e+00
1.212332e+00
1.214707e+00
1.217082e+00
1.219457e+00
1.221832e+00
1.224207e+00
1.226582e+00
1.228957e+00
1.231332e+00
1.233707e+00
1.236082e+00
1.238457e+00
1.240832e+00
1.243206e+00
1.245582e+00
1.247957e+00
1.250331e+00
1.252706e+00
1.255082e+00
1.257456e+00
1.259831e+00
1.262207e+00
1.264581e+00
1.266956e+00
1.269331e+00
1.271706e+00
1.274081e+00
1.276456e+00
1.278831e+00
1.281206e+00
1.283581e+00
1.285956e+00
1.288331e+00
1.290706e+00
1.293081e+00
1.295456e+00
1.297831e+00
1.300206e+00
1.302581e+00
1.304955e+00
1.307330e+00
1.309706e+00
1.312080e+00
1.314455e+00
1.316830e+00
1.319205e+00
1.321580e+00
1.323955e+00
1.326330e+00
1.328705e+00
1.331080e+00
1.333455e+00
1.335830e+00
1.338205e+00
1.340580e+00
1.342955e+00
1.345330e+00
1.347705e+00
1.350080e+00
1.352455e+00
1.354829e+00
1.357204e+00
1.359580e+00
1.361954e+00
1.364330e+00
1.366705e+00
1.369079e+00
1.371454e+00
1.373829e+00
1.376204e+00
1.378579e+00
1.380954e+00
1.383329e+00
1.385704e+00
1.388079e+00
1.390454e+00
1.392829e+00
1.395203e+00
1.397579e+00
1.399954e+00
1.402329e+00
1.404704e+00
1.407079e+00
1.409453e+00
1.411829e+00
1.414204e+00
1.416578e+00
1.418953e+00
1.421328e+00
1.423703e+00
1.426078e+00
1.428454e+00
1.430828e+00
1.433203e+00
1.435578e+00
1.437953e+00
1.440328e+00
1.442703e+00
1.445078e+00
1.447453e+00
1.449828e+00
1.452203e+00
1.454578e+00
1.456952e+00
1.459327e+00
1.461703e+00
1.464077e+00
1.466452e+00
1.468828e+00
1.471202e+00
1.473577e+00
1.475953e+00
1.478327e+00
1.480702e+00
1.483077e+00
1.485452e+00
1.487827e+00
1.490202e+00
1.492577e+00
1.494952e+00
1.497327e+00
1.499702e+00
1.502077e+00
1.504452e+00
1.506827e+00
1.509202e+00
1.511577e+00
1.513952e+00
1.516327e+00
1.518701e+00
1.521076e+00
1.523451e+00
1.525826e+00
1.528201e+00
1.530576e+00
1.532951e+00
1.535326e+00
1.537701e+00
1.540076e+00
1.542451e+00
1.544826e+00
1.547201e+00
1.549576e+00
1.551951e+00
1.554326e+00
1.556701e+00
1.559076e+00
1.561450e+00
1.563826e+00
1.566201e+00
1.568575e+00
1.570951e+00
1.573326e+00
1.575700e+00
1.578076e+00
1.580451e+00
1.582825e+00
1.585200e+00
1.587575e+00
1.589950e+00
1.592325e+00
1.594700e+00
1.597075e+00
1.599450e+00
1.601824e+00
1.604200e+00
1.606575e+00
1.608950e+00
1.611325e+00
1.613700e+00
1.616075e+00
1.618450e+00
1.620825e+00
1.623199e+00
1.625574e+00
1.627949e+00
1.630324e+00
1.632699e+00
1.635075e+00
1.637449e+00
1.639824e+00
1.642200e+00
1.644574e+00
1.646949e+00
1.649324e+00
1.651699e+00
1.654074e+00
1.656449e+00
1.658824e+00
1.661199e+00
1.663573e+00
1.665948e+00
1.668324e+00
1.670698e+00
1.673074e+00
1.675449e+00
1.677823e+00
1.680199e+00
1.682574e+00
1.684948e+00
1.687323e+00
1.689698e+00
1.692073e+00
1.694448e+00
1.696823e+00
1.699198e+00
1.701573e+00
1.703948e+00
1.706323e+00
1.708698e+00
1.711073e+00
1.713448e+00
1.715823e+00
1.718198e+00
1.720573e+00
1.722948e+00
1.725323e+00
1.727697e+00
1.730072e+00
1.732447e+00
1.734822e+00
1.737197e+00
1.739572e+00
1.741947e+00
1.744323e+00
1.746697e+00
1.749072e+00
1.751447e+00
1.753822e+00
1.756197e+00
1.758572e+00
1.760947e+00
1.763322e+00
1.765697e+00
1.768071e+00
1.770447e+00
1.772822e+00
1.775196e+00
1.777572e+00
1.779947e+00
1.782322e+00
1.784697e+00
1.787072e+00
1.789446e+00
1.791821e+00
1.794196e+00
1.796571e+00
1.798946e+00
1.801321e+00
1.803696e+00
1.806071e+00
1.808446e+00
1.810821e+00
1.813196e+00
1.815571e+00
1.817946e+00
1.820321e+00
1.822696e+00
1.825071e+00
1.827446e+00
1.829820e+00
1.832195e+00
1.834571e+00
1.836945e+00
1.839320e+00
1.842864e+00
1.846408e+00
1.849951e+00
1.853495e+00
1.857039e+00
1.860582e+00
1.864126e+00
1.867670e+00
1.871213e+00
1.874757e+00
1.878301e+00
1.881844e+00
1.885388e+00
1.888932e+00
1.892475e+00
1.896019e+00
1.899563e+00
1.903107e+00
1.906650e+00
1.910193e+00
1.913738e+00
1.917281e+00
1.920824e+00
1.924369e+00
1.927912e+00
1.931455e+00
1.935000e+00
1.938543e+00
1.942087e+00
1.945631e+00
1.949174e+00
1.952718e+00
1.956261e+00
1.959805e+00
1.963349e+00
1.966892e+00
1.970436e+00
1.973980e+00
1.977523e+00
1.981068e+00
1.984611e+00
1.988154e+00
1.991699e+00
1.995242e+00
1.998785e+00
2.002329e+00
2.005873e+00
2.009416e+00
2.012960e+00
2.016504e+00
2.020048e+00
2.023591e+00
2.027135e+00
2.030679e+00
2.034222e+00
2.037766e+00
2.041310e+00
2.044853e+00
2.048396e+00
2.051941e+00
2.055484e+00
2.059028e+00
2.062572e+00
2.066115e+00
2.069659e+00
2.073203e+00
2.076746e+00
2.080290e+00
2.083834e+00
2.087377e+00
2.090921e+00
2.094464e+00
2.098008e+00
2.101552e+00
2.105095e+00
2.108639e+00
2.112183e+00
2.115726e+00
2.119270e+00
2.122814e+00
2.126357e+00
2.129901e+00
2.133445e+00
2.136989e+00
2.140532e+00
2.144076e+00
2.147620e+00
2.151163e+00
2.154707e+00
2.158251e+00
2.161794e+00
2.165338e+00
2.168882e+00
2.172425e+00
2.175969e+00
2.179513e+00
2.183056e+00
2.186600e+00
2.190144e+00
2.193687e+00
2.197231e+00
2.200774e+00
2.204318e+00
2.207862e+00
2.211405e+00
2.214949e+00
2.218493e+00
2.222036e+00
2.225580e+00
2.229124e+00
2.232667e+00
2.236211e+00
2.239755e+00
2.243298e+00
2.246842e+00
2.250386e+00
2.253929e+00
2.257473e+00
2.261017e+00
2.264561e+00
2.268104e+00
2.271648e+00
2.275192e+00
2.278735e+00
2.282279e+00
2.285823e+00
2.289366e+00
2.292910e+00
2.296454e+00
2.299997e+00
2.303541e+00
2.307084e+00
2.310628e+00
2.314172e+00
2.317715e+00
2.321259e+00
2.324803e+00
2.328346e+00
2.331890e+00
2.335434e+00
2.338977e+00
2.342521e+00
2.346065e+00
2.349608e+00
2.353152e+00
2.356696e+00
2.360239e+00
2.363783e+00
2.367327e+00
2.370870e+00
2.374414e+00
2.377958e+00
2.381502e+00
2.385045e+00
2.388589e+00
2.392133e+00
2.395676e+00
2.399219e+00
2.402763e+00
2.406307e+00
2.409850e+00
2.413394e+00
2.416938e+00
2.420482e+00
2.424025e+00
2.427569e+00
2.431113e+00
2.434656e+00
2.438200e+00
2.441744e+00
2.445287e+00
2.448831e+00
2.452375e+00
2.455918e+00
2.459462e+00
2.463006e+00
2.466549e+00
2.470093e+00
2.473637e+00
2.477180e+00
2.480724e+00
2.484268e+00
2.487811e+00
2.491355e+00
2.494899e+00
2.498443e+00
2.501986e+00
2.505529e+00
2.509073e+00
2.512617e+00
2.516160e+00
2.519704e+00
2.523248e+00
2.526791e+00
2.530335e+00
2.533879e+00
2.537423e+00
2.540966e+00
2.544510e+00
2.548054e+00
2.551597e+00
2.554853e+00
2.558109e+00
2.561364e+00
2.564619e+00
2.567875e+00
2.571130e+00
2.574386e+00
2.577642e+00
2.580897e+00
2.584152e+00
2.587408e+00
2.590663e+00
2.593919e+00
2.597175e+00
2.600430e+00
2.603686e+00
2.606941e+00
2.610197e+00
2.613452e+00
2.616707e+00
2.619963e+00
2.623219e+00
2.626474e+00
2.629730e+00
2.632985e+00
2.636240e+00
2.639496e+00
2.642752e+00
2.646007e+00
2.649263e+00
2.652518e+00
2.655773e+00
2.659030e+00
2.662285e+00
2.665540e+00
2.668796e+00
2.672051e+00
2.675307e+00
2.678563e+00
2.681818e+00
2.685073e+00
2.688329e+00
2.691584e+00
2.694840e+00
2.698096e+00
2.701351e+00
2.704606e+00
2.707862e+00
2.711118e+00
2.714373e+00
2.717628e+00
2.720884e+00
2.724139e+00
2.727395e+00
2.730651e+00
2.733906e+00
2.737161e+00
2.740417e+00
2.743673e+00
2.746928e+00
2.750184e+00
2.753439e+00
2.756695e+00
2.759950e+00
2.763206e+00
2.766461e+00
2.769717e+00
2.772972e+00
2.776228e+00
2.779483e+00
2.782739e+00
2.785994e+00
2.789250e+00
2.792506e+00
2.795761e+00
2.799017e+00
2.802272e+00
2.805527e+00
2.808783e+00
2.812039e+00
2.815294e+00
2.818550e+00
2.821805e+00
2.825060e+00
2.828316e+00
2.831572e+00
2.834827e+00
2.838082e+00
2.841338e+00
2.844593e+00
2.847849e+00
2.851105e+00
2.854360e+00
2.857615e+00
2.860871e+00
2.864126e+00
2.867382e+00
2.870638e+00
2.873893e+00
2.877149e+00
2.880404e+00
2.883660e+00
2.886915e+00
2.890171e+00
2.893426e+00
2.896682e+00
2.899937e+00
2.903193e+00
2.906448e+00
2.909704e+00
2.912959e+00
2.916215e+00
2.919470e+00
2.922726e+00
2.925981e+00
2.929237e+00
2.932493e+00
2.935748e+00
2.939003e+00
2.942259e+00
2.945514e+00
2.948770e+00
2.952026e+00
2.955281e+00
2.958536e+00
2.961792e+00
2.965047e+00
2.968303e+00
2.971559e+00
2.974814e+00
2.978069e+00
2.981325e+00
2.984581e+00
2.987836e+00
2.991092e+00
2.994347e+00
2.997602e+00
3.000858e+00
3.004114e+00
3.007369e+00
3.010625e+00
3.013880e+00
3.017136e+00
3.020392e+00
3.023647e+00
3.026902e+00
3.030158e+00
3.033413e+00
3.036669e+00
3.039925e+00
3.043180e+00
3.046435e+00
3.049691e+00
3.052946e+00
3.056202e+00
3.059457e+00
3.062713e+00
3.065969e+00
3.069224e+00
3.072480e+00
3.075735e+00
3.078990e+00
3.082246e+00
3.085502e+00
3.088757e+00
3.092013e+00
3.095268e+00
3.098523e+00
3.101780e+00
3.105035e+00
3.108290e+00
3.111546e+00
3.114801e+00
3.118056e+00
3.121313e+00
3.124568e+00
3.127823e+00
3.131079e+00
3.134334e+00
3.137589e+00
3.140846e+00
3.144101e+00
3.147356e+00
3.150612e+00
3.153867e+00
3.157123e+00
3.160378e+00
3.163634e+00
3.166889e+00
3.170145e+00
3.173400e+00
3.176656e+00
3.179911e+00
3.183167e+00
3.186422e+00
3.189678e+00
3.192934e+00
3.196189e+00
3.199444e+00
3.202700e+00
3.205956e+00
3.209689e+00
3.213422e+00
3.217156e+00
3.220890e+00
3.224623e+00
3.228356e+00
3.232089e+00
3.235823e+00
3.239556e+00
3.243289e+00
3.247023e+00
3.250757e+00
3.254490e+00
3.258223e+00
3.261957e+00
3.265690e+00
3.269424e+00
3.273157e+00
3.276890e+00
3.280624e+00
3.284357e+00
3.288090e+00
3.291824e+00
3.295557e+00
3.299291e+00
3.303024e+00
3.306757e+00
3.310491e+00
3.314224e+00
3.317958e+00
3.321691e+00
3.325424e+00
3.329158e+00
3.332891e+00
3.336625e+00
3.340358e+00
3.344092e+00
3.347825e+00
3.351558e+00
3.355291e+00
3.359025e+00
3.362759e+00
3.366492e+00
3.370225e+00
3.373959e+00
3.377692e+00
3.381425e+00
3.385159e+00
3.388892e+00
3.392626e+00
3.396359e+00
3.400092e+00
3.403826e+00
3.407559e+00
3.411293e+00
3.415026e+00
3.418759e+00
3.422493e+00
3.426226e+00
3.429960e+00
3.433693e+00
3.437426e+00
3.441160e+00
3.444893e+00
3.448626e+00
3.452360e+00
3.456094e+00
3.459827e+00
3.463560e+00
3.467294e+00
3.471027e+00
3.474760e+00
3.478494e+00
3.482227e+00
3.485961e+00
3.489694e+00
3.493427e+00
3.497161e+00
3.500894e+00
3.504628e+00
3.508361e+00
3.512094e+00
3.515828e+00
3.519561e+00
3.523295e+00
3.527028e+00
3.530761e+00
3.534495e+00
3.538228e+00
3.541961e+00
3.545695e+00
3.549428e+00
3.553162e+00
3.556895e+00
3.560628e+00
3.564362e+00
3.568095e+00
3.571829e+00
3.575562e+00
3.579296e+00
3.583029e+00
3.586762e+00
3.590495e+00
3.594229e+00
3.597963e+00
3.601696e+00
3.605429e+00
3.609163e+00
3.612896e+00
3.616629e+00
3.620363e+00
3.624096e+00
3.627830e+00
3.631563e+00
3.635296e+00
3.639030e+00
3.642763e+00
3.646497e+00
3.650230e+00
3.653963e+00
3.657697e+00
3.661430e+00
3.665164e+00
3.668897e+00
3.672630e+00
3.676364e+00
3.680097e+00
3.683830e+00
3.687564e+00
3.691298e+00
3.695031e+00
3.698764e+00
3.702498e+00
3.706231e+00
3.709964e+00
3.713698e+00
3.717431e+00
3.721165e+00
3.724898e+00
3.728631e+00
3.732365e+00
3.736098e+00
3.739832e+00
3.743565e+00
3.747298e+00
3.751032e+00
3.754765e+00
3.758499e+00
3.762232e+00
3.765965e+00
3.769699e+00
3.773432e+00
3.777165e+00
3.780899e+00
3.784633e+00
3.788366e+00
3.792099e+00
3.795832e+00
3.799566e+00
3.803300e+00
3.807033e+00
3.810766e+00
3.814500e+00
3.818233e+00
3.821966e+00
3.825700e+00
3.829433e+00
3.833167e+00
3.836900e+00
3.840633e+00
3.844367e+00
3.848100e+00
3.851834e+00
3.855567e+00
3.859300e+00
3.863034e+00
3.866768e+00
3.870500e+00
3.874234e+00
3.877967e+00
3.881701e+00
3.885434e+00
3.889167e+00
3.892901e+00
3.896635e+00
3.900368e+00
3.904101e+00
3.907835e+00
3.911568e+00
3.915302e+00
3.919034e+00
3.922768e+00
3.926502e+00
3.930235e+00
3.933968e+00
3.937702e+00
3.941435e+00
3.945169e+00
3.948903e+00
3.952635e+00
3.956369e+00
3.960102e+00
3.963836e+00
3.967569e+00
3.971302e+00
3.975036e+00
3.978770e+00
3.982502e+00
3.986236e+00
3.989970e+00
3.993703e+00
3.997437e+00
4.001169e+00
4.004903e+00
4.008637e+00
4.012370e+00
4.016103e+00
4.019837e+00
4.023570e+00
4.027304e+00
4.031037e+00
4.034770e+00
4.038504e+00
4.042237e+00
4.045971e+00
4.049704e+00
4.053437e+00
4.057171e+00
4.060904e+00
4.064637e+00
4.068371e+00
4.072104e+00
4.075838e+00
4.079571e+00
4.083304e+00
4.087038e+00
4.090772e+00
4.094505e+00
4.098238e+00
4.101972e+00
4.105705e+00
4.109438e+00
4.113171e+00
4.116905e+00
4.120639e+00
4.124372e+00
4.128105e+00
4.131839e+00
4.135572e+00
4.139306e+00
4.143039e+00
4.146772e+00
4.150506e+00
4.154239e+00
4.157973e+00
4.161706e+00
4.165439e+00
4.169173e+00
4.172906e+00
4.176639e+00
4.180373e+00
4.184107e+00
4.187840e+00
4.191573e+00
4.195306e+00
4.199040e+00
4.202773e+00
4.206507e+00
4.210240e+00
4.213974e+00
4.217707e+00
4.221440e+00
4.225174e+00
4.228907e+00
4.232641e+00
4.236374e+00
4.240107e+00
4.243841e+00
4.247574e+00
4.251308e+00
4.255041e+00
4.258774e+00
4.262508e+00
4.266241e+00
4.269974e+00
4.273708e+00
4.277441e+00
4.281175e+00
4.284908e+00
4.288641e+00
4.292375e+00
4.296108e+00
4.299842e+00
4.303575e+00
4.307309e+00
4.311042e+00
4.314775e+00
4.318508e+00
4.322242e+00
4.325976e+00
4.329709e+00
4.333442e+00
4.334989e+00
4.336535e+00
4.338081e+00
4.339627e+00
4.341174e+00
4.342720e+00
4.344267e+00
4.345813e+00
4.347359e+00
4.348905e+00
4.350452e+00
4.351998e+00
4.353544e+00
4.355091e+00
4.356637e+00
4.358184e+00
4.359730e+00
4.361276e+00
4.362822e+00
4.364369e+00
4.365915e+00
4.367461e+00
4.369007e+00
4.370554e+00
4.372100e+00
4.373647e+00
4.375193e+00
4.376739e+00
4.378285e+00
4.379832e+00
4.381378e+00
4.382924e+00
4.384471e+00
4.386017e+00
4.387564e+00
4.389110e+00
4.390656e+00
4.392202e+00
4.393749e+00
4.395295e+00
4.396841e+00
4.398388e+00
4.399934e+00
4.401481e+00
4.403027e+00
4.404573e+00
4.406119e+00
4.407666e+00
4.409212e+00
4.410758e+00
4.412304e+00
4.413852e+00
4.415398e+00
4.416944e+00
4.418490e+00
4.420036e+00
4.421583e+00
4.423129e+00
4.424675e+00
4.426221e+00
4.427769e+00
4.429315e+00
4.430861e+00
4.432407e+00
4.433954e+00
4.435500e+00
4.437046e+00
4.438592e+00
4.440138e+00
4.441685e+00
4.443232e+00
4.444778e+00
4.446324e+00
4.447871e+00
4.449417e+00
4.450963e+00
4.452509e+00
4.454056e+00
4.455602e+00
4.457149e+00
4.458695e+00
4.460241e+00
4.461787e+00
4.463334e+00
4.464880e+00
4.466426e+00
4.467972e+00
4.469519e+00
4.471066e+00
4.472612e+00
4.474158e+00
4.475704e+00
4.477251e+00
4.478797e+00
4.480343e+00
4.481889e+00
4.483436e+00
4.484982e+00
4.486529e+00
4.488075e+00
4.489621e+00
4.491167e+00
4.492714e+00
4.494260e+00
4.495806e+00
4.497353e+00
4.498899e+00
4.500446e+00
4.501992e+00
4.503538e+00
4.505084e+00
4.506631e+00
4.508177e+00
4.509723e+00
4.511269e+00
4.512816e+00
4.514362e+00
4.515909e+00
4.517455e+00
4.519001e+00
4.520548e+00
4.522094e+00
4.523640e+00
4.525186e+00
4.526733e+00
4.528279e+00
4.529826e+00
4.531372e+00
4.532918e+00
4.534464e+00
4.536011e+00
4.537557e+00
4.539103e+00
4.540650e+00
4.542196e+00
4.543743e+00
4.545289e+00
4.546835e+00
4.548381e+00
4.549928e+00
4.551474e+00
4.553020e+00
4.554566e+00
4.556113e+00
4.557660e+00
4.559206e+00
4.560752e+00
4.562298e+00
4.563845e+00
4.565391e+00
4.566937e+00
4.568483e+00
4.570030e+00
4.571577e+00
4.573123e+00
4.574669e+00
4.576216e+00
4.577762e+00
4.579308e+00
4.580854e+00
4.582400e+00
4.583947e+00
4.585494e+00
4.587040e+00
4.588586e+00
4.590133e+00
4.591679e+00
4.593225e+00
4.594771e+00
4.596318e+00
4.597864e+00
4.599411e+00
4.600957e+00
4.602503e+00
4.604049e+00
4.605596e+00
4.607142e+00
4.608688e+00
4.610235e+00
4.611781e+00
4.613327e+00
4.614874e+00
4.616420e+00
4.617966e+00
4.619513e+00
4.621059e+00
4.622605e+00
4.624151e+00
4.625698e+00
4.627244e+00
4.628791e+00
4.630337e+00
4.631883e+00
4.633430e+00
4.634976e+00
4.636522e+00
4.638068e+00
4.639615e+00
4.641161e+00
4.642708e+00
4.644254e+00
4.645800e+00
4.647346e+00
4.648893e+00
4.650439e+00
4.651985e+00
4.653532e+00
4.655078e+00
4.656624e+00
4.658171e+00
4.659717e+00
4.661263e+00
4.662810e+00
4.664356e+00
4.665902e+00
4.667448e+00
4.668995e+00
4.670541e+00
4.672088e+00
4.673634e+00
4.675180e+00
4.676727e+00
4.678273e+00
4.679819e+00
4.681365e+00
4.682912e+00
4.684458e+00
4.686005e+00
4.687551e+00
4.689097e+00
4.690643e+00
4.692190e+00
4.693736e+00
4.695282e+00
4.696828e+00
4.698375e+00
4.699921e+00
4.701468e+00
4.703014e+00
4.704560e+00
4.706107e+00
4.707653e+00
4.709199e+00
4.710745e+00
4.712292e+00
4.713838e+00
4.715385e+00
4.716931e+00
4.718478e+00
4.720024e+00
4.721570e+00
4.723116e+00
4.724662e+00
4.726209e+00
4.727755e+00
4.729302e+00
4.730848e+00
4.732395e+00
4.733941e+00
4.735487e+00
4.737033e+00
4.738580e+00
4.740126e+00
4.741672e+00
4.743219e+00
4.744765e+00
4.746312e+00
4.747858e+00
4.749404e+00
4.750950e+00
4.752497e+00
4.754043e+00
4.755589e+00
4.757135e+00
4.758682e+00
4.760228e+00
4.761775e+00
4.763321e+00
4.764867e+00
4.766413e+00
4.767960e+00
4.769506e+00
4.771052e+00
4.772599e+00
4.774145e+00
4.775692e+00
4.777238e+00
4.778784e+00
4.780330e+00
4.781877e+00
4.783423e+00
4.784969e+00
4.786516e+00
4.788062e+00
4.789608e+00
4.791155e+00
4.792701e+00
4.794247e+00
4.795794e+00
4.797340e+00
4.798886e+00
4.800432e+00
4.801979e+00
4.803525e+00
4.805072e+00
4.806618e+00
4.808164e+00
4.809710e+00
4.811257e+00
4.812803e+00
4.814349e+00
4.815896e+00
4.817442e+00
4.818989e+00
4.820535e+00
4.822081e+00
4.823627e+00
4.825174e+00
4.826720e+00
4.828266e+00
4.829813e+00
4.831359e+00
4.832905e+00
4.834452e+00
4.835998e+00
4.837544e+00
4.839091e+00
4.840637e+00
4.842183e+00
4.843729e+00
4.845276e+00
4.846822e+00
4.848369e+00
4.849915e+00
4.851461e+00
4.853007e+00
4.854554e+00
4.856100e+00
4.857646e+00
4.859193e+00
4.860740e+00
4.862286e+00
4.863832e+00
4.865378e+00
4.866924e+00
4.868471e+00
4.870017e+00
4.871563e+00
4.873110e+00
4.874657e+00
4.876203e+00
4.877749e+00
4.879295e+00
4.880842e+00
4.882388e+00
4.883934e+00
4.885480e+00
4.887027e+00
4.888574e+00
4.890120e+00
4.891666e+00
4.893212e+00
4.894759e+00
4.896305e+00
4.897851e+00
4.899397e+00
4.900944e+00
4.902490e+00
4.904037e+00
4.905583e+00
4.907129e+00
4.908676e+00
4.910222e+00
4.911768e+00
4.913314e+00
4.914861e+00
4.916407e+00
4.917954e+00
4.919500e+00
4.921046e+00
4.922592e+00
4.924139e+00
4.925685e+00
4.927231e+00
4.928778e+00
4.930324e+00
4.931871e+00
4.933417e+00
4.934963e+00
4.936509e+00
4.938056e+00
4.939602e+00
4.941148e+00
4.942694e+00
4.944241e+00
4.945787e+00
4.947334e+00
4.948880e+00
4.950426e+00
4.951973e+00
4.953519e+00
4.955065e+00
4.956611e+00
4.958158e+00
4.959704e+00
4.961251e+00
4.962797e+00
4.964343e+00
4.965889e+00
4.967436e+00
4.968982e+00
4.970528e+00
4.972074e+00
4.973621e+00
4.975168e+00
4.976714e+00
4.978260e+00
4.979806e+00
4.981353e+00
4.982899e+00
4.984445e+00
4.985991e+00
4.987538e+00
4.989084e+00
4.990631e+00
4.992177e+00
4.993723e+00
4.995269e+00
4.996816e+00
4.998362e+00
4.999908e+00
5.001455e+00
5.003002e+00
5.004548e+00
5.006094e+00
5.007640e+00
5.009186e+00
5.010733e+00
5.012279e+00
5.013825e+00
5.015371e+00
5.016919e+00
5.018465e+00
5.020011e+00
5.021557e+00
5.023104e+00
5.024650e+00
5.026196e+00
5.027742e+00
5.029288e+00
5.030836e+00
5.032382e+00
5.033928e+00
5.035474e+00
5.037021e+00
5.038567e+00
5.040113e+00
5.041659e+00
5.043206e+00
5.044752e+00
5.046299e+00
5.047845e+00
5.049391e+00
5.050938e+00
5.052484e+00
5.054030e+00
5.055576e+00
5.057123e+00
5.058669e+00
5.060216e+00
5.061762e+00
5.063308e+00
5.064855e+00
5.066401e+00
5.067947e+00
5.069493e+00
5.071040e+00
5.072586e+00
5.074133e+00
5.075679e+00
5.077225e+00
5.078771e+00
5.080318e+00
5.081864e+00
5.083410e+00
5.084956e+00
5.086503e+00
5.088049e+00
5.089596e+00
5.091142e+00
5.092688e+00
5.094235e+00
5.095781e+00
5.097327e+00
5.098873e+00
5.100420e+00
5.101966e+00
5.103513e+00
5.105059e+00
5.106605e+00
5.108151e+00
5.109698e+00
5.107443e+00
5.105189e+00
5.102934e+00
5.100680e+00
5.098426e+00
5.096171e+00
5.093917e+00
5.091663e+00
5.089408e+00
5.087153e+00
5.084899e+00
5.082645e+00
5.080390e+00
5.078136e+00
5.075882e+00
5.073627e+00
5.071373e+00
5.069118e+00
5.066864e+00
5.064610e+00
5.062355e+00
5.060101e+00
5.057846e+00
5.055592e+00
5.053337e+00
5.051083e+00
5.048829e+00
5.046574e+00
5.044320e+00
5.042066e+00
5.039811e+00
5.037556e+00
5.035302e+00
5.033048e+00
5.030793e+00
5.028539e+00
5.026285e+00
5.024030e+00
5.021776e+00
5.019521e+00
5.017267e+00
5.015013e+00
5.012758e+00
5.010504e+00
5.008250e+00
5.005995e+00
5.003740e+00
5.001486e+00
4.999232e+00
4.996977e+00
4.994723e+00
4.992469e+00
4.990214e+00
4.987960e+00
4.985705e+00
4.983451e+00
4.981197e+00
4.978942e+00
4.976688e+00
4.974434e+00
4.972179e+00
4.969924e+00
4.967670e+00
4.965415e+00
4.963161e+00
4.960907e+00
4.958652e+00
4.956398e+00
4.954143e+00
4.951889e+00
4.949634e+00
4.947380e+00
4.945126e+00
4.942871e+00
4.940617e+00
4.938363e+00
4.936108e+00
4.933853e+00
4.931599e+00
4.929345e+00
4.927090e+00
4.924836e+00
4.922582e+00
4.920327e+00
4.918073e+00
4.915818e+00
4.913564e+00
4.911310e+00
4.909055e+00
4.906800e+00
4.904547e+00
4.902292e+00
4.900037e+00
4.897783e+00
4.895529e+00
4.893274e+00
4.891020e+00
4.888765e+00
4.886511e+00
4.884257e+00
4.882002e+00
4.879748e+00
4.877494e+00
4.875239e+00
4.872984e+00
4.870730e+00
4.868476e+00
4.866221e+00
4.863967e+00
4.861713e+00
4.859458e+00
4.857204e+00
4.854949e+00
4.852695e+00
4.850440e+00
4.848186e+00
4.845932e+00
4.843677e+00
4.841423e+00
4.839168e+00
4.836914e+00
4.834660e+00
4.832405e+00
4.830151e+00
4.827897e+00
4.825642e+00
4.823387e+00
4.821133e+00
4.818879e+00
4.816624e+00
4.814370e+00
4.812116e+00
4.809861e+00
4.807607e+00
4.805352e+00
4.803098e+00
4.800843e+00
4.798589e+00
4.796335e+00
4.794080e+00
4.791826e+00
4.789571e+00
4.787317e+00
4.785062e+00
4.782808e+00
4.780554e+00
4.778299e+00
4.776045e+00
4.773791e+00
4.771536e+00
4.769281e+00
4.767027e+00
4.764773e+00
4.762518e+00
4.760264e+00
4.758010e+00
4.755755e+00
4.753501e+00
4.751246e+00
4.748992e+00
4.746737e+00
4.744483e+00
4.742229e+00
4.739974e+00
4.737720e+00
4.735465e+00
4.733211e+00
4.730957e+00
4.728702e+00
4.726448e+00
4.724194e+00
4.721939e+00
4.719684e+00
4.717430e+00
4.715176e+00
4.712921e+00
4.710667e+00
4.708413e+00
4.706158e+00
4.703904e+00
4.701649e+00
4.699395e+00
4.697141e+00
4.694886e+00
4.692632e+00
4.690378e+00
4.688123e+00
4.685868e+00
4.683614e+00
4.681360e+00
4.679105e+00
4.676851e+00
4.674597e+00
4.672342e+00
4.670088e+00
4.667833e+00
4.665579e+00
4.663325e+00
4.661070e+00
4.658815e+00
4.656562e+00
4.654307e+00
4.652052e+00
4.649798e+00
4.647544e+00
4.645289e+00
4.643034e+00
4.640780e+00
4.638526e+00
4.636271e+00
4.634017e+00
4.631763e+00
4.629508e+00
4.627254e+00
4.624999e+00
4.622744e+00
4.620491e+00
4.618236e+00
4.615981e+00
4.613727e+00
4.611473e+00
4.609218e+00
4.606964e+00
4.604710e+00
4.602455e+00
4.600201e+00
4.597946e+00
4.595692e+00
4.593438e+00
4.591183e+00
4.588928e+00
4.586675e+00
4.584420e+00
4.582165e+00
4.579911e+00
4.577657e+00
4.575402e+00
4.573148e+00
4.570893e+00
4.568639e+00
4.566385e+00
4.564130e+00
4.561876e+00
4.559622e+00
4.557367e+00
4.555112e+00
4.552858e+00
4.550604e+00
4.548349e+00
4.546095e+00
4.543841e+00
4.541586e+00
4.539331e+00
4.537077e+00
4.534823e+00
4.532568e+00
4.530314e+00
4.528060e+00
4.525805e+00
4.523551e+00
4.521296e+00
4.519042e+00
4.516788e+00
4.514533e+00
4.512279e+00
4.510025e+00
4.507770e+00
4.505515e+00
4.503261e+00
4.501007e+00
4.498752e+00
4.496498e+00
4.494244e+00
4.491989e+00
4.489735e+00
4.487480e+00
4.485226e+00
4.482972e+00
4.480717e+00
4.478463e+00
4.476209e+00
4.473954e+00
4.471699e+00
4.469445e+00
4.467191e+00
4.464936e+00
4.462682e+00
4.460428e+00
4.458173e+00
4.455919e+00
4.453664e+00
4.451409e+00
4.449155e+00
4.446901e+00
4.444646e+00
4.442392e+00
4.440138e+00
4.437883e+00
4.435628e+00
4.433374e+00
4.431120e+00
4.428865e+00
4.426611e+00
4.424357e+00
4.422102e+00
4.419848e+00
4.417593e+00
4.415339e+00
4.413085e+00
4.410830e+00
4.408576e+00
4.406322e+00
4.404067e+00
4.401812e+00
4.399558e+00
4.397304e+00
4.395049e+00
4.392795e+00
4.390541e+00
4.388286e+00
4.386032e+00
4.383777e+00
4.381523e+00
4.379269e+00
4.377014e+00
4.374759e+00
4.372506e+00
4.370251e+00
4.367996e+00
4.365742e+00
4.363488e+00
4.361233e+00
4.358979e+00
4.356724e+00
4.354470e+00
4.352216e+00
4.349961e+00
4.347707e+00
4.345453e+00
4.343198e+00
4.340943e+00
4.338690e+00
4.336435e+00
4.334180e+00
4.331926e+00
4.329672e+00
4.327417e+00
4.325162e+00
4.322908e+00
4.320654e+00
4.318399e+00
4.316145e+00
4.313891e+00
4.311636e+00
4.309382e+00
4.307127e+00
4.304873e+00
4.302619e+00
4.300364e+00
4.298110e+00
4.295856e+00
4.293601e+00
4.291346e+00
4.289092e+00
4.286837e+00
4.284583e+00
4.282329e+00
4.280074e+00
4.277820e+00
4.275566e+00
4.273311e+00
4.271056e+00
4.268802e+00
4.266548e+00
4.264293e+00
4.262039e+00
4.259785e+00
4.257530e+00
4.255276e+00
4.253021e+00
4.250767e+00
4.248513e+00
4.246258e+00
4.244004e+00
4.241750e+00
4.239495e+00
4.237240e+00
4.234986e+00
4.232732e+00
4.230477e+00
4.228223e+00
4.225969e+00
4.223714e+00
4.221459e+00
4.219205e+00
4.216951e+00
4.214696e+00
4.212442e+00
4.210188e+00
4.207933e+00
4.205679e+00
4.203424e+00
4.201170e+00
4.198916e+00
4.196661e+00
4.194407e+00
4.192153e+00
4.189898e+00
4.187643e+00
4.185389e+00
4.183135e+00
4.180880e+00
4.178626e+00
4.176372e+00
4.174117e+00
4.171863e+00
4.169608e+00
4.167354e+00
4.165100e+00
4.162845e+00
4.160591e+00
4.158337e+00
4.156082e+00
4.153827e+00
4.151573e+00
4.149319e+00
4.147064e+00
4.144810e+00
4.142556e+00
4.140301e+00
4.138047e+00
4.135792e+00
4.133538e+00
4.131284e+00
4.129029e+00
4.126774e+00
4.124520e+00
4.122266e+00
4.120011e+00
4.117757e+00
4.115502e+00
4.113248e+00
4.110993e+00
4.108739e+00
4.106485e+00
4.104230e+00
4.101976e+00
4.099721e+00
4.097467e+00
4.095213e+00
4.092958e+00
4.090704e+00
4.088450e+00
4.086195e+00
4.083940e+00
4.081686e+00
4.079432e+00
4.077177e+00
4.074923e+00
4.072669e+00
4.070414e+00
4.068160e+00
4.065905e+00
4.063651e+00
4.061397e+00
4.059142e+00
4.056887e+00
4.054634e+00
4.052379e+00
4.050124e+00
4.047870e+00
4.045616e+00
4.043361e+00
4.041107e+00
4.038852e+00
4.036598e+00
4.034344e+00
4.032089e+00
4.029835e+00
4.027581e+00
4.025326e+00
4.023071e+00
4.020817e+00
4.018563e+00
4.016308e+00
4.014054e+00
4.011800e+00
4.009545e+00
4.007290e+00
4.005036e+00
4.002782e+00
4.000527e+00
3.998273e+00
3.996019e+00
3.993764e+00
3.991510e+00
3.989255e+00
3.987001e+00
3.984747e+00
3.982492e+00
3.980238e+00
3.977984e+00
3.975729e+00
3.974850e+00
3.973972e+00
3.973094e+00
3.972216e+00
3.971337e+00
3.970458e+00
3.969580e+00
3.968702e+00
3.967824e+00
3.966945e+00
3.966066e+00
3.965188e+00
3.964310e+00
3.963432e+00
3.962553e+00
3.961674e+00
3.960796e+00
3.959918e+00
3.959040e+00
3.958161e+00
3.957282e+00
3.956404e+00
3.955526e+00
3.954648e+00
3.953769e+00
3.952890e+00
3.952012e+00
3.951134e+00
3.950255e+00
3.949377e+00
3.948498e+00
3.947620e+00
3.946742e+00
3.945863e+00
3.944985e+00
3.944106e+00
3.943228e+00
3.942350e+00
3.941471e+00
3.940593e+00
3.939714e+00
3.938836e+00
3.937958e+00
3.937079e+00
3.936201e+00
3.935322e+00
3.934444e+00
3.933565e+00
3.932687e+00
3.931809e+00
3.930930e+00
3.930052e+00
3.929173e+00
3.928295e+00
3.927417e+00
3.926538e+00
3.925660e+00
3.924781e+00
3.923903e+00
3.923025e+00
3.922146e+00
3.921268e+00
3.920389e+00
3.919511e+00
3.918633e+00
3.917754e+00
3.916876e+00
3.915997e+00
3.915119e+00
3.914241e+00
3.913362e+00
3.912484e+00
3.911605e+00
3.910727e+00
3.909849e+00
3.908970e+00
3.908092e+00
3.907213e+00
3.906335e+00
3.905457e+00
3.904578e+00
3.903700e+00
3.902821e+00
3.901944e+00
3.901065e+00
3.900186e+00
3.899308e+00
3.898429e+00
3.897552e+00
3.896673e+00
3.895794e+00
3.894916e+00
3.894037e+00
3.893160e+00
3.892281e+00
3.891402e+00
3.890524e+00
3.889645e+00
3.888768e+00
3.887889e+00
3.887010e+00
3.886132e+00
3.885254e+00
3.884376e+00
3.883497e+00
3.882618e+00
3.881740e+00
3.880862e+00
3.879983e+00
3.879105e+00
3.878226e+00
3.877348e+00
3.876470e+00
3.875591e+00
3.874713e+00
3.873834e+00
3.872956e+00
3.872078e+00
3.871199e+00
3.870321e+00
3.869442e+00
3.868564e+00
3.867686e+00
3.866807e+00
3.865929e+00
3.865050e+00
3.864172e+00
3.863293e+00
3.862415e+00
3.861537e+00
3.860658e+00
3.859780e+00
3.858901e+00
3.858023e+00
3.857145e+00
3.856266e+00
3.855388e+00
3.854509e+00
3.853631e+00
3.852753e+00
3.851874e+00
3.850996e+00
3.850117e+00
3.849239e+00
3.848361e+00
3.847482e+00
3.846604e+00
3.845725e+00
3.844847e+00
3.843969e+00
3.843090e+00
3.842212e+00
3.841333e+00
3.840455e+00
3.839577e+00
3.838698e+00
3.837820e+00
3.836941e+00
3.836063e+00
3.835185e+00
3.834306e+00
3.833428e+00
3.832549e+00
3.831671e+00
3.830793e+00
3.829914e+00
3.829036e+00
3.828157e+00
3.827279e+00
3.826400e+00
3.825522e+00
3.824644e+00
3.823765e+00
3.822887e+00
3.822009e+00
3.821130e+00
3.820252e+00
3.819373e+00
3.818495e+00
3.817617e+00
3.816738e+00
3.815860e+00
3.814981e+00
3.814103e+00
3.813225e+00
3.812346e+00
3.811468e+00
3.810589e+00
3.809711e+00
3.808833e+00
3.807954e+00
3.807076e+00
3.806197e+00
3.805319e+00
3.804441e+00
3.803562e+00
3.802684e+00
3.801805e+00
3.800927e+00
3.800049e+00
3.799170e+00
3.798292e+00
3.797413e+00
3.796535e+00
3.795657e+00
3.794778e+00
3.793900e+00
3.793021e+00
3.792143e+00
3.791265e+00
3.790386e+00
3.789508e+00
3.788629e+00
3.787751e+00
3.786873e+00
3.785994e+00
3.785116e+00
3.784237e+00
3.783359e+00
3.782481e+00
3.781602e+00
3.780724e+00
3.779845e+00
3.778967e+00
3.778089e+00
3.777210e+00
3.776332e+00
3.775453e+00
3.774575e+00
3.773697e+00
3.772818e+00
3.771940e+00
3.771061e+00
3.770183e+00
3.769305e+00
3.768426e+00
3.767548e+00
3.766669e+00
3.765791e+00
3.764913e+00
3.764034e+00
3.763156e+00
3.762277e+00
3.761399e+00
3.760521e+00
3.759642e+00
3.758764e+00
3.757885e+00
3.757007e+00
3.756128e+00
3.755250e+00
3.754372e+00
3.753493e+00
3.752615e+00
3.751736e+00
3.750858e+00
3.749980e+00
3.749101e+00
3.748223e+00
3.747344e+00
3.746466e+00
3.745588e+00
3.744709e+00
3.743831e+00
3.742952e+00
3.742074e+00
3.741196e+00
3.740317e+00
3.739438e+00
3.738560e+00
3.737682e+00
3.736804e+00
3.735925e+00
3.735046e+00
3.734168e+00
3.733290e+00
3.732412e+00
3.731533e+00
3.730654e+00
3.729776e+00
3.728898e+00
3.728020e+00
3.727141e+00
3.726262e+00
3.725384e+00
3.724506e+00
3.723628e+00
3.722749e+00
3.721870e+00
3.720993e+00
3.720114e+00
3.719236e+00
3.718357e+00
3.717478e+00
3.716601e+00
3.715722e+00
3.714844e+00
3.713965e+00
3.713086e+00
3.712209e+00
3.711330e+00
3.710452e+00
3.709573e+00
3.708694e+00
3.707817e+00
3.706938e+00
3.706060e+00
3.705181e+00
3.704303e+00
3.703425e+00
3.702546e+00
3.701668e+00
3.700789e+00
3.699911e+00
3.699033e+00
3.698154e+00
3.697276e+00
3.696397e+00
3.695519e+00
3.694641e+00
3.693762e+00
3.692884e+00
3.692005e+00
3.691127e+00
3.690249e+00
3.689370e+00
3.688492e+00
3.687613e+00
3.686735e+00
3.685856e+00
3.684978e+00
3.684100e+00
3.683221e+00
3.682343e+00
3.681464e+00
3.680586e+00
3.679708e+00
3.678829e+00
3.677951e+00
3.677072e+00
3.676194e+00
3.675316e+00
3.674437e+00
3.673559e+00
3.672680e+00
3.671802e+00
3.670924e+00
3.670045e+00
3.669166e+00
3.668288e+00
3.667410e+00
3.666532e+00
3.665653e+00
3.664774e+00
3.663896e+00
3.663018e+00
3.662140e+00
3.661261e+00
3.660382e+00
3.659504e+00
3.658626e+00
3.657748e+00
3.656869e+00
3.655990e+00
3.655112e+00
3.654234e+00
3.653356e+00
3.652477e+00
3.651598e+00
3.650720e+00
3.649842e+00
3.648964e+00
3.648085e+00
3.647206e+00
3.646328e+00
3.645450e+00
3.644572e+00
3.643693e+00
3.642814e+00
3.641936e+00
3.641058e+00
3.640180e+00
3.639301e+00
3.638422e+00
3.637544e+00
3.636666e+00
3.635788e+00
3.634909e+00
3.634030e+00
3.633152e+00
3.632274e+00
3.631396e+00
3.630517e+00
3.629638e+00
3.628760e+00
3.627882e+00
3.627004e+00
3.626125e+00
3.625246e+00
3.624368e+00
3.623490e+00
3.622612e+00
3.621733e+00
3.620854e+00
3.619977e+00
3.619098e+00
3.618220e+00
3.617341e+00
3.616462e+00
3.615584e+00
3.614706e+00
3.613828e+00
3.612949e+00
3.612070e+00
3.611192e+00
3.610314e+00
3.609436e+00
3.608557e+00
3.607678e+00
3.606800e+00
3.605922e+00
3.605044e+00
3.604165e+00
3.603287e+00
3.602408e+00
3.601530e+00
3.600652e+00
3.599773e+00
3.598894e+00
3.598016e+00
3.597138e+00
3.596260e+00
3.595381e+00
3.594502e+00
3.593624e+00
3.592746e+00
3.591868e+00
3.590989e+00
3.590110e+00
3.589232e+00
3.588354e+00
3.587476e+00
3.586597e+00
3.585718e+00
3.584840e+00
3.583962e+00
3.583084e+00
3.582205e+00
3.581326e+00
3.580448e+00
3.579570e+00
3.578691e+00
3.577813e+00
3.576934e+00
3.576056e+00
3.575178e+00
3.574299e+00
3.573421e+00
3.572542e+00
3.571664e+00
3.570786e+00
3.569907e+00
3.569029e+00
3.568150e+00
3.567272e+00
3.566394e+00
3.565515e+00
3.564637e+00
3.563758e+00
3.562880e+00
3.562001e+00
3.561124e+00
3.560245e+00
3.559366e+00
3.558488e+00
3.557609e+00
3.556732e+00
3.555853e+00
3.554974e+00
3.554096e+00
3.553217e+00
