7.611333e-04
7.917228e-04
8.223126e-04
8.529020e-04
8.834914e-04
9.140812e-04
9.446707e-04
9.752601e-04
1.005850e-03
1.036439e-03
1.067029e-03
1.097619e-03
1.128208e-03
1.158798e-03
1.189387e-03
1.219977e-03
1.250566e-03
1.281156e-03
1.311745e-03
1.342335e-03
1.372924e-03
1.403514e-03
1.434104e-03
1.464693e-03
1.495283e-03
1.525872e-03
1.556462e-03
1.587051e-03
1.617641e-03
1.648230e-03
1.678820e-03
1.792529e-03
1.906238e-03
2.019947e-03
2.133656e-03
2.247365e-03
2.361074e-03
2.474783e-03
2.588492e-03
2.702201e-03
2.815910e-03
2.929619e-03
3.043328e-03
3.157037e-03
3.270746e-03
3.384455e-03
3.498164e-03
3.611873e-03
3.725582e-03
3.839291e-03
3.953000e-03
4.011710e-03
4.070420e-03
4.129130e-03
4.187840e-03
4.246550e-03
4.305260e-03
4.363970e-03
4.422680e-03
4.481390e-03
4.540100e-03
4.598810e-03
4.657520e-03
4.716230e-03
4.774940e-03
4.833650e-03
4.892360e-03
4.951070e-03
5.009780e-03
4.979151e-03
5.127200e-03
5.275249e-03
5.423298e-03
5.571347e-03
5.719396e-03
5.867444e-03
6.015493e-03
6.163542e-03
6.311591e-03
6.459640e-03
6.607689e-03
6.755738e-03
6.903787e-03
7.051836e-03
7.199884e-03
7.347933e-03
7.495982e-03
7.644031e-03
7.792080e-03
7.940129e-03
8.088178e-03
8.236227e-03
8.384276e-03
8.532324e-03
8.680373e-03
8.828422e-03
8.976471e-03
9.124520e-03
9.272569e-03
9.420618e-03
9.568667e-03
9.685060e-03
9.801453e-03
9.917847e-03
1.003424e-02
1.015063e-02
1.026703e-02
1.038342e-02
1.049981e-02
1.061621e-02
1.073260e-02
1.084899e-02
1.096539e-02
1.108178e-02
1.119817e-02
1.131457e-02
1.143096e-02
1.154735e-02
1.166375e-02
1.178014e-02
1.189653e-02
1.201293e-02
1.212932e-02
1.224571e-02
1.236211e-02
1.247850e-02
1.259489e-02
1.271129e-02
1.282768e-02
1.294407e-02
1.306047e-02
1.317686e-02
1.329325e-02
1.340965e-02
1.352604e-02
1.364243e-02
1.375883e-02
1.387522e-02
1.399161e-02
1.410801e-02
1.422440e-02
1.434079e-02
1.445719e-02
1.457358e-02
1.468997e-02
1.480637e-02
1.492276e-02
1.503915e-02
1.515555e-02
1.527194e-02
1.538833e-02
1.553181e-02
1.567528e-02
1.581875e-02
1.596223e-02
1.610570e-02
1.624917e-02
1.639265e-02
1.653612e-02
1.667959e-02
1.682307e-02
1.696654e-02
1.711001e-02
1.725349e-02
1.739696e-02
1.754043e-02
1.768391e-02
1.782738e-02
1.797085e-02
1.811433e-02
1.825780e-02
1.840127e-02
1.854475e-02
1.868822e-02
1.883169e-02
1.897517e-02
1.911864e-02
1.926211e-02
1.940559e-02
1.954906e-02
1.969253e-02
1.983601e-02
1.997948e-02
2.012295e-02
2.026643e-02
2.040990e-02
2.055337e-02
2.069685e-02
2.084032e-02
2.098379e-02
2.112727e-02
2.127074e-02
2.141421e-02
2.155769e-02
2.170116e-02
2.184463e-02
2.198811e-02
2.213158e-02
2.227505e-02
2.241853e-02
2.256200e-02
2.256785e-02
2.257369e-02
2.257954e-02
2.258539e-02
2.259123e-02
2.259708e-02
2.260293e-02
2.260877e-02
2.261462e-02
2.262047e-02
2.262631e-02
2.263216e-02
2.263801e-02
2.264385e-02
2.264970e-02
2.265555e-02
2.266139e-02
2.266724e-02
2.267309e-02
2.267893e-02
2.268478e-02
2.269063e-02
2.269647e-02
2.270232e-02
2.270817e-02
2.271401e-02
2.271986e-02
2.272571e-02
2.273155e-02
2.273740e-02
2.274325e-02
2.274909e-02
2.275494e-02
2.276079e-02
2.276663e-02
2.277248e-02
2.277833e-02
2.278417e-02
2.279002e-02
2.279587e-02
2.280171e-02
2.280756e-02
2.281341e-02
2.281925e-02
2.282510e-02
2.283095e-02
2.283679e-02
2.284264e-02
2.284849e-02
2.285433e-02
2.286018e-02
2.286603e-02
2.287187e-02
2.287772e-02
2.288357e-02
2.288941e-02
2.289526e-02
2.290111e-02
2.290695e-02
2.291280e-02
2.291865e-02
2.292449e-02
2.293034e-02
2.293619e-02
2.294203e-02
2.294788e-02
2.295373e-02
2.295957e-02
2.296542e-02
2.297127e-02
2.297711e-02
2.298296e-02
2.298881e-02
2.299465e-02
2.300050e-02
2.300635e-02
2.301219e-02
2.301804e-02
2.302389e-02
2.302973e-02
2.303558e-02
2.304143e-02
2.304727e-02
2.305312e-02
2.305897e-02
2.306481e-02
2.307066e-02
2.307651e-02
2.308235e-02
2.308820e-02
2.309405e-02
2.309989e-02
2.310574e-02
2.311159e-02
2.311743e-02
2.312328e-02
2.312913e-02
2.313497e-02
2.314082e-02
2.314667e-02
2.323798e-02
2.332930e-02
2.342062e-02
2.351193e-02
2.360325e-02
2.369457e-02
2.378588e-02
2.387720e-02
2.396852e-02
2.405983e-02
2.415115e-02
2.424247e-02
2.433378e-02
2.442510e-02
2.451642e-02
2.460773e-02
2.469905e-02
2.479037e-02
2.488168e-02
2.497300e-02
2.506432e-02
2.515563e-02
2.524695e-02
2.533827e-02
2.542958e-02
2.552090e-02
2.561222e-02
2.570353e-02
2.579485e-02
2.588617e-02
2.597748e-02
2.606880e-02
2.616012e-02
2.625143e-02
2.634275e-02
2.643407e-02
2.652538e-02
2.661670e-02
2.670802e-02
2.679933e-02
2.689065e-02
2.698197e-02
2.707328e-02
2.716460e-02
2.725592e-02
2.734723e-02
2.743855e-02
2.752987e-02
2.762118e-02
2.771250e-02
2.780382e-02
2.789513e-02
2.798645e-02
2.807777e-02
2.816908e-02
2.826040e-02
2.835172e-02
2.844303e-02
2.853435e-02
2.862567e-02
2.871698e-02
2.880830e-02
2.889962e-02
2.899093e-02
2.908225e-02
2.917357e-02
2.926488e-02
2.935620e-02
2.944752e-02
2.953883e-02
2.963015e-02
2.972147e-02
2.981278e-02
2.990410e-02
2.999542e-02
3.008673e-02
3.017805e-02
3.026937e-02
3.036068e-02
3.045200e-02
3.054332e-02
3.063463e-02
3.072595e-02
3.081727e-02
3.090858e-02
3.099990e-02
3.109122e-02
3.118253e-02
3.127385e-02
3.136517e-02
3.145648e-02
3.154780e-02
3.163912e-02
3.173043e-02
3.182175e-02
3.191307e-02
3.200438e-02
3.209570e-02
3.218702e-02
3.227833e-02
3.239994e-02
3.252155e-02
3.264315e-02
3.276476e-02
3.288637e-02
3.300797e-02
3.312958e-02
3.325119e-02
3.337279e-02
3.349440e-02
3.361601e-02
3.373761e-02
3.385922e-02
3.398083e-02
3.410243e-02
3.422404e-02
3.434565e-02
3.446725e-02
3.458886e-02
3.471047e-02
3.483207e-02
3.495368e-02
3.507529e-02
3.519689e-02
3.531850e-02
3.544011e-02
3.556171e-02
3.568332e-02
3.580493e-02
3.592653e-02
3.604814e-02
3.616975e-02
3.629135e-02
3.641296e-02
3.653457e-02
3.665617e-02
3.677778e-02
3.689939e-02
3.702099e-02
3.714260e-02
3.726421e-02
3.738581e-02
3.750742e-02
3.762903e-02
3.775063e-02
3.787224e-02
3.799385e-02
3.811545e-02
3.823706e-02
3.835867e-02
3.848027e-02
3.860188e-02
3.872349e-02
3.884509e-02
3.896670e-02
3.908831e-02
3.920991e-02
3.933152e-02
3.945313e-02
3.957473e-02
3.969634e-02
3.981795e-02
3.993955e-02
4.006116e-02
4.018277e-02
4.030437e-02
4.042598e-02
4.054759e-02
4.066919e-02
4.079080e-02
4.091241e-02
4.103401e-02
4.115562e-02
4.127723e-02
4.139883e-02
4.152044e-02
4.164205e-02
4.176365e-02
4.188526e-02
4.200687e-02
4.212847e-02
4.225008e-02
4.237169e-02
4.249329e-02
4.261490e-02
4.273651e-02
4.285811e-02
4.297972e-02
4.310133e-02
4.322293e-02
4.334454e-02
4.346615e-02
4.358775e-02
4.370936e-02
4.383097e-02
4.395257e-02
4.407418e-02
4.419579e-02
4.431739e-02
4.443900e-02
4.456061e-02
4.468221e-02
4.480382e-02
4.492543e-02
4.504703e-02
4.516864e-02
4.529025e-02
4.541185e-02
4.553346e-02
4.565507e-02
4.577667e-02
4.589828e-02
4.601989e-02
4.614149e-02
4.626310e-02
4.638471e-02
4.650631e-02
4.662792e-02
4.674953e-02
4.687113e-02
4.699274e-02
4.711435e-02
4.723595e-02
4.735756e-02
4.747917e-02
4.760077e-02
4.772238e-02
4.784399e-02
4.796559e-02
4.808720e-02
4.820881e-02
4.833041e-02
4.845202e-02
4.857363e-02
4.869523e-02
4.881684e-02
4.893845e-02
4.906005e-02
4.918166e-02
4.930327e-02
4.942487e-02
4.954648e-02
4.966809e-02
4.978969e-02
4.991130e-02
5.003291e-02
5.015451e-02
5.027612e-02
5.039773e-02
5.051933e-02
5.064094e-02
5.076255e-02
5.088415e-02
5.100576e-02
5.112737e-02
5.124897e-02
5.137058e-02
5.149219e-02
5.161379e-02
5.173540e-02
5.185701e-02
5.197861e-02
5.210022e-02
5.222183e-02
5.234343e-02
5.246504e-02
5.258665e-02
5.270825e-02
5.282986e-02
5.295147e-02
5.307307e-02
5.319468e-02
5.331629e-02
5.343789e-02
5.355950e-02
5.368111e-02
5.380271e-02
5.392432e-02
5.404593e-02
5.416753e-02
5.428914e-02
5.441075e-02
5.453235e-02
5.465396e-02
5.477557e-02
5.489717e-02
5.501878e-02
5.514039e-02
5.526199e-02
5.538360e-02
5.550521e-02
5.562681e-02
5.574842e-02
5.587003e-02
5.599163e-02
5.611324e-02
5.623485e-02
5.635645e-02
5.647806e-02
5.659967e-02
5.678762e-02
5.697557e-02
5.716352e-02
5.735147e-02
5.753942e-02
5.772737e-02
5.791532e-02
5.810327e-02
5.829122e-02
5.847917e-02
5.866712e-02
5.885507e-02
5.904302e-02
5.923097e-02
5.941892e-02
5.960687e-02
5.979482e-02
5.998277e-02
6.017072e-02
6.035867e-02
6.054662e-02
6.073457e-02
6.092252e-02
6.111047e-02
6.129842e-02
6.148637e-02
6.167432e-02
6.186227e-02
6.205022e-02
6.223817e-02
6.242612e-02
6.261407e-02
6.280202e-02
6.298997e-02
6.317792e-02
6.336587e-02
6.355382e-02
6.374177e-02
6.392972e-02
6.411767e-02
6.430562e-02
6.449357e-02
6.468152e-02
6.486947e-02
6.505742e-02
6.524537e-02
6.543332e-02
6.562127e-02
6.580922e-02
6.599717e-02
6.618512e-02
6.637307e-02
6.656102e-02
6.674897e-02
6.693692e-02
6.712487e-02
6.731282e-02
6.750077e-02
6.768872e-02
6.787667e-02
6.806462e-02
6.825257e-02
6.844052e-02
6.862847e-02
6.881642e-02
6.900437e-02
6.919232e-02
6.938027e-02
6.956822e-02
6.975617e-02
6.994412e-02
7.013207e-02
7.032002e-02
7.050797e-02
7.069592e-02
7.088387e-02
7.107182e-02
7.125977e-02
7.144772e-02
7.163567e-02
7.182362e-02
7.201157e-02
7.219952e-02
7.238747e-02
7.257542e-02
7.276337e-02
7.295132e-02
7.313927e-02
7.332722e-02
7.351517e-02
7.370312e-02
7.389107e-02
7.407902e-02
7.426697e-02
7.445492e-02
7.464287e-02
7.483082e-02
7.501877e-02
7.520672e-02
7.539467e-02
7.638314e-02
7.737160e-02
7.836007e-02
7.934854e-02
8.033701e-02
8.132547e-02
8.231394e-02
8.330241e-02
8.429088e-02
8.527934e-02
8.626781e-02
8.725628e-02
8.824475e-02
8.923321e-02
9.022168e-02
9.121015e-02
9.219862e-02
9.318708e-02
9.417555e-02
9.516402e-02
9.615249e-02
9.714095e-02
9.812942e-02
9.911789e-02
1.001064e-01
1.010948e-01
1.020833e-01
1.030718e-01
1.040602e-01
1.050487e-01
1.060372e-01
1.070256e-01
1.080141e-01
1.090026e-01
1.099910e-01
1.109795e-01
1.119680e-01
1.129564e-01
1.139449e-01
1.149334e-01
1.159218e-01
1.169103e-01
1.178988e-01
1.188872e-01
1.198757e-01
1.208642e-01
1.218526e-01
1.228411e-01
1.238296e-01
1.248180e-01
1.258065e-01
1.267950e-01
1.277834e-01
1.287719e-01
1.297604e-01
1.307488e-01
1.317373e-01
1.327258e-01
1.337142e-01
1.347027e-01
1.356912e-01
1.366796e-01
1.376681e-01
1.386566e-01
1.396451e-01
1.406335e-01
1.416220e-01
1.426105e-01
1.435989e-01
1.445874e-01
1.455759e-01
1.465643e-01
1.475528e-01
1.485413e-01
1.495297e-01
1.505182e-01
1.515067e-01
1.524951e-01
1.534836e-01
1.544721e-01
1.554605e-01
1.564490e-01
1.574375e-01
1.584259e-01
1.594144e-01
1.604029e-01
1.613913e-01
1.623798e-01
1.633683e-01
1.643567e-01
1.653452e-01
1.663337e-01
1.673221e-01
1.683106e-01
1.692991e-01
1.702875e-01
1.712760e-01
1.722645e-01
1.732529e-01
1.742414e-01
1.752299e-01
1.762183e-01
1.772068e-01
1.781953e-01
1.791837e-01
1.801722e-01
1.811607e-01
1.821491e-01
1.831376e-01
1.841261e-01
1.851146e-01
1.861030e-01
1.870915e-01
1.880800e-01
1.890684e-01
1.900569e-01
1.910454e-01
1.920338e-01
1.930223e-01
1.940108e-01
1.949992e-01
1.959877e-01
1.969762e-01
1.979646e-01
1.989531e-01
1.999416e-01
2.009300e-01
2.019185e-01
2.029070e-01
2.038954e-01
2.048839e-01
2.058724e-01
2.068608e-01
2.078493e-01
2.088378e-01
2.098262e-01
2.108147e-01
2.118032e-01
2.127916e-01
2.137801e-01
2.147686e-01
2.157570e-01
2.167455e-01
2.177340e-01
2.187224e-01
2.197109e-01
2.206994e-01
2.216878e-01
2.226763e-01
2.236648e-01
2.246532e-01
2.256417e-01
2.266302e-01
2.276186e-01
2.286071e-01
2.295956e-01
2.305841e-01
2.315725e-01
2.325610e-01
2.335495e-01
2.345379e-01
2.355264e-01
2.365149e-01
2.375033e-01
2.384918e-01
2.394803e-01
2.404687e-01
2.414572e-01
2.424457e-01
2.434341e-01
2.444226e-01
2.454111e-01
2.463995e-01
2.473880e-01
2.483765e-01
2.493649e-01
2.503534e-01
2.513419e-01
2.523303e-01
2.533188e-01
2.543073e-01
2.552957e-01
2.562842e-01
2.572727e-01
2.582611e-01
2.592496e-01
2.602381e-01
2.612265e-01
2.622150e-01
2.632035e-01
2.641919e-01
2.651804e-01
2.661689e-01
2.671573e-01
2.681458e-01
2.691343e-01
2.701227e-01
2.711112e-01
2.720997e-01
2.730881e-01
2.740766e-01
2.750651e-01
2.760536e-01
2.770420e-01
2.780305e-01
2.790190e-01
2.800074e-01
2.809959e-01
2.819844e-01
2.829728e-01
2.839613e-01
2.849498e-01
2.859382e-01
2.869267e-01
2.879152e-01
2.889036e-01
2.898921e-01
2.908806e-01
2.918690e-01
2.928575e-01
2.938460e-01
2.948344e-01
2.958229e-01
2.968114e-01
2.977998e-01
2.987883e-01
2.997768e-01
3.007652e-01
3.017537e-01
3.027422e-01
3.037306e-01
3.047191e-01
3.057076e-01
3.066960e-01
3.076845e-01
3.086730e-01
3.096614e-01
3.106499e-01
3.116384e-01
3.126268e-01
3.136153e-01
3.146038e-01
3.155922e-01
3.165807e-01
3.175692e-01
3.185576e-01
3.195461e-01
3.205346e-01
3.215231e-01
3.225115e-01
3.235000e-01
3.244885e-01
3.254769e-01
3.264654e-01
3.274539e-01
3.284423e-01
3.294308e-01
3.304193e-01
3.314077e-01
3.323962e-01
3.333847e-01
3.343731e-01
3.353616e-01
3.363501e-01
3.373385e-01
3.383270e-01
3.393155e-01
3.403039e-01
3.412924e-01
3.422809e-01
3.432693e-01
3.442578e-01
3.452463e-01
3.462347e-01
3.472232e-01
3.482117e-01
3.492001e-01
3.501886e-01
3.511771e-01
3.521655e-01
3.531540e-01
3.541425e-01
3.551309e-01
3.561194e-01
3.571079e-01
3.580963e-01
3.590848e-01
3.600733e-01
3.610617e-01
3.620502e-01
3.630387e-01
3.640271e-01
3.650156e-01
3.660041e-01
3.669926e-01
3.679810e-01
3.689695e-01
3.699580e-01
3.709464e-01
3.719349e-01
3.729234e-01
3.739118e-01
3.749003e-01
3.758888e-01
3.768772e-01
3.778657e-01
3.788542e-01
3.798426e-01
3.808311e-01
3.818196e-01
3.828080e-01
3.837965e-01
3.847850e-01
3.857734e-01
3.867619e-01
3.877504e-01
3.887388e-01
3.897273e-01
3.907158e-01
3.917042e-01
3.926927e-01
3.936812e-01
3.946696e-01
3.956581e-01
3.966466e-01
3.976350e-01
3.986235e-01
3.996120e-01
4.006004e-01
4.015889e-01
4.025774e-01
4.035658e-01
4.045543e-01
4.055428e-01
4.065312e-01
4.075197e-01
4.085082e-01
4.094966e-01
4.104851e-01
4.114736e-01
4.124621e-01
4.134505e-01
4.144390e-01
4.154275e-01
4.164159e-01
4.174044e-01
4.183929e-01
4.193813e-01
4.203698e-01
4.213583e-01
4.223467e-01
4.233352e-01
4.243237e-01
4.253121e-01
4.263006e-01
4.272891e-01
4.282775e-01
4.292660e-01
4.302545e-01
4.312429e-01
4.322314e-01
4.332199e-01
4.342083e-01
4.351968e-01
4.361853e-01
4.371737e-01
4.381622e-01
4.391507e-01
4.401391e-01
4.411276e-01
4.421161e-01
4.431045e-01
4.440930e-01
4.450815e-01
4.460699e-01
4.470584e-01
4.480469e-01
4.490353e-01
4.500238e-01
4.510123e-01
4.520007e-01
4.529892e-01
4.539777e-01
4.549661e-01
4.559546e-01
4.569431e-01
4.579316e-01
4.589200e-01
4.599085e-01
4.608970e-01
4.618854e-01
4.628739e-01
4.638624e-01
4.648508e-01
4.658393e-01
4.668278e-01
4.678162e-01
4.688047e-01
4.697932e-01
4.707816e-01
4.717701e-01
4.727586e-01
4.737470e-01
4.747355e-01
4.757240e-01
4.767124e-01
4.777009e-01
4.792280e-01
4.807551e-01
4.822822e-01
4.838094e-01
4.853365e-01
4.868636e-01
4.883907e-01
4.899178e-01
4.914449e-01
4.929720e-01
4.944992e-01
4.960263e-01
4.975534e-01
4.990805e-01
5.006076e-01
5.021347e-01
5.036619e-01
5.051890e-01
5.067161e-01
5.082432e-01
5.097703e-01
5.112974e-01
5.128245e-01
5.143517e-01
5.158788e-01
5.174059e-01
5.189330e-01
5.204601e-01
5.219872e-01
5.235144e-01
5.250415e-01
5.265686e-01
5.280957e-01
5.296228e-01
5.311499e-01
5.326770e-01
5.342042e-01
5.357313e-01
5.372584e-01
5.387855e-01
5.403126e-01
5.418397e-01
5.433669e-01
5.448940e-01
5.464211e-01
5.479482e-01
5.494753e-01
5.510024e-01
5.525296e-01
5.540567e-01
5.555838e-01
5.571109e-01
5.586380e-01
5.601651e-01
5.616922e-01
5.632194e-01
5.647465e-01
5.662736e-01
5.678007e-01
5.693278e-01
5.708549e-01
5.723821e-01
5.739092e-01
5.754363e-01
5.769634e-01
5.784905e-01
5.800176e-01
5.815447e-01
5.830719e-01
5.845990e-01
5.861261e-01
5.876532e-01
5.891803e-01
5.907074e-01
5.922346e-01
5.937617e-01
5.952888e-01
5.968159e-01
5.983430e-01
5.998701e-01
6.013972e-01
6.029244e-01
6.044515e-01
6.059786e-01
6.075057e-01
6.090328e-01
6.105599e-01
6.120871e-01
6.136142e-01
6.151413e-01
6.166684e-01
6.181955e-01
6.197226e-01
6.212498e-01
6.227769e-01
6.243040e-01
6.258311e-01
6.273582e-01
6.288853e-01
6.304124e-01
6.329304e-01
6.354485e-01
6.379664e-01
6.404845e-01
6.430025e-01
6.455205e-01
6.480385e-01
6.505565e-01
6.530745e-01
6.555925e-01
6.581105e-01
6.606285e-01
6.631465e-01
6.656645e-01
6.681826e-01
6.707005e-01
6.732186e-01
6.757366e-01
6.782546e-01
6.807726e-01
6.832906e-01
6.858086e-01
6.883267e-01
6.908446e-01
6.933626e-01
6.958807e-01
6.983986e-01
7.009167e-01
7.034347e-01
7.059527e-01
7.084707e-01
7.109887e-01
7.135067e-01
7.160247e-01
7.185427e-01
7.210607e-01
7.235787e-01
7.260967e-01
7.286148e-01
7.311327e-01
7.336508e-01
7.361688e-01
7.386868e-01
7.412048e-01
7.437228e-01
7.462408e-01
7.487589e-01
7.512768e-01
7.537948e-01
7.563129e-01
7.588308e-01
7.613488e-01
7.638669e-01
7.663849e-01
7.689028e-01
7.714209e-01
7.739389e-01
7.764569e-01
7.789749e-01
7.814929e-01
7.840109e-01
7.865289e-01
7.890469e-01
7.915649e-01
7.940830e-01
7.966009e-01
7.991190e-01
8.016370e-01
8.041550e-01
8.066730e-01
8.091910e-01
8.117090e-01
8.142270e-01
8.167450e-01
8.192630e-01
8.217810e-01
8.242990e-01
8.268171e-01
8.293350e-01
8.318531e-01
8.343711e-01
8.368891e-01
8.394071e-01
8.419251e-01
8.444431e-01
8.469611e-01
8.494791e-01
8.519971e-01
8.545152e-01
8.570331e-01
8.595512e-01
8.620692e-01
8.645872e-01
8.671052e-01
8.696232e-01
8.721412e-01
8.746592e-01
8.771772e-01
8.796952e-01
8.822132e-01
8.847312e-01
8.872493e-01
8.897672e-01
8.922853e-01
8.948033e-01
8.973213e-01
8.998393e-01
9.023573e-01
9.048753e-01
9.073933e-01
9.099113e-01
9.124293e-01
9.149473e-01
9.174653e-01
9.199833e-01
9.225013e-01
9.250194e-01
9.275373e-01
9.300553e-01
9.325734e-01
9.350913e-01
9.376094e-01
9.401274e-01
9.426454e-01
9.451634e-01
9.476814e-01
9.501994e-01
9.527175e-01
9.552354e-01
9.577535e-01
9.602715e-01
9.627894e-01
9.653075e-01
9.678255e-01
9.703435e-01
9.728615e-01
9.753795e-01
9.778975e-01
9.804155e-01
9.829336e-01
9.854516e-01
9.879694e-01
9.904876e-01
9.930056e-01
9.955234e-01
9.980417e-01
1.000560e+00
1.003077e+00
1.005596e+00
1.008114e+00
1.010632e+00
1.013150e+00
1.015667e+00
1.018185e+00
1.020704e+00
1.023222e+00
1.025740e+00
1.028258e+00
1.030775e+00
1.033293e+00
1.035812e+00
1.038330e+00
1.040848e+00
1.043366e+00
1.045884e+00
1.048401e+00
1.050920e+00
1.053438e+00
1.055956e+00
1.058474e+00
1.060992e+00
1.063509e+00
1.066028e+00
1.068546e+00
1.071064e+00
1.073582e+00
1.076100e+00
1.078618e+00
1.081136e+00
1.083654e+00
1.086172e+00
1.088690e+00
1.091208e+00
1.093726e+00
1.096244e+00
1.098762e+00
1.101280e+00
1.103798e+00
1.106316e+00
1.108834e+00
1.111352e+00
1.113870e+00
1.116388e+00
1.118906e+00
1.121424e+00
1.123942e+00
1.126460e+00
1.128978e+00
1.131496e+00
1.134014e+00
1.136532e+00
1.138864e+00
1.141197e+00
1.143530e+00
1.145862e+00
1.148194e+00
1.150527e+00
1.152859e+00
1.155191e+00
1.157524e+00
1.159857e+00
1.162189e+00
1.164521e+00
1.166854e+00
1.169186e+00
1.171519e+00
1.173851e+00
1.176183e+00
1.178516e+00
1.180848e+00
1.183181e+00
1.185513e+00
1.187845e+00
1.190178e+00
1.192510e+00
1.194843e+00
1.197175e+00
1.199508e+00
1.201840e+00
1.204172e+00
1.206505e+00
1.208837e+00
1.211170e+00
1.213502e+00
1.215834e+00
1.218167e+00
1.220500e+00
1.222832e+00
1.225164e+00
1.227497e+00
1.229829e+00
1.232162e+00
1.234494e+00
1.236826e+00
1.239159e+00
1.241491e+00
1.243824e+00
1.246156e+00
1.248489e+00
1.250821e+00
1.253153e+00
1.255485e+00
1.257819e+00
1.260151e+00
1.262483e+00
1.264815e+00
1.267148e+00
1.269481e+00
1.271813e+00
1.274146e+00
1.276478e+00
1.278810e+00
1.281142e+00
1.283475e+00
1.285808e+00
1.288140e+00
1.290472e+00
1.292805e+00
1.295138e+00
1.297470e+00
1.299802e+00
1.302135e+00
1.304467e+00
1.306800e+00
1.309132e+00
1.311464e+00
1.313797e+00
1.316129e+00
1.318461e+00
1.320794e+00
1.323126e+00
1.325459e+00
1.327791e+00
1.330123e+00
1.332456e+00
1.334789e+00
1.337121e+00
1.339453e+00
1.341786e+00
1.344118e+00
1.346451e+00
1.348783e+00
1.351115e+00
1.353448e+00
1.355780e+00
1.358113e+00
1.360445e+00
1.362778e+00
1.365110e+00
1.367442e+00
1.369775e+00
1.372107e+00
1.374440e+00
1.376772e+00
1.379104e+00
1.381437e+00
1.383770e+00
1.386102e+00
1.388434e+00
1.390767e+00
1.393099e+00
1.395432e+00
1.397764e+00
1.400097e+00
1.402429e+00
1.404761e+00
1.407094e+00
1.409427e+00
1.411759e+00
1.414091e+00
1.416424e+00
1.418756e+00
1.421089e+00
1.423421e+00
1.425753e+00
1.428086e+00
1.430418e+00
1.432751e+00
1.435083e+00
1.437416e+00
1.439748e+00
1.442080e+00
1.444413e+00
1.446745e+00
1.449078e+00
1.451410e+00
1.453742e+00
1.456075e+00
1.458407e+00
1.460740e+00
1.463072e+00
1.465404e+00
1.467737e+00
1.470070e+00
1.472402e+00
1.474734e+00
1.477067e+00
1.479399e+00
1.481731e+00
1.484064e+00
1.486396e+00
1.488729e+00
1.491061e+00
1.493393e+00
1.495726e+00
1.498059e+00
1.500391e+00
1.502723e+00
1.505056e+00
1.507388e+00
1.509721e+00
1.512053e+00
1.514386e+00
1.516718e+00
1.519050e+00
1.521383e+00
1.523716e+00
1.526048e+00
1.528380e+00
1.530712e+00
1.533045e+00
1.535378e+00
1.537710e+00
1.540042e+00
1.542375e+00
1.544707e+00
1.547040e+00
1.549372e+00
1.551705e+00
1.554037e+00
1.556369e+00
1.558702e+00
1.561034e+00
1.563367e+00
1.565699e+00
1.568031e+00
1.570364e+00
1.572697e+00
1.575029e+00
1.577361e+00
1.579694e+00
1.582026e+00
1.584359e+00
1.586691e+00
1.589023e+00
1.591356e+00
1.593688e+00
1.596021e+00
1.598353e+00
1.600685e+00
1.603018e+00
1.605350e+00
1.607682e+00
1.610015e+00
1.612348e+00
1.614680e+00
1.617012e+00
1.619345e+00
1.621678e+00
1.624010e+00
1.626342e+00
1.628674e+00
1.631007e+00
1.633339e+00
1.635672e+00
1.638004e+00
1.640337e+00
1.642669e+00
1.645001e+00
1.647335e+00
1.649667e+00
1.651999e+00
1.654331e+00
1.656664e+00
1.658997e+00
1.661329e+00
1.663661e+00
1.665994e+00
1.668326e+00
1.670658e+00
1.672991e+00
1.675323e+00
1.677656e+00
1.679988e+00
1.682320e+00
1.684653e+00
1.686986e+00
1.689318e+00
1.691650e+00
1.693983e+00
1.696315e+00
1.698648e+00
1.700980e+00
1.703312e+00
1.705645e+00
1.707977e+00
1.710310e+00
1.712642e+00
1.714975e+00
1.717307e+00
1.719639e+00
1.721972e+00
1.724304e+00
1.726637e+00
1.728969e+00
1.731301e+00
1.733634e+00
1.735966e+00
1.738299e+00
1.740631e+00
1.742963e+00
1.745296e+00
1.747629e+00
1.749961e+00
1.752293e+00
1.754626e+00
1.756958e+00
1.759291e+00
1.761623e+00
1.763956e+00
1.766288e+00
1.768620e+00
1.770952e+00
1.773286e+00
1.775618e+00
1.777950e+00
1.780283e+00
1.782615e+00
1.784948e+00
1.787280e+00
1.789613e+00
1.791945e+00
1.794277e+00
1.796609e+00
1.798942e+00
1.801275e+00
1.803607e+00
1.805939e+00
1.808272e+00
1.810604e+00
1.812937e+00
1.815269e+00
1.817601e+00
1.819934e+00
1.822267e+00
1.824599e+00
1.826931e+00
1.829264e+00
1.831596e+00
1.833928e+00
1.836261e+00
1.838593e+00
1.840926e+00
1.844827e+00
1.848728e+00
1.852628e+00
1.856529e+00
1.860430e+00
1.864331e+00
1.868232e+00
1.872133e+00
1.876034e+00
1.879935e+00
1.883836e+00
1.887737e+00
1.891638e+00
1.895539e+00
1.899439e+00
1.903340e+00
1.907241e+00
1.911142e+00
1.915043e+00
1.918943e+00
1.922845e+00
1.926745e+00
1.930646e+00
1.934547e+00
1.938448e+00
1.942349e+00
1.946250e+00
1.950151e+00
1.954052e+00
1.957953e+00
1.961853e+00
1.965755e+00
1.969655e+00
1.973556e+00
1.977457e+00
1.981358e+00
1.985259e+00
1.989160e+00
1.993061e+00
1.996962e+00
2.000863e+00
2.004763e+00
2.008665e+00
2.012565e+00
2.016466e+00
2.020367e+00
2.024268e+00
2.028168e+00
2.032069e+00
2.035970e+00
2.039871e+00
2.043772e+00
2.047673e+00
2.051574e+00
2.055475e+00
2.059376e+00
2.063277e+00
2.067178e+00
2.071078e+00
2.074980e+00
2.078880e+00
2.082781e+00
2.086682e+00
2.090583e+00
2.094484e+00
2.098385e+00
2.102286e+00
2.106187e+00
2.110088e+00
2.113988e+00
2.117890e+00
2.121790e+00
2.125691e+00
2.129592e+00
2.133492e+00
2.137394e+00
2.141294e+00
2.145195e+00
2.149096e+00
2.152997e+00
2.156898e+00
2.160799e+00
2.164700e+00
2.168601e+00
2.172502e+00
2.176403e+00
2.180304e+00
2.184204e+00
2.188105e+00
2.192006e+00
2.195907e+00
2.199808e+00
2.203709e+00
2.207610e+00
2.211511e+00
2.215412e+00
2.219313e+00
2.223214e+00
2.227115e+00
2.231015e+00
2.234916e+00
2.238817e+00
2.242717e+00
2.246619e+00
2.250519e+00
2.254420e+00
2.258321e+00
2.262222e+00
2.266123e+00
2.270024e+00
2.273925e+00
2.277826e+00
2.281727e+00
2.285627e+00
2.289529e+00
2.293429e+00
2.297330e+00
2.301231e+00
2.305132e+00
2.309033e+00
2.312934e+00
2.316835e+00
2.320736e+00
2.324637e+00
2.328538e+00
2.332439e+00
2.336339e+00
2.340240e+00
2.344141e+00
2.348042e+00
2.351943e+00
2.355843e+00
2.359744e+00
2.363645e+00
2.367546e+00
2.371447e+00
2.375348e+00
2.379249e+00
2.383150e+00
2.387051e+00
2.390952e+00
2.394853e+00
2.398754e+00
2.402654e+00
2.406555e+00
2.410456e+00
2.414357e+00
2.418258e+00
2.422159e+00
2.426060e+00
2.429961e+00
2.433862e+00
2.437763e+00
2.441664e+00
2.445564e+00
2.449466e+00
2.453366e+00
2.457266e+00
2.461168e+00
2.465068e+00
2.468969e+00
2.472870e+00
2.476771e+00
2.480672e+00
2.484573e+00
2.488474e+00
2.492375e+00
2.496276e+00
2.500177e+00
2.504078e+00
2.507978e+00
2.511879e+00
2.515780e+00
2.519681e+00
2.523582e+00
2.527483e+00
2.531384e+00
2.535285e+00
2.539186e+00
2.543087e+00
2.546988e+00
2.550889e+00
2.554789e+00
2.558690e+00
2.562591e+00
2.566492e+00
2.570393e+00
2.574293e+00
2.578194e+00
2.582095e+00
2.585996e+00
2.589897e+00
2.593798e+00
2.597699e+00
2.601600e+00
2.605501e+00
2.609402e+00
2.613303e+00
2.617203e+00
2.621105e+00
2.625005e+00
2.628291e+00
2.631577e+00
2.634862e+00
2.638148e+00
2.641434e+00
2.644719e+00
2.648005e+00
2.651291e+00
2.654576e+00
2.657862e+00
2.661148e+00
2.664433e+00
2.667719e+00
2.671005e+00
2.674290e+00
2.677576e+00
2.680861e+00
2.684147e+00
2.687433e+00
2.690718e+00
2.694004e+00
2.697290e+00
2.700575e+00
2.703861e+00
2.707147e+00
2.710432e+00
2.713718e+00
2.717004e+00
2.720289e+00
2.723575e+00
2.726861e+00
2.730146e+00
2.733432e+00
2.736718e+00
2.740003e+00
2.743289e+00
2.746574e+00
2.749860e+00
2.753146e+00
2.756431e+00
2.759717e+00
2.763003e+00
2.766288e+00
2.769574e+00
2.772860e+00
2.776145e+00
2.779431e+00
2.782717e+00
2.786003e+00
2.789288e+00
2.792573e+00
2.795860e+00
2.799145e+00
2.802430e+00
2.805717e+00
2.809002e+00
2.812287e+00
2.815574e+00
2.818859e+00
2.822144e+00
2.825431e+00
2.828716e+00
2.832002e+00
2.835287e+00
2.838573e+00
2.841859e+00
2.845144e+00
2.848430e+00
2.851716e+00
2.855001e+00
2.858287e+00
2.861573e+00
2.864858e+00
2.868144e+00
2.871430e+00
2.874715e+00
2.878001e+00
2.881286e+00
2.884572e+00
2.887858e+00
2.891143e+00
2.894429e+00
2.897715e+00
2.901000e+00
2.904286e+00
2.907572e+00
2.910857e+00
2.914143e+00
2.917429e+00
2.920714e+00
2.924000e+00
2.927286e+00
2.930571e+00
2.933857e+00
2.937143e+00
2.940428e+00
2.943714e+00
2.947000e+00
2.950285e+00
2.953571e+00
2.956857e+00
2.960143e+00
2.963428e+00
2.966714e+00
2.969999e+00
2.973285e+00
2.976570e+00
2.979856e+00
2.983142e+00
2.986427e+00
2.989713e+00
2.992999e+00
2.996284e+00
2.999570e+00
3.002856e+00
3.006142e+00
3.009427e+00
3.012713e+00
3.015998e+00
3.019284e+00
3.022569e+00
3.025855e+00
3.029141e+00
3.032426e+00
3.035712e+00
3.038998e+00
3.042283e+00
3.045569e+00
3.048855e+00
3.052141e+00
3.055426e+00
3.058712e+00
3.061998e+00
3.065283e+00
3.068569e+00
3.071855e+00
3.075140e+00
3.078426e+00
3.081712e+00
3.084997e+00
3.088283e+00
3.091569e+00
3.094854e+00
3.098140e+00
3.101426e+00
3.104711e+00
3.107997e+00
3.111282e+00
3.114568e+00
3.117854e+00
3.121139e+00
3.124425e+00
3.127711e+00
3.130996e+00
3.134282e+00
3.137568e+00
3.140853e+00
3.144139e+00
3.147425e+00
3.150710e+00
3.153996e+00
3.157281e+00
3.160567e+00
3.163853e+00
3.167138e+00
3.170424e+00
3.173710e+00
3.176995e+00
3.180282e+00
3.183567e+00
3.186852e+00
3.190139e+00
3.193424e+00
3.196709e+00
3.199996e+00
3.203281e+00
3.206566e+00
3.209852e+00
3.213138e+00
3.216423e+00
3.219709e+00
3.222995e+00
3.226281e+00
3.229566e+00
3.232852e+00
3.236138e+00
3.239423e+00
3.242709e+00
3.245994e+00
3.249280e+00
3.252565e+00
3.255851e+00
3.259137e+00
3.262422e+00
3.265708e+00
3.268994e+00
3.272280e+00
3.275565e+00
3.278851e+00
3.282137e+00
3.285422e+00
3.289215e+00
3.293007e+00
3.296799e+00
3.300593e+00
3.304385e+00
3.308177e+00
3.311969e+00
3.315762e+00
3.319554e+00
3.323347e+00
3.327140e+00
3.330932e+00
3.334724e+00
3.338517e+00
3.342309e+00
3.346102e+00
3.349895e+00
3.353687e+00
3.357479e+00
3.361272e+00
3.365064e+00
3.368856e+00
3.372649e+00
3.376442e+00
3.380234e+00
3.384027e+00
3.387819e+00
3.391611e+00
3.395404e+00
3.399197e+00
3.402989e+00
3.406781e+00
3.410574e+00
3.414366e+00
3.418159e+00
3.421951e+00
3.425744e+00
3.429536e+00
3.433329e+00
3.437121e+00
3.440914e+00
3.444706e+00
3.448499e+00
3.452291e+00
3.456084e+00
3.459876e+00
3.463668e+00
3.467461e+00
3.471253e+00
3.475046e+00
3.478838e+00
3.482631e+00
3.486423e+00
3.490216e+00
3.494008e+00
3.497801e+00
3.501593e+00
3.505386e+00
3.509178e+00
3.512971e+00
3.516763e+00
3.520555e+00
3.524348e+00
3.528140e+00
3.531933e+00
3.535725e+00
3.539518e+00
3.543310e+00
3.547103e+00
3.550895e+00
3.554688e+00
3.558480e+00
3.562273e+00
3.566065e+00
3.569858e+00
3.573650e+00
3.577442e+00
3.581235e+00
3.585028e+00
3.588820e+00
3.592612e+00
3.596405e+00
3.600197e+00
3.603990e+00
3.607783e+00
3.611575e+00
3.615367e+00
3.619160e+00
3.622952e+00
3.626744e+00
3.630537e+00
3.634330e+00
3.638122e+00
3.641915e+00
3.645707e+00
3.649499e+00
3.653292e+00
3.657085e+00
3.660877e+00
3.664670e+00
3.668462e+00
3.672254e+00
3.676046e+00
3.679840e+00
3.683632e+00
3.687424e+00
3.691217e+00
3.695009e+00
3.698801e+00
3.702594e+00
3.706387e+00
3.710179e+00
3.713972e+00
3.717764e+00
3.721556e+00
3.725349e+00
3.729142e+00
3.732934e+00
3.736727e+00
3.740519e+00
3.744311e+00
3.748104e+00
3.751897e+00
3.755689e+00
3.759481e+00
3.763274e+00
3.767066e+00
3.770858e+00
3.774651e+00
3.778444e+00
3.782236e+00
3.786029e+00
3.789821e+00
3.793613e+00
3.797406e+00
3.801199e+00
3.804991e+00
3.808784e+00
3.812576e+00
3.816368e+00
3.820161e+00
3.823953e+00
3.827746e+00
3.831538e+00
3.835331e+00
3.839123e+00
3.842915e+00
3.846708e+00
3.850501e+00
3.854293e+00
3.858086e+00
3.861878e+00
3.865670e+00
3.869463e+00
3.873256e+00
3.877048e+00
3.880840e+00
3.884633e+00
3.888425e+00
3.892218e+00
3.896010e+00
3.899803e+00
3.903595e+00
3.907388e+00
3.911180e+00
3.914973e+00
3.918765e+00
3.922558e+00
3.926350e+00
3.930142e+00
3.933935e+00
3.937727e+00
3.941520e+00
3.945313e+00
3.949105e+00
3.952897e+00
3.956690e+00
3.960482e+00
3.964275e+00
3.968067e+00
3.971860e+00
3.975652e+00
3.979444e+00
3.983237e+00
3.987030e+00
3.990822e+00
3.994615e+00
3.998407e+00
4.002199e+00
4.005992e+00
4.009784e+00
4.013577e+00
4.017370e+00
4.021162e+00
4.024954e+00
4.028747e+00
4.032539e+00
4.036332e+00
4.040125e+00
4.043917e+00
4.047709e+00
4.051501e+00
4.055294e+00
4.059086e+00
4.062879e+00
4.066672e+00
4.070464e+00
4.074256e+00
4.078049e+00
4.081841e+00
4.085634e+00
4.089427e+00
4.093219e+00
4.097011e+00
4.100804e+00
4.104596e+00
4.108388e+00
4.112182e+00
4.115974e+00
4.119766e+00
4.123559e+00
4.127351e+00
4.131143e+00
4.134936e+00
4.138729e+00
4.142521e+00
4.146313e+00
4.150106e+00
4.153898e+00
4.157691e+00
4.161484e+00
4.165276e+00
4.169068e+00
4.172861e+00
4.176653e+00
4.180446e+00
4.184239e+00
4.188031e+00
4.191823e+00
4.195616e+00
4.199408e+00
4.203200e+00
4.206993e+00
4.210786e+00
4.214578e+00
4.218370e+00
4.222163e+00
4.225955e+00
4.229748e+00
4.233541e+00
4.237333e+00
4.241125e+00
4.244918e+00
4.248710e+00
4.252503e+00
4.256295e+00
4.260088e+00
4.263880e+00
4.267673e+00
4.271465e+00
4.275257e+00
4.279050e+00
4.282843e+00
4.286635e+00
4.290427e+00
4.294220e+00
4.298012e+00
4.301805e+00
4.305597e+00
4.309390e+00
4.313182e+00
4.316975e+00
4.320767e+00
4.324560e+00
4.328352e+00
4.332145e+00
4.335937e+00
4.339730e+00
4.343522e+00
4.347315e+00
4.351107e+00
4.354899e+00
4.358692e+00
4.362484e+00
4.366277e+00
4.370069e+00
4.373862e+00
4.377654e+00
4.381447e+00
4.385239e+00
4.389032e+00
4.392824e+00
4.396617e+00
4.400409e+00
4.404202e+00
4.407994e+00
4.411786e+00
4.415579e+00
4.419372e+00
4.423164e+00
4.426956e+00
4.430749e+00
4.431600e+00
4.432451e+00
4.433303e+00
4.434154e+00
4.435005e+00
4.435856e+00
4.436708e+00
4.437559e+00
4.438410e+00
4.439261e+00
4.440113e+00
4.440963e+00
4.441815e+00
4.442666e+00
4.443518e+00
4.444369e+00
4.445220e+00
4.446071e+00
4.446922e+00
4.447774e+00
4.448625e+00
4.449476e+00
4.450327e+00
4.451179e+00
4.452030e+00
4.452881e+00
4.453732e+00
4.454584e+00
4.455434e+00
4.456286e+00
4.457137e+00
4.457988e+00
4.458840e+00
4.459691e+00
4.460543e+00
4.461393e+00
4.462245e+00
4.463096e+00
4.463947e+00
4.464798e+00
4.465650e+00
4.466501e+00
4.467352e+00
4.468203e+00
4.469055e+00
4.469906e+00
4.470757e+00
4.471609e+00
4.472459e+00
4.473311e+00
4.474162e+00
4.475014e+00
4.475865e+00
4.476716e+00
4.477567e+00
4.478418e+00
4.479269e+00
4.480121e+00
4.480972e+00
4.481823e+00
4.482675e+00
4.483526e+00
4.484377e+00
4.485228e+00
4.486080e+00
4.486931e+00
4.487782e+00
4.488633e+00
4.489484e+00
4.490336e+00
4.491187e+00
4.492038e+00
4.492889e+00
4.493741e+00
4.494592e+00
4.495443e+00
4.496294e+00
4.497146e+00
4.497997e+00
4.498848e+00
4.499699e+00
4.500551e+00
4.501402e+00
4.502253e+00
4.503104e+00
4.503955e+00
4.504806e+00
4.505658e+00
4.506510e+00
4.507361e+00
4.508212e+00
4.509063e+00
4.509914e+00
4.510765e+00
4.511617e+00
4.512468e+00
4.513319e+00
4.514170e+00
4.515022e+00
4.515873e+00
4.516724e+00
4.517575e+00
4.518427e+00
4.519278e+00
4.520129e+00
4.520980e+00
4.521832e+00
4.522683e+00
4.523534e+00
4.524385e+00
4.525236e+00
4.526088e+00
4.526939e+00
4.527790e+00
4.528641e+00
4.529493e+00
4.530344e+00
4.531195e+00
4.532047e+00
4.532898e+00
4.533749e+00
4.534600e+00
4.535451e+00
4.536302e+00
4.537154e+00
4.538005e+00
4.538857e+00
4.539707e+00
4.540559e+00
4.541410e+00
4.542261e+00
4.543112e+00
4.543964e+00
4.544815e+00
4.545666e+00
4.546518e+00
4.547369e+00
4.548220e+00
4.549071e+00
4.549923e+00
4.550773e+00
4.551625e+00
4.552476e+00
4.553327e+00
4.554179e+00
4.555030e+00
4.555881e+00
4.556732e+00
4.557584e+00
4.558435e+00
4.559286e+00
4.560137e+00
4.560989e+00
4.561840e+00
4.562691e+00
4.563542e+00
4.564394e+00
4.565245e+00
4.566096e+00
4.566947e+00
4.567798e+00
4.568649e+00
4.569501e+00
4.570353e+00
4.571203e+00
4.572055e+00
4.572906e+00
4.573757e+00
4.574608e+00
4.575460e+00
4.576311e+00
4.577162e+00
4.578013e+00
4.578865e+00
4.579716e+00
4.580567e+00
4.581418e+00
4.582269e+00
4.583121e+00
4.583972e+00
4.584823e+00
4.585675e+00
4.586526e+00
4.587377e+00
4.588228e+00
4.589079e+00
4.589931e+00
4.590782e+00
4.591633e+00
4.592484e+00
4.593336e+00
4.594187e+00
4.595038e+00
4.595890e+00
4.596741e+00
4.597592e+00
4.598443e+00
4.599294e+00
4.600145e+00
4.600997e+00
4.601848e+00
4.602699e+00
4.603550e+00
4.604402e+00
4.605253e+00
4.606104e+00
4.606956e+00
4.607807e+00
4.608658e+00
4.609509e+00
4.610361e+00
4.611212e+00
4.612063e+00
4.612914e+00
4.613765e+00
4.614616e+00
4.615468e+00
4.616319e+00
4.617171e+00
4.618021e+00
4.618873e+00
4.619724e+00
4.620575e+00
4.621427e+00
4.622278e+00
4.623129e+00
4.623980e+00
4.624832e+00
4.625683e+00
4.626534e+00
4.627385e+00
4.628237e+00
4.629087e+00
4.629939e+00
4.630790e+00
4.631641e+00
4.632493e+00
4.633344e+00
4.634195e+00
4.635046e+00
4.635898e+00
4.636749e+00
4.637600e+00
4.638451e+00
4.639303e+00
4.640153e+00
4.641005e+00
4.641856e+00
4.642708e+00
4.643559e+00
4.644410e+00
4.645261e+00
4.646112e+00
4.646964e+00
4.647815e+00
4.648667e+00
4.649517e+00
4.650369e+00
4.651220e+00
4.652071e+00
4.652922e+00
4.653774e+00
4.654625e+00
4.655476e+00
4.656327e+00
4.657179e+00
4.658030e+00
4.658881e+00
4.659733e+00
4.660583e+00
4.661435e+00
4.662286e+00
4.663137e+00
4.663988e+00
4.664840e+00
4.665691e+00
4.666542e+00
4.667393e+00
4.668245e+00
4.669096e+00
4.669947e+00
4.670799e+00
4.671649e+00
4.672501e+00
4.673352e+00
4.674204e+00
4.675055e+00
4.675906e+00
4.676757e+00
4.677608e+00
4.678459e+00
4.679311e+00
4.680162e+00
4.681013e+00
4.681864e+00
4.682716e+00
4.683567e+00
4.684418e+00
4.685270e+00
4.686121e+00
4.686972e+00
4.687823e+00
4.688675e+00
4.689526e+00
4.690377e+00
4.691228e+00
4.692079e+00
4.692930e+00
4.693782e+00
4.694633e+00
4.695484e+00
4.696336e+00
4.697187e+00
4.698038e+00
4.698889e+00
4.699741e+00
4.700592e+00
4.701443e+00
4.702294e+00
4.703145e+00
4.703997e+00
4.704848e+00
4.705699e+00
4.706551e+00
4.707402e+00
4.708253e+00
4.709104e+00
4.709955e+00
4.710807e+00
4.711658e+00
4.712509e+00
4.713360e+00
4.714212e+00
4.715063e+00
4.715914e+00
4.716765e+00
4.717617e+00
4.718467e+00
4.719319e+00
4.720171e+00
4.721022e+00
4.721873e+00
4.722724e+00
4.723575e+00
4.724426e+00
4.725278e+00
4.726129e+00
4.726980e+00
4.727831e+00
4.728683e+00
4.729534e+00
4.730385e+00
4.731236e+00
4.732088e+00
4.732939e+00
4.733790e+00
4.734641e+00
4.735493e+00
4.736344e+00
4.737195e+00
4.738047e+00
4.738897e+00
4.739749e+00
4.740600e+00
4.741451e+00
4.742302e+00
4.743154e+00
4.744005e+00
4.744856e+00
4.745708e+00
4.746559e+00
4.747410e+00
4.748261e+00
4.749113e+00
4.749963e+00
4.750815e+00
4.751666e+00
4.752518e+00
4.753369e+00
4.754220e+00
4.755071e+00
4.755922e+00
4.756773e+00
4.757625e+00
4.758476e+00
4.759327e+00
4.760179e+00
4.761030e+00
4.761881e+00
4.762732e+00
4.763584e+00
4.764435e+00
4.765286e+00
4.766137e+00
4.766988e+00
4.767840e+00
4.768691e+00
4.769542e+00
4.770393e+00
4.771245e+00
4.772096e+00
4.772947e+00
4.773798e+00
4.774650e+00
4.775501e+00
4.776352e+00
4.777203e+00
4.778055e+00
4.778906e+00
4.779757e+00
4.780608e+00
4.781459e+00
4.782310e+00
4.783162e+00
4.784014e+00
4.784865e+00
4.785716e+00
4.786567e+00
4.787418e+00
4.788269e+00
4.789121e+00
4.789972e+00
4.790823e+00
4.791674e+00
4.792526e+00
4.793377e+00
4.794228e+00
4.795079e+00
4.795931e+00
4.796782e+00
4.797633e+00
4.798484e+00
4.799336e+00
4.800187e+00
4.801038e+00
4.801889e+00
4.802740e+00
4.803592e+00
4.804443e+00
4.805294e+00
4.806145e+00
4.806997e+00
4.807848e+00
4.808699e+00
4.809551e+00
4.810402e+00
4.811253e+00
4.812104e+00
4.812955e+00
4.813806e+00
4.814658e+00
4.815509e+00
4.816361e+00
4.817211e+00
4.818063e+00
4.818914e+00
4.819765e+00
4.820617e+00
4.821468e+00
4.822319e+00
4.823170e+00
4.824022e+00
4.824873e+00
4.825724e+00
4.826575e+00
4.827427e+00
4.828277e+00
4.829129e+00
4.829980e+00
4.830832e+00
4.831683e+00
4.832534e+00
4.833386e+00
4.834236e+00
4.835088e+00
4.835939e+00
4.836790e+00
4.837641e+00
4.838493e+00
4.839344e+00
4.840195e+00
4.841046e+00
4.841898e+00
4.842749e+00
4.843600e+00
4.844451e+00
4.845302e+00
4.846154e+00
4.847005e+00
4.847857e+00
4.848707e+00
4.849559e+00
4.850410e+00
4.851261e+00
4.852112e+00
4.852964e+00
4.853815e+00
4.854666e+00
4.855517e+00
4.856369e+00
4.857220e+00
4.858071e+00
4.856216e+00
4.854362e+00
4.852507e+00
4.850653e+00
4.848799e+00
4.846944e+00
4.845090e+00
4.843236e+00
4.841381e+00
4.839526e+00
4.837672e+00
4.835818e+00
4.833963e+00
4.832109e+00
4.830254e+00
4.828400e+00
4.826545e+00
4.824691e+00
4.822836e+00
4.820982e+00
4.819128e+00
4.817273e+00
4.815418e+00
4.813564e+00
4.811709e+00
4.809855e+00
4.808000e+00
4.806146e+00
4.804292e+00
4.802437e+00
4.800583e+00
4.798728e+00
4.796874e+00
4.795019e+00
4.793164e+00
4.791311e+00
4.789456e+00
4.787601e+00
4.785747e+00
4.783892e+00
4.782038e+00
4.780184e+00
4.778329e+00
4.776475e+00
4.774621e+00
4.772766e+00
4.770911e+00
4.769057e+00
4.767202e+00
4.765348e+00
4.763493e+00
4.761639e+00
4.759785e+00
4.757930e+00
4.756076e+00
4.754221e+00
4.752367e+00
4.750512e+00
4.748658e+00
4.746804e+00
4.744949e+00
4.743094e+00
4.741240e+00
4.739385e+00
4.737531e+00
4.735676e+00
4.733822e+00
4.731968e+00
4.730113e+00
4.728259e+00
4.726404e+00
4.724549e+00
4.722695e+00
4.720840e+00
4.718986e+00
4.717132e+00
4.715277e+00
4.713423e+00
4.711568e+00
4.709714e+00
4.707859e+00
4.706005e+00
4.704151e+00
4.702296e+00
4.700442e+00
4.698587e+00
4.696733e+00
4.694878e+00
4.693024e+00
4.691169e+00
4.689315e+00
4.687461e+00
4.685606e+00
4.683752e+00
4.681897e+00
4.680042e+00
4.678188e+00
4.676333e+00
4.674479e+00
4.672625e+00
4.670770e+00
4.668916e+00
4.667061e+00
4.665207e+00
4.663352e+00
4.661498e+00
4.659644e+00
4.657789e+00
4.655935e+00
4.654080e+00
4.652225e+00
4.650371e+00
4.648516e+00
4.646662e+00
4.644808e+00
4.642953e+00
4.641099e+00
4.639244e+00
4.637390e+00
4.635535e+00
4.633681e+00
4.631827e+00
4.629972e+00
4.628118e+00
4.626263e+00
4.624409e+00
4.622554e+00
4.620700e+00
4.618845e+00
4.616991e+00
4.615137e+00
4.613282e+00
4.611427e+00
4.609573e+00
4.607718e+00
4.605864e+00
4.604009e+00
4.602155e+00
4.600301e+00
4.598446e+00
4.596592e+00
4.594737e+00
4.592883e+00
4.591028e+00
4.589173e+00
4.587320e+00
4.585465e+00
4.583610e+00
4.581756e+00
4.579901e+00
4.578047e+00
4.576192e+00
4.574338e+00
4.572484e+00
4.570629e+00
4.568775e+00
4.566920e+00
4.565066e+00
4.563211e+00
4.561357e+00
4.559502e+00
4.557648e+00
4.555794e+00
4.553939e+00
4.552085e+00
4.550230e+00
4.548375e+00
4.546521e+00
4.544667e+00
4.542812e+00
4.540958e+00
4.539103e+00
4.537249e+00
4.535394e+00
4.533540e+00
4.531685e+00
4.529831e+00
4.527977e+00
4.526122e+00
4.524268e+00
4.522413e+00
4.520558e+00
4.518704e+00
4.516849e+00
4.514995e+00
4.513141e+00
4.511286e+00
4.509432e+00
4.507577e+00
4.505723e+00
4.503868e+00
4.502014e+00
4.500160e+00
4.498305e+00
4.496451e+00
4.494596e+00
4.492742e+00
4.490887e+00
4.489033e+00
4.487178e+00
4.485324e+00
4.483470e+00
4.481615e+00
4.479761e+00
4.477906e+00
4.476051e+00
4.474197e+00
4.472342e+00
4.470488e+00
4.468634e+00
4.466779e+00
4.464925e+00
4.463070e+00
4.461216e+00
4.459361e+00
4.457506e+00
4.455653e+00
4.453798e+00
4.451943e+00
4.450089e+00
4.448234e+00
4.446380e+00
4.444525e+00
4.442671e+00
4.440817e+00
4.438962e+00
4.437108e+00
4.435253e+00
4.433399e+00
4.431544e+00
4.429689e+00
4.427836e+00
4.425981e+00
4.424126e+00
4.422272e+00
4.420418e+00
4.418563e+00
4.416709e+00
4.414854e+00
4.413000e+00
4.411146e+00
4.409291e+00
4.407436e+00
4.405582e+00
4.403727e+00
4.401873e+00
4.400018e+00
4.398164e+00
4.396310e+00
4.394455e+00
4.392601e+00
4.390746e+00
4.388891e+00
4.387037e+00
4.385182e+00
4.383328e+00
4.381474e+00
4.379619e+00
4.377765e+00
4.375910e+00
4.374056e+00
4.372201e+00
4.370347e+00
4.368493e+00
4.366638e+00
4.364784e+00
4.362929e+00
4.361074e+00
4.359220e+00
4.357366e+00
4.355511e+00
4.353657e+00
4.351803e+00
4.349948e+00
4.348094e+00
4.346239e+00
4.344384e+00
4.342530e+00
4.340675e+00
4.338821e+00
4.336967e+00
4.335112e+00
4.333258e+00
4.331403e+00
4.329549e+00
4.327694e+00
4.325840e+00
4.323986e+00
4.322131e+00
4.320277e+00
4.318422e+00
4.316567e+00
4.314713e+00
4.312858e+00
4.311004e+00
4.309150e+00
4.307295e+00
4.305441e+00
4.303586e+00
4.301732e+00
4.299877e+00
4.298022e+00
4.296169e+00
4.294314e+00
4.292459e+00
4.290605e+00
4.288750e+00
4.286896e+00
4.285042e+00
4.283187e+00
4.281333e+00
4.279479e+00
4.277624e+00
4.275769e+00
4.273915e+00
4.272060e+00
4.270206e+00
4.268351e+00
4.266497e+00
4.264643e+00
4.262788e+00
4.260934e+00
4.259079e+00
4.257225e+00
4.255370e+00
4.253515e+00
4.251662e+00
4.249807e+00
4.247952e+00
4.246098e+00
4.244243e+00
4.242389e+00
4.240534e+00
4.238680e+00
4.236826e+00
4.234971e+00
4.233117e+00
4.231262e+00
4.229408e+00
4.227553e+00
4.225698e+00
4.223845e+00
4.221990e+00
4.220135e+00
4.218281e+00
4.216427e+00
4.214572e+00
4.212717e+00
4.210863e+00
4.209009e+00
4.207154e+00
4.205300e+00
4.203445e+00
4.201591e+00
4.199736e+00
4.197882e+00
4.196027e+00
4.194173e+00
4.192319e+00
4.190464e+00
4.188610e+00
4.186755e+00
4.184900e+00
4.183046e+00
4.181191e+00
4.179337e+00
4.177483e+00
4.175628e+00
4.173774e+00
4.171919e+00
4.170065e+00
4.168210e+00
4.166356e+00
4.164502e+00
4.162647e+00
4.160793e+00
4.158938e+00
4.157083e+00
4.155229e+00
4.153374e+00
4.151520e+00
4.149666e+00
4.147811e+00
4.145957e+00
4.144103e+00
4.142248e+00
4.140393e+00
4.138539e+00
4.136684e+00
4.134830e+00
4.132976e+00
4.131121e+00
4.129267e+00
4.127412e+00
4.125558e+00
4.123703e+00
4.121849e+00
4.119995e+00
4.118140e+00
4.116285e+00
4.114431e+00
4.112576e+00
4.110722e+00
4.108867e+00
4.107013e+00
4.105159e+00
4.103304e+00
4.101450e+00
4.099595e+00
4.097741e+00
4.095886e+00
4.094031e+00
4.092178e+00
4.090323e+00
4.088468e+00
4.086614e+00
4.084759e+00
4.082905e+00
4.081051e+00
4.079196e+00
4.077342e+00
4.075488e+00
4.073633e+00
4.071778e+00
4.069924e+00
4.068069e+00
4.066215e+00
4.064360e+00
4.062506e+00
4.060652e+00
4.058797e+00
4.056943e+00
4.055088e+00
4.053234e+00
4.051379e+00
4.049524e+00
4.047670e+00
4.045816e+00
4.043961e+00
4.042107e+00
4.040252e+00
4.038398e+00
4.036543e+00
4.034689e+00
4.032835e+00
4.030980e+00
4.029126e+00
4.027271e+00
4.025416e+00
4.023562e+00
4.021707e+00
4.019853e+00
4.017999e+00
4.016144e+00
4.014290e+00
4.012435e+00
4.010581e+00
4.008726e+00
4.006872e+00
4.005018e+00
4.003163e+00
4.001309e+00
3.999454e+00
3.997600e+00
3.995745e+00
3.993891e+00
3.992036e+00
3.990182e+00
3.988328e+00
3.986473e+00
3.984619e+00
3.982764e+00
3.980909e+00
3.979055e+00
3.977200e+00
3.975346e+00
3.973492e+00
3.971637e+00
3.969783e+00
3.967928e+00
3.966074e+00
3.964219e+00
3.962364e+00
3.960511e+00
3.958656e+00
3.956801e+00
3.954947e+00
3.953092e+00
3.951238e+00
3.949383e+00
3.947529e+00
3.945675e+00
3.943820e+00
3.941966e+00
3.940111e+00
3.938257e+00
3.936402e+00
3.934548e+00
3.932693e+00
3.930839e+00
3.928985e+00
3.927130e+00
3.925276e+00
3.924208e+00
3.923141e+00
3.922074e+00
3.921007e+00
3.919939e+00
3.918872e+00
3.917805e+00
3.916738e+00
3.915671e+00
3.914603e+00
3.913535e+00
3.912469e+00
3.911401e+00
3.910334e+00
3.909267e+00
3.908199e+00
3.907133e+00
3.906065e+00
3.904998e+00
3.903930e+00
3.902863e+00
3.901796e+00
3.900729e+00
3.899662e+00
3.898594e+00
3.897527e+00
3.896460e+00
3.895393e+00
3.894325e+00
3.893258e+00
3.892190e+00
3.891124e+00
3.890056e+00
3.888989e+00
3.887922e+00
3.886855e+00
3.885787e+00
3.884720e+00
3.883653e+00
3.882585e+00
3.881518e+00
3.880451e+00
3.879384e+00
3.878316e+00
3.877249e+00
3.876182e+00
3.875115e+00
3.874047e+00
3.872980e+00
3.871913e+00
3.870846e+00
3.869779e+00
3.868711e+00
3.867644e+00
3.866576e+00
3.865509e+00
3.864442e+00
3.863375e+00
3.862308e+00
3.861241e+00
3.860173e+00
3.859106e+00
3.858038e+00
3.856971e+00
3.855904e+00
3.854837e+00
3.853770e+00
3.852702e+00
3.851635e+00
3.850568e+00
3.849501e+00
3.848433e+00
3.847366e+00
3.846299e+00
3.845232e+00
3.844164e+00
3.843097e+00
3.842030e+00
3.840962e+00
3.839896e+00
3.838828e+00
3.837761e+00
3.836693e+00
3.835627e+00
3.834559e+00
3.833492e+00
3.832425e+00
3.831357e+00
3.830291e+00
3.829223e+00
3.828155e+00
3.827088e+00
3.826021e+00
3.824954e+00
3.823887e+00
3.822819e+00
3.821752e+00
3.820684e+00
3.819618e+00
3.818550e+00
3.817483e+00
3.816416e+00
3.815349e+00
3.814282e+00
3.813214e+00
3.812147e+00
3.811079e+00
3.810013e+00
3.808945e+00
3.807878e+00
3.806810e+00
3.805743e+00
3.804676e+00
3.803609e+00
3.802542e+00
3.801474e+00
3.800407e+00
3.799340e+00
3.798273e+00
3.797205e+00
3.796138e+00
3.795071e+00
3.794004e+00
3.792936e+00
3.791869e+00
3.790801e+00
3.789735e+00
3.788667e+00
3.787600e+00
3.786533e+00
3.785465e+00
3.784399e+00
3.783331e+00
3.782264e+00
3.781196e+00
3.780129e+00
3.779062e+00
3.777995e+00
3.776928e+00
3.775860e+00
3.774793e+00
3.773726e+00
3.772658e+00
3.771591e+00
3.770524e+00
3.769456e+00
3.768390e+00
3.767322e+00
3.766255e+00
3.765188e+00
3.764121e+00
3.763053e+00
3.761986e+00
3.760919e+00
3.759851e+00
3.758784e+00
3.757717e+00
3.756650e+00
3.755582e+00
3.754515e+00
3.753448e+00
3.752381e+00
3.751313e+00
3.750246e+00
3.749179e+00
3.748112e+00
3.747045e+00
3.745977e+00
3.744910e+00
3.743842e+00
3.742775e+00
3.741708e+00
3.740641e+00
3.739574e+00
3.738507e+00
3.737439e+00
3.736372e+00
3.735304e+00
3.734237e+00
3.733170e+00
3.732103e+00
3.731036e+00
3.729968e+00
3.728901e+00
3.727834e+00
3.726767e+00
3.725699e+00
3.724632e+00
3.723565e+00
3.722498e+00
3.721430e+00
3.720363e+00
3.719296e+00
3.718228e+00
3.717162e+00
3.716094e+00
3.715027e+00
3.713959e+00
3.712893e+00
3.711825e+00
3.710758e+00
3.709691e+00
3.708623e+00
3.707556e+00
3.706489e+00
3.705421e+00
3.704354e+00
3.703287e+00
3.702220e+00
3.701153e+00
3.700085e+00
3.699018e+00
3.697950e+00
3.696884e+00
3.695816e+00
3.694749e+00
3.693682e+00
3.692615e+00
3.691548e+00
3.690480e+00
3.689413e+00
3.688345e+00
3.687278e+00
3.686211e+00
3.685144e+00
3.684076e+00
3.683009e+00
3.681942e+00
3.680875e+00
3.679808e+00
3.678740e+00
3.677673e+00
3.676606e+00
3.675539e+00
3.674471e+00
3.673404e+00
3.672337e+00
3.671270e+00
3.670202e+00
3.669135e+00
3.668067e+00
3.667001e+00
3.665933e+00
3.664866e+00
3.663799e+00
3.662731e+00
3.661665e+00
3.660597e+00
3.659530e+00
3.658462e+00
3.657395e+00
3.656328e+00
3.655261e+00
3.654193e+00
3.653126e+00
3.652059e+00
3.650992e+00
3.649924e+00
3.648857e+00
3.647790e+00
3.646722e+00
3.645656e+00
3.644588e+00
3.643521e+00
3.642453e+00
3.641387e+00
3.640319e+00
3.639252e+00
3.638184e+00
3.637117e+00
3.636050e+00
3.634983e+00
3.633916e+00
3.632848e+00
3.631781e+00
3.630714e+00
3.629647e+00
3.628579e+00
3.627512e+00
3.626445e+00
3.625378e+00
3.624311e+00
3.623243e+00
3.622175e+00
3.621108e+00
3.620041e+00
3.618974e+00
3.617907e+00
3.616839e+00
3.615773e+00
3.614705e+00
3.613638e+00
3.612570e+00
3.611503e+00
3.610436e+00
3.609369e+00
3.608302e+00
3.607234e+00
3.606167e+00
3.605100e+00
3.604033e+00
3.602965e+00
3.601898e+00
3.600830e+00
3.599764e+00
3.598696e+00
3.597629e+00
3.596562e+00
3.595495e+00
3.594428e+00
3.593360e+00
3.592293e+00
3.591225e+00
3.590158e+00
3.589091e+00
3.588024e+00
3.586957e+00
3.585889e+00
3.584822e+00
3.583755e+00
3.582687e+00
3.581620e+00
3.580553e+00
3.579486e+00
3.578419e+00
3.577351e+00
3.576284e+00
3.575216e+00
3.574150e+00
3.573082e+00
3.572015e+00
3.570948e+00
3.569881e+00
3.568813e+00
3.567746e+00
3.566679e+00
3.565611e+00
3.564544e+00
3.563477e+00
3.562410e+00
3.561342e+00
3.560275e+00
3.559208e+00
3.558141e+00
3.557073e+00
3.556006e+00
3.554939e+00
3.553872e+00
3.552804e+00
3.551737e+00
3.550670e+00
3.549603e+00
3.548536e+00
3.547468e+00
3.546401e+00
3.545333e+00
3.544267e+00
3.543199e+00
3.542132e+00
3.541065e+00
3.539997e+00
3.538931e+00
3.537863e+00
3.536795e+00
3.535728e+00
3.534661e+00
3.533594e+00
3.532527e+00
3.531459e+00
3.530392e+00
3.529325e+00
3.528258e+00
3.527190e+00
3.526123e+00
3.525056e+00
3.523988e+00
3.522922e+00
3.521854e+00
3.520787e+00
3.519719e+00
3.518653e+00
3.517585e+00
3.516518e+00
3.515450e+00
3.514383e+00
3.513316e+00
3.512249e+00
3.511182e+00
3.510114e+00
3.509047e+00
3.507980e+00
3.506913e+00
3.505845e+00
3.504778e+00
3.503711e+00
3.502644e+00
3.501577e+00
3.500509e+00
3.499441e+00
3.498374e+00
3.497307e+00
3.496240e+00
3.495173e+00
3.494105e+00
3.493039e+00
3.491971e+00
3.490904e+00
3.489836e+00
3.488769e+00
3.487702e+00
3.486635e+00
3.485568e+00
3.484500e+00
3.483433e+00
3.482366e+00
3.481299e+00
3.480231e+00
3.479164e+00
3.478096e+00
3.477030e+00
3.475962e+00
3.474895e+00
3.473828e+00
3.472761e+00
3.471693e+00
3.470626e+00
3.469559e+00
3.468491e+00
3.467424e+00
3.466357e+00
3.465290e+00
3.464223e+00
3.463155e+00
3.462088e+00
3.461021e+00
3.459953e+00
3.458886e+00
3.457819e+00
3.456752e+00
3.455685e+00
3.454617e+00
3.453550e+00
3.452482e+00
3.451415e+00
3.450348e+00
3.449281e+00
3.448214e+00
3.447147e+00
3.446079e+00
3.445012e+00
3.443945e+00
3.442877e+00
3.441810e+00
3.440743e+00
3.439676e+00
3.438608e+00
3.437541e+00
3.436474e+00
3.435407e+00
3.434339e+00
3.433272e+00
3.432205e+00
3.431138e+00
3.430070e+00
3.429003e+00
3.427936e+00
3.426868e+00
3.425802e+00
3.424734e+00
3.423667e+00
3.422599e+00
3.421533e+00
3.420465e+00
3.419398e+00
3.418331e+00
3.417263e+00
3.416197e+00
3.415129e+00
3.414061e+00
3.412994e+00
3.411927e+00
