2.618000e-04
3.229873e-04
3.841747e-04
4.453620e-04
5.065493e-04
5.677367e-04
6.289240e-04
6.901113e-04
7.512987e-04
8.124860e-04
8.736733e-04
9.348607e-04
9.960480e-04
1.057236e-03
1.118422e-03
1.179610e-03
1.240798e-03
1.301984e-03
1.363172e-03
1.424360e-03
1.485546e-03
1.546734e-03
1.607922e-03
1.669108e-03
1.730296e-03
1.791484e-03
1.852670e-03
1.913858e-03
1.975046e-03
2.036232e-03
2.097420e-03
2.214699e-03
2.331978e-03
2.449257e-03
2.566536e-03
2.683815e-03
2.801094e-03
2.918373e-03
3.035652e-03
3.152931e-03
3.270210e-03
3.387489e-03
3.504768e-03
3.622047e-03
3.739326e-03
3.856605e-03
3.973884e-03
4.091163e-03
4.208442e-03
4.325721e-03
4.443000e-03
4.509510e-03
4.576020e-03
4.642530e-03
4.709040e-03
4.775550e-03
4.842060e-03
4.908570e-03
4.975080e-03
5.041590e-03
5.108100e-03
5.174610e-03
5.241120e-03
5.307630e-03
5.374140e-03
5.440650e-03
5.507160e-03
5.573670e-03
5.640180e-03
5.613573e-03
5.773200e-03
5.932827e-03
6.092453e-03
6.252080e-03
6.411707e-03
6.571333e-03
6.730960e-03
6.890587e-03
7.050213e-03
7.209840e-03
7.369467e-03
7.529093e-03
7.688720e-03
7.848347e-03
8.007973e-03
8.167600e-03
8.327227e-03
8.486853e-03
8.646480e-03
8.806107e-03
8.965733e-03
9.125360e-03
9.284987e-03
9.444613e-03
9.604240e-03
9.763867e-03
9.923493e-03
1.008312e-02
1.024275e-02
1.040237e-02
1.056200e-02
1.067486e-02
1.078772e-02
1.090058e-02
1.101344e-02
1.112630e-02
1.123916e-02
1.135202e-02
1.146488e-02
1.157774e-02
1.169060e-02
1.180346e-02
1.191632e-02
1.202918e-02
1.214204e-02
1.225490e-02
1.236776e-02
1.248062e-02
1.259348e-02
1.270634e-02
1.281920e-02
1.293206e-02
1.304492e-02
1.315778e-02
1.327064e-02
1.338350e-02
1.349636e-02
1.360922e-02
1.372208e-02
1.383494e-02
1.394780e-02
1.406066e-02
1.417352e-02
1.428638e-02
1.439924e-02
1.451210e-02
1.462496e-02
1.473782e-02
1.485068e-02
1.496354e-02
1.507640e-02
1.518926e-02
1.530212e-02
1.541498e-02
1.552784e-02
1.564070e-02
1.575356e-02
1.586642e-02
1.597928e-02
1.609214e-02
1.620500e-02
1.635334e-02
1.650168e-02
1.665002e-02
1.679836e-02
1.694670e-02
1.709504e-02
1.724338e-02
1.739172e-02
1.754006e-02
1.768840e-02
1.783674e-02
1.798508e-02
1.813342e-02
1.828176e-02
1.843010e-02
1.857844e-02
1.872678e-02
1.887512e-02
1.902346e-02
1.917180e-02
1.932014e-02
1.946848e-02
1.961682e-02
1.976516e-02
1.991350e-02
2.006184e-02
2.021018e-02
2.035852e-02
2.050686e-02
2.065520e-02
2.080354e-02
2.095188e-02
2.110022e-02
2.124856e-02
2.139690e-02
2.154524e-02
2.169358e-02
2.184192e-02
2.199026e-02
2.213860e-02
2.228694e-02
2.243528e-02
2.258362e-02
2.273196e-02
2.288030e-02
2.302864e-02
2.317698e-02
2.332532e-02
2.347366e-02
2.362200e-02
2.360658e-02
2.359116e-02
2.357574e-02
2.356032e-02
2.354490e-02
2.352948e-02
2.351406e-02
2.349864e-02
2.348322e-02
2.346780e-02
2.345238e-02
2.343696e-02
2.342154e-02
2.340612e-02
2.339070e-02
2.337528e-02
2.335986e-02
2.334444e-02
2.332902e-02
2.331360e-02
2.329818e-02
2.328276e-02
2.326734e-02
2.325192e-02
2.323650e-02
2.322108e-02
2.320566e-02
2.319024e-02
2.317482e-02
2.315940e-02
2.314398e-02
2.312856e-02
2.311314e-02
2.309772e-02
2.308230e-02
2.306688e-02
2.305146e-02
2.303604e-02
2.302062e-02
2.300520e-02
2.298978e-02
2.297436e-02
2.295894e-02
2.294352e-02
2.292810e-02
2.291268e-02
2.289726e-02
2.288184e-02
2.286642e-02
2.285100e-02
2.283558e-02
2.282016e-02
2.280474e-02
2.278932e-02
2.277390e-02
2.275848e-02
2.274306e-02
2.272764e-02
2.271222e-02
2.269680e-02
2.268138e-02
2.266596e-02
2.265054e-02
2.263512e-02
2.261970e-02
2.260428e-02
2.258886e-02
2.257344e-02
2.255802e-02
2.254260e-02
2.252718e-02
2.251176e-02
2.249634e-02
2.248092e-02
2.246550e-02
2.245008e-02
2.243466e-02
2.241924e-02
2.240382e-02
2.238840e-02
2.237298e-02
2.235756e-02
2.234214e-02
2.232672e-02
2.231130e-02
2.229588e-02
2.228046e-02
2.226504e-02
2.224962e-02
2.223420e-02
2.221878e-02
2.220336e-02
2.218794e-02
2.217252e-02
2.215710e-02
2.214168e-02
2.212626e-02
2.211084e-02
2.209542e-02
2.208000e-02
2.218715e-02
2.229430e-02
2.240145e-02
2.250860e-02
2.261575e-02
2.272290e-02
2.283005e-02
2.293720e-02
2.304435e-02
2.315150e-02
2.325865e-02
2.336580e-02
2.347295e-02
2.358010e-02
2.368725e-02
2.379440e-02
2.390155e-02
2.400870e-02
2.411585e-02
2.422300e-02
2.433015e-02
2.443730e-02
2.454445e-02
2.465160e-02
2.475875e-02
2.486590e-02
2.497305e-02
2.508020e-02
2.518735e-02
2.529450e-02
2.540165e-02
2.550880e-02
2.561595e-02
2.572310e-02
2.583025e-02
2.593740e-02
2.604455e-02
2.615170e-02
2.625885e-02
2.636600e-02
2.647315e-02
2.658030e-02
2.668745e-02
2.679460e-02
2.690175e-02
2.700890e-02
2.711605e-02
2.722320e-02
2.733035e-02
2.743750e-02
2.754465e-02
2.765180e-02
2.775895e-02
2.786610e-02
2.797325e-02
2.808040e-02
2.818755e-02
2.829470e-02
2.840185e-02
2.850900e-02
2.861615e-02
2.872330e-02
2.883045e-02
2.893760e-02
2.904475e-02
2.915190e-02
2.925905e-02
2.936620e-02
2.947335e-02
2.958050e-02
2.968765e-02
2.979480e-02
2.990195e-02
3.000910e-02
3.011625e-02
3.022340e-02
3.033055e-02
3.043770e-02
3.054485e-02
3.065200e-02
3.075915e-02
3.086630e-02
3.097345e-02
3.108060e-02
3.118775e-02
3.129490e-02
3.140205e-02
3.150920e-02
3.161635e-02
3.172350e-02
3.183065e-02
3.193780e-02
3.204495e-02
3.215210e-02
3.225925e-02
3.236640e-02
3.247355e-02
3.258070e-02
3.268785e-02
3.279500e-02
3.292114e-02
3.304728e-02
3.317342e-02
3.329956e-02
3.342570e-02
3.355184e-02
3.367798e-02
3.380412e-02
3.393026e-02
3.405640e-02
3.418254e-02
3.430868e-02
3.443482e-02
3.456096e-02
3.468710e-02
3.481324e-02
3.493938e-02
3.506552e-02
3.519166e-02
3.531780e-02
3.544394e-02
3.557008e-02
3.569622e-02
3.582236e-02
3.594850e-02
3.607464e-02
3.620078e-02
3.632692e-02
3.645306e-02
3.657920e-02
3.670534e-02
3.683148e-02
3.695762e-02
3.708376e-02
3.720990e-02
3.733604e-02
3.746218e-02
3.758832e-02
3.771446e-02
3.784060e-02
3.796674e-02
3.809288e-02
3.821902e-02
3.834516e-02
3.847130e-02
3.859744e-02
3.872358e-02
3.884972e-02
3.897586e-02
3.910200e-02
3.922814e-02
3.935428e-02
3.948042e-02
3.960656e-02
3.973270e-02
3.985884e-02
3.998498e-02
4.011112e-02
4.023726e-02
4.036340e-02
4.048954e-02
4.061568e-02
4.074182e-02
4.086796e-02
4.099410e-02
4.112024e-02
4.124638e-02
4.137252e-02
4.149866e-02
4.162480e-02
4.175094e-02
4.187708e-02
4.200322e-02
4.212936e-02
4.225550e-02
4.238164e-02
4.250778e-02
4.263392e-02
4.276006e-02
4.288620e-02
4.301234e-02
4.313848e-02
4.326462e-02
4.339076e-02
4.351690e-02
4.364304e-02
4.376918e-02
4.389532e-02
4.402146e-02
4.414760e-02
4.427374e-02
4.439988e-02
4.452602e-02
4.465216e-02
4.477830e-02
4.490444e-02
4.503058e-02
4.515672e-02
4.528286e-02
4.540900e-02
4.553514e-02
4.566128e-02
4.578742e-02
4.591356e-02
4.603970e-02
4.616584e-02
4.629198e-02
4.641812e-02
4.654426e-02
4.667040e-02
4.679654e-02
4.692268e-02
4.704882e-02
4.717496e-02
4.730110e-02
4.742724e-02
4.755338e-02
4.767952e-02
4.780566e-02
4.793180e-02
4.805794e-02
4.818408e-02
4.831022e-02
4.843636e-02
4.856250e-02
4.868864e-02
4.881478e-02
4.894092e-02
4.906706e-02
4.919320e-02
4.931934e-02
4.944548e-02
4.957162e-02
4.969776e-02
4.982390e-02
4.995004e-02
5.007618e-02
5.020232e-02
5.032846e-02
5.045460e-02
5.058074e-02
5.070688e-02
5.083302e-02
5.095916e-02
5.108530e-02
5.121144e-02
5.133758e-02
5.146372e-02
5.158986e-02
5.171600e-02
5.184214e-02
5.196828e-02
5.209442e-02
5.222056e-02
5.234670e-02
5.247284e-02
5.259898e-02
5.272512e-02
5.285126e-02
5.297740e-02
5.310354e-02
5.322968e-02
5.335582e-02
5.348196e-02
5.360810e-02
5.373424e-02
5.386038e-02
5.398652e-02
5.411266e-02
5.423880e-02
5.436494e-02
5.449108e-02
5.461722e-02
5.474336e-02
5.486950e-02
5.499564e-02
5.512178e-02
5.524792e-02
5.537406e-02
5.550020e-02
5.562634e-02
5.575248e-02
5.587862e-02
5.600476e-02
5.613090e-02
5.625704e-02
5.638318e-02
5.650932e-02
5.663546e-02
5.676160e-02
5.688774e-02
5.701388e-02
5.714002e-02
5.726616e-02
5.739230e-02
5.751844e-02
5.764458e-02
5.777072e-02
5.789686e-02
5.802300e-02
5.824445e-02
5.846590e-02
5.868735e-02
5.890880e-02
5.913025e-02
5.935170e-02
5.957315e-02
5.979460e-02
6.001605e-02
6.023750e-02
6.045895e-02
6.068040e-02
6.090185e-02
6.112330e-02
6.134475e-02
6.156620e-02
6.178765e-02
6.200910e-02
6.223055e-02
6.245200e-02
6.267345e-02
6.289490e-02
6.311635e-02
6.333780e-02
6.355925e-02
6.378070e-02
6.400215e-02
6.422360e-02
6.444505e-02
6.466650e-02
6.488795e-02
6.510940e-02
6.533085e-02
6.555230e-02
6.577375e-02
6.599520e-02
6.621665e-02
6.643810e-02
6.665955e-02
6.688100e-02
6.710245e-02
6.732390e-02
6.754535e-02
6.776680e-02
6.798825e-02
6.820970e-02
6.843115e-02
6.865260e-02
6.887405e-02
6.909550e-02
6.931695e-02
6.953840e-02
6.975985e-02
6.998130e-02
7.020275e-02
7.042420e-02
7.064565e-02
7.086710e-02
7.108855e-02
7.131000e-02
7.153145e-02
7.175290e-02
7.197435e-02
7.219580e-02
7.241725e-02
7.263870e-02
7.286015e-02
7.308160e-02
7.330305e-02
7.352450e-02
7.374595e-02
7.396740e-02
7.418885e-02
7.441030e-02
7.463175e-02
7.485320e-02
7.507465e-02
7.529610e-02
7.551755e-02
7.573900e-02
7.596045e-02
7.618190e-02
7.640335e-02
7.662480e-02
7.684625e-02
7.706770e-02
7.728915e-02
7.751060e-02
7.773205e-02
7.795350e-02
7.817495e-02
7.839640e-02
7.861785e-02
7.883930e-02
7.906075e-02
7.928220e-02
7.950365e-02
7.972510e-02
7.994655e-02
8.016800e-02
8.116310e-02
8.215819e-02
8.315329e-02
8.414838e-02
8.514348e-02
8.613857e-02
8.713367e-02
8.812877e-02
8.912386e-02
9.011896e-02
9.111405e-02
9.210915e-02
9.310425e-02
9.409934e-02
9.509444e-02
9.608953e-02
9.708463e-02
9.807972e-02
9.907482e-02
1.000699e-01
1.010650e-01
1.020601e-01
1.030552e-01
1.040503e-01
1.050454e-01
1.060405e-01
1.070356e-01
1.080307e-01
1.090258e-01
1.100209e-01
1.110160e-01
1.120111e-01
1.130062e-01
1.140013e-01
1.149964e-01
1.159914e-01
1.169865e-01
1.179816e-01
1.189767e-01
1.199718e-01
1.209669e-01
1.219620e-01
1.229571e-01
1.239522e-01
1.249473e-01
1.259424e-01
1.269375e-01
1.279326e-01
1.289277e-01
1.299228e-01
1.309179e-01
1.319130e-01
1.329081e-01
1.339032e-01
1.348983e-01
1.358934e-01
1.368885e-01
1.378836e-01
1.388787e-01
1.398737e-01
1.408688e-01
1.418639e-01
1.428590e-01
1.438541e-01
1.448492e-01
1.458443e-01
1.468394e-01
1.478345e-01
1.488296e-01
1.498247e-01
1.508198e-01
1.518149e-01
1.528100e-01
1.538051e-01
1.548002e-01
1.557953e-01
1.567904e-01
1.577855e-01
1.587806e-01
1.597757e-01
1.607708e-01
1.617659e-01
1.627610e-01
1.637560e-01
1.647511e-01
1.657462e-01
1.667413e-01
1.677364e-01
1.687315e-01
1.697266e-01
1.707217e-01
1.717168e-01
1.727119e-01
1.737070e-01
1.747021e-01
1.756972e-01
1.766923e-01
1.776874e-01
1.786825e-01
1.796776e-01
1.806727e-01
1.816678e-01
1.826629e-01
1.836580e-01
1.846531e-01
1.856482e-01
1.866433e-01
1.876383e-01
1.886334e-01
1.896285e-01
1.906236e-01
1.916187e-01
1.926138e-01
1.936089e-01
1.946040e-01
1.955991e-01
1.965942e-01
1.975893e-01
1.985844e-01
1.995795e-01
2.005746e-01
2.015697e-01
2.025648e-01
2.035599e-01
2.045550e-01
2.055501e-01
2.065452e-01
2.075403e-01
2.085354e-01
2.095305e-01
2.105256e-01
2.115206e-01
2.125157e-01
2.135108e-01
2.145059e-01
2.155010e-01
2.164961e-01
2.174912e-01
2.184863e-01
2.194814e-01
2.204765e-01
2.214716e-01
2.224667e-01
2.234618e-01
2.244569e-01
2.254520e-01
2.264471e-01
2.274422e-01
2.284373e-01
2.294324e-01
2.304275e-01
2.314226e-01
2.324177e-01
2.334128e-01
2.344079e-01
2.354029e-01
2.363980e-01
2.373931e-01
2.383882e-01
2.393833e-01
2.403784e-01
2.413735e-01
2.423686e-01
2.433637e-01
2.443588e-01
2.453539e-01
2.463490e-01
2.473441e-01
2.483392e-01
2.493343e-01
2.503294e-01
2.513245e-01
2.523196e-01
2.533147e-01
2.543098e-01
2.553049e-01
2.563000e-01
2.572951e-01
2.582902e-01
2.592852e-01
2.602803e-01
2.612754e-01
2.622705e-01
2.632656e-01
2.642607e-01
2.652558e-01
2.662509e-01
2.672460e-01
2.682411e-01
2.692362e-01
2.702313e-01
2.712264e-01
2.722215e-01
2.732166e-01
2.742117e-01
2.752068e-01
2.762019e-01
2.771970e-01
2.781921e-01
2.791872e-01
2.801823e-01
2.811774e-01
2.821725e-01
2.831675e-01
2.841626e-01
2.851577e-01
2.861528e-01
2.871479e-01
2.881430e-01
2.891381e-01
2.901332e-01
2.911283e-01
2.921234e-01
2.931185e-01
2.941136e-01
2.951087e-01
2.961038e-01
2.970989e-01
2.980940e-01
2.990891e-01
3.000842e-01
3.010793e-01
3.020744e-01
3.030695e-01
3.040646e-01
3.050597e-01
3.060548e-01
3.070498e-01
3.080449e-01
3.090400e-01
3.100351e-01
3.110302e-01
3.120253e-01
3.130204e-01
3.140155e-01
3.150106e-01
3.160057e-01
3.170008e-01
3.179959e-01
3.189910e-01
3.199861e-01
3.209812e-01
3.219763e-01
3.229714e-01
3.239665e-01
3.249616e-01
3.259567e-01
3.269518e-01
3.279469e-01
3.289420e-01
3.299371e-01
3.309321e-01
3.319272e-01
3.329223e-01
3.339174e-01
3.349125e-01
3.359076e-01
3.369027e-01
3.378978e-01
3.388929e-01
3.398880e-01
3.408831e-01
3.418782e-01
3.428733e-01
3.438684e-01
3.448635e-01
3.458586e-01
3.468537e-01
3.478488e-01
3.488439e-01
3.498390e-01
3.508341e-01
3.518292e-01
3.528243e-01
3.538194e-01
3.548144e-01
3.558095e-01
3.568046e-01
3.577997e-01
3.587948e-01
3.597899e-01
3.607850e-01
3.617801e-01
3.627752e-01
3.637703e-01
3.647654e-01
3.657605e-01
3.667556e-01
3.677507e-01
3.687458e-01
3.697409e-01
3.707360e-01
3.717311e-01
3.727262e-01
3.737213e-01
3.747164e-01
3.757115e-01
3.767066e-01
3.777017e-01
3.786967e-01
3.796918e-01
3.806869e-01
3.816820e-01
3.826771e-01
3.836722e-01
3.846673e-01
3.856624e-01
3.866575e-01
3.876526e-01
3.886477e-01
3.896428e-01
3.906379e-01
3.916330e-01
3.926281e-01
3.936232e-01
3.946183e-01
3.956134e-01
3.966085e-01
3.976036e-01
3.985987e-01
3.995938e-01
4.005889e-01
4.015840e-01
4.025790e-01
4.035741e-01
4.045692e-01
4.055643e-01
4.065594e-01
4.075545e-01
4.085496e-01
4.095447e-01
4.105398e-01
4.115349e-01
4.125300e-01
4.135251e-01
4.145202e-01
4.155153e-01
4.165104e-01
4.175055e-01
4.185006e-01
4.194957e-01
4.204908e-01
4.214859e-01
4.224810e-01
4.234761e-01
4.244712e-01
4.254663e-01
4.264613e-01
4.274564e-01
4.284515e-01
4.294466e-01
4.304417e-01
4.314368e-01
4.324319e-01
4.334270e-01
4.344221e-01
4.354172e-01
4.364123e-01
4.374074e-01
4.384025e-01
4.393976e-01
4.403927e-01
4.413878e-01
4.423829e-01
4.433780e-01
4.443731e-01
4.453682e-01
4.463633e-01
4.473584e-01
4.483535e-01
4.493486e-01
4.503436e-01
4.513387e-01
4.523338e-01
4.533289e-01
4.543240e-01
4.553191e-01
4.563142e-01
4.573093e-01
4.583044e-01
4.592995e-01
4.602946e-01
4.612897e-01
4.622848e-01
4.632799e-01
4.642750e-01
4.652701e-01
4.662652e-01
4.672603e-01
4.682554e-01
4.692505e-01
4.702456e-01
4.712407e-01
4.722358e-01
4.732309e-01
4.742259e-01
4.752210e-01
4.762161e-01
4.772112e-01
4.782063e-01
4.792014e-01
4.801965e-01
4.811916e-01
4.821867e-01
4.831818e-01
4.841769e-01
4.851720e-01
4.871104e-01
4.890487e-01
4.909871e-01
4.929254e-01
4.948638e-01
4.968022e-01
4.987405e-01
5.006789e-01
5.026172e-01
5.045556e-01
5.064940e-01
5.084323e-01
5.103707e-01
5.123090e-01
5.142474e-01
5.161858e-01
5.181241e-01
5.200625e-01
5.220008e-01
5.239392e-01
5.258776e-01
5.278159e-01
5.297543e-01
5.316926e-01
5.336310e-01
5.355694e-01
5.375077e-01
5.394461e-01
5.413844e-01
5.433228e-01
5.452612e-01
5.471995e-01
5.491379e-01
5.510762e-01
5.530146e-01
5.549530e-01
5.568913e-01
5.588297e-01
5.607680e-01
5.627064e-01
5.646448e-01
5.665831e-01
5.685215e-01
5.704598e-01
5.723982e-01
5.743366e-01
5.762749e-01
5.782133e-01
5.801516e-01
5.820900e-01
5.840284e-01
5.859667e-01
5.879051e-01
5.898434e-01
5.917818e-01
5.937202e-01
5.956585e-01
5.975969e-01
5.995352e-01
6.014736e-01
6.034120e-01
6.053503e-01
6.072887e-01
6.092270e-01
6.111654e-01
6.131038e-01
6.150421e-01
6.169805e-01
6.189188e-01
6.208572e-01
6.227956e-01
6.247339e-01
6.266723e-01
6.286106e-01
6.305490e-01
6.324874e-01
6.344257e-01
6.363641e-01
6.383024e-01
6.402408e-01
6.421792e-01
6.441175e-01
6.460559e-01
6.479942e-01
6.499326e-01
6.518710e-01
6.538093e-01
6.557477e-01
6.576860e-01
6.596244e-01
6.615628e-01
6.635011e-01
6.654395e-01
6.673778e-01
6.693162e-01
6.712546e-01
6.731929e-01
6.751313e-01
6.770696e-01
6.790080e-01
6.812243e-01
6.834407e-01
6.856570e-01
6.878733e-01
6.900897e-01
6.923060e-01
6.945223e-01
6.967387e-01
6.989550e-01
7.011714e-01
7.033877e-01
7.056040e-01
7.078204e-01
7.100367e-01
7.122531e-01
7.144694e-01
7.166858e-01
7.189021e-01
7.211184e-01
7.233348e-01
7.255511e-01
7.277674e-01
7.299838e-01
7.322001e-01
7.344164e-01
7.366328e-01
7.388491e-01
7.410655e-01
7.432818e-01
7.454982e-01
7.477145e-01
7.499309e-01
7.521472e-01
7.543635e-01
7.565799e-01
7.587962e-01
7.610125e-01
7.632289e-01
7.654452e-01
7.676615e-01
7.698779e-01
7.720942e-01
7.743105e-01
7.765269e-01
7.787432e-01
7.809595e-01
7.831759e-01
7.853922e-01
7.876085e-01
7.898249e-01
7.920412e-01
7.942576e-01
7.964739e-01
7.986903e-01
8.009066e-01
8.031230e-01
8.053393e-01
8.075556e-01
8.097720e-01
8.119883e-01
8.142046e-01
8.164210e-01
8.186373e-01
8.208536e-01
8.230700e-01
8.252863e-01
8.275027e-01
8.297190e-01
8.319354e-01
8.341517e-01
8.363680e-01
8.385844e-01
8.408007e-01
8.430171e-01
8.452334e-01
8.474497e-01
8.496661e-01
8.518824e-01
8.540987e-01
8.563151e-01
8.585314e-01
8.607477e-01
8.629641e-01
8.651804e-01
8.673967e-01
8.696131e-01
8.718294e-01
8.740457e-01
8.762621e-01
8.784784e-01
8.806948e-01
8.829111e-01
8.851275e-01
8.873438e-01
8.895601e-01
8.917765e-01
8.939928e-01
8.962092e-01
8.984255e-01
9.006418e-01
9.028582e-01
9.050745e-01
9.072908e-01
9.095072e-01
9.117235e-01
9.139399e-01
9.161562e-01
9.183725e-01
9.205889e-01
9.228052e-01
9.250216e-01
9.272379e-01
9.294543e-01
9.316706e-01
9.338869e-01
9.361033e-01
9.383196e-01
9.405359e-01
9.427523e-01
9.449686e-01
9.471849e-01
9.494013e-01
9.516176e-01
9.538339e-01
9.560503e-01
9.582666e-01
9.604829e-01
9.626993e-01
9.649156e-01
9.671320e-01
9.693483e-01
9.715646e-01
9.737810e-01
9.759973e-01
9.782137e-01
9.804300e-01
9.826464e-01
9.848627e-01
9.870790e-01
9.892956e-01
9.915117e-01
9.937278e-01
9.959446e-01
9.981607e-01
1.000377e+00
1.002594e+00
1.004810e+00
1.007026e+00
1.009243e+00
1.011459e+00
1.013675e+00
1.015892e+00
1.018108e+00
1.020324e+00
1.022541e+00
1.024757e+00
1.026973e+00
1.029190e+00
1.031406e+00
1.033622e+00
1.035839e+00
1.038055e+00
1.040271e+00
1.042488e+00
1.044704e+00
1.046920e+00
1.049137e+00
1.051353e+00
1.053569e+00
1.055786e+00
1.058002e+00
1.060218e+00
1.062435e+00
1.064651e+00
1.066867e+00
1.069084e+00
1.071300e+00
1.073516e+00
1.075733e+00
1.077949e+00
1.080165e+00
1.082382e+00
1.084598e+00
1.086814e+00
1.089031e+00
1.091247e+00
1.093463e+00
1.095680e+00
1.097896e+00
1.100112e+00
1.102329e+00
1.104545e+00
1.106761e+00
1.108978e+00
1.111194e+00
1.113410e+00
1.115627e+00
1.117843e+00
1.120059e+00
1.122276e+00
1.124492e+00
1.126860e+00
1.129227e+00
1.131596e+00
1.133964e+00
1.136331e+00
1.138699e+00
1.141067e+00
1.143435e+00
1.145803e+00
1.148171e+00
1.150538e+00
1.152906e+00
1.155274e+00
1.157642e+00
1.160010e+00
1.162378e+00
1.164746e+00
1.167114e+00
1.169481e+00
1.171849e+00
1.174217e+00
1.176585e+00
1.178953e+00
1.181321e+00
1.183689e+00
1.186057e+00
1.188425e+00
1.190792e+00
1.193160e+00
1.195528e+00
1.197896e+00
1.200264e+00
1.202632e+00
1.204999e+00
1.207367e+00
1.209736e+00
1.212103e+00
1.214471e+00
1.216839e+00
1.219206e+00
1.221575e+00
1.223943e+00
1.226310e+00
1.228678e+00
1.231046e+00
1.233414e+00
1.235782e+00
1.238149e+00
1.240517e+00
1.242885e+00
1.245253e+00
1.247621e+00
1.249989e+00
1.252357e+00
1.254725e+00
1.257093e+00
1.259460e+00
1.261828e+00
1.264196e+00
1.266564e+00
1.268932e+00
1.271300e+00
1.273668e+00
1.276036e+00
1.278404e+00
1.280771e+00
1.283139e+00
1.285507e+00
1.287875e+00
1.290243e+00
1.292611e+00
1.294978e+00
1.297347e+00
1.299715e+00
1.302082e+00
1.304450e+00
1.306817e+00
1.309185e+00
1.311554e+00
1.313921e+00
1.316289e+00
1.318657e+00
1.321025e+00
1.323393e+00
1.325761e+00
1.328128e+00
1.330496e+00
1.332864e+00
1.335232e+00
1.337600e+00
1.339968e+00
1.342336e+00
1.344704e+00
1.347072e+00
1.349439e+00
1.351807e+00
1.354175e+00
1.356543e+00
1.358911e+00
1.361279e+00
1.363647e+00
1.366015e+00
1.368383e+00
1.370750e+00
1.373118e+00
1.375486e+00
1.377854e+00
1.380222e+00
1.382589e+00
1.384957e+00
1.387326e+00
1.389693e+00
1.392061e+00
1.394429e+00
1.396796e+00
1.399165e+00
1.401533e+00
1.403900e+00
1.406268e+00
1.408636e+00
1.411004e+00
1.413372e+00
1.415740e+00
1.418107e+00
1.420475e+00
1.422843e+00
1.425211e+00
1.427579e+00
1.429947e+00
1.432315e+00
1.434683e+00
1.437051e+00
1.439418e+00
1.441786e+00
1.444154e+00
1.446522e+00
1.448890e+00
1.451258e+00
1.453626e+00
1.455994e+00
1.458361e+00
1.460729e+00
1.463097e+00
1.465465e+00
1.467833e+00
1.470201e+00
1.472568e+00
1.474936e+00
1.477305e+00
1.479672e+00
1.482040e+00
1.484408e+00
1.486775e+00
1.489144e+00
1.491512e+00
1.493879e+00
1.496247e+00
1.498615e+00
1.500983e+00
1.503351e+00
1.505719e+00
1.508086e+00
1.510454e+00
1.512822e+00
1.515190e+00
1.517558e+00
1.519926e+00
1.522294e+00
1.524662e+00
1.527029e+00
1.529397e+00
1.531765e+00
1.534133e+00
1.536501e+00
1.538869e+00
1.541237e+00
1.543605e+00
1.545973e+00
1.548340e+00
1.550708e+00
1.553076e+00
1.555444e+00
1.557812e+00
1.560180e+00
1.562547e+00
1.564915e+00
1.567284e+00
1.569651e+00
1.572019e+00
1.574387e+00
1.576754e+00
1.579123e+00
1.581491e+00
1.583858e+00
1.586226e+00
1.588594e+00
1.590962e+00
1.593330e+00
1.595697e+00
1.598065e+00
1.600433e+00
1.602801e+00
1.605169e+00
1.607537e+00
1.609905e+00
1.612273e+00
1.614641e+00
1.617008e+00
1.619376e+00
1.621744e+00
1.624112e+00
1.626480e+00
1.628848e+00
1.631216e+00
1.633584e+00
1.635952e+00
1.638319e+00
1.640687e+00
1.643055e+00
1.645423e+00
1.647791e+00
1.650159e+00
1.652526e+00
1.654895e+00
1.657263e+00
1.659630e+00
1.661998e+00
1.664365e+00
1.666733e+00
1.669102e+00
1.671469e+00
1.673837e+00
1.676205e+00
1.678573e+00
1.680941e+00
1.683309e+00
1.685676e+00
1.688044e+00
1.690412e+00
1.692780e+00
1.695148e+00
1.697516e+00
1.699884e+00
1.702252e+00
1.704620e+00
1.706987e+00
1.709355e+00
1.711723e+00
1.714091e+00
1.716459e+00
1.718827e+00
1.721195e+00
1.723563e+00
1.725931e+00
1.728298e+00
1.730666e+00
1.733034e+00
1.735402e+00
1.737770e+00
1.740137e+00
1.742505e+00
1.744874e+00
1.747241e+00
1.749609e+00
1.751977e+00
1.754344e+00
1.756713e+00
1.759081e+00
1.761448e+00
1.763816e+00
1.766184e+00
1.768552e+00
1.770920e+00
1.773288e+00
1.775655e+00
1.778023e+00
1.780391e+00
1.782759e+00
1.785127e+00
1.787495e+00
1.789863e+00
1.792231e+00
1.794599e+00
1.796966e+00
1.799334e+00
1.801702e+00
1.804070e+00
1.806438e+00
1.808806e+00
1.811174e+00
1.813542e+00
1.815909e+00
1.818277e+00
1.820645e+00
1.823013e+00
1.825381e+00
1.827749e+00
1.830116e+00
1.832484e+00
1.834853e+00
1.837220e+00
1.839588e+00
1.843191e+00
1.846795e+00
1.850398e+00
1.854001e+00
1.857604e+00
1.861207e+00
1.864811e+00
1.868414e+00
1.872017e+00
1.875620e+00
1.879223e+00
1.882826e+00
1.886430e+00
1.890033e+00
1.893636e+00
1.897239e+00
1.900842e+00
1.904446e+00
1.908049e+00
1.911652e+00
1.915255e+00
1.918858e+00
1.922461e+00
1.926065e+00
1.929668e+00
1.933271e+00
1.936875e+00
1.940478e+00
1.944081e+00
1.947684e+00
1.951287e+00
1.954891e+00
1.958494e+00
1.962097e+00
1.965700e+00
1.969303e+00
1.972906e+00
1.976510e+00
1.980113e+00
1.983717e+00
1.987320e+00
1.990923e+00
1.994526e+00
1.998129e+00
2.001732e+00
2.005335e+00
2.008938e+00
2.012541e+00
2.016145e+00
2.019748e+00
2.023352e+00
2.026955e+00
2.030558e+00
2.034161e+00
2.037764e+00
2.041367e+00
2.044971e+00
2.048574e+00
2.052177e+00
2.055780e+00
2.059383e+00
2.062987e+00
2.066590e+00
2.070193e+00
2.073797e+00
2.077400e+00
2.081003e+00
2.084606e+00
2.088209e+00
2.091812e+00
2.095416e+00
2.099018e+00
2.102622e+00
2.106225e+00
2.109828e+00
2.113432e+00
2.117035e+00
2.120638e+00
2.124241e+00
2.127844e+00
2.131447e+00
2.135051e+00
2.138654e+00
2.142257e+00
2.145860e+00
2.149463e+00
2.153067e+00
2.156670e+00
2.160273e+00
2.163877e+00
2.167480e+00
2.171083e+00
2.174686e+00
2.178289e+00
2.181893e+00
2.185496e+00
2.189099e+00
2.192702e+00
2.196305e+00
2.199908e+00
2.203512e+00
2.207115e+00
2.210718e+00
2.214321e+00
2.217924e+00
2.221527e+00
2.225131e+00
2.228734e+00
2.232337e+00
2.235940e+00
2.239543e+00
2.243147e+00
2.246750e+00
2.250353e+00
2.253957e+00
2.257560e+00
2.261163e+00
2.264766e+00
2.268369e+00
2.271973e+00
2.275576e+00
2.279179e+00
2.282782e+00
2.286385e+00
2.289988e+00
2.293592e+00
2.297195e+00
2.300798e+00
2.304402e+00
2.308004e+00
2.311608e+00
2.315211e+00
2.318814e+00
2.322417e+00
2.326020e+00
2.329623e+00
2.333227e+00
2.336830e+00
2.340433e+00
2.344037e+00
2.347640e+00
2.351243e+00
2.354846e+00
2.358449e+00
2.362053e+00
2.365656e+00
2.369259e+00
2.372862e+00
2.376465e+00
2.380068e+00
2.383672e+00
2.387275e+00
2.390879e+00
2.394482e+00
2.398085e+00
2.401688e+00
2.405291e+00
2.408894e+00
2.412497e+00
2.416100e+00
2.419703e+00
2.423307e+00
2.426910e+00
2.430514e+00
2.434117e+00
2.437720e+00
2.441323e+00
2.444926e+00
2.448529e+00
2.452133e+00
2.455736e+00
2.459339e+00
2.462942e+00
2.466545e+00
2.470149e+00
2.473752e+00
2.477355e+00
2.480959e+00
2.484562e+00
2.488165e+00
2.491768e+00
2.495371e+00
2.498974e+00
2.502578e+00
2.506181e+00
2.509784e+00
2.513387e+00
2.516990e+00
2.520594e+00
2.524197e+00
2.527800e+00
2.531403e+00
2.535006e+00
2.538609e+00
2.542213e+00
2.545816e+00
2.549419e+00
2.553022e+00
2.556625e+00
2.560229e+00
2.563832e+00
2.567092e+00
2.570353e+00
2.573614e+00
2.576874e+00
2.580135e+00
2.583395e+00
2.586656e+00
2.589917e+00
2.593177e+00
2.596437e+00
2.599698e+00
2.602958e+00
2.606219e+00
2.609480e+00
2.612740e+00
2.616001e+00
2.619261e+00
2.622522e+00
2.625782e+00
2.629042e+00
2.632304e+00
2.635564e+00
2.638824e+00
2.642085e+00
2.645345e+00
2.648606e+00
2.651867e+00
2.655127e+00
2.658387e+00
2.661648e+00
2.664909e+00
2.668169e+00
2.671430e+00
2.674690e+00
2.677951e+00
2.681212e+00
2.684472e+00
2.687732e+00
2.690993e+00
2.694253e+00
2.697514e+00
2.700775e+00
2.704035e+00
2.707296e+00
2.710556e+00
2.713817e+00
2.717077e+00
2.720338e+00
2.723599e+00
2.726859e+00
2.730119e+00
2.733380e+00
2.736640e+00
2.739901e+00
2.743162e+00
2.746422e+00
2.749682e+00
2.752943e+00
2.756204e+00
2.759464e+00
2.762725e+00
2.765985e+00
2.769246e+00
2.772507e+00
2.775767e+00
2.779027e+00
2.782288e+00
2.785548e+00
2.788809e+00
2.792070e+00
2.795330e+00
2.798591e+00
2.801851e+00
2.805112e+00
2.808372e+00
2.811633e+00
2.814894e+00
2.818154e+00
2.821415e+00
2.824675e+00
2.827935e+00
2.831196e+00
2.834457e+00
2.837717e+00
2.840977e+00
2.844238e+00
2.847499e+00
2.850759e+00
2.854020e+00
2.857280e+00
2.860541e+00
2.863802e+00
2.867062e+00
2.870322e+00
2.873583e+00
2.876843e+00
2.880104e+00
2.883365e+00
2.886625e+00
2.889886e+00
2.893146e+00
2.896407e+00
2.899667e+00
2.902928e+00
2.906189e+00
2.909449e+00
2.912710e+00
2.915970e+00
2.919230e+00
2.922491e+00
2.925752e+00
2.929012e+00
2.932273e+00
2.935533e+00
2.938794e+00
2.942055e+00
2.945315e+00
2.948575e+00
2.951836e+00
2.955097e+00
2.958357e+00
2.961617e+00
2.964878e+00
2.968138e+00
2.971399e+00
2.974660e+00
2.977920e+00
2.981181e+00
2.984441e+00
2.987702e+00
2.990962e+00
2.994223e+00
2.997484e+00
3.000744e+00
3.004005e+00
3.007265e+00
3.010525e+00
3.013786e+00
3.017047e+00
3.020307e+00
3.023568e+00
3.026828e+00
3.030089e+00
3.033350e+00
3.036610e+00
3.039870e+00
3.043131e+00
3.046392e+00
3.049652e+00
3.052913e+00
3.056173e+00
3.059433e+00
3.062694e+00
3.065955e+00
3.069215e+00
3.072476e+00
3.075736e+00
3.078997e+00
3.082257e+00
3.085518e+00
3.088779e+00
3.092039e+00
3.095300e+00
3.098560e+00
3.101820e+00
3.105081e+00
3.108342e+00
3.111602e+00
3.114863e+00
3.118123e+00
3.121384e+00
3.124645e+00
3.127905e+00
3.131165e+00
3.134426e+00
3.137687e+00
3.140947e+00
3.144208e+00
3.147468e+00
3.150728e+00
3.153990e+00
3.157250e+00
3.160510e+00
3.163771e+00
3.167031e+00
3.170292e+00
3.173552e+00
3.176813e+00
3.180074e+00
3.183334e+00
3.186595e+00
3.189855e+00
3.193115e+00
3.196376e+00
3.199637e+00
3.202897e+00
3.206158e+00
3.209418e+00
3.212679e+00
3.215940e+00
3.219200e+00
3.222943e+00
3.226686e+00
3.230430e+00
3.234173e+00
3.237916e+00
3.241660e+00
3.245402e+00
3.249146e+00
3.252889e+00
3.256632e+00
3.260376e+00
3.264119e+00
3.267862e+00
3.271605e+00
3.275349e+00
3.279092e+00
3.282835e+00
3.286578e+00
3.290322e+00
3.294065e+00
3.297808e+00
3.301551e+00
3.305295e+00
3.309038e+00
3.312781e+00
3.316525e+00
3.320267e+00
3.324011e+00
3.327754e+00
3.331497e+00
3.335241e+00
3.338984e+00
3.342727e+00
3.346470e+00
3.350214e+00
3.353957e+00
3.357700e+00
3.361443e+00
3.365187e+00
3.368929e+00
3.372673e+00
3.376417e+00
3.380159e+00
3.383903e+00
3.387646e+00
3.391389e+00
3.395132e+00
3.398876e+00
3.402619e+00
3.406362e+00
3.410105e+00
3.413849e+00
3.417592e+00
3.421335e+00
3.425079e+00
3.428822e+00
3.432565e+00
3.436308e+00
3.440052e+00
3.443795e+00
3.447538e+00
3.451281e+00
3.455024e+00
3.458768e+00
3.462511e+00
3.466254e+00
3.469998e+00
3.473741e+00
3.477484e+00
3.481227e+00
3.484970e+00
3.488714e+00
3.492457e+00
3.496200e+00
3.499944e+00
3.503686e+00
3.507430e+00
3.511173e+00
3.514916e+00
3.518660e+00
3.522403e+00
3.526146e+00
3.529889e+00
3.533632e+00
3.537376e+00
3.541119e+00
3.544862e+00
3.548606e+00
3.552349e+00
3.556092e+00
3.559835e+00
3.563578e+00
3.567322e+00
3.571065e+00
3.574808e+00
3.578551e+00
3.582295e+00
3.586038e+00
3.589781e+00
3.593525e+00
3.597268e+00
3.601011e+00
3.604754e+00
3.608498e+00
3.612241e+00
3.615984e+00
3.619727e+00
3.623471e+00
3.627213e+00
3.630957e+00
3.634701e+00
3.638443e+00
3.642187e+00
3.645930e+00
3.649673e+00
3.653416e+00
3.657160e+00
3.660903e+00
3.664646e+00
3.668389e+00
3.672133e+00
3.675876e+00
3.679619e+00
3.683363e+00
3.687105e+00
3.690849e+00
3.694592e+00
3.698335e+00
3.702079e+00
3.705822e+00
3.709565e+00
3.713308e+00
3.717052e+00
3.720795e+00
3.724538e+00
3.728281e+00
3.732025e+00
3.735768e+00
3.739511e+00
3.743254e+00
3.746998e+00
3.750741e+00
3.754484e+00
3.758228e+00
3.761970e+00
3.765714e+00
3.769457e+00
3.773200e+00
3.776944e+00
3.780687e+00
3.784430e+00
3.788173e+00
3.791916e+00
3.795660e+00
3.799403e+00
3.803146e+00
3.806890e+00
3.810632e+00
3.814376e+00
3.818119e+00
3.821862e+00
3.825606e+00
3.829349e+00
3.833092e+00
3.836835e+00
3.840579e+00
3.844322e+00
3.848065e+00
3.851808e+00
3.855552e+00
3.859295e+00
3.863038e+00
3.866781e+00
3.870525e+00
3.874268e+00
3.878011e+00
3.881755e+00
3.885497e+00
3.889241e+00
3.892984e+00
3.896727e+00
3.900471e+00
3.904214e+00
3.907957e+00
3.911700e+00
3.915444e+00
3.919187e+00
3.922930e+00
3.926673e+00
3.930417e+00
3.934159e+00
3.937903e+00
3.941647e+00
3.945389e+00
3.949133e+00
3.952876e+00
3.956619e+00
3.960362e+00
3.964106e+00
3.967849e+00
3.971592e+00
3.975335e+00
3.979079e+00
3.982822e+00
3.986565e+00
3.990309e+00
3.994052e+00
3.997795e+00
4.001538e+00
4.005282e+00
4.009025e+00
4.012768e+00
4.016511e+00
4.020254e+00
4.023998e+00
4.027741e+00
4.031484e+00
4.035228e+00
4.038971e+00
4.042714e+00
4.046457e+00
4.050200e+00
4.053944e+00
4.057687e+00
4.061430e+00
4.065174e+00
4.068916e+00
4.072660e+00
4.076403e+00
4.080146e+00
4.083890e+00
4.087633e+00
4.091376e+00
4.095119e+00
4.098862e+00
4.102606e+00
4.106349e+00
4.110092e+00
4.113836e+00
4.117579e+00
4.121322e+00
4.125065e+00
4.128808e+00
4.132552e+00
4.136295e+00
4.140038e+00
4.143781e+00
4.147525e+00
4.151268e+00
4.155011e+00
4.158755e+00
4.162498e+00
4.166241e+00
4.169984e+00
4.173728e+00
4.177471e+00
4.181214e+00
4.184957e+00
4.188701e+00
4.192443e+00
4.196187e+00
4.199931e+00
4.203673e+00
4.207417e+00
4.211160e+00
4.214903e+00
4.218646e+00
4.222390e+00
4.226133e+00
4.229876e+00
4.233619e+00
4.237363e+00
4.241106e+00
4.244849e+00
4.248593e+00
4.252335e+00
4.256079e+00
4.259822e+00
4.263565e+00
4.267309e+00
4.271052e+00
4.274795e+00
4.278538e+00
4.282282e+00
4.286025e+00
4.289768e+00
4.293511e+00
4.297255e+00
4.300998e+00
4.304741e+00
4.308484e+00
4.312228e+00
4.315971e+00
4.319714e+00
4.323458e+00
4.327200e+00
4.330944e+00
4.334687e+00
4.338430e+00
4.342174e+00
4.345917e+00
4.349660e+00
4.351091e+00
4.352521e+00
4.353951e+00
4.355382e+00
4.356813e+00
4.358243e+00
4.359674e+00
4.361104e+00
4.362534e+00
4.363965e+00
4.365395e+00
4.366825e+00
4.368256e+00
4.369687e+00
4.371117e+00
4.372548e+00
4.373978e+00
4.375409e+00
4.376839e+00
4.378270e+00
4.379700e+00
4.381130e+00
4.382561e+00
4.383992e+00
4.385422e+00
4.386853e+00
4.388283e+00
4.389713e+00
4.391144e+00
4.392574e+00
4.394005e+00
4.395435e+00
4.396866e+00
4.398296e+00
4.399727e+00
4.401157e+00
4.402588e+00
4.404018e+00
4.405449e+00
4.406879e+00
4.408309e+00
4.409740e+00
4.411171e+00
4.412601e+00
4.414032e+00
4.415462e+00
4.416892e+00
4.418323e+00
4.419753e+00
4.421184e+00
4.422614e+00
4.424045e+00
4.425475e+00
4.426906e+00
4.428336e+00
4.429767e+00
4.431197e+00
4.432628e+00
4.434058e+00
4.435488e+00
4.436920e+00
4.438350e+00
4.439780e+00
4.441211e+00
4.442641e+00
4.444071e+00
4.445502e+00
4.446932e+00
4.448363e+00
4.449794e+00
4.451224e+00
4.452654e+00
4.454085e+00
4.455516e+00
4.456946e+00
4.458376e+00
4.459807e+00
4.461237e+00
4.462667e+00
4.464099e+00
4.465529e+00
4.466959e+00
4.468390e+00
4.469820e+00
4.471250e+00
4.472681e+00
4.474111e+00
4.475542e+00
4.476973e+00
4.478403e+00
4.479834e+00
4.481264e+00
4.482695e+00
4.484125e+00
4.485555e+00
4.486986e+00
4.488416e+00
4.489847e+00
4.491278e+00
4.492708e+00
4.494138e+00
4.495569e+00
4.496999e+00
4.498430e+00
4.499860e+00
4.501291e+00
4.502721e+00
4.504152e+00
4.505582e+00
4.507013e+00
4.508443e+00
4.509874e+00
4.511304e+00
4.512734e+00
4.514165e+00
4.515595e+00
4.517026e+00
4.518457e+00
4.519887e+00
4.521317e+00
4.522748e+00
4.524178e+00
4.525609e+00
4.527039e+00
4.528470e+00
4.529900e+00
4.531331e+00
4.532761e+00
4.534192e+00
4.535622e+00
4.537053e+00
4.538483e+00
4.539913e+00
4.541344e+00
4.542775e+00
4.544205e+00
4.545636e+00
4.547066e+00
4.548496e+00
4.549927e+00
4.551357e+00
4.552788e+00
4.554218e+00
4.555649e+00
4.557079e+00
4.558510e+00
4.559940e+00
4.561371e+00
4.562801e+00
4.564232e+00
4.565662e+00
4.567092e+00
4.568523e+00
4.569954e+00
4.571384e+00
4.572815e+00
4.574245e+00
4.575675e+00
4.577106e+00
4.578536e+00
4.579967e+00
4.581397e+00
4.582828e+00
4.584259e+00
4.585689e+00
4.587120e+00
4.588550e+00
4.589980e+00
4.591411e+00
4.592841e+00
4.594271e+00
4.595703e+00
4.597133e+00
4.598563e+00
4.599994e+00
4.601424e+00
4.602854e+00
4.604285e+00
4.605716e+00
4.607146e+00
4.608576e+00
4.610007e+00
4.611438e+00
4.612868e+00
4.614299e+00
4.615729e+00
4.617159e+00
4.618590e+00
4.620020e+00
4.621450e+00
4.622882e+00
4.624312e+00
4.625742e+00
4.627173e+00
4.628603e+00
4.630034e+00
4.631464e+00
4.632895e+00
4.634325e+00
4.635756e+00
4.637186e+00
4.638617e+00
4.640047e+00
4.641478e+00
4.642908e+00
4.644338e+00
4.645769e+00
4.647199e+00
4.648630e+00
4.650061e+00
4.651491e+00
4.652921e+00
4.654352e+00
4.655782e+00
4.657213e+00
4.658643e+00
4.660074e+00
4.661504e+00
4.662935e+00
4.664365e+00
4.665796e+00
4.667226e+00
4.668657e+00
4.670087e+00
4.671517e+00
4.672948e+00
4.674378e+00
4.675809e+00
4.677240e+00
4.678670e+00
4.680100e+00
4.681531e+00
4.682961e+00
4.684392e+00
4.685822e+00
4.687253e+00
4.688683e+00
4.690114e+00
4.691545e+00
4.692975e+00
4.694405e+00
4.695836e+00
4.697266e+00
4.698696e+00
4.700127e+00
4.701557e+00
4.702988e+00
4.704419e+00
4.705849e+00
4.707279e+00
4.708710e+00
4.710141e+00
4.711571e+00
4.713001e+00
4.714432e+00
4.715863e+00
4.717293e+00
4.718724e+00
4.720154e+00
4.721584e+00
4.723015e+00
4.724445e+00
4.725875e+00
4.727306e+00
4.728737e+00
4.730167e+00
4.731598e+00
4.733028e+00
4.734459e+00
4.735889e+00
4.737320e+00
4.738750e+00
4.740180e+00
4.741611e+00
4.743042e+00
4.744472e+00
4.745903e+00
4.747333e+00
4.748763e+00
4.750194e+00
4.751624e+00
4.753055e+00
4.754485e+00
4.755916e+00
4.757346e+00
4.758777e+00
4.760207e+00
4.761638e+00
4.763068e+00
4.764499e+00
4.765929e+00
4.767359e+00
4.768790e+00
4.770221e+00
4.771651e+00
4.773082e+00
4.774512e+00
4.775942e+00
4.777373e+00
4.778803e+00
4.780234e+00
4.781664e+00
4.783095e+00
4.784525e+00
4.785956e+00
4.787386e+00
4.788817e+00
4.790247e+00
4.791678e+00
4.793108e+00
4.794538e+00
4.795970e+00
4.797400e+00
4.798830e+00
4.800261e+00
4.801691e+00
4.803121e+00
4.804552e+00
4.805982e+00
4.807413e+00
4.808844e+00
4.810274e+00
4.811704e+00
4.813135e+00
4.814566e+00
4.815996e+00
4.817426e+00
4.818857e+00
4.820287e+00
4.821717e+00
4.823149e+00
4.824579e+00
4.826009e+00
4.827440e+00
4.828870e+00
4.830300e+00
4.831731e+00
4.833161e+00
4.834592e+00
4.836023e+00
4.837453e+00
4.838884e+00
4.840314e+00
4.841745e+00
4.843175e+00
4.844605e+00
4.846036e+00
4.847466e+00
4.848897e+00
4.850328e+00
4.851758e+00
4.853188e+00
4.854619e+00
4.856049e+00
4.857480e+00
4.858910e+00
4.860341e+00
4.861771e+00
4.863202e+00
4.864632e+00
4.866063e+00
4.867493e+00
4.868924e+00
4.870354e+00
4.871784e+00
4.873215e+00
4.874645e+00
4.876076e+00
4.877507e+00
4.878937e+00
4.880367e+00
4.881798e+00
4.883228e+00
4.884659e+00
4.886089e+00
4.887520e+00
4.888950e+00
4.890381e+00
4.891811e+00
4.893242e+00
4.894672e+00
4.896103e+00
4.897533e+00
4.898963e+00
4.900394e+00
4.901825e+00
4.903255e+00
4.904686e+00
4.906116e+00
4.907546e+00
4.908977e+00
4.910407e+00
4.911838e+00
4.913268e+00
4.914699e+00
4.916129e+00
4.917560e+00
4.918990e+00
4.920421e+00
4.921851e+00
4.923282e+00
4.924712e+00
4.926142e+00
4.927573e+00
4.929004e+00
4.930434e+00
4.931865e+00
4.933295e+00
4.934725e+00
4.936156e+00
4.937586e+00
4.939017e+00
4.940447e+00
4.941878e+00
4.943309e+00
4.944739e+00
4.946170e+00
4.947600e+00
4.949030e+00
4.950461e+00
4.951891e+00
4.953321e+00
4.954753e+00
4.956183e+00
4.957613e+00
4.959044e+00
4.960474e+00
4.961904e+00
4.963335e+00
4.964766e+00
4.966196e+00
4.967626e+00
4.969057e+00
4.970488e+00
4.971918e+00
4.973349e+00
4.974779e+00
4.976209e+00
4.977640e+00
4.979070e+00
4.980500e+00
4.981932e+00
4.983362e+00
4.984792e+00
4.986223e+00
4.987653e+00
4.989084e+00
4.990514e+00
4.991945e+00
4.993375e+00
4.994806e+00
4.996236e+00
4.997667e+00
4.999097e+00
5.000528e+00
5.001958e+00
5.003388e+00
5.004819e+00
5.006249e+00
5.007680e+00
5.009111e+00
5.010541e+00
5.011971e+00
5.013402e+00
5.014832e+00
5.016263e+00
5.017693e+00
5.019124e+00
5.020554e+00
5.021985e+00
5.023415e+00
5.024846e+00
5.026276e+00
5.027707e+00
5.029137e+00
5.030567e+00
5.031998e+00
5.033428e+00
5.034859e+00
5.036290e+00
5.037720e+00
5.039150e+00
5.040581e+00
5.042011e+00
5.043442e+00
5.044872e+00
5.046303e+00
5.047733e+00
5.049164e+00
5.050595e+00
5.052025e+00
5.053455e+00
5.054886e+00
5.056316e+00
5.057746e+00
5.059177e+00
5.060607e+00
5.062038e+00
5.063469e+00
5.064899e+00
5.066329e+00
5.067760e+00
5.065572e+00
5.063385e+00
5.061197e+00
5.059009e+00
5.056822e+00
5.054634e+00
5.052446e+00
5.050258e+00
5.048070e+00
5.045882e+00
5.043695e+00
5.041507e+00
5.039319e+00
5.037132e+00
5.034944e+00
5.032756e+00
5.030568e+00
5.028380e+00
5.026192e+00
5.024005e+00
5.021817e+00
5.019629e+00
5.017441e+00
5.015254e+00
5.013066e+00
5.010878e+00
5.008691e+00
5.006503e+00
5.004315e+00
5.002128e+00
4.999940e+00
4.997752e+00
4.995564e+00
4.993376e+00
4.991188e+00
4.989001e+00
4.986813e+00
4.984625e+00
4.982438e+00
4.980250e+00
4.978062e+00
4.975874e+00
4.973686e+00
4.971499e+00
4.969311e+00
4.967123e+00
4.964935e+00
4.962748e+00
4.960560e+00
4.958372e+00
4.956185e+00
4.953997e+00
4.951809e+00
4.949622e+00
4.947434e+00
4.945246e+00
4.943058e+00
4.940870e+00
4.938683e+00
4.936495e+00
4.934307e+00
4.932119e+00
4.929932e+00
4.927744e+00
4.925556e+00
4.923368e+00
4.921181e+00
4.918993e+00
4.916805e+00
4.914617e+00
4.912429e+00
4.910241e+00
4.908054e+00
4.905866e+00
4.903678e+00
4.901491e+00
4.899303e+00
4.897115e+00
4.894928e+00
4.892740e+00
4.890552e+00
4.888364e+00
4.886177e+00
4.883989e+00
4.881801e+00
4.879613e+00
4.877425e+00
4.875238e+00
4.873050e+00
4.870862e+00
4.868675e+00
4.866487e+00
4.864299e+00
4.862111e+00
4.859923e+00
4.857735e+00
4.855548e+00
4.853360e+00
4.851172e+00
4.848985e+00
4.846797e+00
4.844609e+00
4.842422e+00
4.840234e+00
4.838046e+00
4.835858e+00
4.833671e+00
4.831483e+00
4.829295e+00
4.827107e+00
4.824919e+00
4.822732e+00
4.820544e+00
4.818356e+00
4.816168e+00
4.813981e+00
4.811793e+00
4.809605e+00
4.807417e+00
4.805229e+00
4.803041e+00
4.800854e+00
4.798666e+00
4.796478e+00
4.794291e+00
4.792103e+00
4.789915e+00
4.787728e+00
4.785540e+00
4.783352e+00
4.781165e+00
4.778977e+00
4.776789e+00
4.774601e+00
4.772413e+00
4.770225e+00
4.768038e+00
4.765850e+00
4.763662e+00
4.761475e+00
4.759287e+00
4.757099e+00
4.754911e+00
4.752723e+00
4.750535e+00
4.748348e+00
4.746160e+00
4.743972e+00
4.741785e+00
4.739597e+00
4.737409e+00
4.735222e+00
4.733034e+00
4.730846e+00
4.728659e+00
4.726471e+00
4.724283e+00
4.722095e+00
4.719907e+00
4.717719e+00
4.715531e+00
4.713344e+00
4.711156e+00
4.708968e+00
4.706781e+00
4.704593e+00
4.702405e+00
4.700217e+00
4.698030e+00
4.695842e+00
4.693654e+00
4.691466e+00
4.689278e+00
4.687091e+00
4.684903e+00
4.682715e+00
4.680528e+00
4.678340e+00
4.676152e+00
4.673965e+00
4.671777e+00
4.669589e+00
4.667401e+00
4.665213e+00
4.663026e+00
4.660838e+00
4.658650e+00
4.656462e+00
4.654275e+00
4.652087e+00
4.649899e+00
4.647711e+00
4.645524e+00
4.643336e+00
4.641148e+00
4.638960e+00
4.636772e+00
4.634585e+00
4.632397e+00
4.630209e+00
4.628022e+00
4.625834e+00
4.623646e+00
4.621459e+00
4.619271e+00
4.617083e+00
4.614895e+00
4.612707e+00
4.610520e+00
4.608332e+00
4.606144e+00
4.603956e+00
4.601768e+00
4.599581e+00
4.597393e+00
4.595205e+00
4.593018e+00
4.590830e+00
4.588642e+00
4.586454e+00
4.584266e+00
4.582078e+00
4.579891e+00
4.577703e+00
4.575515e+00
4.573328e+00
4.571140e+00
4.568952e+00
4.566765e+00
4.564577e+00
4.562389e+00
4.560202e+00
4.558014e+00
4.555826e+00
4.553638e+00
4.551450e+00
4.549262e+00
4.547075e+00
4.544887e+00
4.542699e+00
4.540512e+00
4.538324e+00
4.536136e+00
4.533948e+00
4.531760e+00
4.529572e+00
4.527385e+00
4.525197e+00
4.523009e+00
4.520822e+00
4.518634e+00
4.516446e+00
4.514258e+00
4.512071e+00
4.509883e+00
4.507695e+00
4.505508e+00
4.503320e+00
4.501132e+00
4.498944e+00
4.496756e+00
4.494568e+00
4.492381e+00
4.490193e+00
4.488005e+00
4.485818e+00
4.483630e+00
4.481442e+00
4.479254e+00
4.477066e+00
4.474878e+00
4.472691e+00
4.470503e+00
4.468315e+00
4.466128e+00
4.463940e+00
4.461752e+00
4.459565e+00
4.457377e+00
4.455189e+00
4.453002e+00
4.450814e+00
4.448626e+00
4.446438e+00
4.444250e+00
4.442062e+00
4.439875e+00
4.437687e+00
4.435499e+00
4.433312e+00
4.431124e+00
4.428936e+00
4.426748e+00
4.424560e+00
4.422373e+00
4.420185e+00
4.417997e+00
4.415809e+00
4.413621e+00
4.411434e+00
4.409246e+00
4.407058e+00
4.404871e+00
4.402683e+00
4.400495e+00
4.398308e+00
4.396120e+00
4.393932e+00
4.391744e+00
4.389556e+00
4.387369e+00
4.385181e+00
4.382993e+00
4.380805e+00
4.378618e+00
4.376430e+00
4.374242e+00
4.372054e+00
4.369867e+00
4.367679e+00
4.365491e+00
4.363303e+00
4.361115e+00
4.358928e+00
4.356740e+00
4.354552e+00
4.352365e+00
4.350177e+00
4.347989e+00
4.345802e+00
4.343614e+00
4.341426e+00
4.339238e+00
4.337050e+00
4.334863e+00
4.332675e+00
4.330487e+00
4.328299e+00
4.326112e+00
4.323924e+00
4.321736e+00
4.319549e+00
4.317361e+00
4.315173e+00
4.312985e+00
4.310797e+00
4.308609e+00
4.306421e+00
4.304234e+00
4.302046e+00
4.299858e+00
4.297671e+00
4.295483e+00
4.293295e+00
4.291108e+00
4.288920e+00
4.286732e+00
4.284545e+00
4.282357e+00
4.280169e+00
4.277981e+00
4.275793e+00
4.273605e+00
4.271418e+00
4.269230e+00
4.267042e+00
4.264855e+00
4.262667e+00
4.260479e+00
4.258291e+00
4.256103e+00
4.253915e+00
4.251728e+00
4.249540e+00
4.247352e+00
4.245165e+00
4.242977e+00
4.240789e+00
4.238602e+00
4.236414e+00
4.234226e+00
4.232039e+00
4.229851e+00
4.227663e+00
4.225475e+00
4.223287e+00
4.221099e+00
4.218912e+00
4.216724e+00
4.214536e+00
4.212348e+00
4.210161e+00
4.207973e+00
4.205785e+00
4.203597e+00
4.201409e+00
4.199222e+00
4.197034e+00
4.194846e+00
4.192658e+00
4.190471e+00
4.188283e+00
4.186095e+00
4.183908e+00
4.181720e+00
4.179532e+00
4.177345e+00
4.175157e+00
4.172969e+00
4.170781e+00
4.168593e+00
4.166405e+00
4.164218e+00
4.162030e+00
4.159842e+00
4.157655e+00
4.155467e+00
4.153279e+00
4.151091e+00
4.148903e+00
4.146716e+00
4.144528e+00
4.142340e+00
4.140152e+00
4.137965e+00
4.135777e+00
4.133589e+00
4.131402e+00
4.129214e+00
4.127026e+00
4.124839e+00
4.122651e+00
4.120463e+00
4.118275e+00
4.116087e+00
4.113899e+00
4.111712e+00
4.109524e+00
4.107336e+00
4.105148e+00
4.102961e+00
4.100773e+00
4.098585e+00
4.096397e+00
4.094210e+00
4.092022e+00
4.089834e+00
4.087646e+00
4.085458e+00
4.083271e+00
4.081083e+00
4.078895e+00
4.076708e+00
4.074520e+00
4.072332e+00
4.070145e+00
4.067957e+00
4.065769e+00
4.063581e+00
4.061394e+00
4.059206e+00
4.057018e+00
4.054830e+00
4.052642e+00
4.050455e+00
4.048267e+00
4.046079e+00
4.043892e+00
4.041704e+00
4.039516e+00
4.037328e+00
4.035140e+00
4.032952e+00
4.030765e+00
4.028577e+00
4.026389e+00
4.024202e+00
4.022014e+00
4.019826e+00
4.017639e+00
4.015451e+00
4.013263e+00
4.011075e+00
4.008888e+00
4.006700e+00
4.004512e+00
4.002324e+00
4.000136e+00
3.997948e+00
3.995761e+00
3.993573e+00
3.991385e+00
3.989198e+00
3.987010e+00
3.984822e+00
3.982634e+00
3.980446e+00
3.978258e+00
3.976071e+00
3.973883e+00
3.971695e+00
3.969508e+00
3.967320e+00
3.966410e+00
3.965500e+00
3.964590e+00
3.963681e+00
3.962771e+00
3.961860e+00
3.960951e+00
3.960041e+00
3.959131e+00
3.958221e+00
3.957311e+00
3.956402e+00
3.955492e+00
3.954582e+00
3.953672e+00
3.952762e+00
3.951852e+00
3.950942e+00
3.950033e+00
3.949122e+00
3.948212e+00
3.947303e+00
3.946393e+00
3.945483e+00
3.944573e+00
3.943663e+00
3.942754e+00
3.941843e+00
3.940934e+00
3.940024e+00
3.939113e+00
3.938204e+00
3.937294e+00
3.936384e+00
3.935474e+00
3.934564e+00
3.933655e+00
3.932745e+00
3.931835e+00
3.930925e+00
3.930015e+00
3.929105e+00
3.928195e+00
3.927286e+00
3.926375e+00
3.925466e+00
3.924556e+00
3.923646e+00
3.922736e+00
3.921826e+00
3.920916e+00
3.920007e+00
3.919096e+00
3.918187e+00
3.917277e+00
3.916367e+00
3.915457e+00
3.914547e+00
3.913637e+00
3.912728e+00
3.911817e+00
3.910908e+00
3.909998e+00
3.909088e+00
3.908178e+00
3.907268e+00
3.906358e+00
3.905448e+00
3.904539e+00
3.903629e+00
3.902719e+00
3.901809e+00
3.900899e+00
3.899989e+00
3.899079e+00
3.898169e+00
3.897260e+00
3.896349e+00
3.895440e+00
3.894530e+00
3.893620e+00
3.892710e+00
3.891800e+00
3.890891e+00
3.889981e+00
3.889070e+00
3.888161e+00
3.887251e+00
3.886341e+00
3.885431e+00
3.884521e+00
3.883611e+00
3.882701e+00
3.881792e+00
3.880882e+00
3.879972e+00
3.879062e+00
3.878152e+00
3.877243e+00
3.876332e+00
3.875422e+00
3.874513e+00
3.873603e+00
3.872693e+00
3.871783e+00
3.870873e+00
3.869963e+00
3.869053e+00
3.868144e+00
3.867234e+00
3.866323e+00
3.865414e+00
3.864504e+00
3.863594e+00
3.862684e+00
3.861774e+00
3.860864e+00
3.859955e+00
3.859045e+00
3.858135e+00
3.857225e+00
3.856315e+00
3.855405e+00
3.854496e+00
3.853585e+00
3.852675e+00
3.851766e+00
3.850856e+00
3.849946e+00
3.849036e+00
3.848126e+00
3.847217e+00
3.846306e+00
3.845397e+00
3.844487e+00
3.843576e+00
3.842667e+00
3.841757e+00
3.840847e+00
3.839937e+00
3.839027e+00
3.838118e+00
3.837208e+00
3.836298e+00
3.835388e+00
3.834478e+00
3.833568e+00
3.832658e+00
3.831749e+00
3.830838e+00
3.829929e+00
3.829019e+00
3.828109e+00
3.827199e+00
3.826289e+00
3.825379e+00
3.824470e+00
3.823559e+00
3.822650e+00
3.821740e+00
3.820830e+00
3.819920e+00
3.819010e+00
3.818100e+00
3.817190e+00
3.816280e+00
3.815371e+00
3.814461e+00
3.813551e+00
3.812641e+00
3.811731e+00
3.810821e+00
3.809911e+00
3.809002e+00
3.808092e+00
3.807182e+00
3.806272e+00
3.805362e+00
3.804452e+00
3.803542e+00
3.802632e+00
3.801723e+00
3.800812e+00
3.799903e+00
3.798993e+00
3.798083e+00
3.797173e+00
3.796263e+00
3.795353e+00
3.794444e+00
3.793533e+00
3.792624e+00
3.791714e+00
3.790804e+00
3.789894e+00
3.788984e+00
3.788074e+00
3.787164e+00
3.786255e+00
3.785345e+00
3.784435e+00
3.783525e+00
3.782615e+00
3.781706e+00
3.780795e+00
3.779885e+00
3.778976e+00
3.778065e+00
3.777156e+00
3.776246e+00
3.775336e+00
3.774426e+00
3.773516e+00
3.772607e+00
3.771697e+00
3.770786e+00
3.769877e+00
3.768967e+00
3.768057e+00
3.767147e+00
3.766237e+00
3.765327e+00
3.764418e+00
3.763508e+00
3.762598e+00
3.761688e+00
3.760778e+00
3.759868e+00
3.758959e+00
3.758048e+00
3.757138e+00
3.756229e+00
3.755319e+00
3.754409e+00
3.753499e+00
3.752589e+00
3.751679e+00
3.750769e+00
3.749860e+00
3.748950e+00
3.748039e+00
3.747130e+00
3.746220e+00
3.745310e+00
3.744400e+00
3.743490e+00
3.742581e+00
3.741671e+00
3.740761e+00
3.739851e+00
3.738941e+00
3.738031e+00
3.737121e+00
3.736211e+00
3.735301e+00
3.734391e+00
3.733482e+00
3.732572e+00
3.731662e+00
3.730752e+00
3.729842e+00
3.728933e+00
3.728022e+00
3.727112e+00
3.726203e+00
3.725293e+00
3.724383e+00
3.723473e+00
3.722563e+00
3.721653e+00
3.720743e+00
3.719834e+00
3.718924e+00
3.718013e+00
3.717104e+00
3.716194e+00
3.715284e+00
3.714374e+00
3.713464e+00
3.712554e+00
3.711645e+00
3.710735e+00
3.709825e+00
3.708915e+00
3.708005e+00
3.707095e+00
3.706186e+00
3.705275e+00
3.704365e+00
3.703456e+00
3.702546e+00
3.701636e+00
3.700726e+00
3.699816e+00
3.698907e+00
3.697996e+00
3.697087e+00
3.696177e+00
3.695266e+00
3.694357e+00
3.693447e+00
3.692537e+00
3.691627e+00
3.690717e+00
3.689808e+00
3.688898e+00
3.687988e+00
3.687078e+00
3.686168e+00
3.685258e+00
3.684348e+00
3.683439e+00
3.682528e+00
3.681619e+00
3.680709e+00
3.679799e+00
3.678889e+00
3.677979e+00
3.677069e+00
3.676160e+00
3.675249e+00
3.674340e+00
3.673430e+00
3.672520e+00
3.671610e+00
3.670700e+00
3.669790e+00
3.668880e+00
3.667970e+00
3.667061e+00
3.666151e+00
3.665241e+00
3.664331e+00
3.663421e+00
3.662511e+00
3.661601e+00
3.660692e+00
3.659782e+00
3.658872e+00
3.657962e+00
3.657052e+00
3.656142e+00
3.655232e+00
3.654322e+00
3.653413e+00
3.652502e+00
3.651593e+00
3.650683e+00
3.649773e+00
3.648863e+00
3.647953e+00
3.647043e+00
3.646134e+00
3.645223e+00
3.644314e+00
3.643404e+00
3.642494e+00
3.641584e+00
3.640674e+00
3.639764e+00
3.638854e+00
3.637945e+00
3.637035e+00
3.636125e+00
3.635215e+00
3.634305e+00
3.633396e+00
3.632485e+00
3.631575e+00
3.630666e+00
3.629755e+00
3.628846e+00
3.627936e+00
3.627026e+00
3.626116e+00
3.625206e+00
3.624297e+00
3.623387e+00
3.622476e+00
3.621567e+00
3.620657e+00
3.619747e+00
3.618837e+00
3.617927e+00
3.617017e+00
3.616108e+00
3.615198e+00
3.614288e+00
3.613378e+00
3.612468e+00
3.611558e+00
3.610649e+00
3.609738e+00
3.608828e+00
3.607919e+00
3.607009e+00
3.606099e+00
3.605189e+00
3.604279e+00
3.603369e+00
3.602459e+00
3.601550e+00
3.600640e+00
3.599729e+00
3.598820e+00
3.597910e+00
3.597000e+00
3.596090e+00
3.595180e+00
3.594271e+00
3.593361e+00
3.592451e+00
3.591541e+00
3.590631e+00
3.589721e+00
3.588811e+00
3.587902e+00
3.586991e+00
3.586081e+00
3.585172e+00
3.584262e+00
3.583352e+00
3.582442e+00
3.581532e+00
3.580623e+00
3.579712e+00
3.578803e+00
3.577893e+00
3.576983e+00
3.576073e+00
3.575163e+00
3.574253e+00
3.573343e+00
3.572433e+00
3.571524e+00
3.570614e+00
3.569704e+00
3.568794e+00
3.567884e+00
3.566974e+00
3.566064e+00
3.565155e+00
3.564244e+00
3.563335e+00
3.562425e+00
3.561515e+00
3.560605e+00
3.559695e+00
3.558785e+00
3.557876e+00
3.556965e+00
3.556056e+00
3.555146e+00
3.554236e+00
3.553326e+00
3.552416e+00
3.551506e+00
3.550597e+00
3.549686e+00
3.548777e+00
3.547867e+00
3.546957e+00
3.546047e+00
3.545137e+00
3.544227e+00
3.543317e+00
3.542408e+00
3.541498e+00
3.540588e+00
3.539678e+00
3.538768e+00
3.537859e+00
3.536948e+00
3.536038e+00
3.535129e+00
3.534218e+00
3.533309e+00
3.532399e+00
3.531489e+00
3.530579e+00
3.529669e+00
