2.233000e-04
2.917767e-04
3.602533e-04
4.287300e-04
4.972067e-04
5.656833e-04
6.341600e-04
7.026367e-04
7.711133e-04
8.395900e-04
9.080667e-04
9.765433e-04
1.045020e-03
1.113497e-03
1.181973e-03
1.250450e-03
1.318927e-03
1.387403e-03
1.455880e-03
1.524357e-03
1.592833e-03
1.661310e-03
1.729787e-03
1.798263e-03
1.866740e-03
1.935217e-03
2.003693e-03
2.072170e-03
2.140647e-03
2.209123e-03
2.277600e-03
2.387707e-03
2.497815e-03
2.607923e-03
2.718030e-03
2.828137e-03
2.938245e-03
3.048353e-03
3.158460e-03
3.268568e-03
3.378675e-03
3.488782e-03
3.598890e-03
3.708997e-03
3.819105e-03
3.929213e-03
4.039320e-03
4.149428e-03
4.259535e-03
4.369642e-03
4.479750e-03
4.560232e-03
4.640715e-03
4.721197e-03
4.801680e-03
4.882163e-03
4.962645e-03
5.043128e-03
5.123610e-03
5.204093e-03
5.284575e-03
5.365058e-03
5.445540e-03
5.526022e-03
5.606505e-03
5.686987e-03
5.767470e-03
5.847953e-03
5.928435e-03
5.926080e-03
6.089400e-03
6.252720e-03
6.416040e-03
6.579360e-03
6.742680e-03
6.906000e-03
7.069320e-03
7.232640e-03
7.395960e-03
7.559280e-03
7.722600e-03
7.885920e-03
8.049240e-03
8.212560e-03
8.375880e-03
8.539200e-03
8.702520e-03
8.865840e-03
9.029160e-03
9.192480e-03
9.355799e-03
9.519120e-03
9.682441e-03
9.845759e-03
1.000908e-02
1.017240e-02
1.033572e-02
1.049904e-02
1.066236e-02
1.082568e-02
1.098900e-02
1.110002e-02
1.121104e-02
1.132206e-02
1.143308e-02
1.154410e-02
1.165512e-02
1.176614e-02
1.187716e-02
1.198818e-02
1.209920e-02
1.221022e-02
1.232124e-02
1.243226e-02
1.254328e-02
1.265430e-02
1.276532e-02
1.287634e-02
1.298736e-02
1.309838e-02
1.320940e-02
1.332042e-02
1.343144e-02
1.354246e-02
1.365348e-02
1.376450e-02
1.387552e-02
1.398654e-02
1.409756e-02
1.420858e-02
1.431960e-02
1.443062e-02
1.454164e-02
1.465266e-02
1.476368e-02
1.487470e-02
1.498572e-02
1.509674e-02
1.520776e-02
1.531878e-02
1.542980e-02
1.554082e-02
1.565184e-02
1.576286e-02
1.587388e-02
1.598490e-02
1.609592e-02
1.620694e-02
1.631796e-02
1.642898e-02
1.654000e-02
1.669205e-02
1.684410e-02
1.699615e-02
1.714820e-02
1.730025e-02
1.745230e-02
1.760435e-02
1.775640e-02
1.790845e-02
1.806050e-02
1.821255e-02
1.836460e-02
1.851665e-02
1.866870e-02
1.882075e-02
1.897280e-02
1.912485e-02
1.927690e-02
1.942895e-02
1.958100e-02
1.973305e-02
1.988510e-02
2.003715e-02
2.018920e-02
2.034125e-02
2.049330e-02
2.064535e-02
2.079740e-02
2.094945e-02
2.110150e-02
2.125355e-02
2.140560e-02
2.155765e-02
2.170970e-02
2.186175e-02
2.201380e-02
2.216585e-02
2.231790e-02
2.246995e-02
2.262200e-02
2.277405e-02
2.292610e-02
2.307815e-02
2.323020e-02
2.338225e-02
2.353430e-02
2.368635e-02
2.383840e-02
2.399045e-02
2.414250e-02
2.412126e-02
2.410001e-02
2.407876e-02
2.405752e-02
2.403628e-02
2.401503e-02
2.399379e-02
2.397254e-02
2.395129e-02
2.393005e-02
2.390881e-02
2.388756e-02
2.386631e-02
2.384507e-02
2.382382e-02
2.380258e-02
2.378134e-02
2.376009e-02
2.373884e-02
2.371760e-02
2.369636e-02
2.367511e-02
2.365386e-02
2.363262e-02
2.361138e-02
2.359013e-02
2.356889e-02
2.354764e-02
2.352640e-02
2.350515e-02
2.348390e-02
2.346266e-02
2.344142e-02
2.342017e-02
2.339893e-02
2.337768e-02
2.335643e-02
2.333519e-02
2.331395e-02
2.329270e-02
2.327145e-02
2.325021e-02
2.322897e-02
2.320772e-02
2.318648e-02
2.316523e-02
2.314398e-02
2.312274e-02
2.310149e-02
2.308025e-02
2.305901e-02
2.303776e-02
2.301651e-02
2.299527e-02
2.297403e-02
2.295278e-02
2.293153e-02
2.291029e-02
2.288905e-02
2.286780e-02
2.284656e-02
2.282531e-02
2.280406e-02
2.278282e-02
2.276158e-02
2.274033e-02
2.271908e-02
2.269784e-02
2.267660e-02
2.265535e-02
2.263411e-02
2.261286e-02
2.259161e-02
2.257037e-02
2.254912e-02
2.252788e-02
2.250664e-02
2.248539e-02
2.246414e-02
2.244290e-02
2.242166e-02
2.240041e-02
2.237916e-02
2.235792e-02
2.233668e-02
2.231543e-02
2.229419e-02
2.227294e-02
2.225170e-02
2.223045e-02
2.220920e-02
2.218796e-02
2.216672e-02
2.214547e-02
2.212423e-02
2.210298e-02
2.208173e-02
2.206049e-02
2.203925e-02
2.201800e-02
2.213092e-02
2.224384e-02
2.235676e-02
2.246968e-02
2.258260e-02
2.269552e-02
2.280844e-02
2.292136e-02
2.303428e-02
2.314720e-02
2.326012e-02
2.337304e-02
2.348596e-02
2.359888e-02
2.371180e-02
2.382472e-02
2.393764e-02
2.405056e-02
2.416348e-02
2.427640e-02
2.438932e-02
2.450224e-02
2.461516e-02
2.472808e-02
2.484100e-02
2.495392e-02
2.506684e-02
2.517976e-02
2.529268e-02
2.540560e-02
2.551852e-02
2.563144e-02
2.574436e-02
2.585728e-02
2.597020e-02
2.608312e-02
2.619604e-02
2.630896e-02
2.642188e-02
2.653480e-02
2.664772e-02
2.676064e-02
2.687356e-02
2.698648e-02
2.709940e-02
2.721232e-02
2.732524e-02
2.743816e-02
2.755108e-02
2.766400e-02
2.777692e-02
2.788984e-02
2.800276e-02
2.811568e-02
2.822860e-02
2.834152e-02
2.845444e-02
2.856736e-02
2.868028e-02
2.879320e-02
2.890612e-02
2.901904e-02
2.913196e-02
2.924488e-02
2.935780e-02
2.947072e-02
2.958364e-02
2.969656e-02
2.980948e-02
2.992240e-02
3.003532e-02
3.014824e-02
3.026116e-02
3.037408e-02
3.048700e-02
3.059992e-02
3.071284e-02
3.082576e-02
3.093868e-02
3.105160e-02
3.116452e-02
3.127744e-02
3.139036e-02
3.150328e-02
3.161620e-02
3.172912e-02
3.184204e-02
3.195496e-02
3.206788e-02
3.218080e-02
3.229372e-02
3.240664e-02
3.251956e-02
3.263248e-02
3.274540e-02
3.285832e-02
3.297124e-02
3.308416e-02
3.319708e-02
3.331000e-02
3.343781e-02
3.356562e-02
3.369342e-02
3.382123e-02
3.394904e-02
3.407685e-02
3.420465e-02
3.433246e-02
3.446027e-02
3.458807e-02
3.471588e-02
3.484369e-02
3.497150e-02
3.509931e-02
3.522711e-02
3.535492e-02
3.548273e-02
3.561053e-02
3.573834e-02
3.586615e-02
3.599396e-02
3.612177e-02
3.624957e-02
3.637738e-02
3.650519e-02
3.663300e-02
3.676080e-02
3.688861e-02
3.701642e-02
3.714423e-02
3.727203e-02
3.739984e-02
3.752765e-02
3.765545e-02
3.778326e-02
3.791107e-02
3.803888e-02
3.816668e-02
3.829449e-02
3.842230e-02
3.855011e-02
3.867792e-02
3.880572e-02
3.893353e-02
3.906134e-02
3.918915e-02
3.931695e-02
3.944476e-02
3.957257e-02
3.970037e-02
3.982818e-02
3.995599e-02
4.008380e-02
4.021161e-02
4.033941e-02
4.046722e-02
4.059503e-02
4.072283e-02
4.085064e-02
4.097845e-02
4.110626e-02
4.123407e-02
4.136187e-02
4.148968e-02
4.161749e-02
4.174530e-02
4.187310e-02
4.200091e-02
4.212872e-02
4.225653e-02
4.238433e-02
4.251214e-02
4.263995e-02
4.276775e-02
4.289556e-02
4.302337e-02
4.315118e-02
4.327898e-02
4.340679e-02
4.353460e-02
4.366241e-02
4.379022e-02
4.391802e-02
4.404583e-02
4.417364e-02
4.430145e-02
4.442925e-02
4.455706e-02
4.468487e-02
4.481268e-02
4.494048e-02
4.506829e-02
4.519610e-02
4.532391e-02
4.545171e-02
4.557952e-02
4.570733e-02
4.583513e-02
4.596294e-02
4.609075e-02
4.621856e-02
4.634637e-02
4.647417e-02
4.660198e-02
4.672979e-02
4.685760e-02
4.698540e-02
4.711321e-02
4.724102e-02
4.736883e-02
4.749663e-02
4.762444e-02
4.775225e-02
4.788005e-02
4.800786e-02
4.813567e-02
4.826348e-02
4.839128e-02
4.851909e-02
4.864690e-02
4.877471e-02
4.890252e-02
4.903032e-02
4.915813e-02
4.928594e-02
4.941375e-02
4.954155e-02
4.966936e-02
4.979717e-02
4.992498e-02
5.005278e-02
5.018059e-02
5.030840e-02
5.043621e-02
5.056401e-02
5.069182e-02
5.081963e-02
5.094743e-02
5.107524e-02
5.120305e-02
5.133086e-02
5.145867e-02
5.158647e-02
5.171428e-02
5.184209e-02
5.196990e-02
5.209770e-02
5.222551e-02
5.235332e-02
5.248113e-02
5.260893e-02
5.273674e-02
5.286455e-02
5.299235e-02
5.312016e-02
5.324797e-02
5.337578e-02
5.350358e-02
5.363139e-02
5.375920e-02
5.388701e-02
5.401482e-02
5.414262e-02
5.427043e-02
5.439824e-02
5.452605e-02
5.465385e-02
5.478166e-02
5.490947e-02
5.503728e-02
5.516508e-02
5.529289e-02
5.542070e-02
5.554851e-02
5.567631e-02
5.580412e-02
5.593193e-02
5.605973e-02
5.618754e-02
5.631535e-02
5.644316e-02
5.657096e-02
5.669877e-02
5.682658e-02
5.695439e-02
5.708220e-02
5.721000e-02
5.733781e-02
5.746562e-02
5.759342e-02
5.772123e-02
5.784904e-02
5.797685e-02
5.810465e-02
5.823246e-02
5.836027e-02
5.848808e-02
5.861588e-02
5.874369e-02
5.887150e-02
5.909122e-02
5.931095e-02
5.953068e-02
5.975040e-02
5.997012e-02
6.018985e-02
6.040958e-02
6.062930e-02
6.084902e-02
6.106875e-02
6.128848e-02
6.150820e-02
6.172793e-02
6.194765e-02
6.216737e-02
6.238710e-02
6.260683e-02
6.282655e-02
6.304627e-02
6.326600e-02
6.348573e-02
6.370545e-02
6.392518e-02
6.414490e-02
6.436463e-02
6.458435e-02
6.480408e-02
6.502380e-02
6.524352e-02
6.546325e-02
6.568298e-02
6.590270e-02
6.612242e-02
6.634215e-02
6.656187e-02
6.678160e-02
6.700133e-02
6.722105e-02
6.744077e-02
6.766050e-02
6.788023e-02
6.809995e-02
6.831967e-02
6.853940e-02
6.875913e-02
6.897885e-02
6.919857e-02
6.941830e-02
6.963802e-02
6.985775e-02
7.007748e-02
7.029720e-02
7.051693e-02
7.073665e-02
7.095638e-02
7.117610e-02
7.139582e-02
7.161555e-02
7.183528e-02
7.205500e-02
7.227472e-02
7.249445e-02
7.271418e-02
7.293390e-02
7.315362e-02
7.337335e-02
7.359307e-02
7.381280e-02
7.403253e-02
7.425225e-02
7.447197e-02
7.469170e-02
7.491143e-02
7.513115e-02
7.535087e-02
7.557060e-02
7.579032e-02
7.601005e-02
7.622977e-02
7.644950e-02
7.666923e-02
7.688895e-02
7.710868e-02
7.732840e-02
7.754812e-02
7.776785e-02
7.798757e-02
7.820730e-02
7.842702e-02
7.864675e-02
7.886648e-02
7.908620e-02
7.930592e-02
7.952565e-02
7.974537e-02
7.996510e-02
8.018483e-02
8.040455e-02
8.062427e-02
8.084400e-02
8.184570e-02
8.284739e-02
8.384909e-02
8.485078e-02
8.585248e-02
8.685417e-02
8.785587e-02
8.885756e-02
8.985926e-02
9.086095e-02
9.186265e-02
9.286434e-02
9.386604e-02
9.486773e-02
9.586943e-02
9.687113e-02
9.787282e-02
9.887452e-02
9.987621e-02
1.008779e-01
1.018796e-01
1.028813e-01
1.038830e-01
1.048847e-01
1.058864e-01
1.068881e-01
1.078898e-01
1.088915e-01
1.098932e-01
1.108949e-01
1.118966e-01
1.128983e-01
1.138999e-01
1.149016e-01
1.159033e-01
1.169050e-01
1.179067e-01
1.189084e-01
1.199101e-01
1.209118e-01
1.219135e-01
1.229152e-01
1.239169e-01
1.249186e-01
1.259203e-01
1.269220e-01
1.279237e-01
1.289254e-01
1.299271e-01
1.309288e-01
1.319305e-01
1.329322e-01
1.339339e-01
1.349355e-01
1.359372e-01
1.369389e-01
1.379406e-01
1.389423e-01
1.399440e-01
1.409457e-01
1.419474e-01
1.429491e-01
1.439508e-01
1.449525e-01
1.459542e-01
1.469559e-01
1.479576e-01
1.489593e-01
1.499610e-01
1.509627e-01
1.519644e-01
1.529661e-01
1.539678e-01
1.549695e-01
1.559711e-01
1.569728e-01
1.579745e-01
1.589762e-01
1.599779e-01
1.609796e-01
1.619813e-01
1.629830e-01
1.639847e-01
1.649864e-01
1.659881e-01
1.669898e-01
1.679915e-01
1.689932e-01
1.699949e-01
1.709966e-01
1.719983e-01
1.730000e-01
1.740017e-01
1.750034e-01
1.760051e-01
1.770068e-01
1.780084e-01
1.790101e-01
1.800118e-01
1.810135e-01
1.820152e-01
1.830169e-01
1.840186e-01
1.850203e-01
1.860220e-01
1.870237e-01
1.880254e-01
1.890271e-01
1.900288e-01
1.910305e-01
1.920322e-01
1.930339e-01
1.940356e-01
1.950373e-01
1.960390e-01
1.970407e-01
1.980424e-01
1.990440e-01
2.000457e-01
2.010474e-01
2.020491e-01
2.030508e-01
2.040525e-01
2.050542e-01
2.060559e-01
2.070576e-01
2.080593e-01
2.090610e-01
2.100627e-01
2.110644e-01
2.120661e-01
2.130678e-01
2.140695e-01
2.150712e-01
2.160729e-01
2.170746e-01
2.180763e-01
2.190780e-01
2.200797e-01
2.210813e-01
2.220830e-01
2.230847e-01
2.240864e-01
2.250881e-01
2.260898e-01
2.270915e-01
2.280932e-01
2.290949e-01
2.300966e-01
2.310983e-01
2.321000e-01
2.331017e-01
2.341034e-01
2.351051e-01
2.361068e-01
2.371085e-01
2.381102e-01
2.391119e-01
2.401136e-01
2.411153e-01
2.421169e-01
2.431186e-01
2.441203e-01
2.451220e-01
2.461237e-01
2.471254e-01
2.481271e-01
2.491288e-01
2.501305e-01
2.511322e-01
2.521339e-01
2.531356e-01
2.541373e-01
2.551390e-01
2.561407e-01
2.571424e-01
2.581441e-01
2.591458e-01
2.601475e-01
2.611492e-01
2.621509e-01
2.631526e-01
2.641542e-01
2.651559e-01
2.661576e-01
2.671593e-01
2.681610e-01
2.691627e-01
2.701644e-01
2.711661e-01
2.721678e-01
2.731695e-01
2.741712e-01
2.751729e-01
2.761746e-01
2.771763e-01
2.781780e-01
2.791797e-01
2.801814e-01
2.811831e-01
2.821848e-01
2.831865e-01
2.841882e-01
2.851898e-01
2.861915e-01
2.871932e-01
2.881949e-01
2.891966e-01
2.901983e-01
2.912000e-01
2.922017e-01
2.932034e-01
2.942051e-01
2.952068e-01
2.962085e-01
2.972102e-01
2.982119e-01
2.992136e-01
3.002153e-01
3.012170e-01
3.022187e-01
3.032204e-01
3.042221e-01
3.052238e-01
3.062254e-01
3.072271e-01
3.082288e-01
3.092305e-01
3.102322e-01
3.112339e-01
3.122356e-01
3.132373e-01
3.142390e-01
3.152407e-01
3.162424e-01
3.172441e-01
3.182458e-01
3.192475e-01
3.202492e-01
3.212509e-01
3.222526e-01
3.232543e-01
3.242560e-01
3.252577e-01
3.262594e-01
3.272611e-01
3.282627e-01
3.292644e-01
3.302661e-01
3.312678e-01
3.322695e-01
3.332712e-01
3.342729e-01
3.352746e-01
3.362763e-01
3.372780e-01
3.382797e-01
3.392814e-01
3.402831e-01
3.412848e-01
3.422865e-01
3.432882e-01
3.442899e-01
3.452916e-01
3.462933e-01
3.472950e-01
3.482967e-01
3.492983e-01
3.503000e-01
3.513017e-01
3.523034e-01
3.533051e-01
3.543068e-01
3.553085e-01
3.563102e-01
3.573119e-01
3.583136e-01
3.593153e-01
3.603170e-01
3.613187e-01
3.623204e-01
3.633221e-01
3.643238e-01
3.653255e-01
3.663272e-01
3.673289e-01
3.683306e-01
3.693323e-01
3.703340e-01
3.713356e-01
3.723373e-01
3.733390e-01
3.743407e-01
3.753424e-01
3.763441e-01
3.773458e-01
3.783475e-01
3.793492e-01
3.803509e-01
3.813526e-01
3.823543e-01
3.833560e-01
3.843577e-01
3.853594e-01
3.863611e-01
3.873628e-01
3.883645e-01
3.893662e-01
3.903679e-01
3.913696e-01
3.923712e-01
3.933729e-01
3.943746e-01
3.953763e-01
3.963780e-01
3.973797e-01
3.983814e-01
3.993831e-01
4.003848e-01
4.013865e-01
4.023882e-01
4.033899e-01
4.043916e-01
4.053933e-01
4.063950e-01
4.073967e-01
4.083984e-01
4.094001e-01
4.104018e-01
4.114035e-01
4.124052e-01
4.134069e-01
4.144085e-01
4.154102e-01
4.164119e-01
4.174136e-01
4.184153e-01
4.194170e-01
4.204187e-01
4.214204e-01
4.224221e-01
4.234238e-01
4.244255e-01
4.254272e-01
4.264289e-01
4.274306e-01
4.284323e-01
4.294340e-01
4.304357e-01
4.314374e-01
4.324391e-01
4.334408e-01
4.344425e-01
4.354441e-01
4.364458e-01
4.374475e-01
4.384492e-01
4.394509e-01
4.404526e-01
4.414543e-01
4.424560e-01
4.434577e-01
4.444594e-01
4.454611e-01
4.464628e-01
4.474645e-01
4.484662e-01
4.494679e-01
4.504696e-01
4.514713e-01
4.524730e-01
4.534747e-01
4.544764e-01
4.554781e-01
4.564797e-01
4.574814e-01
4.584831e-01
4.594848e-01
4.604865e-01
4.614882e-01
4.624899e-01
4.634916e-01
4.644933e-01
4.654950e-01
4.664967e-01
4.674984e-01
4.685001e-01
4.695018e-01
4.705035e-01
4.715052e-01
4.725069e-01
4.735086e-01
4.745103e-01
4.755120e-01
4.765137e-01
4.775154e-01
4.785170e-01
4.795187e-01
4.805204e-01
4.815221e-01
4.825238e-01
4.835255e-01
4.845272e-01
4.855289e-01
4.865306e-01
4.875323e-01
4.885340e-01
4.906574e-01
4.927808e-01
4.949043e-01
4.970277e-01
4.991511e-01
5.012745e-01
5.033979e-01
5.055214e-01
5.076448e-01
5.097682e-01
5.118916e-01
5.140150e-01
5.161385e-01
5.182619e-01
5.203853e-01
5.225087e-01
5.246321e-01
5.267556e-01
5.288790e-01
5.310024e-01
5.331258e-01
5.352492e-01
5.373727e-01
5.394961e-01
5.416195e-01
5.437429e-01
5.458663e-01
5.479898e-01
5.501132e-01
5.522366e-01
5.543600e-01
5.564834e-01
5.586069e-01
5.607303e-01
5.628537e-01
5.649771e-01
5.671005e-01
5.692240e-01
5.713474e-01
5.734708e-01
5.755942e-01
5.777176e-01
5.798411e-01
5.819645e-01
5.840879e-01
5.862113e-01
5.883347e-01
5.904582e-01
5.925816e-01
5.947050e-01
5.968284e-01
5.989518e-01
6.010753e-01
6.031987e-01
6.053221e-01
6.074455e-01
6.095689e-01
6.116924e-01
6.138158e-01
6.159392e-01
6.180626e-01
6.201860e-01
6.223095e-01
6.244329e-01
6.265563e-01
6.286797e-01
6.308031e-01
6.329266e-01
6.350500e-01
6.371734e-01
6.392968e-01
6.414202e-01
6.435437e-01
6.456671e-01
6.477905e-01
6.499139e-01
6.520373e-01
6.541608e-01
6.562842e-01
6.584076e-01
6.605310e-01
6.626544e-01
6.647779e-01
6.669013e-01
6.690247e-01
6.711481e-01
6.732715e-01
6.753950e-01
6.775184e-01
6.796418e-01
6.817652e-01
6.838886e-01
6.860121e-01
6.881355e-01
6.902589e-01
6.923823e-01
6.945057e-01
6.966292e-01
6.987526e-01
7.008760e-01
7.029566e-01
7.050372e-01
7.071177e-01
7.091983e-01
7.112789e-01
7.133595e-01
7.154401e-01
7.175207e-01
7.196013e-01
7.216819e-01
7.237625e-01
7.258430e-01
7.279236e-01
7.300042e-01
7.320848e-01
7.341654e-01
7.362460e-01
7.383266e-01
7.404071e-01
7.424878e-01
7.445683e-01
7.466489e-01
7.487295e-01
7.508101e-01
7.528906e-01
7.549713e-01
7.570518e-01
7.591324e-01
7.612130e-01
7.632936e-01
7.653742e-01
7.674548e-01
7.695354e-01
7.716159e-01
7.736966e-01
7.757771e-01
7.778577e-01
7.799383e-01
7.820189e-01
7.840995e-01
7.861801e-01
7.882607e-01
7.903412e-01
7.924218e-01
7.945024e-01
7.965830e-01
7.986636e-01
8.007442e-01
8.028247e-01
8.049054e-01
8.069859e-01
8.090665e-01
8.111471e-01
8.132277e-01
8.153083e-01
8.173889e-01
8.194695e-01
8.215500e-01
8.236307e-01
8.257112e-01
8.277918e-01
8.298724e-01
8.319530e-01
8.340335e-01
8.361142e-01
8.381947e-01
8.402753e-01
8.423559e-01
8.444365e-01
8.465171e-01
8.485977e-01
8.506783e-01
8.527588e-01
8.548395e-01
8.569200e-01
8.590006e-01
8.610812e-01
8.631618e-01
8.652424e-01
8.673230e-01
8.694036e-01
8.714841e-01
8.735648e-01
8.756453e-01
8.777259e-01
8.798065e-01
8.818871e-01
8.839676e-01
8.860483e-01
8.881288e-01
8.902094e-01
8.922900e-01
8.943706e-01
8.964512e-01
8.985318e-01
9.006124e-01
9.026929e-01
9.047736e-01
9.068541e-01
9.089347e-01
9.110153e-01
9.130959e-01
9.151764e-01
9.172571e-01
9.193376e-01
9.214182e-01
9.234988e-01
9.255794e-01
9.276600e-01
9.297406e-01
9.318212e-01
9.339017e-01
9.359824e-01
9.380629e-01
9.401435e-01
9.422241e-01
9.443047e-01
9.463852e-01
9.484659e-01
9.505465e-01
9.526270e-01
9.547077e-01
9.567882e-01
9.588688e-01
9.609494e-01
9.630300e-01
9.651105e-01
9.671912e-01
9.692717e-01
9.713523e-01
9.734329e-01
9.755135e-01
9.775941e-01
9.796747e-01
9.817553e-01
9.838358e-01
9.859165e-01
9.879970e-01
9.900776e-01
9.921584e-01
9.942388e-01
9.963191e-01
9.984002e-01
1.000481e+00
1.002561e+00
1.004642e+00
1.006722e+00
1.008803e+00
1.010884e+00
1.012964e+00
1.015044e+00
1.017126e+00
1.019206e+00
1.021286e+00
1.023367e+00
1.025448e+00
1.027528e+00
1.029609e+00
1.031689e+00
1.033770e+00
1.035851e+00
1.037931e+00
1.040012e+00
1.042093e+00
1.044173e+00
1.046253e+00
1.048334e+00
1.050415e+00
1.052495e+00
1.054576e+00
1.056656e+00
1.058737e+00
1.060818e+00
1.062898e+00
1.064979e+00
1.067060e+00
1.069140e+00
1.071220e+00
1.073301e+00
1.075382e+00
1.077462e+00
1.079543e+00
1.081623e+00
1.083704e+00
1.085785e+00
1.087865e+00
1.089946e+00
1.092027e+00
1.094107e+00
1.096187e+00
1.098269e+00
1.100349e+00
1.102429e+00
1.104510e+00
1.106591e+00
1.108671e+00
1.110752e+00
1.112832e+00
1.114912e+00
1.116994e+00
1.119074e+00
1.121458e+00
1.123841e+00
1.126226e+00
1.128610e+00
1.130993e+00
1.133377e+00
1.135761e+00
1.138144e+00
1.140529e+00
1.142912e+00
1.145296e+00
1.147680e+00
1.150064e+00
1.152447e+00
1.154831e+00
1.157215e+00
1.159599e+00
1.161983e+00
1.164366e+00
1.166750e+00
1.169134e+00
1.171518e+00
1.173902e+00
1.176286e+00
1.178669e+00
1.181053e+00
1.183437e+00
1.185820e+00
1.188204e+00
1.190589e+00
1.192972e+00
1.195356e+00
1.197740e+00
1.200123e+00
1.202507e+00
1.204892e+00
1.207275e+00
1.209659e+00
1.212043e+00
1.214426e+00
1.216811e+00
1.219195e+00
1.221578e+00
1.223962e+00
1.226346e+00
1.228730e+00
1.231113e+00
1.233497e+00
1.235881e+00
1.238265e+00
1.240648e+00
1.243032e+00
1.245416e+00
1.247800e+00
1.250184e+00
1.252568e+00
1.254951e+00
1.257335e+00
1.259719e+00
1.262103e+00
1.264487e+00
1.266871e+00
1.269254e+00
1.271638e+00
1.274022e+00
1.276406e+00
1.278790e+00
1.281174e+00
1.283557e+00
1.285941e+00
1.288325e+00
1.290708e+00
1.293093e+00
1.295477e+00
1.297860e+00
1.300244e+00
1.302627e+00
1.305011e+00
1.307396e+00
1.309779e+00
1.312163e+00
1.314547e+00
1.316930e+00
1.319314e+00
1.321699e+00
1.324082e+00
1.326466e+00
1.328850e+00
1.331233e+00
1.333617e+00
1.336001e+00
1.338385e+00
1.340769e+00
1.343153e+00
1.345536e+00
1.347920e+00
1.350304e+00
1.352688e+00
1.355072e+00
1.357456e+00
1.359839e+00
1.362223e+00
1.364607e+00
1.366990e+00
1.369374e+00
1.371758e+00
1.374142e+00
1.376526e+00
1.378909e+00
1.381293e+00
1.383678e+00
1.386061e+00
1.388445e+00
1.390829e+00
1.393212e+00
1.395597e+00
1.397981e+00
1.400364e+00
1.402748e+00
1.405132e+00
1.407515e+00
1.409899e+00
1.412284e+00
1.414667e+00
1.417051e+00
1.419435e+00
1.421818e+00
1.424202e+00
1.426586e+00
1.428970e+00
1.431354e+00
1.433738e+00
1.436121e+00
1.438505e+00
1.440889e+00
1.443273e+00
1.445657e+00
1.448040e+00
1.450424e+00
1.452808e+00
1.455191e+00
1.457575e+00
1.459960e+00
1.462343e+00
1.464727e+00
1.467111e+00
1.469494e+00
1.471878e+00
1.474263e+00
1.476646e+00
1.479030e+00
1.481414e+00
1.483797e+00
1.486182e+00
1.488566e+00
1.490949e+00
1.493333e+00
1.495717e+00
1.498100e+00
1.500484e+00
1.502868e+00
1.505252e+00
1.507636e+00
1.510020e+00
1.512403e+00
1.514787e+00
1.517171e+00
1.519555e+00
1.521939e+00
1.524322e+00
1.526706e+00
1.529090e+00
1.531474e+00
1.533858e+00
1.536242e+00
1.538625e+00
1.541009e+00
1.543393e+00
1.545777e+00
1.548161e+00
1.550545e+00
1.552928e+00
1.555312e+00
1.557696e+00
1.560079e+00
1.562463e+00
1.564848e+00
1.567231e+00
1.569615e+00
1.571999e+00
1.574382e+00
1.576767e+00
1.579151e+00
1.581534e+00
1.583918e+00
1.586302e+00
1.588685e+00
1.591069e+00
1.593453e+00
1.595837e+00
1.598221e+00
1.600604e+00
1.602988e+00
1.605372e+00
1.607756e+00
1.610140e+00
1.612524e+00
1.614907e+00
1.617291e+00
1.619675e+00
1.622059e+00
1.624443e+00
1.626827e+00
1.629210e+00
1.631594e+00
1.633978e+00
1.636362e+00
1.638745e+00
1.641130e+00
1.643513e+00
1.645897e+00
1.648281e+00
1.650664e+00
1.653049e+00
1.655433e+00
1.657816e+00
1.660200e+00
1.662583e+00
1.664967e+00
1.667352e+00
1.669735e+00
1.672119e+00
1.674503e+00
1.676886e+00
1.679270e+00
1.681654e+00
1.684038e+00
1.686422e+00
1.688806e+00
1.691189e+00
1.693573e+00
1.695957e+00
1.698341e+00
1.700725e+00
1.703109e+00
1.705492e+00
1.707876e+00
1.710260e+00
1.712644e+00
1.715028e+00
1.717412e+00
1.719795e+00
1.722179e+00
1.724563e+00
1.726947e+00
1.729331e+00
1.731714e+00
1.734098e+00
1.736482e+00
1.738865e+00
1.741249e+00
1.743634e+00
1.746017e+00
1.748401e+00
1.750785e+00
1.753168e+00
1.755553e+00
1.757937e+00
1.760320e+00
1.762704e+00
1.765088e+00
1.767471e+00
1.769856e+00
1.772239e+00
1.774623e+00
1.777007e+00
1.779391e+00
1.781774e+00
1.784158e+00
1.786542e+00
1.788926e+00
1.791310e+00
1.793694e+00
1.796077e+00
1.798461e+00
1.800845e+00
1.803229e+00
1.805613e+00
1.807996e+00
1.810380e+00
1.812764e+00
1.815147e+00
1.817532e+00
1.819916e+00
1.822299e+00
1.824683e+00
1.827067e+00
1.829450e+00
1.831834e+00
1.834219e+00
1.836602e+00
1.838986e+00
1.842455e+00
1.845925e+00
1.849394e+00
1.852863e+00
1.856332e+00
1.859801e+00
1.863271e+00
1.866740e+00
1.870209e+00
1.873679e+00
1.877148e+00
1.880617e+00
1.884086e+00
1.887555e+00
1.891024e+00
1.894494e+00
1.897963e+00
1.901433e+00
1.904902e+00
1.908371e+00
1.911840e+00
1.915309e+00
1.918778e+00
1.922248e+00
1.925717e+00
1.929186e+00
1.932656e+00
1.936125e+00
1.939594e+00
1.943063e+00
1.946532e+00
1.950002e+00
1.953471e+00
1.956940e+00
1.960410e+00
1.963879e+00
1.967348e+00
1.970817e+00
1.974287e+00
1.977756e+00
1.981225e+00
1.984694e+00
1.988164e+00
1.991633e+00
1.995102e+00
1.998571e+00
2.002040e+00
2.005509e+00
2.008979e+00
2.012448e+00
2.015918e+00
2.019387e+00
2.022856e+00
2.026325e+00
2.029794e+00
2.033263e+00
2.036733e+00
2.040202e+00
2.043671e+00
2.047141e+00
2.050610e+00
2.054079e+00
2.057549e+00
2.061018e+00
2.064487e+00
2.067956e+00
2.071425e+00
2.074895e+00
2.078364e+00
2.081833e+00
2.085303e+00
2.088771e+00
2.092241e+00
2.095710e+00
2.099179e+00
2.102649e+00
2.106118e+00
2.109587e+00
2.113056e+00
2.116525e+00
2.119994e+00
2.123464e+00
2.126933e+00
2.130403e+00
2.133872e+00
2.137341e+00
2.140811e+00
2.144280e+00
2.147749e+00
2.151218e+00
2.154687e+00
2.158156e+00
2.161626e+00
2.165095e+00
2.168565e+00
2.172034e+00
2.175503e+00
2.178972e+00
2.182441e+00
2.185910e+00
2.189380e+00
2.192849e+00
2.196318e+00
2.199787e+00
2.203256e+00
2.206725e+00
2.210195e+00
2.213664e+00
2.217134e+00
2.220603e+00
2.224072e+00
2.227542e+00
2.231011e+00
2.234479e+00
2.237949e+00
2.241418e+00
2.244887e+00
2.248357e+00
2.251826e+00
2.255296e+00
2.258765e+00
2.262234e+00
2.265703e+00
2.269172e+00
2.272641e+00
2.276111e+00
2.279580e+00
2.283049e+00
2.286519e+00
2.289987e+00
2.293457e+00
2.296926e+00
2.300395e+00
2.303865e+00
2.307334e+00
2.310803e+00
2.314272e+00
2.317741e+00
2.321210e+00
2.324680e+00
2.328149e+00
2.331619e+00
2.335088e+00
2.338557e+00
2.342027e+00
2.345496e+00
2.348965e+00
2.352434e+00
2.355903e+00
2.359372e+00
2.362842e+00
2.366311e+00
2.369781e+00
2.373250e+00
2.376719e+00
2.380188e+00
2.383657e+00
2.387126e+00
2.390596e+00
2.394065e+00
2.397534e+00
2.401004e+00
2.404472e+00
2.407942e+00
2.411411e+00
2.414880e+00
2.418350e+00
2.421819e+00
2.425288e+00
2.428758e+00
2.432227e+00
2.435696e+00
2.439165e+00
2.442634e+00
2.446104e+00
2.449573e+00
2.453042e+00
2.456512e+00
2.459981e+00
2.463450e+00
2.466919e+00
2.470388e+00
2.473857e+00
2.477327e+00
2.480796e+00
2.484266e+00
2.487734e+00
2.491204e+00
2.494673e+00
2.498142e+00
2.501611e+00
2.505081e+00
2.508550e+00
2.512019e+00
2.515489e+00
2.518958e+00
2.522427e+00
2.525896e+00
2.529365e+00
2.532835e+00
2.536304e+00
2.539553e+00
2.542803e+00
2.546052e+00
2.549301e+00
2.552550e+00
2.555799e+00
2.559049e+00
2.562298e+00
2.565547e+00
2.568796e+00
2.572046e+00
2.575295e+00
2.578544e+00
2.581794e+00
2.585043e+00
2.588292e+00
2.591541e+00
2.594790e+00
2.598039e+00
2.601288e+00
2.604538e+00
2.607787e+00
2.611036e+00
2.614286e+00
2.617535e+00
2.620784e+00
2.624034e+00
2.627283e+00
2.630531e+00
2.633781e+00
2.637030e+00
2.640279e+00
2.643529e+00
2.646778e+00
2.650027e+00
2.653277e+00
2.656526e+00
2.659775e+00
2.663024e+00
2.666273e+00
2.669523e+00
2.672772e+00
2.676021e+00
2.679270e+00
2.682520e+00
2.685769e+00
2.689018e+00
2.692267e+00
2.695517e+00
2.698766e+00
2.702014e+00
2.705264e+00
2.708513e+00
2.711762e+00
2.715012e+00
2.718261e+00
2.721510e+00
2.724760e+00
2.728009e+00
2.731258e+00
2.734507e+00
2.737756e+00
2.741006e+00
2.744255e+00
2.747504e+00
2.750753e+00
2.754003e+00
2.757252e+00
2.760501e+00
2.763751e+00
2.767000e+00
2.770249e+00
2.773498e+00
2.776748e+00
2.779996e+00
2.783246e+00
2.786495e+00
2.789744e+00
2.792994e+00
2.796243e+00
2.799492e+00
2.802741e+00
2.805991e+00
2.809239e+00
2.812488e+00
2.815738e+00
2.818987e+00
2.822236e+00
2.825486e+00
2.828735e+00
2.831984e+00
2.835234e+00
2.838483e+00
2.841732e+00
2.844981e+00
2.848230e+00
2.851479e+00
2.854729e+00
2.857978e+00
2.861227e+00
2.864477e+00
2.867726e+00
2.870975e+00
2.874224e+00
2.877474e+00
2.880723e+00
2.883972e+00
2.887221e+00
2.890470e+00
2.893720e+00
2.896969e+00
2.900218e+00
2.903468e+00
2.906717e+00
2.909966e+00
2.913216e+00
2.916465e+00
2.919713e+00
2.922963e+00
2.926212e+00
2.929461e+00
2.932710e+00
2.935960e+00
2.939209e+00
2.942458e+00
2.945708e+00
2.948956e+00
2.952206e+00
2.955455e+00
2.958705e+00
2.961953e+00
2.965203e+00
2.968452e+00
2.971701e+00
2.974951e+00
2.978200e+00
2.981449e+00
2.984698e+00
2.987948e+00
2.991197e+00
2.994446e+00
2.997695e+00
3.000944e+00
3.004194e+00
3.007443e+00
3.010692e+00
3.013942e+00
3.017191e+00
3.020440e+00
3.023690e+00
3.026938e+00
3.030187e+00
3.033437e+00
3.036686e+00
3.039935e+00
3.043184e+00
3.046434e+00
3.049683e+00
3.052932e+00
3.056182e+00
3.059431e+00
3.062680e+00
3.065929e+00
3.069178e+00
3.072427e+00
3.075677e+00
3.078926e+00
3.082175e+00
3.085425e+00
3.088674e+00
3.091923e+00
3.095173e+00
3.098422e+00
3.101670e+00
3.104920e+00
3.108169e+00
3.111418e+00
3.114668e+00
3.117917e+00
3.121166e+00
3.124416e+00
3.127665e+00
3.130914e+00
3.134163e+00
3.137412e+00
3.140661e+00
3.143910e+00
3.147160e+00
3.150409e+00
3.153658e+00
3.156908e+00
3.160157e+00
3.163406e+00
3.166655e+00
3.169905e+00
3.173154e+00
3.176403e+00
3.179652e+00
3.182901e+00
3.186151e+00
3.189400e+00
3.193121e+00
3.196842e+00
3.200563e+00
3.204285e+00
3.208005e+00
3.211727e+00
3.215447e+00
3.219169e+00
3.222890e+00
3.226611e+00
3.230332e+00
3.234053e+00
3.237774e+00
3.241495e+00
3.245217e+00
3.248937e+00
3.252659e+00
3.256379e+00
3.260101e+00
3.263822e+00
3.267543e+00
3.271264e+00
3.274986e+00
3.278706e+00
3.282427e+00
3.286149e+00
3.289869e+00
3.293591e+00
3.297312e+00
3.301033e+00
3.304754e+00
3.308475e+00
3.312196e+00
3.315917e+00
3.319638e+00
3.323360e+00
3.327081e+00
3.330801e+00
3.334523e+00
3.338243e+00
3.341965e+00
3.345686e+00
3.349407e+00
3.353128e+00
3.356849e+00
3.360570e+00
3.364291e+00
3.368013e+00
3.371733e+00
3.375455e+00
3.379175e+00
3.382897e+00
3.386618e+00
3.390339e+00
3.394060e+00
3.397782e+00
3.401502e+00
3.405223e+00
3.408945e+00
3.412666e+00
3.416387e+00
3.420107e+00
3.423829e+00
3.427550e+00
3.431271e+00
3.434992e+00
3.438714e+00
3.442434e+00
3.446156e+00
3.449877e+00
3.453597e+00
3.457319e+00
3.461040e+00
3.464761e+00
3.468482e+00
3.472203e+00
3.475924e+00
3.479645e+00
3.483366e+00
3.487088e+00
3.490808e+00
3.494530e+00
3.498251e+00
3.501971e+00
3.505693e+00
3.509414e+00
3.513135e+00
3.516856e+00
3.520577e+00
3.524298e+00
3.528019e+00
3.531740e+00
3.535462e+00
3.539183e+00
3.542903e+00
3.546625e+00
3.550346e+00
3.554067e+00
3.557788e+00
3.561510e+00
3.565230e+00
3.568952e+00
3.572672e+00
3.576394e+00
3.580115e+00
3.583836e+00
3.587557e+00
3.591278e+00
3.594999e+00
3.598720e+00
3.602442e+00
3.606162e+00
3.609884e+00
3.613604e+00
3.617325e+00
3.621047e+00
3.624768e+00
3.628489e+00
3.632210e+00
3.635931e+00
3.639652e+00
3.643374e+00
3.647094e+00
3.650816e+00
3.654536e+00
3.658258e+00
3.661979e+00
3.665700e+00
3.669421e+00
3.673142e+00
3.676863e+00
3.680584e+00
3.684306e+00
3.688026e+00
3.691747e+00
3.695468e+00
3.699190e+00
3.702911e+00
3.706632e+00
3.710353e+00
3.714074e+00
3.717795e+00
3.721516e+00
3.725238e+00
3.728958e+00
3.732680e+00
3.736400e+00
3.740122e+00
3.743843e+00
3.747564e+00
3.751285e+00
3.755006e+00
3.758727e+00
3.762448e+00
3.766170e+00
3.769890e+00
3.773612e+00
3.777332e+00
3.781054e+00
3.784775e+00
3.788496e+00
3.792217e+00
3.795938e+00
3.799659e+00
3.803380e+00
3.807102e+00
3.810823e+00
3.814544e+00
3.818264e+00
3.821986e+00
3.825707e+00
3.829428e+00
3.833149e+00
3.836871e+00
3.840591e+00
3.844312e+00
3.848034e+00
3.851754e+00
3.855476e+00
3.859196e+00
3.862918e+00
3.866639e+00
3.870360e+00
3.874081e+00
3.877802e+00
3.881523e+00
3.885245e+00
3.888966e+00
3.892686e+00
3.896408e+00
3.900128e+00
3.903850e+00
3.907571e+00
3.911292e+00
3.915013e+00
3.918734e+00
3.922455e+00
3.926176e+00
3.929898e+00
3.933618e+00
3.937340e+00
3.941060e+00
3.944782e+00
3.948503e+00
3.952224e+00
3.955945e+00
3.959666e+00
3.963387e+00
3.967108e+00
3.970830e+00
3.974551e+00
3.978272e+00
3.981993e+00
3.985714e+00
3.989435e+00
3.993156e+00
3.996877e+00
4.000599e+00
4.004319e+00
4.008040e+00
4.011762e+00
4.015482e+00
4.019204e+00
4.022925e+00
4.026646e+00
4.030367e+00
4.034088e+00
4.037809e+00
4.041530e+00
4.045251e+00
4.048973e+00
4.052693e+00
4.056414e+00
4.060136e+00
4.063856e+00
4.067578e+00
4.071299e+00
4.075020e+00
4.078741e+00
4.082463e+00
4.086183e+00
4.089904e+00
4.093625e+00
4.097347e+00
4.101068e+00
4.104788e+00
4.108510e+00
4.112231e+00
4.115952e+00
4.119673e+00
4.123395e+00
4.127115e+00
4.130837e+00
4.134557e+00
4.138279e+00
4.142000e+00
4.145721e+00
4.149442e+00
4.153163e+00
4.156884e+00
4.160605e+00
4.164327e+00
4.168047e+00
4.171769e+00
4.175489e+00
4.179210e+00
4.182932e+00
4.186653e+00
4.190374e+00
4.194095e+00
4.197816e+00
4.201537e+00
4.205259e+00
4.208979e+00
4.212701e+00
4.216421e+00
4.220143e+00
4.223864e+00
4.227584e+00
4.231306e+00
4.235027e+00
4.238748e+00
4.242469e+00
4.246191e+00
4.249911e+00
4.253633e+00
4.257353e+00
4.261075e+00
4.264796e+00
4.268517e+00
4.272238e+00
4.275959e+00
4.279680e+00
4.283401e+00
4.287123e+00
4.290843e+00
4.294565e+00
4.298285e+00
4.302007e+00
4.305728e+00
4.309449e+00
4.313170e+00
4.314861e+00
4.316552e+00
4.318243e+00
4.319934e+00
4.321626e+00
4.323317e+00
4.325008e+00
4.326699e+00
4.328390e+00
4.330081e+00
4.331772e+00
4.333463e+00
4.335154e+00
4.336846e+00
4.338537e+00
4.340229e+00
4.341919e+00
4.343611e+00
4.345302e+00
4.346993e+00
4.348684e+00
4.350375e+00
4.352066e+00
4.353758e+00
4.355448e+00
4.357140e+00
4.358831e+00
4.360522e+00
4.362213e+00
4.363904e+00
4.365595e+00
4.367286e+00
4.368978e+00
4.370669e+00
4.372360e+00
4.374051e+00
4.375742e+00
4.377433e+00
4.379124e+00
4.380815e+00
4.382506e+00
4.384198e+00
4.385889e+00
4.387580e+00
4.389271e+00
4.390962e+00
4.392653e+00
4.394344e+00
4.396035e+00
4.397727e+00
4.399418e+00
4.401109e+00
4.402800e+00
4.404491e+00
4.406182e+00
4.407874e+00
4.409565e+00
4.411256e+00
4.412947e+00
4.414638e+00
4.416330e+00
4.418021e+00
4.419712e+00
4.421403e+00
4.423094e+00
4.424785e+00
4.426476e+00
4.428167e+00
4.429858e+00
4.431550e+00
4.433241e+00
4.434932e+00
4.436623e+00
4.438314e+00
4.440005e+00
4.441696e+00
4.443387e+00
4.445078e+00
4.446769e+00
4.448461e+00
4.450152e+00
4.451843e+00
4.453534e+00
4.455225e+00
4.456916e+00
4.458608e+00
4.460298e+00
4.461990e+00
4.463681e+00
4.465372e+00
4.467064e+00
4.468754e+00
4.470446e+00
4.472137e+00
4.473828e+00
4.475519e+00
4.477210e+00
4.478902e+00
4.480593e+00
4.482284e+00
4.483975e+00
4.485666e+00
4.487357e+00
4.489048e+00
4.490739e+00
4.492430e+00
4.494122e+00
4.495813e+00
4.497504e+00
4.499195e+00
4.500886e+00
4.502577e+00
4.504268e+00
4.505959e+00
4.507650e+00
4.509341e+00
4.511033e+00
4.512724e+00
4.514415e+00
4.516106e+00
4.517797e+00
4.519488e+00
4.521180e+00
4.522870e+00
4.524562e+00
4.526253e+00
4.527945e+00
4.529635e+00
4.531327e+00
4.533017e+00
4.534709e+00
4.536400e+00
4.538091e+00
4.539782e+00
4.541474e+00
4.543165e+00
4.544856e+00
4.546547e+00
4.548238e+00
4.549929e+00
4.551620e+00
4.553311e+00
4.555002e+00
4.556693e+00
4.558385e+00
4.560076e+00
4.561767e+00
4.563458e+00
4.565149e+00
4.566840e+00
4.568531e+00
4.570222e+00
4.571913e+00
4.573605e+00
4.575296e+00
4.576987e+00
4.578678e+00
4.580369e+00
4.582060e+00
4.583751e+00
4.585443e+00
4.587134e+00
4.588825e+00
4.590517e+00
4.592207e+00
4.593899e+00
4.595590e+00
4.597281e+00
4.598972e+00
4.600663e+00
4.602354e+00
4.604046e+00
4.605737e+00
4.607428e+00
4.609119e+00
4.610810e+00
4.612501e+00
4.614192e+00
4.615883e+00
4.617574e+00
4.619265e+00
4.620957e+00
4.622648e+00
4.624339e+00
4.626030e+00
4.627721e+00
4.629412e+00
4.631103e+00
4.632794e+00
4.634485e+00
4.636177e+00
4.637868e+00
4.639559e+00
4.641250e+00
4.642941e+00
4.644633e+00
4.646324e+00
4.648015e+00
4.649706e+00
4.651397e+00
4.653088e+00
4.654780e+00
4.656471e+00
4.658162e+00
4.659853e+00
4.661544e+00
4.663235e+00
4.664926e+00
4.666617e+00
4.668309e+00
4.670000e+00
4.671691e+00
4.673382e+00
4.675073e+00
4.676764e+00
4.678455e+00
4.680146e+00
4.681837e+00
4.683529e+00
4.685220e+00
4.686911e+00
4.688602e+00
4.690293e+00
4.691984e+00
4.693675e+00
4.695367e+00
4.697057e+00
4.698749e+00
4.700440e+00
4.702131e+00
4.703822e+00
4.705513e+00
4.707204e+00
4.708896e+00
4.710586e+00
4.712278e+00
4.713969e+00
4.715661e+00
4.717352e+00
4.719043e+00
4.720734e+00
4.722425e+00
4.724116e+00
4.725807e+00
4.727498e+00
4.729189e+00
4.730881e+00
4.732572e+00
4.734263e+00
4.735954e+00
4.737645e+00
4.739336e+00
4.741027e+00
4.742718e+00
4.744409e+00
4.746101e+00
4.747792e+00
4.749483e+00
4.751174e+00
4.752865e+00
4.754556e+00
4.756247e+00
4.757938e+00
4.759629e+00
4.761321e+00
4.763012e+00
4.764704e+00
4.766394e+00
4.768086e+00
4.769776e+00
4.771468e+00
4.773159e+00
4.774850e+00
4.776541e+00
4.778233e+00
4.779923e+00
4.781615e+00
4.783306e+00
4.784997e+00
4.786688e+00
4.788379e+00
4.790070e+00
4.791761e+00
4.793453e+00
4.795144e+00
4.796835e+00
4.798526e+00
4.800217e+00
4.801908e+00
4.803599e+00
4.805290e+00
4.806981e+00
4.808673e+00
4.810364e+00
4.812055e+00
4.813746e+00
4.815437e+00
4.817128e+00
4.818820e+00
4.820510e+00
4.822202e+00
4.823893e+00
4.825584e+00
4.827275e+00
4.828966e+00
4.830657e+00
4.832349e+00
4.834040e+00
4.835731e+00
4.837422e+00
4.839113e+00
4.840805e+00
4.842496e+00
4.844187e+00
4.845878e+00
4.847569e+00
4.849260e+00
4.850951e+00
4.852642e+00
4.854333e+00
4.856025e+00
4.857716e+00
4.859407e+00
4.861098e+00
4.862789e+00
4.864480e+00
4.866171e+00
4.867862e+00
4.869553e+00
4.871244e+00
4.872936e+00
4.874627e+00
4.876318e+00
4.878009e+00
4.879700e+00
4.881391e+00
4.883083e+00
4.884773e+00
4.886465e+00
4.888157e+00
4.889847e+00
4.891539e+00
4.893230e+00
4.894921e+00
4.896612e+00
4.898303e+00
4.899994e+00
4.901685e+00
4.903377e+00
4.905068e+00
4.906759e+00
4.908450e+00
4.910141e+00
4.911832e+00
4.913523e+00
4.915214e+00
4.916905e+00
4.918597e+00
4.920288e+00
4.921979e+00
4.923670e+00
4.925361e+00
4.927052e+00
4.928743e+00
4.930434e+00
4.932125e+00
4.933816e+00
4.935508e+00
4.937199e+00
4.938890e+00
4.940581e+00
4.942272e+00
4.943963e+00
4.945655e+00
4.947345e+00
4.949037e+00
4.950728e+00
4.952420e+00
4.954110e+00
4.955802e+00
4.957492e+00
4.959184e+00
4.960875e+00
4.962566e+00
4.964257e+00
4.965949e+00
4.967640e+00
4.969331e+00
4.971022e+00
4.972713e+00
4.974404e+00
4.976095e+00
4.977786e+00
4.979477e+00
4.981168e+00
4.982860e+00
4.984551e+00
4.986242e+00
4.987933e+00
4.989624e+00
4.991315e+00
4.993006e+00
4.994697e+00
4.996389e+00
4.998080e+00
4.999771e+00
5.001462e+00
5.003153e+00
5.004844e+00
5.006536e+00
5.008226e+00
5.009918e+00
5.011609e+00
5.013300e+00
5.014992e+00
5.016682e+00
5.018374e+00
5.020065e+00
5.021756e+00
5.023447e+00
5.025138e+00
5.026829e+00
5.028521e+00
5.030212e+00
5.031903e+00
5.033594e+00
5.035285e+00
5.036976e+00
5.038667e+00
5.040358e+00
5.042049e+00
5.043740e+00
5.045432e+00
5.047123e+00
5.048814e+00
5.050505e+00
5.052196e+00
5.053887e+00
5.055578e+00
5.057269e+00
5.058960e+00
5.060652e+00
5.062343e+00
5.064034e+00
5.065726e+00
5.067416e+00
5.069108e+00
5.070798e+00
5.072490e+00
5.074181e+00
5.075873e+00
5.077563e+00
5.079255e+00
5.080946e+00
5.082637e+00
5.084328e+00
5.086019e+00
5.087710e+00
5.089401e+00
5.091092e+00
5.092784e+00
5.094475e+00
5.096166e+00
5.097857e+00
5.099548e+00
5.101239e+00
5.102930e+00
5.104621e+00
5.106312e+00
5.108004e+00
5.109695e+00
5.111386e+00
5.113077e+00
5.114768e+00
5.116459e+00
5.118150e+00
5.119841e+00
5.121532e+00
5.123224e+00
5.124915e+00
5.126606e+00
5.128297e+00
5.129988e+00
5.131679e+00
5.133371e+00
5.135061e+00
5.136753e+00
5.138444e+00
5.140136e+00
5.141827e+00
5.143518e+00
5.145209e+00
5.146900e+00
5.148591e+00
5.150282e+00
5.151973e+00
5.153664e+00
5.155356e+00
5.157047e+00
5.158738e+00
5.160429e+00
5.162120e+00
5.159782e+00
5.157445e+00
5.155107e+00
5.152769e+00
5.150432e+00
5.148094e+00
5.145756e+00
5.143418e+00
5.141080e+00
5.138742e+00
5.136405e+00
5.134067e+00
5.131729e+00
5.129392e+00
5.127054e+00
5.124716e+00
5.122379e+00
5.120041e+00
5.117703e+00
5.115366e+00
5.113028e+00
5.110690e+00
5.108352e+00
5.106014e+00
5.103676e+00
5.101338e+00
5.099001e+00
5.096664e+00
5.094326e+00
5.091988e+00
5.089650e+00
5.087312e+00
5.084975e+00
5.082637e+00
5.080299e+00
5.077962e+00
5.075624e+00
5.073286e+00
5.070949e+00
5.068611e+00
5.066273e+00
5.063935e+00
5.061597e+00
5.059260e+00
5.056922e+00
5.054584e+00
5.052246e+00
5.049909e+00
5.047571e+00
5.045233e+00
5.042896e+00
5.040558e+00
5.038220e+00
5.035883e+00
5.033545e+00
5.031207e+00
5.028869e+00
5.026531e+00
5.024194e+00
5.021856e+00
5.019518e+00
5.017180e+00
5.014843e+00
5.012505e+00
5.010167e+00
5.007830e+00
5.005492e+00
5.003154e+00
5.000816e+00
4.998479e+00
4.996141e+00
4.993803e+00
4.991466e+00
4.989128e+00
4.986790e+00
4.984452e+00
4.982114e+00
4.979776e+00
4.977439e+00
4.975101e+00
4.972763e+00
4.970426e+00
4.968088e+00
4.965750e+00
4.963413e+00
4.961075e+00
4.958737e+00
4.956400e+00
4.954062e+00
4.951724e+00
4.949387e+00
4.947049e+00
4.944711e+00
4.942373e+00
4.940035e+00
4.937697e+00
4.935360e+00
4.933022e+00
4.930684e+00
4.928347e+00
4.926009e+00
4.923671e+00
4.921334e+00
4.918996e+00
4.916658e+00
4.914320e+00
4.911983e+00
4.909645e+00
4.907307e+00
4.904969e+00
4.902631e+00
4.900294e+00
4.897956e+00
4.895618e+00
4.893280e+00
4.890943e+00
4.888605e+00
4.886267e+00
4.883930e+00
4.881592e+00
4.879254e+00
4.876917e+00
4.874579e+00
4.872241e+00
4.869903e+00
4.867566e+00
4.865228e+00
4.862890e+00
4.860552e+00
4.858214e+00
4.855877e+00
4.853539e+00
4.851201e+00
4.848864e+00
4.846526e+00
4.844188e+00
4.841851e+00
4.839513e+00
4.837175e+00
4.834838e+00
4.832500e+00
4.830162e+00
4.827824e+00
4.825486e+00
4.823148e+00
4.820811e+00
4.818473e+00
4.816135e+00
4.813798e+00
4.811460e+00
4.809122e+00
4.806785e+00
4.804447e+00
4.802109e+00
4.799772e+00
4.797434e+00
4.795096e+00
4.792758e+00
4.790420e+00
4.788082e+00
4.785744e+00
4.783407e+00
4.781069e+00
4.778731e+00
4.776394e+00
4.774056e+00
4.771718e+00
4.769381e+00
4.767043e+00
4.764705e+00
4.762368e+00
4.760030e+00
4.757692e+00
4.755355e+00
4.753017e+00
4.750679e+00
4.748341e+00
4.746003e+00
4.743666e+00
4.741328e+00
4.738990e+00
4.736652e+00
4.734315e+00
4.731977e+00
4.729639e+00
4.727302e+00
4.724964e+00
4.722626e+00
4.720289e+00
4.717951e+00
4.715613e+00
4.713275e+00
4.710938e+00
4.708600e+00
4.706262e+00
4.703924e+00
4.701586e+00
4.699249e+00
4.696911e+00
4.694573e+00
4.692236e+00
4.689898e+00
4.687560e+00
4.685223e+00
4.682885e+00
4.680547e+00
4.678209e+00
4.675871e+00
4.673534e+00
4.671196e+00
4.668858e+00
4.666520e+00
4.664182e+00
4.661845e+00
4.659507e+00
4.657169e+00
4.654832e+00
4.652494e+00
4.650156e+00
4.647819e+00
4.645481e+00
4.643143e+00
4.640805e+00
4.638468e+00
4.636130e+00
4.633793e+00
4.631455e+00
4.629117e+00
4.626779e+00
4.624441e+00
4.622103e+00
4.619766e+00
4.617428e+00
4.615090e+00
4.612753e+00
4.610415e+00
4.608077e+00
4.605740e+00
4.603402e+00
4.601064e+00
4.598727e+00
4.596389e+00
4.594051e+00
4.591713e+00
4.589375e+00
4.587037e+00
4.584700e+00
4.582362e+00
4.580024e+00
4.577687e+00
4.575349e+00
4.573011e+00
4.570673e+00
4.568336e+00
4.565998e+00
4.563660e+00
4.561323e+00
4.558985e+00
4.556647e+00
4.554309e+00
4.551971e+00
4.549633e+00
4.547296e+00
4.544958e+00
4.542620e+00
4.540283e+00
4.537945e+00
4.535607e+00
4.533270e+00
4.530932e+00
4.528594e+00
4.526257e+00
4.523919e+00
4.521581e+00
4.519243e+00
4.516906e+00
4.514568e+00
4.512230e+00
4.509892e+00
4.507555e+00
4.505217e+00
4.502879e+00
4.500541e+00
4.498204e+00
4.495866e+00
4.493528e+00
4.491191e+00
4.488853e+00
4.486515e+00
4.484178e+00
4.481840e+00
4.479502e+00
4.477164e+00
4.474826e+00
4.472489e+00
4.470151e+00
4.467813e+00
4.465475e+00
4.463137e+00
4.460800e+00
4.458462e+00
4.456124e+00
4.453787e+00
4.451449e+00
4.449111e+00
4.446774e+00
4.444436e+00
4.442098e+00
4.439760e+00
4.437422e+00
4.435085e+00
4.432747e+00
4.430409e+00
4.428071e+00
4.425734e+00
4.423396e+00
4.421058e+00
4.418721e+00
4.416383e+00
4.414045e+00
4.411708e+00
4.409370e+00
4.407032e+00
4.404694e+00
4.402356e+00
4.400018e+00
4.397682e+00
4.395344e+00
4.393006e+00
4.390668e+00
4.388330e+00
4.385992e+00
4.383655e+00
4.381317e+00
4.378979e+00
4.376642e+00
4.374304e+00
4.371966e+00
4.369629e+00
4.367291e+00
4.364953e+00
4.362616e+00
4.360278e+00
4.357940e+00
4.355602e+00
4.353264e+00
4.350926e+00
4.348588e+00
4.346251e+00
4.343913e+00
4.341575e+00
4.339238e+00
4.336900e+00
4.334562e+00
4.332225e+00
4.329887e+00
4.327549e+00
4.325212e+00
4.322874e+00
4.320536e+00
4.318198e+00
4.315860e+00
4.313522e+00
4.311185e+00
4.308847e+00
4.306509e+00
4.304172e+00
4.301834e+00
4.299496e+00
4.297159e+00
4.294821e+00
4.292483e+00
4.290146e+00
4.287808e+00
4.285470e+00
4.283132e+00
4.280794e+00
4.278456e+00
4.276119e+00
4.273781e+00
4.271443e+00
4.269106e+00
4.266768e+00
4.264430e+00
4.262093e+00
4.259755e+00
4.257417e+00
4.255080e+00
4.252742e+00
4.250404e+00
4.248066e+00
4.245729e+00
4.243391e+00
4.241053e+00
4.238715e+00
4.236377e+00
4.234040e+00
4.231702e+00
4.229364e+00
4.227026e+00
4.224689e+00
4.222351e+00
4.220013e+00
4.217676e+00
4.215338e+00
4.213000e+00
4.210663e+00
4.208325e+00
4.205987e+00
4.203649e+00
4.201311e+00
4.198973e+00
4.196636e+00
4.194298e+00
4.191960e+00
4.189623e+00
4.187285e+00
4.184947e+00
4.182610e+00
4.180272e+00
4.177934e+00
4.175597e+00
4.173259e+00
4.170921e+00
4.168583e+00
4.166246e+00
4.163908e+00
4.161570e+00
4.159232e+00
4.156894e+00
4.154557e+00
4.152219e+00
4.149881e+00
4.147544e+00
4.145206e+00
4.142868e+00
4.140530e+00
4.138193e+00
4.135855e+00
4.133517e+00
4.131180e+00
4.128842e+00
4.126504e+00
4.124166e+00
4.121829e+00
4.119491e+00
4.117153e+00
4.114815e+00
4.112477e+00
4.110140e+00
4.107802e+00
4.105464e+00
4.103127e+00
4.100789e+00
4.098451e+00
4.096114e+00
4.093776e+00
4.091438e+00
4.089100e+00
4.086763e+00
4.084425e+00
4.082087e+00
4.079749e+00
4.077411e+00
4.075074e+00
4.072736e+00
4.070398e+00
4.068061e+00
4.065723e+00
4.063385e+00
4.061048e+00
4.058710e+00
4.056372e+00
4.054035e+00
4.051697e+00
4.049359e+00
4.047021e+00
4.044683e+00
4.042346e+00
4.040008e+00
4.037670e+00
4.035332e+00
4.032994e+00
4.030657e+00
4.028319e+00
4.025981e+00
4.023644e+00
4.021306e+00
4.018968e+00
4.016631e+00
4.014293e+00
4.011955e+00
4.009618e+00
4.007280e+00
4.004942e+00
4.002604e+00
4.000266e+00
3.997928e+00
3.995591e+00
3.993253e+00
3.990915e+00
3.988578e+00
3.986240e+00
3.985401e+00
3.984562e+00
3.983723e+00
3.982884e+00
3.982045e+00
3.981205e+00
3.980367e+00
3.979528e+00
3.978689e+00
3.977849e+00
3.977010e+00
3.976172e+00
3.975332e+00
3.974493e+00
3.973654e+00
3.972815e+00
3.971976e+00
3.971137e+00
3.970298e+00
3.969459e+00
3.968619e+00
3.967781e+00
3.966942e+00
3.966103e+00
3.965263e+00
3.964424e+00
3.963586e+00
3.962746e+00
3.961908e+00
3.961068e+00
3.960229e+00
3.959390e+00
3.958551e+00
3.957712e+00
3.956873e+00
3.956034e+00
3.955195e+00
3.954356e+00
3.953517e+00
3.952678e+00
3.951839e+00
3.951000e+00
3.950160e+00
3.949322e+00
3.948482e+00
3.947643e+00
3.946805e+00
3.945965e+00
3.945126e+00
3.944287e+00
3.943448e+00
3.942609e+00
3.941770e+00
3.940931e+00
3.940092e+00
3.939253e+00
3.938414e+00
3.937574e+00
3.936736e+00
3.935897e+00
3.935057e+00
3.934219e+00
3.933379e+00
3.932540e+00
3.931701e+00
3.930862e+00
3.930023e+00
3.929184e+00
3.928345e+00
3.927506e+00
3.926667e+00
3.925828e+00
3.924989e+00
3.924150e+00
3.923311e+00
3.922471e+00
3.921633e+00
3.920793e+00
3.919955e+00
3.919116e+00
3.918276e+00
3.917437e+00
3.916598e+00
3.915760e+00
3.914920e+00
3.914081e+00
3.913242e+00
3.912403e+00
3.911564e+00
3.910725e+00
3.909886e+00
3.909047e+00
3.908207e+00
3.907369e+00
3.906530e+00
3.905690e+00
3.904851e+00
3.904012e+00
3.903174e+00
3.902334e+00
3.901495e+00
3.900656e+00
3.899817e+00
3.898978e+00
3.898139e+00
3.897300e+00
3.896461e+00
3.895622e+00
3.894783e+00
3.893944e+00
3.893104e+00
3.892266e+00
3.891427e+00
3.890588e+00
3.889748e+00
3.888909e+00
3.888070e+00
3.887231e+00
3.886392e+00
3.885553e+00
3.884714e+00
3.883875e+00
3.883036e+00
3.882197e+00
3.881358e+00
3.880518e+00
3.879680e+00
3.878841e+00
3.878002e+00
3.877162e+00
3.876323e+00
3.875485e+00
3.874645e+00
3.873807e+00
3.872967e+00
3.872128e+00
3.871289e+00
3.870450e+00
3.869611e+00
3.868772e+00
3.867932e+00
3.867094e+00
3.866255e+00
3.865416e+00
3.864577e+00
3.863737e+00
3.862899e+00
3.862059e+00
3.861221e+00
3.860381e+00
3.859542e+00
3.858704e+00
3.857864e+00
3.857025e+00
3.856186e+00
3.855347e+00
3.854508e+00
3.853669e+00
3.852830e+00
3.851991e+00
3.851152e+00
3.850313e+00
3.849474e+00
3.848635e+00
3.847795e+00
3.846956e+00
3.846118e+00
3.845278e+00
3.844440e+00
3.843600e+00
3.842761e+00
3.841922e+00
3.841083e+00
3.840244e+00
3.839405e+00
3.838566e+00
3.837727e+00
3.836888e+00
3.836049e+00
3.835210e+00
3.834370e+00
3.833532e+00
3.832692e+00
3.831854e+00
3.831014e+00
3.830175e+00
3.829336e+00
3.828497e+00
3.827658e+00
3.826819e+00
3.825980e+00
3.825141e+00
3.824302e+00
3.823463e+00
3.822624e+00
3.821785e+00
3.820946e+00
3.820106e+00
3.819268e+00
3.818429e+00
3.817589e+00
3.816750e+00
3.815911e+00
3.815073e+00
3.814233e+00
3.813394e+00
3.812555e+00
3.811716e+00
3.810877e+00
3.810038e+00
3.809199e+00
3.808360e+00
3.807520e+00
3.806682e+00
3.805843e+00
3.805003e+00
3.804165e+00
3.803326e+00
3.802487e+00
3.801647e+00
3.800808e+00
3.799969e+00
3.799130e+00
3.798291e+00
3.797452e+00
3.796613e+00
3.795774e+00
3.794935e+00
3.794096e+00
3.793257e+00
3.792417e+00
3.791579e+00
3.790740e+00
3.789901e+00
3.789061e+00
3.788222e+00
3.787383e+00
3.786544e+00
3.785706e+00
3.784866e+00
3.784027e+00
3.783188e+00
3.782349e+00
3.781510e+00
3.780671e+00
3.779832e+00
3.778993e+00
3.778154e+00
3.777315e+00
3.776476e+00
3.775636e+00
3.774798e+00
3.773958e+00
3.773119e+00
3.772280e+00
3.771441e+00
3.770602e+00
3.769763e+00
3.768924e+00
3.768085e+00
3.767246e+00
3.766407e+00
3.765568e+00
3.764728e+00
3.763890e+00
3.763051e+00
3.762212e+00
3.761373e+00
3.760533e+00
3.759694e+00
3.758855e+00
3.758017e+00
3.757177e+00
3.756338e+00
3.755499e+00
3.754660e+00
3.753821e+00
3.752982e+00
3.752143e+00
3.751304e+00
3.750465e+00
3.749626e+00
3.748787e+00
3.747947e+00
3.747108e+00
3.746269e+00
3.745431e+00
3.744591e+00
3.743752e+00
3.742914e+00
3.742074e+00
3.741235e+00
3.740396e+00
3.739557e+00
3.738718e+00
3.737879e+00
3.737040e+00
3.736201e+00
3.735361e+00
3.734523e+00
3.733684e+00
3.732845e+00
3.732005e+00
3.731166e+00
3.730328e+00
3.729488e+00
3.728649e+00
3.727810e+00
3.726971e+00
3.726132e+00
3.725293e+00
3.724454e+00
3.723615e+00
3.722776e+00
3.721937e+00
3.721098e+00
3.720259e+00
3.719420e+00
3.718580e+00
3.717742e+00
3.716902e+00
3.716064e+00
3.715224e+00
3.714385e+00
3.713546e+00
3.712707e+00
3.711868e+00
3.711029e+00
3.710190e+00
3.709351e+00
3.708512e+00
3.707673e+00
3.706834e+00
3.705995e+00
3.705156e+00
3.704316e+00
3.703478e+00
3.702639e+00
3.701799e+00
3.700960e+00
3.700121e+00
3.699282e+00
3.698443e+00
3.697604e+00
3.696765e+00
3.695926e+00
3.695087e+00
3.694248e+00
3.693409e+00
3.692570e+00
3.691730e+00
3.690892e+00
3.690053e+00
3.689213e+00
3.688375e+00
3.687535e+00
3.686697e+00
3.685857e+00
3.685018e+00
3.684179e+00
3.683340e+00
3.682502e+00
3.681662e+00
3.680823e+00
3.679984e+00
3.679145e+00
3.678306e+00
3.677467e+00
3.676627e+00
3.675789e+00
3.674949e+00
3.674111e+00
3.673272e+00
3.672432e+00
3.671593e+00
3.670754e+00
3.669916e+00
3.669076e+00
3.668237e+00
3.667398e+00
3.666559e+00
3.665720e+00
3.664881e+00
3.664042e+00
3.663203e+00
3.662364e+00
3.661525e+00
3.660686e+00
3.659846e+00
3.659007e+00
3.658168e+00
3.657330e+00
3.656490e+00
3.655651e+00
3.654812e+00
3.653973e+00
3.653134e+00
3.652295e+00
3.651456e+00
3.650617e+00
3.649778e+00
3.648939e+00
3.648100e+00
3.647260e+00
3.646422e+00
3.645583e+00
3.644744e+00
3.643904e+00
3.643065e+00
3.642227e+00
3.641387e+00
3.640548e+00
3.639709e+00
3.638870e+00
3.638031e+00
3.637192e+00
3.636353e+00
3.635514e+00
3.634674e+00
3.633836e+00
3.632997e+00
3.632158e+00
3.631318e+00
3.630479e+00
3.629641e+00
3.628801e+00
3.627963e+00
3.627123e+00
3.626284e+00
3.625445e+00
3.624606e+00
3.623767e+00
3.622928e+00
3.622089e+00
3.621250e+00
3.620411e+00
3.619572e+00
3.618733e+00
3.617894e+00
3.617055e+00
3.616215e+00
3.615377e+00
3.614537e+00
3.613698e+00
3.612859e+00
3.612020e+00
3.611181e+00
3.610342e+00
3.609503e+00
3.608664e+00
3.607825e+00
3.606986e+00
3.606147e+00
3.605308e+00
3.604469e+00
3.603630e+00
3.602791e+00
3.601952e+00
3.601112e+00
3.600274e+00
3.599434e+00
3.598596e+00
3.597756e+00
3.596917e+00
3.596078e+00
3.595239e+00
3.594400e+00
3.593561e+00
3.592722e+00
3.591883e+00
3.591044e+00
3.590205e+00
3.589366e+00
3.588526e+00
3.587688e+00
3.586848e+00
3.586010e+00
3.585171e+00
3.584331e+00
3.583492e+00
3.582653e+00
