1.385300e-03
1.377642e-03
1.369985e-03
1.362327e-03
1.354669e-03
1.347012e-03
1.339354e-03
1.331696e-03
1.324039e-03
1.316381e-03
1.308723e-03
1.301066e-03
1.293408e-03
1.285750e-03
1.278093e-03
1.270435e-03
1.262777e-03
1.255120e-03
1.247462e-03
1.239804e-03
1.232147e-03
1.224489e-03
1.216831e-03
1.209174e-03
1.201516e-03
1.193858e-03
1.186201e-03
1.178543e-03
1.170885e-03
1.163228e-03
1.155570e-03
1.264816e-03
1.374063e-03
1.483310e-03
1.592556e-03
1.701803e-03
1.811049e-03
1.920295e-03
2.029542e-03
2.138789e-03
2.248035e-03
2.357281e-03
2.466528e-03
2.575775e-03
2.685021e-03
2.794267e-03
2.903514e-03
3.012760e-03
3.122007e-03
3.231253e-03
3.340500e-03
3.389460e-03
3.438420e-03
3.487380e-03
3.536340e-03
3.585300e-03
3.634260e-03
3.683220e-03
3.732180e-03
3.781140e-03
3.830100e-03
3.879060e-03
3.928020e-03
3.976980e-03
4.025940e-03
4.074900e-03
4.123860e-03
4.172820e-03
4.221780e-03
4.186123e-03
4.319700e-03
4.453277e-03
4.586853e-03
4.720430e-03
4.854007e-03
4.987583e-03
5.121160e-03
5.254737e-03
5.388313e-03
5.521890e-03
5.655467e-03
5.789043e-03
5.922620e-03
6.056197e-03
6.189773e-03
6.323350e-03
6.456927e-03
6.590503e-03
6.724080e-03
6.857657e-03
6.991233e-03
7.124810e-03
7.258387e-03
7.391963e-03
7.525540e-03
7.659117e-03
7.792693e-03
7.926270e-03
8.059847e-03
8.193423e-03
8.327000e-03
8.447810e-03
8.568620e-03
8.689430e-03
8.810240e-03
8.931050e-03
9.051860e-03
9.172670e-03
9.293480e-03
9.414290e-03
9.535100e-03
9.655910e-03
9.776720e-03
9.897530e-03
1.001834e-02
1.013915e-02
1.025996e-02
1.038077e-02
1.050158e-02
1.062239e-02
1.074320e-02
1.086401e-02
1.098482e-02
1.110563e-02
1.122644e-02
1.134725e-02
1.146806e-02
1.158887e-02
1.170968e-02
1.183049e-02
1.195130e-02
1.207211e-02
1.219292e-02
1.231373e-02
1.243454e-02
1.255535e-02
1.267616e-02
1.279697e-02
1.291778e-02
1.303859e-02
1.315940e-02
1.328021e-02
1.340102e-02
1.352183e-02
1.364264e-02
1.376345e-02
1.388426e-02
1.400507e-02
1.412588e-02
1.424669e-02
1.436750e-02
1.450489e-02
1.464228e-02
1.477967e-02
1.491706e-02
1.505445e-02
1.519184e-02
1.532923e-02
1.546662e-02
1.560401e-02
1.574140e-02
1.587879e-02
1.601618e-02
1.615357e-02
1.629096e-02
1.642835e-02
1.656574e-02
1.670313e-02
1.684052e-02
1.697791e-02
1.711530e-02
1.725269e-02
1.739008e-02
1.752747e-02
1.766486e-02
1.780225e-02
1.793964e-02
1.807703e-02
1.821442e-02
1.835181e-02
1.848920e-02
1.862659e-02
1.876398e-02
1.890137e-02
1.903876e-02
1.917615e-02
1.931354e-02
1.945093e-02
1.958832e-02
1.972571e-02
1.986310e-02
2.000049e-02
2.013788e-02
2.027527e-02
2.041266e-02
2.055005e-02
2.068744e-02
2.082483e-02
2.096222e-02
2.109961e-02
2.123700e-02
2.126943e-02
2.130186e-02
2.133429e-02
2.136672e-02
2.139915e-02
2.143158e-02
2.146401e-02
2.149644e-02
2.152887e-02
2.156130e-02
2.159373e-02
2.162616e-02
2.165859e-02
2.169102e-02
2.172345e-02
2.175588e-02
2.178831e-02
2.182074e-02
2.185317e-02
2.188560e-02
2.191803e-02
2.195046e-02
2.198289e-02
2.201532e-02
2.204775e-02
2.208018e-02
2.211261e-02
2.214504e-02
2.217747e-02
2.220990e-02
2.224233e-02
2.227476e-02
2.230719e-02
2.233962e-02
2.237205e-02
2.240448e-02
2.243691e-02
2.246934e-02
2.250177e-02
2.253420e-02
2.256663e-02
2.259906e-02
2.263149e-02
2.266392e-02
2.269635e-02
2.272878e-02
2.276121e-02
2.279364e-02
2.282607e-02
2.285850e-02
2.289093e-02
2.292336e-02
2.295579e-02
2.298822e-02
2.302065e-02
2.305308e-02
2.308551e-02
2.311794e-02
2.315037e-02
2.318280e-02
2.321523e-02
2.324766e-02
2.328009e-02
2.331252e-02
2.334495e-02
2.337738e-02
2.340981e-02
2.344224e-02
2.347467e-02
2.350710e-02
2.353953e-02
2.357196e-02
2.360439e-02
2.363682e-02
2.366925e-02
2.370168e-02
2.373411e-02
2.376654e-02
2.379897e-02
2.383140e-02
2.386383e-02
2.389626e-02
2.392869e-02
2.396112e-02
2.399355e-02
2.402598e-02
2.405841e-02
2.409084e-02
2.412327e-02
2.415570e-02
2.418813e-02
2.422056e-02
2.425299e-02
2.428542e-02
2.431785e-02
2.435028e-02
2.438271e-02
2.441514e-02
2.444757e-02
2.448000e-02
2.455152e-02
2.462305e-02
2.469457e-02
2.476610e-02
2.483762e-02
2.490915e-02
2.498068e-02
2.505220e-02
2.512372e-02
2.519525e-02
2.526678e-02
2.533830e-02
2.540983e-02
2.548135e-02
2.555288e-02
2.562440e-02
2.569593e-02
2.576745e-02
2.583898e-02
2.591050e-02
2.598202e-02
2.605355e-02
2.612508e-02
2.619660e-02
2.626812e-02
2.633965e-02
2.641118e-02
2.648270e-02
2.655423e-02
2.662575e-02
2.669727e-02
2.676880e-02
2.684033e-02
2.691185e-02
2.698338e-02
2.705490e-02
2.712642e-02
2.719795e-02
2.726947e-02
2.734100e-02
2.741253e-02
2.748405e-02
2.755557e-02
2.762710e-02
2.769863e-02
2.777015e-02
2.784167e-02
2.791320e-02
2.798473e-02
2.805625e-02
2.812778e-02
2.819930e-02
2.827082e-02
2.834235e-02
2.841387e-02
2.848540e-02
2.855693e-02
2.862845e-02
2.869997e-02
2.877150e-02
2.884303e-02
2.891455e-02
2.898608e-02
2.905760e-02
2.912912e-02
2.920065e-02
2.927218e-02
2.934370e-02
2.941522e-02
2.948675e-02
2.955827e-02
2.962980e-02
2.970132e-02
2.977285e-02
2.984437e-02
2.991590e-02
2.998742e-02
3.005895e-02
3.013048e-02
3.020200e-02
3.027352e-02
3.034505e-02
3.041658e-02
3.048810e-02
3.055962e-02
3.063115e-02
3.070267e-02
3.077420e-02
3.084573e-02
3.091725e-02
3.098878e-02
3.106030e-02
3.113182e-02
3.120335e-02
3.127488e-02
3.134640e-02
3.141792e-02
3.148945e-02
3.156097e-02
3.163250e-02
3.174844e-02
3.186438e-02
3.198032e-02
3.209626e-02
3.221220e-02
3.232814e-02
3.244408e-02
3.256002e-02
3.267596e-02
3.279190e-02
3.290784e-02
3.302378e-02
3.313972e-02
3.325566e-02
3.337160e-02
3.348754e-02
3.360348e-02
3.371942e-02
3.383536e-02
3.395130e-02
3.406724e-02
3.418318e-02
3.429912e-02
3.441506e-02
3.453100e-02
3.464694e-02
3.476288e-02
3.487882e-02
3.499476e-02
3.511070e-02
3.522664e-02
3.534258e-02
3.545852e-02
3.557446e-02
3.569040e-02
3.580634e-02
3.592228e-02
3.603822e-02
3.615416e-02
3.627010e-02
3.638604e-02
3.650198e-02
3.661792e-02
3.673386e-02
3.684980e-02
3.696574e-02
3.708168e-02
3.719762e-02
3.731356e-02
3.742950e-02
3.754544e-02
3.766138e-02
3.777732e-02
3.789326e-02
3.800920e-02
3.812514e-02
3.824108e-02
3.835702e-02
3.847296e-02
3.858890e-02
3.870484e-02
3.882078e-02
3.893672e-02
3.905266e-02
3.916860e-02
3.928454e-02
3.940048e-02
3.951642e-02
3.963236e-02
3.974830e-02
3.986424e-02
3.998018e-02
4.009612e-02
4.021206e-02
4.032800e-02
4.044394e-02
4.055988e-02
4.067582e-02
4.079176e-02
4.090770e-02
4.102364e-02
4.113958e-02
4.125552e-02
4.137146e-02
4.148740e-02
4.160334e-02
4.171928e-02
4.183522e-02
4.195116e-02
4.206710e-02
4.218304e-02
4.229898e-02
4.241492e-02
4.253086e-02
4.264680e-02
4.276274e-02
4.287868e-02
4.299462e-02
4.311056e-02
4.322650e-02
4.334244e-02
4.345838e-02
4.357432e-02
4.369026e-02
4.380620e-02
4.392214e-02
4.403808e-02
4.415402e-02
4.426996e-02
4.438590e-02
4.450184e-02
4.461778e-02
4.473372e-02
4.484966e-02
4.496560e-02
4.508154e-02
4.519748e-02
4.531342e-02
4.542936e-02
4.554530e-02
4.566124e-02
4.577718e-02
4.589312e-02
4.600906e-02
4.612500e-02
4.624094e-02
4.635688e-02
4.647282e-02
4.658876e-02
4.670470e-02
4.682064e-02
4.693658e-02
4.705252e-02
4.716846e-02
4.728440e-02
4.740034e-02
4.751628e-02
4.763222e-02
4.774816e-02
4.786410e-02
4.798004e-02
4.809598e-02
4.821192e-02
4.832786e-02
4.844380e-02
4.855974e-02
4.867568e-02
4.879162e-02
4.890756e-02
4.902350e-02
4.913944e-02
4.925538e-02
4.937132e-02
4.948726e-02
4.960320e-02
4.971914e-02
4.983508e-02
4.995102e-02
5.006696e-02
5.018290e-02
5.029884e-02
5.041478e-02
5.053072e-02
5.064666e-02
5.076260e-02
5.087854e-02
5.099448e-02
5.111042e-02
5.122636e-02
5.134230e-02
5.145824e-02
5.157418e-02
5.169012e-02
5.180606e-02
5.192200e-02
5.203794e-02
5.215388e-02
5.226982e-02
5.238576e-02
5.250170e-02
5.261764e-02
5.273358e-02
5.284952e-02
5.296546e-02
5.308140e-02
5.319734e-02
5.331328e-02
5.342922e-02
5.354516e-02
5.366110e-02
5.377704e-02
5.389298e-02
5.400892e-02
5.412486e-02
5.424080e-02
5.435674e-02
5.447268e-02
5.458862e-02
5.470456e-02
5.482050e-02
5.496657e-02
5.511265e-02
5.525873e-02
5.540480e-02
5.555087e-02
5.569695e-02
5.584302e-02
5.598910e-02
5.613517e-02
5.628125e-02
5.642733e-02
5.657340e-02
5.671947e-02
5.686555e-02
5.701163e-02
5.715770e-02
5.730378e-02
5.744985e-02
5.759592e-02
5.774200e-02
5.788808e-02
5.803415e-02
5.818023e-02
5.832630e-02
5.847238e-02
5.861845e-02
5.876452e-02
5.891060e-02
5.905668e-02
5.920275e-02
5.934883e-02
5.949490e-02
5.964097e-02
5.978705e-02
5.993312e-02
6.007920e-02
6.022528e-02
6.037135e-02
6.051742e-02
6.066350e-02
6.080957e-02
6.095565e-02
6.110172e-02
6.124780e-02
6.139388e-02
6.153995e-02
6.168602e-02
6.183210e-02
6.197817e-02
6.212425e-02
6.227033e-02
6.241640e-02
6.256247e-02
6.270855e-02
6.285462e-02
6.300070e-02
6.314678e-02
6.329285e-02
6.343892e-02
6.358500e-02
6.373107e-02
6.387715e-02
6.402323e-02
6.416930e-02
6.431537e-02
6.446145e-02
6.460752e-02
6.475360e-02
6.489968e-02
6.504575e-02
6.519182e-02
6.533790e-02
6.548397e-02
6.563005e-02
6.577613e-02
6.592220e-02
6.606828e-02
6.621435e-02
6.636043e-02
6.650650e-02
6.665258e-02
6.679865e-02
6.694472e-02
6.709080e-02
6.723688e-02
6.738295e-02
6.752902e-02
6.767510e-02
6.782117e-02
6.796725e-02
6.811332e-02
6.825940e-02
6.840548e-02
6.855155e-02
6.869762e-02
6.884370e-02
6.898978e-02
6.913585e-02
6.928192e-02
6.942800e-02
7.040818e-02
7.138836e-02
7.236855e-02
7.334873e-02
7.432891e-02
7.530909e-02
7.628927e-02
7.726945e-02
7.824964e-02
7.922982e-02
8.021000e-02
8.119018e-02
8.217036e-02
8.315055e-02
8.413073e-02
8.511091e-02
8.609109e-02
8.707127e-02
8.805145e-02
8.903164e-02
9.001182e-02
9.099200e-02
9.197218e-02
9.295236e-02
9.393255e-02
9.491273e-02
9.589291e-02
9.687309e-02
9.785327e-02
9.883345e-02
9.981364e-02
1.007938e-01
1.017740e-01
1.027542e-01
1.037344e-01
1.047145e-01
1.056947e-01
1.066749e-01
1.076551e-01
1.086353e-01
1.096155e-01
1.105956e-01
1.115758e-01
1.125560e-01
1.135362e-01
1.145164e-01
1.154965e-01
1.164767e-01
1.174569e-01
1.184371e-01
1.194173e-01
1.203975e-01
1.213776e-01
1.223578e-01
1.233380e-01
1.243182e-01
1.252984e-01
1.262785e-01
1.272587e-01
1.282389e-01
1.292191e-01
1.301993e-01
1.311795e-01
1.321596e-01
1.331398e-01
1.341200e-01
1.351002e-01
1.360804e-01
1.370605e-01
1.380407e-01
1.390209e-01
1.400011e-01
1.409813e-01
1.419615e-01
1.429416e-01
1.439218e-01
1.449020e-01
1.458822e-01
1.468624e-01
1.478425e-01
1.488227e-01
1.498029e-01
1.507831e-01
1.517633e-01
1.527435e-01
1.537236e-01
1.547038e-01
1.556840e-01
1.566642e-01
1.576444e-01
1.586245e-01
1.596047e-01
1.605849e-01
1.615651e-01
1.625453e-01
1.635255e-01
1.645056e-01
1.654858e-01
1.664660e-01
1.674462e-01
1.684264e-01
1.694065e-01
1.703867e-01
1.713669e-01
1.723471e-01
1.733273e-01
1.743075e-01
1.752876e-01
1.762678e-01
1.772480e-01
1.782282e-01
1.792084e-01
1.801885e-01
1.811687e-01
1.821489e-01
1.831291e-01
1.841093e-01
1.850895e-01
1.860696e-01
1.870498e-01
1.880300e-01
1.890102e-01
1.899904e-01
1.909705e-01
1.919507e-01
1.929309e-01
1.939111e-01
1.948913e-01
1.958715e-01
1.968516e-01
1.978318e-01
1.988120e-01
1.997922e-01
2.007724e-01
2.017525e-01
2.027327e-01
2.037129e-01
2.046931e-01
2.056733e-01
2.066535e-01
2.076336e-01
2.086138e-01
2.095940e-01
2.105742e-01
2.115544e-01
2.125345e-01
2.135147e-01
2.144949e-01
2.154751e-01
2.164553e-01
2.174355e-01
2.184156e-01
2.193958e-01
2.203760e-01
2.213562e-01
2.223364e-01
2.233165e-01
2.242967e-01
2.252769e-01
2.262571e-01
2.272373e-01
2.282175e-01
2.291976e-01
2.301778e-01
2.311580e-01
2.321382e-01
2.331184e-01
2.340985e-01
2.350787e-01
2.360589e-01
2.370391e-01
2.380193e-01
2.389995e-01
2.399796e-01
2.409598e-01
2.419400e-01
2.429202e-01
2.439004e-01
2.448805e-01
2.458607e-01
2.468409e-01
2.478211e-01
2.488013e-01
2.497815e-01
2.507616e-01
2.517418e-01
2.527220e-01
2.537022e-01
2.546824e-01
2.556625e-01
2.566427e-01
2.576229e-01
2.586031e-01
2.595833e-01
2.605635e-01
2.615436e-01
2.625238e-01
2.635040e-01
2.644842e-01
2.654644e-01
2.664445e-01
2.674247e-01
2.684049e-01
2.693851e-01
2.703653e-01
2.713455e-01
2.723256e-01
2.733058e-01
2.742860e-01
2.752662e-01
2.762464e-01
2.772265e-01
2.782067e-01
2.791869e-01
2.801671e-01
2.811473e-01
2.821275e-01
2.831076e-01
2.840878e-01
2.850680e-01
2.860482e-01
2.870284e-01
2.880085e-01
2.889887e-01
2.899689e-01
2.909491e-01
2.919293e-01
2.929095e-01
2.938896e-01
2.948698e-01
2.958500e-01
2.968302e-01
2.978104e-01
2.987905e-01
2.997707e-01
3.007509e-01
3.017311e-01
3.027113e-01
3.036915e-01
3.046716e-01
3.056518e-01
3.066320e-01
3.076122e-01
3.085924e-01
3.095725e-01
3.105527e-01
3.115329e-01
3.125131e-01
3.134933e-01
3.144735e-01
3.154536e-01
3.164338e-01
3.174140e-01
3.183942e-01
3.193744e-01
3.203545e-01
3.213347e-01
3.223149e-01
3.232951e-01
3.242753e-01
3.252555e-01
3.262356e-01
3.272158e-01
3.281960e-01
3.291762e-01
3.301564e-01
3.311365e-01
3.321167e-01
3.330969e-01
3.340771e-01
3.350573e-01
3.360375e-01
3.370176e-01
3.379978e-01
3.389780e-01
3.399582e-01
3.409384e-01
3.419185e-01
3.428987e-01
3.438789e-01
3.448591e-01
3.458393e-01
3.468195e-01
3.477996e-01
3.487798e-01
3.497600e-01
3.507402e-01
3.517204e-01
3.527005e-01
3.536807e-01
3.546609e-01
3.556411e-01
3.566213e-01
3.576015e-01
3.585816e-01
3.595618e-01
3.605420e-01
3.615222e-01
3.625024e-01
3.634825e-01
3.644627e-01
3.654429e-01
3.664231e-01
3.674033e-01
3.683835e-01
3.693636e-01
3.703438e-01
3.713240e-01
3.723042e-01
3.732844e-01
3.742645e-01
3.752447e-01
3.762249e-01
3.772051e-01
3.781853e-01
3.791655e-01
3.801456e-01
3.811258e-01
3.821060e-01
3.830862e-01
3.840664e-01
3.850465e-01
3.860267e-01
3.870069e-01
3.879871e-01
3.889673e-01
3.899475e-01
3.909276e-01
3.919078e-01
3.928880e-01
3.938682e-01
3.948484e-01
3.958285e-01
3.968087e-01
3.977889e-01
3.987691e-01
3.997493e-01
4.007295e-01
4.017096e-01
4.026898e-01
4.036700e-01
4.046502e-01
4.056304e-01
4.066105e-01
4.075907e-01
4.085709e-01
4.095511e-01
4.105313e-01
4.115115e-01
4.124916e-01
4.134718e-01
4.144520e-01
4.154322e-01
4.164124e-01
4.173925e-01
4.183727e-01
4.193529e-01
4.203331e-01
4.213133e-01
4.222935e-01
4.232736e-01
4.242538e-01
4.252340e-01
4.262142e-01
4.271944e-01
4.281745e-01
4.291547e-01
4.301349e-01
4.311151e-01
4.320953e-01
4.330755e-01
4.340556e-01
4.350358e-01
4.360160e-01
4.369962e-01
4.379764e-01
4.389565e-01
4.399367e-01
4.409169e-01
4.418971e-01
4.428773e-01
4.438575e-01
4.448376e-01
4.458178e-01
4.467980e-01
4.477782e-01
4.487584e-01
4.497385e-01
4.507187e-01
4.516989e-01
4.526791e-01
4.536593e-01
4.546395e-01
4.556196e-01
4.565998e-01
4.575800e-01
4.585602e-01
4.595404e-01
4.605205e-01
4.615007e-01
4.624809e-01
4.634611e-01
4.644413e-01
4.654215e-01
4.664016e-01
4.673818e-01
4.683620e-01
4.693751e-01
4.703881e-01
4.714012e-01
4.724142e-01
4.734273e-01
4.744404e-01
4.754534e-01
4.764665e-01
4.774795e-01
4.784926e-01
4.795057e-01
4.805187e-01
4.815318e-01
4.825448e-01
4.835579e-01
4.845710e-01
4.855840e-01
4.865971e-01
4.876101e-01
4.886232e-01
4.896363e-01
4.906493e-01
4.916624e-01
4.926754e-01
4.936885e-01
4.947016e-01
4.957146e-01
4.967277e-01
4.977407e-01
4.987538e-01
4.997669e-01
5.007799e-01
5.017930e-01
5.028060e-01
5.038191e-01
5.048322e-01
5.058452e-01
5.068583e-01
5.078713e-01
5.088844e-01
5.098975e-01
5.109105e-01
5.119236e-01
5.129366e-01
5.139497e-01
5.149628e-01
5.159758e-01
5.169889e-01
5.180019e-01
5.190150e-01
5.200281e-01
5.210411e-01
5.220542e-01
5.230672e-01
5.240803e-01
5.250934e-01
5.261064e-01
5.271195e-01
5.281325e-01
5.291456e-01
5.301587e-01
5.311717e-01
5.321848e-01
5.331978e-01
5.342109e-01
5.352240e-01
5.362370e-01
5.372501e-01
5.382631e-01
5.392762e-01
5.402893e-01
5.413023e-01
5.423154e-01
5.433284e-01
5.443415e-01
5.453546e-01
5.463676e-01
5.473807e-01
5.483937e-01
5.494068e-01
5.504199e-01
5.514329e-01
5.524460e-01
5.534590e-01
5.544721e-01
5.554852e-01
5.564982e-01
5.575113e-01
5.585243e-01
5.595374e-01
5.605505e-01
5.615635e-01
5.625766e-01
5.635896e-01
5.646027e-01
5.656158e-01
5.666288e-01
5.676419e-01
5.686549e-01
5.696680e-01
5.725630e-01
5.754582e-01
5.783533e-01
5.812484e-01
5.841435e-01
5.870386e-01
5.899336e-01
5.928288e-01
5.957238e-01
5.986190e-01
6.015140e-01
6.044091e-01
6.073042e-01
6.101993e-01
6.130944e-01
6.159895e-01
6.188846e-01
6.217797e-01
6.246748e-01
6.275699e-01
6.304650e-01
6.333601e-01
6.362552e-01
6.391503e-01
6.420453e-01
6.449405e-01
6.478355e-01
6.507307e-01
6.536257e-01
6.565209e-01
6.594159e-01
6.623111e-01
6.652061e-01
6.681012e-01
6.709963e-01
6.738914e-01
6.767865e-01
6.796816e-01
6.825767e-01
6.854718e-01
6.883669e-01
6.912619e-01
6.941571e-01
6.970521e-01
6.999473e-01
7.028423e-01
7.057375e-01
7.086325e-01
7.115276e-01
7.144227e-01
7.173178e-01
7.202129e-01
7.231080e-01
7.260031e-01
7.288982e-01
7.317933e-01
7.346884e-01
7.375835e-01
7.404786e-01
7.433736e-01
7.462688e-01
7.491638e-01
7.520590e-01
7.549540e-01
7.578492e-01
7.607442e-01
7.636394e-01
7.665344e-01
7.694296e-01
7.723246e-01
7.752197e-01
7.781148e-01
7.810099e-01
7.839050e-01
7.868001e-01
7.896952e-01
7.925903e-01
7.954854e-01
7.983804e-01
8.012756e-01
8.041706e-01
8.070658e-01
8.099608e-01
8.128559e-01
8.157510e-01
8.186461e-01
8.215412e-01
8.244363e-01
8.273314e-01
8.302265e-01
8.331216e-01
8.360167e-01
8.389118e-01
8.418069e-01
8.447019e-01
8.475971e-01
8.504921e-01
8.533873e-01
8.562823e-01
8.591775e-01
8.620725e-01
8.649677e-01
8.678627e-01
8.707579e-01
8.736529e-01
8.765481e-01
8.794431e-01
8.823382e-01
8.852333e-01
8.881284e-01
8.910235e-01
8.939186e-01
8.968137e-01
8.997088e-01
9.026039e-01
9.054990e-01
9.083941e-01
9.112891e-01
9.141842e-01
9.170793e-01
9.199744e-01
9.228696e-01
9.257646e-01
9.286597e-01
9.315548e-01
9.344499e-01
9.373450e-01
9.402401e-01
9.431352e-01
9.460303e-01
9.489254e-01
9.518204e-01
9.547156e-01
9.576106e-01
9.605058e-01
9.634008e-01
9.662960e-01
9.691910e-01
9.720862e-01
9.749813e-01
9.778764e-01
9.807714e-01
9.836665e-01
9.865616e-01
9.894566e-01
9.923519e-01
9.952469e-01
9.981420e-01
1.001037e+00
1.003932e+00
1.006827e+00
1.009723e+00
1.012617e+00
1.015512e+00
1.018408e+00
1.021303e+00
1.024198e+00
1.027093e+00
1.029988e+00
1.032883e+00
1.035778e+00
1.038673e+00
1.041568e+00
1.044464e+00
1.047359e+00
1.050253e+00
1.053149e+00
1.056044e+00
1.058939e+00
1.061834e+00
1.064730e+00
1.067624e+00
1.070519e+00
1.073414e+00
1.076310e+00
1.079205e+00
1.082100e+00
1.084995e+00
1.087890e+00
1.090785e+00
1.093680e+00
1.096575e+00
1.099471e+00
1.102366e+00
1.105260e+00
1.108155e+00
1.111050e+00
1.113946e+00
1.116841e+00
1.119736e+00
1.122632e+00
1.125526e+00
1.128421e+00
1.131316e+00
1.134211e+00
1.137107e+00
1.140002e+00
1.142896e+00
1.145792e+00
1.148687e+00
1.151582e+00
1.153870e+00
1.156158e+00
1.158447e+00
1.160735e+00
1.163023e+00
1.165311e+00
1.167599e+00
1.169887e+00
1.172176e+00
1.174463e+00
1.176751e+00
1.179039e+00
1.181327e+00
1.183616e+00
1.185904e+00
1.188192e+00
1.190480e+00
1.192768e+00
1.195057e+00
1.197345e+00
1.199633e+00
1.201921e+00
1.204209e+00
1.206497e+00
1.208786e+00
1.211074e+00
1.213362e+00
1.215650e+00
1.217938e+00
1.220226e+00
1.222514e+00
1.224802e+00
1.227090e+00
1.229378e+00
1.231666e+00
1.233955e+00
1.236243e+00
1.238531e+00
1.240819e+00
1.243107e+00
1.245396e+00
1.247684e+00
1.249972e+00
1.252260e+00
1.254548e+00
1.256836e+00
1.259124e+00
1.261412e+00
1.263700e+00
1.265988e+00
1.268276e+00
1.270565e+00
1.272853e+00
1.275141e+00
1.277429e+00
1.279717e+00
1.282006e+00
1.284294e+00
1.286582e+00
1.288870e+00
1.291158e+00
1.293446e+00
1.295735e+00
1.298023e+00
1.300311e+00
1.302598e+00
1.304887e+00
1.307175e+00
1.309463e+00
1.311751e+00
1.314039e+00
1.316327e+00
1.318616e+00
1.320904e+00
1.323192e+00
1.325480e+00
1.327768e+00
1.330056e+00
1.332345e+00
1.334633e+00
1.336921e+00
1.339209e+00
1.341497e+00
1.343786e+00
1.346073e+00
1.348361e+00
1.350649e+00
1.352937e+00
1.355226e+00
1.357514e+00
1.359802e+00
1.362090e+00
1.364378e+00
1.366666e+00
1.368955e+00
1.371243e+00
1.373531e+00
1.375819e+00
1.378107e+00
1.380396e+00
1.382684e+00
1.384972e+00
1.387260e+00
1.389548e+00
1.391836e+00
1.394124e+00
1.396412e+00
1.398700e+00
1.400988e+00
1.403276e+00
1.405565e+00
1.407853e+00
1.410141e+00
1.412429e+00
1.414717e+00
1.417006e+00
1.419294e+00
1.421582e+00
1.423870e+00
1.426158e+00
1.428446e+00
1.430735e+00
1.433023e+00
1.435310e+00
1.437598e+00
1.439886e+00
1.442175e+00
1.444463e+00
1.446751e+00
1.449039e+00
1.451327e+00
1.453615e+00
1.455904e+00
1.458192e+00
1.460480e+00
1.462768e+00
1.465056e+00
1.467345e+00
1.469633e+00
1.471921e+00
1.474209e+00
1.476496e+00
1.478785e+00
1.481073e+00
1.483361e+00
1.485649e+00
1.487937e+00
1.490225e+00
1.492514e+00
1.494802e+00
1.497090e+00
1.499378e+00
1.501666e+00
1.503955e+00
1.506243e+00
1.508531e+00
1.510819e+00
1.513107e+00
1.515395e+00
1.517683e+00
1.519971e+00
1.522259e+00
1.524547e+00
1.526835e+00
1.529124e+00
1.531412e+00
1.533700e+00
1.535988e+00
1.538276e+00
1.540565e+00
1.542853e+00
1.545141e+00
1.547429e+00
1.549717e+00
1.552005e+00
1.554294e+00
1.556582e+00
1.558870e+00
1.561157e+00
1.563446e+00
1.565734e+00
1.568022e+00
1.570310e+00
1.572598e+00
1.574886e+00
1.577174e+00
1.579463e+00
1.581751e+00
1.584039e+00
1.586327e+00
1.588615e+00
1.590904e+00
1.593192e+00
1.595480e+00
1.597768e+00
1.600056e+00
1.602345e+00
1.604632e+00
1.606920e+00
1.609208e+00
1.611496e+00
1.613784e+00
1.616073e+00
1.618361e+00
1.620649e+00
1.622937e+00
1.625225e+00
1.627514e+00
1.629802e+00
1.632090e+00
1.634378e+00
1.636666e+00
1.638954e+00
1.641243e+00
1.643531e+00
1.645819e+00
1.648106e+00
1.650394e+00
1.652683e+00
1.654971e+00
1.657259e+00
1.659547e+00
1.661835e+00
1.664124e+00
1.666412e+00
1.668700e+00
1.670988e+00
1.673276e+00
1.675564e+00
1.677853e+00
1.680141e+00
1.682429e+00
1.684717e+00
1.687005e+00
1.689294e+00
1.691582e+00
1.693869e+00
1.696157e+00
1.698445e+00
1.700734e+00
1.703022e+00
1.705310e+00
1.707598e+00
1.709886e+00
1.712174e+00
1.714463e+00
1.716751e+00
1.719039e+00
1.721327e+00
1.723615e+00
1.725904e+00
1.728192e+00
1.730480e+00
1.732768e+00
1.735056e+00
1.737344e+00
1.739632e+00
1.741920e+00
1.744208e+00
1.746496e+00
1.748784e+00
1.751073e+00
1.753361e+00
1.755649e+00
1.757937e+00
1.760225e+00
1.762514e+00
1.764802e+00
1.767090e+00
1.769378e+00
1.771666e+00
1.773954e+00
1.776242e+00
1.778531e+00
1.780818e+00
1.783106e+00
1.785394e+00
1.787683e+00
1.789971e+00
1.792259e+00
1.794547e+00
1.796835e+00
1.799123e+00
1.801412e+00
1.803700e+00
1.805988e+00
1.808276e+00
1.810564e+00
1.812853e+00
1.815141e+00
1.817429e+00
1.819716e+00
1.822005e+00
1.824293e+00
1.826581e+00
1.828869e+00
1.831157e+00
1.833445e+00
1.835733e+00
1.838022e+00
1.840310e+00
1.842598e+00
1.846871e+00
1.851144e+00
1.855417e+00
1.859690e+00
1.863963e+00
1.868236e+00
1.872509e+00
1.876782e+00
1.881055e+00
1.885328e+00
1.889601e+00
1.893874e+00
1.898147e+00
1.902421e+00
1.906693e+00
1.910966e+00
1.915239e+00
1.919512e+00
1.923785e+00
1.928058e+00
1.932331e+00
1.936604e+00
1.940877e+00
1.945150e+00
1.949423e+00
1.953696e+00
1.957969e+00
1.962242e+00
1.966515e+00
1.970788e+00
1.975061e+00
1.979334e+00
1.983607e+00
1.987880e+00
1.992153e+00
1.996426e+00
2.000699e+00
2.004973e+00
2.009246e+00
2.013519e+00
2.017792e+00
2.022065e+00
2.026338e+00
2.030610e+00
2.034883e+00
2.039156e+00
2.043429e+00
2.047702e+00
2.051975e+00
2.056248e+00
2.060521e+00
2.064794e+00
2.069067e+00
2.073340e+00
2.077613e+00
2.081886e+00
2.086159e+00
2.090432e+00
2.094705e+00
2.098978e+00
2.103251e+00
2.107525e+00
2.111798e+00
2.116071e+00
2.120344e+00
2.124617e+00
2.128890e+00
2.133163e+00
2.137436e+00
2.141709e+00
2.145982e+00
2.150254e+00
2.154527e+00
2.158800e+00
2.163073e+00
2.167346e+00
2.171619e+00
2.175892e+00
2.180165e+00
2.184438e+00
2.188711e+00
2.192984e+00
2.197257e+00
2.201530e+00
2.205803e+00
2.210076e+00
2.214349e+00
2.218622e+00
2.222895e+00
2.227169e+00
2.231442e+00
2.235715e+00
2.239988e+00
2.244261e+00
2.248534e+00
2.252807e+00
2.257080e+00
2.261353e+00
2.265626e+00
2.269899e+00
2.274171e+00
2.278444e+00
2.282717e+00
2.286990e+00
2.291263e+00
2.295536e+00
2.299809e+00
2.304082e+00
2.308355e+00
2.312628e+00
2.316901e+00
2.321175e+00
2.325448e+00
2.329721e+00
2.333994e+00
2.338267e+00
2.342540e+00
2.346813e+00
2.351086e+00
2.355359e+00
2.359632e+00
2.363905e+00
2.368178e+00
2.372451e+00
2.376724e+00
2.380997e+00
2.385270e+00
2.389543e+00
2.393816e+00
2.398088e+00
2.402361e+00
2.406634e+00
2.410907e+00
2.415180e+00
2.419453e+00
2.423726e+00
2.427999e+00
2.432272e+00
2.436545e+00
2.440819e+00
2.445092e+00
2.449365e+00
2.453638e+00
2.457911e+00
2.462184e+00
2.466457e+00
2.470730e+00
2.475003e+00
2.479276e+00
2.483549e+00
2.487822e+00
2.492095e+00
2.496368e+00
2.500641e+00
2.504914e+00
2.509187e+00
2.513460e+00
2.517732e+00
2.522005e+00
2.526278e+00
2.530551e+00
2.534825e+00
2.539098e+00
2.543371e+00
2.547644e+00
2.551917e+00
2.556190e+00
2.560463e+00
2.564736e+00
2.569009e+00
2.573282e+00
2.577555e+00
2.581828e+00
2.586101e+00
2.590374e+00
2.594647e+00
2.598920e+00
2.603193e+00
2.607466e+00
2.611739e+00
2.616012e+00
2.620285e+00
2.624558e+00
2.628831e+00
2.633104e+00
2.637377e+00
2.641649e+00
2.645922e+00
2.650196e+00
2.654469e+00
2.658742e+00
2.663015e+00
2.667288e+00
2.671561e+00
2.675834e+00
2.680107e+00
2.684380e+00
2.688653e+00
2.692926e+00
2.697199e+00
2.701472e+00
2.704789e+00
2.708106e+00
2.711423e+00
2.714740e+00
2.718058e+00
2.721374e+00
2.724692e+00
2.728009e+00
2.731325e+00
2.734643e+00
2.737960e+00
2.741276e+00
2.744594e+00
2.747911e+00
2.751228e+00
2.754545e+00
2.757862e+00
2.761179e+00
2.764496e+00
2.767813e+00
2.771131e+00
2.774447e+00
2.777764e+00
2.781082e+00
2.784398e+00
2.787715e+00
2.791033e+00
2.794350e+00
2.797666e+00
2.800984e+00
2.804301e+00
2.807617e+00
2.810935e+00
2.814252e+00
2.817569e+00
2.820886e+00
2.824203e+00
2.827520e+00
2.830837e+00
2.834154e+00
2.837471e+00
2.840788e+00
2.844105e+00
2.847423e+00
2.850739e+00
2.854056e+00
2.857374e+00
2.860691e+00
2.864008e+00
2.867325e+00
2.870642e+00
2.873959e+00
2.877276e+00
2.880593e+00
2.883910e+00
2.887227e+00
2.890544e+00
2.893861e+00
2.897178e+00
2.900495e+00
2.903813e+00
2.907129e+00
2.910447e+00
2.913764e+00
2.917080e+00
2.920398e+00
2.923715e+00
2.927031e+00
2.930349e+00
2.933666e+00
2.936983e+00
2.940300e+00
2.943617e+00
2.946935e+00
2.950251e+00
2.953568e+00
2.956886e+00
2.960202e+00
2.963519e+00
2.966837e+00
2.970153e+00
2.973470e+00
2.976788e+00
2.980104e+00
2.983421e+00
2.986739e+00
2.990056e+00
2.993373e+00
2.996690e+00
3.000007e+00
3.003324e+00
3.006641e+00
3.009958e+00
3.013275e+00
3.016592e+00
3.019909e+00
3.023227e+00
3.026543e+00
3.029860e+00
3.033178e+00
3.036494e+00
3.039812e+00
3.043129e+00
3.046446e+00
3.049763e+00
3.053080e+00
3.056397e+00
3.059714e+00
3.063031e+00
3.066348e+00
3.069665e+00
3.072982e+00
3.076299e+00
3.079616e+00
3.082933e+00
3.086251e+00
3.089568e+00
3.092884e+00
3.096202e+00
3.099519e+00
3.102835e+00
3.106153e+00
3.109470e+00
3.112786e+00
3.116104e+00
3.119421e+00
3.122737e+00
3.126055e+00
3.129372e+00
3.132690e+00
3.136006e+00
3.139323e+00
3.142641e+00
3.145957e+00
3.149274e+00
3.152592e+00
3.155908e+00
3.159225e+00
3.162543e+00
3.165860e+00
3.169177e+00
3.172494e+00
3.175811e+00
3.179128e+00
3.182445e+00
3.185762e+00
3.189079e+00
3.192396e+00
3.195713e+00
3.199031e+00
3.202347e+00
3.205664e+00
3.208982e+00
3.212298e+00
3.215616e+00
3.218933e+00
3.222249e+00
3.225567e+00
3.228884e+00
3.232201e+00
3.235518e+00
3.238835e+00
3.242152e+00
3.245469e+00
3.248786e+00
3.252103e+00
3.255420e+00
3.258737e+00
3.262055e+00
3.265371e+00
3.268688e+00
3.272006e+00
3.275323e+00
3.278639e+00
3.281957e+00
3.285274e+00
3.288590e+00
3.291908e+00
3.295225e+00
3.298541e+00
3.301859e+00
3.305176e+00
3.308493e+00
3.311810e+00
3.315127e+00
3.318445e+00
3.321761e+00
3.325078e+00
3.328396e+00
3.331712e+00
3.335029e+00
3.338347e+00
3.341663e+00
3.344980e+00
3.348298e+00
3.351615e+00
3.354932e+00
3.358249e+00
3.361566e+00
3.364883e+00
3.368200e+00
3.372054e+00
3.375908e+00
3.379762e+00
3.383616e+00
3.387470e+00
3.391324e+00
3.395178e+00
3.399032e+00
3.402886e+00
3.406740e+00
3.410594e+00
3.414448e+00
3.418302e+00
3.422156e+00
3.426010e+00
3.429864e+00
3.433718e+00
3.437572e+00
3.441426e+00
3.445280e+00
3.449134e+00
3.452988e+00
3.456843e+00
3.460696e+00
3.464550e+00
3.468404e+00
3.472258e+00
3.476112e+00
3.479967e+00
3.483820e+00
3.487674e+00
3.491528e+00
3.495382e+00
3.499236e+00
3.503091e+00
3.506945e+00
3.510798e+00
3.514652e+00
3.518506e+00
3.522360e+00
3.526215e+00
3.530069e+00
3.533922e+00
3.537776e+00
3.541630e+00
3.545484e+00
3.549338e+00
3.553193e+00
3.557046e+00
3.560900e+00
3.564754e+00
3.568608e+00
3.572462e+00
3.576317e+00
3.580171e+00
3.584024e+00
3.587878e+00
3.591732e+00
3.595586e+00
3.599441e+00
3.603295e+00
3.607149e+00
3.611002e+00
3.614856e+00
3.618710e+00
3.622564e+00
3.626419e+00
3.630273e+00
3.634127e+00
3.637980e+00
3.641834e+00
3.645688e+00
3.649543e+00
3.653397e+00
3.657251e+00
3.661104e+00
3.664958e+00
3.668812e+00
3.672667e+00
3.676521e+00
3.680375e+00
3.684228e+00
3.688082e+00
3.691936e+00
3.695791e+00
3.699645e+00
3.703499e+00
3.707353e+00
3.711206e+00
3.715060e+00
3.718914e+00
3.722769e+00
3.726623e+00
3.730477e+00
3.734330e+00
3.738184e+00
3.742038e+00
3.745893e+00
3.749747e+00
3.753601e+00
3.757455e+00
3.761309e+00
3.765162e+00
3.769017e+00
3.772871e+00
3.776725e+00
3.780579e+00
3.784433e+00
3.788286e+00
3.792140e+00
3.795995e+00
3.799849e+00
3.803703e+00
3.807557e+00
3.811411e+00
3.815264e+00
3.819119e+00
3.822973e+00
3.826827e+00
3.830681e+00
3.834535e+00
3.838388e+00
3.842243e+00
3.846097e+00
3.849951e+00
3.853805e+00
3.857659e+00
3.861512e+00
3.865367e+00
3.869221e+00
3.873075e+00
3.876929e+00
3.880783e+00
3.884637e+00
3.888491e+00
3.892345e+00
3.896199e+00
3.900053e+00
3.903907e+00
3.907761e+00
3.911615e+00
3.915469e+00
3.919323e+00
3.923177e+00
3.927031e+00
3.930885e+00
3.934739e+00
3.938593e+00
3.942447e+00
3.946301e+00
3.950155e+00
3.954009e+00
3.957863e+00
3.961717e+00
3.965571e+00
3.969425e+00
3.973279e+00
3.977133e+00
3.980987e+00
3.984841e+00
3.988695e+00
3.992549e+00
3.996403e+00
4.000257e+00
4.004111e+00
4.007965e+00
4.011820e+00
4.015673e+00
4.019527e+00
4.023381e+00
4.027235e+00
4.031089e+00
4.034943e+00
4.038798e+00
4.042651e+00
4.046505e+00
4.050359e+00
4.054213e+00
4.058067e+00
4.061922e+00
4.065775e+00
4.069629e+00
4.073483e+00
4.077337e+00
4.081191e+00
4.085046e+00
4.088900e+00
4.092753e+00
4.096607e+00
4.100461e+00
4.104315e+00
4.108170e+00
4.112024e+00
4.115877e+00
4.119731e+00
4.123585e+00
4.127439e+00
4.131293e+00
4.135148e+00
4.139002e+00
4.142855e+00
4.146709e+00
4.150563e+00
4.154417e+00
4.158272e+00
4.162126e+00
4.165979e+00
4.169833e+00
4.173687e+00
4.177541e+00
4.181396e+00
4.185250e+00
4.189103e+00
4.192957e+00
4.196811e+00
4.200665e+00
4.204519e+00
4.208374e+00
4.212228e+00
4.216081e+00
4.219935e+00
4.223789e+00
4.227643e+00
4.231498e+00
4.235352e+00
4.239206e+00
4.243059e+00
4.246913e+00
4.250767e+00
4.254622e+00
4.258476e+00
4.262330e+00
4.266184e+00
4.270037e+00
4.273891e+00
4.277746e+00
4.281600e+00
4.285454e+00
4.289308e+00
4.293162e+00
4.297015e+00
4.300869e+00
4.304724e+00
4.308578e+00
4.312432e+00
4.316286e+00
4.320139e+00
4.323993e+00
4.327848e+00
4.331702e+00
4.335556e+00
4.339410e+00
4.343263e+00
4.347117e+00
4.350972e+00
4.354826e+00
4.358680e+00
4.362534e+00
4.366388e+00
4.370241e+00
4.374095e+00
4.377950e+00
4.381804e+00
4.385658e+00
4.389512e+00
4.393366e+00
4.397219e+00
4.401074e+00
4.404928e+00
4.408782e+00
4.412636e+00
4.416490e+00
4.420343e+00
4.424198e+00
4.428052e+00
4.431906e+00
4.435760e+00
4.439614e+00
4.443467e+00
4.447322e+00
4.451176e+00
4.455030e+00
4.458884e+00
4.462738e+00
4.466592e+00
4.470445e+00
4.474300e+00
4.478154e+00
4.482008e+00
4.485862e+00
4.489716e+00
4.493570e+00
4.497424e+00
4.501278e+00
4.505132e+00
4.508986e+00
4.512840e+00
4.516694e+00
4.520548e+00
4.524402e+00
4.528256e+00
4.532110e+00
4.532238e+00
4.532364e+00
4.532492e+00
4.532619e+00
4.532746e+00
4.532873e+00
4.533001e+00
4.533127e+00
4.533255e+00
4.533382e+00
4.533509e+00
4.533636e+00
4.533764e+00
4.533890e+00
4.534018e+00
4.534146e+00
4.534272e+00
4.534400e+00
4.534527e+00
4.534654e+00
4.534781e+00
4.534908e+00
4.535035e+00
4.535163e+00
4.535290e+00
4.535417e+00
4.535544e+00
4.535671e+00
4.535798e+00
4.535926e+00
4.536053e+00
4.536180e+00
4.536308e+00
4.536434e+00
4.536562e+00
4.536689e+00
4.536816e+00
4.536943e+00
4.537071e+00
4.537197e+00
4.537325e+00
4.537452e+00
4.537579e+00
4.537706e+00
4.537834e+00
4.537961e+00
4.538088e+00
4.538215e+00
4.538342e+00
4.538470e+00
4.538596e+00
4.538724e+00
4.538851e+00
4.538978e+00
4.539105e+00
4.539233e+00
4.539359e+00
4.539487e+00
4.539614e+00
4.539741e+00
4.539869e+00
4.539996e+00
4.540123e+00
4.540250e+00
4.540378e+00
4.540504e+00
4.540632e+00
4.540759e+00
4.540886e+00
4.541013e+00
4.541141e+00
4.541267e+00
4.541395e+00
4.541523e+00
4.541649e+00
4.541777e+00
4.541904e+00
4.542031e+00
4.542158e+00
4.542286e+00
4.542412e+00
4.542540e+00
4.542667e+00
4.542794e+00
4.542921e+00
4.543048e+00
4.543175e+00
4.543303e+00
4.543430e+00
4.543557e+00
4.543685e+00
4.543811e+00
4.543939e+00
4.544066e+00
4.544193e+00
4.544320e+00
4.544448e+00
4.544574e+00
4.544702e+00
4.544829e+00
4.544956e+00
4.545083e+00
4.545211e+00
4.545338e+00
4.545465e+00
4.545593e+00
4.545719e+00
4.545847e+00
4.545974e+00
4.546101e+00
4.546228e+00
4.546356e+00
4.546482e+00
4.546610e+00
4.546737e+00
4.546864e+00
4.546991e+00
4.547119e+00
4.547246e+00
4.547373e+00
4.547500e+00
4.547627e+00
4.547755e+00
4.547882e+00
4.548009e+00
4.548136e+00
4.548264e+00
4.548390e+00
4.548518e+00
4.548644e+00
4.548772e+00
4.548899e+00
4.549026e+00
4.549154e+00
4.549281e+00
4.549408e+00
4.549535e+00
4.549663e+00
4.549789e+00
4.549917e+00
4.550044e+00
4.550171e+00
4.550298e+00
4.550426e+00
4.550552e+00
4.550680e+00
4.550807e+00
4.550934e+00
4.551062e+00
4.551189e+00
4.551316e+00
4.551443e+00
4.551571e+00
4.551697e+00
4.551825e+00
4.551952e+00
4.552079e+00
4.552206e+00
4.552334e+00
4.552460e+00
4.552588e+00
4.552715e+00
4.552842e+00
4.552970e+00
4.553097e+00
4.553224e+00
4.553351e+00
4.553478e+00
4.553605e+00
4.553733e+00
4.553859e+00
4.553987e+00
4.554114e+00
4.554241e+00
4.554368e+00
4.554496e+00
4.554622e+00
4.554750e+00
4.554878e+00
4.555004e+00
4.555132e+00
4.555259e+00
4.555386e+00
4.555513e+00
4.555641e+00
4.555767e+00
4.555895e+00
4.556022e+00
4.556149e+00
4.556276e+00
4.556404e+00
4.556531e+00
4.556658e+00
4.556786e+00
4.556912e+00
4.557040e+00
4.557167e+00
4.557294e+00
4.557421e+00
4.557549e+00
4.557675e+00
4.557803e+00
4.557930e+00
4.558057e+00
4.558184e+00
4.558311e+00
4.558439e+00
4.558566e+00
4.558693e+00
4.558820e+00
4.558948e+00
4.559074e+00
4.559202e+00
4.559329e+00
4.559456e+00
4.559583e+00
4.559711e+00
4.559837e+00
4.559965e+00
4.560092e+00
4.560219e+00
4.560347e+00
4.560474e+00
4.560601e+00
4.560728e+00
4.560855e+00
4.560982e+00
4.561110e+00
4.561237e+00
4.561364e+00
4.561491e+00
4.561618e+00
4.561745e+00
4.561873e+00
4.561999e+00
4.562127e+00
4.562255e+00
4.562381e+00
4.562509e+00
4.562636e+00
4.562763e+00
4.562890e+00
4.563018e+00
4.563144e+00
4.563272e+00
4.563399e+00
4.563526e+00
4.563653e+00
4.563781e+00
4.563907e+00
4.564035e+00
4.564163e+00
4.564289e+00
4.564417e+00
4.564544e+00
4.564671e+00
4.564798e+00
4.564926e+00
4.565052e+00
4.565180e+00
4.565307e+00
4.565434e+00
4.565561e+00
4.565689e+00
4.565815e+00
4.565943e+00
4.566070e+00
4.566197e+00
4.566325e+00
4.566451e+00
4.566579e+00
4.566706e+00
4.566833e+00
4.566960e+00
4.567088e+00
4.567214e+00
4.567342e+00
4.567469e+00
4.567596e+00
4.567723e+00
4.567851e+00
4.567978e+00
4.568105e+00
4.568233e+00
4.568359e+00
4.568487e+00
4.568614e+00
4.568741e+00
4.568868e+00
4.568996e+00
4.569122e+00
4.569250e+00
4.569377e+00
4.569504e+00
4.569631e+00
4.569759e+00
4.569886e+00
4.570013e+00
4.570140e+00
4.570267e+00
4.570395e+00
4.570521e+00
4.570649e+00
4.570776e+00
4.570904e+00
4.571030e+00
4.571158e+00
4.571284e+00
4.571412e+00
4.571539e+00
4.571666e+00
4.571794e+00
4.571921e+00
4.572048e+00
4.572175e+00
4.572303e+00
4.572429e+00
4.572557e+00
4.572684e+00
4.572811e+00
4.572938e+00
4.573066e+00
4.573192e+00
4.573320e+00
4.573448e+00
4.573574e+00
4.573702e+00
4.573829e+00
4.573956e+00
4.574083e+00
4.574211e+00
4.574337e+00
4.574465e+00
4.574592e+00
4.574719e+00
4.574846e+00
4.574973e+00
4.575100e+00
4.575228e+00
4.575355e+00
4.575482e+00
4.575610e+00
4.575737e+00
4.575864e+00
4.575991e+00
4.576118e+00
4.576245e+00
4.576373e+00
4.576500e+00
4.576627e+00
4.576754e+00
4.576881e+00
4.577008e+00
4.577136e+00
4.577263e+00
4.577390e+00
4.577518e+00
4.577644e+00
4.577772e+00
4.577899e+00
4.578026e+00
4.578153e+00
4.578281e+00
4.578407e+00
4.578535e+00
4.578662e+00
4.578789e+00
4.578916e+00
4.579044e+00
4.579171e+00
4.579298e+00
4.579426e+00
4.579552e+00
4.579680e+00
4.579807e+00
4.579934e+00
4.580061e+00
4.580189e+00
4.580315e+00
4.580443e+00
4.580570e+00
4.580697e+00
4.580824e+00
4.580951e+00
4.581079e+00
4.581206e+00
4.581333e+00
4.581460e+00
4.581588e+00
4.581714e+00
4.581842e+00
4.581969e+00
4.582096e+00
4.582223e+00
4.582351e+00
4.582477e+00
4.582605e+00
4.582732e+00
4.582859e+00
4.582987e+00
4.583114e+00
4.583241e+00
4.583368e+00
4.583496e+00
4.583622e+00
4.583750e+00
4.583877e+00
4.584004e+00
4.584131e+00
4.584258e+00
4.584385e+00
4.584513e+00
4.584639e+00
4.584767e+00
4.584895e+00
4.585021e+00
4.585149e+00
4.585276e+00
4.585403e+00
4.585530e+00
4.585658e+00
4.585784e+00
4.585912e+00
4.586039e+00
4.586166e+00
4.586293e+00
4.586421e+00
4.586547e+00
4.586675e+00
4.586803e+00
4.586929e+00
4.587057e+00
4.587184e+00
4.587311e+00
4.587438e+00
4.587566e+00
4.587692e+00
4.587820e+00
4.587947e+00
4.588074e+00
4.588201e+00
4.588329e+00
4.588456e+00
4.588583e+00
4.588711e+00
4.588837e+00
4.588965e+00
4.589092e+00
4.589219e+00
4.589346e+00
4.589474e+00
4.589600e+00
4.589728e+00
4.589854e+00
4.589982e+00
4.590109e+00
4.590236e+00
4.590364e+00
4.590491e+00
4.590618e+00
4.590745e+00
4.590873e+00
4.590999e+00
4.591127e+00
4.591254e+00
4.591381e+00
4.591508e+00
4.591636e+00
4.591762e+00
4.591890e+00
4.592017e+00
4.592144e+00
4.592272e+00
4.592399e+00
4.592526e+00
4.592653e+00
4.592780e+00
4.592907e+00
4.593035e+00
4.593162e+00
4.593289e+00
4.593416e+00
4.593544e+00
4.593670e+00
4.593798e+00
4.593924e+00
4.594052e+00
4.594180e+00
4.594307e+00
4.594434e+00
4.594561e+00
4.594688e+00
4.594815e+00
4.594943e+00
4.595069e+00
4.595197e+00
4.595324e+00
4.595451e+00
4.595578e+00
4.595706e+00
4.595832e+00
4.595960e+00
4.594522e+00
4.593084e+00
4.591646e+00
4.590209e+00
4.588771e+00
4.587333e+00
4.585895e+00
4.584457e+00
4.583019e+00
4.581581e+00
4.580143e+00
4.578706e+00
4.577268e+00
4.575830e+00
4.574392e+00
4.572954e+00
4.571516e+00
4.570078e+00
4.568640e+00
4.567203e+00
4.565765e+00
4.564327e+00
4.562889e+00
4.561452e+00
4.560014e+00
4.558575e+00
4.557138e+00
4.555700e+00
4.554263e+00
4.552825e+00
4.551387e+00
4.549949e+00
4.548511e+00
4.547073e+00
4.545635e+00
4.544198e+00
4.542760e+00
4.541322e+00
4.539884e+00
4.538446e+00
4.537008e+00
4.535570e+00
4.534132e+00
4.532695e+00
4.531257e+00
4.529819e+00
4.528381e+00
4.526943e+00
4.525505e+00
4.524067e+00
4.522629e+00
4.521192e+00
4.519754e+00
4.518316e+00
4.516878e+00
4.515440e+00
4.514002e+00
4.512564e+00
4.511127e+00
4.509689e+00
4.508251e+00
4.506813e+00
4.505375e+00
4.503937e+00
4.502499e+00
4.501061e+00
4.499624e+00
4.498186e+00
4.496748e+00
4.495310e+00
4.493872e+00
4.492434e+00
4.490996e+00
4.489559e+00
4.488121e+00
4.486683e+00
4.485246e+00
4.483808e+00
4.482370e+00
4.480932e+00
4.479494e+00
4.478056e+00
4.476619e+00
4.475181e+00
4.473743e+00
4.472305e+00
4.470867e+00
4.469429e+00
4.467991e+00
4.466553e+00
4.465116e+00
4.463678e+00
4.462240e+00
4.460802e+00
4.459364e+00
4.457926e+00
4.456488e+00
4.455050e+00
4.453613e+00
4.452175e+00
4.450737e+00
4.449299e+00
4.447861e+00
4.446423e+00
4.444985e+00
4.443547e+00
4.442110e+00
4.440672e+00
4.439234e+00
4.437796e+00
4.436358e+00
4.434920e+00
4.433482e+00
4.432045e+00
4.430607e+00
4.429169e+00
4.427731e+00
4.426293e+00
4.424855e+00
4.423417e+00
4.421979e+00
4.420542e+00
4.419104e+00
4.417666e+00
4.416228e+00
4.414790e+00
4.413353e+00
4.411915e+00
4.410477e+00
4.409040e+00
4.407602e+00
4.406164e+00
4.404726e+00
4.403288e+00
4.401850e+00
4.400412e+00
4.398974e+00
4.397537e+00
4.396099e+00
4.394661e+00
4.393223e+00
4.391785e+00
4.390347e+00
4.388909e+00
4.387471e+00
4.386034e+00
4.384596e+00
4.383158e+00
4.381720e+00
4.380282e+00
4.378844e+00
4.377406e+00
4.375968e+00
4.374531e+00
4.373093e+00
4.371655e+00
4.370217e+00
4.368779e+00
4.367341e+00
4.365903e+00
4.364465e+00
4.363028e+00
4.361590e+00
4.360152e+00
4.358714e+00
4.357276e+00
4.355838e+00
4.354400e+00
4.352963e+00
4.351525e+00
4.350087e+00
4.348649e+00
4.347211e+00
4.345773e+00
4.344335e+00
4.342898e+00
4.341461e+00
4.340022e+00
4.338584e+00
4.337147e+00
4.335709e+00
4.334271e+00
4.332833e+00
4.331395e+00
4.329958e+00
4.328520e+00
4.327082e+00
4.325644e+00
4.324206e+00
4.322768e+00
4.321330e+00
4.319892e+00
4.318455e+00
4.317017e+00
4.315579e+00
4.314141e+00
4.312703e+00
4.311265e+00
4.309827e+00
4.308389e+00
4.306952e+00
4.305514e+00
4.304076e+00
4.302638e+00
4.301200e+00
4.299762e+00
4.298324e+00
4.296886e+00
4.295449e+00
4.294011e+00
4.292573e+00
4.291135e+00
4.289697e+00
4.288259e+00
4.286821e+00
4.285383e+00
4.283946e+00
4.282508e+00
4.281070e+00
4.279632e+00
4.278194e+00
4.276756e+00
4.275319e+00
4.273881e+00
4.272443e+00
4.271006e+00
4.269567e+00
4.268129e+00
4.266692e+00
4.265254e+00
4.263816e+00
4.262379e+00
4.260941e+00
4.259503e+00
4.258065e+00
4.256627e+00
4.255189e+00
4.253751e+00
4.252313e+00
4.250876e+00
4.249438e+00
4.248000e+00
4.246562e+00
4.245124e+00
4.243686e+00
4.242248e+00
4.240810e+00
4.239373e+00
4.237935e+00
4.236497e+00
4.235059e+00
4.233621e+00
4.232183e+00
4.230745e+00
4.229307e+00
4.227870e+00
4.226432e+00
4.224994e+00
4.223556e+00
4.222118e+00
4.220680e+00
4.219242e+00
4.217804e+00
4.216367e+00
4.214929e+00
4.213491e+00
4.212053e+00
4.210615e+00
4.209177e+00
4.207739e+00
4.206301e+00
4.204864e+00
4.203426e+00
4.201988e+00
4.200550e+00
4.199113e+00
4.197675e+00
4.196237e+00
4.194799e+00
4.193361e+00
4.191924e+00
4.190486e+00
4.189048e+00
4.187610e+00
4.186172e+00
4.184734e+00
4.183297e+00
4.181859e+00
4.180421e+00
4.178983e+00
4.177545e+00
4.176107e+00
4.174669e+00
4.173231e+00
4.171794e+00
4.170356e+00
4.168918e+00
4.167480e+00
4.166042e+00
4.164604e+00
4.163166e+00
4.161728e+00
4.160291e+00
4.158853e+00
4.157415e+00
4.155977e+00
4.154539e+00
4.153101e+00
4.151663e+00
4.150225e+00
4.148788e+00
4.147350e+00
4.145912e+00
4.144474e+00
4.143036e+00
4.141598e+00
4.140160e+00
4.138722e+00
4.137285e+00
4.135847e+00
4.134409e+00
4.132971e+00
4.131533e+00
4.130096e+00
4.128658e+00
4.127219e+00
4.125783e+00
4.124344e+00
4.122907e+00
4.121469e+00
4.120031e+00
4.118593e+00
4.117155e+00
4.115717e+00
4.114280e+00
4.112842e+00
4.111404e+00
4.109966e+00
4.108528e+00
4.107090e+00
4.105652e+00
4.104215e+00
4.102777e+00
4.101339e+00
4.099901e+00
4.098463e+00
4.097025e+00
4.095587e+00
4.094149e+00
4.092712e+00
4.091274e+00
4.089836e+00
4.088398e+00
4.086960e+00
4.085522e+00
4.084084e+00
4.082646e+00
4.081209e+00
4.079771e+00
4.078333e+00
4.076895e+00
4.075457e+00
4.074019e+00
4.072581e+00
4.071143e+00
4.069706e+00
4.068268e+00
4.066830e+00
4.065392e+00
4.063954e+00
4.062516e+00
4.061078e+00
4.059640e+00
4.058203e+00
4.056765e+00
4.055327e+00
4.053890e+00
4.052452e+00
4.051014e+00
4.049576e+00
4.048138e+00
4.046701e+00
4.045263e+00
4.043825e+00
4.042387e+00
4.040949e+00
4.039511e+00
4.038073e+00
4.036635e+00
4.035198e+00
4.033760e+00
4.032322e+00
4.030884e+00
4.029446e+00
4.028008e+00
4.026570e+00
4.025133e+00
4.023695e+00
4.022257e+00
4.020819e+00
4.019381e+00
4.017943e+00
4.016505e+00
4.015067e+00
4.013630e+00
4.012192e+00
4.010754e+00
4.009316e+00
4.007878e+00
4.006440e+00
4.005002e+00
4.003564e+00
4.002127e+00
4.000689e+00
3.999251e+00
3.997813e+00
3.996375e+00
3.994937e+00
3.993499e+00
3.992061e+00
3.990624e+00
3.989186e+00
3.987748e+00
3.986310e+00
3.984873e+00
3.983434e+00
3.981996e+00
3.980559e+00
3.979122e+00
3.977683e+00
3.976246e+00
3.974808e+00
3.973370e+00
3.971932e+00
3.970494e+00
3.969056e+00
3.967619e+00
3.966181e+00
3.964743e+00
3.963305e+00
3.961867e+00
3.960429e+00
3.958991e+00
3.957553e+00
3.956116e+00
3.954678e+00
3.953240e+00
3.951802e+00
3.950364e+00
3.948926e+00
3.947488e+00
3.946051e+00
3.944613e+00
3.943175e+00
3.941737e+00
3.940299e+00
3.938861e+00
3.937423e+00
3.935985e+00
3.934548e+00
3.933110e+00
3.931672e+00
3.930234e+00
3.928796e+00
3.927358e+00
3.925920e+00
3.924482e+00
3.923045e+00
3.921607e+00
3.920169e+00
3.918731e+00
3.917293e+00
3.915855e+00
3.914417e+00
3.912980e+00
3.911542e+00
3.910104e+00
3.908667e+00
3.907228e+00
3.905791e+00
3.904353e+00
3.902915e+00
3.901477e+00
3.900040e+00
3.898602e+00
3.897164e+00
3.895726e+00
3.894288e+00
3.892850e+00
3.891412e+00
3.889974e+00
3.888537e+00
3.887099e+00
3.885661e+00
3.884223e+00
3.882785e+00
3.881347e+00
3.879909e+00
3.878471e+00
3.877034e+00
3.875596e+00
3.874158e+00
3.872720e+00
3.871456e+00
3.870192e+00
3.868928e+00
3.867664e+00
3.866400e+00
3.865136e+00
3.863872e+00
3.862609e+00
3.861344e+00
3.860080e+00
3.858816e+00
3.857553e+00
3.856289e+00
3.855025e+00
3.853760e+00
3.852496e+00
3.851233e+00
3.849969e+00
3.848705e+00
3.847440e+00
3.846176e+00
3.844913e+00
3.843649e+00
3.842385e+00
3.841121e+00
3.839856e+00
3.838593e+00
3.837329e+00
3.836065e+00
3.834801e+00
3.833536e+00
3.832273e+00
3.831009e+00
3.829745e+00
3.828481e+00
3.827217e+00
3.825953e+00
3.824689e+00
3.823425e+00
3.822161e+00
3.820898e+00
3.819633e+00
3.818369e+00
3.817105e+00
3.815841e+00
3.814578e+00
3.813314e+00
3.812049e+00
3.810785e+00
3.809521e+00
3.808258e+00
3.806994e+00
3.805729e+00
3.804465e+00
3.803201e+00
3.801938e+00
3.800674e+00
3.799409e+00
3.798145e+00
3.796882e+00
3.795618e+00
3.794354e+00
3.793090e+00
3.791825e+00
3.790562e+00
3.789298e+00
3.788034e+00
3.786770e+00
3.785506e+00
3.784242e+00
3.782978e+00
3.781714e+00
3.780450e+00
3.779186e+00
3.777922e+00
3.776658e+00
3.775394e+00
3.774130e+00
3.772866e+00
3.771603e+00
3.770338e+00
3.769074e+00
3.767810e+00
3.766547e+00
3.765283e+00
3.764018e+00
3.762754e+00
3.761490e+00
3.760227e+00
3.758963e+00
3.757698e+00
3.756434e+00
3.755170e+00
3.753907e+00
3.752643e+00
3.751379e+00
3.750115e+00
3.748850e+00
3.747587e+00
3.746323e+00
3.745059e+00
3.743795e+00
3.742531e+00
3.741267e+00
3.740003e+00
3.738739e+00
3.737475e+00
3.736211e+00
3.734947e+00
3.733683e+00
3.732419e+00
3.731155e+00
3.729891e+00
3.728627e+00
3.727363e+00
3.726099e+00
3.724835e+00
3.723572e+00
3.722307e+00
3.721043e+00
3.719779e+00
3.718515e+00
3.717252e+00
3.715988e+00
3.714723e+00
3.713459e+00
3.712196e+00
3.710932e+00
3.709668e+00
3.708403e+00
3.707139e+00
3.705876e+00
3.704612e+00
3.703348e+00
3.702084e+00
3.700819e+00
3.699556e+00
3.698292e+00
3.697028e+00
3.695764e+00
3.694500e+00
3.693236e+00
3.691972e+00
3.690708e+00
3.689444e+00
3.688180e+00
3.686916e+00
3.685652e+00
3.684388e+00
3.683124e+00
3.681861e+00
3.680597e+00
3.679332e+00
3.678068e+00
3.676804e+00
3.675541e+00
3.674277e+00
3.673012e+00
3.671748e+00
3.670484e+00
3.669221e+00
3.667957e+00
3.666692e+00
3.665428e+00
3.664164e+00
3.662901e+00
3.661637e+00
3.660373e+00
3.659108e+00
3.657844e+00
3.656581e+00
3.655317e+00
3.654053e+00
3.652789e+00
3.651525e+00
3.650261e+00
3.648997e+00
3.647733e+00
3.646469e+00
3.645205e+00
3.643941e+00
3.642677e+00
3.641413e+00
3.640149e+00
3.638885e+00
3.637621e+00
3.636357e+00
3.635093e+00
3.633829e+00
3.632566e+00
3.631301e+00
3.630037e+00
3.628773e+00
3.627509e+00
3.626246e+00
3.624982e+00
3.623717e+00
3.622453e+00
3.621190e+00
3.619926e+00
3.618662e+00
3.617398e+00
3.616133e+00
3.614870e+00
3.613606e+00
3.612342e+00
3.611078e+00
3.609813e+00
3.608550e+00
3.607286e+00
3.606022e+00
3.604758e+00
3.603493e+00
3.602230e+00
3.600966e+00
3.599702e+00
3.598438e+00
3.597174e+00
3.595910e+00
3.594646e+00
3.593382e+00
3.592118e+00
3.590855e+00
3.589590e+00
3.588326e+00
3.587062e+00
3.585798e+00
3.584535e+00
3.583271e+00
3.582006e+00
3.580742e+00
3.579478e+00
3.578215e+00
3.576951e+00
3.575687e+00
3.574422e+00
3.573158e+00
3.571895e+00
3.570631e+00
3.569367e+00
3.568102e+00
3.566839e+00
3.565575e+00
3.564311e+00
3.563047e+00
3.561782e+00
3.560519e+00
3.559255e+00
3.557991e+00
3.556727e+00
3.555463e+00
3.554199e+00
3.552935e+00
3.551671e+00
3.550407e+00
3.549143e+00
3.547880e+00
3.546615e+00
3.545351e+00
3.544087e+00
3.542823e+00
3.541560e+00
3.540295e+00
3.539031e+00
3.537767e+00
3.536504e+00
3.535240e+00
3.533975e+00
3.532711e+00
3.531447e+00
3.530184e+00
3.528920e+00
3.527656e+00
3.526391e+00
3.525127e+00
3.523864e+00
3.522600e+00
3.521336e+00
3.520072e+00
3.518807e+00
3.517544e+00
3.516280e+00
3.515016e+00
3.513752e+00
3.512487e+00
3.511224e+00
3.509960e+00
3.508696e+00
3.507432e+00
3.506169e+00
3.504904e+00
3.503640e+00
3.502376e+00
3.501112e+00
3.499849e+00
3.498584e+00
3.497320e+00
3.496056e+00
3.494792e+00
3.493529e+00
3.492264e+00
3.491000e+00
3.489736e+00
3.488472e+00
3.487209e+00
3.485945e+00
3.484681e+00
3.483416e+00
3.482153e+00
3.480889e+00
3.479625e+00
3.478361e+00
3.477096e+00
3.475833e+00
3.474569e+00
3.473305e+00
3.472041e+00
3.470776e+00
3.469513e+00
3.468249e+00
3.466985e+00
3.465721e+00
3.464457e+00
3.463193e+00
3.461929e+00
3.460665e+00
3.459401e+00
3.458137e+00
3.456873e+00
3.455609e+00
3.454345e+00
3.453081e+00
3.451818e+00
3.450553e+00
3.449289e+00
3.448025e+00
3.446761e+00
3.445498e+00
3.444234e+00
3.442969e+00
3.441705e+00
3.440441e+00
3.439178e+00
3.437914e+00
3.436650e+00
3.435385e+00
3.434121e+00
3.432858e+00
3.431594e+00
3.430330e+00
3.429066e+00
3.427801e+00
3.426538e+00
3.425274e+00
3.424010e+00
3.422746e+00
3.421482e+00
3.420218e+00
3.418954e+00
3.417690e+00
3.416426e+00
3.415163e+00
3.413898e+00
3.412634e+00
3.411370e+00
3.410106e+00
3.408843e+00
3.407578e+00
3.406314e+00
3.405050e+00
3.403786e+00
3.402523e+00
3.401258e+00
3.399994e+00
3.398730e+00
3.397466e+00
3.396203e+00
3.394939e+00
3.393674e+00
3.392410e+00
3.391147e+00
3.389883e+00
3.388619e+00
3.387354e+00
3.386090e+00
3.384827e+00
3.383563e+00
3.382299e+00
3.381035e+00
3.379771e+00
3.378507e+00
3.377243e+00
3.375979e+00
3.374715e+00
3.373451e+00
3.372187e+00
3.370923e+00
3.369659e+00
3.368395e+00
3.367131e+00
3.365867e+00
3.364603e+00
3.363339e+00
3.362075e+00
3.360812e+00
3.359548e+00
3.358283e+00
3.357019e+00
3.355755e+00
3.354492e+00
3.353228e+00
3.351964e+00
3.350699e+00
3.349435e+00
3.348172e+00
3.346908e+00
3.345644e+00
3.344379e+00
3.343115e+00
3.341852e+00
3.340588e+00
3.339324e+00
3.338059e+00
3.336796e+00
3.335532e+00
3.334268e+00
3.333004e+00
3.331740e+00
3.330476e+00
3.329212e+00
3.327948e+00
3.326684e+00
3.325420e+00
3.324156e+00
3.322892e+00
3.321628e+00
3.320364e+00
3.319100e+00
3.317836e+00
3.316572e+00
3.315308e+00
3.314044e+00
3.312780e+00
3.311517e+00
3.310253e+00
3.308988e+00
3.307724e+00
3.306461e+00
3.305197e+00
3.303933e+00
3.302668e+00
3.301404e+00
3.300141e+00
3.298877e+00
3.297613e+00
3.296348e+00
3.295084e+00
3.293821e+00
3.292557e+00
3.291293e+00
3.290029e+00
3.288765e+00
3.287501e+00
3.286237e+00
3.284973e+00
3.283709e+00
3.282445e+00
3.281181e+00
3.279917e+00
3.278653e+00
3.277389e+00
3.276126e+00
3.274861e+00
3.273597e+00
3.272333e+00
3.271069e+00
3.269806e+00
3.268541e+00
3.267277e+00
3.266013e+00
3.264749e+00
