8.360333e-04
8.620331e-04
8.880333e-04
9.140330e-04
9.400327e-04
9.660329e-04
9.920327e-04
1.018032e-03
1.044033e-03
1.070032e-03
1.096032e-03
1.122032e-03
1.148032e-03
1.174032e-03
1.200032e-03
1.226032e-03
1.252032e-03
1.278031e-03
1.304031e-03
1.330031e-03
1.356031e-03
1.382031e-03
1.408031e-03
1.434031e-03
1.460031e-03
1.486031e-03
1.512030e-03
1.538030e-03
1.564030e-03
1.590030e-03
1.616030e-03
1.729203e-03
1.842377e-03
1.955551e-03
2.068724e-03
2.181898e-03
2.295071e-03
2.408244e-03
2.521418e-03
2.634592e-03
2.747765e-03
2.860938e-03
2.974112e-03
3.087285e-03
3.200459e-03
3.313633e-03
3.426806e-03
3.539980e-03
3.653153e-03
3.766326e-03
3.879500e-03
3.937040e-03
3.994580e-03
4.052120e-03
4.109660e-03
4.167200e-03
4.224740e-03
4.282280e-03
4.339820e-03
4.397360e-03
4.454900e-03
4.512440e-03
4.569980e-03
4.627520e-03
4.685060e-03
4.742600e-03
4.800140e-03
4.857680e-03
4.915220e-03
4.883988e-03
5.030300e-03
5.176612e-03
5.322924e-03
5.469237e-03
5.615549e-03
5.761861e-03
5.908173e-03
6.054486e-03
6.200798e-03
6.347110e-03
6.493422e-03
6.639734e-03
6.786047e-03
6.932359e-03
7.078671e-03
7.224983e-03
7.371296e-03
7.517608e-03
7.663920e-03
7.810232e-03
7.956544e-03
8.102857e-03
8.249169e-03
8.395481e-03
8.541793e-03
8.688106e-03
8.834418e-03
8.980730e-03
9.127042e-03
9.273354e-03
9.419667e-03
9.536590e-03
9.653513e-03
9.770437e-03
9.887360e-03
1.000428e-02
1.012121e-02
1.023813e-02
1.035505e-02
1.047198e-02
1.058890e-02
1.070582e-02
1.082275e-02
1.093967e-02
1.105659e-02
1.117352e-02
1.129044e-02
1.140736e-02
1.152429e-02
1.164121e-02
1.175813e-02
1.187506e-02
1.199198e-02
1.210890e-02
1.222583e-02
1.234275e-02
1.245967e-02
1.257660e-02
1.269352e-02
1.281044e-02
1.292737e-02
1.304429e-02
1.316121e-02
1.327814e-02
1.339506e-02
1.351198e-02
1.362891e-02
1.374583e-02
1.386275e-02
1.397968e-02
1.409660e-02
1.421352e-02
1.433045e-02
1.444737e-02
1.456429e-02
1.468122e-02
1.479814e-02
1.491506e-02
1.503199e-02
1.514891e-02
1.526583e-02
1.540858e-02
1.555132e-02
1.569406e-02
1.583681e-02
1.597955e-02
1.612229e-02
1.626504e-02
1.640778e-02
1.655052e-02
1.669327e-02
1.683601e-02
1.697875e-02
1.712150e-02
1.726424e-02
1.740698e-02
1.754973e-02
1.769247e-02
1.783521e-02
1.797796e-02
1.812070e-02
1.826344e-02
1.840619e-02
1.854893e-02
1.869167e-02
1.883442e-02
1.897716e-02
1.911990e-02
1.926265e-02
1.940539e-02
1.954813e-02
1.969088e-02
1.983362e-02
1.997636e-02
2.011911e-02
2.026185e-02
2.040459e-02
2.054734e-02
2.069008e-02
2.083282e-02
2.097557e-02
2.111831e-02
2.126105e-02
2.140380e-02
2.154654e-02
2.168928e-02
2.183203e-02
2.197477e-02
2.211751e-02
2.226026e-02
2.240300e-02
2.241204e-02
2.242107e-02
2.243011e-02
2.243915e-02
2.244818e-02
2.245722e-02
2.246626e-02
2.247529e-02
2.248433e-02
2.249337e-02
2.250240e-02
2.251144e-02
2.252048e-02
2.252951e-02
2.253855e-02
2.254759e-02
2.255662e-02
2.256566e-02
2.257470e-02
2.258373e-02
2.259277e-02
2.260181e-02
2.261084e-02
2.261988e-02
2.262892e-02
2.263795e-02
2.264699e-02
2.265603e-02
2.266506e-02
2.267410e-02
2.268314e-02
2.269217e-02
2.270121e-02
2.271025e-02
2.271928e-02
2.272832e-02
2.273736e-02
2.274639e-02
2.275543e-02
2.276447e-02
2.277350e-02
2.278254e-02
2.279158e-02
2.280061e-02
2.280965e-02
2.281869e-02
2.282772e-02
2.283676e-02
2.284580e-02
2.285483e-02
2.286387e-02
2.287291e-02
2.288194e-02
2.289098e-02
2.290002e-02
2.290905e-02
2.291809e-02
2.292713e-02
2.293616e-02
2.294520e-02
2.295424e-02
2.296327e-02
2.297231e-02
2.298135e-02
2.299038e-02
2.299942e-02
2.300846e-02
2.301749e-02
2.302653e-02
2.303557e-02
2.304460e-02
2.305364e-02
2.306268e-02
2.307171e-02
2.308075e-02
2.308979e-02
2.309882e-02
2.310786e-02
2.311690e-02
2.312593e-02
2.313497e-02
2.314401e-02
2.315304e-02
2.316208e-02
2.317112e-02
2.318015e-02
2.318919e-02
2.319823e-02
2.320726e-02
2.321630e-02
2.322534e-02
2.323437e-02
2.324341e-02
2.325245e-02
2.326148e-02
2.327052e-02
2.327956e-02
2.328859e-02
2.329763e-02
2.330667e-02
2.339561e-02
2.348455e-02
2.357349e-02
2.366243e-02
2.375137e-02
2.384032e-02
2.392926e-02
2.401820e-02
2.410714e-02
2.419608e-02
2.428503e-02
2.437397e-02
2.446291e-02
2.455185e-02
2.464079e-02
2.472973e-02
2.481868e-02
2.490762e-02
2.499656e-02
2.508550e-02
2.517444e-02
2.526338e-02
2.535233e-02
2.544127e-02
2.553021e-02
2.561915e-02
2.570809e-02
2.579703e-02
2.588597e-02
2.597492e-02
2.606386e-02
2.615280e-02
2.624174e-02
2.633068e-02
2.641962e-02
2.650857e-02
2.659751e-02
2.668645e-02
2.677539e-02
2.686433e-02
2.695328e-02
2.704222e-02
2.713116e-02
2.722010e-02
2.730904e-02
2.739798e-02
2.748692e-02
2.757587e-02
2.766481e-02
2.775375e-02
2.784269e-02
2.793163e-02
2.802057e-02
2.810952e-02
2.819846e-02
2.828740e-02
2.837634e-02
2.846528e-02
2.855422e-02
2.864317e-02
2.873211e-02
2.882105e-02
2.890999e-02
2.899893e-02
2.908787e-02
2.917682e-02
2.926576e-02
2.935470e-02
2.944364e-02
2.953258e-02
2.962152e-02
2.971047e-02
2.979941e-02
2.988835e-02
2.997729e-02
3.006623e-02
3.015517e-02
3.024412e-02
3.033306e-02
3.042200e-02
3.051094e-02
3.059988e-02
3.068882e-02
3.077777e-02
3.086671e-02
3.095565e-02
3.104459e-02
3.113353e-02
3.122247e-02
3.131142e-02
3.140036e-02
3.148930e-02
3.157824e-02
3.166718e-02
3.175613e-02
3.184507e-02
3.193401e-02
3.202295e-02
3.211189e-02
3.220083e-02
3.232176e-02
3.244269e-02
3.256361e-02
3.268454e-02
3.280547e-02
3.292639e-02
3.304732e-02
3.316825e-02
3.328917e-02
3.341010e-02
3.353103e-02
3.365195e-02
3.377288e-02
3.389381e-02
3.401473e-02
3.413566e-02
3.425659e-02
3.437751e-02
3.449844e-02
3.461937e-02
3.474029e-02
3.486122e-02
3.498215e-02
3.510307e-02
3.522400e-02
3.534493e-02
3.546585e-02
3.558678e-02
3.570771e-02
3.582863e-02
3.594956e-02
3.607049e-02
3.619141e-02
3.631234e-02
3.643327e-02
3.655419e-02
3.667512e-02
3.679605e-02
3.691697e-02
3.703790e-02
3.715883e-02
3.727975e-02
3.740068e-02
3.752161e-02
3.764253e-02
3.776346e-02
3.788439e-02
3.800531e-02
3.812624e-02
3.824717e-02
3.836809e-02
3.848902e-02
3.860995e-02
3.873087e-02
3.885180e-02
3.897273e-02
3.909365e-02
3.921458e-02
3.933551e-02
3.945643e-02
3.957736e-02
3.969829e-02
3.981921e-02
3.994014e-02
4.006107e-02
4.018199e-02
4.030292e-02
4.042385e-02
4.054477e-02
4.066570e-02
4.078663e-02
4.090755e-02
4.102848e-02
4.114941e-02
4.127033e-02
4.139126e-02
4.151219e-02
4.163311e-02
4.175404e-02
4.187497e-02
4.199589e-02
4.211682e-02
4.223775e-02
4.235867e-02
4.247960e-02
4.260053e-02
4.272145e-02
4.284238e-02
4.296331e-02
4.308423e-02
4.320516e-02
4.332609e-02
4.344701e-02
4.356794e-02
4.368887e-02
4.380979e-02
4.393072e-02
4.405165e-02
4.417257e-02
4.429350e-02
4.441443e-02
4.453535e-02
4.465628e-02
4.477721e-02
4.489813e-02
4.501906e-02
4.513999e-02
4.526091e-02
4.538184e-02
4.550277e-02
4.562369e-02
4.574462e-02
4.586555e-02
4.598647e-02
4.610740e-02
4.622833e-02
4.634925e-02
4.647018e-02
4.659111e-02
4.671203e-02
4.683296e-02
4.695389e-02
4.707481e-02
4.719574e-02
4.731667e-02
4.743759e-02
4.755852e-02
4.767945e-02
4.780037e-02
4.792130e-02
4.804223e-02
4.816315e-02
4.828408e-02
4.840501e-02
4.852593e-02
4.864686e-02
4.876779e-02
4.888871e-02
4.900964e-02
4.913057e-02
4.925149e-02
4.937242e-02
4.949335e-02
4.961427e-02
4.973520e-02
4.985613e-02
4.997705e-02
5.009798e-02
5.021891e-02
5.033983e-02
5.046076e-02
5.058169e-02
5.070261e-02
5.082354e-02
5.094447e-02
5.106539e-02
5.118632e-02
5.130725e-02
5.142817e-02
5.154910e-02
5.167003e-02
5.179095e-02
5.191188e-02
5.203281e-02
5.215373e-02
5.227466e-02
5.239559e-02
5.251651e-02
5.263744e-02
5.275837e-02
5.287929e-02
5.300022e-02
5.312115e-02
5.324207e-02
5.336300e-02
5.348393e-02
5.360485e-02
5.372578e-02
5.384671e-02
5.396763e-02
5.408856e-02
5.420949e-02
5.433041e-02
5.445134e-02
5.457227e-02
5.469319e-02
5.481412e-02
5.493505e-02
5.505597e-02
5.517690e-02
5.529783e-02
5.541875e-02
5.553968e-02
5.566061e-02
5.578153e-02
5.590246e-02
5.602339e-02
5.614431e-02
5.626524e-02
5.638617e-02
5.656909e-02
5.675202e-02
5.693494e-02
5.711787e-02
5.730079e-02
5.748372e-02
5.766664e-02
5.784957e-02
5.803249e-02
5.821542e-02
5.839834e-02
5.858127e-02
5.876419e-02
5.894712e-02
5.913004e-02
5.931297e-02
5.949589e-02
5.967882e-02
5.986174e-02
6.004467e-02
6.022759e-02
6.041052e-02
6.059344e-02
6.077637e-02
6.095929e-02
6.114222e-02
6.132514e-02
6.150807e-02
6.169099e-02
6.187392e-02
6.205684e-02
6.223977e-02
6.242269e-02
6.260562e-02
6.278854e-02
6.297147e-02
6.315439e-02
6.333732e-02
6.352024e-02
6.370317e-02
6.388609e-02
6.406902e-02
6.425194e-02
6.443487e-02
6.461779e-02
6.480072e-02
6.498364e-02
6.516657e-02
6.534949e-02
6.553242e-02
6.571534e-02
6.589827e-02
6.608119e-02
6.626412e-02
6.644704e-02
6.662997e-02
6.681289e-02
6.699582e-02
6.717874e-02
6.736167e-02
6.754459e-02
6.772752e-02
6.791044e-02
6.809337e-02
6.827629e-02
6.845922e-02
6.864214e-02
6.882507e-02
6.900799e-02
6.919092e-02
6.937384e-02
6.955677e-02
6.973969e-02
6.992262e-02
7.010554e-02
7.028847e-02
7.047139e-02
7.065432e-02
7.083724e-02
7.102017e-02
7.120309e-02
7.138602e-02
7.156894e-02
7.175187e-02
7.193479e-02
7.211772e-02
7.230064e-02
7.248357e-02
7.266649e-02
7.284942e-02
7.303234e-02
7.321527e-02
7.339819e-02
7.358112e-02
7.376404e-02
7.394697e-02
7.412989e-02
7.431282e-02
7.449574e-02
7.467867e-02
7.566614e-02
7.665362e-02
7.764109e-02
7.862856e-02
7.961604e-02
8.060351e-02
8.159098e-02
8.257845e-02
8.356593e-02
8.455340e-02
8.554087e-02
8.652835e-02
8.751582e-02
8.850329e-02
8.949077e-02
9.047824e-02
9.146571e-02
9.245318e-02
9.344066e-02
9.442813e-02
9.541560e-02
9.640308e-02
9.739055e-02
9.837802e-02
9.936550e-02
1.003530e-01
1.013404e-01
1.023279e-01
1.033154e-01
1.043029e-01
1.052903e-01
1.062778e-01
1.072653e-01
1.082528e-01
1.092402e-01
1.102277e-01
1.112152e-01
1.122026e-01
1.131901e-01
1.141776e-01
1.151651e-01
1.161525e-01
1.171400e-01
1.181275e-01
1.191150e-01
1.201024e-01
1.210899e-01
1.220774e-01
1.230648e-01
1.240523e-01
1.250398e-01
1.260273e-01
1.270147e-01
1.280022e-01
1.289897e-01
1.299772e-01
1.309646e-01
1.319521e-01
1.329396e-01
1.339271e-01
1.349145e-01
1.359020e-01
1.368895e-01
1.378769e-01
1.388644e-01
1.398519e-01
1.408394e-01
1.418268e-01
1.428143e-01
1.438018e-01
1.447893e-01
1.457767e-01
1.467642e-01
1.477517e-01
1.487391e-01
1.497266e-01
1.507141e-01
1.517016e-01
1.526890e-01
1.536765e-01
1.546640e-01
1.556515e-01
1.566389e-01
1.576264e-01
1.586139e-01
1.596014e-01
1.605888e-01
1.615763e-01
1.625638e-01
1.635512e-01
1.645387e-01
1.655262e-01
1.665137e-01
1.675011e-01
1.684886e-01
1.694761e-01
1.704636e-01
1.714510e-01
1.724385e-01
1.734260e-01
1.744134e-01
1.754009e-01
1.763884e-01
1.773759e-01
1.783633e-01
1.793508e-01
1.803383e-01
1.813258e-01
1.823132e-01
1.833007e-01
1.842882e-01
1.852757e-01
1.862631e-01
1.872506e-01
1.882381e-01
1.892255e-01
1.902130e-01
1.912005e-01
1.921880e-01
1.931754e-01
1.941629e-01
1.951504e-01
1.961379e-01
1.971253e-01
1.981128e-01
1.991003e-01
2.000877e-01
2.010752e-01
2.020627e-01
2.030502e-01
2.040376e-01
2.050251e-01
2.060126e-01
2.070001e-01
2.079875e-01
2.089750e-01
2.099625e-01
2.109500e-01
2.119374e-01
2.129249e-01
2.139124e-01
2.148998e-01
2.158873e-01
2.168748e-01
2.178623e-01
2.188497e-01
2.198372e-01
2.208247e-01
2.218122e-01
2.227996e-01
2.237871e-01
2.247746e-01
2.257620e-01
2.267495e-01
2.277370e-01
2.287245e-01
2.297119e-01
2.306994e-01
2.316869e-01
2.326744e-01
2.336618e-01
2.346493e-01
2.356368e-01
2.366242e-01
2.376117e-01
2.385992e-01
2.395867e-01
2.405741e-01
2.415616e-01
2.425491e-01
2.435366e-01
2.445240e-01
2.455115e-01
2.464990e-01
2.474865e-01
2.484739e-01
2.494614e-01
2.504489e-01
2.514363e-01
2.524238e-01
2.534113e-01
2.543988e-01
2.553862e-01
2.563737e-01
2.573612e-01
2.583487e-01
2.593361e-01
2.603236e-01
2.613111e-01
2.622985e-01
2.632860e-01
2.642735e-01
2.652610e-01
2.662484e-01
2.672359e-01
2.682234e-01
2.692109e-01
2.701983e-01
2.711858e-01
2.721733e-01
2.731608e-01
2.741482e-01
2.751357e-01
2.761232e-01
2.771106e-01
2.780981e-01
2.790856e-01
2.800731e-01
2.810605e-01
2.820480e-01
2.830355e-01
2.840230e-01
2.850104e-01
2.859979e-01
2.869854e-01
2.879728e-01
2.889603e-01
2.899478e-01
2.909353e-01
2.919227e-01
2.929102e-01
2.938977e-01
2.948852e-01
2.958726e-01
2.968601e-01
2.978476e-01
2.988351e-01
2.998225e-01
3.008100e-01
3.017975e-01
3.027849e-01
3.037724e-01
3.047599e-01
3.057474e-01
3.067348e-01
3.077223e-01
3.087098e-01
3.096973e-01
3.106847e-01
3.116722e-01
3.126597e-01
3.136471e-01
3.146346e-01
3.156221e-01
3.166096e-01
3.175970e-01
3.185845e-01
3.195720e-01
3.205595e-01
3.215469e-01
3.225344e-01
3.235219e-01
3.245094e-01
3.254968e-01
3.264843e-01
3.274718e-01
3.284592e-01
3.294467e-01
3.304342e-01
3.314217e-01
3.324091e-01
3.333966e-01
3.343841e-01
3.353716e-01
3.363590e-01
3.373465e-01
3.383340e-01
3.393214e-01
3.403089e-01
3.412964e-01
3.422839e-01
3.432713e-01
3.442588e-01
3.452463e-01
3.462338e-01
3.472212e-01
3.482087e-01
3.491962e-01
3.501837e-01
3.511711e-01
3.521586e-01
3.531461e-01
3.541335e-01
3.551210e-01
3.561085e-01
3.570960e-01
3.580834e-01
3.590709e-01
3.600584e-01
3.610459e-01
3.620333e-01
3.630208e-01
3.640083e-01
3.649957e-01
3.659832e-01
3.669707e-01
3.679582e-01
3.689456e-01
3.699331e-01
3.709206e-01
3.719081e-01
3.728955e-01
3.738830e-01
3.748705e-01
3.758579e-01
3.768454e-01
3.778329e-01
3.788204e-01
3.798078e-01
3.807953e-01
3.817828e-01
3.827703e-01
3.837577e-01
3.847452e-01
3.857327e-01
3.867202e-01
3.877076e-01
3.886951e-01
3.896826e-01
3.906700e-01
3.916575e-01
3.926450e-01
3.936325e-01
3.946199e-01
3.956074e-01
3.965949e-01
3.975824e-01
3.985698e-01
3.995573e-01
4.005448e-01
4.015322e-01
4.025197e-01
4.035072e-01
4.044947e-01
4.054821e-01
4.064696e-01
4.074571e-01
4.084446e-01
4.094320e-01
4.104195e-01
4.114070e-01
4.123945e-01
4.133819e-01
4.143694e-01
4.153569e-01
4.163443e-01
4.173318e-01
4.183193e-01
4.193068e-01
4.202942e-01
4.212817e-01
4.222692e-01
4.232567e-01
4.242441e-01
4.252316e-01
4.262191e-01
4.272065e-01
4.281940e-01
4.291815e-01
4.301690e-01
4.311564e-01
4.321439e-01
4.331314e-01
4.341189e-01
4.351063e-01
4.360938e-01
4.370813e-01
4.380688e-01
4.390562e-01
4.400437e-01
4.410312e-01
4.420186e-01
4.430061e-01
4.439936e-01
4.449811e-01
4.459685e-01
4.469560e-01
4.479435e-01
4.489310e-01
4.499184e-01
4.509059e-01
4.518934e-01
4.528808e-01
4.538683e-01
4.548558e-01
4.558433e-01
4.568307e-01
4.578182e-01
4.588057e-01
4.597932e-01
4.607806e-01
4.617681e-01
4.627556e-01
4.637431e-01
4.647305e-01
4.657180e-01
4.667055e-01
4.676929e-01
4.686804e-01
4.696679e-01
4.706554e-01
4.716428e-01
4.726303e-01
4.736178e-01
4.746053e-01
4.755927e-01
4.765802e-01
4.780457e-01
4.795111e-01
4.809765e-01
4.824419e-01
4.839074e-01
4.853728e-01
4.868382e-01
4.883037e-01
4.897691e-01
4.912345e-01
4.926999e-01
4.941654e-01
4.956308e-01
4.970962e-01
4.985617e-01
5.000271e-01
5.014925e-01
5.029579e-01
5.044234e-01
5.058888e-01
5.073542e-01
5.088197e-01
5.102851e-01
5.117505e-01
5.132159e-01
5.146814e-01
5.161468e-01
5.176122e-01
5.190777e-01
5.205431e-01
5.220085e-01
5.234739e-01
5.249394e-01
5.264048e-01
5.278702e-01
5.293357e-01
5.308011e-01
5.322665e-01
5.337319e-01
5.351974e-01
5.366628e-01
5.381282e-01
5.395937e-01
5.410591e-01
5.425245e-01
5.439900e-01
5.454554e-01
5.469208e-01
5.483862e-01
5.498517e-01
5.513171e-01
5.527825e-01
5.542480e-01
5.557134e-01
5.571788e-01
5.586442e-01
5.601097e-01
5.615751e-01
5.630405e-01
5.645060e-01
5.659714e-01
5.674368e-01
5.689022e-01
5.703677e-01
5.718331e-01
5.732985e-01
5.747640e-01
5.762294e-01
5.776948e-01
5.791602e-01
5.806257e-01
5.820911e-01
5.835565e-01
5.850220e-01
5.864874e-01
5.879528e-01
5.894182e-01
5.908837e-01
5.923491e-01
5.938145e-01
5.952800e-01
5.967454e-01
5.982108e-01
5.996762e-01
6.011417e-01
6.026071e-01
6.040725e-01
6.055380e-01
6.070034e-01
6.084688e-01
6.099343e-01
6.113997e-01
6.128651e-01
6.143305e-01
6.157960e-01
6.172614e-01
6.187268e-01
6.201923e-01
6.216577e-01
6.231231e-01
6.256863e-01
6.282496e-01
6.308129e-01
6.333761e-01
6.359394e-01
6.385027e-01
6.410659e-01
6.436292e-01
6.461924e-01
6.487557e-01
6.513190e-01
6.538822e-01
6.564455e-01
6.590087e-01
6.615720e-01
6.641352e-01
6.666985e-01
6.692617e-01
6.718250e-01
6.743883e-01
6.769516e-01
6.795148e-01
6.820781e-01
6.846413e-01
6.872045e-01
6.897678e-01
6.923311e-01
6.948943e-01
6.974576e-01
7.000209e-01
7.025841e-01
7.051474e-01
7.077106e-01
7.102739e-01
7.128372e-01
7.154004e-01
7.179637e-01
7.205269e-01
7.230902e-01
7.256534e-01
7.282167e-01
7.307799e-01
7.333432e-01
7.359065e-01
7.384698e-01
7.410330e-01
7.435963e-01
7.461595e-01
7.487227e-01
7.512860e-01
7.538493e-01
7.564125e-01
7.589758e-01
7.615391e-01
7.641023e-01
7.666656e-01
7.692288e-01
7.717921e-01
7.743554e-01
7.769186e-01
7.794819e-01
7.820451e-01
7.846084e-01
7.871716e-01
7.897349e-01
7.922981e-01
7.948614e-01
7.974247e-01
7.999880e-01
8.025512e-01
8.051144e-01
8.076777e-01
8.102409e-01
8.128042e-01
8.153675e-01
8.179307e-01
8.204940e-01
8.230573e-01
8.256205e-01
8.281838e-01
8.307470e-01
8.333103e-01
8.358735e-01
8.384368e-01
8.410000e-01
8.435633e-01
8.461266e-01
8.486898e-01
8.512531e-01
8.538163e-01
8.563796e-01
8.589429e-01
8.615061e-01
8.640694e-01
8.666326e-01
8.691959e-01
8.717591e-01
8.743224e-01
8.768856e-01
8.794489e-01
8.820122e-01
8.845755e-01
8.871387e-01
8.897020e-01
8.922652e-01
8.948285e-01
8.973917e-01
8.999550e-01
9.025182e-01
9.050815e-01
9.076448e-01
9.102080e-01
9.127713e-01
9.153345e-01
9.178978e-01
9.204611e-01
9.230243e-01
9.255876e-01
9.281508e-01
9.307141e-01
9.332773e-01
9.358406e-01
9.384038e-01
9.409671e-01
9.435304e-01
9.460937e-01
9.486569e-01
9.512202e-01
9.537834e-01
9.563467e-01
9.589099e-01
9.614732e-01
9.640364e-01
9.665997e-01
9.691630e-01
9.717262e-01
9.742895e-01
9.768527e-01
9.794160e-01
9.819794e-01
9.845425e-01
9.871057e-01
9.896691e-01
9.922323e-01
9.947954e-01
9.973589e-01
9.999220e-01
1.002485e+00
1.005049e+00
1.007612e+00
1.010175e+00
1.012739e+00
1.015301e+00
1.017865e+00
1.020428e+00
1.022991e+00
1.025555e+00
1.028118e+00
1.030681e+00
1.033244e+00
1.035808e+00
1.038371e+00
1.040934e+00
1.043498e+00
1.046061e+00
1.048624e+00
1.051187e+00
1.053750e+00
1.056314e+00
1.058877e+00
1.061441e+00
1.064003e+00
1.066567e+00
1.069130e+00
1.071693e+00
1.074257e+00
1.076820e+00
1.079383e+00
1.081946e+00
1.084509e+00
1.087073e+00
1.089636e+00
1.092199e+00
1.094763e+00
1.097326e+00
1.099889e+00
1.102452e+00
1.105016e+00
1.107579e+00
1.110142e+00
1.112706e+00
1.115268e+00
1.117832e+00
1.120395e+00
1.122958e+00
1.125522e+00
1.128085e+00
1.130648e+00
1.133211e+00
1.135775e+00
1.138338e+00
1.140665e+00
1.142992e+00
1.145320e+00
1.147647e+00
1.149974e+00
1.152301e+00
1.154628e+00
1.156955e+00
1.159282e+00
1.161609e+00
1.163936e+00
1.166263e+00
1.168590e+00
1.170918e+00
1.173245e+00
1.175572e+00
1.177899e+00
1.180226e+00
1.182553e+00
1.184880e+00
1.187208e+00
1.189534e+00
1.191861e+00
1.194189e+00
1.196516e+00
1.198843e+00
1.201170e+00
1.203497e+00
1.205824e+00
1.208152e+00
1.210479e+00
1.212806e+00
1.215133e+00
1.217460e+00
1.219787e+00
1.222114e+00
1.224441e+00
1.226768e+00
1.229095e+00
1.231422e+00
1.233750e+00
1.236077e+00
1.238404e+00
1.240731e+00
1.243058e+00
1.245386e+00
1.247713e+00
1.250039e+00
1.252366e+00
1.254694e+00
1.257020e+00
1.259348e+00
1.261675e+00
1.264002e+00
1.266329e+00
1.268656e+00
1.270984e+00
1.273311e+00
1.275638e+00
1.277965e+00
1.280292e+00
1.282619e+00
1.284946e+00
1.287273e+00
1.289601e+00
1.291927e+00
1.294254e+00
1.296582e+00
1.298909e+00
1.301236e+00
1.303563e+00
1.305890e+00
1.308218e+00
1.310545e+00
1.312872e+00
1.315199e+00
1.317525e+00
1.319853e+00
1.322180e+00
1.324507e+00
1.326834e+00
1.329161e+00
1.331488e+00
1.333816e+00
1.336143e+00
1.338470e+00
1.340797e+00
1.343124e+00
1.345451e+00
1.347778e+00
1.350106e+00
1.352432e+00
1.354759e+00
1.357087e+00
1.359414e+00
1.361741e+00
1.364068e+00
1.366395e+00
1.368722e+00
1.371050e+00
1.373377e+00
1.375704e+00
1.378031e+00
1.380358e+00
1.382685e+00
1.385012e+00
1.387339e+00
1.389666e+00
1.391993e+00
1.394320e+00
1.396648e+00
1.398975e+00
1.401302e+00
1.403629e+00
1.405956e+00
1.408284e+00
1.410611e+00
1.412937e+00
1.415265e+00
1.417592e+00
1.419918e+00
1.422246e+00
1.424573e+00
1.426900e+00
1.429227e+00
1.431554e+00
1.433882e+00
1.436209e+00
1.438536e+00
1.440863e+00
1.443190e+00
1.445517e+00
1.447844e+00
1.450171e+00
1.452499e+00
1.454825e+00
1.457152e+00
1.459480e+00
1.461807e+00
1.464134e+00
1.466461e+00
1.468788e+00
1.471116e+00
1.473442e+00
1.475770e+00
1.478097e+00
1.480423e+00
1.482751e+00
1.485078e+00
1.487405e+00
1.489732e+00
1.492059e+00
1.494386e+00
1.496714e+00
1.499041e+00
1.501368e+00
1.503695e+00
1.506022e+00
1.508349e+00
1.510676e+00
1.513004e+00
1.515330e+00
1.517657e+00
1.519985e+00
1.522312e+00
1.524639e+00
1.526966e+00
1.529293e+00
1.531620e+00
1.533948e+00
1.536275e+00
1.538602e+00
1.540929e+00
1.543256e+00
1.545583e+00
1.547910e+00
1.550237e+00
1.552564e+00
1.554891e+00
1.557218e+00
1.559546e+00
1.561873e+00
1.564200e+00
1.566527e+00
1.568854e+00
1.571181e+00
1.573509e+00
1.575835e+00
1.578163e+00
1.580490e+00
1.582816e+00
1.585144e+00
1.587471e+00
1.589798e+00
1.592125e+00
1.594452e+00
1.596780e+00
1.599107e+00
1.601434e+00
1.603761e+00
1.606088e+00
1.608415e+00
1.610742e+00
1.613069e+00
1.615396e+00
1.617723e+00
1.620050e+00
1.622378e+00
1.624705e+00
1.627032e+00
1.629359e+00
1.631686e+00
1.634013e+00
1.636341e+00
1.638668e+00
1.640995e+00
1.643322e+00
1.645649e+00
1.647976e+00
1.650303e+00
1.652630e+00
1.654957e+00
1.657284e+00
1.659612e+00
1.661939e+00
1.664266e+00
1.666593e+00
1.668920e+00
1.671247e+00
1.673575e+00
1.675901e+00
1.678228e+00
1.680556e+00
1.682882e+00
1.685210e+00
1.687537e+00
1.689864e+00
1.692191e+00
1.694518e+00
1.696846e+00
1.699173e+00
1.701500e+00
1.703827e+00
1.706154e+00
1.708481e+00
1.710808e+00
1.713135e+00
1.715462e+00
1.717789e+00
1.720116e+00
1.722444e+00
1.724771e+00
1.727098e+00
1.729425e+00
1.731752e+00
1.734079e+00
1.736406e+00
1.738733e+00
1.741061e+00
1.743387e+00
1.745714e+00
1.748042e+00
1.750369e+00
1.752696e+00
1.755023e+00
1.757350e+00
1.759678e+00
1.762005e+00
1.764332e+00
1.766659e+00
1.768986e+00
1.771313e+00
1.773640e+00
1.775967e+00
1.778294e+00
1.780621e+00
1.782948e+00
1.785276e+00
1.787603e+00
1.789930e+00
1.792257e+00
1.794584e+00
1.796911e+00
1.799239e+00
1.801566e+00
1.803893e+00
1.806220e+00
1.808547e+00
1.810874e+00
1.813201e+00
1.815528e+00
1.817855e+00
1.820182e+00
1.822510e+00
1.824837e+00
1.827164e+00
1.829491e+00
1.831818e+00
1.834145e+00
1.836473e+00
1.838799e+00
1.841126e+00
1.845072e+00
1.849018e+00
1.852963e+00
1.856909e+00
1.860854e+00
1.864800e+00
1.868746e+00
1.872691e+00
1.876636e+00
1.880582e+00
1.884528e+00
1.888473e+00
1.892419e+00
1.896364e+00
1.900309e+00
1.904255e+00
1.908200e+00
1.912146e+00
1.916092e+00
1.920037e+00
1.923983e+00
1.927928e+00
1.931874e+00
1.935820e+00
1.939765e+00
1.943710e+00
1.947656e+00
1.951602e+00
1.955547e+00
1.959493e+00
1.963438e+00
1.967384e+00
1.971330e+00
1.975275e+00
1.979221e+00
1.983166e+00
1.987112e+00
1.991057e+00
1.995003e+00
1.998949e+00
2.002894e+00
2.006840e+00
2.010785e+00
2.014730e+00
2.018676e+00
2.022621e+00
2.026567e+00
2.030512e+00
2.034458e+00
2.038404e+00
2.042349e+00
2.046295e+00
2.050240e+00
2.054186e+00
2.058131e+00
2.062077e+00
2.066023e+00
2.069968e+00
2.073914e+00
2.077859e+00
2.081805e+00
2.085751e+00
2.089696e+00
2.093642e+00
2.097587e+00
2.101533e+00
2.105478e+00
2.109424e+00
2.113369e+00
2.117315e+00
2.121261e+00
2.125205e+00
2.129151e+00
2.133097e+00
2.137042e+00
2.140988e+00
2.144933e+00
2.148879e+00
2.152825e+00
2.156770e+00
2.160715e+00
2.164661e+00
2.168607e+00
2.172552e+00
2.176498e+00
2.180443e+00
2.184389e+00
2.188335e+00
2.192280e+00
2.196226e+00
2.200171e+00
2.204117e+00
2.208063e+00
2.212008e+00
2.215954e+00
2.219899e+00
2.223845e+00
2.227790e+00
2.231736e+00
2.235681e+00
2.239626e+00
2.243572e+00
2.247517e+00
2.251463e+00
2.255409e+00
2.259354e+00
2.263300e+00
2.267245e+00
2.271191e+00
2.275136e+00
2.279082e+00
2.283028e+00
2.286973e+00
2.290919e+00
2.294864e+00
2.298810e+00
2.302755e+00
2.306701e+00
2.310647e+00
2.314592e+00
2.318538e+00
2.322483e+00
2.326429e+00
2.330374e+00
2.334320e+00
2.338266e+00
2.342211e+00
2.346157e+00
2.350102e+00
2.354047e+00
2.357993e+00
2.361938e+00
2.365884e+00
2.369830e+00
2.373775e+00
2.377720e+00
2.381666e+00
2.385612e+00
2.389557e+00
2.393503e+00
2.397448e+00
2.401394e+00
2.405340e+00
2.409285e+00
2.413231e+00
2.417176e+00
2.421122e+00
2.425068e+00
2.429013e+00
2.432958e+00
2.436904e+00
2.440850e+00
2.444795e+00
2.448741e+00
2.452686e+00
2.456632e+00
2.460578e+00
2.464522e+00
2.468468e+00
2.472414e+00
2.476359e+00
2.480305e+00
2.484250e+00
2.488196e+00
2.492142e+00
2.496087e+00
2.500033e+00
2.503978e+00
2.507924e+00
2.511869e+00
2.515815e+00
2.519760e+00
2.523706e+00
2.527652e+00
2.531597e+00
2.535543e+00
2.539488e+00
2.543434e+00
2.547379e+00
2.551325e+00
2.555271e+00
2.559216e+00
2.563162e+00
2.567107e+00
2.571053e+00
2.574999e+00
2.578943e+00
2.582889e+00
2.586835e+00
2.590780e+00
2.594726e+00
2.598671e+00
2.602617e+00
2.606562e+00
2.610508e+00
2.614453e+00
2.618399e+00
2.622345e+00
2.626290e+00
2.630236e+00
2.634181e+00
2.637470e+00
2.640760e+00
2.644050e+00
2.647339e+00
2.650629e+00
2.653918e+00
2.657208e+00
2.660497e+00
2.663786e+00
2.667076e+00
2.670365e+00
2.673654e+00
2.676944e+00
2.680233e+00
2.683523e+00
2.686812e+00
2.690101e+00
2.693391e+00
2.696680e+00
2.699970e+00
2.703260e+00
2.706549e+00
2.709838e+00
2.713128e+00
2.716417e+00
2.719706e+00
2.722996e+00
2.726285e+00
2.729574e+00
2.732864e+00
2.736153e+00
2.739442e+00
2.742733e+00
2.746022e+00
2.749311e+00
2.752601e+00
2.755890e+00
2.759180e+00
2.762469e+00
2.765758e+00
2.769048e+00
2.772337e+00
2.775626e+00
2.778916e+00
2.782205e+00
2.785495e+00
2.788784e+00
2.792074e+00
2.795363e+00
2.798653e+00
2.801942e+00
2.805232e+00
2.808521e+00
2.811810e+00
2.815100e+00
2.818389e+00
2.821678e+00
2.824968e+00
2.828257e+00
2.831546e+00
2.834836e+00
2.838125e+00
2.841415e+00
2.844705e+00
2.847994e+00
2.851283e+00
2.854573e+00
2.857862e+00
2.861152e+00
2.864441e+00
2.867730e+00
2.871020e+00
2.874309e+00
2.877599e+00
2.880888e+00
2.884178e+00
2.887467e+00
2.890756e+00
2.894046e+00
2.897336e+00
2.900625e+00
2.903914e+00
2.907204e+00
2.910493e+00
2.913782e+00
2.917072e+00
2.920361e+00
2.923651e+00
2.926940e+00
2.930229e+00
2.933519e+00
2.936808e+00
2.940098e+00
2.943387e+00
2.946677e+00
2.949966e+00
2.953256e+00
2.956545e+00
2.959834e+00
2.963124e+00
2.966413e+00
2.969703e+00
2.972992e+00
2.976281e+00
2.979571e+00
2.982860e+00
2.986150e+00
2.989439e+00
2.992728e+00
2.996018e+00
2.999308e+00
3.002597e+00
3.005886e+00
3.009176e+00
3.012465e+00
3.015755e+00
3.019044e+00
3.022333e+00
3.025623e+00
3.028912e+00
3.032201e+00
3.035491e+00
3.038781e+00
3.042070e+00
3.045359e+00
3.048649e+00
3.051938e+00
3.055228e+00
3.058517e+00
3.061807e+00
3.065096e+00
3.068385e+00
3.071675e+00
3.074964e+00
3.078253e+00
3.081543e+00
3.084832e+00
3.088122e+00
3.091411e+00
3.094701e+00
3.097991e+00
3.101280e+00
3.104569e+00
3.107859e+00
3.111148e+00
3.114437e+00
3.117727e+00
3.121016e+00
3.124305e+00
3.127595e+00
3.130884e+00
3.134173e+00
3.137463e+00
3.140753e+00
3.144042e+00
3.147331e+00
3.150621e+00
3.153911e+00
3.157200e+00
3.160489e+00
3.163779e+00
3.167068e+00
3.170357e+00
3.173647e+00
3.176936e+00
3.180226e+00
3.183515e+00
3.186804e+00
3.190094e+00
3.193383e+00
3.196673e+00
3.199963e+00
3.203252e+00
3.206541e+00
3.209831e+00
3.213120e+00
3.216409e+00
3.219699e+00
3.222988e+00
3.226277e+00
3.229567e+00
3.232856e+00
3.236146e+00
3.239436e+00
3.242725e+00
3.246014e+00
3.249303e+00
3.252593e+00
3.255883e+00
3.259172e+00
3.262461e+00
3.265751e+00
3.269040e+00
3.272329e+00
3.275619e+00
3.278908e+00
3.282198e+00
3.285487e+00
3.288776e+00
3.292066e+00
3.295356e+00
3.299155e+00
3.302955e+00
3.306755e+00
3.310555e+00
3.314355e+00
3.318155e+00
3.321954e+00
3.325754e+00
3.329554e+00
3.333354e+00
3.337154e+00
3.340954e+00
3.344754e+00
3.348553e+00
3.352353e+00
3.356154e+00
3.359953e+00
3.363753e+00
3.367553e+00
3.371353e+00
3.375152e+00
3.378952e+00
3.382753e+00
3.386552e+00
3.390352e+00
3.394152e+00
3.397951e+00
3.401751e+00
3.405552e+00
3.409351e+00
3.413151e+00
3.416951e+00
3.420751e+00
3.424551e+00
3.428351e+00
3.432151e+00
3.435950e+00
3.439750e+00
3.443550e+00
3.447349e+00
3.451150e+00
3.454950e+00
3.458749e+00
3.462549e+00
3.466349e+00
3.470149e+00
3.473949e+00
3.477749e+00
3.481549e+00
3.485348e+00
3.489148e+00
3.492948e+00
3.496748e+00
3.500548e+00
3.504348e+00
3.508148e+00
3.511947e+00
3.515747e+00
3.519547e+00
3.523347e+00
3.527147e+00
3.530947e+00
3.534746e+00
3.538546e+00
3.542346e+00
3.546146e+00
3.549946e+00
3.553746e+00
3.557546e+00
3.561346e+00
3.565145e+00
3.568945e+00
3.572745e+00
3.576545e+00
3.580345e+00
3.584144e+00
3.587944e+00
3.591744e+00
3.595544e+00
3.599344e+00
3.603144e+00
3.606944e+00
3.610744e+00
3.614543e+00
3.618344e+00
3.622144e+00
3.625943e+00
3.629743e+00
3.633543e+00
3.637342e+00
3.641142e+00
3.644942e+00
3.648742e+00
3.652542e+00
3.656342e+00
3.660142e+00
3.663941e+00
3.667742e+00
3.671542e+00
3.675341e+00
3.679141e+00
3.682941e+00
3.686740e+00
3.690541e+00
3.694341e+00
3.698140e+00
3.701940e+00
3.705740e+00
3.709540e+00
3.713339e+00
3.717140e+00
3.720940e+00
3.724739e+00
3.728539e+00
3.732339e+00
3.736139e+00
3.739939e+00
3.743739e+00
3.747539e+00
3.751338e+00
3.755138e+00
3.758938e+00
3.762738e+00
3.766538e+00
3.770338e+00
3.774137e+00
3.777937e+00
3.781737e+00
3.785537e+00
3.789337e+00
3.793137e+00
3.796937e+00
3.800737e+00
3.804536e+00
3.808336e+00
3.812136e+00
3.815936e+00
3.819736e+00
3.823535e+00
3.827335e+00
3.831135e+00
3.834935e+00
3.838735e+00
3.842535e+00
3.846335e+00
3.850135e+00
3.853934e+00
3.857735e+00
3.861534e+00
3.865334e+00
3.869134e+00
3.872934e+00
3.876733e+00
3.880533e+00
3.884334e+00
3.888133e+00
3.891933e+00
3.895733e+00
3.899533e+00
3.903332e+00
3.907133e+00
3.910932e+00
3.914732e+00
3.918532e+00
3.922332e+00
3.926132e+00
3.929932e+00
3.933732e+00
3.937531e+00
3.941331e+00
3.945131e+00
3.948931e+00
3.952730e+00
3.956531e+00
3.960330e+00
3.964130e+00
3.967930e+00
3.971730e+00
3.975530e+00
3.979330e+00
3.983130e+00
3.986930e+00
3.990729e+00
3.994529e+00
3.998329e+00
4.002129e+00
4.005929e+00
4.009729e+00
4.013528e+00
4.017328e+00
4.021128e+00
4.024928e+00
4.028728e+00
4.032528e+00
4.036328e+00
4.040127e+00
4.043927e+00
4.047727e+00
4.051527e+00
4.055327e+00
4.059127e+00
4.062926e+00
4.066726e+00
4.070526e+00
4.074326e+00
4.078126e+00
4.081926e+00
4.085726e+00
4.089525e+00
4.093325e+00
4.097126e+00
4.100925e+00
4.104725e+00
4.108525e+00
4.112325e+00
4.116124e+00
4.119924e+00
4.123725e+00
4.127524e+00
4.131324e+00
4.135124e+00
4.138923e+00
4.142723e+00
4.146524e+00
4.150323e+00
4.154123e+00
4.157923e+00
4.161723e+00
4.165523e+00
4.169323e+00
4.173123e+00
4.176922e+00
4.180722e+00
4.184522e+00
4.188321e+00
4.192122e+00
4.195922e+00
4.199721e+00
4.203521e+00
4.207321e+00
4.211121e+00
4.214921e+00
4.218721e+00
4.222521e+00
4.226321e+00
4.230120e+00
4.233920e+00
4.237720e+00
4.241520e+00
4.245320e+00
4.249120e+00
4.252919e+00
4.256719e+00
4.260519e+00
4.264319e+00
4.268119e+00
4.271919e+00
4.275719e+00
4.279518e+00
4.283318e+00
4.287118e+00
4.290918e+00
4.294718e+00
4.298518e+00
4.302317e+00
4.306117e+00
4.309917e+00
4.313717e+00
4.317517e+00
4.321317e+00
4.325117e+00
4.328916e+00
4.332716e+00
4.336516e+00
4.340316e+00
4.344116e+00
4.347916e+00
4.351716e+00
4.355515e+00
4.359316e+00
4.363116e+00
4.366915e+00
4.370715e+00
4.374515e+00
4.378314e+00
4.382114e+00
4.385914e+00
4.389714e+00
4.393514e+00
4.397314e+00
4.401114e+00
4.404914e+00
4.408714e+00
4.412514e+00
4.416313e+00
4.420113e+00
4.423913e+00
4.427712e+00
4.431513e+00
4.435313e+00
4.439112e+00
4.442912e+00
4.443677e+00
4.444441e+00
4.445205e+00
4.445969e+00
4.446734e+00
4.447498e+00
4.448263e+00
4.449027e+00
4.449792e+00
4.450556e+00
4.451320e+00
4.452084e+00
4.452849e+00
4.453613e+00
4.454378e+00
4.455142e+00
4.455906e+00
4.456671e+00
4.457435e+00
4.458199e+00
4.458963e+00
4.459728e+00
4.460492e+00
4.461257e+00
4.462021e+00
4.462786e+00
4.463550e+00
4.464314e+00
4.465078e+00
4.465843e+00
4.466607e+00
4.467371e+00
4.468136e+00
4.468900e+00
4.469665e+00
4.470429e+00
4.471193e+00
4.471957e+00
4.472722e+00
4.473486e+00
4.474251e+00
4.475015e+00
4.475780e+00
4.476544e+00
4.477308e+00
4.478073e+00
4.478837e+00
4.479601e+00
4.480365e+00
4.481130e+00
4.481894e+00
4.482659e+00
4.483423e+00
4.484187e+00
4.484951e+00
4.485716e+00
4.486480e+00
4.487245e+00
4.488009e+00
4.488773e+00
4.489538e+00
4.490302e+00
4.491067e+00
4.491831e+00
4.492595e+00
4.493359e+00
4.494124e+00
4.494888e+00
4.495653e+00
4.496417e+00
4.497182e+00
4.497945e+00
4.498710e+00
4.499475e+00
4.500239e+00
4.501003e+00
4.501767e+00
4.502532e+00
4.503296e+00
4.504061e+00
4.504825e+00
4.505589e+00
4.506353e+00
4.507118e+00
4.507882e+00
4.508647e+00
4.509411e+00
4.510175e+00
4.510940e+00
4.511704e+00
4.512469e+00
4.513233e+00
4.513997e+00
4.514761e+00
4.515526e+00
4.516290e+00
4.517055e+00
4.517819e+00
4.518583e+00
4.519347e+00
4.520112e+00
4.520876e+00
4.521641e+00
4.522405e+00
4.523169e+00
4.523934e+00
4.524698e+00
4.525463e+00
4.526227e+00
4.526991e+00
4.527755e+00
4.528520e+00
4.529284e+00
4.530049e+00
4.530813e+00
4.531577e+00
4.532341e+00
4.533106e+00
4.533871e+00
4.534635e+00
4.535399e+00
4.536163e+00
4.536928e+00
4.537692e+00
4.538456e+00
4.539221e+00
4.539985e+00
4.540749e+00
4.541514e+00
4.542278e+00
4.543043e+00
4.543807e+00
4.544571e+00
4.545336e+00
4.546100e+00
4.546865e+00
4.547629e+00
4.548393e+00
4.549157e+00
4.549922e+00
4.550686e+00
4.551450e+00
4.552214e+00
4.552979e+00
4.553743e+00
4.554508e+00
4.555272e+00
4.556037e+00
4.556801e+00
4.557565e+00
4.558330e+00
4.559094e+00
4.559858e+00
4.560623e+00
4.561387e+00
4.562151e+00
4.562916e+00
4.563680e+00
4.564445e+00
4.565208e+00
4.565973e+00
4.566737e+00
4.567502e+00
4.568267e+00
4.569031e+00
4.569795e+00
4.570559e+00
4.571324e+00
4.572088e+00
4.572852e+00
4.573616e+00
4.574381e+00
4.575145e+00
4.575910e+00
4.576674e+00
4.577439e+00
4.578202e+00
4.578967e+00
4.579732e+00
4.580496e+00
4.581260e+00
4.582025e+00
4.582789e+00
4.583553e+00
4.584318e+00
4.585082e+00
4.585846e+00
4.586610e+00
4.587375e+00
4.588139e+00
4.588904e+00
4.589669e+00
4.590433e+00
4.591197e+00
4.591961e+00
4.592726e+00
4.593490e+00
4.594254e+00
4.595018e+00
4.595783e+00
4.596547e+00
4.597312e+00
4.598076e+00
4.598840e+00
4.599604e+00
4.600369e+00
4.601134e+00
4.601898e+00
4.602662e+00
4.603427e+00
4.604191e+00
4.604955e+00
4.605720e+00
4.606484e+00
4.607248e+00
4.608012e+00
4.608777e+00
4.609541e+00
4.610306e+00
4.611070e+00
4.611834e+00
4.612599e+00
4.613363e+00
4.614128e+00
4.614892e+00
4.615656e+00
4.616420e+00
4.617185e+00
4.617949e+00
4.618714e+00
4.619478e+00
4.620242e+00
4.621006e+00
4.621771e+00
4.622535e+00
4.623300e+00
4.624064e+00
4.624828e+00
4.625593e+00
4.626357e+00
4.627122e+00
4.627886e+00
4.628650e+00
4.629414e+00
4.630179e+00
4.630943e+00
4.631708e+00
4.632472e+00
4.633236e+00
4.634000e+00
4.634765e+00
4.635530e+00
4.636294e+00
4.637058e+00
4.637822e+00
4.638587e+00
4.639351e+00
4.640116e+00
4.640880e+00
4.641644e+00
4.642408e+00
4.643173e+00
4.643937e+00
4.644702e+00
4.645466e+00
4.646230e+00
4.646995e+00
4.647759e+00
4.648524e+00
4.649288e+00
4.650052e+00
4.650816e+00
4.651581e+00
4.652345e+00
4.653110e+00
4.653874e+00
4.654638e+00
4.655402e+00
4.656167e+00
4.656931e+00
4.657696e+00
4.658460e+00
4.659224e+00
4.659989e+00
4.660753e+00
4.661518e+00
4.662282e+00
4.663046e+00
4.663810e+00
4.664575e+00
4.665339e+00
4.666103e+00
4.666868e+00
4.667632e+00
4.668396e+00
4.669161e+00
4.669926e+00
4.670690e+00
4.671454e+00
4.672218e+00
4.672983e+00
4.673747e+00
4.674512e+00
4.675276e+00
4.676040e+00
4.676804e+00
4.677569e+00
4.678333e+00
4.679097e+00
4.679861e+00
4.680626e+00
4.681391e+00
4.682155e+00
4.682920e+00
4.683684e+00
4.684448e+00
4.685212e+00
4.685977e+00
4.686741e+00
4.687505e+00
4.688270e+00
4.689034e+00
4.689798e+00
4.690563e+00
4.691328e+00
4.692091e+00
4.692856e+00
4.693620e+00
4.694385e+00
4.695149e+00
4.695914e+00
4.696678e+00
4.697442e+00
4.698206e+00
4.698971e+00
4.699735e+00
4.700499e+00
4.701263e+00
4.702028e+00
4.702793e+00
4.703557e+00
4.704322e+00
4.705086e+00
4.705850e+00
4.706614e+00
4.707379e+00
4.708143e+00
4.708907e+00
4.709672e+00
4.710436e+00
4.711200e+00
4.711965e+00
4.712729e+00
4.713493e+00
4.714258e+00
4.715022e+00
4.715787e+00
4.716551e+00
4.717316e+00
4.718080e+00
4.718844e+00
4.719608e+00
4.720373e+00
4.721137e+00
4.721901e+00
4.722665e+00
4.723430e+00
4.724194e+00
4.724959e+00
4.725723e+00
4.726487e+00
4.727252e+00
4.728016e+00
4.728781e+00
4.729545e+00
4.730309e+00
4.731074e+00
4.731838e+00
4.732602e+00
4.733367e+00
4.734131e+00
4.734895e+00
4.735659e+00
4.736424e+00
4.737189e+00
4.737953e+00
4.738717e+00
4.739481e+00
4.740246e+00
4.741010e+00
4.741775e+00
4.742539e+00
4.743303e+00
4.744067e+00
4.744832e+00
4.745596e+00
4.746361e+00
4.747125e+00
4.747889e+00
4.748654e+00
4.749418e+00
4.750183e+00
4.750947e+00
4.751711e+00
4.752475e+00
4.753240e+00
4.754004e+00
4.754769e+00
4.755533e+00
4.756297e+00
4.757061e+00
4.757826e+00
4.758590e+00
4.759355e+00
4.760119e+00
4.760883e+00
4.761648e+00
4.762412e+00
4.763177e+00
4.763941e+00
4.764705e+00
4.765469e+00
4.766234e+00
4.766998e+00
4.767763e+00
4.768527e+00
4.769291e+00
4.770055e+00
4.770820e+00
4.771585e+00
4.772348e+00
4.773113e+00
4.773877e+00
4.774642e+00
4.775406e+00
4.776171e+00
4.776935e+00
4.777699e+00
4.778463e+00
4.779228e+00
4.779992e+00
4.780757e+00
4.781521e+00
4.782285e+00
4.783050e+00
4.783814e+00
4.784579e+00
4.785342e+00
4.786107e+00
4.786871e+00
4.787636e+00
4.788400e+00
4.789165e+00
4.789929e+00
4.790693e+00
4.791457e+00
4.792222e+00
4.792986e+00
4.793750e+00
4.794515e+00
4.795279e+00
4.796044e+00
4.796808e+00
4.797573e+00
4.798337e+00
4.799101e+00
4.799865e+00
4.800630e+00
4.801394e+00
4.802159e+00
4.802923e+00
4.803687e+00
4.804452e+00
4.805216e+00
4.805980e+00
4.806744e+00
4.807509e+00
4.808273e+00
4.809038e+00
4.809802e+00
4.810567e+00
4.811331e+00
4.812095e+00
4.812859e+00
4.813624e+00
4.814388e+00
4.815152e+00
4.815917e+00
4.816681e+00
4.817446e+00
4.818210e+00
4.818974e+00
4.819738e+00
4.820503e+00
4.821267e+00
4.822032e+00
4.822796e+00
4.823561e+00
4.824325e+00
4.825089e+00
4.825853e+00
4.826618e+00
4.824813e+00
4.823009e+00
4.821204e+00
4.819400e+00
4.817596e+00
4.815791e+00
4.813986e+00
4.812182e+00
4.810377e+00
4.808573e+00
4.806768e+00
4.804964e+00
4.803160e+00
4.801355e+00
4.799551e+00
4.797746e+00
4.795942e+00
4.794137e+00
4.792332e+00
4.790529e+00
4.788724e+00
4.786919e+00
4.785115e+00
4.783310e+00
4.781506e+00
4.779701e+00
4.777897e+00
4.776093e+00
4.774288e+00
4.772484e+00
4.770679e+00
4.768875e+00
4.767070e+00
4.765266e+00
4.763461e+00
4.761657e+00
4.759853e+00
4.758048e+00
4.756244e+00
4.754439e+00
4.752634e+00
4.750830e+00
4.749025e+00
4.747221e+00
4.745417e+00
4.743612e+00
4.741808e+00
4.740003e+00
4.738199e+00
4.736394e+00
4.734590e+00
4.732786e+00
4.730981e+00
4.729177e+00
4.727372e+00
4.725567e+00
4.723763e+00
4.721958e+00
4.720154e+00
4.718350e+00
4.716545e+00
4.714741e+00
4.712936e+00
4.711132e+00
4.709327e+00
4.707523e+00
4.705719e+00
4.703914e+00
4.702109e+00
4.700305e+00
4.698500e+00
4.696696e+00
4.694891e+00
4.693087e+00
4.691283e+00
4.689478e+00
4.687674e+00
4.685869e+00
4.684065e+00
4.682260e+00
4.680455e+00
4.678651e+00
4.676847e+00
4.675042e+00
4.673238e+00
4.671433e+00
4.669629e+00
4.667824e+00
4.666020e+00
4.664215e+00
4.662411e+00
4.660607e+00
4.658802e+00
4.656998e+00
4.655193e+00
4.653388e+00
4.651584e+00
4.649779e+00
4.647975e+00
4.646171e+00
4.644366e+00
4.642562e+00
4.640757e+00
4.638953e+00
4.637148e+00
4.635344e+00
4.633540e+00
4.631735e+00
4.629931e+00
4.628126e+00
4.626321e+00
4.624517e+00
4.622712e+00
4.620908e+00
4.619104e+00
4.617299e+00
4.615495e+00
4.613690e+00
4.611886e+00
4.610081e+00
4.608276e+00
4.606473e+00
4.604668e+00
4.602863e+00
4.601059e+00
4.599254e+00
4.597450e+00
4.595645e+00
4.593841e+00
4.592037e+00
4.590232e+00
4.588428e+00
4.586623e+00
4.584819e+00
4.583014e+00
4.581209e+00
4.579405e+00
4.577601e+00
4.575796e+00
4.573992e+00
4.572187e+00
4.570383e+00
4.568578e+00
4.566774e+00
4.564969e+00
4.563165e+00
4.561361e+00
4.559556e+00
4.557752e+00
4.555947e+00
4.554142e+00
4.552338e+00
4.550533e+00
4.548729e+00
4.546925e+00
4.545120e+00
4.543316e+00
4.541511e+00
4.539707e+00
4.537902e+00
4.536097e+00
4.534294e+00
4.532489e+00
4.530684e+00
4.528880e+00
4.527075e+00
4.525271e+00
4.523466e+00
4.521662e+00
4.519858e+00
4.518053e+00
4.516249e+00
4.514444e+00
4.512640e+00
4.510835e+00
4.509030e+00
4.507227e+00
4.505422e+00
4.503617e+00
4.501813e+00
4.500009e+00
4.498204e+00
4.496400e+00
4.494595e+00
4.492791e+00
4.490987e+00
4.489182e+00
4.487377e+00
4.485573e+00
4.483768e+00
4.481964e+00
4.480159e+00
4.478355e+00
4.476551e+00
4.474746e+00
4.472942e+00
4.471137e+00
4.469333e+00
4.467528e+00
4.465723e+00
4.463920e+00
4.462115e+00
4.460310e+00
4.458506e+00
4.456701e+00
4.454897e+00
4.453092e+00
4.451288e+00
4.449484e+00
4.447679e+00
4.445875e+00
4.444070e+00
4.442265e+00
4.440461e+00
4.438656e+00
4.436852e+00
4.435048e+00
4.433243e+00
4.431439e+00
4.429634e+00
4.427830e+00
4.426025e+00
4.424221e+00
4.422417e+00
4.420612e+00
4.418808e+00
4.417003e+00
4.415198e+00
4.413394e+00
4.411589e+00
4.409785e+00
4.407981e+00
4.406176e+00
4.404372e+00
4.402567e+00
4.400763e+00
4.398958e+00
4.397154e+00
4.395349e+00
4.393545e+00
4.391741e+00
4.389936e+00
4.388131e+00
4.386327e+00
4.384522e+00
4.382718e+00
4.380913e+00
4.379109e+00
4.377305e+00
4.375500e+00
4.373696e+00
4.371891e+00
4.370086e+00
4.368282e+00
4.366477e+00
4.364673e+00
4.362869e+00
4.361064e+00
4.359260e+00
4.357455e+00
4.355651e+00
4.353846e+00
4.352042e+00
4.350238e+00
4.348433e+00
4.346629e+00
4.344824e+00
4.343019e+00
4.341215e+00
4.339410e+00
4.337606e+00
4.335802e+00
4.333997e+00
4.332193e+00
4.330388e+00
4.328584e+00
4.326779e+00
4.324975e+00
4.323170e+00
4.321366e+00
4.319562e+00
4.317757e+00
4.315952e+00
4.314148e+00
4.312343e+00
4.310539e+00
4.308735e+00
4.306930e+00
4.305126e+00
4.303321e+00
4.301517e+00
4.299712e+00
4.297908e+00
4.296103e+00
4.294299e+00
4.292495e+00
4.290690e+00
4.288885e+00
4.287081e+00
4.285276e+00
4.283472e+00
4.281667e+00
4.279863e+00
4.278059e+00
4.276254e+00
4.274450e+00
4.272645e+00
4.270840e+00
4.269036e+00
4.267231e+00
4.265427e+00
4.263623e+00
4.261818e+00
4.260014e+00
4.258209e+00
4.256405e+00
4.254600e+00
4.252796e+00
4.250992e+00
4.249187e+00
4.247383e+00
4.245578e+00
4.243773e+00
4.241969e+00
4.240164e+00
4.238360e+00
4.236556e+00
4.234751e+00
4.232947e+00
4.231143e+00
4.229338e+00
4.227533e+00
4.225729e+00
4.223924e+00
4.222120e+00
4.220316e+00
4.218511e+00
4.216707e+00
4.214902e+00
4.213098e+00
4.211293e+00
4.209489e+00
4.207685e+00
4.205880e+00
4.204075e+00
4.202271e+00
4.200466e+00
4.198662e+00
4.196857e+00
4.195053e+00
4.193249e+00
4.191444e+00
4.189640e+00
4.187835e+00
4.186031e+00
4.184226e+00
4.182421e+00
4.180618e+00
4.178813e+00
4.177008e+00
4.175204e+00
4.173399e+00
4.171595e+00
4.169790e+00
4.167986e+00
4.166182e+00
4.164377e+00
4.162573e+00
4.160768e+00
4.158964e+00
4.157159e+00
4.155354e+00
4.153550e+00
4.151746e+00
4.149941e+00
4.148137e+00
4.146332e+00
4.144528e+00
4.142723e+00
4.140919e+00
4.139114e+00
4.137310e+00
4.135506e+00
4.133701e+00
4.131897e+00
4.130092e+00
4.128287e+00
4.126483e+00
4.124678e+00
4.122874e+00
4.121070e+00
4.119265e+00
4.117461e+00
4.115656e+00
4.113852e+00
4.112047e+00
4.110243e+00
4.108439e+00
4.106634e+00
4.104829e+00
4.103025e+00
4.101220e+00
4.099416e+00
4.097611e+00
4.095807e+00
4.094003e+00
4.092198e+00
4.090394e+00
4.088589e+00
4.086785e+00
4.084980e+00
4.083175e+00
4.081372e+00
4.079567e+00
4.077762e+00
4.075958e+00
4.074153e+00
4.072349e+00
4.070544e+00
4.068740e+00
4.066936e+00
4.065131e+00
4.063327e+00
4.061522e+00
4.059718e+00
4.057913e+00
4.056108e+00
4.054304e+00
4.052500e+00
4.050695e+00
4.048891e+00
4.047086e+00
4.045282e+00
4.043477e+00
4.041673e+00
4.039868e+00
4.038064e+00
4.036260e+00
4.034455e+00
4.032650e+00
4.030846e+00
4.029041e+00
4.027237e+00
4.025432e+00
4.023628e+00
4.021824e+00
4.020019e+00
4.018215e+00
4.016410e+00
4.014606e+00
4.012801e+00
4.010997e+00
4.009193e+00
4.007388e+00
4.005583e+00
4.003779e+00
4.001974e+00
4.000170e+00
3.998365e+00
3.996561e+00
3.994757e+00
3.992952e+00
3.991148e+00
3.989343e+00
3.987539e+00
3.985734e+00
3.983929e+00
3.982126e+00
3.980321e+00
3.978516e+00
3.976712e+00
3.974907e+00
3.973103e+00
3.971299e+00
3.969494e+00
3.967690e+00
3.965885e+00
3.964081e+00
3.962276e+00
3.960472e+00
3.958667e+00
3.956863e+00
3.955058e+00
3.953254e+00
3.951450e+00
3.949645e+00
3.947841e+00
3.946036e+00
3.944231e+00
3.942427e+00
3.940622e+00
3.938818e+00
3.937014e+00
3.935209e+00
3.933405e+00
3.931600e+00
3.929796e+00
3.927991e+00
3.926187e+00
3.924383e+00
3.922578e+00
3.920774e+00
3.918969e+00
3.917878e+00
3.916787e+00
3.915696e+00
3.914606e+00
3.913515e+00
3.912423e+00
3.911333e+00
3.910242e+00
3.909151e+00
3.908060e+00
3.906969e+00
3.905879e+00
3.904788e+00
3.903697e+00
3.902606e+00
3.901515e+00
3.900425e+00
3.899334e+00
3.898243e+00
3.897152e+00
3.896060e+00
3.894970e+00
3.893879e+00
3.892788e+00
3.891697e+00
3.890606e+00
3.889516e+00
3.888425e+00
3.887334e+00
3.886243e+00
3.885152e+00
3.884062e+00
3.882971e+00
3.881880e+00
3.880789e+00
3.879698e+00
3.878607e+00
3.877516e+00
3.876425e+00
3.875334e+00
3.874244e+00
3.873153e+00
3.872062e+00
3.870971e+00
3.869880e+00
3.868790e+00
3.867699e+00
3.866608e+00
3.865517e+00
3.864426e+00
3.863335e+00
3.862244e+00
3.861153e+00
3.860062e+00
3.858971e+00
3.857881e+00
3.856790e+00
3.855699e+00
3.854608e+00
3.853518e+00
3.852427e+00
3.851336e+00
3.850245e+00
3.849154e+00
3.848063e+00
3.846972e+00
3.845881e+00
3.844790e+00
3.843700e+00
3.842609e+00
3.841518e+00
3.840427e+00
3.839336e+00
3.838245e+00
3.837155e+00
3.836064e+00
3.834973e+00
3.833882e+00
3.832791e+00
3.831700e+00
3.830609e+00
3.829518e+00
3.828427e+00
3.827337e+00
3.826246e+00
3.825155e+00
3.824064e+00
3.822973e+00
3.821883e+00
3.820792e+00
3.819701e+00
3.818610e+00
3.817519e+00
3.816429e+00
3.815337e+00
3.814246e+00
3.813155e+00
3.812064e+00
3.810974e+00
3.809883e+00
3.808792e+00
3.807701e+00
3.806611e+00
3.805520e+00
3.804429e+00
3.803338e+00
3.802247e+00
3.801156e+00
3.800066e+00
3.798974e+00
3.797883e+00
3.796793e+00
3.795702e+00
3.794611e+00
3.793520e+00
3.792429e+00
3.791338e+00
3.790248e+00
3.789157e+00
3.788066e+00
3.786975e+00
3.785884e+00
3.784793e+00
3.783703e+00
3.782611e+00
3.781520e+00
3.780430e+00
3.779339e+00
3.778248e+00
3.777157e+00
3.776066e+00
3.774976e+00
3.773885e+00
3.772794e+00
3.771703e+00
3.770612e+00
3.769522e+00
3.768430e+00
3.767340e+00
3.766249e+00
3.765157e+00
3.764067e+00
3.762976e+00
3.761885e+00
3.760794e+00
3.759703e+00
3.758613e+00
3.757522e+00
3.756431e+00
3.755340e+00
3.754249e+00
3.753159e+00
3.752067e+00
3.750977e+00
3.749886e+00
3.748795e+00
3.747704e+00
3.746613e+00
3.745522e+00
3.744431e+00
3.743341e+00
3.742250e+00
3.741159e+00
3.740068e+00
3.738977e+00
3.737886e+00
3.736796e+00
3.735705e+00
3.734614e+00
3.733523e+00
3.732432e+00
3.731341e+00
3.730250e+00
3.729159e+00
3.728069e+00
3.726978e+00
3.725887e+00
3.724796e+00
3.723705e+00
3.722615e+00
3.721523e+00
3.720433e+00
3.719342e+00
3.718251e+00
3.717160e+00
3.716069e+00
3.714978e+00
3.713887e+00
3.712796e+00
3.711706e+00
3.710615e+00
3.709524e+00
3.708433e+00
3.707342e+00
3.706252e+00
3.705161e+00
3.704070e+00
3.702979e+00
3.701888e+00
3.700797e+00
3.699706e+00
3.698615e+00
3.697524e+00
3.696434e+00
3.695343e+00
3.694252e+00
3.693161e+00
3.692070e+00
3.690980e+00
3.689889e+00
3.688798e+00
3.687707e+00
3.686616e+00
3.685525e+00
3.684434e+00
3.683343e+00
3.682252e+00
3.681162e+00
3.680071e+00
3.678980e+00
3.677889e+00
3.676798e+00
3.675708e+00
3.674617e+00
3.673526e+00
3.672435e+00
3.671344e+00
3.670253e+00
3.669163e+00
3.668071e+00
3.666980e+00
3.665889e+00
3.664799e+00
3.663708e+00
3.662617e+00
3.661526e+00
3.660435e+00
3.659345e+00
3.658254e+00
3.657163e+00
3.656072e+00
3.654981e+00
3.653890e+00
3.652800e+00
3.651708e+00
3.650617e+00
3.649527e+00
3.648436e+00
3.647345e+00
3.646254e+00
3.645163e+00
3.644073e+00
3.642982e+00
3.641891e+00
3.640800e+00
3.639709e+00
3.638619e+00
3.637527e+00
3.636436e+00
3.635345e+00
3.634254e+00
3.633164e+00
3.632073e+00
3.630982e+00
3.629891e+00
3.628801e+00
3.627710e+00
3.626619e+00
3.625528e+00
3.624437e+00
3.623346e+00
3.622256e+00
3.621164e+00
3.620073e+00
3.618982e+00
3.617892e+00
3.616801e+00
3.615710e+00
3.614619e+00
3.613528e+00
3.612438e+00
3.611347e+00
3.610256e+00
3.609165e+00
3.608074e+00
3.606983e+00
3.605893e+00
3.604801e+00
3.603710e+00
3.602620e+00
3.601529e+00
3.600438e+00
3.599347e+00
3.598256e+00
3.597166e+00
3.596075e+00
3.594984e+00
3.593893e+00
3.592802e+00
3.591712e+00
3.590620e+00
3.589530e+00
3.588438e+00
3.587347e+00
3.586257e+00
3.585166e+00
3.584075e+00
3.582984e+00
3.581894e+00
3.580803e+00
3.579712e+00
3.578621e+00
3.577530e+00
3.576439e+00
3.575349e+00
3.574257e+00
3.573167e+00
3.572075e+00
3.570985e+00
3.569894e+00
3.568803e+00
3.567712e+00
3.566621e+00
3.565531e+00
3.564440e+00
3.563349e+00
3.562258e+00
3.561167e+00
3.560076e+00
3.558986e+00
3.557894e+00
3.556804e+00
3.555713e+00
3.554622e+00
3.553531e+00
3.552440e+00
3.551349e+00
3.550259e+00
3.549168e+00
3.548077e+00
3.546986e+00
3.545895e+00
3.544805e+00
3.543713e+00
3.542623e+00
3.541531e+00
3.540441e+00
3.539350e+00
3.538259e+00
3.537168e+00
3.536077e+00
3.534986e+00
3.533896e+00
3.532805e+00
3.531714e+00
3.530623e+00
3.529533e+00
3.528442e+00
3.527350e+00
3.526260e+00
3.525169e+00
3.524078e+00
3.522987e+00
3.521896e+00
3.520805e+00
3.519714e+00
3.518624e+00
3.517533e+00
3.516442e+00
3.515351e+00
3.514260e+00
3.513170e+00
3.512079e+00
3.510987e+00
3.509897e+00
3.508806e+00
3.507715e+00
3.506624e+00
3.505533e+00
3.504442e+00
3.503352e+00
3.502261e+00
3.501170e+00
3.500079e+00
3.498988e+00
3.497898e+00
3.496807e+00
3.495716e+00
3.494625e+00
3.493534e+00
3.492443e+00
3.491352e+00
3.490261e+00
3.489170e+00
3.488079e+00
3.486989e+00
3.485898e+00
3.484807e+00
3.483716e+00
3.482625e+00
3.481535e+00
3.480444e+00
3.479353e+00
3.478262e+00
3.477171e+00
3.476080e+00
3.474989e+00
3.473898e+00
3.472807e+00
3.471717e+00
3.470626e+00
3.469535e+00
3.468444e+00
3.467353e+00
3.466263e+00
3.465172e+00
3.464081e+00
3.462990e+00
3.461899e+00
3.460808e+00
3.459717e+00
3.458627e+00
3.457535e+00
3.456445e+00
3.455354e+00
3.454263e+00
3.453172e+00
3.452081e+00
3.450991e+00
3.449900e+00
3.448809e+00
3.447718e+00
3.446627e+00
3.445536e+00
3.444445e+00
3.443354e+00
3.442264e+00
3.441172e+00
3.440082e+00
3.438991e+00
3.437900e+00
3.436809e+00
3.435718e+00
3.434628e+00
3.433537e+00
3.432446e+00
3.431355e+00
3.430264e+00
3.429173e+00
3.428083e+00
3.426991e+00
3.425901e+00
3.424810e+00
3.423719e+00
3.422628e+00
3.421537e+00
3.420446e+00
3.419356e+00
3.418265e+00
3.417174e+00
3.416083e+00
3.414992e+00
3.413901e+00
3.412810e+00
3.411720e+00
3.410628e+00
3.409538e+00
3.408447e+00
3.407356e+00
3.406265e+00
3.405174e+00
3.404084e+00
3.402993e+00
3.401902e+00
3.400811e+00
3.399720e+00
3.398630e+00
3.397539e+00
3.396447e+00
3.395357e+00
3.394265e+00
