1.369667e-04
2.058035e-04
2.746402e-04
3.434770e-04
4.123138e-04
4.811505e-04
5.499873e-04
6.188241e-04
6.876609e-04
7.564977e-04
8.253345e-04
8.941712e-04
9.630080e-04
1.031845e-03
1.100681e-03
1.169518e-03
1.238355e-03
1.307192e-03
1.376029e-03
1.444866e-03
1.513702e-03
1.582539e-03
1.651376e-03
1.720212e-03
1.789049e-03
1.857886e-03
1.926723e-03
1.995560e-03
2.064397e-03
2.133233e-03
2.202070e-03
2.320241e-03
2.438413e-03
2.556584e-03
2.674756e-03
2.792927e-03
2.911099e-03
3.029270e-03
3.147442e-03
3.265614e-03
3.383785e-03
3.501956e-03
3.620128e-03
3.738299e-03
3.856471e-03
3.974643e-03
4.092814e-03
4.210986e-03
4.329157e-03
4.447329e-03
4.565500e-03
4.633960e-03
4.702420e-03
4.770880e-03
4.839340e-03
4.907800e-03
4.976260e-03
5.044720e-03
5.113180e-03
5.181640e-03
5.250100e-03
5.318560e-03
5.387020e-03
5.455480e-03
5.523940e-03
5.592400e-03
5.660860e-03
5.729320e-03
5.797780e-03
5.772179e-03
5.934700e-03
6.097221e-03
6.259742e-03
6.422263e-03
6.584784e-03
6.747306e-03
6.909827e-03
7.072348e-03
7.234869e-03
7.397390e-03
7.559911e-03
7.722432e-03
7.884953e-03
8.047474e-03
8.209996e-03
8.372517e-03
8.535038e-03
8.697559e-03
8.860080e-03
9.022601e-03
9.185122e-03
9.347643e-03
9.510164e-03
9.672686e-03
9.835207e-03
9.997728e-03
1.016025e-02
1.032277e-02
1.048529e-02
1.064781e-02
1.081033e-02
1.092231e-02
1.103429e-02
1.114626e-02
1.125824e-02
1.137022e-02
1.148219e-02
1.159417e-02
1.170615e-02
1.181812e-02
1.193010e-02
1.204208e-02
1.215405e-02
1.226603e-02
1.237801e-02
1.248998e-02
1.260196e-02
1.271394e-02
1.282591e-02
1.293789e-02
1.304987e-02
1.316184e-02
1.327382e-02
1.338580e-02
1.349777e-02
1.360975e-02
1.372173e-02
1.383370e-02
1.394568e-02
1.405766e-02
1.416963e-02
1.428161e-02
1.439359e-02
1.450556e-02
1.461754e-02
1.472952e-02
1.484149e-02
1.495347e-02
1.506545e-02
1.517742e-02
1.528940e-02
1.540138e-02
1.551335e-02
1.562533e-02
1.573731e-02
1.584928e-02
1.596126e-02
1.607324e-02
1.618521e-02
1.629719e-02
1.640917e-02
1.655872e-02
1.670828e-02
1.685784e-02
1.700739e-02
1.715695e-02
1.730651e-02
1.745606e-02
1.760562e-02
1.775518e-02
1.790473e-02
1.805429e-02
1.820385e-02
1.835340e-02
1.850296e-02
1.865252e-02
1.880207e-02
1.895163e-02
1.910119e-02
1.925074e-02
1.940030e-02
1.954986e-02
1.969941e-02
1.984897e-02
1.999853e-02
2.014808e-02
2.029764e-02
2.044720e-02
2.059675e-02
2.074631e-02
2.089587e-02
2.104542e-02
2.119498e-02
2.134454e-02
2.149409e-02
2.164365e-02
2.179321e-02
2.194276e-02
2.209232e-02
2.224188e-02
2.239143e-02
2.254099e-02
2.269055e-02
2.284010e-02
2.298966e-02
2.313922e-02
2.328877e-02
2.343833e-02
2.358789e-02
2.373744e-02
2.388700e-02
2.386626e-02
2.384553e-02
2.382479e-02
2.380405e-02
2.378332e-02
2.376258e-02
2.374184e-02
2.372111e-02
2.370037e-02
2.367963e-02
2.365890e-02
2.363816e-02
2.361742e-02
2.359669e-02
2.357595e-02
2.355521e-02
2.353448e-02
2.351374e-02
2.349300e-02
2.347227e-02
2.345153e-02
2.343079e-02
2.341006e-02
2.338932e-02
2.336858e-02
2.334785e-02
2.332711e-02
2.330637e-02
2.328564e-02
2.326490e-02
2.324416e-02
2.322343e-02
2.320269e-02
2.318195e-02
2.316122e-02
2.314048e-02
2.311974e-02
2.309901e-02
2.307827e-02
2.305753e-02
2.303680e-02
2.301606e-02
2.299532e-02
2.297459e-02
2.295385e-02
2.293311e-02
2.291238e-02
2.289164e-02
2.287090e-02
2.285017e-02
2.282943e-02
2.280869e-02
2.278796e-02
2.276722e-02
2.274648e-02
2.272575e-02
2.270501e-02
2.268427e-02
2.266354e-02
2.264280e-02
2.262206e-02
2.260133e-02
2.258059e-02
2.255985e-02
2.253912e-02
2.251838e-02
2.249764e-02
2.247691e-02
2.245617e-02
2.243543e-02
2.241470e-02
2.239396e-02
2.237322e-02
2.235249e-02
2.233175e-02
2.231101e-02
2.229028e-02
2.226954e-02
2.224880e-02
2.222807e-02
2.220733e-02
2.218659e-02
2.216586e-02
2.214512e-02
2.212438e-02
2.210365e-02
2.208291e-02
2.206217e-02
2.204144e-02
2.202070e-02
2.199996e-02
2.197923e-02
2.195849e-02
2.193775e-02
2.191702e-02
2.189628e-02
2.187554e-02
2.185481e-02
2.183407e-02
2.181333e-02
2.192444e-02
2.203555e-02
2.214666e-02
2.225777e-02
2.236887e-02
2.247998e-02
2.259109e-02
2.270220e-02
2.281331e-02
2.292442e-02
2.303553e-02
2.314663e-02
2.325774e-02
2.336885e-02
2.347996e-02
2.359107e-02
2.370218e-02
2.381328e-02
2.392439e-02
2.403550e-02
2.414661e-02
2.425772e-02
2.436883e-02
2.447993e-02
2.459104e-02
2.470215e-02
2.481326e-02
2.492437e-02
2.503547e-02
2.514658e-02
2.525769e-02
2.536880e-02
2.547991e-02
2.559102e-02
2.570213e-02
2.581323e-02
2.592434e-02
2.603545e-02
2.614656e-02
2.625767e-02
2.636878e-02
2.647988e-02
2.659099e-02
2.670210e-02
2.681321e-02
2.692432e-02
2.703542e-02
2.714653e-02
2.725764e-02
2.736875e-02
2.747986e-02
2.759097e-02
2.770207e-02
2.781318e-02
2.792429e-02
2.803540e-02
2.814651e-02
2.825762e-02
2.836873e-02
2.847983e-02
2.859094e-02
2.870205e-02
2.881316e-02
2.892427e-02
2.903537e-02
2.914648e-02
2.925759e-02
2.936870e-02
2.947981e-02
2.959092e-02
2.970202e-02
2.981313e-02
2.992424e-02
3.003535e-02
3.014646e-02
3.025757e-02
3.036867e-02
3.047978e-02
3.059089e-02
3.070200e-02
3.081311e-02
3.092422e-02
3.103533e-02
3.114643e-02
3.125754e-02
3.136865e-02
3.147976e-02
3.159087e-02
3.170198e-02
3.181308e-02
3.192419e-02
3.203530e-02
3.214641e-02
3.225752e-02
3.236863e-02
3.247973e-02
3.259084e-02
3.270195e-02
3.281306e-02
3.292417e-02
3.305144e-02
3.317871e-02
3.330599e-02
3.343326e-02
3.356053e-02
3.368781e-02
3.381508e-02
3.394235e-02
3.406963e-02
3.419690e-02
3.432417e-02
3.445145e-02
3.457872e-02
3.470599e-02
3.483327e-02
3.496054e-02
3.508781e-02
3.521509e-02
3.534236e-02
3.546963e-02
3.559691e-02
3.572418e-02
3.585145e-02
3.597873e-02
3.610600e-02
3.623327e-02
3.636055e-02
3.648782e-02
3.661509e-02
3.674237e-02
3.686964e-02
3.699691e-02
3.712419e-02
3.725146e-02
3.737873e-02
3.750601e-02
3.763328e-02
3.776055e-02
3.788783e-02
3.801510e-02
3.814237e-02
3.826965e-02
3.839692e-02
3.852419e-02
3.865147e-02
3.877874e-02
3.890601e-02
3.903329e-02
3.916056e-02
3.928783e-02
3.941511e-02
3.954238e-02
3.966965e-02
3.979693e-02
3.992420e-02
4.005147e-02
4.017875e-02
4.030602e-02
4.043329e-02
4.056057e-02
4.068784e-02
4.081511e-02
4.094239e-02
4.106966e-02
4.119693e-02
4.132421e-02
4.145148e-02
4.157875e-02
4.170603e-02
4.183330e-02
4.196057e-02
4.208785e-02
4.221512e-02
4.234239e-02
4.246967e-02
4.259694e-02
4.272421e-02
4.285149e-02
4.297876e-02
4.310603e-02
4.323331e-02
4.336058e-02
4.348785e-02
4.361513e-02
4.374240e-02
4.386967e-02
4.399695e-02
4.412422e-02
4.425149e-02
4.437877e-02
4.450604e-02
4.463331e-02
4.476059e-02
4.488786e-02
4.501513e-02
4.514241e-02
4.526968e-02
4.539695e-02
4.552423e-02
4.565150e-02
4.577877e-02
4.590605e-02
4.603332e-02
4.616059e-02
4.628787e-02
4.641514e-02
4.654241e-02
4.666969e-02
4.679696e-02
4.692423e-02
4.705151e-02
4.717878e-02
4.730605e-02
4.743333e-02
4.756060e-02
4.768787e-02
4.781515e-02
4.794242e-02
4.806969e-02
4.819697e-02
4.832424e-02
4.845151e-02
4.857879e-02
4.870606e-02
4.883333e-02
4.896061e-02
4.908788e-02
4.921515e-02
4.934243e-02
4.946970e-02
4.959697e-02
4.972425e-02
4.985152e-02
4.997879e-02
5.010607e-02
5.023334e-02
5.036061e-02
5.048789e-02
5.061516e-02
5.074243e-02
5.086971e-02
5.099698e-02
5.112425e-02
5.125153e-02
5.137880e-02
5.150607e-02
5.163335e-02
5.176062e-02
5.188789e-02
5.201517e-02
5.214244e-02
5.226971e-02
5.239699e-02
5.252426e-02
5.265153e-02
5.277881e-02
5.290608e-02
5.303335e-02
5.316063e-02
5.328790e-02
5.341517e-02
5.354245e-02
5.366972e-02
5.379699e-02
5.392427e-02
5.405154e-02
5.417881e-02
5.430609e-02
5.443336e-02
5.456063e-02
5.468791e-02
5.481518e-02
5.494245e-02
5.506973e-02
5.519700e-02
5.532427e-02
5.545155e-02
5.557882e-02
5.570609e-02
5.583337e-02
5.596064e-02
5.608791e-02
5.621519e-02
5.634246e-02
5.646973e-02
5.659701e-02
5.672428e-02
5.685155e-02
5.697883e-02
5.710610e-02
5.723337e-02
5.736065e-02
5.748792e-02
5.761519e-02
5.774247e-02
5.786974e-02
5.799701e-02
5.812429e-02
5.825156e-02
5.837883e-02
5.860866e-02
5.883848e-02
5.906831e-02
5.929813e-02
5.952796e-02
5.975778e-02
5.998761e-02
6.021743e-02
6.044726e-02
6.067708e-02
6.090691e-02
6.113673e-02
6.136656e-02
6.159638e-02
6.182621e-02
6.205603e-02
6.228586e-02
6.251568e-02
6.274551e-02
6.297533e-02
6.320516e-02
6.343498e-02
6.366481e-02
6.389463e-02
6.412446e-02
6.435428e-02
6.458411e-02
6.481393e-02
6.504376e-02
6.527358e-02
6.550341e-02
6.573323e-02
6.596306e-02
6.619288e-02
6.642271e-02
6.665253e-02
6.688236e-02
6.711218e-02
6.734201e-02
6.757183e-02
6.780166e-02
6.803148e-02
6.826131e-02
6.849113e-02
6.872096e-02
6.895078e-02
6.918061e-02
6.941043e-02
6.964026e-02
6.987008e-02
7.009991e-02
7.032973e-02
7.055956e-02
7.078938e-02
7.101921e-02
7.124903e-02
7.147886e-02
7.170868e-02
7.193851e-02
7.216833e-02
7.239816e-02
7.262798e-02
7.285781e-02
7.308763e-02
7.331746e-02
7.354728e-02
7.377711e-02
7.400693e-02
7.423676e-02
7.446658e-02
7.469641e-02
7.492623e-02
7.515606e-02
7.538588e-02
7.561571e-02
7.584553e-02
7.607536e-02
7.630518e-02
7.653501e-02
7.676483e-02
7.699466e-02
7.722448e-02
7.745431e-02
7.768413e-02
7.791396e-02
7.814378e-02
7.837361e-02
7.860343e-02
7.883326e-02
7.906308e-02
7.929291e-02
7.952273e-02
7.975256e-02
7.998238e-02
8.021221e-02
8.044203e-02
8.067186e-02
8.090168e-02
8.113151e-02
8.136133e-02
8.235808e-02
8.335484e-02
8.435159e-02
8.534834e-02
8.634509e-02
8.734185e-02
8.833860e-02
8.933535e-02
9.033211e-02
9.132886e-02
9.232561e-02
9.332237e-02
9.431912e-02
9.531587e-02
9.631262e-02
9.730938e-02
9.830613e-02
9.930288e-02
1.002996e-01
1.012964e-01
1.022931e-01
1.032899e-01
1.042866e-01
1.052834e-01
1.062802e-01
1.072769e-01
1.082737e-01
1.092704e-01
1.102672e-01
1.112639e-01
1.122607e-01
1.132574e-01
1.142542e-01
1.152509e-01
1.162477e-01
1.172444e-01
1.182412e-01
1.192379e-01
1.202347e-01
1.212314e-01
1.222282e-01
1.232250e-01
1.242217e-01
1.252185e-01
1.262152e-01
1.272120e-01
1.282087e-01
1.292055e-01
1.302022e-01
1.311990e-01
1.321957e-01
1.331925e-01
1.341892e-01
1.351860e-01
1.361827e-01
1.371795e-01
1.381763e-01
1.391730e-01
1.401698e-01
1.411665e-01
1.421633e-01
1.431600e-01
1.441568e-01
1.451535e-01
1.461503e-01
1.471470e-01
1.481438e-01
1.491405e-01
1.501373e-01
1.511340e-01
1.521308e-01
1.531275e-01
1.541243e-01
1.551211e-01
1.561178e-01
1.571146e-01
1.581113e-01
1.591081e-01
1.601048e-01
1.611016e-01
1.620983e-01
1.630951e-01
1.640918e-01
1.650886e-01
1.660853e-01
1.670821e-01
1.680788e-01
1.690756e-01
1.700723e-01
1.710691e-01
1.720659e-01
1.730626e-01
1.740594e-01
1.750561e-01
1.760529e-01
1.770496e-01
1.780464e-01
1.790431e-01
1.800399e-01
1.810366e-01
1.820334e-01
1.830301e-01
1.840269e-01
1.850236e-01
1.860204e-01
1.870171e-01
1.880139e-01
1.890107e-01
1.900074e-01
1.910042e-01
1.920009e-01
1.929977e-01
1.939944e-01
1.949912e-01
1.959879e-01
1.969847e-01
1.979814e-01
1.989782e-01
1.999749e-01
2.009717e-01
2.019684e-01
2.029652e-01
2.039619e-01
2.049587e-01
2.059555e-01
2.069522e-01
2.079490e-01
2.089457e-01
2.099425e-01
2.109392e-01
2.119360e-01
2.129327e-01
2.139295e-01
2.149262e-01
2.159230e-01
2.169197e-01
2.179165e-01
2.189132e-01
2.199100e-01
2.209067e-01
2.219035e-01
2.229003e-01
2.238970e-01
2.248938e-01
2.258905e-01
2.268873e-01
2.278840e-01
2.288808e-01
2.298775e-01
2.308743e-01
2.318710e-01
2.328678e-01
2.338645e-01
2.348613e-01
2.358580e-01
2.368548e-01
2.378516e-01
2.388483e-01
2.398451e-01
2.408418e-01
2.418386e-01
2.428353e-01
2.438321e-01
2.448288e-01
2.458256e-01
2.468223e-01
2.478191e-01
2.488158e-01
2.498126e-01
2.508093e-01
2.518061e-01
2.528028e-01
2.537996e-01
2.547964e-01
2.557931e-01
2.567899e-01
2.577866e-01
2.587834e-01
2.597801e-01
2.607769e-01
2.617736e-01
2.627704e-01
2.637671e-01
2.647639e-01
2.657606e-01
2.667574e-01
2.677541e-01
2.687509e-01
2.697476e-01
2.707444e-01
2.717412e-01
2.727379e-01
2.737347e-01
2.747314e-01
2.757282e-01
2.767249e-01
2.777217e-01
2.787184e-01
2.797152e-01
2.807119e-01
2.817087e-01
2.827054e-01
2.837022e-01
2.846989e-01
2.856957e-01
2.866924e-01
2.876892e-01
2.886860e-01
2.896827e-01
2.906795e-01
2.916762e-01
2.926730e-01
2.936697e-01
2.946665e-01
2.956632e-01
2.966600e-01
2.976567e-01
2.986535e-01
2.996502e-01
3.006470e-01
3.016437e-01
3.026405e-01
3.036372e-01
3.046340e-01
3.056308e-01
3.066275e-01
3.076243e-01
3.086210e-01
3.096178e-01
3.106145e-01
3.116113e-01
3.126080e-01
3.136048e-01
3.146015e-01
3.155983e-01
3.165950e-01
3.175918e-01
3.185885e-01
3.195853e-01
3.205820e-01
3.215788e-01
3.225756e-01
3.235723e-01
3.245691e-01
3.255658e-01
3.265626e-01
3.275593e-01
3.285561e-01
3.295528e-01
3.305496e-01
3.315463e-01
3.325431e-01
3.335398e-01
3.345366e-01
3.355333e-01
3.365301e-01
3.375269e-01
3.385236e-01
3.395204e-01
3.405171e-01
3.415139e-01
3.425106e-01
3.435074e-01
3.445041e-01
3.455009e-01
3.464976e-01
3.474944e-01
3.484911e-01
3.494879e-01
3.504846e-01
3.514814e-01
3.524781e-01
3.534749e-01
3.544717e-01
3.554684e-01
3.564652e-01
3.574619e-01
3.584587e-01
3.594554e-01
3.604522e-01
3.614489e-01
3.624457e-01
3.634424e-01
3.644392e-01
3.654359e-01
3.664327e-01
3.674294e-01
3.684262e-01
3.694229e-01
3.704197e-01
3.714165e-01
3.724132e-01
3.734100e-01
3.744067e-01
3.754035e-01
3.764002e-01
3.773970e-01
3.783937e-01
3.793905e-01
3.803872e-01
3.813840e-01
3.823807e-01
3.833775e-01
3.843742e-01
3.853710e-01
3.863677e-01
3.873645e-01
3.883613e-01
3.893580e-01
3.903548e-01
3.913515e-01
3.923483e-01
3.933450e-01
3.943418e-01
3.953385e-01
3.963353e-01
3.973320e-01
3.983288e-01
3.993255e-01
4.003223e-01
4.013190e-01
4.023158e-01
4.033125e-01
4.043093e-01
4.053061e-01
4.063028e-01
4.072996e-01
4.082963e-01
4.092931e-01
4.102898e-01
4.112866e-01
4.122833e-01
4.132801e-01
4.142768e-01
4.152736e-01
4.162703e-01
4.172671e-01
4.182638e-01
4.192606e-01
4.202573e-01
4.212541e-01
4.222509e-01
4.232476e-01
4.242444e-01
4.252411e-01
4.262379e-01
4.272346e-01
4.282314e-01
4.292281e-01
4.302249e-01
4.312216e-01
4.322184e-01
4.332151e-01
4.342119e-01
4.352086e-01
4.362054e-01
4.372022e-01
4.381989e-01
4.391957e-01
4.401924e-01
4.411892e-01
4.421859e-01
4.431827e-01
4.441794e-01
4.451762e-01
4.461729e-01
4.471697e-01
4.481664e-01
4.491632e-01
4.501599e-01
4.511567e-01
4.521534e-01
4.531502e-01
4.541470e-01
4.551437e-01
4.561405e-01
4.571372e-01
4.581340e-01
4.591307e-01
4.601275e-01
4.611242e-01
4.621210e-01
4.631177e-01
4.641145e-01
4.651112e-01
4.661080e-01
4.671047e-01
4.681015e-01
4.690982e-01
4.700950e-01
4.710918e-01
4.720885e-01
4.730853e-01
4.740820e-01
4.750788e-01
4.760755e-01
4.770723e-01
4.780690e-01
4.790658e-01
4.800625e-01
4.810593e-01
4.820560e-01
4.830528e-01
4.840495e-01
4.850463e-01
4.860430e-01
4.870398e-01
4.890809e-01
4.911221e-01
4.931633e-01
4.952045e-01
4.972456e-01
4.992868e-01
5.013280e-01
5.033691e-01
5.054103e-01
5.074515e-01
5.094927e-01
5.115338e-01
5.135750e-01
5.156162e-01
5.176573e-01
5.196985e-01
5.217397e-01
5.237809e-01
5.258220e-01
5.278632e-01
5.299044e-01
5.319455e-01
5.339867e-01
5.360279e-01
5.380691e-01
5.401102e-01
5.421514e-01
5.441926e-01
5.462337e-01
5.482749e-01
5.503161e-01
5.523573e-01
5.543984e-01
5.564396e-01
5.584808e-01
5.605219e-01
5.625631e-01
5.646043e-01
5.666455e-01
5.686866e-01
5.707278e-01
5.727690e-01
5.748101e-01
5.768513e-01
5.788925e-01
5.809336e-01
5.829748e-01
5.850160e-01
5.870572e-01
5.890983e-01
5.911395e-01
5.931807e-01
5.952218e-01
5.972630e-01
5.993042e-01
6.013454e-01
6.033865e-01
6.054277e-01
6.074689e-01
6.095100e-01
6.115512e-01
6.135924e-01
6.156336e-01
6.176747e-01
6.197159e-01
6.217571e-01
6.237982e-01
6.258394e-01
6.278806e-01
6.299218e-01
6.319629e-01
6.340041e-01
6.360453e-01
6.380864e-01
6.401276e-01
6.421688e-01
6.442100e-01
6.462511e-01
6.482923e-01
6.503335e-01
6.523746e-01
6.544158e-01
6.564570e-01
6.584982e-01
6.605393e-01
6.625805e-01
6.646217e-01
6.666628e-01
6.687040e-01
6.707452e-01
6.727863e-01
6.748275e-01
6.768687e-01
6.789099e-01
6.809510e-01
6.829922e-01
6.850334e-01
6.870745e-01
6.891157e-01
6.911569e-01
6.932978e-01
6.954388e-01
6.975796e-01
6.997206e-01
7.018615e-01
7.040024e-01
7.061433e-01
7.082843e-01
7.104252e-01
7.125661e-01
7.147070e-01
7.168479e-01
7.189888e-01
7.211298e-01
7.232707e-01
7.254116e-01
7.275526e-01
7.296935e-01
7.318344e-01
7.339753e-01
7.361162e-01
7.382571e-01
7.403981e-01
7.425390e-01
7.446799e-01
7.468209e-01
7.489617e-01
7.511027e-01
7.532436e-01
7.553845e-01
7.575254e-01
7.596664e-01
7.618073e-01
7.639482e-01
7.660891e-01
7.682300e-01
7.703709e-01
7.725119e-01
7.746528e-01
7.767937e-01
7.789347e-01
7.810756e-01
7.832165e-01
7.853574e-01
7.874983e-01
7.896392e-01
7.917802e-01
7.939211e-01
7.960620e-01
7.982030e-01
8.003438e-01
8.024848e-01
8.046257e-01
8.067666e-01
8.089075e-01
8.110485e-01
8.131894e-01
8.153303e-01
8.174712e-01
8.196121e-01
8.217530e-01
8.238940e-01
8.260349e-01
8.281758e-01
8.303168e-01
8.324577e-01
8.345986e-01
8.367395e-01
8.388804e-01
8.410213e-01
8.431623e-01
8.453032e-01
8.474441e-01
8.495851e-01
8.517259e-01
8.538669e-01
8.560078e-01
8.581487e-01
8.602896e-01
8.624306e-01
8.645715e-01
8.667124e-01
8.688533e-01
8.709942e-01
8.731352e-01
8.752761e-01
8.774170e-01
8.795579e-01
8.816989e-01
8.838398e-01
8.859807e-01
8.881216e-01
8.902626e-01
8.924034e-01
8.945444e-01
8.966853e-01
8.988262e-01
9.009672e-01
9.031081e-01
9.052490e-01
9.073899e-01
9.095308e-01
9.116717e-01
9.138127e-01
9.159536e-01
9.180945e-01
9.202355e-01
9.223763e-01
9.245173e-01
9.266582e-01
9.287991e-01
9.309400e-01
9.330810e-01
9.352219e-01
9.373628e-01
9.395037e-01
9.416447e-01
9.437855e-01
9.459265e-01
9.480674e-01
9.502083e-01
9.523493e-01
9.544902e-01
9.566311e-01
9.587720e-01
9.609129e-01
9.630538e-01
9.651948e-01
9.673357e-01
9.694766e-01
9.716176e-01
9.737584e-01
9.758994e-01
9.780403e-01
9.801812e-01
9.823221e-01
9.844631e-01
9.866040e-01
9.887449e-01
9.908860e-01
9.930268e-01
9.951674e-01
9.973088e-01
9.994495e-01
1.001590e+00
1.003732e+00
1.005872e+00
1.008013e+00
1.010154e+00
1.012295e+00
1.014436e+00
1.016577e+00
1.018718e+00
1.020858e+00
1.023000e+00
1.025141e+00
1.027281e+00
1.029423e+00
1.031563e+00
1.033704e+00
1.035845e+00
1.037986e+00
1.040127e+00
1.042268e+00
1.044409e+00
1.046549e+00
1.048691e+00
1.050832e+00
1.052972e+00
1.055114e+00
1.057254e+00
1.059395e+00
1.061536e+00
1.063677e+00
1.065818e+00
1.067959e+00
1.070100e+00
1.072241e+00
1.074382e+00
1.076523e+00
1.078663e+00
1.080805e+00
1.082945e+00
1.085086e+00
1.087227e+00
1.089368e+00
1.091509e+00
1.093650e+00
1.095791e+00
1.097932e+00
1.100073e+00
1.102214e+00
1.104354e+00
1.106496e+00
1.108637e+00
1.110777e+00
1.112919e+00
1.115059e+00
1.117200e+00
1.119341e+00
1.121482e+00
1.123859e+00
1.126235e+00
1.128612e+00
1.130989e+00
1.133365e+00
1.135742e+00
1.138119e+00
1.140495e+00
1.142873e+00
1.145250e+00
1.147626e+00
1.150003e+00
1.152380e+00
1.154756e+00
1.157133e+00
1.159509e+00
1.161886e+00
1.164263e+00
1.166640e+00
1.169017e+00
1.171393e+00
1.173770e+00
1.176147e+00
1.178523e+00
1.180900e+00
1.183277e+00
1.185654e+00
1.188030e+00
1.190407e+00
1.192784e+00
1.195160e+00
1.197537e+00
1.199914e+00
1.202290e+00
1.204667e+00
1.207045e+00
1.209421e+00
1.211798e+00
1.214175e+00
1.216551e+00
1.218928e+00
1.221305e+00
1.223681e+00
1.226058e+00
1.228435e+00
1.230811e+00
1.233188e+00
1.235565e+00
1.237942e+00
1.240318e+00
1.242695e+00
1.245072e+00
1.247449e+00
1.249825e+00
1.252202e+00
1.254579e+00
1.256955e+00
1.259332e+00
1.261709e+00
1.264085e+00
1.266462e+00
1.268839e+00
1.271216e+00
1.273593e+00
1.275969e+00
1.278346e+00
1.280723e+00
1.283100e+00
1.285476e+00
1.287853e+00
1.290230e+00
1.292606e+00
1.294983e+00
1.297360e+00
1.299736e+00
1.302113e+00
1.304490e+00
1.306866e+00
1.309244e+00
1.311620e+00
1.313997e+00
1.316374e+00
1.318750e+00
1.321127e+00
1.323504e+00
1.325880e+00
1.328257e+00
1.330634e+00
1.333011e+00
1.335388e+00
1.337764e+00
1.340141e+00
1.342518e+00
1.344894e+00
1.347271e+00
1.349648e+00
1.352025e+00
1.354401e+00
1.356778e+00
1.359155e+00
1.361531e+00
1.363908e+00
1.366285e+00
1.368661e+00
1.371038e+00
1.373415e+00
1.375792e+00
1.378169e+00
1.380545e+00
1.382922e+00
1.385299e+00
1.387675e+00
1.390052e+00
1.392429e+00
1.394805e+00
1.397182e+00
1.399559e+00
1.401936e+00
1.404312e+00
1.406689e+00
1.409066e+00
1.411443e+00
1.413820e+00
1.416196e+00
1.418573e+00
1.420950e+00
1.423326e+00
1.425703e+00
1.428080e+00
1.430456e+00
1.432833e+00
1.435210e+00
1.437587e+00
1.439964e+00
1.442340e+00
1.444717e+00
1.447094e+00
1.449470e+00
1.451847e+00
1.454224e+00
1.456600e+00
1.458977e+00
1.461354e+00
1.463731e+00
1.466107e+00
1.468484e+00
1.470861e+00
1.473237e+00
1.475615e+00
1.477991e+00
1.480368e+00
1.482745e+00
1.485121e+00
1.487498e+00
1.489875e+00
1.492251e+00
1.494628e+00
1.497005e+00
1.499381e+00
1.501758e+00
1.504135e+00
1.506512e+00
1.508889e+00
1.511265e+00
1.513642e+00
1.516019e+00
1.518395e+00
1.520772e+00
1.523149e+00
1.525525e+00
1.527902e+00
1.530279e+00
1.532655e+00
1.535032e+00
1.537409e+00
1.539786e+00
1.542163e+00
1.544540e+00
1.546916e+00
1.549293e+00
1.551670e+00
1.554046e+00
1.556423e+00
1.558800e+00
1.561176e+00
1.563553e+00
1.565930e+00
1.568307e+00
1.570683e+00
1.573060e+00
1.575437e+00
1.577814e+00
1.580191e+00
1.582567e+00
1.584944e+00
1.587321e+00
1.589697e+00
1.592074e+00
1.594450e+00
1.596827e+00
1.599204e+00
1.601580e+00
1.603958e+00
1.606335e+00
1.608711e+00
1.611088e+00
1.613465e+00
1.615841e+00
1.618218e+00
1.620595e+00
1.622971e+00
1.625348e+00
1.627725e+00
1.630101e+00
1.632478e+00
1.634855e+00
1.637231e+00
1.639608e+00
1.641986e+00
1.644362e+00
1.646739e+00
1.649116e+00
1.651492e+00
1.653869e+00
1.656246e+00
1.658622e+00
1.660999e+00
1.663375e+00
1.665752e+00
1.668129e+00
1.670506e+00
1.672883e+00
1.675259e+00
1.677636e+00
1.680013e+00
1.682390e+00
1.684766e+00
1.687143e+00
1.689520e+00
1.691896e+00
1.694273e+00
1.696650e+00
1.699026e+00
1.701403e+00
1.703780e+00
1.706157e+00
1.708534e+00
1.710911e+00
1.713287e+00
1.715664e+00
1.718041e+00
1.720417e+00
1.722794e+00
1.725171e+00
1.727547e+00
1.729924e+00
1.732301e+00
1.734678e+00
1.737054e+00
1.739431e+00
1.741808e+00
1.744185e+00
1.746561e+00
1.748938e+00
1.751315e+00
1.753691e+00
1.756068e+00
1.758445e+00
1.760821e+00
1.763198e+00
1.765575e+00
1.767951e+00
1.770329e+00
1.772706e+00
1.775082e+00
1.777459e+00
1.779836e+00
1.782212e+00
1.784589e+00
1.786966e+00
1.789342e+00
1.791719e+00
1.794096e+00
1.796472e+00
1.798849e+00
1.801226e+00
1.803602e+00
1.805979e+00
1.808356e+00
1.810733e+00
1.813110e+00
1.815486e+00
1.817863e+00
1.820240e+00
1.822616e+00
1.824993e+00
1.827370e+00
1.829746e+00
1.832123e+00
1.834500e+00
1.836877e+00
1.839254e+00
1.842782e+00
1.846311e+00
1.849840e+00
1.853368e+00
1.856898e+00
1.860426e+00
1.863955e+00
1.867484e+00
1.871013e+00
1.874542e+00
1.878070e+00
1.881599e+00
1.885128e+00
1.888657e+00
1.892185e+00
1.895714e+00
1.899243e+00
1.902772e+00
1.906300e+00
1.909829e+00
1.913358e+00
1.916887e+00
1.920415e+00
1.923944e+00
1.927473e+00
1.931002e+00
1.934531e+00
1.938059e+00
1.941589e+00
1.945117e+00
1.948646e+00
1.952175e+00
1.955703e+00
1.959232e+00
1.962761e+00
1.966290e+00
1.969818e+00
1.973348e+00
1.976876e+00
1.980405e+00
1.983934e+00
1.987462e+00
1.990992e+00
1.994520e+00
1.998048e+00
2.001578e+00
2.005106e+00
2.008635e+00
2.012164e+00
2.015692e+00
2.019222e+00
2.022750e+00
2.026279e+00
2.029808e+00
2.033337e+00
2.036865e+00
2.040394e+00
2.043923e+00
2.047451e+00
2.050981e+00
2.054509e+00
2.058038e+00
2.061567e+00
2.065095e+00
2.068625e+00
2.072153e+00
2.075682e+00
2.079211e+00
2.082740e+00
2.086268e+00
2.089797e+00
2.093326e+00
2.096855e+00
2.100383e+00
2.103912e+00
2.107441e+00
2.110970e+00
2.114498e+00
2.118027e+00
2.121556e+00
2.125085e+00
2.128614e+00
2.132142e+00
2.135672e+00
2.139200e+00
2.142729e+00
2.146258e+00
2.149786e+00
2.153315e+00
2.156844e+00
2.160373e+00
2.163901e+00
2.167430e+00
2.170959e+00
2.174488e+00
2.178017e+00
2.181545e+00
2.185075e+00
2.188603e+00
2.192132e+00
2.195661e+00
2.199189e+00
2.202718e+00
2.206247e+00
2.209775e+00
2.213304e+00
2.216833e+00
2.220362e+00
2.223891e+00
2.227420e+00
2.230948e+00
2.234477e+00
2.238006e+00
2.241534e+00
2.245064e+00
2.248592e+00
2.252121e+00
2.255650e+00
2.259178e+00
2.262708e+00
2.266236e+00
2.269765e+00
2.273294e+00
2.276823e+00
2.280351e+00
2.283880e+00
2.287409e+00
2.290937e+00
2.294467e+00
2.297995e+00
2.301524e+00
2.305053e+00
2.308581e+00
2.312110e+00
2.315639e+00
2.319168e+00
2.322697e+00
2.326225e+00
2.329754e+00
2.333283e+00
2.336812e+00
2.340341e+00
2.343869e+00
2.347398e+00
2.350927e+00
2.354456e+00
2.357984e+00
2.361513e+00
2.365042e+00
2.368571e+00
2.372100e+00
2.375628e+00
2.379158e+00
2.382686e+00
2.386215e+00
2.389744e+00
2.393272e+00
2.396801e+00
2.400330e+00
2.403858e+00
2.407387e+00
2.410916e+00
2.414445e+00
2.417974e+00
2.421502e+00
2.425031e+00
2.428560e+00
2.432089e+00
2.435617e+00
2.439147e+00
2.442675e+00
2.446204e+00
2.449733e+00
2.453261e+00
2.456791e+00
2.460319e+00
2.463848e+00
2.467377e+00
2.470906e+00
2.474434e+00
2.477963e+00
2.481492e+00
2.485020e+00
2.488550e+00
2.492078e+00
2.495607e+00
2.499136e+00
2.502664e+00
2.506193e+00
2.509722e+00
2.513250e+00
2.516780e+00
2.520308e+00
2.523837e+00
2.527366e+00
2.530895e+00
2.534424e+00
2.537952e+00
2.541481e+00
2.545010e+00
2.548539e+00
2.551793e+00
2.555048e+00
2.558301e+00
2.561555e+00
2.564810e+00
2.568064e+00
2.571318e+00
2.574573e+00
2.577827e+00
2.581081e+00
2.584336e+00
2.587590e+00
2.590844e+00
2.594099e+00
2.597352e+00
2.600607e+00
2.603861e+00
2.607115e+00
2.610370e+00
2.613623e+00
2.616878e+00
2.620132e+00
2.623386e+00
2.626641e+00
2.629895e+00
2.633149e+00
2.636404e+00
2.639658e+00
2.642912e+00
2.646167e+00
2.649421e+00
2.652675e+00
2.655929e+00
2.659183e+00
2.662438e+00
2.665692e+00
2.668946e+00
2.672200e+00
2.675455e+00
2.678709e+00
2.681963e+00
2.685218e+00
2.688472e+00
2.691726e+00
2.694981e+00
2.698234e+00
2.701489e+00
2.704743e+00
2.707998e+00
2.711251e+00
2.714505e+00
2.717760e+00
2.721014e+00
2.724268e+00
2.727523e+00
2.730777e+00
2.734031e+00
2.737286e+00
2.740540e+00
2.743794e+00
2.747049e+00
2.750303e+00
2.753557e+00
2.756811e+00
2.760065e+00
2.763320e+00
2.766574e+00
2.769828e+00
2.773082e+00
2.776337e+00
2.779591e+00
2.782845e+00
2.786100e+00
2.789354e+00
2.792608e+00
2.795862e+00
2.799117e+00
2.802371e+00
2.805625e+00
2.808879e+00
2.812133e+00
2.815388e+00
2.818642e+00
2.821896e+00
2.825150e+00
2.828405e+00
2.831659e+00
2.834913e+00
2.838168e+00
2.841422e+00
2.844676e+00
2.847931e+00
2.851184e+00
2.854439e+00
2.857693e+00
2.860947e+00
2.864202e+00
2.867456e+00
2.870710e+00
2.873964e+00
2.877219e+00
2.880473e+00
2.883727e+00
2.886982e+00
2.890236e+00
2.893490e+00
2.896744e+00
2.899999e+00
2.903253e+00
2.906507e+00
2.909761e+00
2.913015e+00
2.916270e+00
2.919524e+00
2.922778e+00
2.926033e+00
2.929287e+00
2.932541e+00
2.935795e+00
2.939050e+00
2.942304e+00
2.945558e+00
2.948812e+00
2.952066e+00
2.955321e+00
2.958575e+00
2.961829e+00
2.965083e+00
2.968338e+00
2.971592e+00
2.974846e+00
2.978101e+00
2.981355e+00
2.984609e+00
2.987864e+00
2.991118e+00
2.994372e+00
2.997626e+00
3.000881e+00
3.004135e+00
3.007389e+00
3.010643e+00
3.013897e+00
3.017152e+00
3.020406e+00
3.023660e+00
3.026915e+00
3.030169e+00
3.033423e+00
3.036678e+00
3.039932e+00
3.043186e+00
3.046440e+00
3.049694e+00
3.052949e+00
3.056203e+00
3.059457e+00
3.062711e+00
3.065965e+00
3.069220e+00
3.072474e+00
3.075728e+00
3.078983e+00
3.082237e+00
3.085491e+00
3.088745e+00
3.092000e+00
3.095254e+00
3.098509e+00
3.101763e+00
3.105016e+00
3.108271e+00
3.111525e+00
3.114779e+00
3.118034e+00
3.121288e+00
3.124542e+00
3.127797e+00
3.131051e+00
3.134305e+00
3.137560e+00
3.140814e+00
3.144068e+00
3.147322e+00
3.150576e+00
3.153831e+00
3.157085e+00
3.160339e+00
3.163593e+00
3.166847e+00
3.170102e+00
3.173356e+00
3.176610e+00
3.179865e+00
3.183119e+00
3.186373e+00
3.189628e+00
3.192882e+00
3.196136e+00
3.199391e+00
3.202644e+00
3.206376e+00
3.210106e+00
3.213837e+00
3.217569e+00
3.221299e+00
3.225030e+00
3.228761e+00
3.232492e+00
3.236223e+00
3.239954e+00
3.243685e+00
3.247416e+00
3.251146e+00
3.254878e+00
3.258609e+00
3.262339e+00
3.266071e+00
3.269801e+00
3.273532e+00
3.277263e+00
3.280994e+00
3.284725e+00
3.288456e+00
3.292187e+00
3.295918e+00
3.299649e+00
3.303380e+00
3.307111e+00
3.310841e+00
3.314573e+00
3.318304e+00
3.322034e+00
3.325765e+00
3.329496e+00
3.333227e+00
3.336958e+00
3.340690e+00
3.344420e+00
3.348151e+00
3.351882e+00
3.355613e+00
3.359344e+00
3.363075e+00
3.366806e+00
3.370537e+00
3.374267e+00
3.377998e+00
3.381730e+00
3.385460e+00
3.389192e+00
3.392922e+00
3.396653e+00
3.400384e+00
3.404115e+00
3.407846e+00
3.411577e+00
3.415308e+00
3.419039e+00
3.422770e+00
3.426501e+00
3.430232e+00
3.433962e+00
3.437694e+00
3.441425e+00
3.445155e+00
3.448886e+00
3.452618e+00
3.456348e+00
3.460079e+00
3.463810e+00
3.467541e+00
3.471272e+00
3.475003e+00
3.478734e+00
3.482465e+00
3.486196e+00
3.489927e+00
3.493658e+00
3.497389e+00
3.501120e+00
3.504850e+00
3.508581e+00
3.512312e+00
3.516043e+00
3.519774e+00
3.523505e+00
3.527236e+00
3.530967e+00
3.534698e+00
3.538429e+00
3.542160e+00
3.545891e+00
3.549622e+00
3.553353e+00
3.557083e+00
3.560814e+00
3.564546e+00
3.568276e+00
3.572007e+00
3.575739e+00
3.579469e+00
3.583200e+00
3.586931e+00
3.590662e+00
3.594393e+00
3.598124e+00
3.601855e+00
3.605586e+00
3.609316e+00
3.613048e+00
3.616779e+00
3.620509e+00
3.624241e+00
3.627971e+00
3.631702e+00
3.635433e+00
3.639164e+00
3.642895e+00
3.646626e+00
3.650357e+00
3.654088e+00
3.657819e+00
3.661550e+00
3.665281e+00
3.669011e+00
3.672743e+00
3.676474e+00
3.680204e+00
3.683936e+00
3.687667e+00
3.691397e+00
3.695128e+00
3.698859e+00
3.702590e+00
3.706321e+00
3.710052e+00
3.713783e+00
3.717514e+00
3.721245e+00
3.724976e+00
3.728707e+00
3.732438e+00
3.736169e+00
3.739900e+00
3.743630e+00
3.747361e+00
3.751092e+00
3.754823e+00
3.758555e+00
3.762285e+00
3.766016e+00
3.769747e+00
3.773478e+00
3.777209e+00
3.780940e+00
3.784671e+00
3.788402e+00
3.792132e+00
3.795863e+00
3.799595e+00
3.803325e+00
3.807057e+00
3.810788e+00
3.814518e+00
3.818249e+00
3.821980e+00
3.825711e+00
3.829442e+00
3.833173e+00
3.836904e+00
3.840635e+00
3.844365e+00
3.848097e+00
3.851828e+00
3.855559e+00
3.859290e+00
3.863021e+00
3.866751e+00
3.870482e+00
3.874213e+00
3.877944e+00
3.881675e+00
3.885406e+00
3.889137e+00
3.892868e+00
3.896599e+00
3.900330e+00
3.904061e+00
3.907792e+00
3.911523e+00
3.915253e+00
3.918985e+00
3.922716e+00
3.926446e+00
3.930177e+00
3.933909e+00
3.937639e+00
3.941370e+00
3.945102e+00
3.948832e+00
3.952563e+00
3.956294e+00
3.960025e+00
3.963756e+00
3.967487e+00
3.971218e+00
3.974949e+00
3.978679e+00
3.982411e+00
3.986142e+00
3.989872e+00
3.993604e+00
3.997334e+00
4.001065e+00
4.004796e+00
4.008527e+00
4.012258e+00
4.015989e+00
4.019720e+00
4.023451e+00
4.027182e+00
4.030913e+00
4.034644e+00
4.038374e+00
4.042106e+00
4.045837e+00
4.049567e+00
4.053298e+00
4.057029e+00
4.060760e+00
4.064491e+00
4.068222e+00
4.071953e+00
4.075684e+00
4.079415e+00
4.083146e+00
4.086877e+00
4.090608e+00
4.094339e+00
4.098070e+00
4.101800e+00
4.105531e+00
4.109262e+00
4.112993e+00
4.116724e+00
4.120455e+00
4.124186e+00
4.127917e+00
4.131648e+00
4.135379e+00
4.139110e+00
4.142841e+00
4.146572e+00
4.150302e+00
4.154034e+00
4.157765e+00
4.161495e+00
4.165226e+00
4.168958e+00
4.172688e+00
4.176419e+00
4.180151e+00
4.183881e+00
4.187612e+00
4.191343e+00
4.195074e+00
4.198805e+00
4.202536e+00
4.206267e+00
4.209998e+00
4.213728e+00
4.217460e+00
4.221191e+00
4.224922e+00
4.228653e+00
4.232383e+00
4.236114e+00
4.239845e+00
4.243576e+00
4.247307e+00
4.251038e+00
4.254769e+00
4.258500e+00
4.262231e+00
4.265962e+00
4.269693e+00
4.273424e+00
4.277155e+00
4.280886e+00
4.284616e+00
4.288347e+00
4.292078e+00
4.295809e+00
4.299540e+00
4.303272e+00
4.307002e+00
4.310733e+00
4.314464e+00
4.318195e+00
4.321926e+00
4.325657e+00
4.329388e+00
4.330963e+00
4.332538e+00
4.334114e+00
4.335689e+00
4.337265e+00
4.338840e+00
4.340415e+00
4.341990e+00
4.343565e+00
4.345140e+00
4.346716e+00
4.348291e+00
4.349866e+00
4.351442e+00
4.353017e+00
4.354593e+00
4.356168e+00
4.357743e+00
4.359318e+00
4.360894e+00
4.362469e+00
4.364044e+00
4.365619e+00
4.367195e+00
4.368770e+00
4.370345e+00
4.371920e+00
4.373496e+00
4.375071e+00
4.376646e+00
4.378222e+00
4.379797e+00
4.381373e+00
4.382948e+00
4.384523e+00
4.386098e+00
4.387674e+00
4.389249e+00
4.390824e+00
4.392399e+00
4.393974e+00
4.395550e+00
4.397125e+00
4.398700e+00
4.400276e+00
4.401851e+00
4.403426e+00
4.405002e+00
4.406577e+00
4.408152e+00
4.409727e+00
4.411303e+00
4.412878e+00
4.414453e+00
4.416029e+00
4.417604e+00
4.419179e+00
4.420754e+00
4.422329e+00
4.423905e+00
4.425481e+00
4.427056e+00
4.428631e+00
4.430206e+00
4.431782e+00
4.433357e+00
4.434932e+00
4.436507e+00
4.438082e+00
4.439658e+00
4.441233e+00
4.442809e+00
4.444384e+00
4.445959e+00
4.447534e+00
4.449110e+00
4.450685e+00
4.452260e+00
4.453835e+00
4.455411e+00
4.456986e+00
4.458562e+00
4.460137e+00
4.461712e+00
4.463287e+00
4.464862e+00
4.466437e+00
4.468013e+00
4.469589e+00
4.471164e+00
4.472739e+00
4.474314e+00
4.475890e+00
4.477465e+00
4.479040e+00
4.480615e+00
4.482190e+00
4.483766e+00
4.485342e+00
4.486917e+00
4.488492e+00
4.490067e+00
4.491642e+00
4.493218e+00
4.494793e+00
4.496368e+00
4.497944e+00
4.499519e+00
4.501094e+00
4.502670e+00
4.504245e+00
4.505820e+00
4.507395e+00
4.508970e+00
4.510545e+00
4.512121e+00
4.513697e+00
4.515272e+00
4.516847e+00
4.518422e+00
4.519998e+00
4.521573e+00
4.523148e+00
4.524723e+00
4.526299e+00
4.527874e+00
4.529450e+00
4.531025e+00
4.532600e+00
4.534175e+00
4.535750e+00
4.537325e+00
4.538901e+00
4.540476e+00
4.542052e+00
4.543627e+00
4.545202e+00
4.546778e+00
4.548353e+00
4.549928e+00
4.551503e+00
4.553079e+00
4.554654e+00
4.556229e+00
4.557805e+00
4.559380e+00
4.560955e+00
4.562530e+00
4.564106e+00
4.565681e+00
4.567256e+00
4.568831e+00
4.570407e+00
4.571982e+00
4.573558e+00
4.575133e+00
4.576708e+00
4.578283e+00
4.579858e+00
4.581434e+00
4.583009e+00
4.584584e+00
4.586160e+00
4.587735e+00
4.589310e+00
4.590886e+00
4.592461e+00
4.594036e+00
4.595611e+00
4.597187e+00
4.598762e+00
4.600338e+00
4.601913e+00
4.603488e+00
4.605063e+00
4.606638e+00
4.608214e+00
4.609789e+00
4.611364e+00
4.612939e+00
4.614515e+00
4.616090e+00
4.617666e+00
4.619241e+00
4.620816e+00
4.622391e+00
4.623967e+00
4.625542e+00
4.627117e+00
4.628692e+00
4.630268e+00
4.631843e+00
4.633418e+00
4.634994e+00
4.636569e+00
4.638144e+00
4.639719e+00
4.641295e+00
4.642870e+00
4.644446e+00
4.646021e+00
4.647596e+00
4.649171e+00
4.650747e+00
4.652322e+00
4.653897e+00
4.655472e+00
4.657047e+00
4.658623e+00
4.660198e+00
4.661774e+00
4.663349e+00
4.664924e+00
4.666499e+00
4.668075e+00
4.669650e+00
4.671225e+00
4.672800e+00
4.674376e+00
4.675951e+00
4.677527e+00
4.679102e+00
4.680677e+00
4.682252e+00
4.683827e+00
4.685403e+00
4.686978e+00
4.688554e+00
4.690129e+00
4.691704e+00
4.693279e+00
4.694855e+00
4.696430e+00
4.698005e+00
4.699580e+00
4.701155e+00
4.702731e+00
4.704307e+00
4.705882e+00
4.707457e+00
4.709032e+00
4.710607e+00
4.712183e+00
4.713758e+00
4.715333e+00
4.716908e+00
4.718484e+00
4.720059e+00
4.721635e+00
4.723210e+00
4.724785e+00
4.726360e+00
4.727935e+00
4.729511e+00
4.731086e+00
4.732662e+00
4.734237e+00
4.735812e+00
4.737387e+00
4.738963e+00
4.740538e+00
4.742113e+00
4.743688e+00
4.745264e+00
4.746839e+00
4.748415e+00
4.749990e+00
4.751565e+00
4.753140e+00
4.754715e+00
4.756291e+00
4.757866e+00
4.759441e+00
4.761016e+00
4.762592e+00
4.764167e+00
4.765743e+00
4.767318e+00
4.768893e+00
4.770468e+00
4.772043e+00
4.773619e+00
4.775194e+00
4.776770e+00
4.778345e+00
4.779920e+00
4.781495e+00
4.783071e+00
4.784646e+00
4.786221e+00
4.787796e+00
4.789372e+00
4.790947e+00
4.792523e+00
4.794098e+00
4.795673e+00
4.797248e+00
4.798823e+00
4.800399e+00
4.801974e+00
4.803549e+00
4.805124e+00
4.806700e+00
4.808275e+00
4.809851e+00
4.811426e+00
4.813001e+00
4.814576e+00
4.816152e+00
4.817727e+00
4.819302e+00
4.820878e+00
4.822453e+00
4.824028e+00
4.825603e+00
4.827179e+00
4.828754e+00
4.830329e+00
4.831904e+00
4.833480e+00
4.835055e+00
4.836631e+00
4.838206e+00
4.839781e+00
4.841356e+00
4.842932e+00
4.844507e+00
4.846082e+00
4.847657e+00
4.849232e+00
4.850808e+00
4.852383e+00
4.853959e+00
4.855534e+00
4.857109e+00
4.858684e+00
4.860260e+00
4.861835e+00
4.863410e+00
4.864986e+00
4.866561e+00
4.868136e+00
4.869712e+00
4.871287e+00
4.872862e+00
4.874437e+00
4.876012e+00
4.877588e+00
4.879163e+00
4.880739e+00
4.882314e+00
4.883889e+00
4.885464e+00
4.887040e+00
4.888615e+00
4.890190e+00
4.891765e+00
4.893341e+00
4.894916e+00
4.896491e+00
4.898067e+00
4.899642e+00
4.901217e+00
4.902792e+00
4.904368e+00
4.905943e+00
4.907518e+00
4.909094e+00
4.910669e+00
4.912245e+00
4.913820e+00
4.915395e+00
4.916970e+00
4.918545e+00
4.920120e+00
4.921696e+00
4.923271e+00
4.924847e+00
4.926422e+00
4.927997e+00
4.929572e+00
4.931148e+00
4.932723e+00
4.934298e+00
4.935873e+00
4.937449e+00
4.939025e+00
4.940600e+00
4.942175e+00
4.943750e+00
4.945325e+00
4.946900e+00
4.948476e+00
4.950051e+00
4.951626e+00
4.953202e+00
4.954777e+00
4.956352e+00
4.957928e+00
4.959503e+00
4.961078e+00
4.962653e+00
4.964228e+00
4.965804e+00
4.967380e+00
4.968955e+00
4.970530e+00
4.972105e+00
4.973680e+00
4.975256e+00
4.976831e+00
4.978406e+00
4.979981e+00
4.981557e+00
4.983133e+00
4.984708e+00
4.986283e+00
4.987858e+00
4.989433e+00
4.991008e+00
4.992584e+00
4.994159e+00
4.995735e+00
4.997310e+00
4.998885e+00
5.000460e+00
5.002036e+00
5.003611e+00
5.005186e+00
5.006761e+00
5.008337e+00
5.009912e+00
5.011488e+00
5.013063e+00
5.014638e+00
5.016213e+00
5.017788e+00
5.019364e+00
5.020939e+00
5.022514e+00
5.024089e+00
5.025665e+00
5.027241e+00
5.028816e+00
5.030391e+00
5.031966e+00
5.033541e+00
5.035116e+00
5.036692e+00
5.038267e+00
5.039843e+00
5.041418e+00
5.042993e+00
5.044568e+00
5.046144e+00
5.047719e+00
5.049294e+00
5.050870e+00
5.052445e+00
5.054020e+00
5.055596e+00
5.057171e+00
5.058746e+00
5.060321e+00
5.061896e+00
5.063472e+00
5.065047e+00
5.066622e+00
5.068197e+00
5.069773e+00
5.071348e+00
5.072924e+00
5.074499e+00
5.076074e+00
5.077650e+00
5.079225e+00
5.080800e+00
5.082375e+00
5.083951e+00
5.085526e+00
5.087101e+00
5.088676e+00
5.090252e+00
5.091827e+00
5.093402e+00
5.094977e+00
5.096553e+00
5.098128e+00
5.099704e+00
5.101279e+00
5.102854e+00
5.104430e+00
5.106005e+00
5.107580e+00
5.109155e+00
5.110730e+00
5.112305e+00
5.113881e+00
5.115456e+00
5.117032e+00
5.118607e+00
5.120182e+00
5.117911e+00
5.115640e+00
5.113369e+00
5.111098e+00
5.108827e+00
5.106556e+00
5.104285e+00
5.102014e+00
5.099743e+00
5.097471e+00
5.095201e+00
5.092930e+00
5.090658e+00
5.088388e+00
5.086116e+00
5.083845e+00
5.081574e+00
5.079303e+00
5.077032e+00
5.074761e+00
5.072490e+00
5.070219e+00
5.067947e+00
5.065677e+00
5.063405e+00
5.061134e+00
5.058863e+00
5.056592e+00
5.054321e+00
5.052050e+00
5.049779e+00
5.047507e+00
5.045237e+00
5.042965e+00
5.040694e+00
5.038424e+00
5.036152e+00
5.033881e+00
5.031610e+00
5.029339e+00
5.027068e+00
5.024797e+00
5.022526e+00
5.020255e+00
5.017984e+00
5.015713e+00
5.013441e+00
5.011171e+00
5.008899e+00
5.006628e+00
5.004357e+00
5.002086e+00
4.999815e+00
4.997544e+00
4.995273e+00
4.993002e+00
4.990731e+00
4.988460e+00
4.986189e+00
4.983918e+00
4.981647e+00
4.979375e+00
4.977105e+00
4.974833e+00
4.972562e+00
4.970291e+00
4.968020e+00
4.965749e+00
4.963478e+00
4.961207e+00
4.958936e+00
4.956664e+00
4.954394e+00
4.952122e+00
4.949851e+00
4.947581e+00
4.945309e+00
4.943038e+00
4.940767e+00
4.938496e+00
4.936225e+00
4.933954e+00
4.931683e+00
4.929412e+00
4.927141e+00
4.924870e+00
4.922598e+00
4.920328e+00
4.918056e+00
4.915785e+00
4.913515e+00
4.911243e+00
4.908972e+00
4.906701e+00
4.904430e+00
4.902159e+00
4.899888e+00
4.897617e+00
4.895346e+00
4.893075e+00
4.890804e+00
4.888532e+00
4.886262e+00
4.883990e+00
4.881719e+00
4.879448e+00
4.877177e+00
4.874906e+00
4.872635e+00
4.870364e+00
4.868093e+00
4.865822e+00
4.863551e+00
4.861280e+00
4.859008e+00
4.856738e+00
4.854466e+00
4.852195e+00
4.849924e+00
4.847653e+00
4.845382e+00
4.843111e+00
4.840840e+00
4.838569e+00
4.836298e+00
4.834027e+00
4.831755e+00
4.829485e+00
4.827213e+00
4.824942e+00
4.822672e+00
4.820400e+00
4.818129e+00
4.815858e+00
4.813587e+00
4.811316e+00
4.809045e+00
4.806774e+00
4.804503e+00
4.802232e+00
4.799961e+00
4.797689e+00
4.795419e+00
4.793147e+00
4.790876e+00
4.788606e+00
4.786334e+00
4.784063e+00
4.781792e+00
4.779521e+00
4.777250e+00
4.774979e+00
4.772708e+00
4.770437e+00
4.768166e+00
4.765895e+00
4.763623e+00
4.761353e+00
4.759081e+00
4.756810e+00
4.754539e+00
4.752268e+00
4.749997e+00
4.747726e+00
4.745455e+00
4.743184e+00
4.740912e+00
4.738642e+00
4.736371e+00
4.734099e+00
4.731829e+00
4.729557e+00
4.727286e+00
4.725015e+00
4.722744e+00
4.720473e+00
4.718202e+00
4.715931e+00
4.713660e+00
4.711389e+00
4.709117e+00
4.706846e+00
4.704575e+00
4.702304e+00
4.700033e+00
4.697762e+00
4.695491e+00
4.693220e+00
4.690949e+00
4.688678e+00
4.686406e+00
4.684136e+00
4.681865e+00
4.679593e+00
4.677323e+00
4.675051e+00
4.672780e+00
4.670509e+00
4.668238e+00
4.665967e+00
4.663696e+00
4.661425e+00
4.659154e+00
4.656883e+00
4.654612e+00
4.652340e+00
4.650069e+00
4.647798e+00
4.645527e+00
4.643256e+00
4.640985e+00
4.638714e+00
4.636443e+00
4.634172e+00
4.631901e+00
4.629629e+00
4.627359e+00
4.625088e+00
4.622816e+00
4.620546e+00
4.618274e+00
4.616003e+00
4.613732e+00
4.611461e+00
4.609190e+00
4.606919e+00
4.604648e+00
4.602377e+00
4.600106e+00
4.597835e+00
4.595563e+00
4.593293e+00
4.591022e+00
4.588750e+00
4.586480e+00
4.584208e+00
4.581937e+00
4.579666e+00
4.577395e+00
4.575124e+00
4.572853e+00
4.570582e+00
4.568311e+00
4.566040e+00
4.563769e+00
4.561497e+00
4.559227e+00
4.556956e+00
4.554684e+00
4.552414e+00
4.550142e+00
4.547871e+00
4.545600e+00
4.543329e+00
4.541058e+00
4.538787e+00
4.536516e+00
4.534245e+00
4.531973e+00
4.529703e+00
4.527431e+00
4.525160e+00
4.522889e+00
4.520618e+00
4.518347e+00
4.516076e+00
4.513805e+00
4.511534e+00
4.509263e+00
4.506992e+00
4.504720e+00
4.502450e+00
4.500179e+00
4.497907e+00
4.495637e+00
4.493365e+00
4.491094e+00
4.488823e+00
4.486552e+00
4.484281e+00
4.482010e+00
4.479739e+00
4.477468e+00
4.475197e+00
4.472926e+00
4.470654e+00
4.468384e+00
4.466113e+00
4.463841e+00
4.461571e+00
4.459299e+00
4.457028e+00
4.454757e+00
4.452486e+00
4.450215e+00
4.447944e+00
4.445673e+00
4.443402e+00
4.441130e+00
4.438860e+00
4.436588e+00
4.434317e+00
4.432047e+00
4.429775e+00
4.427504e+00
4.425233e+00
4.422962e+00
4.420691e+00
4.418420e+00
4.416149e+00
4.413878e+00
4.411607e+00
4.409336e+00
4.407064e+00
4.404794e+00
4.402522e+00
4.400251e+00
4.397980e+00
4.395709e+00
4.393438e+00
4.391167e+00
4.388896e+00
4.386625e+00
4.384354e+00
4.382083e+00
4.379811e+00
4.377541e+00
4.375269e+00
4.372998e+00
4.370727e+00
4.368456e+00
4.366185e+00
4.363914e+00
4.361643e+00
4.359372e+00
4.357101e+00
4.354830e+00
4.352558e+00
4.350288e+00
4.348016e+00
4.345745e+00
4.343475e+00
4.341203e+00
4.338932e+00
4.336661e+00
4.334390e+00
4.332119e+00
4.329847e+00
4.327577e+00
4.325306e+00
4.323034e+00
4.320764e+00
4.318492e+00
4.316221e+00
4.313950e+00
4.311679e+00
4.309408e+00
4.307137e+00
4.304866e+00
4.302595e+00
4.300324e+00
4.298053e+00
4.295781e+00
4.293511e+00
4.291239e+00
4.288968e+00
4.286698e+00
4.284426e+00
4.282155e+00
4.279884e+00
4.277613e+00
4.275342e+00
4.273071e+00
4.270800e+00
4.268529e+00
4.266258e+00
4.263987e+00
4.261715e+00
4.259445e+00
4.257173e+00
4.254902e+00
4.252632e+00
4.250360e+00
4.248089e+00
4.245818e+00
4.243547e+00
4.241276e+00
4.239005e+00
4.236734e+00
4.234463e+00
4.232191e+00
4.229921e+00
4.227649e+00
4.225378e+00
4.223107e+00
4.220836e+00
4.218565e+00
4.216294e+00
4.214023e+00
4.211752e+00
4.209481e+00
4.207210e+00
4.204938e+00
4.202668e+00
4.200397e+00
4.198125e+00
4.195855e+00
4.193583e+00
4.191312e+00
4.189041e+00
4.186770e+00
4.184499e+00
4.182228e+00
4.179957e+00
4.177686e+00
4.175415e+00
4.173144e+00
4.170872e+00
4.168602e+00
4.166330e+00
4.164059e+00
4.161789e+00
4.159517e+00
4.157246e+00
4.154975e+00
4.152704e+00
4.150433e+00
4.148162e+00
4.145891e+00
4.143620e+00
4.141349e+00
4.139078e+00
4.136806e+00
4.134536e+00
4.132264e+00
4.129993e+00
4.127722e+00
4.125451e+00
4.123180e+00
4.120909e+00
4.118638e+00
4.116367e+00
4.114095e+00
4.111825e+00
4.109554e+00
4.107282e+00
4.105012e+00
4.102740e+00
4.100469e+00
4.098198e+00
4.095927e+00
4.093656e+00
4.091385e+00
4.089114e+00
4.086843e+00
4.084572e+00
4.082301e+00
4.080029e+00
4.077759e+00
4.075488e+00
4.073216e+00
4.070946e+00
4.068674e+00
4.066403e+00
4.064132e+00
4.061861e+00
4.059590e+00
4.057319e+00
4.055048e+00
4.052777e+00
4.050506e+00
4.048235e+00
4.045963e+00
4.043692e+00
4.041421e+00
4.039150e+00
4.036879e+00
4.034608e+00
4.032337e+00
4.030066e+00
4.027795e+00
4.025523e+00
4.023252e+00
4.020982e+00
4.018710e+00
4.016439e+00
4.014168e+00
4.011897e+00
4.009626e+00
4.007355e+00
4.005084e+00
4.002813e+00
4.000542e+00
3.998271e+00
3.995999e+00
3.993729e+00
3.991457e+00
3.989186e+00
3.986915e+00
3.984644e+00
3.982373e+00
3.980102e+00
3.977831e+00
3.976960e+00
3.976090e+00
3.975220e+00
3.974349e+00
3.973478e+00
3.972608e+00
3.971737e+00
3.970867e+00
3.969997e+00
3.969126e+00
3.968255e+00
3.967385e+00
3.966514e+00
3.965644e+00
3.964773e+00
3.963902e+00
3.963032e+00
3.962161e+00
3.961291e+00
3.960420e+00
3.959550e+00
3.958680e+00
3.957809e+00
3.956939e+00
3.956068e+00
3.955197e+00
3.954327e+00
3.953456e+00
3.952586e+00
3.951715e+00
3.950844e+00
3.949974e+00
3.949103e+00
3.948233e+00
3.947362e+00
3.946492e+00
3.945622e+00
3.944751e+00
3.943881e+00
3.943010e+00
3.942139e+00
3.941269e+00
3.940398e+00
3.939528e+00
3.938657e+00
3.937786e+00
3.936916e+00
3.936045e+00
3.935175e+00
3.934304e+00
3.933434e+00
3.932564e+00
3.931693e+00
3.930823e+00
3.929952e+00
3.929081e+00
3.928211e+00
3.927340e+00
3.926470e+00
3.925599e+00
3.924728e+00
3.923858e+00
3.922987e+00
3.922117e+00
3.921247e+00
3.920376e+00
3.919506e+00
3.918635e+00
3.917764e+00
3.916894e+00
3.916023e+00
3.915153e+00
3.914282e+00
3.913412e+00
3.912541e+00
3.911670e+00
3.910800e+00
3.909929e+00
3.909059e+00
3.908189e+00
3.907318e+00
3.906448e+00
3.905577e+00
3.904707e+00
3.903836e+00
3.902965e+00
3.902095e+00
3.901224e+00
3.900354e+00
3.899483e+00
3.898612e+00
3.897742e+00
3.896871e+00
3.896001e+00
3.895131e+00
3.894260e+00
3.893390e+00
3.892519e+00
3.891649e+00
3.890778e+00
3.889907e+00
3.889037e+00
3.888166e+00
3.887296e+00
3.886425e+00
3.885554e+00
3.884684e+00
3.883814e+00
3.882943e+00
3.882073e+00
3.881202e+00
3.880331e+00
3.879461e+00
3.878591e+00
3.877720e+00
3.876849e+00
3.875979e+00
3.875108e+00
3.874238e+00
3.873367e+00
3.872496e+00
3.871626e+00
3.870756e+00
3.869885e+00
3.869015e+00
3.868144e+00
3.867274e+00
3.866403e+00
3.865533e+00
3.864662e+00
3.863791e+00
3.862921e+00
3.862050e+00
3.861180e+00
3.860309e+00
3.859438e+00
3.858568e+00
3.857698e+00
3.856827e+00
3.855956e+00
3.855086e+00
3.854216e+00
3.853345e+00
3.852475e+00
3.851604e+00
3.850733e+00
3.849863e+00
3.848992e+00
3.848122e+00
3.847251e+00
3.846381e+00
3.845510e+00
3.844640e+00
3.843769e+00
3.842898e+00
3.842028e+00
3.841158e+00
3.840287e+00
3.839417e+00
3.838546e+00
3.837675e+00
3.836805e+00
3.835934e+00
3.835064e+00
3.834193e+00
3.833323e+00
3.832452e+00
3.831581e+00
3.830711e+00
3.829840e+00
3.828970e+00
3.828100e+00
3.827229e+00
3.826359e+00
3.825488e+00
3.824617e+00
3.823747e+00
3.822876e+00
3.822006e+00
3.821135e+00
3.820265e+00
3.819394e+00
3.818523e+00
3.817653e+00
3.816783e+00
3.815912e+00
3.815042e+00
3.814171e+00
3.813301e+00
3.812430e+00
3.811559e+00
3.810689e+00
3.809818e+00
3.808948e+00
3.808077e+00
3.807206e+00
3.806336e+00
3.805465e+00
3.804596e+00
3.803725e+00
3.802854e+00
3.801984e+00
3.801113e+00
3.800243e+00
3.799372e+00
3.798501e+00
3.797631e+00
3.796760e+00
3.795890e+00
3.795019e+00
3.794148e+00
3.793278e+00
3.792407e+00
3.791538e+00
3.790667e+00
3.789796e+00
3.788926e+00
3.788055e+00
3.787185e+00
3.786314e+00
3.785443e+00
3.784573e+00
3.783702e+00
3.782832e+00
3.781961e+00
3.781090e+00
3.780220e+00
3.779350e+00
3.778479e+00
3.777609e+00
3.776738e+00
3.775868e+00
3.774997e+00
3.774127e+00
3.773256e+00
3.772385e+00
3.771515e+00
3.770644e+00
3.769774e+00
3.768903e+00
3.768032e+00
3.767163e+00
3.766292e+00
3.765421e+00
3.764551e+00
3.763680e+00
3.762810e+00
3.761939e+00
3.761069e+00
3.760198e+00
3.759327e+00
3.758457e+00
3.757586e+00
3.756715e+00
3.755845e+00
3.754974e+00
3.754104e+00
3.753234e+00
3.752363e+00
3.751493e+00
3.750622e+00
3.749752e+00
3.748881e+00
3.748010e+00
3.747140e+00
3.746269e+00
3.745399e+00
3.744528e+00
3.743657e+00
3.742787e+00
3.741917e+00
3.741046e+00
3.740176e+00
3.739305e+00
3.738435e+00
3.737564e+00
3.736694e+00
3.735823e+00
3.734952e+00
3.734082e+00
3.733211e+00
3.732341e+00
3.731470e+00
3.730599e+00
3.729729e+00
3.728859e+00
3.727988e+00
3.727118e+00
3.726247e+00
3.725377e+00
3.724506e+00
3.723636e+00
3.722765e+00
3.721894e+00
3.721024e+00
3.720153e+00
3.719283e+00
3.718412e+00
3.717541e+00
3.716671e+00
3.715801e+00
3.714930e+00
3.714060e+00
3.713189e+00
3.712319e+00
3.711448e+00
3.710578e+00
3.709707e+00
3.708836e+00
3.707966e+00
3.707095e+00
3.706225e+00
3.705354e+00
3.704484e+00
3.703613e+00
3.702743e+00
3.701872e+00
3.701002e+00
3.700131e+00
3.699261e+00
3.698390e+00
3.697520e+00
3.696649e+00
3.695778e+00
3.694908e+00
3.694037e+00
3.693167e+00
3.692296e+00
3.691426e+00
3.690555e+00
3.689685e+00
3.688814e+00
3.687944e+00
3.687073e+00
3.686203e+00
3.685332e+00
3.684462e+00
3.683591e+00
3.682720e+00
3.681850e+00
3.680979e+00
3.680109e+00
3.679238e+00
3.678368e+00
3.677497e+00
3.676627e+00
3.675756e+00
3.674886e+00
3.674015e+00
3.673145e+00
3.672274e+00
3.671404e+00
3.670533e+00
3.669662e+00
3.668792e+00
3.667921e+00
3.667051e+00
3.666180e+00
3.665310e+00
3.664439e+00
3.663568e+00
3.662699e+00
3.661828e+00
3.660957e+00
3.660087e+00
3.659216e+00
3.658346e+00
3.657475e+00
3.656604e+00
3.655734e+00
3.654863e+00
3.653993e+00
3.653122e+00
3.652252e+00
3.651381e+00
3.650510e+00
3.649641e+00
3.648770e+00
3.647899e+00
3.647029e+00
3.646158e+00
3.645288e+00
3.644417e+00
3.643546e+00
3.642676e+00
3.641805e+00
3.640935e+00
3.640064e+00
3.639193e+00
3.638323e+00
3.637453e+00
3.636583e+00
3.635712e+00
3.634841e+00
3.633971e+00
3.633100e+00
3.632230e+00
3.631359e+00
3.630488e+00
3.629618e+00
3.628747e+00
3.627877e+00
3.627006e+00
3.626135e+00
3.625266e+00
3.624395e+00
3.623525e+00
3.622654e+00
3.621783e+00
3.620913e+00
3.620042e+00
3.619172e+00
3.618301e+00
3.617430e+00
3.616560e+00
3.615689e+00
3.614819e+00
3.613948e+00
3.613077e+00
3.612208e+00
3.611337e+00
3.610466e+00
3.609596e+00
3.608725e+00
3.607855e+00
3.606984e+00
3.606114e+00
3.605243e+00
3.604372e+00
3.603502e+00
3.602631e+00
3.601761e+00
3.600890e+00
3.600020e+00
3.599150e+00
3.598279e+00
3.597408e+00
3.596538e+00
3.595667e+00
3.594797e+00
3.593926e+00
3.593056e+00
3.592185e+00
3.591314e+00
3.590444e+00
3.589573e+00
3.588703e+00
3.587833e+00
3.586962e+00
3.586091e+00
3.585221e+00
3.584350e+00
3.583480e+00
3.582609e+00
3.581739e+00
3.580868e+00
3.579998e+00
3.579127e+00
3.578256e+00
3.577386e+00
3.576515e+00
3.575645e+00
3.574775e+00
3.573904e+00
3.573033e+00
3.572163e+00
3.571292e+00
3.570422e+00
3.569551e+00
3.568681e+00
3.567810e+00
3.566940e+00
3.566069e+00
3.565198e+00
3.564328e+00
3.563457e+00
3.562587e+00
3.561717e+00
3.560846e+00
3.559975e+00
3.559105e+00
