8.169000e-04
8.752967e-04
9.336933e-04
9.920900e-04
1.050487e-03
1.108883e-03
1.167280e-03
1.225677e-03
1.284073e-03
1.342470e-03
1.400867e-03
1.459263e-03
1.517660e-03
1.576057e-03
1.634453e-03
1.692850e-03
1.751247e-03
1.809643e-03
1.868040e-03
1.926437e-03
1.984833e-03
2.043230e-03
2.101627e-03
2.160023e-03
2.218420e-03
2.276817e-03
2.335213e-03
2.393610e-03
2.452007e-03
2.510403e-03
2.568800e-03
2.634947e-03
2.701095e-03
2.767243e-03
2.833390e-03
2.899537e-03
2.965685e-03
3.031833e-03
3.097980e-03
3.164127e-03
3.230275e-03
3.296422e-03
3.362570e-03
3.428718e-03
3.494865e-03
3.561012e-03
3.627160e-03
3.693308e-03
3.759455e-03
3.825603e-03
3.891750e-03
4.034272e-03
4.176795e-03
4.319318e-03
4.461840e-03
4.604362e-03
4.746885e-03
4.889407e-03
5.031930e-03
5.174453e-03
5.316975e-03
5.459497e-03
5.602020e-03
5.744542e-03
5.887065e-03
6.029588e-03
6.172110e-03
6.314633e-03
6.457155e-03
6.577706e-03
6.742200e-03
6.906694e-03
7.071186e-03
7.235680e-03
7.400174e-03
7.564666e-03
7.729160e-03
7.893654e-03
8.058146e-03
8.222640e-03
8.387134e-03
8.551626e-03
8.716120e-03
8.880614e-03
9.045106e-03
9.209600e-03
9.374094e-03
9.538586e-03
9.703080e-03
9.867574e-03
1.003206e-02
1.019656e-02
1.036106e-02
1.052554e-02
1.069004e-02
1.085454e-02
1.101902e-02
1.118352e-02
1.134802e-02
1.151250e-02
1.167700e-02
1.178386e-02
1.189072e-02
1.199758e-02
1.210444e-02
1.221130e-02
1.231816e-02
1.242502e-02
1.253188e-02
1.263874e-02
1.274560e-02
1.285246e-02
1.295932e-02
1.306618e-02
1.317304e-02
1.327990e-02
1.338676e-02
1.349362e-02
1.360048e-02
1.370734e-02
1.381420e-02
1.392106e-02
1.402792e-02
1.413478e-02
1.424164e-02
1.434850e-02
1.445536e-02
1.456222e-02
1.466908e-02
1.477594e-02
1.488280e-02
1.498966e-02
1.509652e-02
1.520338e-02
1.531024e-02
1.541710e-02
1.552396e-02
1.563082e-02
1.573768e-02
1.584454e-02
1.595140e-02
1.605826e-02
1.616512e-02
1.627198e-02
1.637884e-02
1.648570e-02
1.659256e-02
1.669942e-02
1.680628e-02
1.691314e-02
1.702000e-02
1.718405e-02
1.734810e-02
1.751215e-02
1.767620e-02
1.784025e-02
1.800430e-02
1.816835e-02
1.833240e-02
1.849645e-02
1.866050e-02
1.882455e-02
1.898860e-02
1.915265e-02
1.931670e-02
1.948075e-02
1.964480e-02
1.980885e-02
1.997290e-02
2.013695e-02
2.030100e-02
2.046505e-02
2.062910e-02
2.079315e-02
2.095720e-02
2.112125e-02
2.128530e-02
2.144935e-02
2.161340e-02
2.177745e-02
2.194150e-02
2.210555e-02
2.226960e-02
2.243365e-02
2.259770e-02
2.276175e-02
2.292580e-02
2.308985e-02
2.325390e-02
2.341795e-02
2.358200e-02
2.374605e-02
2.391010e-02
2.407415e-02
2.423820e-02
2.440225e-02
2.456630e-02
2.473035e-02
2.489440e-02
2.505845e-02
2.522250e-02
2.520421e-02
2.518593e-02
2.516764e-02
2.514936e-02
2.513107e-02
2.511279e-02
2.509450e-02
2.507622e-02
2.505793e-02
2.503965e-02
2.502137e-02
2.500308e-02
2.498480e-02
2.496651e-02
2.494822e-02
2.492994e-02
2.491165e-02
2.489337e-02
2.487508e-02
2.485680e-02
2.483851e-02
2.482023e-02
2.480194e-02
2.478366e-02
2.476537e-02
2.474709e-02
2.472880e-02
2.471052e-02
2.469223e-02
2.467395e-02
2.465567e-02
2.463738e-02
2.461910e-02
2.460081e-02
2.458253e-02
2.456424e-02
2.454596e-02
2.452767e-02
2.450939e-02
2.449110e-02
2.447282e-02
2.445453e-02
2.443625e-02
2.441796e-02
2.439967e-02
2.438139e-02
2.436310e-02
2.434482e-02
2.432653e-02
2.430825e-02
2.428997e-02
2.427168e-02
2.425340e-02
2.423511e-02
2.421683e-02
2.419854e-02
2.418026e-02
2.416197e-02
2.414369e-02
2.412540e-02
2.410711e-02
2.408883e-02
2.407054e-02
2.405226e-02
2.403397e-02
2.401569e-02
2.399740e-02
2.397912e-02
2.396083e-02
2.394255e-02
2.392427e-02
2.390598e-02
2.388770e-02
2.386941e-02
2.385112e-02
2.383284e-02
2.381455e-02
2.379627e-02
2.377798e-02
2.375970e-02
2.374141e-02
2.372313e-02
2.370484e-02
2.368656e-02
2.366827e-02
2.364999e-02
2.363171e-02
2.361342e-02
2.359513e-02
2.357685e-02
2.355857e-02
2.354028e-02
2.352200e-02
2.350371e-02
2.348543e-02
2.346714e-02
2.344886e-02
2.343057e-02
2.341229e-02
2.339400e-02
2.351236e-02
2.363072e-02
2.374908e-02
2.386744e-02
2.398580e-02
2.410416e-02
2.422252e-02
2.434088e-02
2.445924e-02
2.457760e-02
2.469596e-02
2.481432e-02
2.493268e-02
2.505104e-02
2.516940e-02
2.528776e-02
2.540612e-02
2.552448e-02
2.564284e-02
2.576120e-02
2.587956e-02
2.599792e-02
2.611628e-02
2.623464e-02
2.635300e-02
2.647136e-02
2.658972e-02
2.670808e-02
2.682644e-02
2.694480e-02
2.706316e-02
2.718152e-02
2.729988e-02
2.741824e-02
2.753660e-02
2.765496e-02
2.777332e-02
2.789168e-02
2.801004e-02
2.812840e-02
2.824676e-02
2.836512e-02
2.848348e-02
2.860184e-02
2.872020e-02
2.883856e-02
2.895692e-02
2.907528e-02
2.919364e-02
2.931200e-02
2.943036e-02
2.954872e-02
2.966708e-02
2.978544e-02
2.990380e-02
3.002216e-02
3.014052e-02
3.025888e-02
3.037724e-02
3.049560e-02
3.061396e-02
3.073232e-02
3.085068e-02
3.096904e-02
3.108740e-02
3.120576e-02
3.132412e-02
3.144248e-02
3.156084e-02
3.167920e-02
3.179756e-02
3.191592e-02
3.203428e-02
3.215264e-02
3.227100e-02
3.238936e-02
3.250772e-02
3.262608e-02
3.274444e-02
3.286280e-02
3.298116e-02
3.309952e-02
3.321788e-02
3.333624e-02
3.345460e-02
3.357296e-02
3.369132e-02
3.380968e-02
3.392804e-02
3.404640e-02
3.416476e-02
3.428312e-02
3.440148e-02
3.451984e-02
3.463820e-02
3.475656e-02
3.487492e-02
3.499328e-02
3.511164e-02
3.523000e-02
3.535945e-02
3.548889e-02
3.561834e-02
3.574779e-02
3.587724e-02
3.600669e-02
3.613613e-02
3.626558e-02
3.639503e-02
3.652448e-02
3.665392e-02
3.678337e-02
3.691282e-02
3.704226e-02
3.717171e-02
3.730116e-02
3.743061e-02
3.756005e-02
3.768950e-02
3.781895e-02
3.794840e-02
3.807784e-02
3.820729e-02
3.833674e-02
3.846619e-02
3.859563e-02
3.872508e-02
3.885453e-02
3.898398e-02
3.911343e-02
3.924287e-02
3.937232e-02
3.950177e-02
3.963121e-02
3.976066e-02
3.989011e-02
4.001956e-02
4.014901e-02
4.027845e-02
4.040790e-02
4.053735e-02
4.066679e-02
4.079624e-02
4.092569e-02
4.105514e-02
4.118459e-02
4.131403e-02
4.144348e-02
4.157293e-02
4.170237e-02
4.183182e-02
4.196127e-02
4.209072e-02
4.222016e-02
4.234961e-02
4.247906e-02
4.260851e-02
4.273796e-02
4.286740e-02
4.299685e-02
4.312630e-02
4.325574e-02
4.338519e-02
4.351464e-02
4.364409e-02
4.377354e-02
4.390298e-02
4.403243e-02
4.416188e-02
4.429132e-02
4.442077e-02
4.455022e-02
4.467967e-02
4.480912e-02
4.493856e-02
4.506801e-02
4.519746e-02
4.532691e-02
4.545635e-02
4.558580e-02
4.571525e-02
4.584470e-02
4.597414e-02
4.610359e-02
4.623304e-02
4.636249e-02
4.649193e-02
4.662138e-02
4.675083e-02
4.688027e-02
4.700972e-02
4.713917e-02
4.726862e-02
4.739806e-02
4.752751e-02
4.765696e-02
4.778641e-02
4.791586e-02
4.804530e-02
4.817475e-02
4.830420e-02
4.843364e-02
4.856309e-02
4.869254e-02
4.882199e-02
4.895144e-02
4.908088e-02
4.921033e-02
4.933978e-02
4.946922e-02
4.959867e-02
4.972812e-02
4.985757e-02
4.998702e-02
5.011646e-02
5.024591e-02
5.037536e-02
5.050480e-02
5.063425e-02
5.076370e-02
5.089315e-02
5.102260e-02
5.115204e-02
5.128149e-02
5.141094e-02
5.154039e-02
5.166983e-02
5.179928e-02
5.192873e-02
5.205817e-02
5.218762e-02
5.231707e-02
5.244652e-02
5.257596e-02
5.270541e-02
5.283486e-02
5.296431e-02
5.309375e-02
5.322320e-02
5.335265e-02
5.348210e-02
5.361154e-02
5.374099e-02
5.387044e-02
5.399989e-02
5.412934e-02
5.425878e-02
5.438823e-02
5.451768e-02
5.464712e-02
5.477657e-02
5.490602e-02
5.503547e-02
5.516492e-02
5.529436e-02
5.542381e-02
5.555326e-02
5.568270e-02
5.581215e-02
5.594160e-02
5.607105e-02
5.620050e-02
5.632994e-02
5.645939e-02
5.658884e-02
5.671829e-02
5.684773e-02
5.697718e-02
5.710663e-02
5.723607e-02
5.736552e-02
5.749497e-02
5.762442e-02
5.775386e-02
5.788331e-02
5.801276e-02
5.814221e-02
5.827165e-02
5.840110e-02
5.853055e-02
5.866000e-02
5.878944e-02
5.891889e-02
5.904834e-02
5.917779e-02
5.930723e-02
5.943668e-02
5.956613e-02
5.969558e-02
5.982502e-02
5.995447e-02
6.008392e-02
6.021337e-02
6.034282e-02
6.047226e-02
6.060171e-02
6.073116e-02
6.086060e-02
6.099005e-02
6.111950e-02
6.127643e-02
6.143335e-02
6.159027e-02
6.174720e-02
6.190412e-02
6.206105e-02
6.221797e-02
6.237490e-02
6.253182e-02
6.268875e-02
6.284568e-02
6.300260e-02
6.315952e-02
6.331645e-02
6.347337e-02
6.363030e-02
6.378723e-02
6.394415e-02
6.410108e-02
6.425800e-02
6.441492e-02
6.457185e-02
6.472878e-02
6.488570e-02
6.504263e-02
6.519955e-02
6.535647e-02
6.551340e-02
6.567033e-02
6.582725e-02
6.598418e-02
6.614110e-02
6.629803e-02
6.645495e-02
6.661187e-02
6.676880e-02
6.692572e-02
6.708265e-02
6.723957e-02
6.739650e-02
6.755343e-02
6.771035e-02
6.786727e-02
6.802420e-02
6.818112e-02
6.833805e-02
6.849497e-02
6.865190e-02
6.880883e-02
6.896575e-02
6.912267e-02
6.927960e-02
6.943652e-02
6.959345e-02
6.975038e-02
6.990730e-02
7.006423e-02
7.022115e-02
7.037807e-02
7.053500e-02
7.069193e-02
7.084885e-02
7.100578e-02
7.116270e-02
7.131962e-02
7.147655e-02
7.163348e-02
7.179040e-02
7.194733e-02
7.210425e-02
7.226118e-02
7.241810e-02
7.257502e-02
7.273195e-02
7.288887e-02
7.304580e-02
7.320272e-02
7.335965e-02
7.351658e-02
7.367350e-02
7.383042e-02
7.398735e-02
7.414427e-02
7.430120e-02
7.445813e-02
7.461505e-02
7.477198e-02
7.492890e-02
7.508582e-02
7.524275e-02
7.539967e-02
7.555660e-02
7.571353e-02
7.587045e-02
7.602738e-02
7.618430e-02
7.634122e-02
7.649815e-02
7.665508e-02
7.681200e-02
7.783829e-02
7.886457e-02
7.989086e-02
8.091715e-02
8.194344e-02
8.296972e-02
8.399601e-02
8.502230e-02
8.604859e-02
8.707487e-02
8.810116e-02
8.912745e-02
9.015373e-02
9.118002e-02
9.220631e-02
9.323260e-02
9.425888e-02
9.528517e-02
9.631146e-02
9.733774e-02
9.836403e-02
9.939032e-02
1.004166e-01
1.014429e-01
1.024692e-01
1.034955e-01
1.045218e-01
1.055480e-01
1.065743e-01
1.076006e-01
1.086269e-01
1.096532e-01
1.106795e-01
1.117058e-01
1.127321e-01
1.137583e-01
1.147846e-01
1.158109e-01
1.168372e-01
1.178635e-01
1.188898e-01
1.199161e-01
1.209424e-01
1.219686e-01
1.229949e-01
1.240212e-01
1.250475e-01
1.260738e-01
1.271001e-01
1.281264e-01
1.291526e-01
1.301789e-01
1.312052e-01
1.322315e-01
1.332578e-01
1.342841e-01
1.353104e-01
1.363367e-01
1.373629e-01
1.383892e-01
1.394155e-01
1.404418e-01
1.414681e-01
1.424944e-01
1.435207e-01
1.445470e-01
1.455732e-01
1.465995e-01
1.476258e-01
1.486521e-01
1.496784e-01
1.507047e-01
1.517310e-01
1.527573e-01
1.537835e-01
1.548098e-01
1.558361e-01
1.568624e-01
1.578887e-01
1.589150e-01
1.599413e-01
1.609676e-01
1.619938e-01
1.630201e-01
1.640464e-01
1.650727e-01
1.660990e-01
1.671253e-01
1.681516e-01
1.691779e-01
1.702041e-01
1.712304e-01
1.722567e-01
1.732830e-01
1.743093e-01
1.753356e-01
1.763619e-01
1.773881e-01
1.784144e-01
1.794407e-01
1.804670e-01
1.814933e-01
1.825196e-01
1.835459e-01
1.845722e-01
1.855984e-01
1.866247e-01
1.876510e-01
1.886773e-01
1.897036e-01
1.907299e-01
1.917562e-01
1.927825e-01
1.938087e-01
1.948350e-01
1.958613e-01
1.968876e-01
1.979139e-01
1.989402e-01
1.999665e-01
2.009928e-01
2.020190e-01
2.030453e-01
2.040716e-01
2.050979e-01
2.061242e-01
2.071505e-01
2.081768e-01
2.092031e-01
2.102293e-01
2.112556e-01
2.122819e-01
2.133082e-01
2.143345e-01
2.153608e-01
2.163871e-01
2.174133e-01
2.184396e-01
2.194659e-01
2.204922e-01
2.215185e-01
2.225448e-01
2.235711e-01
2.245974e-01
2.256236e-01
2.266499e-01
2.276762e-01
2.287025e-01
2.297288e-01
2.307551e-01
2.317814e-01
2.328077e-01
2.338339e-01
2.348602e-01
2.358865e-01
2.369128e-01
2.379391e-01
2.389654e-01
2.399917e-01
2.410180e-01
2.420442e-01
2.430705e-01
2.440968e-01
2.451231e-01
2.461494e-01
2.471757e-01
2.482020e-01
2.492283e-01
2.502545e-01
2.512808e-01
2.523071e-01
2.533334e-01
2.543597e-01
2.553860e-01
2.564123e-01
2.574386e-01
2.584648e-01
2.594911e-01
2.605174e-01
2.615437e-01
2.625700e-01
2.635963e-01
2.646226e-01
2.656488e-01
2.666751e-01
2.677014e-01
2.687277e-01
2.697540e-01
2.707803e-01
2.718066e-01
2.728329e-01
2.738591e-01
2.748854e-01
2.759117e-01
2.769380e-01
2.779643e-01
2.789906e-01
2.800169e-01
2.810432e-01
2.820694e-01
2.830957e-01
2.841220e-01
2.851483e-01
2.861746e-01
2.872009e-01
2.882272e-01
2.892535e-01
2.902797e-01
2.913060e-01
2.923323e-01
2.933586e-01
2.943849e-01
2.954112e-01
2.964375e-01
2.974638e-01
2.984900e-01
2.995163e-01
3.005426e-01
3.015689e-01
3.025952e-01
3.036215e-01
3.046478e-01
3.056741e-01
3.067003e-01
3.077266e-01
3.087529e-01
3.097792e-01
3.108055e-01
3.118318e-01
3.128581e-01
3.138843e-01
3.149106e-01
3.159369e-01
3.169632e-01
3.179895e-01
3.190158e-01
3.200421e-01
3.210684e-01
3.220946e-01
3.231209e-01
3.241472e-01
3.251735e-01
3.261998e-01
3.272261e-01
3.282524e-01
3.292787e-01
3.303049e-01
3.313312e-01
3.323575e-01
3.333838e-01
3.344101e-01
3.354364e-01
3.364627e-01
3.374890e-01
3.385152e-01
3.395415e-01
3.405678e-01
3.415941e-01
3.426204e-01
3.436467e-01
3.446730e-01
3.456993e-01
3.467255e-01
3.477518e-01
3.487781e-01
3.498044e-01
3.508307e-01
3.518570e-01
3.528833e-01
3.539096e-01
3.549358e-01
3.559621e-01
3.569884e-01
3.580147e-01
3.590410e-01
3.600673e-01
3.610936e-01
3.621198e-01
3.631461e-01
3.641724e-01
3.651987e-01
3.662250e-01
3.672513e-01
3.682776e-01
3.693039e-01
3.703301e-01
3.713564e-01
3.723827e-01
3.734090e-01
3.744353e-01
3.754616e-01
3.764879e-01
3.775142e-01
3.785404e-01
3.795667e-01
3.805930e-01
3.816193e-01
3.826456e-01
3.836719e-01
3.846982e-01
3.857245e-01
3.867507e-01
3.877770e-01
3.888033e-01
3.898296e-01
3.908559e-01
3.918822e-01
3.929085e-01
3.939348e-01
3.949610e-01
3.959873e-01
3.970136e-01
3.980399e-01
3.990662e-01
4.000925e-01
4.011188e-01
4.021450e-01
4.031713e-01
4.041976e-01
4.052239e-01
4.062502e-01
4.072765e-01
4.083028e-01
4.093291e-01
4.103553e-01
4.113816e-01
4.124079e-01
4.134342e-01
4.144605e-01
4.154868e-01
4.165131e-01
4.175394e-01
4.185656e-01
4.195919e-01
4.206182e-01
4.216445e-01
4.226708e-01
4.236971e-01
4.247234e-01
4.257497e-01
4.267759e-01
4.278022e-01
4.288285e-01
4.298548e-01
4.308811e-01
4.319074e-01
4.329337e-01
4.339600e-01
4.349862e-01
4.360125e-01
4.370388e-01
4.380651e-01
4.390914e-01
4.401177e-01
4.411440e-01
4.421703e-01
4.431965e-01
4.442228e-01
4.452491e-01
4.462754e-01
4.473017e-01
4.483280e-01
4.493543e-01
4.503805e-01
4.514068e-01
4.524331e-01
4.534594e-01
4.544857e-01
4.555120e-01
4.565383e-01
4.575646e-01
4.585908e-01
4.596171e-01
4.606434e-01
4.616697e-01
4.626960e-01
4.637223e-01
4.647486e-01
4.657749e-01
4.668011e-01
4.678274e-01
4.688537e-01
4.698800e-01
4.709063e-01
4.719326e-01
4.729589e-01
4.739852e-01
4.750114e-01
4.760377e-01
4.770640e-01
4.780903e-01
4.791166e-01
4.801429e-01
4.811692e-01
4.821955e-01
4.832217e-01
4.842480e-01
4.852743e-01
4.863006e-01
4.873269e-01
4.883532e-01
4.893795e-01
4.904058e-01
4.914320e-01
4.924583e-01
4.934846e-01
4.945109e-01
4.969633e-01
4.994157e-01
5.018681e-01
5.043206e-01
5.067730e-01
5.092254e-01
5.116778e-01
5.141302e-01
5.165826e-01
5.190350e-01
5.214875e-01
5.239399e-01
5.263923e-01
5.288447e-01
5.312971e-01
5.337495e-01
5.362020e-01
5.386544e-01
5.411068e-01
5.435592e-01
5.460116e-01
5.484640e-01
5.509164e-01
5.533689e-01
5.558213e-01
5.582737e-01
5.607261e-01
5.631785e-01
5.656309e-01
5.680834e-01
5.705358e-01
5.729882e-01
5.754406e-01
5.778930e-01
5.803454e-01
5.827978e-01
5.852503e-01
5.877027e-01
5.901551e-01
5.926075e-01
5.950599e-01
5.975123e-01
5.999648e-01
6.024172e-01
6.048696e-01
6.073220e-01
6.097744e-01
6.122268e-01
6.146793e-01
6.171317e-01
6.195841e-01
6.220365e-01
6.244889e-01
6.269413e-01
6.293937e-01
6.318462e-01
6.342986e-01
6.367510e-01
6.392034e-01
6.416558e-01
6.441082e-01
6.465607e-01
6.490131e-01
6.514655e-01
6.539179e-01
6.563703e-01
6.588227e-01
6.612751e-01
6.637276e-01
6.661800e-01
6.686324e-01
6.710848e-01
6.735372e-01
6.759896e-01
6.784421e-01
6.808945e-01
6.833469e-01
6.857993e-01
6.882517e-01
6.907041e-01
6.931565e-01
6.956090e-01
6.980614e-01
7.005138e-01
7.029662e-01
7.054186e-01
7.078710e-01
7.103235e-01
7.127759e-01
7.152283e-01
7.176807e-01
7.201331e-01
7.225855e-01
7.250380e-01
7.274904e-01
7.299428e-01
7.323952e-01
7.348476e-01
7.373000e-01
7.397524e-01
7.415917e-01
7.434310e-01
7.452702e-01
7.471094e-01
7.489487e-01
7.507880e-01
7.526272e-01
7.544665e-01
7.563057e-01
7.581449e-01
7.599842e-01
7.618235e-01
7.636627e-01
7.655020e-01
7.673412e-01
7.691804e-01
7.710198e-01
7.728590e-01
7.746982e-01
7.765375e-01
7.783767e-01
7.802159e-01
7.820553e-01
7.838945e-01
7.857337e-01
7.875730e-01
7.894122e-01
7.912515e-01
7.930908e-01
7.949300e-01
7.967692e-01
7.986085e-01
8.004477e-01
8.022870e-01
8.041263e-01
8.059655e-01
8.078047e-01
8.096440e-01
8.114833e-01
8.133225e-01
8.151618e-01
8.170010e-01
8.188402e-01
8.206795e-01
8.225188e-01
8.243580e-01
8.261973e-01
8.280365e-01
8.298757e-01
8.317151e-01
8.335543e-01
8.353935e-01
8.372328e-01
8.390720e-01
8.409112e-01
8.427506e-01
8.445898e-01
8.464290e-01
8.482683e-01
8.501075e-01
8.519468e-01
8.537861e-01
8.556253e-01
8.574645e-01
8.593038e-01
8.611430e-01
8.629823e-01
8.648216e-01
8.666608e-01
8.685000e-01
8.703393e-01
8.721786e-01
8.740178e-01
8.758571e-01
8.776963e-01
8.795355e-01
8.813748e-01
8.832141e-01
8.850533e-01
8.868926e-01
8.887318e-01
8.905710e-01
8.924104e-01
8.942496e-01
8.960888e-01
8.979281e-01
8.997673e-01
9.016065e-01
9.034459e-01
9.052851e-01
9.071243e-01
9.089636e-01
9.108028e-01
9.126421e-01
9.144814e-01
9.163206e-01
9.181598e-01
9.199991e-01
9.218383e-01
9.236776e-01
9.255169e-01
9.273561e-01
9.291953e-01
9.310346e-01
9.328739e-01
9.347131e-01
9.365524e-01
9.383916e-01
9.402308e-01
9.420701e-01
9.439094e-01
9.457486e-01
9.475879e-01
9.494271e-01
9.512663e-01
9.531056e-01
9.549449e-01
9.567841e-01
9.586234e-01
9.604626e-01
9.623018e-01
9.641412e-01
9.659804e-01
9.678196e-01
9.696589e-01
9.714981e-01
9.733374e-01
9.751767e-01
9.770159e-01
9.788551e-01
9.806944e-01
9.825336e-01
9.843729e-01
9.862122e-01
9.880514e-01
9.898906e-01
9.917299e-01
9.935692e-01
9.954084e-01
9.972479e-01
9.990869e-01
1.000926e+00
1.002766e+00
1.004605e+00
1.006444e+00
1.008283e+00
1.010122e+00
1.011961e+00
1.013801e+00
1.015640e+00
1.017479e+00
1.019319e+00
1.021158e+00
1.022997e+00
1.024837e+00
1.026676e+00
1.028515e+00
1.030355e+00
1.032193e+00
1.034032e+00
1.035872e+00
1.037711e+00
1.039550e+00
1.041390e+00
1.043229e+00
1.045068e+00
1.046908e+00
1.048747e+00
1.050586e+00
1.052426e+00
1.054264e+00
1.056103e+00
1.057943e+00
1.059782e+00
1.061621e+00
1.063461e+00
1.065300e+00
1.067139e+00
1.068979e+00
1.070818e+00
1.072657e+00
1.074497e+00
1.076335e+00
1.078174e+00
1.080014e+00
1.081853e+00
1.083692e+00
1.085532e+00
1.087371e+00
1.089210e+00
1.091050e+00
1.092889e+00
1.094728e+00
1.096568e+00
1.098407e+00
1.100245e+00
1.102085e+00
1.103924e+00
1.105763e+00
1.107603e+00
1.109442e+00
1.111854e+00
1.114266e+00
1.116679e+00
1.119091e+00
1.121503e+00
1.123915e+00
1.126327e+00
1.128739e+00
1.131152e+00
1.133564e+00
1.135976e+00
1.138388e+00
1.140801e+00
1.143212e+00
1.145625e+00
1.148036e+00
1.150449e+00
1.152861e+00
1.155273e+00
1.157685e+00
1.160098e+00
1.162509e+00
1.164922e+00
1.167334e+00
1.169746e+00
1.172158e+00
1.174571e+00
1.176982e+00
1.179395e+00
1.181807e+00
1.184219e+00
1.186631e+00
1.189044e+00
1.191455e+00
1.193868e+00
1.196280e+00
1.198692e+00
1.201104e+00
1.203517e+00
1.205928e+00
1.208341e+00
1.210753e+00
1.213165e+00
1.215577e+00
1.217990e+00
1.220402e+00
1.222814e+00
1.225226e+00
1.227638e+00
1.230050e+00
1.232462e+00
1.234875e+00
1.237287e+00
1.239699e+00
1.242111e+00
1.244523e+00
1.246935e+00
1.249348e+00
1.251760e+00
1.254172e+00
1.256584e+00
1.258996e+00
1.261408e+00
1.263821e+00
1.266233e+00
1.268645e+00
1.271057e+00
1.273470e+00
1.275881e+00
1.278294e+00
1.280706e+00
1.283118e+00
1.285530e+00
1.287943e+00
1.290354e+00
1.292767e+00
1.295178e+00
1.297591e+00
1.300003e+00
1.302415e+00
1.304827e+00
1.307240e+00
1.309651e+00
1.312064e+00
1.314476e+00
1.316888e+00
1.319300e+00
1.321713e+00
1.324124e+00
1.326537e+00
1.328949e+00
1.331361e+00
1.333773e+00
1.336186e+00
1.338597e+00
1.341010e+00
1.343422e+00
1.345834e+00
1.348246e+00
1.350659e+00
1.353070e+00
1.355483e+00
1.357895e+00
1.360307e+00
1.362719e+00
1.365131e+00
1.367544e+00
1.369956e+00
1.372368e+00
1.374780e+00
1.377193e+00
1.379604e+00
1.382017e+00
1.384429e+00
1.386841e+00
1.389253e+00
1.391666e+00
1.394077e+00
1.396490e+00
1.398902e+00
1.401314e+00
1.403726e+00
1.406139e+00
1.408550e+00
1.410963e+00
1.413375e+00
1.415787e+00
1.418199e+00
1.420612e+00
1.423023e+00
1.425436e+00
1.427848e+00
1.430260e+00
1.432672e+00
1.435085e+00
1.437496e+00
1.439909e+00
1.442320e+00
1.444733e+00
1.447145e+00
1.449557e+00
1.451969e+00
1.454382e+00
1.456793e+00
1.459206e+00
1.461618e+00
1.464030e+00
1.466442e+00
1.468855e+00
1.471266e+00
1.473679e+00
1.476091e+00
1.478503e+00
1.480915e+00
1.483328e+00
1.485739e+00
1.488152e+00
1.490564e+00
1.492976e+00
1.495389e+00
1.497801e+00
1.500213e+00
1.502625e+00
1.505037e+00
1.507449e+00
1.509862e+00
1.512273e+00
1.514686e+00
1.517098e+00
1.519510e+00
1.521922e+00
1.524335e+00
1.526746e+00
1.529159e+00
1.531571e+00
1.533983e+00
1.536395e+00
1.538808e+00
1.541219e+00
1.543632e+00
1.546044e+00
1.548456e+00
1.550868e+00
1.553281e+00
1.555692e+00
1.558105e+00
1.560517e+00
1.562929e+00
1.565341e+00
1.567754e+00
1.570165e+00
1.572578e+00
1.574990e+00
1.577402e+00
1.579814e+00
1.582227e+00
1.584638e+00
1.587051e+00
1.589462e+00
1.591875e+00
1.594287e+00
1.596699e+00
1.599111e+00
1.601524e+00
1.603935e+00
1.606348e+00
1.608760e+00
1.611172e+00
1.613584e+00
1.615997e+00
1.618408e+00
1.620821e+00
1.623233e+00
1.625645e+00
1.628057e+00
1.630470e+00
1.632882e+00
1.635294e+00
1.637707e+00
1.640118e+00
1.642531e+00
1.644943e+00
1.647355e+00
1.649767e+00
1.652180e+00
1.654591e+00
1.657004e+00
1.659415e+00
1.661828e+00
1.664240e+00
1.666652e+00
1.669064e+00
1.671477e+00
1.673888e+00
1.676301e+00
1.678713e+00
1.681125e+00
1.683537e+00
1.685950e+00
1.688361e+00
1.690774e+00
1.693186e+00
1.695598e+00
1.698010e+00
1.700423e+00
1.702834e+00
1.705247e+00
1.707659e+00
1.710071e+00
1.712483e+00
1.714896e+00
1.717307e+00
1.719720e+00
1.722132e+00
1.724544e+00
1.726956e+00
1.729368e+00
1.731780e+00
1.734193e+00
1.736604e+00
1.739017e+00
1.741429e+00
1.743841e+00
1.746253e+00
1.748666e+00
1.751077e+00
1.753490e+00
1.755902e+00
1.758314e+00
1.760726e+00
1.763139e+00
1.765550e+00
1.767963e+00
1.770375e+00
1.772787e+00
1.775200e+00
1.777612e+00
1.780024e+00
1.782436e+00
1.784849e+00
1.787260e+00
1.789673e+00
1.792085e+00
1.794497e+00
1.796909e+00
1.799322e+00
1.801733e+00
1.804146e+00
1.806557e+00
1.808970e+00
1.811382e+00
1.813794e+00
1.816206e+00
1.818619e+00
1.821030e+00
1.823443e+00
1.825855e+00
1.828267e+00
1.830679e+00
1.833092e+00
1.835503e+00
1.837916e+00
1.841147e+00
1.844378e+00
1.847609e+00
1.850840e+00
1.854071e+00
1.857302e+00
1.860534e+00
1.863765e+00
1.866995e+00
1.870227e+00
1.873458e+00
1.876689e+00
1.879920e+00
1.883151e+00
1.886382e+00
1.889613e+00
1.892844e+00
1.896076e+00
1.899307e+00
1.902537e+00
1.905769e+00
1.909000e+00
1.912231e+00
1.915462e+00
1.918693e+00
1.921924e+00
1.925155e+00
1.928386e+00
1.931618e+00
1.934849e+00
1.938079e+00
1.941311e+00
1.944542e+00
1.947773e+00
1.951004e+00
1.954235e+00
1.957466e+00
1.960697e+00
1.963928e+00
1.967160e+00
1.970391e+00
1.973621e+00
1.976853e+00
1.980084e+00
1.983315e+00
1.986546e+00
1.989777e+00
1.993008e+00
1.996239e+00
1.999470e+00
2.002702e+00
2.005933e+00
2.009163e+00
2.012395e+00
2.015626e+00
2.018857e+00
2.022088e+00
2.025319e+00
2.028550e+00
2.031782e+00
2.035012e+00
2.038244e+00
2.041475e+00
2.044706e+00
2.047937e+00
2.051168e+00
2.054399e+00
2.057630e+00
2.060861e+00
2.064092e+00
2.067324e+00
2.070554e+00
2.073786e+00
2.077017e+00
2.080247e+00
2.083479e+00
2.086710e+00
2.089941e+00
2.093172e+00
2.096403e+00
2.099634e+00
2.102866e+00
2.106096e+00
2.109328e+00
2.112559e+00
2.115790e+00
2.119021e+00
2.122252e+00
2.125483e+00
2.128714e+00
2.131945e+00
2.135176e+00
2.138408e+00
2.141638e+00
2.144870e+00
2.148101e+00
2.151332e+00
2.154563e+00
2.157794e+00
2.161025e+00
2.164256e+00
2.167487e+00
2.170718e+00
2.173950e+00
2.177180e+00
2.180411e+00
2.183643e+00
2.186874e+00
2.190105e+00
2.193336e+00
2.196567e+00
2.199798e+00
2.203029e+00
2.206260e+00
2.209492e+00
2.212722e+00
2.215953e+00
2.219185e+00
2.222416e+00
2.225647e+00
2.228878e+00
2.232109e+00
2.235340e+00
2.238571e+00
2.241802e+00
2.245034e+00
2.248264e+00
2.251495e+00
2.254727e+00
2.257958e+00
2.261189e+00
2.264420e+00
2.267651e+00
2.270882e+00
2.274113e+00
2.277344e+00
2.280576e+00
2.283806e+00
2.287037e+00
2.290269e+00
2.293500e+00
2.296731e+00
2.299962e+00
2.303193e+00
2.306424e+00
2.309655e+00
2.312886e+00
2.316118e+00
2.319348e+00
2.322579e+00
2.325811e+00
2.329042e+00
2.332273e+00
2.335504e+00
2.338735e+00
2.341967e+00
2.345197e+00
2.348428e+00
2.351660e+00
2.354890e+00
2.358121e+00
2.361353e+00
2.364584e+00
2.367815e+00
2.371046e+00
2.374277e+00
2.377508e+00
2.380739e+00
2.383970e+00
2.387202e+00
2.390432e+00
2.393663e+00
2.396895e+00
2.400126e+00
2.403357e+00
2.406588e+00
2.409819e+00
2.413051e+00
2.416281e+00
2.419512e+00
2.422744e+00
2.425975e+00
2.429205e+00
2.432437e+00
2.435668e+00
2.438899e+00
2.442130e+00
2.445361e+00
2.448592e+00
2.451823e+00
2.455054e+00
2.458286e+00
2.461516e+00
2.464747e+00
2.467979e+00
2.471210e+00
2.474441e+00
2.477672e+00
2.480903e+00
2.484135e+00
2.487365e+00
2.490594e+00
2.493824e+00
2.497053e+00
2.500282e+00
2.503511e+00
2.506740e+00
2.509969e+00
2.513199e+00
2.516428e+00
2.519657e+00
2.522886e+00
2.526115e+00
2.529344e+00
2.532574e+00
2.535802e+00
2.539031e+00
2.542260e+00
2.545490e+00
2.548719e+00
2.551948e+00
2.555177e+00
2.558406e+00
2.561635e+00
2.564865e+00
2.568094e+00
2.571323e+00
2.574552e+00
2.577781e+00
2.581010e+00
2.584240e+00
2.587469e+00
2.590697e+00
2.593927e+00
2.597156e+00
2.600385e+00
2.603615e+00
2.606843e+00
2.610072e+00
2.613302e+00
2.616531e+00
2.619760e+00
2.622990e+00
2.626218e+00
2.629447e+00
2.632677e+00
2.635906e+00
2.639135e+00
2.642364e+00
2.645593e+00
2.648822e+00
2.652051e+00
2.655281e+00
2.658510e+00
2.661738e+00
2.664968e+00
2.668197e+00
2.671426e+00
2.674656e+00
2.677884e+00
2.681113e+00
2.684343e+00
2.687572e+00
2.690801e+00
2.694030e+00
2.697259e+00
2.700488e+00
2.703718e+00
2.706947e+00
2.710176e+00
2.713405e+00
2.716634e+00
2.719863e+00
2.723093e+00
2.726322e+00
2.729551e+00
2.732780e+00
2.736009e+00
2.739238e+00
2.742468e+00
2.745697e+00
2.748925e+00
2.752155e+00
2.755384e+00
2.758613e+00
2.761842e+00
2.765071e+00
2.768300e+00
2.771529e+00
2.774759e+00
2.777988e+00
2.781217e+00
2.784446e+00
2.787675e+00
2.790904e+00
2.794134e+00
2.797363e+00
2.800591e+00
2.803821e+00
2.807050e+00
2.810279e+00
2.813509e+00
2.816738e+00
2.819966e+00
2.823196e+00
2.826425e+00
2.829654e+00
2.832883e+00
2.836112e+00
2.839341e+00
2.842571e+00
2.845800e+00
2.849029e+00
2.852258e+00
2.855487e+00
2.858716e+00
2.861946e+00
2.865175e+00
2.868404e+00
2.871632e+00
2.874862e+00
2.878091e+00
2.881320e+00
2.884550e+00
2.887778e+00
2.891007e+00
2.894237e+00
2.897466e+00
2.900695e+00
2.903924e+00
2.907153e+00
2.910382e+00
2.913612e+00
2.916841e+00
2.920070e+00
2.923299e+00
2.926528e+00
2.929757e+00
2.932987e+00
2.936216e+00
2.939445e+00
2.942674e+00
2.945903e+00
2.949132e+00
2.952362e+00
2.955591e+00
2.958819e+00
2.962049e+00
2.965278e+00
2.968507e+00
2.971737e+00
2.974965e+00
2.978194e+00
2.981423e+00
2.984653e+00
2.987882e+00
2.991111e+00
2.994340e+00
2.997569e+00
3.000798e+00
3.004028e+00
3.007257e+00
3.010485e+00
3.013715e+00
3.016944e+00
3.020173e+00
3.023403e+00
3.026632e+00
3.029860e+00
3.033090e+00
3.036319e+00
3.039548e+00
3.042778e+00
3.046006e+00
3.049235e+00
3.052465e+00
3.055694e+00
3.058923e+00
3.062152e+00
3.065381e+00
3.068610e+00
3.071840e+00
3.075069e+00
3.078298e+00
3.081527e+00
3.084756e+00
3.087985e+00
3.091214e+00
3.094444e+00
3.097672e+00
3.100901e+00
3.104131e+00
3.107360e+00
3.110589e+00
3.113818e+00
3.117047e+00
3.120276e+00
3.123506e+00
3.126735e+00
3.129964e+00
3.133193e+00
3.136422e+00
3.140104e+00
3.143785e+00
3.147467e+00
3.151150e+00
3.154831e+00
3.158513e+00
3.162194e+00
3.165876e+00
3.169558e+00
3.173239e+00
3.176921e+00
3.180603e+00
3.184284e+00
3.187966e+00
3.191648e+00
3.195330e+00
3.199012e+00
3.202693e+00
3.206375e+00
3.210057e+00
3.213738e+00
3.217420e+00
3.221102e+00
3.224783e+00
3.228465e+00
3.232147e+00
3.235828e+00
3.239510e+00
3.243192e+00
3.246874e+00
3.250556e+00
3.254237e+00
3.257919e+00
3.261601e+00
3.265282e+00
3.268964e+00
3.272646e+00
3.276327e+00
3.280009e+00
3.283690e+00
3.287372e+00
3.291054e+00
3.294736e+00
3.298418e+00
3.302100e+00
3.305781e+00
3.309463e+00
3.313145e+00
3.316826e+00
3.320508e+00
3.324189e+00
3.327871e+00
3.331553e+00
3.335234e+00
3.338916e+00
3.342598e+00
3.346280e+00
3.349962e+00
3.353644e+00
3.357325e+00
3.361007e+00
3.364688e+00
3.368370e+00
3.372052e+00
3.375733e+00
3.379415e+00
3.383097e+00
3.386778e+00
3.390460e+00
3.394142e+00
3.397824e+00
3.401506e+00
3.405187e+00
3.408869e+00
3.412551e+00
3.416232e+00
3.419914e+00
3.423596e+00
3.427277e+00
3.430959e+00
3.434640e+00
3.438322e+00
3.442004e+00
3.445686e+00
3.449368e+00
3.453050e+00
3.456731e+00
3.460413e+00
3.464095e+00
3.467776e+00
3.471458e+00
3.475139e+00
3.478821e+00
3.482503e+00
3.486184e+00
3.489866e+00
3.493548e+00
3.497230e+00
3.500912e+00
3.504594e+00
3.508275e+00
3.511957e+00
3.515638e+00
3.519320e+00
3.523002e+00
3.526683e+00
3.530365e+00
3.534047e+00
3.537728e+00
3.541410e+00
3.545093e+00
3.548774e+00
3.552456e+00
3.556137e+00
3.559819e+00
3.563501e+00
3.567182e+00
3.570864e+00
3.574546e+00
3.578227e+00
3.581909e+00
3.585591e+00
3.589273e+00
3.592955e+00
3.596636e+00
3.600318e+00
3.604000e+00
3.607681e+00
3.611363e+00
3.615045e+00
3.618726e+00
3.622408e+00
3.626090e+00
3.629771e+00
3.633453e+00
3.637135e+00
3.640817e+00
3.644499e+00
3.648180e+00
3.651862e+00
3.655544e+00
3.659225e+00
3.662907e+00
3.666589e+00
3.670270e+00
3.673952e+00
3.677633e+00
3.681315e+00
3.684997e+00
3.688679e+00
3.692361e+00
3.696043e+00
3.699724e+00
3.703406e+00
3.707088e+00
3.710769e+00
3.714451e+00
3.718132e+00
3.721814e+00
3.725496e+00
3.729177e+00
3.732859e+00
3.736541e+00
3.740223e+00
3.743905e+00
3.747587e+00
3.751268e+00
3.754950e+00
3.758631e+00
3.762313e+00
3.765995e+00
3.769676e+00
3.773358e+00
3.777040e+00
3.780721e+00
3.784403e+00
3.788085e+00
3.791767e+00
3.795449e+00
3.799130e+00
3.802812e+00
3.806494e+00
3.810175e+00
3.813857e+00
3.817539e+00
3.821220e+00
3.824902e+00
3.828584e+00
3.832265e+00
3.835947e+00
3.839629e+00
3.843311e+00
3.846993e+00
3.850674e+00
3.854356e+00
3.858038e+00
3.861719e+00
3.865401e+00
3.869083e+00
3.872764e+00
3.876446e+00
3.880127e+00
3.883809e+00
3.887491e+00
3.891173e+00
3.894855e+00
3.898537e+00
3.902218e+00
3.905900e+00
3.909582e+00
3.913263e+00
3.916945e+00
3.920626e+00
3.924308e+00
3.927990e+00
3.931671e+00
3.935353e+00
3.939036e+00
3.942717e+00
3.946399e+00
3.950081e+00
3.953762e+00
3.957444e+00
3.961125e+00
3.964807e+00
3.968489e+00
3.972170e+00
3.975852e+00
3.979534e+00
3.983216e+00
3.986898e+00
3.990579e+00
3.994261e+00
3.997943e+00
4.001624e+00
4.005306e+00
4.008988e+00
4.012669e+00
4.016351e+00
4.020033e+00
4.023714e+00
4.027396e+00
4.031078e+00
4.034760e+00
4.038442e+00
4.042123e+00
4.045805e+00
4.049487e+00
4.053168e+00
4.056850e+00
4.060532e+00
4.064213e+00
4.067895e+00
4.071576e+00
4.075258e+00
4.078940e+00
4.082622e+00
4.086304e+00
4.089986e+00
4.093667e+00
4.097349e+00
4.101031e+00
4.104712e+00
4.108394e+00
4.112075e+00
4.115757e+00
4.119439e+00
4.123120e+00
4.126802e+00
4.130484e+00
4.134166e+00
4.137848e+00
4.141530e+00
4.145211e+00
4.148893e+00
4.152574e+00
4.156256e+00
4.159938e+00
4.163619e+00
4.167301e+00
4.170983e+00
4.174664e+00
4.178346e+00
4.182028e+00
4.185710e+00
4.189392e+00
4.193073e+00
4.196755e+00
4.200437e+00
4.204118e+00
4.207800e+00
4.211482e+00
4.215163e+00
4.218845e+00
4.222527e+00
4.226208e+00
4.229890e+00
4.233572e+00
4.237254e+00
4.240936e+00
4.244617e+00
4.248299e+00
4.250453e+00
4.252608e+00
4.254762e+00
4.256917e+00
4.259072e+00
4.261226e+00
4.263381e+00
4.265535e+00
4.267690e+00
4.269844e+00
4.271999e+00
4.274153e+00
4.276307e+00
4.278463e+00
4.280617e+00
4.282772e+00
4.284926e+00
4.287080e+00
4.289235e+00
4.291389e+00
4.293544e+00
4.295698e+00
4.297853e+00
4.300008e+00
4.302162e+00
4.304317e+00
4.306471e+00
4.308626e+00
4.310780e+00
4.312934e+00
4.315089e+00
4.317243e+00
4.319399e+00
4.321553e+00
4.323708e+00
4.325862e+00
4.328016e+00
4.330171e+00
4.332325e+00
4.334480e+00
4.336634e+00
4.338789e+00
4.340944e+00
4.343098e+00
4.345253e+00
4.347407e+00
4.349562e+00
4.351716e+00
4.353870e+00
4.356025e+00
4.358179e+00
4.360335e+00
4.362489e+00
4.364643e+00
4.366798e+00
4.368952e+00
4.371107e+00
4.373261e+00
4.375416e+00
4.377570e+00
4.379725e+00
4.381880e+00
4.384034e+00
4.386189e+00
4.388343e+00
4.390498e+00
4.392652e+00
4.394806e+00
4.396961e+00
4.399116e+00
4.401271e+00
4.403425e+00
4.405579e+00
4.407734e+00
4.409888e+00
4.412043e+00
4.414197e+00
4.416352e+00
4.418506e+00
4.420661e+00
4.422816e+00
4.424970e+00
4.427125e+00
4.429279e+00
4.431433e+00
4.433588e+00
4.435742e+00
4.437897e+00
4.440052e+00
4.442207e+00
4.444361e+00
4.446515e+00
4.448670e+00
4.450824e+00
4.452979e+00
4.455133e+00
4.457288e+00
4.459443e+00
4.461597e+00
4.463752e+00
4.465906e+00
4.468061e+00
4.470215e+00
4.472370e+00
4.474524e+00
4.476678e+00
4.478834e+00
4.480988e+00
4.483142e+00
4.485297e+00
4.487451e+00
4.489606e+00
4.491760e+00
4.493915e+00
4.496069e+00
4.498224e+00
4.500379e+00
4.502533e+00
4.504688e+00
4.506842e+00
4.508997e+00
4.511151e+00
4.513305e+00
4.515460e+00
4.517614e+00
4.519770e+00
4.521924e+00
4.524078e+00
4.526233e+00
4.528387e+00
4.530542e+00
4.532696e+00
4.534851e+00
4.537005e+00
4.539160e+00
4.541315e+00
4.543469e+00
4.545624e+00
4.547778e+00
4.549933e+00
4.552087e+00
4.554241e+00
4.556396e+00
4.558550e+00
4.560706e+00
4.562860e+00
4.565014e+00
4.567169e+00
4.569323e+00
4.571478e+00
4.573632e+00
4.575787e+00
4.577941e+00
4.580096e+00
4.582251e+00
4.584405e+00
4.586560e+00
4.588714e+00
4.590869e+00
4.593023e+00
4.595177e+00
4.597332e+00
4.599487e+00
4.601642e+00
4.603796e+00
4.605950e+00
4.608105e+00
4.610259e+00
4.612414e+00
4.614568e+00
4.616723e+00
4.618878e+00
4.621032e+00
4.623187e+00
4.625341e+00
4.627496e+00
4.629650e+00
4.631804e+00
4.633959e+00
4.636113e+00
4.638268e+00
4.640423e+00
4.642578e+00
4.644732e+00
4.646886e+00
4.649041e+00
4.651195e+00
4.653350e+00
4.655504e+00
4.657658e+00
4.659814e+00
4.661968e+00
4.664123e+00
4.666277e+00
4.668432e+00
4.670586e+00
4.672740e+00
4.674895e+00
4.677049e+00
4.679205e+00
4.681359e+00
4.683513e+00
4.685668e+00
4.687822e+00
4.689977e+00
4.692131e+00
4.694286e+00
4.696440e+00
4.698595e+00
4.700750e+00
4.702904e+00
4.705059e+00
4.707213e+00
4.709367e+00
4.711522e+00
4.713676e+00
4.715831e+00
4.717985e+00
4.720141e+00
4.722295e+00
4.724449e+00
4.726604e+00
4.728758e+00
4.730913e+00
4.733067e+00
4.735222e+00
4.737376e+00
4.739531e+00
4.741686e+00
4.743840e+00
4.745995e+00
4.748149e+00
4.750303e+00
4.752458e+00
4.754612e+00
4.756767e+00
4.758921e+00
4.761076e+00
4.763231e+00
4.765385e+00
4.767540e+00
4.769694e+00
4.771849e+00
4.774003e+00
4.776158e+00
4.778312e+00
4.780467e+00
4.782622e+00
4.784776e+00
4.786931e+00
4.789085e+00
4.791239e+00
4.793394e+00
4.795548e+00
4.797703e+00
4.799858e+00
4.802012e+00
4.804167e+00
4.806321e+00
4.808476e+00
4.810630e+00
4.812785e+00
4.814939e+00
4.817094e+00
4.819249e+00
4.821403e+00
4.823558e+00
4.825712e+00
4.827867e+00
4.830021e+00
4.832175e+00
4.834330e+00
4.836484e+00
4.838639e+00
4.840794e+00
4.842948e+00
4.845103e+00
4.847257e+00
4.849412e+00
4.851566e+00
4.853721e+00
4.855875e+00
4.858029e+00
4.860185e+00
4.862339e+00
4.864494e+00
4.866648e+00
4.868803e+00
4.870957e+00
4.873111e+00
4.875266e+00
4.877420e+00
4.879575e+00
4.881730e+00
4.883884e+00
4.886039e+00
4.888193e+00
4.890348e+00
4.892502e+00
4.894657e+00
4.896811e+00
4.898965e+00
4.901121e+00
4.903275e+00
4.905430e+00
4.907584e+00
4.909738e+00
4.911893e+00
4.914047e+00
4.916202e+00
4.918356e+00
4.920512e+00
4.922666e+00
4.924820e+00
4.926975e+00
4.929129e+00
4.931284e+00
4.933438e+00
4.935592e+00
4.937747e+00
4.939902e+00
4.942057e+00
4.944211e+00
4.946366e+00
4.948520e+00
4.950674e+00
4.952829e+00
4.954983e+00
4.957138e+00
4.959292e+00
4.961447e+00
4.963602e+00
4.965756e+00
4.967911e+00
4.970065e+00
4.972220e+00
4.974374e+00
4.976528e+00
4.978683e+00
4.980838e+00
4.982993e+00
4.985147e+00
4.987302e+00
4.989456e+00
4.991610e+00
4.993765e+00
4.995919e+00
4.998074e+00
5.000229e+00
5.002383e+00
5.004538e+00
5.006692e+00
5.008847e+00
5.011001e+00
5.013156e+00
5.015310e+00
5.017464e+00
5.019620e+00
5.021774e+00
5.023929e+00
5.026083e+00
5.028237e+00
5.030392e+00
5.032546e+00
5.034701e+00
5.036855e+00
5.039010e+00
5.041165e+00
5.043319e+00
5.045474e+00
5.047628e+00
5.049783e+00
5.051937e+00
5.054092e+00
5.056246e+00
5.058400e+00
5.060556e+00
5.062710e+00
5.064865e+00
5.067019e+00
5.069173e+00
5.071328e+00
5.073482e+00
5.075637e+00
5.077791e+00
5.079946e+00
5.082101e+00
5.084255e+00
5.086410e+00
5.088564e+00
5.090719e+00
5.092873e+00
5.095028e+00
5.097182e+00
5.099336e+00
5.101492e+00
5.103646e+00
5.105800e+00
5.107955e+00
5.110109e+00
5.112264e+00
5.114418e+00
5.116573e+00
5.118727e+00
5.120882e+00
5.123037e+00
5.125191e+00
5.127346e+00
5.129500e+00
5.131655e+00
5.133809e+00
5.135963e+00
5.138118e+00
5.140273e+00
5.142428e+00
5.144582e+00
5.146737e+00
5.148891e+00
5.151045e+00
5.153200e+00
5.155354e+00
5.157509e+00
5.159664e+00
5.161818e+00
5.163973e+00
5.166127e+00
5.168282e+00
5.170436e+00
5.172591e+00
5.174745e+00
5.176899e+00
5.179054e+00
5.181209e+00
5.183364e+00
5.185518e+00
5.187672e+00
5.189827e+00
5.191981e+00
5.194136e+00
5.196290e+00
5.198445e+00
5.200600e+00
5.202754e+00
5.204909e+00
5.207063e+00
5.209218e+00
5.211372e+00
5.213526e+00
5.215681e+00
5.217835e+00
5.219991e+00
5.222145e+00
5.224300e+00
5.226454e+00
5.228608e+00
5.230763e+00
5.232917e+00
5.235072e+00
5.237226e+00
5.239381e+00
5.241536e+00
5.243690e+00
5.245845e+00
5.247999e+00
5.250154e+00
5.252308e+00
5.254462e+00
5.256617e+00
5.258771e+00
5.260927e+00
5.263081e+00
5.265236e+00
5.267390e+00
5.269544e+00
5.271699e+00
5.273853e+00
5.276008e+00
5.278162e+00
5.280317e+00
5.282472e+00
5.284626e+00
5.286781e+00
5.288935e+00
5.291090e+00
5.293244e+00
5.295398e+00
5.297553e+00
5.299707e+00
5.301863e+00
5.304017e+00
5.306171e+00
5.308326e+00
5.310480e+00
5.312635e+00
5.314789e+00
5.316944e+00
5.319098e+00
5.321253e+00
5.323408e+00
5.325562e+00
5.327717e+00
5.329871e+00
5.327266e+00
5.324663e+00
5.322058e+00
5.319453e+00
5.316850e+00
5.314245e+00
5.311640e+00
5.309037e+00
5.306432e+00
5.303827e+00
5.301223e+00
5.298619e+00
5.296014e+00
5.293410e+00
5.290806e+00
5.288201e+00
5.285597e+00
5.282993e+00
5.280388e+00
5.277784e+00
5.275180e+00
5.272575e+00
5.269970e+00
5.267366e+00
5.264762e+00
5.262157e+00
5.259553e+00
5.256949e+00
5.254344e+00
5.251740e+00
5.249136e+00
5.246531e+00
5.243927e+00
5.241323e+00
5.238718e+00
5.236114e+00
5.233510e+00
5.230905e+00
5.228301e+00
5.225696e+00
5.223092e+00
5.220488e+00
5.217883e+00
5.215279e+00
5.212675e+00
5.210070e+00
5.207466e+00
5.204862e+00
5.202257e+00
5.199653e+00
5.197049e+00
5.194444e+00
5.191840e+00
5.189236e+00
5.186631e+00
5.184026e+00
5.181423e+00
5.178818e+00
5.176213e+00
5.173610e+00
5.171005e+00
5.168400e+00
5.165797e+00
5.163192e+00
5.160587e+00
5.157983e+00
5.155379e+00
5.152774e+00
5.150170e+00
5.147566e+00
5.144961e+00
5.142356e+00
5.139753e+00
5.137148e+00
5.134543e+00
5.131940e+00
5.129335e+00
5.126730e+00
5.124126e+00
5.121522e+00
5.118917e+00
5.116313e+00
5.113709e+00
5.111104e+00
5.108500e+00
5.105896e+00
5.103291e+00
5.100687e+00
5.098083e+00
5.095478e+00
5.092874e+00
5.090270e+00
5.087665e+00
5.085061e+00
5.082456e+00
5.079852e+00
5.077248e+00
5.074643e+00
5.072039e+00
5.069435e+00
5.066830e+00
5.064226e+00
5.061622e+00
5.059017e+00
5.056413e+00
5.053809e+00
5.051204e+00
5.048600e+00
5.045996e+00
5.043391e+00
5.040786e+00
5.038183e+00
5.035578e+00
5.032973e+00
5.030369e+00
5.027765e+00
5.025160e+00
5.022556e+00
5.019952e+00
5.017347e+00
5.014743e+00
5.012139e+00
5.009534e+00
5.006930e+00
5.004326e+00
5.001721e+00
4.999116e+00
4.996513e+00
4.993908e+00
4.991303e+00
4.988700e+00
4.986095e+00
4.983490e+00
4.980886e+00
4.978282e+00
4.975677e+00
4.973073e+00
4.970469e+00
4.967864e+00
4.965260e+00
4.962656e+00
4.960051e+00
4.957447e+00
4.954843e+00
4.952238e+00
4.949634e+00
4.947030e+00
4.944425e+00
4.941821e+00
4.939216e+00
4.936612e+00
4.934008e+00
4.931403e+00
4.928799e+00
4.926195e+00
4.923590e+00
4.920986e+00
4.918382e+00
4.915777e+00
4.913173e+00
4.910568e+00
4.907964e+00
4.905360e+00
4.902755e+00
4.900151e+00
4.897546e+00
4.894942e+00
4.892338e+00
4.889733e+00
4.887129e+00
4.884525e+00
4.881920e+00
4.879316e+00
4.876712e+00
4.874107e+00
4.871503e+00
4.868899e+00
4.866294e+00
4.863690e+00
4.861086e+00
4.858481e+00
4.855876e+00
4.853273e+00
4.850668e+00
4.848063e+00
4.845460e+00
4.842855e+00
4.840250e+00
4.837646e+00
4.835042e+00
4.832437e+00
4.829833e+00
4.827229e+00
4.824624e+00
4.822020e+00
4.819416e+00
4.816811e+00
4.814207e+00
4.811603e+00
4.808998e+00
4.806394e+00
4.803790e+00
4.801185e+00
4.798581e+00
4.795976e+00
4.793372e+00
4.790767e+00
4.788163e+00
4.785559e+00
4.782954e+00
4.780350e+00
4.777746e+00
4.775141e+00
4.772537e+00
4.769933e+00
4.767328e+00
4.764724e+00
4.762120e+00
4.759515e+00
4.756911e+00
4.754306e+00
4.751702e+00
4.749098e+00
4.746493e+00
4.743889e+00
4.741285e+00
4.738680e+00
4.736076e+00
4.733472e+00
4.730867e+00
4.728262e+00
4.725659e+00
4.723054e+00
4.720449e+00
4.717846e+00
4.715241e+00
4.712636e+00
4.710033e+00
4.707428e+00
4.704823e+00
4.702220e+00
4.699615e+00
4.697010e+00
4.694406e+00
4.691802e+00
4.689197e+00
4.686593e+00
4.683989e+00
4.681384e+00
4.678780e+00
4.676176e+00
4.673571e+00
4.670966e+00
4.668363e+00
4.665758e+00
4.663153e+00
4.660550e+00
4.657945e+00
4.655340e+00
4.652736e+00
4.650132e+00
4.647527e+00
4.644923e+00
4.642319e+00
4.639714e+00
4.637110e+00
4.634506e+00
4.631901e+00
4.629297e+00
4.626693e+00
4.624088e+00
4.621484e+00
4.618880e+00
4.616275e+00
4.613671e+00
4.611066e+00
4.608462e+00
4.605858e+00
4.603253e+00
4.600649e+00
4.598045e+00
4.595440e+00
4.592836e+00
4.590232e+00
4.587627e+00
4.585022e+00
4.582419e+00
4.579814e+00
4.577209e+00
4.574606e+00
4.572001e+00
4.569396e+00
4.566793e+00
4.564188e+00
4.561583e+00
4.558980e+00
4.556375e+00
4.553770e+00
4.551166e+00
4.548562e+00
4.545957e+00
4.543352e+00
4.540749e+00
4.538144e+00
4.535539e+00
4.532936e+00
4.530331e+00
4.527726e+00
4.525123e+00
4.522518e+00
4.519913e+00
4.517310e+00
4.514705e+00
4.512100e+00
4.509496e+00
4.506892e+00
4.504287e+00
4.501683e+00
4.499079e+00
4.496474e+00
4.493870e+00
4.491266e+00
4.488661e+00
4.486057e+00
4.483453e+00
4.480848e+00
4.478244e+00
4.475639e+00
4.473035e+00
4.470431e+00
4.467826e+00
4.465222e+00
4.462618e+00
4.460013e+00
4.457409e+00
4.454805e+00
4.452200e+00
4.449596e+00
4.446992e+00
4.444387e+00
4.441782e+00
4.439179e+00
4.436574e+00
4.433969e+00
4.431365e+00
4.428761e+00
4.426156e+00
4.423552e+00
4.420948e+00
4.418343e+00
4.415739e+00
4.413135e+00
4.410530e+00
4.407926e+00
4.405322e+00
4.402717e+00
4.400112e+00
4.397509e+00
4.394904e+00
4.392299e+00
4.389696e+00
4.387091e+00
4.384486e+00
4.381883e+00
4.379278e+00
4.376673e+00
4.374070e+00
4.371465e+00
4.368860e+00
4.366256e+00
4.363652e+00
4.361047e+00
4.358443e+00
4.355839e+00
4.353234e+00
4.350630e+00
4.348026e+00
4.345421e+00
4.342817e+00
4.340212e+00
4.337608e+00
4.335004e+00
4.332399e+00
4.329795e+00
4.327191e+00
4.324586e+00
4.321982e+00
4.319378e+00
4.316773e+00
4.314169e+00
4.311564e+00
4.308960e+00
4.306356e+00
4.303751e+00
4.301147e+00
4.298542e+00
4.295938e+00
4.293334e+00
4.290729e+00
4.288125e+00
4.285521e+00
4.282916e+00
4.280312e+00
4.277708e+00
4.275103e+00
4.272499e+00
4.269895e+00
4.267290e+00
4.264686e+00
4.262082e+00
4.259477e+00
4.256872e+00
4.254269e+00
4.251664e+00
4.249059e+00
4.246456e+00
4.243851e+00
4.241246e+00
4.238643e+00
4.236038e+00
4.233433e+00
4.230830e+00
4.228225e+00
4.225620e+00
4.223016e+00
4.220412e+00
4.217807e+00
4.215203e+00
4.212599e+00
4.209994e+00
4.207390e+00
4.204786e+00
4.202181e+00
4.199577e+00
4.196972e+00
4.194368e+00
4.191763e+00
4.189159e+00
4.186555e+00
4.183950e+00
4.181346e+00
4.178742e+00
4.176137e+00
4.173533e+00
4.170929e+00
4.168324e+00
4.165720e+00
4.163116e+00
4.160511e+00
4.157907e+00
4.155302e+00
4.152698e+00
4.150094e+00
4.147489e+00
4.144885e+00
4.142281e+00
4.139676e+00
4.137072e+00
4.134468e+00
4.131863e+00
4.129259e+00
4.126655e+00
4.124050e+00
4.121446e+00
4.118842e+00
4.116237e+00
4.113632e+00
4.111029e+00
4.108424e+00
4.105819e+00
4.103216e+00
4.100611e+00
4.098006e+00
4.095402e+00
4.092798e+00
4.090193e+00
4.087589e+00
4.084985e+00
4.082380e+00
4.079776e+00
4.077172e+00
4.074567e+00
4.071962e+00
4.069359e+00
4.066754e+00
4.064149e+00
4.061546e+00
4.058941e+00
4.056336e+00
4.053732e+00
4.051128e+00
4.048523e+00
4.045919e+00
4.043315e+00
4.040710e+00
4.038106e+00
4.035502e+00
4.032897e+00
4.030293e+00
4.027689e+00
4.025084e+00
4.022480e+00
4.019876e+00
4.019162e+00
4.018449e+00
4.017736e+00
4.017023e+00
4.016310e+00
4.015596e+00
4.014884e+00
4.014170e+00
4.013458e+00
4.012744e+00
4.012030e+00
4.011318e+00
4.010604e+00
4.009892e+00
4.009178e+00
4.008465e+00
4.007752e+00
4.007039e+00
4.006326e+00
4.005612e+00
4.004899e+00
4.004186e+00
4.003473e+00
4.002760e+00
4.002047e+00
4.001333e+00
4.000621e+00
3.999907e+00
3.999194e+00
3.998481e+00
3.997767e+00
3.997055e+00
3.996341e+00
3.995629e+00
3.994915e+00
3.994202e+00
3.993489e+00
3.992775e+00
3.992063e+00
3.991349e+00
3.990636e+00
3.989923e+00
3.989210e+00
3.988497e+00
3.987783e+00
3.987070e+00
3.986357e+00
3.985644e+00
3.984931e+00
3.984218e+00
3.983504e+00
3.982792e+00
3.982078e+00
3.981365e+00
3.980652e+00
3.979938e+00
3.979226e+00
3.978512e+00
3.977800e+00
3.977086e+00
3.976373e+00
3.975660e+00
3.974946e+00
3.974234e+00
3.973520e+00
3.972807e+00
3.972094e+00
3.971381e+00
3.970668e+00
3.969955e+00
3.969241e+00
3.968528e+00
3.967815e+00
3.967102e+00
3.966389e+00
3.965675e+00
3.964963e+00
3.964249e+00
3.963536e+00
3.962823e+00
3.962110e+00
3.961397e+00
3.960683e+00
3.959971e+00
3.959257e+00
3.958544e+00
3.957831e+00
3.957118e+00
3.956405e+00
3.955691e+00
3.954978e+00
3.954265e+00
3.953552e+00
3.952839e+00
3.952126e+00
3.951412e+00
3.950699e+00
3.949986e+00
3.949273e+00
3.948560e+00
3.947846e+00
3.947134e+00
3.946420e+00
3.945708e+00
3.944994e+00
3.944281e+00
3.943568e+00
3.942855e+00
3.942142e+00
3.941428e+00
3.940715e+00
3.940002e+00
3.939289e+00
3.938576e+00
3.937863e+00
3.937149e+00
3.936436e+00
3.935723e+00
3.935010e+00
3.934297e+00
3.933583e+00
3.932871e+00
3.932157e+00
3.931444e+00
3.930731e+00
3.930017e+00
3.929305e+00
3.928591e+00
3.927879e+00
3.927165e+00
3.926452e+00
3.925739e+00
3.925026e+00
3.924313e+00
3.923599e+00
3.922886e+00
3.922173e+00
3.921460e+00
3.920747e+00
3.920034e+00
3.919320e+00
3.918608e+00
3.917894e+00
3.917181e+00
3.916468e+00
3.915754e+00
3.915042e+00
3.914328e+00
3.913616e+00
3.912902e+00
3.912189e+00
3.911476e+00
3.910762e+00
3.910050e+00
3.909336e+00
3.908623e+00
3.907910e+00
3.907197e+00
3.906484e+00
3.905770e+00
3.905057e+00
3.904344e+00
3.903631e+00
3.902918e+00
3.902205e+00
3.901491e+00
3.900779e+00
3.900065e+00
3.899352e+00
3.898639e+00
3.897925e+00
3.897213e+00
3.896499e+00
3.895787e+00
3.895073e+00
3.894360e+00
3.893647e+00
3.892933e+00
3.892221e+00
3.891507e+00
3.890794e+00
3.890081e+00
3.889368e+00
3.888655e+00
3.887942e+00
3.887228e+00
3.886515e+00
3.885802e+00
3.885089e+00
3.884376e+00
3.883662e+00
3.882950e+00
3.882236e+00
3.881523e+00
3.880810e+00
3.880097e+00
3.879384e+00
3.878670e+00
3.877958e+00
3.877244e+00
3.876531e+00
3.875818e+00
3.875105e+00
3.874392e+00
3.873678e+00
3.872965e+00
3.872252e+00
3.871539e+00
3.870826e+00
3.870113e+00
3.869399e+00
3.868686e+00
3.867973e+00
3.867260e+00
3.866547e+00
3.865833e+00
3.865121e+00
3.864407e+00
3.863695e+00
3.862981e+00
3.862268e+00
3.861555e+00
3.860841e+00
3.860129e+00
3.859415e+00
3.858702e+00
3.857989e+00
3.857276e+00
3.856563e+00
3.855850e+00
3.855136e+00
3.854423e+00
3.853710e+00
3.852997e+00
3.852284e+00
3.851570e+00
3.850858e+00
3.850144e+00
3.849431e+00
3.848718e+00
3.848004e+00
3.847292e+00
3.846578e+00
3.845866e+00
3.845152e+00
3.844439e+00
3.843726e+00
3.843013e+00
3.842300e+00
3.841586e+00
3.840873e+00
3.840160e+00
3.839447e+00
3.838733e+00
3.838021e+00
3.837307e+00
3.836594e+00
3.835881e+00
3.835167e+00
3.834455e+00
3.833741e+00
3.833029e+00
3.832315e+00
3.831602e+00
3.830889e+00
3.830176e+00
3.829463e+00
3.828749e+00
3.828036e+00
3.827323e+00
3.826610e+00
3.825897e+00
3.825184e+00
3.824470e+00
3.823757e+00
3.823044e+00
3.822331e+00
3.821618e+00
3.820904e+00
3.820192e+00
3.819478e+00
3.818766e+00
3.818052e+00
3.817338e+00
3.816626e+00
3.815912e+00
3.815200e+00
3.814486e+00
3.813773e+00
3.813060e+00
3.812347e+00
3.811634e+00
3.810920e+00
3.810207e+00
3.809494e+00
3.808781e+00
3.808068e+00
3.807355e+00
3.806641e+00
3.805929e+00
3.805215e+00
3.804502e+00
3.803789e+00
3.803075e+00
3.802363e+00
3.801649e+00
3.800937e+00
3.800223e+00
3.799510e+00
3.798797e+00
3.798083e+00
3.797371e+00
3.796657e+00
3.795944e+00
3.795231e+00
3.794518e+00
3.793805e+00
3.793092e+00
3.792378e+00
3.791665e+00
3.790952e+00
3.790239e+00
3.789526e+00
3.788812e+00
3.788100e+00
3.787386e+00
3.786673e+00
3.785960e+00
3.785247e+00
3.784534e+00
3.783820e+00
3.783108e+00
3.782394e+00
3.781681e+00
3.780968e+00
3.780255e+00
3.779542e+00
3.778828e+00
3.778115e+00
3.777402e+00
3.776689e+00
3.775976e+00
3.775263e+00
3.774549e+00
3.773836e+00
3.773123e+00
3.772410e+00
3.771697e+00
3.770983e+00
3.770271e+00
3.769557e+00
3.768845e+00
3.768131e+00
3.767418e+00
3.766705e+00
3.765991e+00
3.765279e+00
3.764565e+00
3.763852e+00
3.763139e+00
3.762426e+00
3.761713e+00
3.761000e+00
3.760286e+00
3.759573e+00
3.758860e+00
3.758147e+00
3.757434e+00
3.756720e+00
3.756008e+00
3.755294e+00
3.754581e+00
3.753868e+00
3.753154e+00
3.752442e+00
3.751728e+00
3.751016e+00
3.750302e+00
3.749589e+00
3.748876e+00
3.748163e+00
3.747450e+00
3.746736e+00
3.746023e+00
3.745310e+00
3.744597e+00
3.743884e+00
3.743171e+00
3.742457e+00
3.741744e+00
3.741031e+00
3.740318e+00
3.739605e+00
3.738891e+00
3.738179e+00
3.737465e+00
3.736753e+00
3.736039e+00
3.735325e+00
3.734613e+00
3.733899e+00
3.733187e+00
3.732473e+00
3.731760e+00
3.731047e+00
3.730334e+00
3.729621e+00
3.728907e+00
3.728194e+00
3.727481e+00
3.726768e+00
3.726055e+00
3.725342e+00
3.724628e+00
3.723916e+00
3.723202e+00
3.722489e+00
3.721776e+00
3.721062e+00
3.720350e+00
3.719636e+00
3.718924e+00
3.718210e+00
3.717497e+00
3.716784e+00
3.716070e+00
3.715358e+00
3.714644e+00
3.713931e+00
3.713218e+00
3.712505e+00
3.711792e+00
3.711078e+00
3.710365e+00
3.709652e+00
3.708939e+00
3.708226e+00
3.707513e+00
3.706799e+00
3.706087e+00
3.705373e+00
3.704660e+00
3.703947e+00
3.703233e+00
3.702521e+00
3.701807e+00
3.701095e+00
3.700381e+00
3.699668e+00
3.698955e+00
3.698242e+00
3.697529e+00
3.696815e+00
3.696102e+00
3.695389e+00
3.694676e+00
3.693963e+00
3.693250e+00
3.692536e+00
3.691823e+00
3.691110e+00
3.690397e+00
3.689684e+00
3.688970e+00
3.688258e+00
3.687544e+00
3.686831e+00
3.686118e+00
3.685405e+00
3.684692e+00
3.683978e+00
3.683266e+00
3.682552e+00
3.681839e+00
3.681126e+00
3.680413e+00
3.679700e+00
3.678987e+00
3.678273e+00
3.677560e+00
3.676847e+00
