4.615333e-04
5.104815e-04
5.594298e-04
6.083780e-04
6.573262e-04
7.062745e-04
7.552227e-04
8.041708e-04
8.531192e-04
9.020673e-04
9.510155e-04
9.999638e-04
1.048912e-03
1.097860e-03
1.146808e-03
1.195757e-03
1.244705e-03
1.293653e-03
1.342601e-03
1.391550e-03
1.440498e-03
1.489446e-03
1.538394e-03
1.587342e-03
1.636291e-03
1.685239e-03
1.734187e-03
1.783135e-03
1.832084e-03
1.881032e-03
1.929980e-03
2.045831e-03
2.161682e-03
2.277533e-03
2.393384e-03
2.509235e-03
2.625086e-03
2.740937e-03
2.856788e-03
2.972639e-03
3.088490e-03
3.204341e-03
3.320192e-03
3.436043e-03
3.551894e-03
3.667745e-03
3.783596e-03
3.899447e-03
4.015298e-03
4.131149e-03
4.247000e-03
4.310390e-03
4.373780e-03
4.437170e-03
4.500560e-03
4.563950e-03
4.627340e-03
4.690730e-03
4.754120e-03
4.817510e-03
4.880900e-03
4.944290e-03
5.007680e-03
5.071070e-03
5.134460e-03
5.197850e-03
5.261240e-03
5.324630e-03
5.388020e-03
5.359804e-03
5.514800e-03
5.669796e-03
5.824791e-03
5.979787e-03
6.134782e-03
6.289778e-03
6.444773e-03
6.599769e-03
6.754764e-03
6.909760e-03
7.064756e-03
7.219751e-03
7.374747e-03
7.529742e-03
7.684738e-03
7.839733e-03
7.994729e-03
8.149724e-03
8.304720e-03
8.459716e-03
8.614711e-03
8.769707e-03
8.924702e-03
9.079698e-03
9.234693e-03
9.389689e-03
9.544684e-03
9.699680e-03
9.854676e-03
1.000967e-02
1.016467e-02
1.027894e-02
1.039321e-02
1.050749e-02
1.062176e-02
1.073603e-02
1.085031e-02
1.096458e-02
1.107885e-02
1.119313e-02
1.130740e-02
1.142167e-02
1.153595e-02
1.165022e-02
1.176449e-02
1.187877e-02
1.199304e-02
1.210731e-02
1.222159e-02
1.233586e-02
1.245013e-02
1.256441e-02
1.267868e-02
1.279295e-02
1.290723e-02
1.302150e-02
1.313577e-02
1.325005e-02
1.336432e-02
1.347859e-02
1.359287e-02
1.370714e-02
1.382141e-02
1.393569e-02
1.404996e-02
1.416423e-02
1.427851e-02
1.439278e-02
1.450705e-02
1.462133e-02
1.473560e-02
1.484987e-02
1.496415e-02
1.507842e-02
1.519269e-02
1.530697e-02
1.542124e-02
1.553551e-02
1.564979e-02
1.576406e-02
1.587833e-02
1.602473e-02
1.617112e-02
1.631751e-02
1.646391e-02
1.661030e-02
1.675669e-02
1.690309e-02
1.704948e-02
1.719587e-02
1.734227e-02
1.748866e-02
1.763505e-02
1.778145e-02
1.792784e-02
1.807423e-02
1.822063e-02
1.836702e-02
1.851341e-02
1.865981e-02
1.880620e-02
1.895259e-02
1.909899e-02
1.924538e-02
1.939177e-02
1.953817e-02
1.968456e-02
1.983095e-02
1.997735e-02
2.012374e-02
2.027013e-02
2.041653e-02
2.056292e-02
2.070931e-02
2.085571e-02
2.100210e-02
2.114849e-02
2.129489e-02
2.144128e-02
2.158767e-02
2.173407e-02
2.188046e-02
2.202685e-02
2.217325e-02
2.231964e-02
2.246603e-02
2.261243e-02
2.275882e-02
2.290521e-02
2.305161e-02
2.319800e-02
2.319109e-02
2.318417e-02
2.317726e-02
2.317035e-02
2.316343e-02
2.315652e-02
2.314961e-02
2.314269e-02
2.313578e-02
2.312887e-02
2.312195e-02
2.311504e-02
2.310813e-02
2.310121e-02
2.309430e-02
2.308739e-02
2.308047e-02
2.307356e-02
2.306665e-02
2.305973e-02
2.305282e-02
2.304591e-02
2.303899e-02
2.303208e-02
2.302517e-02
2.301825e-02
2.301134e-02
2.300443e-02
2.299751e-02
2.299060e-02
2.298369e-02
2.297677e-02
2.296986e-02
2.296295e-02
2.295603e-02
2.294912e-02
2.294221e-02
2.293529e-02
2.292838e-02
2.292147e-02
2.291455e-02
2.290764e-02
2.290073e-02
2.289381e-02
2.288690e-02
2.287999e-02
2.287307e-02
2.286616e-02
2.285925e-02
2.285233e-02
2.284542e-02
2.283851e-02
2.283159e-02
2.282468e-02
2.281777e-02
2.281085e-02
2.280394e-02
2.279703e-02
2.279011e-02
2.278320e-02
2.277629e-02
2.276937e-02
2.276246e-02
2.275555e-02
2.274863e-02
2.274172e-02
2.273481e-02
2.272789e-02
2.272098e-02
2.271407e-02
2.270715e-02
2.270024e-02
2.269333e-02
2.268641e-02
2.267950e-02
2.267259e-02
2.266567e-02
2.265876e-02
2.265185e-02
2.264493e-02
2.263802e-02
2.263111e-02
2.262419e-02
2.261728e-02
2.261037e-02
2.260345e-02
2.259654e-02
2.258963e-02
2.258271e-02
2.257580e-02
2.256889e-02
2.256197e-02
2.255506e-02
2.254815e-02
2.254123e-02
2.253432e-02
2.252741e-02
2.252049e-02
2.251358e-02
2.250667e-02
2.260748e-02
2.270830e-02
2.280912e-02
2.290993e-02
2.301075e-02
2.311157e-02
2.321238e-02
2.331320e-02
2.341402e-02
2.351483e-02
2.361565e-02
2.371647e-02
2.381728e-02
2.391810e-02
2.401892e-02
2.411973e-02
2.422055e-02
2.432137e-02
2.442218e-02
2.452300e-02
2.462382e-02
2.472463e-02
2.482545e-02
2.492627e-02
2.502708e-02
2.512790e-02
2.522872e-02
2.532953e-02
2.543035e-02
2.553117e-02
2.563198e-02
2.573280e-02
2.583362e-02
2.593443e-02
2.603525e-02
2.613607e-02
2.623688e-02
2.633770e-02
2.643852e-02
2.653933e-02
2.664015e-02
2.674097e-02
2.684178e-02
2.694260e-02
2.704342e-02
2.714423e-02
2.724505e-02
2.734587e-02
2.744668e-02
2.754750e-02
2.764832e-02
2.774913e-02
2.784995e-02
2.795077e-02
2.805158e-02
2.815240e-02
2.825322e-02
2.835403e-02
2.845485e-02
2.855567e-02
2.865648e-02
2.875730e-02
2.885812e-02
2.895893e-02
2.905975e-02
2.916057e-02
2.926138e-02
2.936220e-02
2.946302e-02
2.956383e-02
2.966465e-02
2.976547e-02
2.986628e-02
2.996710e-02
3.006792e-02
3.016873e-02
3.026955e-02
3.037037e-02
3.047118e-02
3.057200e-02
3.067282e-02
3.077363e-02
3.087445e-02
3.097527e-02
3.107608e-02
3.117690e-02
3.127772e-02
3.137853e-02
3.147935e-02
3.158017e-02
3.168098e-02
3.178180e-02
3.188262e-02
3.198343e-02
3.208425e-02
3.218507e-02
3.228588e-02
3.238670e-02
3.248752e-02
3.258833e-02
3.271266e-02
3.283699e-02
3.296131e-02
3.308564e-02
3.320997e-02
3.333429e-02
3.345862e-02
3.358295e-02
3.370727e-02
3.383160e-02
3.395593e-02
3.408025e-02
3.420458e-02
3.432891e-02
3.445323e-02
3.457756e-02
3.470189e-02
3.482621e-02
3.495054e-02
3.507487e-02
3.519919e-02
3.532352e-02
3.544785e-02
3.557217e-02
3.569650e-02
3.582083e-02
3.594515e-02
3.606948e-02
3.619381e-02
3.631813e-02
3.644246e-02
3.656679e-02
3.669111e-02
3.681544e-02
3.693977e-02
3.706409e-02
3.718842e-02
3.731275e-02
3.743707e-02
3.756140e-02
3.768573e-02
3.781005e-02
3.793438e-02
3.805871e-02
3.818303e-02
3.830736e-02
3.843169e-02
3.855601e-02
3.868034e-02
3.880467e-02
3.892899e-02
3.905332e-02
3.917765e-02
3.930197e-02
3.942630e-02
3.955063e-02
3.967495e-02
3.979928e-02
3.992361e-02
4.004793e-02
4.017226e-02
4.029659e-02
4.042091e-02
4.054524e-02
4.066957e-02
4.079389e-02
4.091822e-02
4.104255e-02
4.116687e-02
4.129120e-02
4.141553e-02
4.153985e-02
4.166418e-02
4.178851e-02
4.191283e-02
4.203716e-02
4.216149e-02
4.228581e-02
4.241014e-02
4.253447e-02
4.265879e-02
4.278312e-02
4.290745e-02
4.303177e-02
4.315610e-02
4.328043e-02
4.340475e-02
4.352908e-02
4.365341e-02
4.377773e-02
4.390206e-02
4.402639e-02
4.415071e-02
4.427504e-02
4.439937e-02
4.452369e-02
4.464802e-02
4.477235e-02
4.489667e-02
4.502100e-02
4.514533e-02
4.526965e-02
4.539398e-02
4.551831e-02
4.564263e-02
4.576696e-02
4.589129e-02
4.601561e-02
4.613994e-02
4.626427e-02
4.638859e-02
4.651292e-02
4.663725e-02
4.676157e-02
4.688590e-02
4.701023e-02
4.713455e-02
4.725888e-02
4.738321e-02
4.750753e-02
4.763186e-02
4.775619e-02
4.788051e-02
4.800484e-02
4.812917e-02
4.825349e-02
4.837782e-02
4.850215e-02
4.862647e-02
4.875080e-02
4.887513e-02
4.899945e-02
4.912378e-02
4.924811e-02
4.937243e-02
4.949676e-02
4.962109e-02
4.974541e-02
4.986974e-02
4.999407e-02
5.011839e-02
5.024272e-02
5.036705e-02
5.049137e-02
5.061570e-02
5.074003e-02
5.086435e-02
5.098868e-02
5.111301e-02
5.123733e-02
5.136166e-02
5.148599e-02
5.161031e-02
5.173464e-02
5.185897e-02
5.198329e-02
5.210762e-02
5.223195e-02
5.235627e-02
5.248060e-02
5.260493e-02
5.272925e-02
5.285358e-02
5.297791e-02
5.310223e-02
5.322656e-02
5.335089e-02
5.347521e-02
5.359954e-02
5.372387e-02
5.384819e-02
5.397252e-02
5.409685e-02
5.422117e-02
5.434550e-02
5.446983e-02
5.459415e-02
5.471848e-02
5.484281e-02
5.496713e-02
5.509146e-02
5.521579e-02
5.534011e-02
5.546444e-02
5.558877e-02
5.571309e-02
5.583742e-02
5.596175e-02
5.608607e-02
5.621040e-02
5.633473e-02
5.645905e-02
5.658338e-02
5.670771e-02
5.683203e-02
5.695636e-02
5.708069e-02
5.720501e-02
5.732934e-02
5.745367e-02
5.766172e-02
5.786977e-02
5.807782e-02
5.828587e-02
5.849392e-02
5.870197e-02
5.891002e-02
5.911807e-02
5.932612e-02
5.953417e-02
5.974222e-02
5.995027e-02
6.015832e-02
6.036637e-02
6.057442e-02
6.078247e-02
6.099052e-02
6.119857e-02
6.140662e-02
6.161467e-02
6.182272e-02
6.203077e-02
6.223882e-02
6.244687e-02
6.265492e-02
6.286297e-02
6.307102e-02
6.327907e-02
6.348712e-02
6.369517e-02
6.390322e-02
6.411127e-02
6.431932e-02
6.452737e-02
6.473542e-02
6.494347e-02
6.515152e-02
6.535957e-02
6.556762e-02
6.577567e-02
6.598372e-02
6.619177e-02
6.639982e-02
6.660787e-02
6.681592e-02
6.702397e-02
6.723202e-02
6.744007e-02
6.764812e-02
6.785617e-02
6.806422e-02
6.827227e-02
6.848032e-02
6.868837e-02
6.889642e-02
6.910447e-02
6.931252e-02
6.952057e-02
6.972862e-02
6.993667e-02
7.014472e-02
7.035277e-02
7.056082e-02
7.076887e-02
7.097692e-02
7.118497e-02
7.139302e-02
7.160107e-02
7.180912e-02
7.201717e-02
7.222522e-02
7.243327e-02
7.264132e-02
7.284937e-02
7.305742e-02
7.326547e-02
7.347352e-02
7.368157e-02
7.388962e-02
7.409767e-02
7.430572e-02
7.451377e-02
7.472182e-02
7.492987e-02
7.513792e-02
7.534597e-02
7.555402e-02
7.576207e-02
7.597012e-02
7.617817e-02
7.638622e-02
7.659427e-02
7.680232e-02
7.701037e-02
7.721842e-02
7.742647e-02
7.763452e-02
7.784257e-02
7.805062e-02
7.825867e-02
7.925111e-02
8.024356e-02
8.123600e-02
8.222845e-02
8.322089e-02
8.421334e-02
8.520578e-02
8.619823e-02
8.719067e-02
8.818312e-02
8.917556e-02
9.016800e-02
9.116045e-02
9.215289e-02
9.314534e-02
9.413778e-02
9.513023e-02
9.612267e-02
9.711512e-02
9.810756e-02
9.910001e-02
1.000924e-01
1.010849e-01
1.020773e-01
1.030698e-01
1.040622e-01
1.050547e-01
1.060471e-01
1.070396e-01
1.080320e-01
1.090245e-01
1.100169e-01
1.110093e-01
1.120018e-01
1.129942e-01
1.139867e-01
1.149791e-01
1.159716e-01
1.169640e-01
1.179565e-01
1.189489e-01
1.199413e-01
1.209338e-01
1.219262e-01
1.229187e-01
1.239111e-01
1.249036e-01
1.258960e-01
1.268885e-01
1.278809e-01
1.288733e-01
1.298658e-01
1.308582e-01
1.318507e-01
1.328431e-01
1.338356e-01
1.348280e-01
1.358205e-01
1.368129e-01
1.378053e-01
1.387978e-01
1.397902e-01
1.407827e-01
1.417751e-01
1.427676e-01
1.437600e-01
1.447525e-01
1.457449e-01
1.467373e-01
1.477298e-01
1.487222e-01
1.497147e-01
1.507071e-01
1.516996e-01
1.526920e-01
1.536845e-01
1.546769e-01
1.556693e-01
1.566618e-01
1.576542e-01
1.586467e-01
1.596391e-01
1.606316e-01
1.616240e-01
1.626165e-01
1.636089e-01
1.646013e-01
1.655938e-01
1.665862e-01
1.675787e-01
1.685711e-01
1.695636e-01
1.705560e-01
1.715485e-01
1.725409e-01
1.735333e-01
1.745258e-01
1.755182e-01
1.765107e-01
1.775031e-01
1.784956e-01
1.794880e-01
1.804805e-01
1.814729e-01
1.824653e-01
1.834578e-01
1.844502e-01
1.854427e-01
1.864351e-01
1.874276e-01
1.884200e-01
1.894125e-01
1.904049e-01
1.913973e-01
1.923898e-01
1.933822e-01
1.943747e-01
1.953671e-01
1.963596e-01
1.973520e-01
1.983445e-01
1.993369e-01
2.003293e-01
2.013218e-01
2.023142e-01
2.033067e-01
2.042991e-01
2.052916e-01
2.062840e-01
2.072765e-01
2.082689e-01
2.092613e-01
2.102538e-01
2.112462e-01
2.122387e-01
2.132311e-01
2.142236e-01
2.152160e-01
2.162085e-01
2.172009e-01
2.181934e-01
2.191858e-01
2.201782e-01
2.211707e-01
2.221631e-01
2.231556e-01
2.241480e-01
2.251405e-01
2.261329e-01
2.271254e-01
2.281178e-01
2.291102e-01
2.301027e-01
2.310951e-01
2.320876e-01
2.330800e-01
2.340725e-01
2.350649e-01
2.360574e-01
2.370498e-01
2.380422e-01
2.390347e-01
2.400271e-01
2.410196e-01
2.420120e-01
2.430045e-01
2.439969e-01
2.449894e-01
2.459818e-01
2.469742e-01
2.479667e-01
2.489591e-01
2.499516e-01
2.509440e-01
2.519365e-01
2.529289e-01
2.539214e-01
2.549138e-01
2.559062e-01
2.568987e-01
2.578911e-01
2.588836e-01
2.598760e-01
2.608685e-01
2.618609e-01
2.628534e-01
2.638458e-01
2.648382e-01
2.658307e-01
2.668231e-01
2.678156e-01
2.688080e-01
2.698005e-01
2.707929e-01
2.717854e-01
2.727778e-01
2.737702e-01
2.747627e-01
2.757551e-01
2.767476e-01
2.777400e-01
2.787325e-01
2.797249e-01
2.807174e-01
2.817098e-01
2.827022e-01
2.836947e-01
2.846871e-01
2.856796e-01
2.866720e-01
2.876645e-01
2.886569e-01
2.896494e-01
2.906418e-01
2.916342e-01
2.926267e-01
2.936191e-01
2.946116e-01
2.956040e-01
2.965965e-01
2.975889e-01
2.985814e-01
2.995738e-01
3.005662e-01
3.015587e-01
3.025511e-01
3.035436e-01
3.045360e-01
3.055285e-01
3.065209e-01
3.075134e-01
3.085058e-01
3.094982e-01
3.104907e-01
3.114831e-01
3.124756e-01
3.134680e-01
3.144605e-01
3.154529e-01
3.164454e-01
3.174378e-01
3.184302e-01
3.194227e-01
3.204151e-01
3.214076e-01
3.224000e-01
3.233925e-01
3.243849e-01
3.253774e-01
3.263698e-01
3.273623e-01
3.283547e-01
3.293471e-01
3.303396e-01
3.313320e-01
3.323245e-01
3.333169e-01
3.343094e-01
3.353018e-01
3.362943e-01
3.372867e-01
3.382791e-01
3.392716e-01
3.402640e-01
3.412565e-01
3.422489e-01
3.432414e-01
3.442338e-01
3.452263e-01
3.462187e-01
3.472111e-01
3.482036e-01
3.491960e-01
3.501885e-01
3.511809e-01
3.521734e-01
3.531658e-01
3.541583e-01
3.551507e-01
3.561431e-01
3.571356e-01
3.581280e-01
3.591205e-01
3.601129e-01
3.611054e-01
3.620978e-01
3.630903e-01
3.640827e-01
3.650751e-01
3.660676e-01
3.670600e-01
3.680525e-01
3.690449e-01
3.700374e-01
3.710298e-01
3.720223e-01
3.730147e-01
3.740071e-01
3.749996e-01
3.759920e-01
3.769845e-01
3.779769e-01
3.789694e-01
3.799618e-01
3.809543e-01
3.819467e-01
3.829391e-01
3.839316e-01
3.849240e-01
3.859165e-01
3.869089e-01
3.879014e-01
3.888938e-01
3.898863e-01
3.908787e-01
3.918711e-01
3.928636e-01
3.938560e-01
3.948485e-01
3.958409e-01
3.968334e-01
3.978258e-01
3.988183e-01
3.998107e-01
4.008031e-01
4.017956e-01
4.027880e-01
4.037805e-01
4.047729e-01
4.057654e-01
4.067578e-01
4.077503e-01
4.087427e-01
4.097351e-01
4.107276e-01
4.117200e-01
4.127125e-01
4.137049e-01
4.146974e-01
4.156898e-01
4.166823e-01
4.176747e-01
4.186671e-01
4.196596e-01
4.206520e-01
4.216445e-01
4.226369e-01
4.236294e-01
4.246218e-01
4.256143e-01
4.266067e-01
4.275991e-01
4.285916e-01
4.295840e-01
4.305765e-01
4.315689e-01
4.325614e-01
4.335538e-01
4.345463e-01
4.355387e-01
4.365312e-01
4.375236e-01
4.385160e-01
4.395085e-01
4.405009e-01
4.414934e-01
4.424858e-01
4.434783e-01
4.444707e-01
4.454632e-01
4.464556e-01
4.474480e-01
4.484405e-01
4.494329e-01
4.504254e-01
4.514178e-01
4.524103e-01
4.534027e-01
4.543952e-01
4.553876e-01
4.563800e-01
4.573725e-01
4.583649e-01
4.593574e-01
4.603498e-01
4.613423e-01
4.623347e-01
4.633272e-01
4.643196e-01
4.653120e-01
4.663045e-01
4.672969e-01
4.682894e-01
4.692818e-01
4.702743e-01
4.712667e-01
4.722592e-01
4.732516e-01
4.742440e-01
4.752365e-01
4.762289e-01
4.772214e-01
4.782138e-01
4.792063e-01
4.801987e-01
4.811912e-01
4.821836e-01
4.839574e-01
4.857313e-01
4.875051e-01
4.892790e-01
4.910529e-01
4.928267e-01
4.946006e-01
4.963745e-01
4.981483e-01
4.999222e-01
5.016960e-01
5.034699e-01
5.052438e-01
5.070176e-01
5.087915e-01
5.105654e-01
5.123392e-01
5.141131e-01
5.158869e-01
5.176608e-01
5.194347e-01
5.212085e-01
5.229824e-01
5.247562e-01
5.265301e-01
5.283040e-01
5.300778e-01
5.318517e-01
5.336256e-01
5.353994e-01
5.371733e-01
5.389471e-01
5.407210e-01
5.424949e-01
5.442687e-01
5.460426e-01
5.478165e-01
5.495903e-01
5.513642e-01
5.531380e-01
5.549119e-01
5.566858e-01
5.584596e-01
5.602335e-01
5.620074e-01
5.637812e-01
5.655551e-01
5.673289e-01
5.691028e-01
5.708767e-01
5.726505e-01
5.744244e-01
5.761983e-01
5.779721e-01
5.797460e-01
5.815198e-01
5.832937e-01
5.850676e-01
5.868414e-01
5.886153e-01
5.903892e-01
5.921630e-01
5.939369e-01
5.957107e-01
5.974846e-01
5.992585e-01
6.010323e-01
6.028062e-01
6.045800e-01
6.063539e-01
6.081278e-01
6.099016e-01
6.116755e-01
6.134494e-01
6.152232e-01
6.169971e-01
6.187709e-01
6.205448e-01
6.223187e-01
6.240925e-01
6.258664e-01
6.276403e-01
6.294141e-01
6.311880e-01
6.329618e-01
6.347357e-01
6.365096e-01
6.382834e-01
6.400573e-01
6.418312e-01
6.436050e-01
6.453789e-01
6.471527e-01
6.489266e-01
6.507005e-01
6.524743e-01
6.542482e-01
6.560221e-01
6.577959e-01
6.595698e-01
6.619067e-01
6.642438e-01
6.665808e-01
6.689178e-01
6.712548e-01
6.735918e-01
6.759288e-01
6.782659e-01
6.806028e-01
6.829398e-01
6.852769e-01
6.876138e-01
6.899508e-01
6.922879e-01
6.946249e-01
6.969618e-01
6.992989e-01
7.016359e-01
7.039729e-01
7.063099e-01
7.086469e-01
7.109839e-01
7.133210e-01
7.156579e-01
7.179949e-01
7.203320e-01
7.226689e-01
7.250059e-01
7.273430e-01
7.296800e-01
7.320169e-01
7.343540e-01
7.366910e-01
7.390280e-01
7.413650e-01
7.437020e-01
7.460390e-01
7.483760e-01
7.507130e-01
7.530500e-01
7.553871e-01
7.577240e-01
7.600610e-01
7.623981e-01
7.647351e-01
7.670720e-01
7.694091e-01
7.717461e-01
7.740830e-01
7.764201e-01
7.787571e-01
7.810941e-01
7.834311e-01
7.857681e-01
7.881051e-01
7.904422e-01
7.927791e-01
7.951161e-01
7.974532e-01
7.997901e-01
8.021271e-01
8.044642e-01
8.068012e-01
8.091381e-01
8.114752e-01
8.138122e-01
8.161492e-01
8.184862e-01
8.208232e-01
8.231602e-01
8.254972e-01
8.278342e-01
8.301712e-01
8.325083e-01
8.348452e-01
8.371822e-01
8.395193e-01
8.418563e-01
8.441932e-01
8.465303e-01
8.488673e-01
8.512043e-01
8.535413e-01
8.558783e-01
8.582153e-01
8.605523e-01
8.628893e-01
8.652263e-01
8.675633e-01
8.699003e-01
8.722373e-01
8.745743e-01
8.769114e-01
8.792483e-01
8.815853e-01
8.839224e-01
8.862593e-01
8.885964e-01
8.909334e-01
8.932704e-01
8.956074e-01
8.979444e-01
9.002814e-01
9.026184e-01
9.049554e-01
9.072924e-01
9.096294e-01
9.119664e-01
9.143034e-01
9.166404e-01
9.189775e-01
9.213144e-01
9.236515e-01
9.259885e-01
9.283255e-01
9.306625e-01
9.329995e-01
9.353365e-01
9.376735e-01
9.400105e-01
9.423475e-01
9.446845e-01
9.470215e-01
9.493585e-01
9.516955e-01
9.540326e-01
9.563695e-01
9.587066e-01
9.610436e-01
9.633806e-01
9.657176e-01
9.680546e-01
9.703916e-01
9.727286e-01
9.750656e-01
9.774026e-01
9.797396e-01
9.820766e-01
9.844136e-01
9.867508e-01
9.890877e-01
9.914245e-01
9.937618e-01
9.960987e-01
9.984355e-01
1.000773e+00
1.003110e+00
1.005447e+00
1.007784e+00
1.010121e+00
1.012458e+00
1.014795e+00
1.017132e+00
1.019468e+00
1.021806e+00
1.024143e+00
1.026480e+00
1.028817e+00
1.031154e+00
1.033490e+00
1.035828e+00
1.038165e+00
1.040502e+00
1.042839e+00
1.045176e+00
1.047512e+00
1.049850e+00
1.052187e+00
1.054524e+00
1.056861e+00
1.059198e+00
1.061534e+00
1.063872e+00
1.066209e+00
1.068546e+00
1.070883e+00
1.073220e+00
1.075557e+00
1.077894e+00
1.080231e+00
1.082568e+00
1.084905e+00
1.087242e+00
1.089579e+00
1.091916e+00
1.094253e+00
1.096590e+00
1.098927e+00
1.101264e+00
1.103601e+00
1.105938e+00
1.108275e+00
1.110612e+00
1.112949e+00
1.115286e+00
1.117623e+00
1.119960e+00
1.122297e+00
1.124634e+00
1.126971e+00
1.129308e+00
1.131662e+00
1.134015e+00
1.136369e+00
1.138723e+00
1.141076e+00
1.143430e+00
1.145784e+00
1.148137e+00
1.150491e+00
1.152845e+00
1.155198e+00
1.157552e+00
1.159906e+00
1.162260e+00
1.164614e+00
1.166967e+00
1.169321e+00
1.171674e+00
1.174028e+00
1.176382e+00
1.178736e+00
1.181089e+00
1.183443e+00
1.185797e+00
1.188150e+00
1.190504e+00
1.192858e+00
1.195211e+00
1.197565e+00
1.199919e+00
1.202272e+00
1.204626e+00
1.206980e+00
1.209333e+00
1.211687e+00
1.214041e+00
1.216395e+00
1.218748e+00
1.221102e+00
1.223455e+00
1.225810e+00
1.228163e+00
1.230517e+00
1.232870e+00
1.235224e+00
1.237578e+00
1.239932e+00
1.242285e+00
1.244639e+00
1.246993e+00
1.249346e+00
1.251700e+00
1.254054e+00
1.256407e+00
1.258761e+00
1.261115e+00
1.263468e+00
1.265822e+00
1.268176e+00
1.270529e+00
1.272883e+00
1.275237e+00
1.277591e+00
1.279944e+00
1.282298e+00
1.284651e+00
1.287005e+00
1.289359e+00
1.291713e+00
1.294067e+00
1.296420e+00
1.298774e+00
1.301128e+00
1.303482e+00
1.305835e+00
1.308189e+00
1.310542e+00
1.312896e+00
1.315250e+00
1.317603e+00
1.319957e+00
1.322311e+00
1.324664e+00
1.327018e+00
1.329372e+00
1.331725e+00
1.334079e+00
1.336433e+00
1.338787e+00
1.341140e+00
1.343494e+00
1.345848e+00
1.348201e+00
1.350555e+00
1.352909e+00
1.355263e+00
1.357616e+00
1.359970e+00
1.362323e+00
1.364678e+00
1.367031e+00
1.369385e+00
1.371739e+00
1.374092e+00
1.376446e+00
1.378799e+00
1.381153e+00
1.383507e+00
1.385860e+00
1.388214e+00
1.390568e+00
1.392921e+00
1.395275e+00
1.397629e+00
1.399982e+00
1.402337e+00
1.404690e+00
1.407044e+00
1.409397e+00
1.411751e+00
1.414104e+00
1.416459e+00
1.418812e+00
1.421166e+00
1.423519e+00
1.425873e+00
1.428227e+00
1.430581e+00
1.432935e+00
1.435288e+00
1.437642e+00
1.439995e+00
1.442349e+00
1.444703e+00
1.447057e+00
1.449410e+00
1.451764e+00
1.454118e+00
1.456471e+00
1.458825e+00
1.461178e+00
1.463532e+00
1.465886e+00
1.468240e+00
1.470593e+00
1.472947e+00
1.475300e+00
1.477654e+00
1.480009e+00
1.482362e+00
1.484716e+00
1.487069e+00
1.489423e+00
1.491777e+00
1.494131e+00
1.496484e+00
1.498838e+00
1.501191e+00
1.503545e+00
1.505899e+00
1.508253e+00
1.510606e+00
1.512960e+00
1.515314e+00
1.517667e+00
1.520021e+00
1.522374e+00
1.524728e+00
1.527082e+00
1.529436e+00
1.531789e+00
1.534143e+00
1.536497e+00
1.538850e+00
1.541204e+00
1.543558e+00
1.545912e+00
1.548265e+00
1.550619e+00
1.552972e+00
1.555327e+00
1.557680e+00
1.560034e+00
1.562388e+00
1.564741e+00
1.567095e+00
1.569449e+00
1.571802e+00
1.574156e+00
1.576510e+00
1.578863e+00
1.581217e+00
1.583571e+00
1.585924e+00
1.588278e+00
1.590632e+00
1.592986e+00
1.595339e+00
1.597693e+00
1.600046e+00
1.602400e+00
1.604753e+00
1.607108e+00
1.609461e+00
1.611815e+00
1.614169e+00
1.616522e+00
1.618876e+00
1.621230e+00
1.623584e+00
1.625937e+00
1.628291e+00
1.630644e+00
1.632998e+00
1.635352e+00
1.637706e+00
1.640059e+00
1.642413e+00
1.644767e+00
1.647120e+00
1.649474e+00
1.651828e+00
1.654181e+00
1.656535e+00
1.658889e+00
1.661242e+00
1.663596e+00
1.665949e+00
1.668303e+00
1.670658e+00
1.673011e+00
1.675365e+00
1.677718e+00
1.680072e+00
1.682426e+00
1.684780e+00
1.687133e+00
1.689487e+00
1.691840e+00
1.694194e+00
1.696548e+00
1.698902e+00
1.701255e+00
1.703609e+00
1.705963e+00
1.708316e+00
1.710670e+00
1.713024e+00
1.715377e+00
1.717731e+00
1.720085e+00
1.722439e+00
1.724792e+00
1.727146e+00
1.729499e+00
1.731853e+00
1.734207e+00
1.736561e+00
1.738914e+00
1.741268e+00
1.743621e+00
1.745976e+00
1.748329e+00
1.750683e+00
1.753037e+00
1.755390e+00
1.757744e+00
1.760098e+00
1.762451e+00
1.764805e+00
1.767159e+00
1.769512e+00
1.771866e+00
1.774220e+00
1.776573e+00
1.778927e+00
1.781281e+00
1.783635e+00
1.785988e+00
1.788342e+00
1.790695e+00
1.793049e+00
1.795403e+00
1.797757e+00
1.800110e+00
1.802464e+00
1.804818e+00
1.807171e+00
1.809525e+00
1.811879e+00
1.814233e+00
1.816586e+00
1.818940e+00
1.821294e+00
1.823647e+00
1.826001e+00
1.828355e+00
1.830708e+00
1.833062e+00
1.835416e+00
1.837769e+00
1.840123e+00
1.843845e+00
1.847568e+00
1.851290e+00
1.855012e+00
1.858735e+00
1.862457e+00
1.866179e+00
1.869902e+00
1.873624e+00
1.877346e+00
1.881068e+00
1.884790e+00
1.888513e+00
1.892235e+00
1.895957e+00
1.899679e+00
1.903402e+00
1.907124e+00
1.910846e+00
1.914568e+00
1.918291e+00
1.922013e+00
1.925735e+00
1.929458e+00
1.933180e+00
1.936902e+00
1.940625e+00
1.944347e+00
1.948069e+00
1.951792e+00
1.955514e+00
1.959236e+00
1.962958e+00
1.966681e+00
1.970403e+00
1.974125e+00
1.977847e+00
1.981570e+00
1.985292e+00
1.989015e+00
1.992737e+00
1.996459e+00
2.000182e+00
2.003903e+00
2.007625e+00
2.011348e+00
2.015070e+00
2.018792e+00
2.022515e+00
2.026237e+00
2.029960e+00
2.033682e+00
2.037404e+00
2.041126e+00
2.044848e+00
2.048571e+00
2.052293e+00
2.056015e+00
2.059737e+00
2.063460e+00
2.067182e+00
2.070905e+00
2.074627e+00
2.078349e+00
2.082072e+00
2.085794e+00
2.089516e+00
2.093238e+00
2.096961e+00
2.100683e+00
2.104405e+00
2.108127e+00
2.111850e+00
2.115572e+00
2.119294e+00
2.123016e+00
2.126739e+00
2.130461e+00
2.134183e+00
2.137905e+00
2.141627e+00
2.145350e+00
2.149072e+00
2.152795e+00
2.156517e+00
2.160239e+00
2.163962e+00
2.167684e+00
2.171406e+00
2.175129e+00
2.178851e+00
2.182573e+00
2.186295e+00
2.190017e+00
2.193740e+00
2.197462e+00
2.201184e+00
2.204907e+00
2.208629e+00
2.212351e+00
2.216073e+00
2.219795e+00
2.223518e+00
2.227240e+00
2.230962e+00
2.234684e+00
2.238407e+00
2.242129e+00
2.245852e+00
2.249574e+00
2.253296e+00
2.257019e+00
2.260741e+00
2.264463e+00
2.268185e+00
2.271908e+00
2.275630e+00
2.279352e+00
2.283074e+00
2.286797e+00
2.290519e+00
2.294241e+00
2.297964e+00
2.301686e+00
2.305408e+00
2.309131e+00
2.312853e+00
2.316575e+00
2.320298e+00
2.324019e+00
2.327742e+00
2.331464e+00
2.335186e+00
2.338909e+00
2.342631e+00
2.346353e+00
2.350075e+00
2.353798e+00
2.357520e+00
2.361242e+00
2.364964e+00
2.368687e+00
2.372409e+00
2.376131e+00
2.379854e+00
2.383576e+00
2.387298e+00
2.391021e+00
2.394743e+00
2.398465e+00
2.402188e+00
2.405910e+00
2.409632e+00
2.413354e+00
2.417077e+00
2.420799e+00
2.424521e+00
2.428243e+00
2.431965e+00
2.435688e+00
2.439410e+00
2.443132e+00
2.446854e+00
2.450577e+00
2.454299e+00
2.458021e+00
2.461744e+00
2.465466e+00
2.469188e+00
2.472911e+00
2.476633e+00
2.480355e+00
2.484078e+00
2.487800e+00
2.491522e+00
2.495244e+00
2.498967e+00
2.502689e+00
2.506411e+00
2.510133e+00
2.513856e+00
2.517578e+00
2.521300e+00
2.525023e+00
2.528745e+00
2.532468e+00
2.536189e+00
2.539911e+00
2.543634e+00
2.547356e+00
2.551078e+00
2.554801e+00
2.558523e+00
2.562245e+00
2.565968e+00
2.569690e+00
2.573412e+00
2.577134e+00
2.580857e+00
2.584579e+00
2.588301e+00
2.591572e+00
2.594843e+00
2.598113e+00
2.601383e+00
2.604655e+00
2.607925e+00
2.611196e+00
2.614466e+00
2.617737e+00
2.621007e+00
2.624278e+00
2.627548e+00
2.630819e+00
2.634090e+00
2.637360e+00
2.640631e+00
2.643901e+00
2.647172e+00
2.650442e+00
2.653713e+00
2.656984e+00
2.660254e+00
2.663524e+00
2.666796e+00
2.670066e+00
2.673336e+00
2.676607e+00
2.679878e+00
2.683148e+00
2.686419e+00
2.689689e+00
2.692960e+00
2.696231e+00
2.699501e+00
2.702772e+00
2.706043e+00
2.709313e+00
2.712584e+00
2.715854e+00
2.719125e+00
2.722395e+00
2.725666e+00
2.728936e+00
2.732207e+00
2.735478e+00
2.738748e+00
2.742019e+00
2.745290e+00
2.748560e+00
2.751831e+00
2.755101e+00
2.758372e+00
2.761642e+00
2.764913e+00
2.768184e+00
2.771454e+00
2.774724e+00
2.777995e+00
2.781266e+00
2.784536e+00
2.787807e+00
2.791077e+00
2.794348e+00
2.797619e+00
2.800889e+00
2.804160e+00
2.807431e+00
2.810701e+00
2.813972e+00
2.817242e+00
2.820513e+00
2.823783e+00
2.827054e+00
2.830325e+00
2.833595e+00
2.836866e+00
2.840137e+00
2.843407e+00
2.846678e+00
2.849948e+00
2.853219e+00
2.856489e+00
2.859760e+00
2.863030e+00
2.866301e+00
2.869572e+00
2.872842e+00
2.876113e+00
2.879384e+00
2.882654e+00
2.885925e+00
2.889195e+00
2.892466e+00
2.895736e+00
2.899007e+00
2.902277e+00
2.905548e+00
2.908819e+00
2.912089e+00
2.915360e+00
2.918630e+00
2.921901e+00
2.925171e+00
2.928442e+00
2.931713e+00
2.934983e+00
2.938254e+00
2.941525e+00
2.944795e+00
2.948066e+00
2.951336e+00
2.954607e+00
2.957877e+00
2.961148e+00
2.964418e+00
2.967690e+00
2.970960e+00
2.974230e+00
2.977501e+00
2.980772e+00
2.984042e+00
2.987313e+00
2.990583e+00
2.993854e+00
2.997124e+00
3.000395e+00
3.003665e+00
3.006936e+00
3.010207e+00
3.013478e+00
3.016748e+00
3.020019e+00
3.023289e+00
3.026560e+00
3.029830e+00
3.033101e+00
3.036371e+00
3.039642e+00
3.042913e+00
3.046183e+00
3.049454e+00
3.052724e+00
3.055995e+00
3.059266e+00
3.062536e+00
3.065806e+00
3.069078e+00
3.072348e+00
3.075618e+00
3.078889e+00
3.082160e+00
3.085430e+00
3.088701e+00
3.091971e+00
3.095242e+00
3.098512e+00
3.101783e+00
3.105054e+00
3.108324e+00
3.111595e+00
3.114866e+00
3.118136e+00
3.121407e+00
3.124677e+00
3.127948e+00
3.131218e+00
3.134489e+00
3.137759e+00
3.141031e+00
3.144301e+00
3.147571e+00
3.150842e+00
3.154113e+00
3.157383e+00
3.160654e+00
3.163924e+00
3.167195e+00
3.170466e+00
3.173736e+00
3.177006e+00
3.180278e+00
3.183548e+00
3.186818e+00
3.190089e+00
3.193359e+00
3.196630e+00
3.199900e+00
3.203171e+00
3.206442e+00
3.209712e+00
3.212983e+00
3.216254e+00
3.219524e+00
3.222795e+00
3.226065e+00
3.229336e+00
3.232607e+00
3.235877e+00
3.239147e+00
3.242419e+00
3.245689e+00
3.249452e+00
3.253214e+00
3.256978e+00
3.260741e+00
3.264504e+00
3.268267e+00
3.272029e+00
3.275792e+00
3.279555e+00
3.283318e+00
3.287081e+00
3.290844e+00
3.294607e+00
3.298370e+00
3.302133e+00
3.305896e+00
3.309659e+00
3.313422e+00
3.317185e+00
3.320948e+00
3.324710e+00
3.328473e+00
3.332237e+00
3.335999e+00
3.339762e+00
3.343525e+00
3.347288e+00
3.351051e+00
3.354814e+00
3.358577e+00
3.362340e+00
3.366103e+00
3.369866e+00
3.373629e+00
3.377392e+00
3.381155e+00
3.384918e+00
3.388680e+00
3.392443e+00
3.396206e+00
3.399969e+00
3.403733e+00
3.407495e+00
3.411258e+00
3.415021e+00
3.418784e+00
3.422547e+00
3.426310e+00
3.430073e+00
3.433836e+00
3.437598e+00
3.441361e+00
3.445124e+00
3.448887e+00
3.452651e+00
3.456414e+00
3.460176e+00
3.463939e+00
3.467702e+00
3.471465e+00
3.475228e+00
3.478991e+00
3.482754e+00
3.486517e+00
3.490279e+00
3.494042e+00
3.497806e+00
3.501569e+00
3.505332e+00
3.509095e+00
3.512857e+00
3.516620e+00
3.520383e+00
3.524146e+00
3.527909e+00
3.531672e+00
3.535435e+00
3.539198e+00
3.542961e+00
3.546724e+00
3.550487e+00
3.554250e+00
3.558013e+00
3.561775e+00
3.565539e+00
3.569302e+00
3.573064e+00
3.576827e+00
3.580590e+00
3.584353e+00
3.588116e+00
3.591879e+00
3.595642e+00
3.599405e+00
3.603168e+00
3.606931e+00
3.610694e+00
3.614457e+00
3.618220e+00
3.621983e+00
3.625745e+00
3.629508e+00
3.633271e+00
3.637034e+00
3.640797e+00
3.644560e+00
3.648323e+00
3.652086e+00
3.655849e+00
3.659612e+00
3.663375e+00
3.667138e+00
3.670901e+00
3.674663e+00
3.678426e+00
3.682189e+00
3.685952e+00
3.689715e+00
3.693478e+00
3.697241e+00
3.701004e+00
3.704767e+00
3.708530e+00
3.712293e+00
3.716056e+00
3.719819e+00
3.723582e+00
3.727344e+00
3.731108e+00
3.734871e+00
3.738633e+00
3.742396e+00
3.746160e+00
3.749922e+00
3.753685e+00
3.757448e+00
3.761211e+00
3.764974e+00
3.768737e+00
3.772500e+00
3.776263e+00
3.780026e+00
3.783789e+00
3.787552e+00
3.791314e+00
3.795078e+00
3.798840e+00
3.802604e+00
3.806367e+00
3.810129e+00
3.813892e+00
3.817655e+00
3.821418e+00
3.825181e+00
3.828944e+00
3.832707e+00
3.836470e+00
3.840232e+00
3.843996e+00
3.847759e+00
3.851522e+00
3.855285e+00
3.859048e+00
3.862810e+00
3.866573e+00
3.870336e+00
3.874099e+00
3.877862e+00
3.881625e+00
3.885388e+00
3.889151e+00
3.892914e+00
3.896677e+00
3.900440e+00
3.904203e+00
3.907966e+00
3.911729e+00
3.915491e+00
3.919254e+00
3.923017e+00
3.926780e+00
3.930543e+00
3.934306e+00
3.938069e+00
3.941832e+00
3.945595e+00
3.949358e+00
3.953121e+00
3.956884e+00
3.960647e+00
3.964409e+00
3.968173e+00
3.971936e+00
3.975698e+00
3.979461e+00
3.983224e+00
3.986987e+00
3.990750e+00
3.994514e+00
3.998276e+00
4.002039e+00
4.005802e+00
4.009565e+00
4.013328e+00
4.017091e+00
4.020854e+00
4.024617e+00
4.028379e+00
4.032142e+00
4.035906e+00
4.039669e+00
4.043432e+00
4.047194e+00
4.050957e+00
4.054720e+00
4.058483e+00
4.062246e+00
4.066009e+00
4.069772e+00
4.073535e+00
4.077298e+00
4.081060e+00
4.084824e+00
4.088587e+00
4.092350e+00
4.096113e+00
4.099875e+00
4.103638e+00
4.107401e+00
4.111164e+00
4.114927e+00
4.118690e+00
4.122453e+00
4.126216e+00
4.129978e+00
4.133742e+00
4.137505e+00
4.141268e+00
4.145031e+00
4.148794e+00
4.152556e+00
4.156319e+00
4.160082e+00
4.163845e+00
4.167608e+00
4.171371e+00
4.175134e+00
4.178897e+00
4.182660e+00
4.186423e+00
4.190186e+00
4.193949e+00
4.197712e+00
4.201474e+00
4.205238e+00
4.209001e+00
4.212763e+00
4.216526e+00
4.220289e+00
4.224052e+00
4.227815e+00
4.231579e+00
4.235341e+00
4.239104e+00
4.242867e+00
4.246630e+00
4.250393e+00
4.254156e+00
4.257919e+00
4.261682e+00
4.265444e+00
4.269207e+00
4.272970e+00
4.276733e+00
4.280497e+00
4.284259e+00
4.288022e+00
4.291785e+00
4.295548e+00
4.299311e+00
4.303074e+00
4.306837e+00
4.310600e+00
4.314363e+00
4.318125e+00
4.321888e+00
4.325651e+00
4.329415e+00
4.333178e+00
4.336940e+00
4.340703e+00
4.344466e+00
4.348229e+00
4.351992e+00
4.355755e+00
4.359518e+00
4.363281e+00
4.367043e+00
4.370807e+00
4.374570e+00
4.378333e+00
4.382096e+00
4.383295e+00
4.384493e+00
4.385692e+00
4.386890e+00
4.388090e+00
4.389288e+00
4.390487e+00
4.391686e+00
4.392885e+00
4.394083e+00
4.395282e+00
4.396481e+00
4.397680e+00
4.398879e+00
4.400077e+00
4.401276e+00
4.402475e+00
4.403674e+00
4.404872e+00
4.406071e+00
4.407270e+00
4.408469e+00
4.409667e+00
4.410867e+00
4.412065e+00
4.413264e+00
4.414463e+00
4.415661e+00
4.416860e+00
4.418059e+00
4.419258e+00
4.420456e+00
4.421656e+00
4.422854e+00
4.424053e+00
4.425252e+00
4.426451e+00
4.427649e+00
4.428848e+00
4.430047e+00
4.431245e+00
4.432444e+00
4.433643e+00
4.434842e+00
4.436041e+00
4.437240e+00
4.438438e+00
4.439637e+00
4.440836e+00
4.442035e+00
4.443233e+00
4.444433e+00
4.445631e+00
4.446830e+00
4.448028e+00
4.449227e+00
4.450426e+00
4.451625e+00
4.452823e+00
4.454022e+00
4.455222e+00
4.456420e+00
4.457619e+00
4.458818e+00
4.460017e+00
4.461215e+00
4.462414e+00
4.463612e+00
4.464811e+00
4.466010e+00
4.467209e+00
4.468408e+00
4.469607e+00
4.470806e+00
4.472004e+00
4.473203e+00
4.474402e+00
4.475601e+00
4.476799e+00
4.477999e+00
4.479197e+00
4.480396e+00
4.481594e+00
4.482793e+00
4.483992e+00
4.485191e+00
4.486389e+00
4.487588e+00
4.488788e+00
4.489986e+00
4.491185e+00
4.492384e+00
4.493583e+00
4.494781e+00
4.495980e+00
4.497178e+00
4.498377e+00
4.499576e+00
4.500775e+00
4.501974e+00
4.503173e+00
4.504371e+00
4.505570e+00
4.506769e+00
4.507968e+00
4.509167e+00
4.510365e+00
4.511564e+00
4.512763e+00
4.513962e+00
4.515160e+00
4.516359e+00
4.517558e+00
4.518757e+00
4.519955e+00
4.521154e+00
4.522353e+00
4.523552e+00
4.524751e+00
4.525949e+00
4.527148e+00
4.528347e+00
4.529546e+00
4.530744e+00
4.531943e+00
4.533142e+00
4.534341e+00
4.535540e+00
4.536739e+00
4.537937e+00
4.539136e+00
4.540335e+00
4.541533e+00
4.542732e+00
4.543931e+00
4.545130e+00
4.546329e+00
4.547528e+00
4.548726e+00
4.549925e+00
4.551124e+00
4.552323e+00
4.553521e+00
4.554720e+00
4.555919e+00
4.557118e+00
4.558316e+00
4.559515e+00
4.560714e+00
4.561913e+00
4.563112e+00
4.564310e+00
4.565509e+00
4.566708e+00
4.567907e+00
4.569106e+00
4.570305e+00
4.571503e+00
4.572702e+00
4.573900e+00
4.575099e+00
4.576298e+00
4.577497e+00
4.578696e+00
4.579895e+00
4.581094e+00
4.582292e+00
4.583491e+00
4.584690e+00
4.585889e+00
4.587087e+00
4.588287e+00
4.589485e+00
4.590684e+00
4.591882e+00
4.593081e+00
4.594280e+00
4.595479e+00
4.596678e+00
4.597876e+00
4.599075e+00
4.600274e+00
4.601473e+00
4.602672e+00
4.603871e+00
4.605069e+00
4.606268e+00
4.607466e+00
4.608665e+00
4.609864e+00
4.611063e+00
4.612262e+00
4.613461e+00
4.614660e+00
4.615858e+00
4.617057e+00
4.618256e+00
4.619455e+00
4.620653e+00
4.621852e+00
4.623051e+00
4.624250e+00
4.625448e+00
4.626647e+00
4.627846e+00
4.629045e+00
4.630244e+00
4.631442e+00
4.632641e+00
4.633840e+00
4.635039e+00
4.636237e+00
4.637436e+00
4.638635e+00
4.639834e+00
4.641032e+00
4.642231e+00
4.643430e+00
4.644629e+00
4.645828e+00
4.647027e+00
4.648226e+00
4.649424e+00
4.650623e+00
4.651821e+00
4.653020e+00
4.654219e+00
4.655418e+00
4.656617e+00
4.657816e+00
4.659014e+00
4.660213e+00
4.661412e+00
4.662611e+00
4.663809e+00
4.665008e+00
4.666207e+00
4.667406e+00
4.668605e+00
4.669803e+00
4.671002e+00
4.672201e+00
4.673400e+00
4.674598e+00
4.675797e+00
4.676996e+00
4.678195e+00
4.679394e+00
4.680593e+00
4.681791e+00
4.682990e+00
4.684189e+00
4.685387e+00
4.686586e+00
4.687785e+00
4.688984e+00
4.690183e+00
4.691382e+00
4.692580e+00
4.693779e+00
4.694978e+00
4.696177e+00
4.697375e+00
4.698574e+00
4.699773e+00
4.700972e+00
4.702171e+00
4.703369e+00
4.704568e+00
4.705767e+00
4.706966e+00
4.708164e+00
4.709363e+00
4.710562e+00
4.711761e+00
4.712960e+00
4.714159e+00
4.715357e+00
4.716556e+00
4.717754e+00
4.718953e+00
4.720152e+00
4.721351e+00
4.722550e+00
4.723749e+00
4.724948e+00
4.726146e+00
4.727345e+00
4.728544e+00
4.729743e+00
4.730941e+00
4.732140e+00
4.733339e+00
4.734538e+00
4.735736e+00
4.736935e+00
4.738134e+00
4.739333e+00
4.740532e+00
4.741730e+00
4.742929e+00
4.744128e+00
4.745327e+00
4.746525e+00
4.747724e+00
4.748923e+00
4.750122e+00
4.751320e+00
4.752519e+00
4.753718e+00
4.754917e+00
4.756116e+00
4.757315e+00
4.758514e+00
4.759712e+00
4.760911e+00
4.762109e+00
4.763308e+00
4.764507e+00
4.765706e+00
4.766905e+00
4.768104e+00
4.769302e+00
4.770501e+00
4.771700e+00
4.772899e+00
4.774098e+00
4.775296e+00
4.776495e+00
4.777693e+00
4.778893e+00
4.780091e+00
4.781290e+00
4.782489e+00
4.783688e+00
4.784886e+00
4.786085e+00
4.787284e+00
4.788483e+00
4.789682e+00
4.790881e+00
4.792080e+00
4.793278e+00
4.794477e+00
4.795675e+00
4.796874e+00
4.798073e+00
4.799272e+00
4.800471e+00
4.801670e+00
4.802868e+00
4.804067e+00
4.805266e+00
4.806465e+00
4.807664e+00
4.808862e+00
4.810061e+00
4.811260e+00
4.812459e+00
4.813657e+00
4.814856e+00
4.816055e+00
4.817254e+00
4.818452e+00
4.819651e+00
4.820850e+00
4.822049e+00
4.823248e+00
4.824447e+00
4.825645e+00
4.826844e+00
4.828043e+00
4.829241e+00
4.830440e+00
4.831639e+00
4.832838e+00
4.834037e+00
4.835236e+00
4.836434e+00
4.837633e+00
4.838832e+00
4.840031e+00
4.841229e+00
4.842428e+00
4.843627e+00
4.844826e+00
4.846025e+00
4.847223e+00
4.848422e+00
4.849621e+00
4.850820e+00
4.852018e+00
4.853217e+00
4.854416e+00
4.855615e+00
4.856813e+00
4.858012e+00
4.859211e+00
4.860410e+00
4.861609e+00
4.862807e+00
4.864006e+00
4.865205e+00
4.866404e+00
4.867603e+00
4.868802e+00
4.870000e+00
4.871199e+00
4.872397e+00
4.873596e+00
4.874795e+00
4.875994e+00
4.877192e+00
4.878392e+00
4.879591e+00
4.880789e+00
4.881988e+00
4.883187e+00
4.884386e+00
4.885584e+00
4.886783e+00
4.887981e+00
4.889181e+00
4.890379e+00
4.891578e+00
4.892777e+00
4.893976e+00
4.895174e+00
4.896373e+00
4.897572e+00
4.898771e+00
4.899970e+00
4.901169e+00
4.902368e+00
4.903566e+00
4.904765e+00
4.905963e+00
4.907162e+00
4.908361e+00
4.909560e+00
4.910758e+00
4.911958e+00
4.913157e+00
4.914355e+00
4.915554e+00
4.916753e+00
4.917952e+00
4.919150e+00
4.920349e+00
4.921547e+00
4.922747e+00
4.923945e+00
4.925144e+00
4.926343e+00
4.927542e+00
4.928740e+00
4.929939e+00
4.931138e+00
4.932337e+00
4.933536e+00
4.934735e+00
4.935933e+00
4.937132e+00
4.938331e+00
4.939529e+00
4.940728e+00
4.941927e+00
4.943126e+00
4.944324e+00
4.945524e+00
4.946722e+00
4.947921e+00
4.949120e+00
4.950319e+00
4.951517e+00
4.952716e+00
4.953915e+00
4.955113e+00
4.956313e+00
4.957511e+00
4.958710e+00
4.959909e+00
4.961108e+00
4.962306e+00
4.963505e+00
4.964704e+00
4.965903e+00
4.967101e+00
4.968300e+00
4.969499e+00
4.970698e+00
4.971897e+00
4.973095e+00
4.974294e+00
4.975493e+00
4.976692e+00
4.977890e+00
4.979090e+00
4.980288e+00
4.981487e+00
4.982685e+00
4.983884e+00
4.981830e+00
4.979776e+00
4.977721e+00
4.975667e+00
4.973613e+00
4.971558e+00
4.969503e+00
4.967449e+00
4.965394e+00
4.963340e+00
4.961286e+00
4.959231e+00
4.957177e+00
4.955123e+00
4.953068e+00
4.951013e+00
4.948959e+00
4.946904e+00
4.944850e+00
4.942796e+00
4.940741e+00
4.938687e+00
4.936632e+00
4.934578e+00
4.932523e+00
4.930469e+00
4.928415e+00
4.926360e+00
4.924306e+00
4.922252e+00
4.920197e+00
4.918142e+00
4.916088e+00
4.914033e+00
4.911979e+00
4.909925e+00
4.907870e+00
4.905816e+00
4.903762e+00
4.901707e+00
4.899652e+00
4.897598e+00
4.895543e+00
4.893489e+00
4.891435e+00
4.889380e+00
4.887326e+00
4.885272e+00
4.883217e+00
4.881162e+00
4.879108e+00
4.877054e+00
4.874999e+00
4.872945e+00
4.870890e+00
4.868836e+00
4.866782e+00
4.864727e+00
4.862673e+00
4.860619e+00
4.858564e+00
4.856509e+00
4.854455e+00
4.852400e+00
4.850346e+00
4.848292e+00
4.846237e+00
4.844183e+00
4.842128e+00
4.840074e+00
4.838019e+00
4.835965e+00
4.833910e+00
4.831856e+00
4.829802e+00
4.827747e+00
4.825693e+00
4.823638e+00
4.821584e+00
4.819529e+00
4.817475e+00
4.815420e+00
4.813366e+00
4.811312e+00
4.809257e+00
4.807203e+00
4.805148e+00
4.803094e+00
4.801039e+00
4.798985e+00
4.796931e+00
4.794876e+00
4.792822e+00
4.790767e+00
4.788713e+00
4.786658e+00
4.784604e+00
4.782549e+00
4.780495e+00
4.778441e+00
4.776386e+00
4.774332e+00
4.772278e+00
4.770223e+00
4.768168e+00
4.766114e+00
4.764060e+00
4.762005e+00
4.759951e+00
4.757896e+00
4.755842e+00
4.753788e+00
4.751733e+00
4.749679e+00
4.747624e+00
4.745570e+00
4.743515e+00
4.741461e+00
4.739406e+00
4.737352e+00
4.735297e+00
4.733243e+00
4.731189e+00
4.729134e+00
4.727080e+00
4.725025e+00
4.722971e+00
4.720916e+00
4.718862e+00
4.716808e+00
4.714753e+00
4.712699e+00
4.710644e+00
4.708590e+00
4.706535e+00
4.704481e+00
4.702426e+00
4.700372e+00
4.698318e+00
4.696263e+00
4.694209e+00
4.692154e+00
4.690100e+00
4.688045e+00
4.685991e+00
4.683937e+00
4.681882e+00
4.679828e+00
4.677773e+00
4.675719e+00
4.673664e+00
4.671610e+00
4.669555e+00
4.667501e+00
4.665447e+00
4.663392e+00
4.661338e+00
4.659283e+00
4.657229e+00
4.655174e+00
4.653119e+00
4.651066e+00
4.649011e+00
4.646956e+00
4.644902e+00
4.642848e+00
4.640793e+00
4.638739e+00
4.636685e+00
4.634630e+00
4.632576e+00
4.630521e+00
4.628466e+00
4.626412e+00
4.624358e+00
4.622303e+00
4.620249e+00
4.618195e+00
4.616140e+00
4.614086e+00
4.612031e+00
4.609977e+00
4.607922e+00
4.605868e+00
4.603814e+00
4.601759e+00
4.599705e+00
4.597650e+00
4.595596e+00
4.593541e+00
4.591487e+00
4.589432e+00
4.587378e+00
4.585324e+00
4.583269e+00
4.581215e+00
4.579160e+00
4.577106e+00
4.575051e+00
4.572997e+00
4.570943e+00
4.568888e+00
4.566834e+00
4.564779e+00
4.562725e+00
4.560670e+00
4.558615e+00
4.556561e+00
4.554507e+00
4.552452e+00
4.550398e+00
4.548344e+00
4.546289e+00
4.544235e+00
4.542180e+00
4.540125e+00
4.538072e+00
4.536017e+00
4.533962e+00
4.531908e+00
4.529854e+00
4.527799e+00
4.525745e+00
4.523691e+00
4.521636e+00
4.519582e+00
4.517527e+00
4.515472e+00
4.513418e+00
4.511364e+00
4.509309e+00
4.507255e+00
4.505201e+00
4.503146e+00
4.501092e+00
4.499037e+00
4.496982e+00
4.494928e+00
4.492874e+00
4.490819e+00
4.488765e+00
4.486711e+00
4.484656e+00
4.482602e+00
4.480547e+00
4.478492e+00
4.476438e+00
4.474384e+00
4.472329e+00
4.470275e+00
4.468221e+00
4.466166e+00
4.464111e+00
4.462057e+00
4.460003e+00
4.457948e+00
4.455894e+00
4.453840e+00
4.451785e+00
4.449731e+00
4.447676e+00
4.445621e+00
4.443567e+00
4.441513e+00
4.439458e+00
4.437404e+00
4.435350e+00
4.433295e+00
4.431241e+00
4.429186e+00
4.427131e+00
4.425078e+00
4.423023e+00
4.420968e+00
4.418914e+00
4.416860e+00
4.414805e+00
4.412751e+00
4.410696e+00
4.408642e+00
4.406588e+00
4.404533e+00
4.402478e+00
4.400424e+00
4.398370e+00
4.396315e+00
4.394261e+00
4.392207e+00
4.390152e+00
4.388098e+00
4.386043e+00
4.383988e+00
4.381934e+00
4.379880e+00
4.377825e+00
4.375771e+00
4.373717e+00
4.371662e+00
4.369607e+00
4.367553e+00
4.365498e+00
4.363444e+00
4.361390e+00
4.359335e+00
4.357281e+00
4.355227e+00
4.353172e+00
4.351117e+00
4.349063e+00
4.347008e+00
4.344954e+00
4.342900e+00
4.340845e+00
4.338791e+00
4.336737e+00
4.334682e+00
4.332627e+00
4.330573e+00
4.328519e+00
4.326464e+00
4.324410e+00
4.322355e+00
4.320301e+00
4.318247e+00
4.316192e+00
4.314137e+00
4.312084e+00
4.310029e+00
4.307974e+00
4.305920e+00
4.303866e+00
4.301811e+00
4.299757e+00
4.297702e+00
4.295648e+00
4.293594e+00
4.291539e+00
4.289484e+00
4.287430e+00
4.285376e+00
4.283321e+00
4.281267e+00
4.279213e+00
4.277158e+00
4.275103e+00
4.273049e+00
4.270994e+00
4.268940e+00
4.266886e+00
4.264831e+00
4.262777e+00
4.260723e+00
4.258668e+00
4.256613e+00
4.254559e+00
4.252504e+00
4.250450e+00
4.248396e+00
4.246341e+00
4.244287e+00
4.242233e+00
4.240178e+00
4.238123e+00
4.236069e+00
4.234014e+00
4.231960e+00
4.229906e+00
4.227851e+00
4.225797e+00
4.223743e+00
4.221688e+00
4.219633e+00
4.217579e+00
4.215525e+00
4.213470e+00
4.211416e+00
4.209361e+00
4.207307e+00
4.205253e+00
4.203198e+00
4.201143e+00
4.199090e+00
4.197035e+00
4.194980e+00
4.192926e+00
4.190871e+00
4.188817e+00
4.186763e+00
4.184708e+00
4.182654e+00
4.180599e+00
4.178545e+00
4.176490e+00
4.174436e+00
4.172381e+00
4.170327e+00
4.168273e+00
4.166218e+00
4.164164e+00
4.162109e+00
4.160055e+00
4.158000e+00
4.155946e+00
4.153892e+00
4.151837e+00
4.149783e+00
4.147729e+00
4.145674e+00
4.143619e+00
4.141565e+00
4.139510e+00
4.137456e+00
4.135402e+00
4.133347e+00
4.131293e+00
4.129239e+00
4.127184e+00
4.125129e+00
4.123075e+00
4.121020e+00
4.118966e+00
4.116912e+00
4.114857e+00
4.112803e+00
4.110749e+00
4.108694e+00
4.106639e+00
4.104585e+00
4.102531e+00
4.100476e+00
4.098422e+00
4.096367e+00
4.094313e+00
4.092259e+00
4.090204e+00
4.088149e+00
4.086095e+00
4.084041e+00
4.081986e+00
4.079932e+00
4.077877e+00
4.075823e+00
4.073768e+00
4.071714e+00
4.069660e+00
4.067605e+00
4.065551e+00
4.063496e+00
4.061442e+00
4.059387e+00
4.057333e+00
4.055279e+00
4.053224e+00
4.051170e+00
4.049115e+00
4.047061e+00
4.045006e+00
4.042952e+00
4.040897e+00
4.038843e+00
4.036789e+00
4.034734e+00
4.032680e+00
4.030625e+00
4.028571e+00
4.026516e+00
4.024462e+00
4.022408e+00
4.020353e+00
4.018299e+00
4.016244e+00
4.014190e+00
4.012135e+00
4.010081e+00
4.008026e+00
4.005972e+00
4.003918e+00
4.001863e+00
3.999809e+00
3.997755e+00
3.995700e+00
3.993645e+00
3.991591e+00
3.989537e+00
3.987482e+00
3.985428e+00
3.983373e+00
3.981319e+00
3.979264e+00
3.977210e+00
3.975155e+00
3.973101e+00
3.971047e+00
3.968992e+00
3.966938e+00
3.964883e+00
3.962829e+00
3.960774e+00
3.958720e+00
3.956666e+00
3.954611e+00
3.952557e+00
3.950502e+00
3.949529e+00
3.948556e+00
3.947584e+00
3.946611e+00
3.945638e+00
3.944665e+00
3.943692e+00
3.942720e+00
3.941747e+00
3.940774e+00
3.939801e+00
3.938829e+00
3.937856e+00
3.936883e+00
3.935910e+00
3.934937e+00
3.933964e+00
3.932991e+00
3.932019e+00
3.931046e+00
3.930072e+00
3.929100e+00
3.928127e+00
3.927155e+00
3.926181e+00
3.925208e+00
3.924236e+00
3.923263e+00
3.922290e+00
3.921317e+00
3.920344e+00
3.919372e+00
3.918399e+00
3.917426e+00
3.916453e+00
3.915480e+00
3.914508e+00
3.913535e+00
3.912562e+00
3.911589e+00
3.910616e+00
3.909644e+00
3.908671e+00
3.907698e+00
3.906725e+00
3.905752e+00
3.904780e+00
3.903806e+00
3.902834e+00
3.901861e+00
3.900888e+00
3.899915e+00
3.898942e+00
3.897970e+00
3.896997e+00
3.896024e+00
3.895051e+00
3.894078e+00
3.893105e+00
3.892133e+00
3.891160e+00
3.890187e+00
3.889214e+00
3.888241e+00
3.887269e+00
3.886296e+00
3.885323e+00
3.884350e+00
3.883377e+00
3.882405e+00
3.881431e+00
3.880459e+00
3.879486e+00
3.878513e+00
3.877540e+00
3.876567e+00
3.875595e+00
3.874621e+00
3.873649e+00
3.872676e+00
3.871703e+00
3.870730e+00
3.869757e+00
3.868785e+00
3.867812e+00
3.866839e+00
3.865866e+00
3.864893e+00
3.863921e+00
3.862948e+00
3.861975e+00
3.861002e+00
3.860029e+00
3.859057e+00
3.858084e+00
3.857111e+00
3.856138e+00
3.855165e+00
3.854193e+00
3.853220e+00
3.852246e+00
3.851274e+00
3.850301e+00
3.849329e+00
3.848355e+00
3.847382e+00
3.846410e+00
3.845437e+00
3.844464e+00
3.843491e+00
3.842518e+00
3.841546e+00
3.840573e+00
3.839600e+00
3.838627e+00
3.837654e+00
3.836681e+00
3.835709e+00
3.834736e+00
3.833763e+00
3.832790e+00
3.831817e+00
3.830845e+00
3.829872e+00
3.828899e+00
3.827926e+00
3.826954e+00
3.825980e+00
3.825008e+00
3.824035e+00
3.823062e+00
3.822089e+00
3.821116e+00
3.820144e+00
3.819171e+00
3.818197e+00
3.817225e+00
3.816252e+00
3.815279e+00
3.814306e+00
3.813333e+00
3.812361e+00
3.811388e+00
3.810415e+00
3.809442e+00
3.808469e+00
3.807497e+00
3.806524e+00
3.805551e+00
3.804578e+00
3.803605e+00
3.802633e+00
3.801660e+00
3.800687e+00
3.799714e+00
3.798741e+00
3.797769e+00
3.796795e+00
3.795823e+00
3.794850e+00
3.793877e+00
3.792904e+00
3.791931e+00
3.790959e+00
3.789986e+00
3.789013e+00
3.788040e+00
3.787067e+00
3.786095e+00
3.785121e+00
3.784149e+00
3.783176e+00
3.782203e+00
3.781230e+00
3.780258e+00
3.779285e+00
3.778312e+00
3.777339e+00
3.776366e+00
3.775394e+00
3.774420e+00
3.773448e+00
3.772475e+00
3.771502e+00
3.770529e+00
3.769556e+00
3.768584e+00
3.767611e+00
3.766638e+00
3.765665e+00
3.764692e+00
3.763720e+00
3.762746e+00
3.761774e+00
3.760801e+00
3.759828e+00
3.758855e+00
3.757882e+00
3.756910e+00
3.755937e+00
3.754964e+00
3.753991e+00
3.753018e+00
3.752046e+00
3.751073e+00
3.750100e+00
3.749127e+00
3.748154e+00
3.747182e+00
3.746209e+00
3.745236e+00
3.744263e+00
3.743290e+00
3.742318e+00
3.741345e+00
3.740371e+00
3.739399e+00
3.738426e+00
3.737453e+00
3.736480e+00
3.735507e+00
3.734535e+00
3.733562e+00
3.732589e+00
3.731616e+00
3.730643e+00
3.729670e+00
3.728698e+00
3.727725e+00
3.726752e+00
3.725779e+00
3.724806e+00
3.723834e+00
3.722861e+00
3.721888e+00
3.720915e+00
3.719942e+00
3.718969e+00
3.717997e+00
3.717024e+00
3.716051e+00
3.715078e+00
3.714105e+00
3.713133e+00
3.712160e+00
3.711186e+00
3.710214e+00
3.709241e+00
3.708269e+00
3.707295e+00
3.706322e+00
3.705350e+00
3.704377e+00
3.703404e+00
3.702431e+00
3.701458e+00
3.700486e+00
3.699513e+00
3.698540e+00
3.697567e+00
3.696594e+00
3.695622e+00
3.694649e+00
3.693676e+00
3.692703e+00
3.691730e+00
3.690758e+00
3.689785e+00
3.688811e+00
3.687839e+00
3.686866e+00
3.685894e+00
3.684920e+00
3.683947e+00
3.682975e+00
3.682002e+00
3.681029e+00
3.680056e+00
3.679083e+00
3.678110e+00
3.677138e+00
3.676165e+00
3.675192e+00
3.674219e+00
3.673246e+00
3.672274e+00
3.671301e+00
3.670328e+00
3.669355e+00
3.668383e+00
3.667410e+00
3.666437e+00
3.665464e+00
3.664491e+00
3.663519e+00
3.662545e+00
3.661573e+00
3.660600e+00
3.659626e+00
3.658654e+00
3.657681e+00
3.656709e+00
3.655735e+00
3.654762e+00
3.653790e+00
3.652817e+00
3.651844e+00
3.650871e+00
3.649899e+00
3.648926e+00
3.647953e+00
3.646980e+00
3.646007e+00
3.645035e+00
3.644062e+00
3.643089e+00
3.642116e+00
3.641143e+00
3.640170e+00
3.639198e+00
3.638225e+00
3.637252e+00
3.636279e+00
3.635306e+00
3.634334e+00
3.633360e+00
3.632388e+00
3.631415e+00
3.630442e+00
3.629469e+00
3.628496e+00
3.627524e+00
3.626551e+00
3.625578e+00
3.624605e+00
3.623632e+00
3.622660e+00
3.621687e+00
3.620714e+00
3.619741e+00
3.618768e+00
3.617795e+00
3.616823e+00
3.615850e+00
3.614877e+00
3.613904e+00
3.612931e+00
3.611959e+00
3.610985e+00
3.610013e+00
3.609040e+00
3.608067e+00
3.607094e+00
3.606121e+00
3.605149e+00
3.604176e+00
3.603203e+00
3.602230e+00
3.601257e+00
3.600284e+00
3.599311e+00
3.598339e+00
3.597366e+00
3.596393e+00
3.595420e+00
3.594447e+00
3.593475e+00
3.592502e+00
3.591529e+00
3.590556e+00
3.589583e+00
3.588611e+00
3.587638e+00
3.586665e+00
3.585692e+00
3.584719e+00
3.583747e+00
3.582774e+00
3.581800e+00
3.580828e+00
3.579855e+00
3.578883e+00
3.577909e+00
3.576936e+00
3.575964e+00
3.574991e+00
3.574018e+00
3.573045e+00
3.572072e+00
3.571100e+00
3.570127e+00
3.569154e+00
3.568181e+00
3.567208e+00
3.566235e+00
3.565263e+00
3.564290e+00
3.563317e+00
3.562344e+00
3.561371e+00
3.560399e+00
3.559426e+00
3.558453e+00
3.557480e+00
3.556508e+00
3.555534e+00
3.554562e+00
3.553589e+00
3.552616e+00
3.551643e+00
3.550670e+00
3.549698e+00
3.548725e+00
3.547751e+00
3.546779e+00
3.545806e+00
3.544834e+00
3.543860e+00
3.542887e+00
3.541915e+00
3.540942e+00
3.539969e+00
3.538996e+00
3.538024e+00
3.537051e+00
3.536078e+00
3.535105e+00
3.534132e+00
3.533159e+00
3.532187e+00
3.531214e+00
3.530241e+00
3.529268e+00
3.528295e+00
3.527323e+00
3.526350e+00
3.525377e+00
3.524404e+00
3.523431e+00
3.522458e+00
3.521485e+00
3.520513e+00
3.519540e+00
3.518567e+00
3.517594e+00
3.516621e+00
3.515649e+00
3.514676e+00
3.513703e+00
3.512730e+00
3.511757e+00
3.510784e+00
3.509812e+00
3.508839e+00
3.507866e+00
3.506893e+00
3.505920e+00
3.504948e+00
3.503974e+00
3.503002e+00
3.502029e+00
3.501056e+00
3.500083e+00
3.499110e+00
3.498138e+00
3.497165e+00
3.496192e+00
3.495219e+00
3.494246e+00
3.493274e+00
3.492300e+00
3.491328e+00
3.490355e+00
3.489382e+00
3.488409e+00
3.487436e+00
3.486464e+00
3.485491e+00
3.484518e+00
3.483545e+00
3.482572e+00
