7.361667e-04
7.682860e-04
8.004057e-04
8.325250e-04
8.646443e-04
8.967640e-04
9.288833e-04
9.610027e-04
9.931223e-04
1.025242e-03
1.057361e-03
1.089481e-03
1.121600e-03
1.153720e-03
1.185839e-03
1.217958e-03
1.250078e-03
1.282197e-03
1.314317e-03
1.346436e-03
1.378556e-03
1.410675e-03
1.442795e-03
1.474914e-03
1.507033e-03
1.539153e-03
1.571272e-03
1.603392e-03
1.635511e-03
1.667630e-03
1.699750e-03
1.813637e-03
1.927525e-03
2.041412e-03
2.155300e-03
2.269187e-03
2.383075e-03
2.496962e-03
2.610850e-03
2.724738e-03
2.838625e-03
2.952512e-03
3.066400e-03
3.180287e-03
3.294175e-03
3.408063e-03
3.521950e-03
3.635838e-03
3.749725e-03
3.863612e-03
3.977500e-03
4.036600e-03
4.095700e-03
4.154800e-03
4.213900e-03
4.273000e-03
4.332100e-03
4.391200e-03
4.450300e-03
4.509400e-03
4.568500e-03
4.627600e-03
4.686700e-03
4.745800e-03
4.804900e-03
4.864000e-03
4.923100e-03
4.982200e-03
5.041300e-03
5.010872e-03
5.159500e-03
5.308128e-03
5.456755e-03
5.605383e-03
5.754011e-03
5.902639e-03
6.051267e-03
6.199895e-03
6.348522e-03
6.497150e-03
6.645778e-03
6.794405e-03
6.943033e-03
7.091661e-03
7.240289e-03
7.388917e-03
7.537545e-03
7.686172e-03
7.834800e-03
7.983428e-03
8.132055e-03
8.280683e-03
8.429311e-03
8.577939e-03
8.726567e-03
8.875195e-03
9.023822e-03
9.172450e-03
9.321078e-03
9.469705e-03
9.618333e-03
9.734550e-03
9.850767e-03
9.966983e-03
1.008320e-02
1.019942e-02
1.031563e-02
1.043185e-02
1.054807e-02
1.066428e-02
1.078050e-02
1.089672e-02
1.101293e-02
1.112915e-02
1.124537e-02
1.136158e-02
1.147780e-02
1.159402e-02
1.171023e-02
1.182645e-02
1.194267e-02
1.205888e-02
1.217510e-02
1.229132e-02
1.240753e-02
1.252375e-02
1.263997e-02
1.275618e-02
1.287240e-02
1.298862e-02
1.310483e-02
1.322105e-02
1.333727e-02
1.345348e-02
1.356970e-02
1.368592e-02
1.380213e-02
1.391835e-02
1.403457e-02
1.415078e-02
1.426700e-02
1.438322e-02
1.449943e-02
1.461565e-02
1.473187e-02
1.484808e-02
1.496430e-02
1.508052e-02
1.519673e-02
1.531295e-02
1.542917e-02
1.557288e-02
1.571660e-02
1.586032e-02
1.600403e-02
1.614775e-02
1.629147e-02
1.643518e-02
1.657890e-02
1.672262e-02
1.686633e-02
1.701005e-02
1.715377e-02
1.729748e-02
1.744120e-02
1.758492e-02
1.772863e-02
1.787235e-02
1.801607e-02
1.815978e-02
1.830350e-02
1.844722e-02
1.859093e-02
1.873465e-02
1.887837e-02
1.902208e-02
1.916580e-02
1.930952e-02
1.945323e-02
1.959695e-02
1.974067e-02
1.988438e-02
2.002810e-02
2.017182e-02
2.031553e-02
2.045925e-02
2.060297e-02
2.074668e-02
2.089040e-02
2.103412e-02
2.117783e-02
2.132155e-02
2.146527e-02
2.160898e-02
2.175270e-02
2.189642e-02
2.204013e-02
2.218385e-02
2.232757e-02
2.247128e-02
2.261500e-02
2.261978e-02
2.262457e-02
2.262935e-02
2.263413e-02
2.263892e-02
2.264370e-02
2.264848e-02
2.265327e-02
2.265805e-02
2.266283e-02
2.266762e-02
2.267240e-02
2.267718e-02
2.268197e-02
2.268675e-02
2.269153e-02
2.269632e-02
2.270110e-02
2.270588e-02
2.271067e-02
2.271545e-02
2.272023e-02
2.272502e-02
2.272980e-02
2.273458e-02
2.273937e-02
2.274415e-02
2.274893e-02
2.275372e-02
2.275850e-02
2.276328e-02
2.276807e-02
2.277285e-02
2.277763e-02
2.278242e-02
2.278720e-02
2.279198e-02
2.279677e-02
2.280155e-02
2.280633e-02
2.281112e-02
2.281590e-02
2.282068e-02
2.282547e-02
2.283025e-02
2.283503e-02
2.283982e-02
2.284460e-02
2.284938e-02
2.285417e-02
2.285895e-02
2.286373e-02
2.286852e-02
2.287330e-02
2.287808e-02
2.288287e-02
2.288765e-02
2.289243e-02
2.289722e-02
2.290200e-02
2.290678e-02
2.291157e-02
2.291635e-02
2.292113e-02
2.292592e-02
2.293070e-02
2.293548e-02
2.294027e-02
2.294505e-02
2.294983e-02
2.295462e-02
2.295940e-02
2.296418e-02
2.296897e-02
2.297375e-02
2.297853e-02
2.298332e-02
2.298810e-02
2.299288e-02
2.299767e-02
2.300245e-02
2.300723e-02
2.301202e-02
2.301680e-02
2.302158e-02
2.302637e-02
2.303115e-02
2.303593e-02
2.304072e-02
2.304550e-02
2.305028e-02
2.305507e-02
2.305985e-02
2.306463e-02
2.306942e-02
2.307420e-02
2.307898e-02
2.308377e-02
2.308855e-02
2.309333e-02
2.318544e-02
2.327755e-02
2.336966e-02
2.346177e-02
2.355387e-02
2.364598e-02
2.373809e-02
2.383020e-02
2.392231e-02
2.401442e-02
2.410653e-02
2.419863e-02
2.429074e-02
2.438285e-02
2.447496e-02
2.456707e-02
2.465918e-02
2.475128e-02
2.484339e-02
2.493550e-02
2.502761e-02
2.511972e-02
2.521183e-02
2.530393e-02
2.539604e-02
2.548815e-02
2.558026e-02
2.567237e-02
2.576447e-02
2.585658e-02
2.594869e-02
2.604080e-02
2.613291e-02
2.622502e-02
2.631713e-02
2.640923e-02
2.650134e-02
2.659345e-02
2.668556e-02
2.677767e-02
2.686978e-02
2.696188e-02
2.705399e-02
2.714610e-02
2.723821e-02
2.733032e-02
2.742243e-02
2.751453e-02
2.760664e-02
2.769875e-02
2.779086e-02
2.788297e-02
2.797507e-02
2.806718e-02
2.815929e-02
2.825140e-02
2.834351e-02
2.843562e-02
2.852773e-02
2.861983e-02
2.871194e-02
2.880405e-02
2.889616e-02
2.898827e-02
2.908037e-02
2.917248e-02
2.926459e-02
2.935670e-02
2.944881e-02
2.954092e-02
2.963303e-02
2.972513e-02
2.981724e-02
2.990935e-02
3.000146e-02
3.009357e-02
3.018567e-02
3.027778e-02
3.036989e-02
3.046200e-02
3.055411e-02
3.064622e-02
3.073833e-02
3.083043e-02
3.092254e-02
3.101465e-02
3.110676e-02
3.119887e-02
3.129097e-02
3.138308e-02
3.147519e-02
3.156730e-02
3.165941e-02
3.175152e-02
3.184363e-02
3.193573e-02
3.202784e-02
3.211995e-02
3.221206e-02
3.230417e-02
3.242600e-02
3.254783e-02
3.266967e-02
3.279150e-02
3.291333e-02
3.303517e-02
3.315700e-02
3.327883e-02
3.340067e-02
3.352250e-02
3.364433e-02
3.376617e-02
3.388800e-02
3.400983e-02
3.413167e-02
3.425350e-02
3.437533e-02
3.449717e-02
3.461900e-02
3.474083e-02
3.486267e-02
3.498450e-02
3.510633e-02
3.522817e-02
3.535000e-02
3.547183e-02
3.559367e-02
3.571550e-02
3.583733e-02
3.595917e-02
3.608100e-02
3.620283e-02
3.632467e-02
3.644650e-02
3.656833e-02
3.669017e-02
3.681200e-02
3.693383e-02
3.705567e-02
3.717750e-02
3.729933e-02
3.742117e-02
3.754300e-02
3.766483e-02
3.778667e-02
3.790850e-02
3.803033e-02
3.815217e-02
3.827400e-02
3.839583e-02
3.851767e-02
3.863950e-02
3.876133e-02
3.888317e-02
3.900500e-02
3.912683e-02
3.924867e-02
3.937050e-02
3.949233e-02
3.961417e-02
3.973600e-02
3.985783e-02
3.997967e-02
4.010150e-02
4.022333e-02
4.034517e-02
4.046700e-02
4.058883e-02
4.071067e-02
4.083250e-02
4.095433e-02
4.107617e-02
4.119800e-02
4.131983e-02
4.144167e-02
4.156350e-02
4.168533e-02
4.180717e-02
4.192900e-02
4.205083e-02
4.217267e-02
4.229450e-02
4.241633e-02
4.253817e-02
4.266000e-02
4.278183e-02
4.290367e-02
4.302550e-02
4.314733e-02
4.326917e-02
4.339100e-02
4.351283e-02
4.363467e-02
4.375650e-02
4.387833e-02
4.400017e-02
4.412200e-02
4.424383e-02
4.436567e-02
4.448750e-02
4.460933e-02
4.473117e-02
4.485300e-02
4.497483e-02
4.509667e-02
4.521850e-02
4.534033e-02
4.546217e-02
4.558400e-02
4.570583e-02
4.582767e-02
4.594950e-02
4.607133e-02
4.619317e-02
4.631500e-02
4.643683e-02
4.655867e-02
4.668050e-02
4.680233e-02
4.692417e-02
4.704600e-02
4.716783e-02
4.728967e-02
4.741150e-02
4.753333e-02
4.765517e-02
4.777700e-02
4.789883e-02
4.802067e-02
4.814250e-02
4.826433e-02
4.838617e-02
4.850800e-02
4.862983e-02
4.875167e-02
4.887350e-02
4.899533e-02
4.911717e-02
4.923900e-02
4.936083e-02
4.948267e-02
4.960450e-02
4.972633e-02
4.984817e-02
4.997000e-02
5.009183e-02
5.021367e-02
5.033550e-02
5.045733e-02
5.057917e-02
5.070100e-02
5.082283e-02
5.094467e-02
5.106650e-02
5.118833e-02
5.131017e-02
5.143200e-02
5.155383e-02
5.167567e-02
5.179750e-02
5.191933e-02
5.204117e-02
5.216300e-02
5.228483e-02
5.240667e-02
5.252850e-02
5.265033e-02
5.277217e-02
5.289400e-02
5.301583e-02
5.313767e-02
5.325950e-02
5.338133e-02
5.350317e-02
5.362500e-02
5.374683e-02
5.386867e-02
5.399050e-02
5.411233e-02
5.423417e-02
5.435600e-02
5.447783e-02
5.459967e-02
5.472150e-02
5.484333e-02
5.496517e-02
5.508700e-02
5.520883e-02
5.533067e-02
5.545250e-02
5.557433e-02
5.569617e-02
5.581800e-02
5.593983e-02
5.606167e-02
5.618350e-02
5.630533e-02
5.642717e-02
5.654900e-02
5.667083e-02
5.686046e-02
5.705008e-02
5.723971e-02
5.742933e-02
5.761896e-02
5.780858e-02
5.799821e-02
5.818783e-02
5.837746e-02
5.856708e-02
5.875671e-02
5.894633e-02
5.913596e-02
5.932558e-02
5.951521e-02
5.970483e-02
5.989446e-02
6.008408e-02
6.027371e-02
6.046333e-02
6.065296e-02
6.084258e-02
6.103221e-02
6.122183e-02
6.141146e-02
6.160108e-02
6.179071e-02
6.198033e-02
6.216996e-02
6.235958e-02
6.254921e-02
6.273883e-02
6.292846e-02
6.311808e-02
6.330771e-02
6.349733e-02
6.368696e-02
6.387658e-02
6.406621e-02
6.425583e-02
6.444546e-02
6.463508e-02
6.482471e-02
6.501433e-02
6.520396e-02
6.539358e-02
6.558321e-02
6.577283e-02
6.596246e-02
6.615208e-02
6.634171e-02
6.653133e-02
6.672096e-02
6.691058e-02
6.710021e-02
6.728983e-02
6.747946e-02
6.766908e-02
6.785871e-02
6.804833e-02
6.823796e-02
6.842758e-02
6.861721e-02
6.880683e-02
6.899646e-02
6.918608e-02
6.937571e-02
6.956533e-02
6.975496e-02
6.994458e-02
7.013421e-02
7.032383e-02
7.051346e-02
7.070308e-02
7.089271e-02
7.108233e-02
7.127196e-02
7.146158e-02
7.165121e-02
7.184083e-02
7.203046e-02
7.222008e-02
7.240971e-02
7.259933e-02
7.278896e-02
7.297858e-02
7.316821e-02
7.335783e-02
7.354746e-02
7.373708e-02
7.392671e-02
7.411633e-02
7.430596e-02
7.449558e-02
7.468521e-02
7.487483e-02
7.506446e-02
7.525408e-02
7.544371e-02
7.563333e-02
7.662213e-02
7.761093e-02
7.859973e-02
7.958852e-02
8.057732e-02
8.156612e-02
8.255492e-02
8.354372e-02
8.453252e-02
8.552132e-02
8.651012e-02
8.749891e-02
8.848771e-02
8.947651e-02
9.046531e-02
9.145411e-02
9.244291e-02
9.343171e-02
9.442051e-02
9.540930e-02
9.639810e-02
9.738690e-02
9.837570e-02
9.936450e-02
1.003533e-01
1.013421e-01
1.023309e-01
1.033197e-01
1.043085e-01
1.052973e-01
1.062861e-01
1.072749e-01
1.082637e-01
1.092525e-01
1.102413e-01
1.112301e-01
1.122189e-01
1.132077e-01
1.141965e-01
1.151853e-01
1.161741e-01
1.171629e-01
1.181517e-01
1.191405e-01
1.201293e-01
1.211181e-01
1.221069e-01
1.230957e-01
1.240845e-01
1.250733e-01
1.260621e-01
1.270509e-01
1.280397e-01
1.290285e-01
1.300173e-01
1.310061e-01
1.319949e-01
1.329837e-01
1.339725e-01
1.349613e-01
1.359501e-01
1.369388e-01
1.379276e-01
1.389164e-01
1.399052e-01
1.408940e-01
1.418828e-01
1.428716e-01
1.438604e-01
1.448492e-01
1.458380e-01
1.468268e-01
1.478156e-01
1.488044e-01
1.497932e-01
1.507820e-01
1.517708e-01
1.527596e-01
1.537484e-01
1.547372e-01
1.557260e-01
1.567148e-01
1.577036e-01
1.586924e-01
1.596812e-01
1.606700e-01
1.616588e-01
1.626476e-01
1.636364e-01
1.646252e-01
1.656140e-01
1.666028e-01
1.675916e-01
1.685804e-01
1.695692e-01
1.705580e-01
1.715468e-01
1.725356e-01
1.735244e-01
1.745132e-01
1.755020e-01
1.764908e-01
1.774796e-01
1.784684e-01
1.794572e-01
1.804460e-01
1.814348e-01
1.824236e-01
1.834124e-01
1.844012e-01
1.853900e-01
1.863788e-01
1.873676e-01
1.883564e-01
1.893452e-01
1.903340e-01
1.913228e-01
1.923116e-01
1.933004e-01
1.942892e-01
1.952780e-01
1.962668e-01
1.972556e-01
1.982444e-01
1.992332e-01
2.002220e-01
2.012108e-01
2.021996e-01
2.031884e-01
2.041772e-01
2.051660e-01
2.061548e-01
2.071436e-01
2.081324e-01
2.091212e-01
2.101100e-01
2.110988e-01
2.120876e-01
2.130763e-01
2.140651e-01
2.150539e-01
2.160427e-01
2.170315e-01
2.180203e-01
2.190091e-01
2.199979e-01
2.209867e-01
2.219755e-01
2.229643e-01
2.239531e-01
2.249419e-01
2.259307e-01
2.269195e-01
2.279083e-01
2.288971e-01
2.298859e-01
2.308747e-01
2.318635e-01
2.328523e-01
2.338411e-01
2.348299e-01
2.358187e-01
2.368075e-01
2.377963e-01
2.387851e-01
2.397739e-01
2.407627e-01
2.417515e-01
2.427403e-01
2.437291e-01
2.447179e-01
2.457067e-01
2.466955e-01
2.476843e-01
2.486731e-01
2.496619e-01
2.506507e-01
2.516395e-01
2.526283e-01
2.536171e-01
2.546059e-01
2.555947e-01
2.565835e-01
2.575723e-01
2.585611e-01
2.595499e-01
2.605387e-01
2.615275e-01
2.625163e-01
2.635051e-01
2.644939e-01
2.654827e-01
2.664715e-01
2.674603e-01
2.684491e-01
2.694379e-01
2.704267e-01
2.714155e-01
2.724043e-01
2.733931e-01
2.743819e-01
2.753707e-01
2.763595e-01
2.773483e-01
2.783371e-01
2.793259e-01
2.803147e-01
2.813035e-01
2.822923e-01
2.832811e-01
2.842699e-01
2.852587e-01
2.862475e-01
2.872363e-01
2.882251e-01
2.892138e-01
2.902026e-01
2.911914e-01
2.921802e-01
2.931690e-01
2.941578e-01
2.951466e-01
2.961354e-01
2.971242e-01
2.981130e-01
2.991018e-01
3.000906e-01
3.010794e-01
3.020682e-01
3.030570e-01
3.040458e-01
3.050346e-01
3.060234e-01
3.070122e-01
3.080010e-01
3.089898e-01
3.099786e-01
3.109674e-01
3.119562e-01
3.129450e-01
3.139338e-01
3.149226e-01
3.159114e-01
3.169002e-01
3.178890e-01
3.188778e-01
3.198666e-01
3.208554e-01
3.218442e-01
3.228330e-01
3.238218e-01
3.248106e-01
3.257994e-01
3.267882e-01
3.277770e-01
3.287658e-01
3.297546e-01
3.307434e-01
3.317322e-01
3.327210e-01
3.337098e-01
3.346986e-01
3.356874e-01
3.366762e-01
3.376650e-01
3.386538e-01
3.396426e-01
3.406314e-01
3.416202e-01
3.426090e-01
3.435978e-01
3.445866e-01
3.455754e-01
3.465642e-01
3.475530e-01
3.485418e-01
3.495306e-01
3.505194e-01
3.515082e-01
3.524970e-01
3.534858e-01
3.544746e-01
3.554634e-01
3.564522e-01
3.574410e-01
3.584298e-01
3.594186e-01
3.604074e-01
3.613962e-01
3.623850e-01
3.633738e-01
3.643625e-01
3.653513e-01
3.663401e-01
3.673289e-01
3.683177e-01
3.693065e-01
3.702953e-01
3.712841e-01
3.722729e-01
3.732617e-01
3.742505e-01
3.752393e-01
3.762281e-01
3.772169e-01
3.782057e-01
3.791945e-01
3.801833e-01
3.811721e-01
3.821609e-01
3.831497e-01
3.841385e-01
3.851273e-01
3.861161e-01
3.871049e-01
3.880937e-01
3.890825e-01
3.900713e-01
3.910601e-01
3.920489e-01
3.930377e-01
3.940265e-01
3.950153e-01
3.960041e-01
3.969929e-01
3.979817e-01
3.989705e-01
3.999593e-01
4.009481e-01
4.019369e-01
4.029257e-01
4.039145e-01
4.049033e-01
4.058921e-01
4.068809e-01
4.078697e-01
4.088585e-01
4.098473e-01
4.108361e-01
4.118249e-01
4.128137e-01
4.138025e-01
4.147913e-01
4.157801e-01
4.167689e-01
4.177577e-01
4.187465e-01
4.197353e-01
4.207241e-01
4.217129e-01
4.227017e-01
4.236905e-01
4.246793e-01
4.256681e-01
4.266569e-01
4.276457e-01
4.286345e-01
4.296233e-01
4.306121e-01
4.316009e-01
4.325897e-01
4.335785e-01
4.345673e-01
4.355561e-01
4.365449e-01
4.375337e-01
4.385225e-01
4.395113e-01
4.405000e-01
4.414888e-01
4.424776e-01
4.434664e-01
4.444552e-01
4.454440e-01
4.464328e-01
4.474216e-01
4.484104e-01
4.493992e-01
4.503880e-01
4.513768e-01
4.523656e-01
4.533544e-01
4.543432e-01
4.553320e-01
4.563208e-01
4.573096e-01
4.582984e-01
4.592872e-01
4.602760e-01
4.612648e-01
4.622536e-01
4.632424e-01
4.642312e-01
4.652200e-01
4.662088e-01
4.671976e-01
4.681864e-01
4.691752e-01
4.701640e-01
4.711528e-01
4.721416e-01
4.731304e-01
4.741192e-01
4.751080e-01
4.760968e-01
4.770856e-01
4.780744e-01
4.796221e-01
4.811698e-01
4.827175e-01
4.842652e-01
4.858128e-01
4.873605e-01
4.889082e-01
4.904559e-01
4.920035e-01
4.935512e-01
4.950989e-01
4.966466e-01
4.981943e-01
4.997419e-01
5.012896e-01
5.028373e-01
5.043850e-01
5.059326e-01
5.074803e-01
5.090280e-01
5.105757e-01
5.121234e-01
5.136710e-01
5.152187e-01
5.167664e-01
5.183141e-01
5.198617e-01
5.214094e-01
5.229571e-01
5.245048e-01
5.260525e-01
5.276001e-01
5.291478e-01
5.306955e-01
5.322432e-01
5.337908e-01
5.353385e-01
5.368862e-01
5.384339e-01
5.399816e-01
5.415292e-01
5.430769e-01
5.446246e-01
5.461723e-01
5.477199e-01
5.492676e-01
5.508153e-01
5.523630e-01
5.539107e-01
5.554583e-01
5.570060e-01
5.585537e-01
5.601014e-01
5.616490e-01
5.631967e-01
5.647444e-01
5.662921e-01
5.678398e-01
5.693874e-01
5.709351e-01
5.724828e-01
5.740305e-01
5.755781e-01
5.771258e-01
5.786735e-01
5.802212e-01
5.817689e-01
5.833165e-01
5.848642e-01
5.864119e-01
5.879596e-01
5.895072e-01
5.910549e-01
5.926026e-01
5.941503e-01
5.956980e-01
5.972456e-01
5.987933e-01
6.003410e-01
6.018887e-01
6.034363e-01
6.049840e-01
6.065317e-01
6.080794e-01
6.096271e-01
6.111747e-01
6.127224e-01
6.142701e-01
6.158178e-01
6.173654e-01
6.189131e-01
6.204608e-01
6.220085e-01
6.235562e-01
6.251038e-01
6.266515e-01
6.281992e-01
6.297469e-01
6.312945e-01
6.328422e-01
6.353451e-01
6.378481e-01
6.403510e-01
6.428539e-01
6.453568e-01
6.478598e-01
6.503627e-01
6.528656e-01
6.553685e-01
6.578715e-01
6.603744e-01
6.628773e-01
6.653802e-01
6.678831e-01
6.703861e-01
6.728890e-01
6.753920e-01
6.778948e-01
6.803978e-01
6.829007e-01
6.854037e-01
6.879065e-01
6.904095e-01
6.929124e-01
6.954153e-01
6.979183e-01
7.004212e-01
7.029241e-01
7.054270e-01
7.079300e-01
7.104329e-01
7.129358e-01
7.154387e-01
7.179417e-01
7.204446e-01
7.229475e-01
7.254504e-01
7.279533e-01
7.304563e-01
7.329592e-01
7.354621e-01
7.379650e-01
7.404680e-01
7.429709e-01
7.454738e-01
7.479767e-01
7.504797e-01
7.529826e-01
7.554855e-01
7.579885e-01
7.604913e-01
7.629943e-01
7.654972e-01
7.680001e-01
7.705030e-01
7.730060e-01
7.755089e-01
7.780118e-01
7.805148e-01
7.830177e-01
7.855206e-01
7.880235e-01
7.905265e-01
7.930293e-01
7.955323e-01
7.980352e-01
8.005382e-01
8.030411e-01
8.055440e-01
8.080469e-01
8.105498e-01
8.130528e-01
8.155557e-01
8.180586e-01
8.205615e-01
8.230645e-01
8.255674e-01
8.280703e-01
8.305732e-01
8.330762e-01
8.355791e-01
8.380820e-01
8.405849e-01
8.430878e-01
8.455908e-01
8.480937e-01
8.505966e-01
8.530995e-01
8.556025e-01
8.581054e-01
8.606083e-01
8.631113e-01
8.656142e-01
8.681171e-01
8.706200e-01
8.731230e-01
8.756258e-01
8.781288e-01
8.806317e-01
8.831347e-01
8.856376e-01
8.881405e-01
8.906434e-01
8.931464e-01
8.956493e-01
8.981522e-01
9.006551e-01
9.031580e-01
9.056610e-01
9.081639e-01
9.106668e-01
9.131697e-01
9.156727e-01
9.181756e-01
9.206785e-01
9.231814e-01
9.256844e-01
9.281873e-01
9.306902e-01
9.331931e-01
9.356960e-01
9.381990e-01
9.407019e-01
9.432048e-01
9.457078e-01
9.482107e-01
9.507136e-01
9.532166e-01
9.557195e-01
9.582224e-01
9.607253e-01
9.632282e-01
9.657311e-01
9.682341e-01
9.707370e-01
9.732399e-01
9.757429e-01
9.782458e-01
9.807487e-01
9.832517e-01
9.857546e-01
9.882573e-01
9.907605e-01
9.932633e-01
9.957661e-01
9.982693e-01
1.000772e+00
1.003275e+00
1.005778e+00
1.008281e+00
1.010784e+00
1.013287e+00
1.015789e+00
1.018292e+00
1.020796e+00
1.023298e+00
1.025801e+00
1.028305e+00
1.030807e+00
1.033310e+00
1.035813e+00
1.038316e+00
1.040819e+00
1.043322e+00
1.045825e+00
1.048327e+00
1.050831e+00
1.053333e+00
1.055836e+00
1.058340e+00
1.060843e+00
1.063345e+00
1.065848e+00
1.068351e+00
1.070854e+00
1.073357e+00
1.075860e+00
1.078363e+00
1.080866e+00
1.083368e+00
1.085871e+00
1.088375e+00
1.090877e+00
1.093380e+00
1.095883e+00
1.098386e+00
1.100889e+00
1.103392e+00
1.105895e+00
1.108398e+00
1.110901e+00
1.113403e+00
1.115906e+00
1.118410e+00
1.120912e+00
1.123415e+00
1.125919e+00
1.128421e+00
1.130924e+00
1.133427e+00
1.135930e+00
1.138264e+00
1.140598e+00
1.142933e+00
1.145267e+00
1.147601e+00
1.149935e+00
1.152269e+00
1.154603e+00
1.156938e+00
1.159272e+00
1.161606e+00
1.163940e+00
1.166275e+00
1.168609e+00
1.170943e+00
1.173277e+00
1.175611e+00
1.177946e+00
1.180280e+00
1.182614e+00
1.184948e+00
1.187282e+00
1.189616e+00
1.191951e+00
1.194285e+00
1.196619e+00
1.198954e+00
1.201287e+00
1.203622e+00
1.205956e+00
1.208290e+00
1.210624e+00
1.212959e+00
1.215293e+00
1.217627e+00
1.219962e+00
1.222295e+00
1.224630e+00
1.226964e+00
1.229298e+00
1.231633e+00
1.233967e+00
1.236301e+00
1.238635e+00
1.240969e+00
1.243303e+00
1.245638e+00
1.247972e+00
1.250306e+00
1.252640e+00
1.254974e+00
1.257309e+00
1.259643e+00
1.261977e+00
1.264311e+00
1.266645e+00
1.268980e+00
1.271314e+00
1.273648e+00
1.275982e+00
1.278316e+00
1.280650e+00
1.282985e+00
1.285319e+00
1.287653e+00
1.289987e+00
1.292321e+00
1.294656e+00
1.296990e+00
1.299324e+00
1.301658e+00
1.303992e+00
1.306327e+00
1.308661e+00
1.310995e+00
1.313329e+00
1.315663e+00
1.317997e+00
1.320332e+00
1.322666e+00
1.325000e+00
1.327335e+00
1.329668e+00
1.332003e+00
1.334337e+00
1.336671e+00
1.339005e+00
1.341340e+00
1.343674e+00
1.346008e+00
1.348343e+00
1.350676e+00
1.353011e+00
1.355345e+00
1.357679e+00
1.360013e+00
1.362348e+00
1.364682e+00
1.367016e+00
1.369351e+00
1.371684e+00
1.374019e+00
1.376353e+00
1.378687e+00
1.381021e+00
1.383355e+00
1.385690e+00
1.388024e+00
1.390358e+00
1.392692e+00
1.395027e+00
1.397361e+00
1.399695e+00
1.402029e+00
1.404363e+00
1.406698e+00
1.409032e+00
1.411366e+00
1.413700e+00
1.416034e+00
1.418368e+00
1.420703e+00
1.423037e+00
1.425371e+00
1.427705e+00
1.430039e+00
1.432374e+00
1.434708e+00
1.437042e+00
1.439376e+00
1.441710e+00
1.444044e+00
1.446379e+00
1.448713e+00
1.451047e+00
1.453381e+00
1.455715e+00
1.458050e+00
1.460384e+00
1.462718e+00
1.465052e+00
1.467386e+00
1.469721e+00
1.472055e+00
1.474389e+00
1.476724e+00
1.479057e+00
1.481392e+00
1.483726e+00
1.486060e+00
1.488394e+00
1.490729e+00
1.493063e+00
1.495397e+00
1.497732e+00
1.500065e+00
1.502400e+00
1.504734e+00
1.507068e+00
1.509402e+00
1.511737e+00
1.514071e+00
1.516405e+00
1.518739e+00
1.521073e+00
1.523408e+00
1.525742e+00
1.528076e+00
1.530410e+00
1.532744e+00
1.535079e+00
1.537413e+00
1.539747e+00
1.542081e+00
1.544415e+00
1.546750e+00
1.549084e+00
1.551418e+00
1.553752e+00
1.556086e+00
1.558421e+00
1.560755e+00
1.563089e+00
1.565423e+00
1.567757e+00
1.570091e+00
1.572426e+00
1.574760e+00
1.577094e+00
1.579428e+00
1.581762e+00
1.584097e+00
1.586431e+00
1.588765e+00
1.591099e+00
1.593434e+00
1.595768e+00
1.598102e+00
1.600436e+00
1.602770e+00
1.605104e+00
1.607438e+00
1.609773e+00
1.612107e+00
1.614441e+00
1.616775e+00
1.619110e+00
1.621444e+00
1.623778e+00
1.626112e+00
1.628446e+00
1.630781e+00
1.633115e+00
1.635449e+00
1.637783e+00
1.640118e+00
1.642451e+00
1.644786e+00
1.647121e+00
1.649454e+00
1.651789e+00
1.654123e+00
1.656457e+00
1.658791e+00
1.661126e+00
1.663460e+00
1.665794e+00
1.668128e+00
1.670462e+00
1.672797e+00
1.675131e+00
1.677465e+00
1.679799e+00
1.682133e+00
1.684468e+00
1.686802e+00
1.689136e+00
1.691470e+00
1.693804e+00
1.696139e+00
1.698473e+00
1.700807e+00
1.703141e+00
1.705475e+00
1.707809e+00
1.710144e+00
1.712478e+00
1.714812e+00
1.717146e+00
1.719480e+00
1.721815e+00
1.724149e+00
1.726483e+00
1.728817e+00
1.731151e+00
1.733485e+00
1.735820e+00
1.738154e+00
1.740488e+00
1.742822e+00
1.745156e+00
1.747491e+00
1.749825e+00
1.752159e+00
1.754493e+00
1.756827e+00
1.759162e+00
1.761496e+00
1.763830e+00
1.766164e+00
1.768499e+00
1.770832e+00
1.773167e+00
1.775502e+00
1.777835e+00
1.780170e+00
1.782504e+00
1.784838e+00
1.787172e+00
1.789507e+00
1.791840e+00
1.794175e+00
1.796509e+00
1.798843e+00
1.801178e+00
1.803512e+00
1.805846e+00
1.808180e+00
1.810514e+00
1.812849e+00
1.815183e+00
1.817517e+00
1.819851e+00
1.822186e+00
1.824519e+00
1.826854e+00
1.829188e+00
1.831522e+00
1.833856e+00
1.836191e+00
1.838525e+00
1.840859e+00
1.844745e+00
1.848631e+00
1.852517e+00
1.856403e+00
1.860289e+00
1.864175e+00
1.868061e+00
1.871947e+00
1.875833e+00
1.879719e+00
1.883605e+00
1.887491e+00
1.891377e+00
1.895263e+00
1.899149e+00
1.903035e+00
1.906921e+00
1.910807e+00
1.914693e+00
1.918579e+00
1.922465e+00
1.926351e+00
1.930237e+00
1.934123e+00
1.938009e+00
1.941895e+00
1.945781e+00
1.949667e+00
1.953553e+00
1.957439e+00
1.961325e+00
1.965211e+00
1.969097e+00
1.972983e+00
1.976869e+00
1.980755e+00
1.984641e+00
1.988528e+00
1.992413e+00
1.996300e+00
2.000186e+00
2.004071e+00
2.007958e+00
2.011843e+00
2.015729e+00
2.019615e+00
2.023501e+00
2.027387e+00
2.031273e+00
2.035159e+00
2.039045e+00
2.042931e+00
2.046817e+00
2.050703e+00
2.054589e+00
2.058475e+00
2.062362e+00
2.066247e+00
2.070133e+00
2.074020e+00
2.077905e+00
2.081792e+00
2.085678e+00
2.089564e+00
2.093450e+00
2.097336e+00
2.101222e+00
2.105108e+00
2.108994e+00
2.112880e+00
2.116766e+00
2.120651e+00
2.124537e+00
2.128423e+00
2.132309e+00
2.136196e+00
2.140081e+00
2.143967e+00
2.147854e+00
2.151739e+00
2.155625e+00
2.159512e+00
2.163398e+00
2.167284e+00
2.171170e+00
2.175056e+00
2.178942e+00
2.182828e+00
2.186714e+00
2.190600e+00
2.194486e+00
2.198372e+00
2.202258e+00
2.206144e+00
2.210030e+00
2.213916e+00
2.217802e+00
2.221688e+00
2.225574e+00
2.229460e+00
2.233346e+00
2.237232e+00
2.241117e+00
2.245004e+00
2.248890e+00
2.252775e+00
2.256662e+00
2.260548e+00
2.264434e+00
2.268320e+00
2.272206e+00
2.276092e+00
2.279978e+00
2.283864e+00
2.287750e+00
2.291636e+00
2.295522e+00
2.299408e+00
2.303294e+00
2.307180e+00
2.311066e+00
2.314952e+00
2.318838e+00
2.322724e+00
2.326610e+00
2.330496e+00
2.334382e+00
2.338268e+00
2.342154e+00
2.346040e+00
2.349926e+00
2.353812e+00
2.357698e+00
2.361584e+00
2.365470e+00
2.369356e+00
2.373242e+00
2.377128e+00
2.381014e+00
2.384900e+00
2.388786e+00
2.392672e+00
2.396558e+00
2.400444e+00
2.404330e+00
2.408216e+00
2.412102e+00
2.415988e+00
2.419874e+00
2.423760e+00
2.427646e+00
2.431532e+00
2.435419e+00
2.439304e+00
2.443190e+00
2.447077e+00
2.450963e+00
2.454848e+00
2.458734e+00
2.462620e+00
2.466506e+00
2.470392e+00
2.474278e+00
2.478164e+00
2.482050e+00
2.485936e+00
2.489822e+00
2.493708e+00
2.497594e+00
2.501480e+00
2.505366e+00
2.509252e+00
2.513139e+00
2.517024e+00
2.520911e+00
2.524797e+00
2.528682e+00
2.532569e+00
2.536455e+00
2.540341e+00
2.544227e+00
2.548113e+00
2.551999e+00
2.555885e+00
2.559771e+00
2.563657e+00
2.567542e+00
2.571428e+00
2.575314e+00
2.579200e+00
2.583086e+00
2.586972e+00
2.590858e+00
2.594744e+00
2.598631e+00
2.602516e+00
2.606403e+00
2.610289e+00
2.614174e+00
2.618061e+00
2.621947e+00
2.625231e+00
2.628516e+00
2.631800e+00
2.635084e+00
2.638369e+00
2.641653e+00
2.644938e+00
2.648222e+00
2.651506e+00
2.654791e+00
2.658075e+00
2.661359e+00
2.664644e+00
2.667928e+00
2.671213e+00
2.674497e+00
2.677781e+00
2.681066e+00
2.684350e+00
2.687634e+00
2.690919e+00
2.694203e+00
2.697488e+00
2.700773e+00
2.704057e+00
2.707341e+00
2.710626e+00
2.713910e+00
2.717194e+00
2.720479e+00
2.723763e+00
2.727047e+00
2.730332e+00
2.733616e+00
2.736901e+00
2.740185e+00
2.743469e+00
2.746754e+00
2.750038e+00
2.753323e+00
2.756607e+00
2.759892e+00
2.763176e+00
2.766460e+00
2.769745e+00
2.773029e+00
2.776314e+00
2.779598e+00
2.782883e+00
2.786167e+00
2.789451e+00
2.792736e+00
2.796020e+00
2.799304e+00
2.802589e+00
2.805873e+00
2.809157e+00
2.812442e+00
2.815726e+00
2.819010e+00
2.822295e+00
2.825579e+00
2.828864e+00
2.832148e+00
2.835433e+00
2.838717e+00
2.842002e+00
2.845286e+00
2.848570e+00
2.851855e+00
2.855139e+00
2.858424e+00
2.861708e+00
2.864993e+00
2.868277e+00
2.871561e+00
2.874846e+00
2.878130e+00
2.881414e+00
2.884699e+00
2.887983e+00
2.891267e+00
2.894552e+00
2.897836e+00
2.901120e+00
2.904405e+00
2.907689e+00
2.910974e+00
2.914258e+00
2.917543e+00
2.920827e+00
2.924112e+00
2.927396e+00
2.930680e+00
2.933965e+00
2.937249e+00
2.940533e+00
2.943818e+00
2.947102e+00
2.950387e+00
2.953671e+00
2.956956e+00
2.960240e+00
2.963524e+00
2.966809e+00
2.970093e+00
2.973377e+00
2.976662e+00
2.979946e+00
2.983231e+00
2.986515e+00
2.989799e+00
2.993084e+00
2.996368e+00
2.999652e+00
3.002938e+00
3.006222e+00
3.009506e+00
3.012790e+00
3.016075e+00
3.019359e+00
3.022644e+00
3.025928e+00
3.029212e+00
3.032497e+00
3.035781e+00
3.039065e+00
3.042350e+00
3.045634e+00
3.048919e+00
3.052203e+00
3.055487e+00
3.058772e+00
3.062056e+00
3.065341e+00
3.068625e+00
3.071909e+00
3.075194e+00
3.078478e+00
3.081762e+00
3.085048e+00
3.088332e+00
3.091616e+00
3.094901e+00
3.098185e+00
3.101469e+00
3.104754e+00
3.108038e+00
3.111322e+00
3.114607e+00
3.117891e+00
3.121175e+00
3.124460e+00
3.127744e+00
3.131029e+00
3.134313e+00
3.137597e+00
3.140882e+00
3.144166e+00
3.147451e+00
3.150735e+00
3.154019e+00
3.157304e+00
3.160588e+00
3.163873e+00
3.167157e+00
3.170442e+00
3.173726e+00
3.177011e+00
3.180295e+00
3.183579e+00
3.186864e+00
3.190148e+00
3.193432e+00
3.196717e+00
3.200001e+00
3.203285e+00
3.206570e+00
3.209854e+00
3.213138e+00
3.216423e+00
3.219707e+00
3.222992e+00
3.226277e+00
3.229561e+00
3.232845e+00
3.236129e+00
3.239414e+00
3.242698e+00
3.245982e+00
3.249267e+00
3.252552e+00
3.255836e+00
3.259120e+00
3.262405e+00
3.265689e+00
3.268974e+00
3.272258e+00
3.275542e+00
3.278827e+00
3.282111e+00
3.285901e+00
3.289691e+00
3.293481e+00
3.297272e+00
3.301061e+00
3.304851e+00
3.308641e+00
3.312431e+00
3.316221e+00
3.320011e+00
3.323801e+00
3.327591e+00
3.331381e+00
3.335171e+00
3.338961e+00
3.342751e+00
3.346542e+00
3.350331e+00
3.354121e+00
3.357911e+00
3.361701e+00
3.365491e+00
3.369282e+00
3.373071e+00
3.376861e+00
3.380651e+00
3.384441e+00
3.388231e+00
3.392022e+00
3.395812e+00
3.399602e+00
3.403391e+00
3.407181e+00
3.410971e+00
3.414762e+00
3.418552e+00
3.422342e+00
3.426131e+00
3.429922e+00
3.433711e+00
3.437502e+00
3.441292e+00
3.445082e+00
3.448872e+00
3.452662e+00
3.456451e+00
3.460241e+00
3.464032e+00
3.467822e+00
3.471612e+00
3.475401e+00
3.479191e+00
3.482982e+00
3.486772e+00
3.490562e+00
3.494352e+00
3.498142e+00
3.501932e+00
3.505722e+00
3.509512e+00
3.513302e+00
3.517092e+00
3.520882e+00
3.524672e+00
3.528462e+00
3.532252e+00
3.536042e+00
3.539832e+00
3.543622e+00
3.547412e+00
3.551202e+00
3.554992e+00
3.558782e+00
3.562572e+00
3.566362e+00
3.570152e+00
3.573942e+00
3.577732e+00
3.581522e+00
3.585312e+00
3.589102e+00
3.592892e+00
3.596682e+00
3.600472e+00
3.604262e+00
3.608052e+00
3.611842e+00
3.615632e+00
3.619422e+00
3.623212e+00
3.627002e+00
3.630792e+00
3.634582e+00
3.638372e+00
3.642162e+00
3.645952e+00
3.649742e+00
3.653532e+00
3.657322e+00
3.661112e+00
3.664902e+00
3.668692e+00
3.672482e+00
3.676273e+00
3.680063e+00
3.683852e+00
3.687642e+00
3.691432e+00
3.695222e+00
3.699012e+00
3.702803e+00
3.706592e+00
3.710382e+00
3.714172e+00
3.717962e+00
3.721752e+00
3.725542e+00
3.729333e+00
3.733123e+00
3.736912e+00
3.740702e+00
3.744492e+00
3.748283e+00
3.752073e+00
3.755862e+00
3.759652e+00
3.763443e+00
3.767232e+00
3.771023e+00
3.774813e+00
3.778603e+00
3.782393e+00
3.786183e+00
3.789972e+00
3.793762e+00
3.797553e+00
3.801343e+00
3.805133e+00
3.808922e+00
3.812712e+00
3.816503e+00
3.820293e+00
3.824083e+00
3.827873e+00
3.831663e+00
3.835453e+00
3.839242e+00
3.843033e+00
3.846823e+00
3.850613e+00
3.854403e+00
3.858193e+00
3.861982e+00
3.865773e+00
3.869563e+00
3.873353e+00
3.877143e+00
3.880933e+00
3.884723e+00
3.888513e+00
3.892303e+00
3.896093e+00
3.899883e+00
3.903673e+00
3.907463e+00
3.911253e+00
3.915043e+00
3.918833e+00
3.922623e+00
3.926413e+00
3.930203e+00
3.933993e+00
3.937783e+00
3.941573e+00
3.945363e+00
3.949153e+00
3.952943e+00
3.956733e+00
3.960523e+00
3.964313e+00
3.968103e+00
3.971893e+00
3.975683e+00
3.979473e+00
3.983263e+00
3.987053e+00
3.990843e+00
3.994633e+00
3.998423e+00
4.002213e+00
4.006003e+00
4.009793e+00
4.013584e+00
4.017373e+00
4.021163e+00
4.024953e+00
4.028743e+00
4.032533e+00
4.036324e+00
4.040113e+00
4.043903e+00
4.047693e+00
4.051483e+00
4.055273e+00
4.059063e+00
4.062854e+00
4.066644e+00
4.070433e+00
4.074223e+00
4.078013e+00
4.081804e+00
4.085594e+00
4.089383e+00
4.093173e+00
4.096964e+00
4.100753e+00
4.104543e+00
4.108334e+00
4.112124e+00
4.115914e+00
4.119704e+00
4.123493e+00
4.127283e+00
4.131074e+00
4.134864e+00
4.138654e+00
4.142443e+00
4.146234e+00
4.150024e+00
4.153814e+00
4.157604e+00
4.161394e+00
4.165184e+00
4.168974e+00
4.172763e+00
4.176554e+00
4.180344e+00
4.184134e+00
4.187924e+00
4.191714e+00
4.195504e+00
4.199294e+00
4.203084e+00
4.206874e+00
4.210664e+00
4.214454e+00
4.218244e+00
4.222034e+00
4.225824e+00
4.229614e+00
4.233404e+00
4.237194e+00
4.240984e+00
4.244773e+00
4.248564e+00
4.252354e+00
4.256144e+00
4.259934e+00
4.263724e+00
4.267514e+00
4.271304e+00
4.275094e+00
4.278884e+00
4.282674e+00
4.286464e+00
4.290254e+00
4.294044e+00
4.297834e+00
4.301624e+00
4.305414e+00
4.309204e+00
4.312994e+00
4.316784e+00
4.320574e+00
4.324364e+00
4.328154e+00
4.331944e+00
4.335734e+00
4.339524e+00
4.343314e+00
4.347105e+00
4.350894e+00
4.354684e+00
4.358474e+00
4.362264e+00
4.366054e+00
4.369844e+00
4.373634e+00
4.377424e+00
4.381214e+00
4.385004e+00
4.388794e+00
4.392584e+00
4.396375e+00
4.400165e+00
4.403954e+00
4.407744e+00
4.411534e+00
4.415325e+00
4.419115e+00
4.422904e+00
4.426694e+00
4.427575e+00
4.428455e+00
4.429335e+00
4.430215e+00
4.431096e+00
4.431976e+00
4.432856e+00
4.433736e+00
4.434616e+00
4.435496e+00
4.436377e+00
4.437257e+00
4.438137e+00
4.439017e+00
4.439898e+00
4.440778e+00
4.441658e+00
4.442538e+00
4.443418e+00
4.444299e+00
4.445178e+00
4.446059e+00
4.446939e+00
4.447820e+00
4.448699e+00
4.449580e+00
4.450460e+00
4.451340e+00
4.452220e+00
4.453100e+00
4.453981e+00
4.454861e+00
4.455742e+00
4.456621e+00
4.457502e+00
4.458382e+00
4.459262e+00
4.460142e+00
4.461022e+00
4.461902e+00
4.462783e+00
4.463663e+00
4.464543e+00
4.465423e+00
4.466304e+00
4.467184e+00
4.468064e+00
4.468944e+00
4.469824e+00
4.470705e+00
4.471584e+00
4.472465e+00
4.473345e+00
4.474226e+00
4.475105e+00
4.475986e+00
4.476866e+00
4.477746e+00
4.478626e+00
4.479506e+00
4.480387e+00
4.481267e+00
4.482147e+00
4.483027e+00
4.483908e+00
4.484788e+00
4.485668e+00
4.486548e+00
4.487428e+00
4.488308e+00
4.489189e+00
4.490069e+00
4.490949e+00
4.491830e+00
4.492710e+00
4.493590e+00
4.494470e+00
4.495350e+00
4.496230e+00
4.497111e+00
4.497991e+00
4.498871e+00
4.499751e+00
4.500631e+00
4.501511e+00
4.502392e+00
4.503272e+00
4.504152e+00
4.505033e+00
4.505913e+00
4.506793e+00
4.507673e+00
4.508553e+00
4.509433e+00
4.510314e+00
4.511194e+00
4.512074e+00
4.512954e+00
4.513835e+00
4.514714e+00
4.515595e+00
4.516475e+00
4.517355e+00
4.518236e+00
4.519115e+00
4.519996e+00
4.520876e+00
4.521757e+00
4.522636e+00
4.523517e+00
4.524397e+00
4.525277e+00
4.526157e+00
4.527037e+00
4.527917e+00
4.528798e+00
4.529678e+00
4.530558e+00
4.531439e+00
4.532319e+00
4.533199e+00
4.534079e+00
4.534959e+00
4.535839e+00
4.536720e+00
4.537600e+00
4.538480e+00
4.539360e+00
4.540241e+00
4.541120e+00
4.542001e+00
4.542881e+00
4.543761e+00
4.544642e+00
4.545522e+00
4.546402e+00
4.547282e+00
4.548163e+00
4.549042e+00
4.549923e+00
4.550803e+00
4.551683e+00
4.552563e+00
4.553443e+00
4.554324e+00
4.555204e+00
4.556084e+00
4.556964e+00
4.557845e+00
4.558725e+00
4.559605e+00
4.560485e+00
4.561365e+00
4.562246e+00
4.563126e+00
4.564006e+00
4.564886e+00
4.565766e+00
4.566647e+00
4.567526e+00
4.568407e+00
4.569287e+00
4.570167e+00
4.571048e+00
4.571928e+00
4.572808e+00
4.573688e+00
4.574568e+00
4.575448e+00
4.576329e+00
4.577209e+00
4.578089e+00
4.578969e+00
4.579850e+00
4.580730e+00
4.581610e+00
4.582490e+00
4.583370e+00
4.584251e+00
4.585130e+00
4.586011e+00
4.586891e+00
4.587772e+00
4.588651e+00
4.589532e+00
4.590412e+00
4.591292e+00
4.592172e+00
4.593052e+00
4.593932e+00
4.594813e+00
4.595694e+00
4.596573e+00
4.597454e+00
4.598334e+00
4.599214e+00
4.600094e+00
4.600974e+00
4.601854e+00
4.602735e+00
4.603615e+00
4.604495e+00
4.605375e+00
4.606256e+00
4.607135e+00
4.608016e+00
4.608896e+00
4.609776e+00
4.610657e+00
4.611537e+00
4.612417e+00
4.613297e+00
4.614178e+00
4.615057e+00
4.615938e+00
4.616818e+00
4.617698e+00
4.618578e+00
4.619459e+00
4.620339e+00
4.621219e+00
4.622100e+00
4.622979e+00
4.623860e+00
4.624740e+00
4.625620e+00
4.626500e+00
4.627381e+00
4.628261e+00
4.629141e+00
4.630021e+00
4.630901e+00
4.631781e+00
4.632662e+00
4.633541e+00
4.634422e+00
4.635302e+00
4.636183e+00
4.637063e+00
4.637943e+00
4.638823e+00
4.639703e+00
4.640583e+00
4.641463e+00
4.642344e+00
4.643224e+00
4.644104e+00
4.644984e+00
4.645865e+00
4.646745e+00
4.647625e+00
4.648505e+00
4.649385e+00
4.650266e+00
4.651146e+00
4.652026e+00
4.652906e+00
4.653787e+00
4.654667e+00
4.655547e+00
4.656427e+00
4.657307e+00
4.658187e+00
4.659067e+00
4.659948e+00
4.660828e+00
4.661709e+00
4.662588e+00
4.663469e+00
4.664349e+00
4.665229e+00
4.666109e+00
4.666989e+00
4.667869e+00
4.668750e+00
4.669630e+00
4.670510e+00
4.671390e+00
4.672271e+00
4.673150e+00
4.674031e+00
4.674911e+00
4.675791e+00
4.676672e+00
4.677552e+00
4.678432e+00
4.679312e+00
4.680193e+00
4.681072e+00
4.681953e+00
4.682833e+00
4.683713e+00
4.684593e+00
4.685474e+00
4.686354e+00
4.687234e+00
4.688115e+00
4.688994e+00
4.689875e+00
4.690755e+00
4.691635e+00
4.692515e+00
4.693396e+00
4.694276e+00
4.695156e+00
4.696036e+00
4.696916e+00
4.697796e+00
4.698677e+00
4.699556e+00
4.700437e+00
4.701318e+00
4.702198e+00
4.703078e+00
4.703958e+00
4.704838e+00
4.705718e+00
4.706599e+00
4.707478e+00
4.708359e+00
4.709239e+00
4.710120e+00
4.710999e+00
4.711880e+00
4.712760e+00
4.713640e+00
4.714520e+00
4.715400e+00
4.716281e+00
4.717161e+00
4.718041e+00
4.718921e+00
4.719802e+00
4.720682e+00
4.721562e+00
4.722442e+00
4.723322e+00
4.724202e+00
4.725083e+00
4.725963e+00
4.726843e+00
4.727724e+00
4.728604e+00
4.729484e+00
4.730364e+00
4.731244e+00
4.732124e+00
4.733004e+00
4.733885e+00
4.734765e+00
4.735645e+00
4.736525e+00
4.737405e+00
4.738286e+00
4.739166e+00
4.740046e+00
4.740926e+00
4.741807e+00
4.742687e+00
4.743567e+00
4.744447e+00
4.745327e+00
4.746208e+00
4.747088e+00
4.747968e+00
4.748848e+00
4.749728e+00
4.750608e+00
4.751489e+00
4.752369e+00
4.753249e+00
4.754130e+00
4.755009e+00
4.755890e+00
4.756770e+00
4.757650e+00
4.758530e+00
4.759411e+00
4.760291e+00
4.761171e+00
4.762051e+00
4.762931e+00
4.763811e+00
4.764692e+00
4.765572e+00
4.766452e+00
4.767333e+00
4.768213e+00
4.769093e+00
4.769973e+00
4.770853e+00
4.771733e+00
4.772614e+00
4.773493e+00
4.774374e+00
4.775254e+00
4.776135e+00
4.777014e+00
4.777895e+00
4.778775e+00
4.779655e+00
4.780536e+00
4.781415e+00
4.782296e+00
4.783176e+00
4.784057e+00
4.784936e+00
4.785817e+00
4.786697e+00
4.787577e+00
4.788457e+00
4.789337e+00
4.790217e+00
4.791098e+00
4.791978e+00
4.792858e+00
4.793739e+00
4.794619e+00
4.795499e+00
4.796379e+00
4.797259e+00
4.798139e+00
4.799020e+00
4.799900e+00
4.800780e+00
4.801660e+00
4.802541e+00
4.803420e+00
4.804301e+00
4.805181e+00
4.806061e+00
4.806941e+00
4.807822e+00
4.808702e+00
4.809582e+00
4.810462e+00
4.811342e+00
4.812223e+00
4.813103e+00
4.813983e+00
4.814863e+00
4.815744e+00
4.816624e+00
4.817504e+00
4.818384e+00
4.819264e+00
4.820145e+00
4.821025e+00
4.821905e+00
4.822785e+00
4.823666e+00
4.824545e+00
4.825426e+00
4.826306e+00
4.827186e+00
4.828066e+00
4.828946e+00
4.829827e+00
4.830707e+00
4.831587e+00
4.832467e+00
4.833348e+00
4.834228e+00
4.835108e+00
4.835988e+00
4.836868e+00
4.837748e+00
4.838629e+00
4.839508e+00
4.840389e+00
4.841269e+00
4.842150e+00
4.843030e+00
4.843910e+00
4.844790e+00
4.845670e+00
4.846551e+00
4.847430e+00
4.848311e+00
4.849191e+00
4.850072e+00
4.850951e+00
4.851832e+00
4.852712e+00
4.853592e+00
4.854472e+00
4.855352e+00
4.856233e+00
4.857113e+00
4.857994e+00
4.858873e+00
4.859754e+00
4.860634e+00
4.861514e+00
4.862394e+00
4.863274e+00
4.864154e+00
4.865035e+00
4.865915e+00
4.866795e+00
4.867675e+00
4.868556e+00
4.866684e+00
4.864813e+00
4.862942e+00
4.861071e+00
4.859200e+00
4.857329e+00
4.855458e+00
4.853587e+00
4.851715e+00
4.849844e+00
4.847973e+00
4.846102e+00
4.844231e+00
4.842360e+00
4.840489e+00
4.838617e+00
4.836746e+00
4.834875e+00
4.833004e+00
4.831133e+00
4.829262e+00
4.827391e+00
4.825519e+00
4.823649e+00
4.821777e+00
4.819906e+00
4.818035e+00
4.816164e+00
4.814293e+00
4.812422e+00
4.810551e+00
4.808679e+00
4.806808e+00
4.804937e+00
4.803066e+00
4.801195e+00
4.799324e+00
4.797453e+00
4.795582e+00
4.793710e+00
4.791839e+00
4.789968e+00
4.788097e+00
4.786226e+00
4.784355e+00
4.782484e+00
4.780612e+00
4.778741e+00
4.776870e+00
4.774999e+00
4.773128e+00
4.771257e+00
4.769386e+00
4.767515e+00
4.765644e+00
4.763772e+00
4.761901e+00
4.760030e+00
4.758159e+00
4.756288e+00
4.754417e+00
4.752546e+00
4.750675e+00
4.748803e+00
4.746932e+00
4.745061e+00
4.743190e+00
4.741319e+00
4.739448e+00
4.737577e+00
4.735705e+00
4.733834e+00
4.731963e+00
4.730092e+00
4.728221e+00
4.726350e+00
4.724479e+00
4.722607e+00
4.720736e+00
4.718865e+00
4.716994e+00
4.715123e+00
4.713252e+00
4.711381e+00
4.709510e+00
4.707639e+00
4.705767e+00
4.703896e+00
4.702025e+00
4.700154e+00
4.698283e+00
4.696412e+00
4.694541e+00
4.692670e+00
4.690798e+00
4.688927e+00
4.687056e+00
4.685185e+00
4.683314e+00
4.681443e+00
4.679572e+00
4.677700e+00
4.675829e+00
4.673958e+00
4.672087e+00
4.670216e+00
4.668345e+00
4.666474e+00
4.664603e+00
4.662731e+00
4.660860e+00
4.658989e+00
4.657118e+00
4.655247e+00
4.653376e+00
4.651505e+00
4.649634e+00
4.647762e+00
4.645891e+00
4.644020e+00
4.642149e+00
4.640278e+00
4.638407e+00
4.636536e+00
4.634665e+00
4.632793e+00
4.630922e+00
4.629051e+00
4.627180e+00
4.625309e+00
4.623438e+00
4.621567e+00
4.619695e+00
4.617824e+00
4.615953e+00
4.614082e+00
4.612211e+00
4.610340e+00
4.608469e+00
4.606598e+00
4.604726e+00
4.602855e+00
4.600984e+00
4.599113e+00
4.597241e+00
4.595371e+00
4.593500e+00
4.591629e+00
4.589758e+00
4.587886e+00
4.586015e+00
4.584144e+00
4.582273e+00
4.580402e+00
4.578531e+00
4.576660e+00
4.574788e+00
4.572917e+00
4.571046e+00
4.569175e+00
4.567303e+00
4.565433e+00
4.563562e+00
4.561690e+00
4.559819e+00
4.557948e+00
4.556077e+00
4.554206e+00
4.552335e+00
4.550464e+00
4.548593e+00
4.546721e+00
4.544850e+00
4.542979e+00
4.541108e+00
4.539237e+00
4.537366e+00
4.535495e+00
4.533624e+00
4.531753e+00
4.529881e+00
4.528010e+00
4.526139e+00
4.524268e+00
4.522397e+00
4.520526e+00
4.518655e+00
4.516783e+00
4.514912e+00
4.513041e+00
4.511170e+00
4.509299e+00
4.507428e+00
4.505557e+00
4.503686e+00
4.501814e+00
4.499943e+00
4.498072e+00
4.496201e+00
4.494329e+00
4.492459e+00
4.490588e+00
4.488716e+00
4.486846e+00
4.484974e+00
4.483103e+00
4.481231e+00
4.479361e+00
4.477490e+00
4.475619e+00
4.473748e+00
4.471876e+00
4.470005e+00
4.468134e+00
4.466263e+00
4.464391e+00
4.462521e+00
4.460650e+00
4.458778e+00
4.456907e+00
4.455036e+00
4.453165e+00
4.451294e+00
4.449423e+00
4.447552e+00
4.445681e+00
4.443809e+00
4.441938e+00
4.440067e+00
4.438196e+00
4.436324e+00
4.434454e+00
4.432583e+00
4.430711e+00
4.428840e+00
4.426969e+00
4.425098e+00
4.423227e+00
4.421356e+00
4.419485e+00
4.417614e+00
4.415743e+00
4.413871e+00
4.412000e+00
4.410129e+00
4.408258e+00
4.406387e+00
4.404516e+00
4.402645e+00
4.400774e+00
4.398902e+00
4.397031e+00
4.395160e+00
4.393289e+00
4.391417e+00
4.389547e+00
4.387676e+00
4.385804e+00
4.383933e+00
4.382062e+00
4.380191e+00
4.378319e+00
4.376449e+00
4.374578e+00
4.372706e+00
4.370836e+00
4.368964e+00
4.367093e+00
4.365222e+00
4.363351e+00
4.361479e+00
4.359609e+00
4.357738e+00
4.355866e+00
4.353995e+00
4.352124e+00
4.350253e+00
4.348382e+00
4.346510e+00
4.344640e+00
4.342769e+00
4.340897e+00
4.339026e+00
4.337155e+00
4.335284e+00
4.333412e+00
4.331542e+00
4.329671e+00
4.327799e+00
4.325928e+00
4.324057e+00
4.322186e+00
4.320315e+00
4.318443e+00
4.316573e+00
4.314702e+00
4.312830e+00
4.310959e+00
4.309088e+00
4.307217e+00
4.305346e+00
4.303474e+00
4.301604e+00
4.299733e+00
4.297861e+00
4.295990e+00
4.294119e+00
4.292248e+00
4.290377e+00
4.288505e+00
4.286635e+00
4.284764e+00
4.282892e+00
4.281021e+00
4.279150e+00
4.277279e+00
4.275407e+00
4.273536e+00
4.271666e+00
4.269794e+00
4.267923e+00
4.266052e+00
4.264181e+00
4.262310e+00
4.260439e+00
4.258567e+00
4.256697e+00
4.254825e+00
4.252954e+00
4.251083e+00
4.249212e+00
4.247341e+00
4.245470e+00
4.243598e+00
4.241728e+00
4.239857e+00
4.237985e+00
4.236114e+00
4.234243e+00
4.232372e+00
4.230500e+00
4.228630e+00
4.226759e+00
4.224887e+00
4.223016e+00
4.221145e+00
4.219274e+00
4.217402e+00
4.215531e+00
4.213661e+00
4.211789e+00
4.209918e+00
4.208047e+00
4.206176e+00
4.204305e+00
4.202433e+00
4.200562e+00
4.198692e+00
4.196820e+00
4.194949e+00
4.193078e+00
4.191207e+00
4.189336e+00
4.187465e+00
4.185593e+00
4.183723e+00
4.181852e+00
4.179980e+00
4.178109e+00
4.176238e+00
4.174367e+00
4.172495e+00
4.170624e+00
4.168754e+00
4.166882e+00
4.165011e+00
4.163140e+00
4.161269e+00
4.159398e+00
4.157526e+00
4.155655e+00
4.153785e+00
4.151913e+00
4.150042e+00
4.148171e+00
4.146300e+00
4.144429e+00
4.142558e+00
4.140686e+00
4.138815e+00
4.136944e+00
4.135073e+00
4.133202e+00
4.131331e+00
4.129460e+00
4.127588e+00
4.125718e+00
4.123847e+00
4.121975e+00
4.120104e+00
4.118233e+00
4.116362e+00
4.114490e+00
4.112619e+00
4.110749e+00
4.108877e+00
4.107006e+00
4.105135e+00
4.103264e+00
4.101393e+00
4.099521e+00
4.097650e+00
4.095780e+00
4.093908e+00
4.092037e+00
4.090166e+00
4.088295e+00
4.086423e+00
4.084553e+00
4.082681e+00
4.080811e+00
4.078940e+00
4.077068e+00
4.075197e+00
4.073326e+00
4.071455e+00
4.069583e+00
4.067712e+00
4.065842e+00
4.063970e+00
4.062099e+00
4.060228e+00
4.058357e+00
4.056486e+00
4.054614e+00
4.052743e+00
4.050872e+00
4.049001e+00
4.047130e+00
4.045259e+00
4.043388e+00
4.041516e+00
4.039645e+00
4.037774e+00
4.035903e+00
4.034032e+00
4.032161e+00
4.030290e+00
4.028418e+00
4.026548e+00
4.024676e+00
4.022806e+00
4.020935e+00
4.019063e+00
4.017192e+00
4.015321e+00
4.013450e+00
4.011578e+00
4.009707e+00
4.007837e+00
4.005965e+00
4.004094e+00
4.002223e+00
4.000352e+00
3.998481e+00
3.996609e+00
3.994738e+00
3.992868e+00
3.990996e+00
3.989125e+00
3.987254e+00
3.985383e+00
3.983511e+00
3.981640e+00
3.979769e+00
3.977898e+00
3.976027e+00
3.974156e+00
3.972285e+00
3.970414e+00
3.968543e+00
3.966671e+00
3.964800e+00
3.962930e+00
3.961058e+00
3.959187e+00
3.957316e+00
3.955445e+00
3.953573e+00
3.951702e+00
3.949831e+00
3.947960e+00
3.946089e+00
3.944218e+00
3.942347e+00
3.940476e+00
3.938604e+00
3.936733e+00
3.934862e+00
3.932991e+00
3.931120e+00
3.929249e+00
3.927378e+00
3.926318e+00
3.925259e+00
3.924200e+00
3.923140e+00
3.922081e+00
3.921021e+00
3.919962e+00
3.918903e+00
3.917844e+00
3.916784e+00
3.915724e+00
3.914666e+00
3.913606e+00
3.912547e+00
3.911487e+00
3.910427e+00
3.909369e+00
3.908309e+00
3.907250e+00
3.906190e+00
3.905130e+00
3.904072e+00
3.903012e+00
3.901953e+00
3.900893e+00
3.899833e+00
3.898775e+00
3.897715e+00
3.896656e+00
3.895596e+00
3.894536e+00
3.893478e+00
3.892418e+00
3.891359e+00
3.890299e+00
3.889240e+00
3.888181e+00
3.887121e+00
3.886062e+00
3.885002e+00
3.883943e+00
3.882884e+00
3.881824e+00
3.880765e+00
3.879705e+00
3.878646e+00
3.877587e+00
3.876527e+00
3.875468e+00
3.874408e+00
3.873349e+00
3.872290e+00
3.871230e+00
3.870171e+00
3.869111e+00
3.868052e+00
3.866993e+00
3.865933e+00
3.864874e+00
3.863815e+00
3.862755e+00
3.861696e+00
3.860636e+00
3.859577e+00
3.858518e+00
3.857458e+00
3.856399e+00
3.855339e+00
3.854280e+00
3.853221e+00
3.852162e+00
3.851102e+00
3.850043e+00
3.848983e+00
3.847924e+00
3.846865e+00
3.845805e+00
3.844746e+00
3.843686e+00
3.842627e+00
3.841568e+00
3.840508e+00
3.839449e+00
3.838390e+00
3.837330e+00
3.836271e+00
3.835211e+00
3.834152e+00
3.833093e+00
3.832033e+00
3.830974e+00
3.829914e+00
3.828855e+00
3.827796e+00
3.826736e+00
3.825677e+00
3.824618e+00
3.823558e+00
3.822499e+00
3.821440e+00
3.820380e+00
3.819321e+00
3.818262e+00
3.817202e+00
3.816143e+00
3.815083e+00
3.814024e+00
3.812965e+00
3.811905e+00
3.810846e+00
3.809786e+00
3.808727e+00
3.807668e+00
3.806608e+00
3.805549e+00
3.804489e+00
3.803430e+00
3.802371e+00
3.801311e+00
3.800252e+00
3.799192e+00
3.798133e+00
3.797074e+00
3.796014e+00
3.794955e+00
3.793895e+00
3.792836e+00
3.791777e+00
3.790717e+00
3.789658e+00
3.788598e+00
3.787540e+00
3.786480e+00
3.785421e+00
3.784361e+00
3.783301e+00
3.782243e+00
3.781183e+00
3.780124e+00
3.779064e+00
3.778004e+00
3.776946e+00
3.775886e+00
3.774827e+00
3.773767e+00
3.772707e+00
3.771649e+00
3.770589e+00
3.769530e+00
3.768470e+00
3.767411e+00
3.766352e+00
3.765292e+00
3.764233e+00
3.763173e+00
3.762114e+00
3.761055e+00
3.759995e+00
3.758936e+00
3.757876e+00
3.756817e+00
3.755758e+00
3.754698e+00
3.753639e+00
3.752579e+00
3.751520e+00
3.750461e+00
3.749401e+00
3.748342e+00
3.747282e+00
3.746223e+00
3.745164e+00
3.744104e+00
3.743045e+00
3.741986e+00
3.740926e+00
3.739867e+00
3.738807e+00
3.737748e+00
3.736689e+00
3.735629e+00
3.734570e+00
3.733510e+00
3.732451e+00
3.731392e+00
3.730332e+00
3.729273e+00
3.728213e+00
3.727154e+00
3.726095e+00
3.725035e+00
3.723976e+00
3.722917e+00
3.721857e+00
3.720798e+00
3.719739e+00
3.718679e+00
3.717620e+00
3.716561e+00
3.715501e+00
3.714442e+00
3.713382e+00
3.712323e+00
3.711264e+00
3.710204e+00
3.709145e+00
3.708085e+00
3.707026e+00
3.705967e+00
3.704907e+00
3.703848e+00
3.702788e+00
3.701729e+00
3.700670e+00
3.699610e+00
3.698551e+00
3.697491e+00
3.696432e+00
3.695373e+00
3.694313e+00
3.693254e+00
3.692194e+00
3.691135e+00
3.690076e+00
3.689017e+00
3.687957e+00
3.686898e+00
3.685839e+00
3.684779e+00
3.683720e+00
3.682660e+00
3.681601e+00
3.680542e+00
3.679482e+00
3.678423e+00
3.677363e+00
3.676304e+00
3.675245e+00
3.674185e+00
3.673126e+00
3.672066e+00
3.671007e+00
3.669948e+00
3.668888e+00
3.667829e+00
3.666769e+00
3.665710e+00
3.664651e+00
3.663591e+00
3.662532e+00
3.661472e+00
3.660413e+00
3.659354e+00
3.658294e+00
3.657235e+00
3.656175e+00
3.655117e+00
3.654057e+00
3.652997e+00
3.651938e+00
3.650878e+00
3.649820e+00
3.648760e+00
3.647700e+00
3.646641e+00
3.645582e+00
3.644523e+00
3.643463e+00
3.642403e+00
3.641344e+00
3.640285e+00
3.639226e+00
3.638166e+00
3.637106e+00
3.636047e+00
3.634988e+00
3.633929e+00
3.632869e+00
3.631809e+00
3.630750e+00
3.629691e+00
3.628632e+00
3.627572e+00
3.626512e+00
3.625453e+00
3.624394e+00
3.623335e+00
3.622275e+00
3.621215e+00
3.620157e+00
3.619097e+00
3.618038e+00
3.616978e+00
3.615919e+00
3.614860e+00
3.613800e+00
3.612741e+00
3.611681e+00
3.610622e+00
3.609563e+00
3.608503e+00
3.607444e+00
3.606384e+00
3.605325e+00
3.604266e+00
3.603206e+00
3.602147e+00
3.601087e+00
3.600028e+00
3.598969e+00
3.597909e+00
3.596850e+00
3.595790e+00
3.594731e+00
3.593672e+00
3.592612e+00
3.591553e+00
3.590494e+00
3.589434e+00
3.588375e+00
3.587315e+00
3.586256e+00
3.585197e+00
3.584137e+00
3.583078e+00
3.582019e+00
3.580959e+00
3.579900e+00
3.578841e+00
3.577781e+00
3.576722e+00
3.575662e+00
3.574603e+00
3.573544e+00
3.572484e+00
3.571425e+00
3.570365e+00
3.569306e+00
3.568247e+00
3.567187e+00
3.566128e+00
3.565068e+00
3.564009e+00
3.562950e+00
3.561890e+00
3.560831e+00
3.559771e+00
3.558712e+00
3.557653e+00
3.556593e+00
3.555534e+00
3.554475e+00
3.553416e+00
3.552356e+00
3.551297e+00
3.550237e+00
3.549178e+00
3.548119e+00
3.547059e+00
3.546000e+00
3.544940e+00
3.543881e+00
3.542822e+00
3.541762e+00
3.540703e+00
3.539643e+00
3.538584e+00
3.537525e+00
3.536465e+00
3.535406e+00
3.534346e+00
3.533287e+00
3.532228e+00
3.531168e+00
3.530109e+00
3.529049e+00
3.527990e+00
3.526931e+00
3.525871e+00
3.524812e+00
3.523753e+00
3.522693e+00
3.521634e+00
3.520574e+00
3.519515e+00
3.518456e+00
3.517397e+00
3.516337e+00
3.515277e+00
3.514218e+00
3.513159e+00
3.512100e+00
3.511040e+00
3.509980e+00
3.508921e+00
3.507862e+00
3.506803e+00
3.505743e+00
3.504683e+00
3.503624e+00
3.502565e+00
3.501506e+00
3.500446e+00
3.499386e+00
3.498328e+00
3.497268e+00
3.496209e+00
3.495149e+00
3.494089e+00
3.493031e+00
3.491971e+00
3.490912e+00
3.489852e+00
3.488792e+00
3.487734e+00
3.486674e+00
3.485615e+00
3.484555e+00
3.483496e+00
3.482437e+00
3.481377e+00
3.480318e+00
3.479258e+00
3.478199e+00
3.477140e+00
3.476080e+00
3.475021e+00
3.473961e+00
3.472902e+00
3.471843e+00
3.470783e+00
3.469724e+00
3.468664e+00
3.467605e+00
3.466546e+00
3.465486e+00
3.464427e+00
3.463367e+00
3.462308e+00
3.461249e+00
3.460189e+00
3.459130e+00
3.458071e+00
3.457011e+00
3.455952e+00
3.454893e+00
3.453833e+00
3.452774e+00
3.451715e+00
3.450655e+00
3.449596e+00
3.448536e+00
3.447477e+00
3.446418e+00
3.445358e+00
3.444299e+00
3.443239e+00
3.442180e+00
3.441121e+00
3.440061e+00
3.439002e+00
3.437942e+00
3.436883e+00
3.435824e+00
3.434764e+00
3.433705e+00
3.432645e+00
3.431586e+00
3.430527e+00
3.429467e+00
3.428408e+00
3.427349e+00
3.426289e+00
3.425230e+00
3.424171e+00
3.423111e+00
3.422052e+00
3.420993e+00
3.419933e+00
3.418874e+00
3.417814e+00
