1.085700e-03
1.096401e-03
1.107102e-03
1.117803e-03
1.128504e-03
1.139205e-03
1.149906e-03
1.160607e-03
1.171308e-03
1.182009e-03
1.192710e-03
1.203411e-03
1.214112e-03
1.224813e-03
1.235514e-03
1.246215e-03
1.256916e-03
1.267617e-03
1.278318e-03
1.289019e-03
1.299720e-03
1.310421e-03
1.321122e-03
1.331823e-03
1.342524e-03
1.353225e-03
1.363926e-03
1.374627e-03
1.385328e-03
1.396029e-03
1.406730e-03
1.518118e-03
1.629507e-03
1.740896e-03
1.852284e-03
1.963672e-03
2.075061e-03
2.186449e-03
2.297838e-03
2.409227e-03
2.520615e-03
2.632004e-03
2.743392e-03
2.854781e-03
2.966169e-03
3.077558e-03
3.188946e-03
3.300334e-03
3.411723e-03
3.523111e-03
3.634500e-03
3.688140e-03
3.741780e-03
3.795420e-03
3.849060e-03
3.902700e-03
3.956340e-03
4.009980e-03
4.063620e-03
4.117260e-03
4.170900e-03
4.224540e-03
4.278180e-03
4.331820e-03
4.385460e-03
4.439100e-03
4.492740e-03
4.546380e-03
4.600020e-03
4.566776e-03
4.707300e-03
4.847824e-03
4.988346e-03
5.128870e-03
5.269394e-03
5.409916e-03
5.550440e-03
5.690964e-03
5.831486e-03
5.972010e-03
6.112534e-03
6.253056e-03
6.393580e-03
6.534104e-03
6.674626e-03
6.815150e-03
6.955674e-03
7.096196e-03
7.236720e-03
7.377244e-03
7.517766e-03
7.658290e-03
7.798814e-03
7.939336e-03
8.079860e-03
8.220384e-03
8.360906e-03
8.501430e-03
8.641954e-03
8.782476e-03
8.923000e-03
9.041690e-03
9.160380e-03
9.279070e-03
9.397760e-03
9.516450e-03
9.635140e-03
9.753830e-03
9.872520e-03
9.991210e-03
1.010990e-02
1.022859e-02
1.034728e-02
1.046597e-02
1.058466e-02
1.070335e-02
1.082204e-02
1.094073e-02
1.105942e-02
1.117811e-02
1.129680e-02
1.141549e-02
1.153418e-02
1.165287e-02
1.177156e-02
1.189025e-02
1.200894e-02
1.212763e-02
1.224632e-02
1.236501e-02
1.248370e-02
1.260239e-02
1.272108e-02
1.283977e-02
1.295846e-02
1.307715e-02
1.319584e-02
1.331453e-02
1.343322e-02
1.355191e-02
1.367060e-02
1.378929e-02
1.390798e-02
1.402667e-02
1.414536e-02
1.426405e-02
1.438274e-02
1.450143e-02
1.462012e-02
1.473881e-02
1.485750e-02
1.499781e-02
1.513812e-02
1.527843e-02
1.541874e-02
1.555905e-02
1.569936e-02
1.583967e-02
1.597998e-02
1.612029e-02
1.626060e-02
1.640091e-02
1.654122e-02
1.668153e-02
1.682184e-02
1.696215e-02
1.710246e-02
1.724277e-02
1.738308e-02
1.752339e-02
1.766370e-02
1.780401e-02
1.794432e-02
1.808463e-02
1.822494e-02
1.836525e-02
1.850556e-02
1.864587e-02
1.878618e-02
1.892649e-02
1.906680e-02
1.920711e-02
1.934742e-02
1.948773e-02
1.962804e-02
1.976835e-02
1.990866e-02
2.004897e-02
2.018928e-02
2.032959e-02
2.046990e-02
2.061021e-02
2.075052e-02
2.089083e-02
2.103114e-02
2.117145e-02
2.131176e-02
2.145207e-02
2.159238e-02
2.173269e-02
2.187300e-02
2.189267e-02
2.191234e-02
2.193201e-02
2.195168e-02
2.197135e-02
2.199102e-02
2.201069e-02
2.203036e-02
2.205003e-02
2.206970e-02
2.208937e-02
2.210904e-02
2.212871e-02
2.214838e-02
2.216805e-02
2.218772e-02
2.220739e-02
2.222706e-02
2.224673e-02
2.226640e-02
2.228607e-02
2.230574e-02
2.232541e-02
2.234508e-02
2.236475e-02
2.238442e-02
2.240409e-02
2.242376e-02
2.244343e-02
2.246310e-02
2.248277e-02
2.250244e-02
2.252211e-02
2.254178e-02
2.256145e-02
2.258112e-02
2.260079e-02
2.262046e-02
2.264013e-02
2.265980e-02
2.267947e-02
2.269914e-02
2.271881e-02
2.273848e-02
2.275815e-02
2.277782e-02
2.279749e-02
2.281716e-02
2.283683e-02
2.285650e-02
2.287617e-02
2.289584e-02
2.291551e-02
2.293518e-02
2.295485e-02
2.297452e-02
2.299419e-02
2.301386e-02
2.303353e-02
2.305320e-02
2.307287e-02
2.309254e-02
2.311221e-02
2.313188e-02
2.315155e-02
2.317122e-02
2.319089e-02
2.321056e-02
2.323023e-02
2.324990e-02
2.326957e-02
2.328924e-02
2.330891e-02
2.332858e-02
2.334825e-02
2.336792e-02
2.338759e-02
2.340726e-02
2.342693e-02
2.344660e-02
2.346627e-02
2.348594e-02
2.350561e-02
2.352528e-02
2.354495e-02
2.356462e-02
2.358429e-02
2.360396e-02
2.362363e-02
2.364330e-02
2.366297e-02
2.368264e-02
2.370231e-02
2.372198e-02
2.374165e-02
2.376132e-02
2.378099e-02
2.380066e-02
2.382033e-02
2.384000e-02
2.392102e-02
2.400205e-02
2.408307e-02
2.416410e-02
2.424512e-02
2.432615e-02
2.440717e-02
2.448820e-02
2.456923e-02
2.465025e-02
2.473128e-02
2.481230e-02
2.489333e-02
2.497435e-02
2.505538e-02
2.513640e-02
2.521743e-02
2.529845e-02
2.537948e-02
2.546050e-02
2.554152e-02
2.562255e-02
2.570357e-02
2.578460e-02
2.586562e-02
2.594665e-02
2.602768e-02
2.610870e-02
2.618973e-02
2.627075e-02
2.635177e-02
2.643280e-02
2.651383e-02
2.659485e-02
2.667587e-02
2.675690e-02
2.683793e-02
2.691895e-02
2.699997e-02
2.708100e-02
2.716202e-02
2.724305e-02
2.732407e-02
2.740510e-02
2.748613e-02
2.756715e-02
2.764818e-02
2.772920e-02
2.781023e-02
2.789125e-02
2.797227e-02
2.805330e-02
2.813433e-02
2.821535e-02
2.829637e-02
2.837740e-02
2.845843e-02
2.853945e-02
2.862047e-02
2.870150e-02
2.878252e-02
2.886355e-02
2.894458e-02
2.902560e-02
2.910663e-02
2.918765e-02
2.926868e-02
2.934970e-02
2.943072e-02
2.951175e-02
2.959277e-02
2.967380e-02
2.975482e-02
2.983585e-02
2.991687e-02
2.999790e-02
3.007892e-02
3.015995e-02
3.024097e-02
3.032200e-02
3.040303e-02
3.048405e-02
3.056508e-02
3.064610e-02
3.072713e-02
3.080815e-02
3.088917e-02
3.097020e-02
3.105122e-02
3.113225e-02
3.121328e-02
3.129430e-02
3.137533e-02
3.145635e-02
3.153737e-02
3.161840e-02
3.169942e-02
3.178045e-02
3.186148e-02
3.194250e-02
3.206116e-02
3.217982e-02
3.229848e-02
3.241714e-02
3.253580e-02
3.265446e-02
3.277312e-02
3.289178e-02
3.301044e-02
3.312910e-02
3.324776e-02
3.336642e-02
3.348508e-02
3.360374e-02
3.372240e-02
3.384106e-02
3.395972e-02
3.407838e-02
3.419704e-02
3.431570e-02
3.443436e-02
3.455302e-02
3.467168e-02
3.479034e-02
3.490900e-02
3.502766e-02
3.514632e-02
3.526498e-02
3.538364e-02
3.550230e-02
3.562096e-02
3.573962e-02
3.585828e-02
3.597694e-02
3.609560e-02
3.621426e-02
3.633292e-02
3.645158e-02
3.657024e-02
3.668890e-02
3.680756e-02
3.692622e-02
3.704488e-02
3.716354e-02
3.728220e-02
3.740086e-02
3.751952e-02
3.763818e-02
3.775684e-02
3.787550e-02
3.799416e-02
3.811282e-02
3.823148e-02
3.835014e-02
3.846880e-02
3.858746e-02
3.870612e-02
3.882478e-02
3.894344e-02
3.906210e-02
3.918076e-02
3.929942e-02
3.941808e-02
3.953674e-02
3.965540e-02
3.977406e-02
3.989272e-02
4.001138e-02
4.013004e-02
4.024870e-02
4.036736e-02
4.048602e-02
4.060468e-02
4.072334e-02
4.084200e-02
4.096066e-02
4.107932e-02
4.119798e-02
4.131664e-02
4.143530e-02
4.155396e-02
4.167262e-02
4.179128e-02
4.190994e-02
4.202860e-02
4.214726e-02
4.226592e-02
4.238458e-02
4.250324e-02
4.262190e-02
4.274056e-02
4.285922e-02
4.297788e-02
4.309654e-02
4.321520e-02
4.333386e-02
4.345252e-02
4.357118e-02
4.368984e-02
4.380850e-02
4.392716e-02
4.404582e-02
4.416448e-02
4.428314e-02
4.440180e-02
4.452046e-02
4.463912e-02
4.475778e-02
4.487644e-02
4.499510e-02
4.511376e-02
4.523242e-02
4.535108e-02
4.546974e-02
4.558840e-02
4.570706e-02
4.582572e-02
4.594438e-02
4.606304e-02
4.618170e-02
4.630036e-02
4.641902e-02
4.653768e-02
4.665634e-02
4.677500e-02
4.689366e-02
4.701232e-02
4.713098e-02
4.724964e-02
4.736830e-02
4.748696e-02
4.760562e-02
4.772428e-02
4.784294e-02
4.796160e-02
4.808026e-02
4.819892e-02
4.831758e-02
4.843624e-02
4.855490e-02
4.867356e-02
4.879222e-02
4.891088e-02
4.902954e-02
4.914820e-02
4.926686e-02
4.938552e-02
4.950418e-02
4.962284e-02
4.974150e-02
4.986016e-02
4.997882e-02
5.009748e-02
5.021614e-02
5.033480e-02
5.045346e-02
5.057212e-02
5.069078e-02
5.080944e-02
5.092810e-02
5.104676e-02
5.116542e-02
5.128408e-02
5.140274e-02
5.152140e-02
5.164006e-02
5.175872e-02
5.187738e-02
5.199604e-02
5.211470e-02
5.223336e-02
5.235202e-02
5.247068e-02
5.258934e-02
5.270800e-02
5.282666e-02
5.294532e-02
5.306398e-02
5.318264e-02
5.330130e-02
5.341996e-02
5.353862e-02
5.365728e-02
5.377594e-02
5.389460e-02
5.401326e-02
5.413192e-02
5.425058e-02
5.436924e-02
5.448790e-02
5.460656e-02
5.472522e-02
5.484388e-02
5.496254e-02
5.508120e-02
5.519986e-02
5.531852e-02
5.543718e-02
5.555584e-02
5.567450e-02
5.584067e-02
5.600685e-02
5.617303e-02
5.633920e-02
5.650538e-02
5.667155e-02
5.683772e-02
5.700390e-02
5.717008e-02
5.733625e-02
5.750242e-02
5.766860e-02
5.783477e-02
5.800095e-02
5.816713e-02
5.833330e-02
5.849948e-02
5.866565e-02
5.883182e-02
5.899800e-02
5.916418e-02
5.933035e-02
5.949653e-02
5.966270e-02
5.982888e-02
5.999505e-02
6.016122e-02
6.032740e-02
6.049358e-02
6.065975e-02
6.082593e-02
6.099210e-02
6.115827e-02
6.132445e-02
6.149063e-02
6.165680e-02
6.182298e-02
6.198915e-02
6.215532e-02
6.232150e-02
6.248767e-02
6.265385e-02
6.282003e-02
6.298620e-02
6.315237e-02
6.331855e-02
6.348473e-02
6.365090e-02
6.381708e-02
6.398325e-02
6.414942e-02
6.431560e-02
6.448178e-02
6.464795e-02
6.481413e-02
6.498030e-02
6.514647e-02
6.531265e-02
6.547883e-02
6.564500e-02
6.581117e-02
6.597735e-02
6.614353e-02
6.630970e-02
6.647588e-02
6.664205e-02
6.680822e-02
6.697440e-02
6.714057e-02
6.730675e-02
6.747292e-02
6.763910e-02
6.780527e-02
6.797145e-02
6.813763e-02
6.830380e-02
6.846998e-02
6.863615e-02
6.880232e-02
6.896850e-02
6.913468e-02
6.930085e-02
6.946703e-02
6.963320e-02
6.979937e-02
6.996555e-02
7.013172e-02
7.029790e-02
7.046408e-02
7.063025e-02
7.079642e-02
7.096260e-02
7.112878e-02
7.129495e-02
7.146113e-02
7.162730e-02
7.179348e-02
7.195965e-02
7.212583e-02
7.229200e-02
7.327616e-02
7.426032e-02
7.524448e-02
7.622864e-02
7.721279e-02
7.819695e-02
7.918111e-02
8.016527e-02
8.114943e-02
8.213359e-02
8.311775e-02
8.410191e-02
8.508607e-02
8.607023e-02
8.705438e-02
8.803854e-02
8.902270e-02
9.000686e-02
9.099102e-02
9.197518e-02
9.295934e-02
9.394350e-02
9.492766e-02
9.591182e-02
9.689597e-02
9.788013e-02
9.886429e-02
9.984845e-02
1.008326e-01
1.018168e-01
1.028009e-01
1.037851e-01
1.047692e-01
1.057534e-01
1.067376e-01
1.077217e-01
1.087059e-01
1.096900e-01
1.106742e-01
1.116584e-01
1.126425e-01
1.136267e-01
1.146108e-01
1.155950e-01
1.165792e-01
1.175633e-01
1.185475e-01
1.195316e-01
1.205158e-01
1.214999e-01
1.224841e-01
1.234683e-01
1.244524e-01
1.254366e-01
1.264207e-01
1.274049e-01
1.283891e-01
1.293732e-01
1.303574e-01
1.313415e-01
1.323257e-01
1.333099e-01
1.342940e-01
1.352782e-01
1.362623e-01
1.372465e-01
1.382307e-01
1.392148e-01
1.401990e-01
1.411831e-01
1.421673e-01
1.431514e-01
1.441356e-01
1.451198e-01
1.461039e-01
1.470881e-01
1.480722e-01
1.490564e-01
1.500406e-01
1.510247e-01
1.520089e-01
1.529930e-01
1.539772e-01
1.549614e-01
1.559455e-01
1.569297e-01
1.579138e-01
1.588980e-01
1.598821e-01
1.608663e-01
1.618505e-01
1.628346e-01
1.638188e-01
1.648029e-01
1.657871e-01
1.667713e-01
1.677554e-01
1.687396e-01
1.697237e-01
1.707079e-01
1.716921e-01
1.726762e-01
1.736604e-01
1.746445e-01
1.756287e-01
1.766129e-01
1.775970e-01
1.785812e-01
1.795653e-01
1.805495e-01
1.815336e-01
1.825178e-01
1.835020e-01
1.844861e-01
1.854703e-01
1.864544e-01
1.874386e-01
1.884228e-01
1.894069e-01
1.903911e-01
1.913752e-01
1.923594e-01
1.933436e-01
1.943277e-01
1.953119e-01
1.962960e-01
1.972802e-01
1.982643e-01
1.992485e-01
2.002327e-01
2.012168e-01
2.022010e-01
2.031851e-01
2.041693e-01
2.051535e-01
2.061376e-01
2.071218e-01
2.081059e-01
2.090901e-01
2.100743e-01
2.110584e-01
2.120426e-01
2.130267e-01
2.140109e-01
2.149951e-01
2.159792e-01
2.169634e-01
2.179475e-01
2.189317e-01
2.199158e-01
2.209000e-01
2.218842e-01
2.228683e-01
2.238525e-01
2.248366e-01
2.258208e-01
2.268050e-01
2.277891e-01
2.287733e-01
2.297574e-01
2.307416e-01
2.317258e-01
2.327099e-01
2.336941e-01
2.346782e-01
2.356624e-01
2.366465e-01
2.376307e-01
2.386149e-01
2.395990e-01
2.405832e-01
2.415673e-01
2.425515e-01
2.435357e-01
2.445198e-01
2.455040e-01
2.464881e-01
2.474723e-01
2.484565e-01
2.494406e-01
2.504248e-01
2.514089e-01
2.523931e-01
2.533773e-01
2.543614e-01
2.553456e-01
2.563297e-01
2.573139e-01
2.582980e-01
2.592822e-01
2.602664e-01
2.612505e-01
2.622347e-01
2.632188e-01
2.642030e-01
2.651872e-01
2.661713e-01
2.671555e-01
2.681396e-01
2.691238e-01
2.701080e-01
2.710921e-01
2.720763e-01
2.730604e-01
2.740446e-01
2.750287e-01
2.760129e-01
2.769971e-01
2.779812e-01
2.789654e-01
2.799495e-01
2.809337e-01
2.819179e-01
2.829020e-01
2.838862e-01
2.848703e-01
2.858545e-01
2.868387e-01
2.878228e-01
2.888070e-01
2.897911e-01
2.907753e-01
2.917594e-01
2.927436e-01
2.937278e-01
2.947119e-01
2.956961e-01
2.966802e-01
2.976644e-01
2.986486e-01
2.996327e-01
3.006169e-01
3.016010e-01
3.025852e-01
3.035694e-01
3.045535e-01
3.055377e-01
3.065218e-01
3.075060e-01
3.084902e-01
3.094743e-01
3.104585e-01
3.114426e-01
3.124268e-01
3.134109e-01
3.143951e-01
3.153793e-01
3.163634e-01
3.173476e-01
3.183317e-01
3.193159e-01
3.203001e-01
3.212842e-01
3.222684e-01
3.232525e-01
3.242367e-01
3.252209e-01
3.262050e-01
3.271892e-01
3.281733e-01
3.291575e-01
3.301416e-01
3.311258e-01
3.321100e-01
3.330941e-01
3.340783e-01
3.350624e-01
3.360466e-01
3.370308e-01
3.380149e-01
3.389991e-01
3.399832e-01
3.409674e-01
3.419516e-01
3.429357e-01
3.439199e-01
3.449040e-01
3.458882e-01
3.468724e-01
3.478565e-01
3.488407e-01
3.498248e-01
3.508090e-01
3.517931e-01
3.527773e-01
3.537615e-01
3.547456e-01
3.557298e-01
3.567139e-01
3.576981e-01
3.586823e-01
3.596664e-01
3.606506e-01
3.616347e-01
3.626189e-01
3.636031e-01
3.645872e-01
3.655714e-01
3.665555e-01
3.675397e-01
3.685238e-01
3.695080e-01
3.704922e-01
3.714763e-01
3.724605e-01
3.734446e-01
3.744288e-01
3.754130e-01
3.763971e-01
3.773813e-01
3.783654e-01
3.793496e-01
3.803338e-01
3.813179e-01
3.823021e-01
3.832862e-01
3.842704e-01
3.852546e-01
3.862387e-01
3.872229e-01
3.882070e-01
3.891912e-01
3.901753e-01
3.911595e-01
3.921437e-01
3.931278e-01
3.941120e-01
3.950961e-01
3.960803e-01
3.970645e-01
3.980486e-01
3.990328e-01
4.000169e-01
4.010011e-01
4.019853e-01
4.029694e-01
4.039536e-01
4.049377e-01
4.059219e-01
4.069060e-01
4.078902e-01
4.088744e-01
4.098585e-01
4.108427e-01
4.118268e-01
4.128110e-01
4.137952e-01
4.147793e-01
4.157635e-01
4.167476e-01
4.177318e-01
4.187160e-01
4.197001e-01
4.206843e-01
4.216684e-01
4.226526e-01
4.236368e-01
4.246209e-01
4.256051e-01
4.265892e-01
4.275734e-01
4.285575e-01
4.295417e-01
4.305259e-01
4.315100e-01
4.324942e-01
4.334783e-01
4.344625e-01
4.354467e-01
4.364308e-01
4.374150e-01
4.383991e-01
4.393833e-01
4.403675e-01
4.413516e-01
4.423358e-01
4.433199e-01
4.443041e-01
4.452882e-01
4.462724e-01
4.472566e-01
4.482407e-01
4.492249e-01
4.502090e-01
4.511932e-01
4.521774e-01
4.531615e-01
4.541457e-01
4.551298e-01
4.561140e-01
4.570982e-01
4.580823e-01
4.590665e-01
4.600506e-01
4.610348e-01
4.620190e-01
4.630031e-01
4.639873e-01
4.649714e-01
4.659556e-01
4.669397e-01
4.679239e-01
4.689081e-01
4.698922e-01
4.708764e-01
4.718605e-01
4.728447e-01
4.741045e-01
4.753643e-01
4.766241e-01
4.778839e-01
4.791437e-01
4.804035e-01
4.816633e-01
4.829231e-01
4.841829e-01
4.854427e-01
4.867025e-01
4.879623e-01
4.892222e-01
4.904820e-01
4.917418e-01
4.930016e-01
4.942614e-01
4.955212e-01
4.967810e-01
4.980408e-01
4.993006e-01
5.005604e-01
5.018202e-01
5.030800e-01
5.043398e-01
5.055996e-01
5.068594e-01
5.081193e-01
5.093791e-01
5.106389e-01
5.118987e-01
5.131585e-01
5.144183e-01
5.156781e-01
5.169379e-01
5.181977e-01
5.194575e-01
5.207173e-01
5.219771e-01
5.232369e-01
5.244967e-01
5.257565e-01
5.270164e-01
5.282762e-01
5.295360e-01
5.307958e-01
5.320556e-01
5.333154e-01
5.345752e-01
5.358350e-01
5.370948e-01
5.383546e-01
5.396144e-01
5.408742e-01
5.421340e-01
5.433938e-01
5.446536e-01
5.459135e-01
5.471733e-01
5.484331e-01
5.496929e-01
5.509527e-01
5.522125e-01
5.534723e-01
5.547321e-01
5.559919e-01
5.572517e-01
5.585115e-01
5.597713e-01
5.610311e-01
5.622909e-01
5.635507e-01
5.648106e-01
5.660704e-01
5.673302e-01
5.685900e-01
5.698498e-01
5.711096e-01
5.723694e-01
5.736292e-01
5.748890e-01
5.761488e-01
5.774086e-01
5.786684e-01
5.799282e-01
5.811880e-01
5.824478e-01
5.837077e-01
5.849675e-01
5.862273e-01
5.874871e-01
5.887469e-01
5.900067e-01
5.912665e-01
5.925263e-01
5.937861e-01
5.950459e-01
5.963057e-01
5.975655e-01
5.988253e-01
6.015394e-01
6.042535e-01
6.069676e-01
6.096817e-01
6.123958e-01
6.151099e-01
6.178240e-01
6.205381e-01
6.232522e-01
6.259663e-01
6.286804e-01
6.313944e-01
6.341085e-01
6.368226e-01
6.395367e-01
6.422508e-01
6.449649e-01
6.476790e-01
6.503931e-01
6.531072e-01
6.558213e-01
6.585354e-01
6.612495e-01
6.639636e-01
6.666776e-01
6.693918e-01
6.721058e-01
6.748199e-01
6.775340e-01
6.802481e-01
6.829622e-01
6.856763e-01
6.883904e-01
6.911045e-01
6.938186e-01
6.965326e-01
6.992468e-01
7.019608e-01
7.046750e-01
7.073890e-01
7.101032e-01
7.128172e-01
7.155313e-01
7.182454e-01
7.209595e-01
7.236736e-01
7.263877e-01
7.291018e-01
7.318158e-01
7.345300e-01
7.372440e-01
7.399582e-01
7.426722e-01
7.453864e-01
7.481004e-01
7.508146e-01
7.535286e-01
7.562427e-01
7.589568e-01
7.616709e-01
7.643850e-01
7.670991e-01
7.698132e-01
7.725272e-01
7.752414e-01
7.779554e-01
7.806696e-01
7.833836e-01
7.860978e-01
7.888118e-01
7.915259e-01
7.942400e-01
7.969541e-01
7.996682e-01
8.023823e-01
8.050964e-01
8.078105e-01
8.105246e-01
8.132386e-01
8.159528e-01
8.186669e-01
8.213810e-01
8.240950e-01
8.268091e-01
8.295232e-01
8.322373e-01
8.349514e-01
8.376655e-01
8.403796e-01
8.430937e-01
8.458078e-01
8.485219e-01
8.512360e-01
8.539501e-01
8.566641e-01
8.593783e-01
8.620923e-01
8.648065e-01
8.675205e-01
8.702346e-01
8.729487e-01
8.756628e-01
8.783769e-01
8.810910e-01
8.838051e-01
8.865192e-01
8.892333e-01
8.919473e-01
8.946615e-01
8.973755e-01
9.000897e-01
9.028037e-01
9.055179e-01
9.082319e-01
9.109460e-01
9.136601e-01
9.163742e-01
9.190883e-01
9.218024e-01
9.245165e-01
9.272305e-01
9.299447e-01
9.326587e-01
9.353729e-01
9.380869e-01
9.408011e-01
9.435151e-01
9.462293e-01
9.489433e-01
9.516574e-01
9.543715e-01
9.570856e-01
9.597997e-01
9.625138e-01
9.652279e-01
9.679419e-01
9.706561e-01
9.733701e-01
9.760843e-01
9.787984e-01
9.815125e-01
9.842264e-01
9.869407e-01
9.896547e-01
9.923687e-01
9.950830e-01
9.977970e-01
1.000511e+00
1.003225e+00
1.005939e+00
1.008653e+00
1.011368e+00
1.014081e+00
1.016795e+00
1.019510e+00
1.022224e+00
1.024938e+00
1.027652e+00
1.030366e+00
1.033080e+00
1.035794e+00
1.038508e+00
1.041222e+00
1.043937e+00
1.046651e+00
1.049364e+00
1.052079e+00
1.054793e+00
1.057507e+00
1.060221e+00
1.062936e+00
1.065649e+00
1.068363e+00
1.071077e+00
1.073792e+00
1.076506e+00
1.079220e+00
1.081934e+00
1.084648e+00
1.087362e+00
1.090076e+00
1.092790e+00
1.095504e+00
1.098219e+00
1.100932e+00
1.103646e+00
1.106361e+00
1.109075e+00
1.111789e+00
1.114503e+00
1.117217e+00
1.119931e+00
1.122645e+00
1.125359e+00
1.128073e+00
1.130788e+00
1.133502e+00
1.136215e+00
1.138929e+00
1.141644e+00
1.144358e+00
1.146667e+00
1.148976e+00
1.151287e+00
1.153596e+00
1.155905e+00
1.158214e+00
1.160524e+00
1.162833e+00
1.165143e+00
1.167452e+00
1.169761e+00
1.172071e+00
1.174380e+00
1.176690e+00
1.178999e+00
1.181308e+00
1.183618e+00
1.185927e+00
1.188237e+00
1.190546e+00
1.192855e+00
1.195165e+00
1.197474e+00
1.199783e+00
1.202093e+00
1.204402e+00
1.206712e+00
1.209021e+00
1.211330e+00
1.213640e+00
1.215949e+00
1.218259e+00
1.220568e+00
1.222877e+00
1.225186e+00
1.227497e+00
1.229806e+00
1.232115e+00
1.234424e+00
1.236733e+00
1.239044e+00
1.241353e+00
1.243662e+00
1.245971e+00
1.248281e+00
1.250590e+00
1.252900e+00
1.255209e+00
1.257518e+00
1.259828e+00
1.262137e+00
1.264447e+00
1.266756e+00
1.269065e+00
1.271375e+00
1.273684e+00
1.275994e+00
1.278303e+00
1.280612e+00
1.282922e+00
1.285231e+00
1.287540e+00
1.289850e+00
1.292159e+00
1.294469e+00
1.296778e+00
1.299087e+00
1.301397e+00
1.303706e+00
1.306016e+00
1.308325e+00
1.310634e+00
1.312944e+00
1.315254e+00
1.317563e+00
1.319872e+00
1.322181e+00
1.324490e+00
1.326801e+00
1.329110e+00
1.331419e+00
1.333728e+00
1.336037e+00
1.338348e+00
1.340657e+00
1.342966e+00
1.345275e+00
1.347585e+00
1.349894e+00
1.352204e+00
1.354513e+00
1.356822e+00
1.359132e+00
1.361441e+00
1.363751e+00
1.366060e+00
1.368369e+00
1.370679e+00
1.372988e+00
1.375298e+00
1.377607e+00
1.379916e+00
1.382226e+00
1.384535e+00
1.386844e+00
1.389154e+00
1.391463e+00
1.393773e+00
1.396082e+00
1.398391e+00
1.400701e+00
1.403010e+00
1.405320e+00
1.407629e+00
1.409938e+00
1.412248e+00
1.414558e+00
1.416867e+00
1.419176e+00
1.421485e+00
1.423794e+00
1.426104e+00
1.428414e+00
1.430723e+00
1.433032e+00
1.435342e+00
1.437651e+00
1.439961e+00
1.442270e+00
1.444579e+00
1.446889e+00
1.449198e+00
1.451508e+00
1.453817e+00
1.456126e+00
1.458436e+00
1.460745e+00
1.463055e+00
1.465364e+00
1.467673e+00
1.469982e+00
1.472292e+00
1.474602e+00
1.476911e+00
1.479220e+00
1.481530e+00
1.483839e+00
1.486148e+00
1.488458e+00
1.490767e+00
1.493077e+00
1.495386e+00
1.497695e+00
1.500005e+00
1.502315e+00
1.504624e+00
1.506933e+00
1.509242e+00
1.511551e+00
1.513861e+00
1.516171e+00
1.518480e+00
1.520789e+00
1.523099e+00
1.525408e+00
1.527718e+00
1.530027e+00
1.532336e+00
1.534646e+00
1.536955e+00
1.539265e+00
1.541574e+00
1.543883e+00
1.546193e+00
1.548502e+00
1.550812e+00
1.553121e+00
1.555430e+00
1.557740e+00
1.560049e+00
1.562359e+00
1.564668e+00
1.566977e+00
1.569287e+00
1.571596e+00
1.573905e+00
1.576215e+00
1.578524e+00
1.580834e+00
1.583143e+00
1.585452e+00
1.587762e+00
1.590072e+00
1.592381e+00
1.594690e+00
1.596999e+00
1.599309e+00
1.601618e+00
1.603928e+00
1.606237e+00
1.608546e+00
1.610855e+00
1.613165e+00
1.615475e+00
1.617784e+00
1.620093e+00
1.622403e+00
1.624712e+00
1.627022e+00
1.629331e+00
1.631640e+00
1.633950e+00
1.636259e+00
1.638569e+00
1.640878e+00
1.643187e+00
1.645496e+00
1.647806e+00
1.650116e+00
1.652425e+00
1.654734e+00
1.657044e+00
1.659353e+00
1.661663e+00
1.663972e+00
1.666281e+00
1.668591e+00
1.670900e+00
1.673209e+00
1.675519e+00
1.677828e+00
1.680138e+00
1.682447e+00
1.684756e+00
1.687066e+00
1.689375e+00
1.691685e+00
1.693994e+00
1.696303e+00
1.698613e+00
1.700922e+00
1.703232e+00
1.705541e+00
1.707850e+00
1.710160e+00
1.712469e+00
1.714779e+00
1.717088e+00
1.719397e+00
1.721707e+00
1.724017e+00
1.726326e+00
1.728635e+00
1.730944e+00
1.733254e+00
1.735563e+00
1.737873e+00
1.740182e+00
1.742491e+00
1.744800e+00
1.747110e+00
1.749420e+00
1.751729e+00
1.754038e+00
1.756348e+00
1.758657e+00
1.760967e+00
1.763276e+00
1.765585e+00
1.767895e+00
1.770204e+00
1.772513e+00
1.774823e+00
1.777133e+00
1.779442e+00
1.781751e+00
1.784060e+00
1.786370e+00
1.788679e+00
1.790989e+00
1.793298e+00
1.795607e+00
1.797917e+00
1.800226e+00
1.802536e+00
1.804845e+00
1.807154e+00
1.809464e+00
1.811773e+00
1.814083e+00
1.816392e+00
1.818701e+00
1.821011e+00
1.823321e+00
1.825630e+00
1.827939e+00
1.830248e+00
1.832557e+00
1.834867e+00
1.837177e+00
1.839486e+00
1.841795e+00
1.845890e+00
1.849984e+00
1.854079e+00
1.858173e+00
1.862267e+00
1.866362e+00
1.870456e+00
1.874551e+00
1.878645e+00
1.882740e+00
1.886834e+00
1.890928e+00
1.895023e+00
1.899117e+00
1.903211e+00
1.907305e+00
1.911400e+00
1.915494e+00
1.919589e+00
1.923683e+00
1.927777e+00
1.931872e+00
1.935966e+00
1.940061e+00
1.944155e+00
1.948249e+00
1.952344e+00
1.956438e+00
1.960533e+00
1.964627e+00
1.968721e+00
1.972816e+00
1.976910e+00
1.981005e+00
1.985099e+00
1.989194e+00
1.993288e+00
1.997383e+00
2.001477e+00
2.005571e+00
2.009666e+00
2.013760e+00
2.017855e+00
2.021948e+00
2.026043e+00
2.030137e+00
2.034231e+00
2.038326e+00
2.042420e+00
2.046515e+00
2.050609e+00
2.054704e+00
2.058798e+00
2.062892e+00
2.066987e+00
2.071081e+00
2.075176e+00
2.079270e+00
2.083364e+00
2.087459e+00
2.091553e+00
2.095648e+00
2.099742e+00
2.103837e+00
2.107931e+00
2.112025e+00
2.116120e+00
2.120214e+00
2.124309e+00
2.128403e+00
2.132498e+00
2.136591e+00
2.140686e+00
2.144780e+00
2.148874e+00
2.152969e+00
2.157063e+00
2.161158e+00
2.165252e+00
2.169346e+00
2.173441e+00
2.177535e+00
2.181630e+00
2.185724e+00
2.189819e+00
2.193913e+00
2.198008e+00
2.202102e+00
2.206196e+00
2.210291e+00
2.214385e+00
2.218479e+00
2.222574e+00
2.226668e+00
2.230763e+00
2.234857e+00
2.238952e+00
2.243046e+00
2.247140e+00
2.251235e+00
2.255329e+00
2.259423e+00
2.263517e+00
2.267612e+00
2.271706e+00
2.275800e+00
2.279895e+00
2.283989e+00
2.288084e+00
2.292178e+00
2.296273e+00
2.300367e+00
2.304461e+00
2.308556e+00
2.312650e+00
2.316745e+00
2.320839e+00
2.324934e+00
2.329028e+00
2.333123e+00
2.337217e+00
2.341311e+00
2.345406e+00
2.349500e+00
2.353594e+00
2.357689e+00
2.361783e+00
2.365878e+00
2.369972e+00
2.374066e+00
2.378160e+00
2.382255e+00
2.386349e+00
2.390444e+00
2.394538e+00
2.398632e+00
2.402727e+00
2.406821e+00
2.410915e+00
2.415010e+00
2.419104e+00
2.423199e+00
2.427293e+00
2.431388e+00
2.435482e+00
2.439577e+00
2.443671e+00
2.447765e+00
2.451860e+00
2.455954e+00
2.460049e+00
2.464143e+00
2.468238e+00
2.472332e+00
2.476426e+00
2.480521e+00
2.484615e+00
2.488709e+00
2.492803e+00
2.496898e+00
2.500992e+00
2.505086e+00
2.509181e+00
2.513275e+00
2.517370e+00
2.521464e+00
2.525559e+00
2.529653e+00
2.533747e+00
2.537842e+00
2.541936e+00
2.546031e+00
2.550125e+00
2.554219e+00
2.558314e+00
2.562408e+00
2.566503e+00
2.570597e+00
2.574692e+00
2.578786e+00
2.582880e+00
2.586975e+00
2.591069e+00
2.595164e+00
2.599258e+00
2.603353e+00
2.607446e+00
2.611540e+00
2.615635e+00
2.619729e+00
2.623824e+00
2.627918e+00
2.632013e+00
2.636107e+00
2.640202e+00
2.644296e+00
2.648390e+00
2.652485e+00
2.656579e+00
2.660674e+00
2.664768e+00
2.668070e+00
2.671372e+00
2.674674e+00
2.677976e+00
2.681278e+00
2.684580e+00
2.687882e+00
2.691184e+00
2.694486e+00
2.697788e+00
2.701090e+00
2.704392e+00
2.707694e+00
2.710996e+00
2.714298e+00
2.717600e+00
2.720902e+00
2.724203e+00
2.727506e+00
2.730807e+00
2.734110e+00
2.737412e+00
2.740713e+00
2.744016e+00
2.747318e+00
2.750619e+00
2.753922e+00
2.757224e+00
2.760525e+00
2.763828e+00
2.767129e+00
2.770431e+00
2.773734e+00
2.777035e+00
2.780338e+00
2.783640e+00
2.786941e+00
2.790244e+00
2.793545e+00
2.796847e+00
2.800150e+00
2.803451e+00
2.806753e+00
2.810055e+00
2.813357e+00
2.816659e+00
2.819961e+00
2.823263e+00
2.826566e+00
2.829867e+00
2.833169e+00
2.836471e+00
2.839773e+00
2.843075e+00
2.846377e+00
2.849679e+00
2.852981e+00
2.856283e+00
2.859585e+00
2.862887e+00
2.866189e+00
2.869491e+00
2.872793e+00
2.876095e+00
2.879397e+00
2.882699e+00
2.886001e+00
2.889303e+00
2.892605e+00
2.895907e+00
2.899209e+00
2.902511e+00
2.905813e+00
2.909115e+00
2.912417e+00
2.915719e+00
2.919021e+00
2.922323e+00
2.925625e+00
2.928927e+00
2.932229e+00
2.935530e+00
2.938833e+00
2.942134e+00
2.945436e+00
2.948739e+00
2.952040e+00
2.955343e+00
2.958645e+00
2.961946e+00
2.965249e+00
2.968551e+00
2.971852e+00
2.975155e+00
2.978456e+00
2.981758e+00
2.985060e+00
2.988362e+00
2.991664e+00
2.994966e+00
2.998268e+00
3.001571e+00
3.004872e+00
3.008174e+00
3.011477e+00
3.014778e+00
3.018080e+00
3.021382e+00
3.024684e+00
3.027986e+00
3.031288e+00
3.034590e+00
3.037892e+00
3.041194e+00
3.044496e+00
3.047799e+00
3.051100e+00
3.054402e+00
3.057704e+00
3.061006e+00
3.064308e+00
3.067610e+00
3.070912e+00
3.074214e+00
3.077516e+00
3.080818e+00
3.084119e+00
3.087422e+00
3.090724e+00
3.094026e+00
3.097328e+00
3.100630e+00
3.103932e+00
3.107234e+00
3.110536e+00
3.113838e+00
3.117140e+00
3.120441e+00
3.123744e+00
3.127045e+00
3.130348e+00
3.133650e+00
3.136951e+00
3.140254e+00
3.143556e+00
3.146857e+00
3.150160e+00
3.153462e+00
3.156763e+00
3.160066e+00
3.163367e+00
3.166669e+00
3.169971e+00
3.173273e+00
3.176576e+00
3.179877e+00
3.183179e+00
3.186482e+00
3.189783e+00
3.193085e+00
3.196388e+00
3.199689e+00
3.202991e+00
3.206293e+00
3.209595e+00
3.212897e+00
3.216199e+00
3.219501e+00
3.222804e+00
3.226105e+00
3.229407e+00
3.232710e+00
3.236011e+00
3.239313e+00
3.242615e+00
3.245917e+00
3.249219e+00
3.252521e+00
3.255823e+00
3.259125e+00
3.262427e+00
3.265729e+00
3.269031e+00
3.272333e+00
3.275635e+00
3.278937e+00
3.282239e+00
3.285541e+00
3.288843e+00
3.292145e+00
3.295447e+00
3.298749e+00
3.302051e+00
3.305352e+00
3.308655e+00
3.311956e+00
3.315259e+00
3.318561e+00
3.321862e+00
3.325165e+00
3.328467e+00
3.332291e+00
3.336115e+00
3.339940e+00
3.343765e+00
3.347589e+00
3.351414e+00
3.355238e+00
3.359062e+00
3.362887e+00
3.366712e+00
3.370536e+00
3.374360e+00
3.378185e+00
3.382009e+00
3.385834e+00
3.389658e+00
3.393483e+00
3.397307e+00
3.401132e+00
3.404956e+00
3.408780e+00
3.412605e+00
3.416430e+00
3.420254e+00
3.424078e+00
3.427903e+00
3.431727e+00
3.435552e+00
3.439377e+00
3.443201e+00
3.447025e+00
3.450850e+00
3.454674e+00
3.458498e+00
3.462323e+00
3.466148e+00
3.469972e+00
3.473796e+00
3.477621e+00
3.481445e+00
3.485270e+00
3.489095e+00
3.492919e+00
3.496743e+00
3.500568e+00
3.504392e+00
3.508216e+00
3.512042e+00
3.515866e+00
3.519690e+00
3.523514e+00
3.527339e+00
3.531163e+00
3.534988e+00
3.538813e+00
3.542637e+00
3.546461e+00
3.550286e+00
3.554110e+00
3.557935e+00
3.561760e+00
3.565584e+00
3.569408e+00
3.573233e+00
3.577057e+00
3.580881e+00
3.584707e+00
3.588531e+00
3.592355e+00
3.596180e+00
3.600004e+00
3.603828e+00
3.607653e+00
3.611478e+00
3.615302e+00
3.619126e+00
3.622951e+00
3.626775e+00
3.630600e+00
3.634425e+00
3.638249e+00
3.642073e+00
3.645898e+00
3.649722e+00
3.653547e+00
3.657371e+00
3.661196e+00
3.665020e+00
3.668845e+00
3.672669e+00
3.676493e+00
3.680318e+00
3.684143e+00
3.687967e+00
3.691791e+00
3.695616e+00
3.699440e+00
3.703265e+00
3.707089e+00
3.710914e+00
3.714738e+00
3.718562e+00
3.722387e+00
3.726212e+00
3.730036e+00
3.733861e+00
3.737685e+00
3.741509e+00
3.745334e+00
3.749158e+00
3.752983e+00
3.756807e+00
3.760632e+00
3.764456e+00
3.768280e+00
3.772105e+00
3.775930e+00
3.779754e+00
3.783579e+00
3.787403e+00
3.791227e+00
3.795052e+00
3.798877e+00
3.802701e+00
3.806525e+00
3.810350e+00
3.814174e+00
3.817998e+00
3.821824e+00
3.825648e+00
3.829472e+00
3.833297e+00
3.837121e+00
3.840945e+00
3.844770e+00
3.848595e+00
3.852419e+00
3.856244e+00
3.860068e+00
3.863892e+00
3.867717e+00
3.871542e+00
3.875366e+00
3.879191e+00
3.883015e+00
3.886839e+00
3.890663e+00
3.894489e+00
3.898313e+00
3.902137e+00
3.905962e+00
3.909786e+00
3.913610e+00
3.917435e+00
3.921260e+00
3.925084e+00
3.928909e+00
3.932733e+00
3.936557e+00
3.940382e+00
3.944207e+00
3.948031e+00
3.951855e+00
3.955680e+00
3.959504e+00
3.963329e+00
3.967154e+00
3.970978e+00
3.974802e+00
3.978627e+00
3.982451e+00
3.986275e+00
3.990100e+00
3.993925e+00
3.997749e+00
4.001573e+00
4.005398e+00
4.009222e+00
4.013047e+00
4.016872e+00
4.020696e+00
4.024520e+00
4.028345e+00
4.032169e+00
4.035993e+00
4.039818e+00
4.043643e+00
4.047467e+00
4.051291e+00
4.055116e+00
4.058940e+00
4.062765e+00
4.066590e+00
4.070414e+00
4.074238e+00
4.078063e+00
4.081887e+00
4.085711e+00
4.089537e+00
4.093361e+00
4.097185e+00
4.101009e+00
4.104834e+00
4.108658e+00
4.112483e+00
4.116308e+00
4.120132e+00
4.123956e+00
4.127781e+00
4.131605e+00
4.135430e+00
4.139255e+00
4.143079e+00
4.146903e+00
4.150728e+00
4.154552e+00
4.158376e+00
4.162202e+00
4.166026e+00
4.169850e+00
4.173675e+00
4.177499e+00
4.181323e+00
4.185148e+00
4.188973e+00
4.192797e+00
4.196621e+00
4.200446e+00
4.204270e+00
4.208095e+00
4.211920e+00
4.215744e+00
4.219568e+00
4.223393e+00
4.227217e+00
4.231042e+00
4.234866e+00
4.238691e+00
4.242515e+00
4.246340e+00
4.250164e+00
4.253988e+00
4.257813e+00
4.261638e+00
4.265462e+00
4.269286e+00
4.273111e+00
4.276935e+00
4.280760e+00
4.284584e+00
4.288409e+00
4.292233e+00
4.296057e+00
4.299882e+00
4.303707e+00
4.307531e+00
4.311356e+00
4.315180e+00
4.319004e+00
4.322829e+00
4.326653e+00
4.330478e+00
4.334302e+00
4.338127e+00
4.341951e+00
4.345776e+00
4.349600e+00
4.353425e+00
4.357249e+00
4.361074e+00
4.364898e+00
4.368722e+00
4.372547e+00
4.376372e+00
4.380196e+00
4.384020e+00
4.387845e+00
4.391669e+00
4.395493e+00
4.399319e+00
4.403143e+00
4.406967e+00
4.410792e+00
4.414616e+00
4.418440e+00
4.422265e+00
4.426090e+00
4.429914e+00
4.433739e+00
4.437563e+00
4.441387e+00
4.445212e+00
4.449037e+00
4.452861e+00
4.456686e+00
4.460510e+00
4.464334e+00
4.468158e+00
4.471984e+00
4.475808e+00
4.479632e+00
4.483457e+00
4.483932e+00
4.484406e+00
4.484881e+00
4.485355e+00
4.485831e+00
4.486305e+00
4.486780e+00
4.487254e+00
4.487729e+00
4.488204e+00
4.488679e+00
4.489153e+00
4.489628e+00
4.490103e+00
4.490578e+00
4.491053e+00
4.491527e+00
4.492002e+00
4.492477e+00
4.492952e+00
4.493426e+00
4.493901e+00
4.494375e+00
4.494851e+00
4.495325e+00
4.495800e+00
4.496274e+00
4.496749e+00
4.497224e+00
4.497699e+00
4.498174e+00
4.498648e+00
4.499123e+00
4.499598e+00
4.500073e+00
4.500547e+00
4.501022e+00
4.501496e+00
4.501971e+00
4.502446e+00
4.502921e+00
4.503395e+00
4.503870e+00
4.504345e+00
4.504820e+00
4.505295e+00
4.505769e+00
4.506244e+00
4.506718e+00
4.507194e+00
4.507668e+00
4.508143e+00
4.508617e+00
4.509092e+00
4.509567e+00
4.510042e+00
4.510516e+00
4.510991e+00
4.511466e+00
4.511941e+00
4.512416e+00
4.512890e+00
4.513365e+00
4.513840e+00
4.514315e+00
4.514789e+00
4.515264e+00
4.515738e+00
4.516213e+00
4.516688e+00
4.517163e+00
4.517637e+00
4.518112e+00
4.518587e+00
4.519062e+00
4.519537e+00
4.520011e+00
4.520486e+00
4.520960e+00
4.521436e+00
4.521910e+00
4.522385e+00
4.522859e+00
4.523334e+00
4.523809e+00
4.524284e+00
4.524758e+00
4.525233e+00
4.525708e+00
4.526183e+00
4.526658e+00
4.527132e+00
4.527607e+00
4.528082e+00
4.528557e+00
4.529031e+00
4.529506e+00
4.529980e+00
4.530456e+00
4.530930e+00
4.531405e+00
4.531879e+00
4.532354e+00
4.532829e+00
4.533304e+00
4.533779e+00
4.534253e+00
4.534728e+00
4.535203e+00
4.535678e+00
4.536152e+00
4.536627e+00
4.537101e+00
4.537576e+00
4.538051e+00
4.538526e+00
4.539000e+00
4.539475e+00
4.539950e+00
4.540425e+00
4.540900e+00
4.541374e+00
4.541849e+00
4.542324e+00
4.542799e+00
4.543273e+00
4.543748e+00
4.544222e+00
4.544698e+00
4.545172e+00
4.545647e+00
4.546121e+00
4.546596e+00
4.547071e+00
4.547546e+00
4.548021e+00
4.548495e+00
4.548970e+00
4.549445e+00
4.549920e+00
4.550394e+00
4.550869e+00
4.551343e+00
4.551818e+00
4.552293e+00
4.552768e+00
4.553242e+00
4.553717e+00
4.554192e+00
4.554667e+00
4.555142e+00
4.555616e+00
4.556091e+00
4.556566e+00
4.557041e+00
4.557515e+00
4.557990e+00
4.558464e+00
4.558940e+00
4.559414e+00
4.559889e+00
4.560363e+00
4.560838e+00
4.561314e+00
4.561788e+00
4.562263e+00
4.562737e+00
4.563212e+00
4.563687e+00
4.564162e+00
4.564636e+00
4.565111e+00
4.565586e+00
4.566061e+00
4.566535e+00
4.567010e+00
4.567484e+00
4.567959e+00
4.568434e+00
4.568909e+00
4.569384e+00
4.569858e+00
4.570333e+00
4.570808e+00
4.571283e+00
4.571757e+00
4.572232e+00
4.572706e+00
4.573181e+00
4.573656e+00
4.574131e+00
4.574606e+00
4.575080e+00
4.575556e+00
4.576030e+00
4.576505e+00
4.576979e+00
4.577454e+00
4.577929e+00
4.578404e+00
4.578878e+00
4.579353e+00
4.579828e+00
4.580303e+00
4.580777e+00
4.581252e+00
4.581727e+00
4.582201e+00
4.582676e+00
4.583151e+00
4.583626e+00
4.584100e+00
4.584575e+00
4.585050e+00
4.585525e+00
4.585999e+00
4.586474e+00
4.586948e+00
4.587424e+00
4.587898e+00
4.588373e+00
4.588848e+00
4.589322e+00
4.589797e+00
4.590272e+00
4.590747e+00
4.591221e+00
4.591696e+00
4.592171e+00
4.592646e+00
4.593120e+00
4.593595e+00
4.594069e+00
4.594545e+00
4.595019e+00
4.595494e+00
4.595969e+00
4.596444e+00
4.596919e+00
4.597393e+00
4.597868e+00
4.598342e+00
4.598817e+00
4.599292e+00
4.599767e+00
4.600241e+00
4.600716e+00
4.601191e+00
4.601666e+00
4.602140e+00
4.602615e+00
4.603090e+00
4.603564e+00
4.604039e+00
4.604514e+00
4.604989e+00
4.605463e+00
4.605938e+00
4.606413e+00
4.606888e+00
4.607362e+00
4.607837e+00
4.608311e+00
4.608786e+00
4.609261e+00
4.609736e+00
4.610211e+00
4.610685e+00
4.611161e+00
4.611635e+00
4.612110e+00
4.612584e+00
4.613059e+00
4.613534e+00
4.614009e+00
4.614483e+00
4.614958e+00
4.615433e+00
4.615908e+00
4.616382e+00
4.616857e+00
4.617332e+00
4.617806e+00
4.618282e+00
4.618756e+00
4.619231e+00
4.619705e+00
4.620180e+00
4.620655e+00
4.621130e+00
4.621604e+00
4.622079e+00
4.622554e+00
4.623029e+00
4.623503e+00
4.623978e+00
4.624453e+00
4.624927e+00
4.625402e+00
4.625877e+00
4.626352e+00
4.626826e+00
4.627301e+00
4.627776e+00
4.628251e+00
4.628725e+00
4.629200e+00
4.629675e+00
4.630150e+00
4.630624e+00
4.631099e+00
4.631574e+00
4.632049e+00
4.632524e+00
4.632998e+00
4.633473e+00
4.633947e+00
4.634422e+00
4.634897e+00
4.635372e+00
4.635846e+00
4.636321e+00
4.636796e+00
4.637271e+00
4.637746e+00
4.638220e+00
4.638695e+00
4.639169e+00
4.639644e+00
4.640119e+00
4.640594e+00
4.641068e+00
4.641543e+00
4.642018e+00
4.642493e+00
4.642967e+00
4.643442e+00
4.643916e+00
4.644392e+00
4.644867e+00
4.645341e+00
4.645816e+00
4.646291e+00
4.646766e+00
4.647240e+00
4.647715e+00
4.648189e+00
4.648664e+00
4.649139e+00
4.649614e+00
4.650088e+00
4.650563e+00
4.651038e+00
4.651513e+00
4.651988e+00
4.652462e+00
4.652937e+00
4.653412e+00
4.653887e+00
4.654361e+00
4.654836e+00
4.655310e+00
4.655785e+00
4.656260e+00
4.656735e+00
4.657209e+00
4.657684e+00
4.658159e+00
4.658634e+00
4.659109e+00
4.659583e+00
4.660058e+00
4.660532e+00
4.661008e+00
4.661482e+00
4.661957e+00
4.662431e+00
4.662907e+00
4.663381e+00
4.663856e+00
4.664330e+00
4.664805e+00
4.665280e+00
4.665755e+00
4.666230e+00
4.666704e+00
4.667179e+00
4.667654e+00
4.668129e+00
4.668603e+00
4.669078e+00
4.669552e+00
4.670027e+00
4.670502e+00
4.670977e+00
4.671451e+00
4.671926e+00
4.672401e+00
4.672876e+00
4.673351e+00
4.673825e+00
4.674300e+00
4.674774e+00
4.675250e+00
4.675724e+00
4.676199e+00
4.676673e+00
4.677148e+00
4.677623e+00
4.678098e+00
4.678572e+00
4.679047e+00
4.679521e+00
4.679997e+00
4.680472e+00
4.680946e+00
4.681421e+00
4.681896e+00
4.682371e+00
4.682845e+00
4.683320e+00
4.683794e+00
4.684270e+00
4.684744e+00
4.685219e+00
4.685693e+00
4.686168e+00
4.686643e+00
4.687118e+00
4.687593e+00
4.688067e+00
4.688542e+00
4.689017e+00
4.689492e+00
4.689966e+00
4.690441e+00
4.690915e+00
4.691390e+00
4.691865e+00
4.692340e+00
4.692814e+00
4.693289e+00
4.693764e+00
4.694239e+00
4.694714e+00
4.695188e+00
4.695663e+00
4.696137e+00
4.696613e+00
4.697087e+00
4.697562e+00
4.698036e+00
4.698512e+00
4.698986e+00
4.699461e+00
4.699935e+00
4.700410e+00
4.700885e+00
4.701360e+00
4.701835e+00
4.702309e+00
4.702784e+00
4.703259e+00
4.703734e+00
4.704208e+00
4.704683e+00
4.705157e+00
4.705632e+00
4.706107e+00
4.706582e+00
4.707056e+00
4.707531e+00
4.708006e+00
4.708481e+00
4.708956e+00
4.709430e+00
4.709905e+00
4.710379e+00
4.710855e+00
4.711329e+00
4.711804e+00
4.712278e+00
4.712753e+00
4.713228e+00
4.713703e+00
4.714177e+00
4.714652e+00
4.715127e+00
4.715602e+00
4.716077e+00
4.716551e+00
4.717026e+00
4.717501e+00
4.717976e+00
4.718450e+00
4.718925e+00
4.719399e+00
4.719875e+00
4.720349e+00
4.720824e+00
4.721298e+00
4.721773e+00
4.720135e+00
4.718498e+00
4.716860e+00
4.715222e+00
4.713585e+00
4.711947e+00
4.710309e+00
4.708671e+00
4.707033e+00
4.705395e+00
4.703757e+00
4.702120e+00
4.700482e+00
4.698844e+00
4.697206e+00
4.695568e+00
4.693930e+00
4.692292e+00
4.690654e+00
4.689017e+00
4.687379e+00
4.685741e+00
4.684103e+00
4.682466e+00
4.680827e+00
4.679189e+00
4.677552e+00
4.675915e+00
4.674277e+00
4.672639e+00
4.671001e+00
4.669363e+00
4.667725e+00
4.666087e+00
4.664449e+00
4.662812e+00
4.661174e+00
4.659536e+00
4.657898e+00
4.656260e+00
4.654622e+00
4.652984e+00
4.651346e+00
4.649709e+00
4.648071e+00
4.646433e+00
4.644795e+00
4.643158e+00
4.641520e+00
4.639882e+00
4.638244e+00
4.636607e+00
4.634969e+00
4.633331e+00
4.631693e+00
4.630055e+00
4.628417e+00
4.626779e+00
4.625142e+00
4.623504e+00
4.621866e+00
4.620228e+00
4.618590e+00
4.616952e+00
4.615314e+00
4.613677e+00
4.612039e+00
4.610401e+00
4.608763e+00
4.607126e+00
4.605488e+00
4.603850e+00
4.602212e+00
4.600574e+00
4.598937e+00
4.597299e+00
4.595661e+00
4.594023e+00
4.592385e+00
4.590747e+00
4.589109e+00
4.587471e+00
4.585834e+00
4.584196e+00
4.582558e+00
4.580920e+00
4.579282e+00
4.577645e+00
4.576007e+00
4.574369e+00
4.572732e+00
4.571094e+00
4.569456e+00
4.567818e+00
4.566180e+00
4.564542e+00
4.562904e+00
4.561266e+00
4.559629e+00
4.557991e+00
4.556353e+00
4.554715e+00
4.553077e+00
4.551439e+00
4.549801e+00
4.548163e+00
4.546526e+00
4.544888e+00
4.543250e+00
4.541612e+00
4.539974e+00
4.538337e+00
4.536699e+00
4.535061e+00
4.533423e+00
4.531786e+00
4.530148e+00
4.528510e+00
4.526872e+00
4.525234e+00
4.523596e+00
4.521959e+00
4.520321e+00
4.518683e+00
4.517045e+00
4.515407e+00
4.513769e+00
4.512131e+00
4.510493e+00
4.508856e+00
4.507218e+00
4.505580e+00
4.503942e+00
4.502305e+00
4.500667e+00
4.499029e+00
4.497391e+00
4.495754e+00
4.494116e+00
4.492478e+00
4.490840e+00
4.489202e+00
4.487564e+00
4.485926e+00
4.484288e+00
4.482651e+00
4.481013e+00
4.479375e+00
4.477737e+00
4.476099e+00
4.474461e+00
4.472824e+00
4.471186e+00
4.469548e+00
4.467911e+00
4.466273e+00
4.464635e+00
4.462997e+00
4.461359e+00
4.459721e+00
4.458083e+00
4.456446e+00
4.454808e+00
4.453170e+00
4.451532e+00
4.449894e+00
4.448256e+00
4.446618e+00
4.444981e+00
4.443343e+00
4.441705e+00
4.440067e+00
4.438429e+00
4.436791e+00
4.435154e+00
4.433516e+00
4.431878e+00
4.430241e+00
4.428603e+00
4.426965e+00
4.425327e+00
4.423689e+00
4.422051e+00
4.420413e+00
4.418776e+00
4.417138e+00
4.415500e+00
4.413862e+00
4.412224e+00
4.410586e+00
4.408948e+00
4.407310e+00
4.405673e+00
4.404035e+00
4.402397e+00
4.400759e+00
4.399121e+00
4.397484e+00
4.395846e+00
4.394208e+00
4.392571e+00
4.390933e+00
4.389295e+00
4.387657e+00
4.386019e+00
4.384381e+00
4.382743e+00
4.381105e+00
4.379468e+00
4.377830e+00
4.376192e+00
4.374554e+00
4.372916e+00
4.371278e+00
4.369640e+00
4.368002e+00
4.366365e+00
4.364727e+00
4.363089e+00
4.361452e+00
4.359814e+00
4.358176e+00
4.356538e+00
4.354901e+00
4.353263e+00
4.351625e+00
4.349987e+00
4.348349e+00
4.346711e+00
4.345073e+00
4.343435e+00
4.341798e+00
4.340160e+00
4.338522e+00
4.336884e+00
4.335246e+00
4.333608e+00
4.331971e+00
4.330333e+00
4.328695e+00
4.327058e+00
4.325420e+00
4.323782e+00
4.322144e+00
4.320506e+00
4.318868e+00
4.317230e+00
4.315593e+00
4.313955e+00
4.312317e+00
4.310679e+00
4.309041e+00
4.307403e+00
4.305765e+00
4.304127e+00
4.302490e+00
4.300852e+00
4.299214e+00
4.297576e+00
4.295938e+00
4.294300e+00
4.292662e+00
4.291025e+00
4.289387e+00
4.287749e+00
4.286112e+00
4.284474e+00
4.282836e+00
4.281198e+00
4.279560e+00
4.277922e+00
4.276285e+00
4.274647e+00
4.273009e+00
4.271371e+00
4.269733e+00
4.268095e+00
4.266457e+00
4.264819e+00
4.263182e+00
4.261544e+00
4.259906e+00
4.258268e+00
4.256631e+00
4.254993e+00
4.253355e+00
4.251718e+00
4.250080e+00
4.248442e+00
4.246804e+00
4.245166e+00
4.243528e+00
4.241890e+00
4.240252e+00
4.238615e+00
4.236977e+00
4.235339e+00
4.233701e+00
4.232063e+00
4.230425e+00
4.228787e+00
4.227149e+00
4.225512e+00
4.223874e+00
4.222236e+00
4.220599e+00
4.218961e+00
4.217323e+00
4.215685e+00
4.214047e+00
4.212410e+00
4.210772e+00
4.209134e+00
4.207496e+00
4.205858e+00
4.204220e+00
4.202582e+00
4.200944e+00
4.199307e+00
4.197669e+00
4.196031e+00
4.194393e+00
4.192755e+00
4.191117e+00
4.189480e+00
4.187842e+00
4.186205e+00
4.184566e+00
4.182929e+00
4.181291e+00
4.179653e+00
4.178015e+00
4.176377e+00
4.174739e+00
4.173102e+00
4.171464e+00
4.169826e+00
4.168188e+00
4.166550e+00
4.164912e+00
4.163274e+00
4.161637e+00
4.159999e+00
4.158361e+00
4.156723e+00
4.155085e+00
4.153447e+00
4.151809e+00
4.150172e+00
4.148534e+00
4.146896e+00
4.145259e+00
4.143621e+00
4.141983e+00
4.140345e+00
4.138707e+00
4.137069e+00
4.135432e+00
4.133794e+00
4.132156e+00
4.130518e+00
4.128880e+00
4.127242e+00
4.125604e+00
4.123966e+00
4.122329e+00
4.120691e+00
4.119053e+00
4.117415e+00
4.115778e+00
4.114140e+00
4.112502e+00
4.110864e+00
4.109227e+00
4.107589e+00
4.105951e+00
4.104313e+00
4.102675e+00
4.101037e+00
4.099399e+00
4.097761e+00
4.096124e+00
4.094486e+00
4.092848e+00
4.091210e+00
4.089572e+00
4.087934e+00
4.086297e+00
4.084659e+00
4.083021e+00
4.081383e+00
4.079746e+00
4.078108e+00
4.076470e+00
4.074832e+00
4.073194e+00
4.071557e+00
4.069919e+00
4.068281e+00
4.066643e+00
4.065005e+00
4.063367e+00
4.061729e+00
4.060091e+00
4.058454e+00
4.056816e+00
4.055178e+00
4.053540e+00
4.051902e+00
4.050264e+00
4.048626e+00
4.046988e+00
4.045351e+00
4.043713e+00
4.042075e+00
4.040438e+00
4.038800e+00
4.037162e+00
4.035524e+00
4.033886e+00
4.032249e+00
4.030611e+00
4.028973e+00
4.027335e+00
4.025697e+00
4.024059e+00
4.022421e+00
4.020783e+00
4.019146e+00
4.017508e+00
4.015870e+00
4.014232e+00
4.012594e+00
4.010957e+00
4.009319e+00
4.007681e+00
4.006043e+00
4.004406e+00
4.002768e+00
4.001130e+00
3.999492e+00
3.997854e+00
3.996216e+00
3.994578e+00
3.992941e+00
3.991303e+00
3.989665e+00
3.988027e+00
3.986389e+00
3.984751e+00
3.983113e+00
3.981476e+00
3.979838e+00
3.978200e+00
3.976562e+00
3.974925e+00
3.973287e+00
3.971649e+00
3.970011e+00
3.968374e+00
3.966736e+00
3.965098e+00
3.963460e+00
3.961822e+00
3.960184e+00
3.958546e+00
3.956908e+00
3.955271e+00
3.953633e+00
3.951995e+00
3.950357e+00
3.948719e+00
3.947081e+00
3.945443e+00
3.943806e+00
3.942168e+00
3.940530e+00
3.938893e+00
3.937254e+00
3.935617e+00
3.933979e+00
3.932341e+00
3.930703e+00
3.929066e+00
3.927428e+00
3.925790e+00
3.924152e+00
3.922514e+00
3.920876e+00
3.919238e+00
3.917600e+00
3.915963e+00
3.914325e+00
3.912687e+00
3.911049e+00
3.909411e+00
3.907773e+00
3.906135e+00
3.904498e+00
3.902860e+00
3.901222e+00
3.899585e+00
3.897947e+00
3.896777e+00
3.895607e+00
3.894438e+00
3.893269e+00
3.892099e+00
3.890929e+00
3.889760e+00
3.888591e+00
3.887421e+00
3.886251e+00
3.885081e+00
3.883913e+00
3.882743e+00
3.881573e+00
3.880403e+00
3.879234e+00
3.878065e+00
3.876895e+00
3.875725e+00
3.874556e+00
3.873386e+00
3.872217e+00
3.871047e+00
3.869878e+00
3.868708e+00
3.867538e+00
3.866369e+00
3.865199e+00
3.864030e+00
3.862860e+00
3.861690e+00
3.860521e+00
3.859352e+00
3.858182e+00
3.857012e+00
3.855843e+00
3.854674e+00
3.853504e+00
3.852334e+00
3.851165e+00
3.849995e+00
3.848826e+00
3.847656e+00
3.846487e+00
3.845317e+00
3.844148e+00
3.842978e+00
3.841808e+00
3.840639e+00
3.839469e+00
3.838300e+00
3.837130e+00
3.835961e+00
3.834791e+00
3.833621e+00
3.832452e+00
3.831283e+00
3.830113e+00
3.828943e+00
3.827774e+00
3.826604e+00
3.825435e+00
3.824265e+00
3.823095e+00
3.821926e+00
3.820757e+00
3.819587e+00
3.818417e+00
3.817248e+00
3.816079e+00
3.814909e+00
3.813739e+00
3.812570e+00
3.811400e+00
3.810231e+00
3.809061e+00
3.807892e+00
3.806722e+00
3.805552e+00
3.804383e+00
3.803213e+00
3.802044e+00
3.800874e+00
3.799705e+00
3.798535e+00
3.797366e+00
3.796196e+00
3.795026e+00
3.793857e+00
3.792688e+00
3.791518e+00
3.790348e+00
3.789178e+00
3.788010e+00
3.786840e+00
3.785670e+00
3.784501e+00
3.783331e+00
3.782162e+00
3.780992e+00
3.779822e+00
3.778653e+00
3.777484e+00
3.776314e+00
3.775144e+00
3.773975e+00
3.772805e+00
3.771636e+00
3.770466e+00
3.769297e+00
3.768127e+00
3.766957e+00
3.765788e+00
3.764619e+00
3.763449e+00
3.762279e+00
3.761109e+00
3.759940e+00
3.758771e+00
3.757601e+00
3.756431e+00
3.755262e+00
3.754093e+00
3.752923e+00
3.751753e+00
3.750583e+00
3.749415e+00
3.748245e+00
3.747075e+00
3.745905e+00
3.744736e+00
3.743567e+00
3.742397e+00
3.741228e+00
3.740058e+00
3.738888e+00
3.737719e+00
3.736549e+00
3.735380e+00
3.734210e+00
3.733040e+00
3.731871e+00
3.730702e+00
3.729532e+00
3.728362e+00
3.727192e+00
3.726024e+00
3.724854e+00
3.723684e+00
3.722514e+00
3.721345e+00
3.720176e+00
3.719006e+00
3.717836e+00
3.716667e+00
3.715498e+00
3.714328e+00
3.713158e+00
3.711989e+00
3.710819e+00
3.709650e+00
3.708480e+00
3.707311e+00
3.706141e+00
3.704971e+00
3.703802e+00
3.702633e+00
3.701463e+00
3.700293e+00
3.699123e+00
3.697954e+00
3.696785e+00
3.695615e+00
3.694445e+00
3.693276e+00
3.692107e+00
3.690937e+00
3.689767e+00
3.688598e+00
3.687429e+00
3.686259e+00
3.685089e+00
3.683919e+00
3.682750e+00
3.681581e+00
3.680411e+00
3.679241e+00
3.678072e+00
3.676902e+00
3.675733e+00
3.674563e+00
3.673394e+00
3.672224e+00
3.671054e+00
3.669885e+00
3.668716e+00
3.667546e+00
3.666376e+00
3.665207e+00
3.664038e+00
3.662868e+00
3.661698e+00
3.660528e+00
3.659360e+00
3.658190e+00
3.657020e+00
3.655850e+00
3.654681e+00
3.653512e+00
3.652342e+00
3.651172e+00
3.650003e+00
3.648833e+00
3.647664e+00
3.646494e+00
3.645324e+00
3.644155e+00
3.642986e+00
3.641816e+00
3.640646e+00
3.639477e+00
3.638307e+00
3.637138e+00
3.635968e+00
3.634799e+00
3.633629e+00
3.632459e+00
3.631290e+00
3.630121e+00
3.628951e+00
3.627781e+00
3.626612e+00
3.625443e+00
3.624273e+00
3.623103e+00
3.621933e+00
3.620764e+00
3.619595e+00
3.618425e+00
3.617255e+00
3.616086e+00
3.614917e+00
3.613747e+00
3.612577e+00
3.611408e+00
3.610238e+00
3.609069e+00
3.607899e+00
3.606730e+00
3.605560e+00
3.604390e+00
3.603221e+00
3.602051e+00
3.600882e+00
3.599712e+00
3.598542e+00
3.597374e+00
3.596204e+00
3.595034e+00
3.593864e+00
3.592695e+00
3.591526e+00
3.590356e+00
3.589186e+00
3.588017e+00
3.586848e+00
3.585678e+00
3.584508e+00
3.583338e+00
3.582169e+00
3.581000e+00
3.579830e+00
3.578660e+00
3.577491e+00
3.576321e+00
3.575152e+00
3.573982e+00
3.572813e+00
3.571643e+00
3.570473e+00
3.569304e+00
3.568135e+00
3.566965e+00
3.565795e+00
3.564626e+00
3.563456e+00
3.562287e+00
3.561117e+00
3.559947e+00
3.558779e+00
3.557609e+00
3.556439e+00
3.555269e+00
3.554100e+00
3.552931e+00
3.551761e+00
3.550591e+00
3.549422e+00
3.548252e+00
3.547083e+00
3.545913e+00
3.544744e+00
3.543574e+00
3.542404e+00
3.541235e+00
3.540065e+00
3.538896e+00
3.537726e+00
3.536557e+00
3.535387e+00
3.534218e+00
3.533048e+00
3.531878e+00
3.530709e+00
3.529540e+00
3.528370e+00
3.527200e+00
3.526031e+00
3.524861e+00
3.523692e+00
3.522522e+00
3.521353e+00
3.520183e+00
3.519014e+00
3.517844e+00
3.516674e+00
3.515505e+00
3.514335e+00
3.513166e+00
3.511996e+00
3.510827e+00
3.509657e+00
3.508488e+00
3.507318e+00
3.506149e+00
3.504979e+00
3.503809e+00
3.502640e+00
3.501470e+00
3.500301e+00
3.499131e+00
3.497961e+00
3.496792e+00
3.495623e+00
3.494453e+00
3.493283e+00
3.492114e+00
3.490945e+00
3.489775e+00
3.488605e+00
3.487436e+00
3.486266e+00
3.485097e+00
3.483927e+00
3.482758e+00
3.481588e+00
3.480419e+00
3.479249e+00
3.478079e+00
3.476910e+00
3.475740e+00
3.474571e+00
3.473401e+00
3.472232e+00
3.471062e+00
3.469892e+00
3.468723e+00
3.467554e+00
3.466384e+00
3.465214e+00
3.464044e+00
3.462876e+00
3.461706e+00
3.460536e+00
3.459366e+00
3.458197e+00
3.457028e+00
3.455858e+00
3.454688e+00
3.453519e+00
3.452350e+00
3.451180e+00
3.450010e+00
3.448841e+00
3.447671e+00
3.446502e+00
3.445332e+00
3.444163e+00
3.442993e+00
3.441823e+00
3.440654e+00
3.439485e+00
3.438315e+00
3.437145e+00
3.435975e+00
3.434806e+00
3.433637e+00
3.432467e+00
3.431297e+00
3.430128e+00
3.428959e+00
3.427789e+00
3.426619e+00
3.425449e+00
3.424281e+00
3.423111e+00
3.421941e+00
3.420771e+00
3.419602e+00
3.418433e+00
3.417263e+00
3.416094e+00
3.414924e+00
3.413754e+00
3.412585e+00
3.411415e+00
3.410246e+00
3.409076e+00
3.407906e+00
3.406737e+00
3.405568e+00
3.404398e+00
3.403228e+00
3.402059e+00
3.400890e+00
3.399720e+00
3.398550e+00
3.397380e+00
3.396211e+00
3.395042e+00
3.393872e+00
3.392702e+00
3.391533e+00
3.390364e+00
3.389194e+00
3.388024e+00
3.386855e+00
3.385685e+00
3.384516e+00
3.383346e+00
3.382176e+00
3.381007e+00
3.379837e+00
3.378668e+00
3.377499e+00
3.376329e+00
3.375159e+00
3.373990e+00
3.372820e+00
3.371651e+00
3.370481e+00
3.369311e+00
3.368142e+00
3.366973e+00
3.365803e+00
3.364633e+00
3.363464e+00
3.362295e+00
3.361125e+00
3.359955e+00
3.358785e+00
3.357616e+00
3.356447e+00
3.355277e+00
3.354107e+00
3.352938e+00
3.351768e+00
3.350599e+00
3.349429e+00
3.348260e+00
3.347090e+00
3.345921e+00
3.344751e+00
3.343581e+00
3.342412e+00
3.341242e+00
3.340073e+00
3.338904e+00
3.337734e+00
3.336564e+00
3.335394e+00
