1.285433e-03
1.283895e-03
1.282357e-03
1.280819e-03
1.279281e-03
1.277743e-03
1.276205e-03
1.274666e-03
1.273129e-03
1.271590e-03
1.270052e-03
1.268514e-03
1.266976e-03
1.265438e-03
1.263900e-03
1.262362e-03
1.260823e-03
1.259286e-03
1.257747e-03
1.256209e-03
1.254671e-03
1.253133e-03
1.251595e-03
1.250057e-03
1.248519e-03
1.246980e-03
1.245443e-03
1.243904e-03
1.242366e-03
1.240828e-03
1.239290e-03
1.349251e-03
1.459211e-03
1.569172e-03
1.679132e-03
1.789093e-03
1.899053e-03
2.009014e-03
2.118974e-03
2.228934e-03
2.338895e-03
2.448855e-03
2.558816e-03
2.668777e-03
2.778737e-03
2.888698e-03
2.998658e-03
3.108619e-03
3.218579e-03
3.328539e-03
3.438500e-03
3.489020e-03
3.539540e-03
3.590060e-03
3.640580e-03
3.691100e-03
3.741620e-03
3.792140e-03
3.842660e-03
3.893180e-03
3.943700e-03
3.994220e-03
4.044740e-03
4.095260e-03
4.145780e-03
4.196300e-03
4.246820e-03
4.297340e-03
4.347860e-03
4.313008e-03
4.448900e-03
4.584792e-03
4.720684e-03
4.856577e-03
4.992469e-03
5.128361e-03
5.264253e-03
5.400146e-03
5.536038e-03
5.671930e-03
5.807822e-03
5.943714e-03
6.079607e-03
6.215499e-03
6.351391e-03
6.487283e-03
6.623176e-03
6.759068e-03
6.894960e-03
7.030852e-03
7.166744e-03
7.302637e-03
7.438529e-03
7.574421e-03
7.710313e-03
7.846206e-03
7.982098e-03
8.117990e-03
8.253882e-03
8.389774e-03
8.525667e-03
8.645770e-03
8.765873e-03
8.885977e-03
9.006080e-03
9.126183e-03
9.246287e-03
9.366390e-03
9.486493e-03
9.606597e-03
9.726700e-03
9.846803e-03
9.966907e-03
1.008701e-02
1.020711e-02
1.032722e-02
1.044732e-02
1.056742e-02
1.068753e-02
1.080763e-02
1.092773e-02
1.104784e-02
1.116794e-02
1.128804e-02
1.140815e-02
1.152825e-02
1.164835e-02
1.176846e-02
1.188856e-02
1.200866e-02
1.212877e-02
1.224887e-02
1.236897e-02
1.248908e-02
1.260918e-02
1.272928e-02
1.284939e-02
1.296949e-02
1.308959e-02
1.320970e-02
1.332980e-02
1.344990e-02
1.357001e-02
1.369011e-02
1.381021e-02
1.393032e-02
1.405042e-02
1.417052e-02
1.429063e-02
1.441073e-02
1.453083e-02
1.466920e-02
1.480756e-02
1.494592e-02
1.508429e-02
1.522265e-02
1.536101e-02
1.549938e-02
1.563774e-02
1.577610e-02
1.591447e-02
1.605283e-02
1.619119e-02
1.632956e-02
1.646792e-02
1.660628e-02
1.674465e-02
1.688301e-02
1.702137e-02
1.715974e-02
1.729810e-02
1.743646e-02
1.757483e-02
1.771319e-02
1.785155e-02
1.798992e-02
1.812828e-02
1.826664e-02
1.840501e-02
1.854337e-02
1.868173e-02
1.882010e-02
1.895846e-02
1.909682e-02
1.923519e-02
1.937355e-02
1.951191e-02
1.965028e-02
1.978864e-02
1.992700e-02
2.006537e-02
2.020373e-02
2.034209e-02
2.048046e-02
2.061882e-02
2.075718e-02
2.089555e-02
2.103391e-02
2.117227e-02
2.131064e-02
2.144900e-02
2.147718e-02
2.150535e-02
2.153353e-02
2.156171e-02
2.158988e-02
2.161806e-02
2.164624e-02
2.167441e-02
2.170259e-02
2.173077e-02
2.175894e-02
2.178712e-02
2.181530e-02
2.184347e-02
2.187165e-02
2.189983e-02
2.192800e-02
2.195618e-02
2.198436e-02
2.201253e-02
2.204071e-02
2.206889e-02
2.209706e-02
2.212524e-02
2.215342e-02
2.218159e-02
2.220977e-02
2.223795e-02
2.226612e-02
2.229430e-02
2.232248e-02
2.235065e-02
2.237883e-02
2.240701e-02
2.243518e-02
2.246336e-02
2.249154e-02
2.251971e-02
2.254789e-02
2.257607e-02
2.260424e-02
2.263242e-02
2.266060e-02
2.268877e-02
2.271695e-02
2.274513e-02
2.277330e-02
2.280148e-02
2.282966e-02
2.285783e-02
2.288601e-02
2.291419e-02
2.294236e-02
2.297054e-02
2.299872e-02
2.302689e-02
2.305507e-02
2.308325e-02
2.311142e-02
2.313960e-02
2.316778e-02
2.319595e-02
2.322413e-02
2.325231e-02
2.328048e-02
2.330866e-02
2.333684e-02
2.336501e-02
2.339319e-02
2.342137e-02
2.344954e-02
2.347772e-02
2.350590e-02
2.353407e-02
2.356225e-02
2.359043e-02
2.361860e-02
2.364678e-02
2.367496e-02
2.370313e-02
2.373131e-02
2.375949e-02
2.378766e-02
2.381584e-02
2.384402e-02
2.387219e-02
2.390037e-02
2.392855e-02
2.395672e-02
2.398490e-02
2.401308e-02
2.404125e-02
2.406943e-02
2.409761e-02
2.412578e-02
2.415396e-02
2.418214e-02
2.421031e-02
2.423849e-02
2.426667e-02
2.434136e-02
2.441605e-02
2.449074e-02
2.456543e-02
2.464012e-02
2.471482e-02
2.478951e-02
2.486420e-02
2.493889e-02
2.501358e-02
2.508828e-02
2.516297e-02
2.523766e-02
2.531235e-02
2.538704e-02
2.546173e-02
2.553642e-02
2.561112e-02
2.568581e-02
2.576050e-02
2.583519e-02
2.590988e-02
2.598458e-02
2.605927e-02
2.613396e-02
2.620865e-02
2.628334e-02
2.635803e-02
2.643273e-02
2.650742e-02
2.658211e-02
2.665680e-02
2.673149e-02
2.680618e-02
2.688087e-02
2.695557e-02
2.703026e-02
2.710495e-02
2.717964e-02
2.725433e-02
2.732902e-02
2.740372e-02
2.747841e-02
2.755310e-02
2.762779e-02
2.770248e-02
2.777717e-02
2.785187e-02
2.792656e-02
2.800125e-02
2.807594e-02
2.815063e-02
2.822532e-02
2.830002e-02
2.837471e-02
2.844940e-02
2.852409e-02
2.859878e-02
2.867348e-02
2.874817e-02
2.882286e-02
2.889755e-02
2.897224e-02
2.904693e-02
2.912162e-02
2.919632e-02
2.927101e-02
2.934570e-02
2.942039e-02
2.949508e-02
2.956977e-02
2.964447e-02
2.971916e-02
2.979385e-02
2.986854e-02
2.994323e-02
3.001792e-02
3.009262e-02
3.016731e-02
3.024200e-02
3.031669e-02
3.039138e-02
3.046608e-02
3.054077e-02
3.061546e-02
3.069015e-02
3.076484e-02
3.083953e-02
3.091423e-02
3.098892e-02
3.106361e-02
3.113830e-02
3.121299e-02
3.128768e-02
3.136238e-02
3.143707e-02
3.151176e-02
3.158645e-02
3.166114e-02
3.173583e-02
3.185268e-02
3.196953e-02
3.208637e-02
3.220322e-02
3.232007e-02
3.243691e-02
3.255376e-02
3.267061e-02
3.278745e-02
3.290430e-02
3.302115e-02
3.313799e-02
3.325484e-02
3.337169e-02
3.348853e-02
3.360538e-02
3.372223e-02
3.383907e-02
3.395592e-02
3.407277e-02
3.418961e-02
3.430646e-02
3.442331e-02
3.454015e-02
3.465700e-02
3.477385e-02
3.489069e-02
3.500754e-02
3.512439e-02
3.524123e-02
3.535808e-02
3.547493e-02
3.559177e-02
3.570862e-02
3.582547e-02
3.594231e-02
3.605916e-02
3.617601e-02
3.629285e-02
3.640970e-02
3.652655e-02
3.664339e-02
3.676024e-02
3.687709e-02
3.699393e-02
3.711078e-02
3.722763e-02
3.734447e-02
3.746132e-02
3.757817e-02
3.769501e-02
3.781186e-02
3.792871e-02
3.804555e-02
3.816240e-02
3.827925e-02
3.839609e-02
3.851294e-02
3.862979e-02
3.874663e-02
3.886348e-02
3.898033e-02
3.909717e-02
3.921402e-02
3.933087e-02
3.944771e-02
3.956456e-02
3.968141e-02
3.979825e-02
3.991510e-02
4.003195e-02
4.014879e-02
4.026564e-02
4.038249e-02
4.049933e-02
4.061618e-02
4.073303e-02
4.084987e-02
4.096672e-02
4.108357e-02
4.120041e-02
4.131726e-02
4.143411e-02
4.155095e-02
4.166780e-02
4.178465e-02
4.190149e-02
4.201834e-02
4.213519e-02
4.225203e-02
4.236888e-02
4.248573e-02
4.260257e-02
4.271942e-02
4.283627e-02
4.295311e-02
4.306996e-02
4.318681e-02
4.330365e-02
4.342050e-02
4.353735e-02
4.365419e-02
4.377104e-02
4.388789e-02
4.400473e-02
4.412158e-02
4.423843e-02
4.435527e-02
4.447212e-02
4.458897e-02
4.470581e-02
4.482266e-02
4.493951e-02
4.505635e-02
4.517320e-02
4.529005e-02
4.540689e-02
4.552374e-02
4.564059e-02
4.575743e-02
4.587428e-02
4.599113e-02
4.610797e-02
4.622482e-02
4.634167e-02
4.645851e-02
4.657536e-02
4.669221e-02
4.680905e-02
4.692590e-02
4.704275e-02
4.715959e-02
4.727644e-02
4.739329e-02
4.751013e-02
4.762698e-02
4.774383e-02
4.786067e-02
4.797752e-02
4.809437e-02
4.821121e-02
4.832806e-02
4.844491e-02
4.856175e-02
4.867860e-02
4.879545e-02
4.891229e-02
4.902914e-02
4.914599e-02
4.926283e-02
4.937968e-02
4.949653e-02
4.961337e-02
4.973022e-02
4.984707e-02
4.996391e-02
5.008076e-02
5.019761e-02
5.031445e-02
5.043130e-02
5.054815e-02
5.066499e-02
5.078184e-02
5.089869e-02
5.101553e-02
5.113238e-02
5.124923e-02
5.136607e-02
5.148292e-02
5.159977e-02
5.171661e-02
5.183346e-02
5.195031e-02
5.206715e-02
5.218400e-02
5.230085e-02
5.241769e-02
5.253454e-02
5.265139e-02
5.276823e-02
5.288508e-02
5.300193e-02
5.311877e-02
5.323562e-02
5.335247e-02
5.346931e-02
5.358616e-02
5.370301e-02
5.381985e-02
5.393670e-02
5.405355e-02
5.417039e-02
5.428724e-02
5.440409e-02
5.452093e-02
5.463778e-02
5.475463e-02
5.487147e-02
5.498832e-02
5.510517e-02
5.525794e-02
5.541072e-02
5.556349e-02
5.571627e-02
5.586904e-02
5.602182e-02
5.617459e-02
5.632737e-02
5.648014e-02
5.663292e-02
5.678569e-02
5.693847e-02
5.709124e-02
5.724402e-02
5.739679e-02
5.754957e-02
5.770234e-02
5.785512e-02
5.800789e-02
5.816067e-02
5.831344e-02
5.846622e-02
5.861899e-02
5.877177e-02
5.892454e-02
5.907732e-02
5.923009e-02
5.938287e-02
5.953564e-02
5.968842e-02
5.984119e-02
5.999397e-02
6.014674e-02
6.029952e-02
6.045229e-02
6.060507e-02
6.075784e-02
6.091062e-02
6.106339e-02
6.121617e-02
6.136894e-02
6.152172e-02
6.167449e-02
6.182727e-02
6.198004e-02
6.213282e-02
6.228559e-02
6.243837e-02
6.259114e-02
6.274392e-02
6.289669e-02
6.304947e-02
6.320224e-02
6.335502e-02
6.350779e-02
6.366057e-02
6.381334e-02
6.396612e-02
6.411889e-02
6.427167e-02
6.442444e-02
6.457722e-02
6.472999e-02
6.488277e-02
6.503554e-02
6.518832e-02
6.534109e-02
6.549387e-02
6.564664e-02
6.579942e-02
6.595219e-02
6.610497e-02
6.625774e-02
6.641052e-02
6.656329e-02
6.671607e-02
6.686884e-02
6.702162e-02
6.717439e-02
6.732717e-02
6.747994e-02
6.763272e-02
6.778549e-02
6.793827e-02
6.809104e-02
6.824382e-02
6.839659e-02
6.854937e-02
6.870214e-02
6.885492e-02
6.900769e-02
6.916047e-02
6.931324e-02
6.946602e-02
6.961879e-02
6.977157e-02
6.992434e-02
7.007712e-02
7.022989e-02
7.038267e-02
7.136418e-02
7.234568e-02
7.332719e-02
7.430870e-02
7.529021e-02
7.627171e-02
7.725322e-02
7.823473e-02
7.921624e-02
8.019774e-02
8.117925e-02
8.216076e-02
8.314227e-02
8.412377e-02
8.510528e-02
8.608679e-02
8.706830e-02
8.804980e-02
8.903131e-02
9.001282e-02
9.099433e-02
9.197583e-02
9.295734e-02
9.393885e-02
9.492036e-02
9.590186e-02
9.688337e-02
9.786488e-02
9.884639e-02
9.982789e-02
1.008094e-01
1.017909e-01
1.027724e-01
1.037539e-01
1.047354e-01
1.057169e-01
1.066984e-01
1.076800e-01
1.086615e-01
1.096430e-01
1.106245e-01
1.116060e-01
1.125875e-01
1.135690e-01
1.145505e-01
1.155320e-01
1.165135e-01
1.174950e-01
1.184765e-01
1.194580e-01
1.204395e-01
1.214211e-01
1.224026e-01
1.233841e-01
1.243656e-01
1.253471e-01
1.263286e-01
1.273101e-01
1.282916e-01
1.292731e-01
1.302546e-01
1.312361e-01
1.322176e-01
1.331991e-01
1.341807e-01
1.351622e-01
1.361437e-01
1.371252e-01
1.381067e-01
1.390882e-01
1.400697e-01
1.410512e-01
1.420327e-01
1.430142e-01
1.439957e-01
1.449772e-01
1.459587e-01
1.469403e-01
1.479218e-01
1.489033e-01
1.498848e-01
1.508663e-01
1.518478e-01
1.528293e-01
1.538108e-01
1.547923e-01
1.557738e-01
1.567553e-01
1.577368e-01
1.587183e-01
1.596998e-01
1.606814e-01
1.616629e-01
1.626444e-01
1.636259e-01
1.646074e-01
1.655889e-01
1.665704e-01
1.675519e-01
1.685334e-01
1.695149e-01
1.704964e-01
1.714779e-01
1.724594e-01
1.734410e-01
1.744225e-01
1.754040e-01
1.763855e-01
1.773670e-01
1.783485e-01
1.793300e-01
1.803115e-01
1.812930e-01
1.822745e-01
1.832560e-01
1.842375e-01
1.852190e-01
1.862005e-01
1.871821e-01
1.881636e-01
1.891451e-01
1.901266e-01
1.911081e-01
1.920896e-01
1.930711e-01
1.940526e-01
1.950341e-01
1.960156e-01
1.969971e-01
1.979786e-01
1.989601e-01
1.999417e-01
2.009232e-01
2.019047e-01
2.028862e-01
2.038677e-01
2.048492e-01
2.058307e-01
2.068122e-01
2.077937e-01
2.087752e-01
2.097567e-01
2.107382e-01
2.117197e-01
2.127012e-01
2.136828e-01
2.146643e-01
2.156458e-01
2.166273e-01
2.176088e-01
2.185903e-01
2.195718e-01
2.205533e-01
2.215348e-01
2.225163e-01
2.234978e-01
2.244793e-01
2.254608e-01
2.264424e-01
2.274239e-01
2.284054e-01
2.293869e-01
2.303684e-01
2.313499e-01
2.323314e-01
2.333129e-01
2.342944e-01
2.352759e-01
2.362574e-01
2.372389e-01
2.382204e-01
2.392020e-01
2.401835e-01
2.411650e-01
2.421465e-01
2.431280e-01
2.441095e-01
2.450910e-01
2.460725e-01
2.470540e-01
2.480355e-01
2.490170e-01
2.499985e-01
2.509800e-01
2.519615e-01
2.529431e-01
2.539246e-01
2.549061e-01
2.558876e-01
2.568691e-01
2.578506e-01
2.588321e-01
2.598136e-01
2.607951e-01
2.617766e-01
2.627581e-01
2.637396e-01
2.647211e-01
2.657027e-01
2.666842e-01
2.676657e-01
2.686472e-01
2.696287e-01
2.706102e-01
2.715917e-01
2.725732e-01
2.735547e-01
2.745362e-01
2.755177e-01
2.764992e-01
2.774807e-01
2.784622e-01
2.794438e-01
2.804253e-01
2.814068e-01
2.823883e-01
2.833698e-01
2.843513e-01
2.853328e-01
2.863143e-01
2.872958e-01
2.882773e-01
2.892588e-01
2.902403e-01
2.912218e-01
2.922034e-01
2.931849e-01
2.941664e-01
2.951479e-01
2.961294e-01
2.971109e-01
2.980924e-01
2.990739e-01
3.000554e-01
3.010369e-01
3.020184e-01
3.029999e-01
3.039814e-01
3.049629e-01
3.059445e-01
3.069260e-01
3.079075e-01
3.088890e-01
3.098705e-01
3.108520e-01
3.118335e-01
3.128150e-01
3.137965e-01
3.147780e-01
3.157595e-01
3.167410e-01
3.177225e-01
3.187041e-01
3.196856e-01
3.206671e-01
3.216486e-01
3.226301e-01
3.236116e-01
3.245931e-01
3.255746e-01
3.265561e-01
3.275376e-01
3.285191e-01
3.295006e-01
3.304821e-01
3.314637e-01
3.324452e-01
3.334267e-01
3.344082e-01
3.353897e-01
3.363712e-01
3.373527e-01
3.383342e-01
3.393157e-01
3.402972e-01
3.412787e-01
3.422602e-01
3.432417e-01
3.442232e-01
3.452048e-01
3.461863e-01
3.471678e-01
3.481493e-01
3.491308e-01
3.501123e-01
3.510938e-01
3.520753e-01
3.530568e-01
3.540383e-01
3.550198e-01
3.560013e-01
3.569828e-01
3.579644e-01
3.589459e-01
3.599274e-01
3.609089e-01
3.618904e-01
3.628719e-01
3.638534e-01
3.648349e-01
3.658164e-01
3.667979e-01
3.677794e-01
3.687609e-01
3.697424e-01
3.707239e-01
3.717055e-01
3.726870e-01
3.736685e-01
3.746500e-01
3.756315e-01
3.766130e-01
3.775945e-01
3.785760e-01
3.795575e-01
3.805390e-01
3.815205e-01
3.825020e-01
3.834835e-01
3.844651e-01
3.854466e-01
3.864281e-01
3.874096e-01
3.883911e-01
3.893726e-01
3.903541e-01
3.913356e-01
3.923171e-01
3.932986e-01
3.942801e-01
3.952616e-01
3.962431e-01
3.972246e-01
3.982062e-01
3.991877e-01
4.001692e-01
4.011507e-01
4.021322e-01
4.031137e-01
4.040952e-01
4.050767e-01
4.060582e-01
4.070397e-01
4.080212e-01
4.090027e-01
4.099842e-01
4.109658e-01
4.119473e-01
4.129288e-01
4.139103e-01
4.148918e-01
4.158733e-01
4.168548e-01
4.178363e-01
4.188178e-01
4.197993e-01
4.207808e-01
4.217623e-01
4.227438e-01
4.237254e-01
4.247069e-01
4.256884e-01
4.266699e-01
4.276514e-01
4.286329e-01
4.296144e-01
4.305959e-01
4.315774e-01
4.325589e-01
4.335404e-01
4.345219e-01
4.355034e-01
4.364849e-01
4.374665e-01
4.384480e-01
4.394295e-01
4.404110e-01
4.413925e-01
4.423740e-01
4.433555e-01
4.443370e-01
4.453185e-01
4.463000e-01
4.472815e-01
4.482630e-01
4.492445e-01
4.502261e-01
4.512076e-01
4.521891e-01
4.531706e-01
4.541521e-01
4.551336e-01
4.561151e-01
4.570966e-01
4.580781e-01
4.590596e-01
4.600411e-01
4.610226e-01
4.620041e-01
4.629856e-01
4.639672e-01
4.649487e-01
4.659302e-01
4.669117e-01
4.678932e-01
4.688747e-01
4.698562e-01
4.709515e-01
4.720468e-01
4.731421e-01
4.742375e-01
4.753328e-01
4.764281e-01
4.775234e-01
4.786187e-01
4.797140e-01
4.808093e-01
4.819046e-01
4.829999e-01
4.840952e-01
4.851905e-01
4.862859e-01
4.873812e-01
4.884765e-01
4.895718e-01
4.906671e-01
4.917624e-01
4.928577e-01
4.939530e-01
4.950483e-01
4.961436e-01
4.972389e-01
4.983343e-01
4.994296e-01
5.005249e-01
5.016202e-01
5.027155e-01
5.038108e-01
5.049061e-01
5.060014e-01
5.070967e-01
5.081920e-01
5.092873e-01
5.103827e-01
5.114780e-01
5.125733e-01
5.136686e-01
5.147639e-01
5.158592e-01
5.169545e-01
5.180498e-01
5.191451e-01
5.202404e-01
5.213357e-01
5.224310e-01
5.235264e-01
5.246217e-01
5.257170e-01
5.268123e-01
5.279076e-01
5.290029e-01
5.300982e-01
5.311935e-01
5.322888e-01
5.333841e-01
5.344794e-01
5.355748e-01
5.366701e-01
5.377654e-01
5.388607e-01
5.399560e-01
5.410513e-01
5.421466e-01
5.432419e-01
5.443372e-01
5.454325e-01
5.465278e-01
5.476232e-01
5.487185e-01
5.498138e-01
5.509091e-01
5.520044e-01
5.530997e-01
5.541950e-01
5.552903e-01
5.563856e-01
5.574809e-01
5.585762e-01
5.596716e-01
5.607669e-01
5.618622e-01
5.629575e-01
5.640528e-01
5.651481e-01
5.662434e-01
5.673387e-01
5.684340e-01
5.695293e-01
5.706246e-01
5.717199e-01
5.728153e-01
5.739106e-01
5.750059e-01
5.761012e-01
5.771965e-01
5.782918e-01
5.793871e-01
5.822218e-01
5.850566e-01
5.878914e-01
5.907262e-01
5.935609e-01
5.963957e-01
5.992304e-01
6.020652e-01
6.048999e-01
6.077347e-01
6.105695e-01
6.134042e-01
6.162390e-01
6.190737e-01
6.219085e-01
6.247432e-01
6.275781e-01
6.304128e-01
6.332476e-01
6.360823e-01
6.389171e-01
6.417518e-01
6.445867e-01
6.474214e-01
6.502561e-01
6.530909e-01
6.559256e-01
6.587604e-01
6.615952e-01
6.644300e-01
6.672647e-01
6.700995e-01
6.729342e-01
6.757690e-01
6.786037e-01
6.814385e-01
6.842733e-01
6.871080e-01
6.899428e-01
6.927775e-01
6.956123e-01
6.984470e-01
7.012818e-01
7.041166e-01
7.069514e-01
7.097861e-01
7.126209e-01
7.154556e-01
7.182903e-01
7.211252e-01
7.239599e-01
7.267947e-01
7.296294e-01
7.324642e-01
7.352989e-01
7.381337e-01
7.409685e-01
7.438033e-01
7.466380e-01
7.494727e-01
7.523075e-01
7.551422e-01
7.579770e-01
7.608118e-01
7.636466e-01
7.664813e-01
7.693161e-01
7.721508e-01
7.749856e-01
7.778203e-01
7.806551e-01
7.834899e-01
7.863246e-01
7.891594e-01
7.919941e-01
7.948289e-01
7.976637e-01
8.004985e-01
8.033332e-01
8.061680e-01
8.090027e-01
8.118375e-01
8.146722e-01
8.175070e-01
8.203418e-01
8.231765e-01
8.260113e-01
8.288460e-01
8.316808e-01
8.345156e-01
8.373504e-01
8.401851e-01
8.430199e-01
8.458546e-01
8.486893e-01
8.515241e-01
8.543589e-01
8.571937e-01
8.600284e-01
8.628632e-01
8.656979e-01
8.685327e-01
8.713674e-01
8.742023e-01
8.770370e-01
8.798718e-01
8.827065e-01
8.855412e-01
8.883760e-01
8.912108e-01
8.940456e-01
8.968803e-01
8.997151e-01
9.025498e-01
9.053846e-01
9.082193e-01
9.110541e-01
9.138889e-01
9.167236e-01
9.195584e-01
9.223931e-01
9.252279e-01
9.280626e-01
9.308974e-01
9.337322e-01
9.365670e-01
9.394017e-01
9.422365e-01
9.450712e-01
9.479060e-01
9.507408e-01
9.535755e-01
9.564103e-01
9.592450e-01
9.620798e-01
9.649145e-01
9.677493e-01
9.705841e-01
9.734189e-01
9.762536e-01
9.790884e-01
9.819231e-01
9.847579e-01
9.875927e-01
9.904273e-01
9.932622e-01
9.960969e-01
9.989317e-01
1.001766e+00
1.004601e+00
1.007436e+00
1.010271e+00
1.013105e+00
1.015940e+00
1.018775e+00
1.021610e+00
1.024445e+00
1.027280e+00
1.030114e+00
1.032948e+00
1.035783e+00
1.038618e+00
1.041453e+00
1.044288e+00
1.047123e+00
1.049957e+00
1.052792e+00
1.055627e+00
1.058462e+00
1.061297e+00
1.064132e+00
1.066965e+00
1.069800e+00
1.072635e+00
1.075470e+00
1.078305e+00
1.081140e+00
1.083975e+00
1.086809e+00
1.089644e+00
1.092479e+00
1.095314e+00
1.098148e+00
1.100983e+00
1.103817e+00
1.106652e+00
1.109487e+00
1.112322e+00
1.115157e+00
1.117992e+00
1.120827e+00
1.123661e+00
1.126496e+00
1.129331e+00
1.132165e+00
1.135000e+00
1.137835e+00
1.140669e+00
1.143504e+00
1.146339e+00
1.149174e+00
1.151469e+00
1.153764e+00
1.156060e+00
1.158355e+00
1.160650e+00
1.162945e+00
1.165240e+00
1.167535e+00
1.169831e+00
1.172126e+00
1.174421e+00
1.176716e+00
1.179012e+00
1.181307e+00
1.183603e+00
1.185897e+00
1.188193e+00
1.190488e+00
1.192784e+00
1.195079e+00
1.197374e+00
1.199669e+00
1.201964e+00
1.204259e+00
1.206555e+00
1.208850e+00
1.211145e+00
1.213440e+00
1.215735e+00
1.218031e+00
1.220326e+00
1.222621e+00
1.224916e+00
1.227211e+00
1.229506e+00
1.231802e+00
1.234097e+00
1.236392e+00
1.238687e+00
1.240982e+00
1.243278e+00
1.245573e+00
1.247868e+00
1.250164e+00
1.252459e+00
1.254754e+00
1.257050e+00
1.259345e+00
1.261640e+00
1.263935e+00
1.266230e+00
1.268526e+00
1.270821e+00
1.273116e+00
1.275411e+00
1.277706e+00
1.280002e+00
1.282297e+00
1.284592e+00
1.286887e+00
1.289182e+00
1.291477e+00
1.293773e+00
1.296068e+00
1.298363e+00
1.300658e+00
1.302953e+00
1.305249e+00
1.307544e+00
1.309839e+00
1.312135e+00
1.314430e+00
1.316725e+00
1.319021e+00
1.321316e+00
1.323611e+00
1.325906e+00
1.328201e+00
1.330497e+00
1.332792e+00
1.335087e+00
1.337382e+00
1.339677e+00
1.341973e+00
1.344268e+00
1.346563e+00
1.348858e+00
1.351153e+00
1.353449e+00
1.355744e+00
1.358039e+00
1.360334e+00
1.362629e+00
1.364924e+00
1.367220e+00
1.369515e+00
1.371810e+00
1.374105e+00
1.376400e+00
1.378696e+00
1.380991e+00
1.383287e+00
1.385582e+00
1.387877e+00
1.390172e+00
1.392468e+00
1.394763e+00
1.397058e+00
1.399353e+00
1.401648e+00
1.403944e+00
1.406239e+00
1.408534e+00
1.410829e+00
1.413124e+00
1.415420e+00
1.417715e+00
1.420010e+00
1.422305e+00
1.424600e+00
1.426895e+00
1.429191e+00
1.431486e+00
1.433781e+00
1.436076e+00
1.438371e+00
1.440667e+00
1.442962e+00
1.445258e+00
1.447552e+00
1.449848e+00
1.452143e+00
1.454439e+00
1.456734e+00
1.459029e+00
1.461324e+00
1.463619e+00
1.465915e+00
1.468210e+00
1.470505e+00
1.472800e+00
1.475095e+00
1.477391e+00
1.479686e+00
1.481981e+00
1.484276e+00
1.486571e+00
1.488866e+00
1.491162e+00
1.493457e+00
1.495752e+00
1.498047e+00
1.500342e+00
1.502638e+00
1.504933e+00
1.507228e+00
1.509523e+00
1.511819e+00
1.514114e+00
1.516409e+00
1.518705e+00
1.521000e+00
1.523295e+00
1.525590e+00
1.527886e+00
1.530181e+00
1.532476e+00
1.534771e+00
1.537066e+00
1.539362e+00
1.541657e+00
1.543952e+00
1.546247e+00
1.548542e+00
1.550837e+00
1.553133e+00
1.555428e+00
1.557723e+00
1.560018e+00
1.562313e+00
1.564609e+00
1.566904e+00
1.569199e+00
1.571494e+00
1.573789e+00
1.576085e+00
1.578380e+00
1.580675e+00
1.582971e+00
1.585266e+00
1.587561e+00
1.589857e+00
1.592152e+00
1.594447e+00
1.596742e+00
1.599037e+00
1.601333e+00
1.603628e+00
1.605923e+00
1.608218e+00
1.610513e+00
1.612808e+00
1.615104e+00
1.617399e+00
1.619694e+00
1.621989e+00
1.624284e+00
1.626580e+00
1.628875e+00
1.631170e+00
1.633465e+00
1.635760e+00
1.638055e+00
1.640351e+00
1.642646e+00
1.644942e+00
1.647236e+00
1.649532e+00
1.651828e+00
1.654123e+00
1.656418e+00
1.658713e+00
1.661008e+00
1.663304e+00
1.665599e+00
1.667894e+00
1.670189e+00
1.672484e+00
1.674779e+00
1.677075e+00
1.679370e+00
1.681665e+00
1.683960e+00
1.686255e+00
1.688551e+00
1.690846e+00
1.693141e+00
1.695436e+00
1.697731e+00
1.700027e+00
1.702322e+00
1.704617e+00
1.706912e+00
1.709207e+00
1.711503e+00
1.713798e+00
1.716094e+00
1.718389e+00
1.720684e+00
1.722979e+00
1.725275e+00
1.727570e+00
1.729865e+00
1.732160e+00
1.734455e+00
1.736750e+00
1.739046e+00
1.741341e+00
1.743636e+00
1.745931e+00
1.748226e+00
1.750522e+00
1.752817e+00
1.755112e+00
1.757407e+00
1.759702e+00
1.761998e+00
1.764293e+00
1.766588e+00
1.768883e+00
1.771178e+00
1.773473e+00
1.775769e+00
1.778064e+00
1.780359e+00
1.782655e+00
1.784950e+00
1.787246e+00
1.789541e+00
1.791836e+00
1.794131e+00
1.796426e+00
1.798721e+00
1.801017e+00
1.803312e+00
1.805607e+00
1.807902e+00
1.810197e+00
1.812493e+00
1.814788e+00
1.817083e+00
1.819378e+00
1.821673e+00
1.823969e+00
1.826264e+00
1.828559e+00
1.830854e+00
1.833149e+00
1.835444e+00
1.837740e+00
1.840035e+00
1.842330e+00
1.846544e+00
1.850757e+00
1.854971e+00
1.859184e+00
1.863398e+00
1.867611e+00
1.871825e+00
1.876038e+00
1.880252e+00
1.884465e+00
1.888679e+00
1.892892e+00
1.897106e+00
1.901319e+00
1.905532e+00
1.909746e+00
1.913959e+00
1.918173e+00
1.922386e+00
1.926599e+00
1.930813e+00
1.935027e+00
1.939240e+00
1.943454e+00
1.947667e+00
1.951880e+00
1.956094e+00
1.960307e+00
1.964521e+00
1.968735e+00
1.972948e+00
1.977162e+00
1.981375e+00
1.985588e+00
1.989802e+00
1.994015e+00
1.998229e+00
2.002442e+00
2.006656e+00
2.010870e+00
2.015083e+00
2.019296e+00
2.023510e+00
2.027723e+00
2.031936e+00
2.036150e+00
2.040363e+00
2.044577e+00
2.048790e+00
2.053004e+00
2.057217e+00
2.061431e+00
2.065644e+00
2.069858e+00
2.074071e+00
2.078285e+00
2.082498e+00
2.086712e+00
2.090925e+00
2.095139e+00
2.099352e+00
2.103566e+00
2.107779e+00
2.111993e+00
2.116206e+00
2.120420e+00
2.124633e+00
2.128847e+00
2.133060e+00
2.137273e+00
2.141487e+00
2.145700e+00
2.149913e+00
2.154127e+00
2.158340e+00
2.162554e+00
2.166767e+00
2.170981e+00
2.175194e+00
2.179408e+00
2.183621e+00
2.187835e+00
2.192048e+00
2.196262e+00
2.200475e+00
2.204689e+00
2.208902e+00
2.213116e+00
2.217329e+00
2.221543e+00
2.225756e+00
2.229970e+00
2.234183e+00
2.238397e+00
2.242610e+00
2.246824e+00
2.251037e+00
2.255251e+00
2.259464e+00
2.263678e+00
2.267890e+00
2.272104e+00
2.276317e+00
2.280531e+00
2.284744e+00
2.288958e+00
2.293171e+00
2.297385e+00
2.301598e+00
2.305812e+00
2.310025e+00
2.314239e+00
2.318452e+00
2.322666e+00
2.326879e+00
2.331093e+00
2.335306e+00
2.339520e+00
2.343733e+00
2.347947e+00
2.352160e+00
2.356374e+00
2.360587e+00
2.364801e+00
2.369014e+00
2.373228e+00
2.377441e+00
2.381655e+00
2.385868e+00
2.390081e+00
2.394294e+00
2.398508e+00
2.402721e+00
2.406935e+00
2.411148e+00
2.415362e+00
2.419575e+00
2.423789e+00
2.428002e+00
2.432216e+00
2.436429e+00
2.440643e+00
2.444856e+00
2.449070e+00
2.453283e+00
2.457497e+00
2.461710e+00
2.465924e+00
2.470137e+00
2.474351e+00
2.478564e+00
2.482778e+00
2.486991e+00
2.491205e+00
2.495418e+00
2.499632e+00
2.503845e+00
2.508058e+00
2.512271e+00
2.516485e+00
2.520698e+00
2.524912e+00
2.529125e+00
2.533339e+00
2.537552e+00
2.541766e+00
2.545979e+00
2.550193e+00
2.554406e+00
2.558620e+00
2.562833e+00
2.567047e+00
2.571260e+00
2.575474e+00
2.579687e+00
2.583901e+00
2.588114e+00
2.592328e+00
2.596541e+00
2.600755e+00
2.604968e+00
2.609182e+00
2.613395e+00
2.617609e+00
2.621822e+00
2.626036e+00
2.630248e+00
2.634462e+00
2.638675e+00
2.642889e+00
2.647102e+00
2.651316e+00
2.655529e+00
2.659743e+00
2.663956e+00
2.668170e+00
2.672383e+00
2.676597e+00
2.680810e+00
2.685024e+00
2.689237e+00
2.692549e+00
2.695862e+00
2.699173e+00
2.702485e+00
2.705798e+00
2.709109e+00
2.712422e+00
2.715734e+00
2.719045e+00
2.722358e+00
2.725670e+00
2.728981e+00
2.732294e+00
2.735606e+00
2.738917e+00
2.742230e+00
2.745542e+00
2.748854e+00
2.752166e+00
2.755478e+00
2.758790e+00
2.762102e+00
2.765414e+00
2.768726e+00
2.772038e+00
2.775350e+00
2.778662e+00
2.781974e+00
2.785286e+00
2.788599e+00
2.791910e+00
2.795222e+00
2.798535e+00
2.801846e+00
2.805159e+00
2.808471e+00
2.811782e+00
2.815095e+00
2.818407e+00
2.821718e+00
2.825031e+00
2.828343e+00
2.831654e+00
2.834967e+00
2.838279e+00
2.841590e+00
2.844903e+00
2.848215e+00
2.851527e+00
2.854839e+00
2.858151e+00
2.861463e+00
2.864775e+00
2.868087e+00
2.871399e+00
2.874711e+00
2.878023e+00
2.881335e+00
2.884647e+00
2.887959e+00
2.891271e+00
2.894583e+00
2.897896e+00
2.901207e+00
2.904519e+00
2.907832e+00
2.911143e+00
2.914455e+00
2.917768e+00
2.921079e+00
2.924391e+00
2.927704e+00
2.931016e+00
2.934328e+00
2.937640e+00
2.940952e+00
2.944264e+00
2.947576e+00
2.950888e+00
2.954200e+00
2.957512e+00
2.960824e+00
2.964136e+00
2.967448e+00
2.970760e+00
2.974072e+00
2.977384e+00
2.980696e+00
2.984008e+00
2.987320e+00
2.990632e+00
2.993944e+00
2.997256e+00
3.000568e+00
3.003880e+00
3.007192e+00
3.010505e+00
3.013816e+00
3.017128e+00
3.020441e+00
3.023752e+00
3.027065e+00
3.030377e+00
3.033688e+00
3.037001e+00
3.040313e+00
3.043624e+00
3.046937e+00
3.050249e+00
3.053560e+00
3.056873e+00
3.060185e+00
3.063496e+00
3.066809e+00
3.070121e+00
3.073433e+00
3.076745e+00
3.080057e+00
3.083369e+00
3.086681e+00
3.089993e+00
3.093305e+00
3.096617e+00
3.099929e+00
3.103241e+00
3.106553e+00
3.109865e+00
3.113177e+00
3.116489e+00
3.119802e+00
3.123113e+00
3.126425e+00
3.129738e+00
3.133049e+00
3.136361e+00
3.139674e+00
3.142985e+00
3.146297e+00
3.149610e+00
3.152922e+00
3.156234e+00
3.159546e+00
3.162858e+00
3.166170e+00
3.169482e+00
3.172794e+00
3.176106e+00
3.179418e+00
3.182730e+00
3.186042e+00
3.189354e+00
3.192666e+00
3.195978e+00
3.199290e+00
3.202603e+00
3.205914e+00
3.209226e+00
3.212539e+00
3.215850e+00
3.219162e+00
3.222475e+00
3.225786e+00
3.229098e+00
3.232411e+00
3.235722e+00
3.239034e+00
3.242347e+00
3.245658e+00
3.248971e+00
3.252283e+00
3.255594e+00
3.258907e+00
3.262219e+00
3.265530e+00
3.268843e+00
3.272155e+00
3.275466e+00
3.278779e+00
3.282091e+00
3.285402e+00
3.288715e+00
3.292027e+00
3.295339e+00
3.298651e+00
3.301963e+00
3.305275e+00
3.308587e+00
3.311899e+00
3.315211e+00
3.318523e+00
3.321835e+00
3.325147e+00
3.328459e+00
3.331771e+00
3.335083e+00
3.338395e+00
3.341708e+00
3.345020e+00
3.348331e+00
3.351644e+00
3.354956e+00
3.358800e+00
3.362644e+00
3.366488e+00
3.370333e+00
3.374177e+00
3.378021e+00
3.381865e+00
3.385709e+00
3.389553e+00
3.393397e+00
3.397242e+00
3.401086e+00
3.404930e+00
3.408774e+00
3.412618e+00
3.416463e+00
3.420307e+00
3.424151e+00
3.427995e+00
3.431839e+00
3.435683e+00
3.439527e+00
3.443372e+00
3.447216e+00
3.451060e+00
3.454904e+00
3.458748e+00
3.462592e+00
3.466436e+00
3.470281e+00
3.474125e+00
3.477969e+00
3.481813e+00
3.485657e+00
3.489502e+00
3.493346e+00
3.497190e+00
3.501034e+00
3.504878e+00
3.508722e+00
3.512567e+00
3.516411e+00
3.520255e+00
3.524099e+00
3.527943e+00
3.531787e+00
3.535631e+00
3.539476e+00
3.543320e+00
3.547164e+00
3.551008e+00
3.554852e+00
3.558696e+00
3.562541e+00
3.566385e+00
3.570229e+00
3.574073e+00
3.577917e+00
3.581761e+00
3.585606e+00
3.589450e+00
3.593294e+00
3.597138e+00
3.600982e+00
3.604826e+00
3.608670e+00
3.612515e+00
3.616359e+00
3.620203e+00
3.624047e+00
3.627891e+00
3.631735e+00
3.635580e+00
3.639424e+00
3.643268e+00
3.647112e+00
3.650956e+00
3.654800e+00
3.658645e+00
3.662489e+00
3.666333e+00
3.670177e+00
3.674021e+00
3.677865e+00
3.681710e+00
3.685554e+00
3.689398e+00
3.693242e+00
3.697086e+00
3.700930e+00
3.704774e+00
3.708619e+00
3.712463e+00
3.716307e+00
3.720151e+00
3.723995e+00
3.727839e+00
3.731684e+00
3.735528e+00
3.739372e+00
3.743216e+00
3.747060e+00
3.750904e+00
3.754749e+00
3.758593e+00
3.762437e+00
3.766281e+00
3.770125e+00
3.773969e+00
3.777813e+00
3.781658e+00
3.785502e+00
3.789346e+00
3.793190e+00
3.797034e+00
3.800878e+00
3.804723e+00
3.808567e+00
3.812411e+00
3.816255e+00
3.820099e+00
3.823943e+00
3.827788e+00
3.831632e+00
3.835476e+00
3.839320e+00
3.843164e+00
3.847008e+00
3.850853e+00
3.854697e+00
3.858541e+00
3.862385e+00
3.866229e+00
3.870073e+00
3.873917e+00
3.877762e+00
3.881606e+00
3.885450e+00
3.889294e+00
3.893138e+00
3.896982e+00
3.900827e+00
3.904671e+00
3.908515e+00
3.912359e+00
3.916203e+00
3.920047e+00
3.923892e+00
3.927736e+00
3.931580e+00
3.935424e+00
3.939268e+00
3.943112e+00
3.946956e+00
3.950801e+00
3.954645e+00
3.958489e+00
3.962333e+00
3.966177e+00
3.970021e+00
3.973866e+00
3.977710e+00
3.981554e+00
3.985398e+00
3.989242e+00
3.993086e+00
3.996931e+00
4.000775e+00
4.004619e+00
4.008463e+00
4.012307e+00
4.016151e+00
4.019995e+00
4.023840e+00
4.027684e+00
4.031528e+00
4.035372e+00
4.039216e+00
4.043060e+00
4.046905e+00
4.050749e+00
4.054593e+00
4.058437e+00
4.062281e+00
4.066125e+00
4.069970e+00
4.073814e+00
4.077658e+00
4.081502e+00
4.085346e+00
4.089190e+00
4.093035e+00
4.096879e+00
4.100723e+00
4.104567e+00
4.108411e+00
4.112255e+00
4.116099e+00
4.119944e+00
4.123788e+00
4.127632e+00
4.131476e+00
4.135320e+00
4.139164e+00
4.143009e+00
4.146853e+00
4.150697e+00
4.154541e+00
4.158385e+00
4.162229e+00
4.166074e+00
4.169918e+00
4.173762e+00
4.177606e+00
4.181450e+00
4.185294e+00
4.189138e+00
4.192983e+00
4.196827e+00
4.200671e+00
4.204515e+00
4.208359e+00
4.212203e+00
4.216048e+00
4.219892e+00
4.223736e+00
4.227580e+00
4.231424e+00
4.235268e+00
4.239113e+00
4.242957e+00
4.246801e+00
4.250645e+00
4.254489e+00
4.258333e+00
4.262178e+00
4.266022e+00
4.269866e+00
4.273710e+00
4.277554e+00
4.281398e+00
4.285242e+00
4.289087e+00
4.292931e+00
4.296775e+00
4.300619e+00
4.304463e+00
4.308307e+00
4.312152e+00
4.315996e+00
4.319840e+00
4.323684e+00
4.327528e+00
4.331372e+00
4.335217e+00
4.339061e+00
4.342905e+00
4.346749e+00
4.350593e+00
4.354437e+00
4.358281e+00
4.362126e+00
4.365970e+00
4.369814e+00
4.373658e+00
4.377502e+00
4.381346e+00
4.385191e+00
4.389035e+00
4.392879e+00
4.396723e+00
4.400567e+00
4.404411e+00
4.408256e+00
4.412100e+00
4.415944e+00
4.419788e+00
4.423632e+00
4.427476e+00
4.431321e+00
4.435165e+00
4.439009e+00
4.442853e+00
4.446697e+00
4.450541e+00
4.454385e+00
4.458230e+00
4.462074e+00
4.465918e+00
4.469762e+00
4.473606e+00
4.477450e+00
4.481295e+00
4.485139e+00
4.488983e+00
4.492827e+00
4.496671e+00
4.500515e+00
4.504360e+00
4.508204e+00
4.512048e+00
4.515892e+00
4.516136e+00
4.516378e+00
4.516622e+00
4.516864e+00
4.517108e+00
4.517350e+00
4.517594e+00
4.517836e+00
4.518080e+00
4.518322e+00
4.518566e+00
4.518808e+00
4.519052e+00
4.519294e+00
4.519538e+00
4.519781e+00
4.520024e+00
4.520267e+00
4.520510e+00
4.520753e+00
4.520996e+00
4.521239e+00
4.521482e+00
4.521725e+00
4.521968e+00
4.522211e+00
4.522454e+00
4.522697e+00
4.522940e+00
4.523183e+00
4.523427e+00
4.523669e+00
4.523913e+00
4.524155e+00
4.524399e+00
4.524641e+00
4.524885e+00
4.525127e+00
4.525371e+00
4.525613e+00
4.525857e+00
4.526100e+00
4.526343e+00
4.526586e+00
4.526829e+00
4.527072e+00
4.527315e+00
4.527558e+00
4.527801e+00
4.528044e+00
4.528287e+00
4.528531e+00
4.528773e+00
4.529017e+00
4.529259e+00
4.529502e+00
4.529745e+00
4.529988e+00
4.530231e+00
4.530474e+00
4.530718e+00
4.530961e+00
4.531204e+00
4.531447e+00
4.531690e+00
4.531933e+00
4.532176e+00
4.532419e+00
4.532662e+00
4.532905e+00
4.533148e+00
4.533391e+00
4.533634e+00
4.533878e+00
4.534120e+00
4.534364e+00
4.534606e+00
4.534850e+00
4.535092e+00
4.535336e+00
4.535578e+00
4.535822e+00
4.536064e+00
4.536308e+00
4.536550e+00
4.536794e+00
4.537036e+00
4.537280e+00
4.537523e+00
4.537766e+00
4.538009e+00
4.538252e+00
4.538495e+00
4.538738e+00
4.538981e+00
4.539224e+00
4.539467e+00
4.539710e+00
4.539953e+00
4.540196e+00
4.540439e+00
4.540682e+00
4.540925e+00
4.541169e+00
4.541411e+00
4.541655e+00
4.541897e+00
4.542141e+00
4.542383e+00
4.542627e+00
4.542869e+00
4.543113e+00
4.543355e+00
4.543599e+00
4.543841e+00
4.544085e+00
4.544327e+00
4.544571e+00
4.544814e+00
4.545057e+00
4.545300e+00
4.545543e+00
4.545786e+00
4.546029e+00
4.546272e+00
4.546515e+00
4.546758e+00
4.547001e+00
4.547244e+00
4.547487e+00
4.547730e+00
4.547973e+00
4.548216e+00
4.548460e+00
4.548702e+00
4.548946e+00
4.549188e+00
4.549432e+00
4.549674e+00
4.549918e+00
4.550160e+00
4.550404e+00
4.550646e+00
4.550890e+00
4.551133e+00
4.551376e+00
4.551619e+00
4.551862e+00
4.552105e+00
4.552348e+00
4.552591e+00
4.552834e+00
4.553077e+00
4.553320e+00
4.553564e+00
4.553806e+00
4.554050e+00
4.554292e+00
4.554536e+00
4.554778e+00
4.555021e+00
4.555264e+00
4.555508e+00
4.555751e+00
4.555994e+00
4.556237e+00
4.556480e+00
4.556723e+00
4.556966e+00
4.557209e+00
4.557452e+00
4.557695e+00
4.557938e+00
4.558181e+00
4.558424e+00
4.558667e+00
4.558910e+00
4.559153e+00
4.559397e+00
4.559639e+00
4.559883e+00
4.560125e+00
4.560369e+00
4.560611e+00
4.560855e+00
4.561097e+00
4.561341e+00
4.561583e+00
4.561827e+00
4.562069e+00
4.562313e+00
4.562556e+00
4.562799e+00
4.563042e+00
4.563285e+00
4.563528e+00
4.563771e+00
4.564014e+00
4.564257e+00
4.564500e+00
4.564743e+00
4.564986e+00
4.565229e+00
4.565472e+00
4.565715e+00
4.565958e+00
4.566202e+00
4.566444e+00
4.566688e+00
4.566930e+00
4.567174e+00
4.567416e+00
4.567660e+00
4.567902e+00
4.568146e+00
4.568388e+00
4.568632e+00
4.568874e+00
4.569118e+00
4.569360e+00
4.569604e+00
4.569847e+00
4.570090e+00
4.570333e+00
4.570576e+00
4.570819e+00
4.571062e+00
4.571305e+00
4.571548e+00
4.571791e+00
4.572034e+00
4.572277e+00
4.572520e+00
4.572763e+00
4.573006e+00
4.573249e+00
4.573493e+00
4.573735e+00
4.573979e+00
4.574221e+00
4.574465e+00
4.574707e+00
4.574951e+00
4.575193e+00
4.575437e+00
4.575679e+00
4.575923e+00
4.576166e+00
4.576409e+00
4.576652e+00
4.576895e+00
4.577138e+00
4.577381e+00
4.577624e+00
4.577867e+00
4.578111e+00
4.578353e+00
4.578597e+00
4.578839e+00
4.579083e+00
4.579325e+00
4.579569e+00
4.579811e+00
4.580055e+00
4.580297e+00
4.580541e+00
4.580784e+00
4.581027e+00
4.581270e+00
4.581513e+00
4.581756e+00
4.581999e+00
4.582242e+00
4.582485e+00
4.582728e+00
4.582971e+00
4.583214e+00
4.583457e+00
4.583700e+00
4.583943e+00
4.584186e+00
4.584430e+00
4.584672e+00
4.584916e+00
4.585158e+00
4.585402e+00
4.585644e+00
4.585888e+00
4.586130e+00
4.586374e+00
4.586616e+00
4.586860e+00
4.587102e+00
4.587346e+00
4.587588e+00
4.587832e+00
4.588075e+00
4.588318e+00
4.588561e+00
4.588804e+00
4.589047e+00
4.589290e+00
4.589533e+00
4.589776e+00
4.590019e+00
4.590262e+00
4.590505e+00
4.590748e+00
4.590991e+00
4.591234e+00
4.591477e+00
4.591721e+00
4.591963e+00
4.592207e+00
4.592449e+00
4.592693e+00
4.592935e+00
4.593179e+00
4.593421e+00
4.593665e+00
4.593907e+00
4.594151e+00
4.594393e+00
4.594637e+00
4.594880e+00
4.595123e+00
4.595366e+00
4.595609e+00
4.595852e+00
4.596095e+00
4.596338e+00
4.596581e+00
4.596824e+00
4.597067e+00
4.597310e+00
4.597553e+00
4.597796e+00
4.598039e+00
4.598282e+00
4.598526e+00
4.598769e+00
4.599012e+00
4.599255e+00
4.599498e+00
4.599740e+00
4.599984e+00
4.600226e+00
4.600470e+00
4.600713e+00
4.600956e+00
4.601199e+00
4.601442e+00
4.601685e+00
4.601928e+00
4.602171e+00
4.602414e+00
4.602657e+00
4.602900e+00
4.603144e+00
4.603386e+00
4.603630e+00
4.603872e+00
4.604116e+00
4.604358e+00
4.604602e+00
4.604844e+00
4.605088e+00
4.605330e+00
4.605574e+00
4.605817e+00
4.606060e+00
4.606303e+00
4.606546e+00
4.606789e+00
4.607032e+00
4.607275e+00
4.607518e+00
4.607761e+00
4.608004e+00
4.608247e+00
4.608490e+00
4.608733e+00
4.608976e+00
4.609219e+00
4.609463e+00
4.609705e+00
4.609949e+00
4.610191e+00
4.610435e+00
4.610677e+00
4.610921e+00
4.611163e+00
4.611407e+00
4.611649e+00
4.611893e+00
4.612135e+00
4.612379e+00
4.612621e+00
4.612865e+00
4.613108e+00
4.613351e+00
4.613594e+00
4.613837e+00
4.614080e+00
4.614323e+00
4.614566e+00
4.614809e+00
4.615052e+00
4.615295e+00
4.615538e+00
4.615781e+00
4.616024e+00
4.616267e+00
4.616510e+00
4.616754e+00
4.616996e+00
4.617240e+00
4.617482e+00
4.617726e+00
4.617968e+00
4.618212e+00
4.618454e+00
4.618698e+00
4.618940e+00
4.619184e+00
4.619426e+00
4.619670e+00
4.619912e+00
4.620156e+00
4.620399e+00
4.620642e+00
4.620885e+00
4.621128e+00
4.621371e+00
4.621614e+00
4.621857e+00
4.622100e+00
4.622343e+00
4.622586e+00
4.622829e+00
4.623072e+00
4.623316e+00
4.623559e+00
4.623802e+00
4.624045e+00
4.624288e+00
4.624531e+00
4.624773e+00
4.625017e+00
4.625259e+00
4.625503e+00
4.625746e+00
4.625989e+00
4.626232e+00
4.626475e+00
4.626718e+00
4.626961e+00
4.627204e+00
4.627447e+00
4.627690e+00
4.627933e+00
4.628177e+00
4.628419e+00
4.628663e+00
4.628905e+00
4.629149e+00
4.629391e+00
4.629635e+00
4.629877e+00
4.630121e+00
4.630363e+00
4.630607e+00
4.630850e+00
4.631093e+00
4.631336e+00
4.631579e+00
4.631822e+00
4.632065e+00
4.632308e+00
4.632551e+00
4.632794e+00
4.633037e+00
4.633280e+00
4.633523e+00
4.633766e+00
4.634009e+00
4.634252e+00
4.634496e+00
4.634738e+00
4.634982e+00
4.635224e+00
4.635468e+00
4.635710e+00
4.635954e+00
4.636196e+00
4.636440e+00
4.636682e+00
4.636926e+00
4.637168e+00
4.637412e+00
4.637654e+00
4.637898e+00
4.636393e+00
4.634889e+00
4.633384e+00
4.631880e+00
4.630376e+00
4.628871e+00
4.627366e+00
4.625862e+00
4.624357e+00
4.622852e+00
4.621348e+00
4.619844e+00
4.618339e+00
4.616835e+00
4.615330e+00
4.613826e+00
4.612321e+00
4.610816e+00
4.609312e+00
4.607808e+00
4.606303e+00
4.604799e+00
4.603294e+00
4.601790e+00
4.600285e+00
4.598780e+00
4.597276e+00
4.595772e+00
4.594267e+00
4.592763e+00
4.591258e+00
4.589753e+00
4.588249e+00
4.586744e+00
4.585239e+00
4.583736e+00
4.582231e+00
4.580726e+00
4.579222e+00
4.577717e+00
4.576213e+00
4.574708e+00
4.573203e+00
4.571700e+00
4.570195e+00
4.568690e+00
4.567186e+00
4.565681e+00
4.564177e+00
4.562672e+00
4.561167e+00
4.559664e+00
4.558159e+00
4.556654e+00
4.555150e+00
4.553645e+00
4.552141e+00
4.550636e+00
4.549132e+00
4.547628e+00
4.546123e+00
4.544618e+00
4.543114e+00
4.541609e+00
4.540104e+00
4.538600e+00
4.537096e+00
4.535591e+00
4.534087e+00
4.532582e+00
4.531077e+00
4.529573e+00
4.528068e+00
4.526564e+00
4.525060e+00
4.523555e+00
4.522051e+00
4.520546e+00
4.519041e+00
4.517537e+00
4.516032e+00
4.514528e+00
4.513024e+00
4.511519e+00
4.510015e+00
4.508510e+00
4.507005e+00
4.505501e+00
4.503996e+00
4.502491e+00
4.500988e+00
4.499483e+00
4.497978e+00
4.496474e+00
4.494969e+00
4.493465e+00
4.491960e+00
4.490455e+00
4.488952e+00
4.487447e+00
4.485942e+00
4.484438e+00
4.482933e+00
4.481428e+00
4.479924e+00
4.478419e+00
4.476915e+00
4.475411e+00
4.473906e+00
4.472402e+00
4.470897e+00
4.469392e+00
4.467888e+00
4.466384e+00
4.464879e+00
4.463375e+00
4.461870e+00
4.460365e+00
4.458861e+00
4.457356e+00
4.455852e+00
4.454348e+00
4.452843e+00
4.451339e+00
4.449834e+00
4.448329e+00
4.446825e+00
4.445320e+00
4.443816e+00
4.442312e+00
4.440807e+00
4.439303e+00
4.437798e+00
4.436293e+00
4.434789e+00
4.433284e+00
4.431779e+00
4.430276e+00
4.428771e+00
4.427266e+00
4.425762e+00
4.424257e+00
4.422753e+00
4.421248e+00
4.419743e+00
4.418240e+00
4.416735e+00
4.415230e+00
4.413726e+00
4.412221e+00
4.410716e+00
4.409212e+00
4.407707e+00
4.406203e+00
4.404699e+00
4.403194e+00
4.401690e+00
4.400185e+00
4.398680e+00
4.397176e+00
4.395671e+00
4.394167e+00
4.392663e+00
4.391158e+00
4.389654e+00
4.388149e+00
4.386644e+00
4.385140e+00
4.383636e+00
4.382131e+00
4.380627e+00
4.379122e+00
4.377617e+00
4.376113e+00
4.374608e+00
4.373104e+00
4.371600e+00
4.370095e+00
4.368590e+00
4.367086e+00
4.365581e+00
4.364077e+00
4.362572e+00
4.361067e+00
4.359564e+00
4.358059e+00
4.356554e+00
4.355050e+00
4.353545e+00
4.352041e+00
4.350536e+00
4.349031e+00
4.347528e+00
4.346023e+00
4.344518e+00
4.343014e+00
4.341509e+00
4.340005e+00
4.338500e+00
4.336995e+00
4.335492e+00
4.333987e+00
4.332482e+00
4.330978e+00
4.329473e+00
4.327968e+00
4.326464e+00
4.324959e+00
4.323455e+00
4.321951e+00
4.320446e+00
4.318942e+00
4.317437e+00
4.315932e+00
4.314428e+00
4.312923e+00
4.311419e+00
4.309915e+00
4.308410e+00
4.306905e+00
4.305401e+00
4.303896e+00
4.302392e+00
4.300888e+00
4.299383e+00
4.297879e+00
4.296374e+00
4.294869e+00
4.293365e+00
4.291860e+00
4.290355e+00
4.288852e+00
4.287347e+00
4.285842e+00
4.284338e+00
4.282833e+00
4.281329e+00
4.279824e+00
4.278319e+00
4.276816e+00
4.275311e+00
4.273806e+00
4.272302e+00
4.270797e+00
4.269293e+00
4.267788e+00
4.266283e+00
4.264780e+00
4.263275e+00
4.261770e+00
4.260266e+00
4.258761e+00
4.257256e+00
4.255752e+00
4.254247e+00
4.252743e+00
4.251239e+00
4.249734e+00
4.248229e+00
4.246725e+00
4.245220e+00
4.243716e+00
4.242211e+00
4.240707e+00
4.239203e+00
4.237698e+00
4.236193e+00
4.234689e+00
4.233184e+00
4.231680e+00
4.230175e+00
4.228671e+00
4.227167e+00
4.225662e+00
4.224157e+00
4.222653e+00
4.221148e+00
4.219644e+00
4.218139e+00
4.216635e+00
4.215131e+00
4.213626e+00
4.212121e+00
4.210617e+00
4.209112e+00
4.207607e+00
4.206104e+00
4.204599e+00
4.203094e+00
4.201590e+00
4.200085e+00
4.198580e+00
4.197076e+00
4.195571e+00
4.194067e+00
4.192563e+00
4.191058e+00
4.189554e+00
4.188049e+00
4.186544e+00
4.185040e+00
4.183535e+00
4.182031e+00
4.180527e+00
4.179022e+00
4.177518e+00
4.176013e+00
4.174508e+00
4.173004e+00
4.171499e+00
4.169995e+00
4.168491e+00
4.166986e+00
4.165481e+00
4.163977e+00
4.162472e+00
4.160968e+00
4.159463e+00
4.157959e+00
4.156455e+00
4.154950e+00
4.153445e+00
4.151941e+00
4.150436e+00
4.148931e+00
4.147427e+00
4.145923e+00
4.144418e+00
4.142914e+00
4.141409e+00
4.139905e+00
4.138400e+00
4.136895e+00
4.135391e+00
4.133887e+00
4.132382e+00
4.130878e+00
4.129373e+00
4.127869e+00
4.126364e+00
4.124859e+00
4.123356e+00
4.121851e+00
4.120346e+00
4.118842e+00
4.117337e+00
4.115832e+00
4.114328e+00
4.112823e+00
4.111319e+00
4.109815e+00
4.108310e+00
4.106806e+00
4.105301e+00
4.103796e+00
4.102292e+00
4.100787e+00
4.099283e+00
4.097779e+00
4.096274e+00
4.094770e+00
4.093265e+00
4.091760e+00
4.090256e+00
4.088751e+00
4.087247e+00
4.085743e+00
4.084238e+00
4.082733e+00
4.081229e+00
4.079724e+00
4.078219e+00
4.076715e+00
4.075211e+00
4.073706e+00
4.072202e+00
4.070697e+00
4.069193e+00
4.067688e+00
4.066183e+00
4.064679e+00
4.063175e+00
4.061670e+00
4.060166e+00
4.058661e+00
4.057157e+00
4.055652e+00
4.054147e+00
4.052643e+00
4.051139e+00
4.049634e+00
4.048130e+00
4.046625e+00
4.045120e+00
4.043616e+00
4.042111e+00
4.040607e+00
4.039103e+00
4.037598e+00
4.036094e+00
4.034589e+00
4.033084e+00
4.031580e+00
4.030075e+00
4.028571e+00
4.027067e+00
4.025562e+00
4.024057e+00
4.022553e+00
4.021048e+00
4.019544e+00
4.018039e+00
4.016535e+00
4.015031e+00
4.013526e+00
4.012021e+00
4.010517e+00
4.009012e+00
4.007508e+00
4.006003e+00
4.004499e+00
4.002995e+00
4.001490e+00
3.999985e+00
3.998481e+00
3.996976e+00
3.995471e+00
3.993967e+00
3.992463e+00
3.990958e+00
3.989454e+00
3.987949e+00
3.986445e+00
3.984940e+00
3.983435e+00
3.981931e+00
3.980427e+00
3.978922e+00
3.977418e+00
3.975913e+00
3.974408e+00
3.972904e+00
3.971399e+00
3.969895e+00
3.968391e+00
3.966886e+00
3.965382e+00
3.963877e+00
3.962372e+00
3.960868e+00
3.959363e+00
3.957859e+00
3.956355e+00
3.954850e+00
3.953345e+00
3.951841e+00
3.950336e+00
3.948832e+00
3.947327e+00
3.945823e+00
3.944319e+00
3.942814e+00
3.941309e+00
3.939805e+00
3.938300e+00
3.936796e+00
3.935291e+00
3.933787e+00
3.932283e+00
3.930778e+00
3.929273e+00
3.927769e+00
3.926264e+00
3.924759e+00
3.923255e+00
3.921751e+00
3.920246e+00
3.918742e+00
3.917237e+00
3.915733e+00
3.914228e+00
3.912723e+00
3.911219e+00
3.909715e+00
3.908210e+00
3.906706e+00
3.905201e+00
3.903696e+00
3.902192e+00
3.900687e+00
3.899183e+00
3.897679e+00
3.896174e+00
3.894670e+00
3.893165e+00
3.891660e+00
3.890156e+00
3.888651e+00
3.887147e+00
3.885643e+00
3.884138e+00
3.882634e+00
3.881129e+00
3.879896e+00
3.878664e+00
3.877432e+00
3.876199e+00
3.874966e+00
3.873734e+00
3.872501e+00
3.871269e+00
3.870037e+00
3.868804e+00
3.867571e+00
3.866339e+00
3.865107e+00
3.863874e+00
3.862641e+00
3.861409e+00
3.860177e+00
3.858944e+00
3.857712e+00
3.856479e+00
3.855246e+00
3.854014e+00
3.852782e+00
3.851549e+00
3.850316e+00
3.849084e+00
3.847852e+00
3.846619e+00
3.845386e+00
3.844154e+00
3.842921e+00
3.841689e+00
3.840457e+00
3.839224e+00
3.837991e+00
3.836759e+00
3.835527e+00
3.834294e+00
3.833061e+00
3.831829e+00
3.830597e+00
3.829364e+00
3.828132e+00
3.826899e+00
3.825666e+00
3.824434e+00
3.823202e+00
3.821969e+00
3.820736e+00
3.819504e+00
3.818272e+00
3.817039e+00
3.815806e+00
3.814574e+00
3.813341e+00
3.812109e+00
3.810877e+00
3.809644e+00
3.808411e+00
3.807179e+00
3.805947e+00
3.804714e+00
3.803481e+00
3.802249e+00
3.801017e+00
3.799784e+00
3.798552e+00
3.797319e+00
3.796086e+00
3.794854e+00
3.793622e+00
3.792389e+00
3.791156e+00
3.789924e+00
3.788692e+00
3.787459e+00
3.786227e+00
3.784994e+00
3.783761e+00
3.782529e+00
3.781297e+00
3.780064e+00
3.778831e+00
3.777600e+00
3.776367e+00
3.775134e+00
3.773902e+00
3.772669e+00
3.771437e+00
3.770204e+00
3.768972e+00
3.767739e+00
3.766506e+00
3.765275e+00
3.764042e+00
3.762809e+00
3.761576e+00
3.760344e+00
3.759112e+00
3.757879e+00
3.756647e+00
3.755414e+00
3.754182e+00
3.752950e+00
3.751717e+00
3.750484e+00
3.749251e+00
3.748020e+00
3.746787e+00
3.745554e+00
3.744322e+00
3.743089e+00
3.741857e+00
3.740624e+00
3.739392e+00
3.738159e+00
3.736926e+00
3.735695e+00
3.734462e+00
3.733229e+00
3.731996e+00
3.730764e+00
3.729532e+00
3.728299e+00
3.727067e+00
3.725834e+00
3.724602e+00
3.723369e+00
3.722137e+00
3.720904e+00
3.719671e+00
3.718440e+00
3.717207e+00
3.715974e+00
3.714742e+00
3.713509e+00
3.712277e+00
3.711044e+00
3.709812e+00
3.708579e+00
3.707346e+00
3.706115e+00
3.704882e+00
3.703649e+00
3.702417e+00
3.701184e+00
3.699952e+00
3.698719e+00
3.697487e+00
3.696254e+00
3.695022e+00
3.693790e+00
3.692557e+00
3.691324e+00
3.690092e+00
3.688860e+00
3.687627e+00
3.686394e+00
3.685162e+00
3.683929e+00
3.682697e+00
3.681465e+00
3.680232e+00
3.678999e+00
3.677767e+00
3.676535e+00
3.675302e+00
3.674069e+00
3.672837e+00
3.671604e+00
3.670372e+00
3.669140e+00
3.667907e+00
3.666674e+00
3.665442e+00
3.664210e+00
3.662977e+00
3.661744e+00
3.660512e+00
3.659280e+00
3.658047e+00
3.656814e+00
3.655582e+00
3.654349e+00
3.653117e+00
3.651885e+00
3.650652e+00
3.649419e+00
3.648187e+00
3.646955e+00
3.645722e+00
3.644489e+00
3.643257e+00
3.642024e+00
3.640792e+00
3.639560e+00
3.638327e+00
3.637094e+00
3.635862e+00
3.634630e+00
3.633397e+00
3.632164e+00
3.630932e+00
3.629700e+00
3.628467e+00
3.627234e+00
3.626002e+00
3.624769e+00
3.623537e+00
3.622305e+00
3.621072e+00
3.619839e+00
3.618607e+00
3.617375e+00
3.616142e+00
3.614909e+00
3.613677e+00
3.612445e+00
3.611212e+00
3.609980e+00
3.608747e+00
3.607514e+00
3.606282e+00
3.605050e+00
3.603817e+00
3.602584e+00
3.601352e+00
3.600120e+00
3.598887e+00
3.597655e+00
3.596422e+00
3.595189e+00
3.593957e+00
3.592725e+00
3.591492e+00
3.590259e+00
3.589027e+00
3.587795e+00
3.586562e+00
3.585330e+00
3.584097e+00
3.582865e+00
3.581632e+00
3.580400e+00
3.579167e+00
3.577934e+00
3.576703e+00
3.575470e+00
3.574237e+00
3.573004e+00
3.571772e+00
3.570540e+00
3.569307e+00
3.568075e+00
3.566842e+00
3.565609e+00
3.564377e+00
3.563145e+00
3.561912e+00
3.560679e+00
3.559447e+00
3.558215e+00
3.556982e+00
3.555750e+00
3.554517e+00
3.553285e+00
3.552052e+00
3.550820e+00
3.549587e+00
3.548354e+00
3.547123e+00
3.545890e+00
3.544657e+00
3.543424e+00
3.542192e+00
3.540960e+00
3.539727e+00
3.538495e+00
3.537262e+00
3.536029e+00
3.534797e+00
3.533565e+00
3.532332e+00
3.531099e+00
3.529867e+00
3.528635e+00
3.527402e+00
3.526170e+00
3.524937e+00
3.523705e+00
3.522472e+00
3.521240e+00
3.520007e+00
3.518774e+00
3.517543e+00
3.516310e+00
3.515077e+00
3.513845e+00
3.512612e+00
3.511380e+00
3.510147e+00
3.508915e+00
3.507682e+00
3.506449e+00
3.505218e+00
3.503985e+00
3.502752e+00
3.501520e+00
3.500288e+00
3.499055e+00
3.497822e+00
3.496590e+00
3.495357e+00
3.494125e+00
3.492893e+00
3.491660e+00
3.490427e+00
3.489194e+00
3.487963e+00
3.486730e+00
3.485497e+00
3.484265e+00
3.483032e+00
3.481800e+00
3.480568e+00
3.479335e+00
3.478102e+00
3.476869e+00
3.475638e+00
3.474405e+00
3.473172e+00
3.471940e+00
3.470708e+00
3.469475e+00
3.468242e+00
3.467010e+00
3.465777e+00
3.464545e+00
3.463313e+00
3.462080e+00
3.460847e+00
3.459615e+00
3.458383e+00
3.457150e+00
3.455917e+00
3.454685e+00
3.453452e+00
3.452220e+00
3.450987e+00
3.449755e+00
3.448522e+00
3.447290e+00
3.446058e+00
3.444825e+00
3.443592e+00
3.442360e+00
3.441128e+00
3.439895e+00
3.438662e+00
3.437430e+00
3.436197e+00
3.434965e+00
3.433733e+00
3.432500e+00
3.431267e+00
3.430035e+00
3.428803e+00
3.427570e+00
3.426337e+00
3.425105e+00
3.423872e+00
3.422640e+00
3.421408e+00
3.420175e+00
3.418942e+00
3.417710e+00
3.416478e+00
3.415245e+00
3.414012e+00
3.412780e+00
3.411548e+00
3.410315e+00
3.409083e+00
3.407850e+00
3.406617e+00
3.405385e+00
3.404153e+00
3.402920e+00
3.401687e+00
3.400455e+00
3.399223e+00
3.397990e+00
3.396758e+00
3.395525e+00
3.394292e+00
3.393060e+00
3.391828e+00
3.390595e+00
3.389362e+00
3.388130e+00
3.386898e+00
3.385665e+00
3.384432e+00
3.383200e+00
3.381968e+00
3.380735e+00
3.379503e+00
3.378270e+00
3.377037e+00
3.375805e+00
3.374573e+00
3.373340e+00
3.372107e+00
3.370875e+00
3.369643e+00
3.368410e+00
3.367178e+00
3.365945e+00
3.364712e+00
3.363480e+00
3.362248e+00
3.361015e+00
3.359782e+00
3.358551e+00
3.357318e+00
3.356085e+00
3.354853e+00
3.353620e+00
3.352388e+00
3.351155e+00
3.349923e+00
3.348690e+00
3.347457e+00
3.346225e+00
3.344993e+00
3.343760e+00
3.342528e+00
3.341295e+00
3.340063e+00
3.338830e+00
3.337598e+00
3.336365e+00
3.335132e+00
3.333900e+00
3.332668e+00
3.331435e+00
3.330203e+00
3.328971e+00
3.327738e+00
3.326505e+00
3.325273e+00
3.324040e+00
3.322808e+00
3.321575e+00
3.320343e+00
3.319110e+00
3.317877e+00
3.316646e+00
3.315413e+00
3.314180e+00
3.312948e+00
3.311715e+00
3.310483e+00
3.309250e+00
3.308018e+00
3.306785e+00
3.305552e+00
3.304321e+00
3.303088e+00
3.301855e+00
3.300622e+00
3.299391e+00
3.298158e+00
3.296925e+00
3.295693e+00
3.294460e+00
3.293228e+00
3.291996e+00
3.290763e+00
3.289530e+00
3.288297e+00
