5.364333e-04
5.807918e-04
6.251505e-04
6.695090e-04
7.138675e-04
7.582262e-04
8.025847e-04
8.469432e-04
8.913018e-04
9.356603e-04
9.800188e-04
1.024378e-03
1.068736e-03
1.113095e-03
1.157453e-03
1.201812e-03
1.246170e-03
1.290529e-03
1.334887e-03
1.379246e-03
1.423604e-03
1.467963e-03
1.512322e-03
1.556680e-03
1.601039e-03
1.645397e-03
1.689756e-03
1.734114e-03
1.778473e-03
1.822831e-03
1.867190e-03
1.982506e-03
2.097821e-03
2.213136e-03
2.328452e-03
2.443768e-03
2.559083e-03
2.674398e-03
2.789714e-03
2.905030e-03
3.020345e-03
3.135660e-03
3.250976e-03
3.366291e-03
3.481607e-03
3.596922e-03
3.712238e-03
3.827554e-03
3.942869e-03
4.058185e-03
4.173500e-03
4.235720e-03
4.297940e-03
4.360160e-03
4.422380e-03
4.484600e-03
4.546820e-03
4.609040e-03
4.671260e-03
4.733480e-03
4.795700e-03
4.857920e-03
4.920140e-03
4.982360e-03
5.044580e-03
5.106800e-03
5.169020e-03
5.231240e-03
5.293460e-03
5.264641e-03
5.417900e-03
5.571159e-03
5.724418e-03
5.877677e-03
6.030936e-03
6.184194e-03
6.337453e-03
6.490712e-03
6.643971e-03
6.797230e-03
6.950489e-03
7.103748e-03
7.257007e-03
7.410266e-03
7.563524e-03
7.716783e-03
7.870042e-03
8.023301e-03
8.176560e-03
8.329819e-03
8.483078e-03
8.636337e-03
8.789596e-03
8.942854e-03
9.096113e-03
9.249372e-03
9.402631e-03
9.555890e-03
9.709149e-03
9.862408e-03
1.001567e-02
1.013047e-02
1.024527e-02
1.036008e-02
1.047488e-02
1.058968e-02
1.070449e-02
1.081929e-02
1.093409e-02
1.104890e-02
1.116370e-02
1.127850e-02
1.139331e-02
1.150811e-02
1.162291e-02
1.173772e-02
1.185252e-02
1.196732e-02
1.208213e-02
1.219693e-02
1.231173e-02
1.242654e-02
1.254134e-02
1.265614e-02
1.277095e-02
1.288575e-02
1.300055e-02
1.311536e-02
1.323016e-02
1.334496e-02
1.345977e-02
1.357457e-02
1.368937e-02
1.380418e-02
1.391898e-02
1.403378e-02
1.414859e-02
1.426339e-02
1.437819e-02
1.449300e-02
1.460780e-02
1.472260e-02
1.483741e-02
1.495221e-02
1.506701e-02
1.518182e-02
1.529662e-02
1.541142e-02
1.552623e-02
1.564103e-02
1.575583e-02
1.590150e-02
1.604716e-02
1.619282e-02
1.633849e-02
1.648415e-02
1.662981e-02
1.677548e-02
1.692114e-02
1.706680e-02
1.721247e-02
1.735813e-02
1.750379e-02
1.764946e-02
1.779512e-02
1.794078e-02
1.808645e-02
1.823211e-02
1.837777e-02
1.852344e-02
1.866910e-02
1.881476e-02
1.896043e-02
1.910609e-02
1.925175e-02
1.939742e-02
1.954308e-02
1.968874e-02
1.983441e-02
1.998007e-02
2.012573e-02
2.027140e-02
2.041706e-02
2.056272e-02
2.070839e-02
2.085405e-02
2.099971e-02
2.114538e-02
2.129104e-02
2.143670e-02
2.158237e-02
2.172803e-02
2.187369e-02
2.201936e-02
2.216502e-02
2.231068e-02
2.245635e-02
2.260201e-02
2.274767e-02
2.289334e-02
2.303900e-02
2.303528e-02
2.303155e-02
2.302783e-02
2.302411e-02
2.302038e-02
2.301666e-02
2.301294e-02
2.300921e-02
2.300549e-02
2.300177e-02
2.299804e-02
2.299432e-02
2.299060e-02
2.298687e-02
2.298315e-02
2.297943e-02
2.297570e-02
2.297198e-02
2.296826e-02
2.296453e-02
2.296081e-02
2.295709e-02
2.295336e-02
2.294964e-02
2.294592e-02
2.294219e-02
2.293847e-02
2.293475e-02
2.293102e-02
2.292730e-02
2.292358e-02
2.291985e-02
2.291613e-02
2.291241e-02
2.290868e-02
2.290496e-02
2.290124e-02
2.289751e-02
2.289379e-02
2.289007e-02
2.288634e-02
2.288262e-02
2.287890e-02
2.287517e-02
2.287145e-02
2.286773e-02
2.286400e-02
2.286028e-02
2.285656e-02
2.285283e-02
2.284911e-02
2.284539e-02
2.284166e-02
2.283794e-02
2.283422e-02
2.283049e-02
2.282677e-02
2.282305e-02
2.281932e-02
2.281560e-02
2.281188e-02
2.280815e-02
2.280443e-02
2.280071e-02
2.279698e-02
2.279326e-02
2.278954e-02
2.278581e-02
2.278209e-02
2.277837e-02
2.277464e-02
2.277092e-02
2.276720e-02
2.276347e-02
2.275975e-02
2.275603e-02
2.275230e-02
2.274858e-02
2.274486e-02
2.274113e-02
2.273741e-02
2.273369e-02
2.272996e-02
2.272624e-02
2.272252e-02
2.271879e-02
2.271507e-02
2.271135e-02
2.270762e-02
2.270390e-02
2.270018e-02
2.269645e-02
2.269273e-02
2.268901e-02
2.268528e-02
2.268156e-02
2.267784e-02
2.267411e-02
2.267039e-02
2.266667e-02
2.276511e-02
2.286355e-02
2.296199e-02
2.306043e-02
2.315887e-02
2.325732e-02
2.335576e-02
2.345420e-02
2.355264e-02
2.365108e-02
2.374953e-02
2.384797e-02
2.394641e-02
2.404485e-02
2.414329e-02
2.424173e-02
2.434018e-02
2.443862e-02
2.453706e-02
2.463550e-02
2.473394e-02
2.483238e-02
2.493083e-02
2.502927e-02
2.512771e-02
2.522615e-02
2.532459e-02
2.542303e-02
2.552147e-02
2.561992e-02
2.571836e-02
2.581680e-02
2.591524e-02
2.601368e-02
2.611212e-02
2.621057e-02
2.630901e-02
2.640745e-02
2.650589e-02
2.660433e-02
2.670278e-02
2.680122e-02
2.689966e-02
2.699810e-02
2.709654e-02
2.719498e-02
2.729342e-02
2.739187e-02
2.749031e-02
2.758875e-02
2.768719e-02
2.778563e-02
2.788407e-02
2.798252e-02
2.808096e-02
2.817940e-02
2.827784e-02
2.837628e-02
2.847472e-02
2.857317e-02
2.867161e-02
2.877005e-02
2.886849e-02
2.896693e-02
2.906538e-02
2.916382e-02
2.926226e-02
2.936070e-02
2.945914e-02
2.955758e-02
2.965602e-02
2.975447e-02
2.985291e-02
2.995135e-02
3.004979e-02
3.014823e-02
3.024667e-02
3.034512e-02
3.044356e-02
3.054200e-02
3.064044e-02
3.073888e-02
3.083733e-02
3.093577e-02
3.103421e-02
3.113265e-02
3.123109e-02
3.132953e-02
3.142797e-02
3.152642e-02
3.162486e-02
3.172330e-02
3.182174e-02
3.192018e-02
3.201863e-02
3.211707e-02
3.221551e-02
3.231395e-02
3.241239e-02
3.251083e-02
3.263448e-02
3.275813e-02
3.288177e-02
3.300542e-02
3.312907e-02
3.325271e-02
3.337636e-02
3.350001e-02
3.362365e-02
3.374730e-02
3.387095e-02
3.399459e-02
3.411824e-02
3.424189e-02
3.436553e-02
3.448918e-02
3.461283e-02
3.473647e-02
3.486012e-02
3.498377e-02
3.510741e-02
3.523106e-02
3.535471e-02
3.547835e-02
3.560200e-02
3.572565e-02
3.584929e-02
3.597294e-02
3.609659e-02
3.622023e-02
3.634388e-02
3.646753e-02
3.659117e-02
3.671482e-02
3.683847e-02
3.696211e-02
3.708576e-02
3.720941e-02
3.733305e-02
3.745670e-02
3.758035e-02
3.770399e-02
3.782764e-02
3.795129e-02
3.807493e-02
3.819858e-02
3.832223e-02
3.844587e-02
3.856952e-02
3.869317e-02
3.881681e-02
3.894046e-02
3.906411e-02
3.918775e-02
3.931140e-02
3.943505e-02
3.955869e-02
3.968234e-02
3.980599e-02
3.992963e-02
4.005328e-02
4.017693e-02
4.030057e-02
4.042422e-02
4.054787e-02
4.067151e-02
4.079516e-02
4.091881e-02
4.104245e-02
4.116610e-02
4.128975e-02
4.141339e-02
4.153704e-02
4.166069e-02
4.178433e-02
4.190798e-02
4.203163e-02
4.215527e-02
4.227892e-02
4.240257e-02
4.252621e-02
4.264986e-02
4.277351e-02
4.289715e-02
4.302080e-02
4.314445e-02
4.326809e-02
4.339174e-02
4.351539e-02
4.363903e-02
4.376268e-02
4.388633e-02
4.400997e-02
4.413362e-02
4.425727e-02
4.438091e-02
4.450456e-02
4.462821e-02
4.475185e-02
4.487550e-02
4.499915e-02
4.512279e-02
4.524644e-02
4.537009e-02
4.549373e-02
4.561738e-02
4.574103e-02
4.586467e-02
4.598832e-02
4.611197e-02
4.623561e-02
4.635926e-02
4.648291e-02
4.660655e-02
4.673020e-02
4.685385e-02
4.697749e-02
4.710114e-02
4.722479e-02
4.734843e-02
4.747208e-02
4.759573e-02
4.771937e-02
4.784302e-02
4.796667e-02
4.809031e-02
4.821396e-02
4.833761e-02
4.846125e-02
4.858490e-02
4.870855e-02
4.883219e-02
4.895584e-02
4.907949e-02
4.920313e-02
4.932678e-02
4.945043e-02
4.957407e-02
4.969772e-02
4.982137e-02
4.994501e-02
5.006866e-02
5.019231e-02
5.031595e-02
5.043960e-02
5.056325e-02
5.068689e-02
5.081054e-02
5.093419e-02
5.105783e-02
5.118148e-02
5.130513e-02
5.142877e-02
5.155242e-02
5.167607e-02
5.179971e-02
5.192336e-02
5.204701e-02
5.217065e-02
5.229430e-02
5.241795e-02
5.254159e-02
5.266524e-02
5.278889e-02
5.291253e-02
5.303618e-02
5.315983e-02
5.328347e-02
5.340712e-02
5.353077e-02
5.365441e-02
5.377806e-02
5.390171e-02
5.402535e-02
5.414900e-02
5.427265e-02
5.439629e-02
5.451994e-02
5.464359e-02
5.476723e-02
5.489088e-02
5.501453e-02
5.513817e-02
5.526182e-02
5.538547e-02
5.550911e-02
5.563276e-02
5.575641e-02
5.588005e-02
5.600370e-02
5.612735e-02
5.625099e-02
5.637464e-02
5.649829e-02
5.662193e-02
5.674558e-02
5.686923e-02
5.699287e-02
5.711652e-02
5.724017e-02
5.744319e-02
5.764622e-02
5.784924e-02
5.805227e-02
5.825529e-02
5.845832e-02
5.866134e-02
5.886437e-02
5.906739e-02
5.927042e-02
5.947344e-02
5.967647e-02
5.987949e-02
6.008252e-02
6.028554e-02
6.048857e-02
6.069159e-02
6.089462e-02
6.109764e-02
6.130067e-02
6.150369e-02
6.170672e-02
6.190974e-02
6.211277e-02
6.231579e-02
6.251882e-02
6.272184e-02
6.292487e-02
6.312789e-02
6.333092e-02
6.353394e-02
6.373697e-02
6.393999e-02
6.414302e-02
6.434604e-02
6.454907e-02
6.475209e-02
6.495512e-02
6.515814e-02
6.536117e-02
6.556419e-02
6.576722e-02
6.597024e-02
6.617327e-02
6.637629e-02
6.657932e-02
6.678234e-02
6.698537e-02
6.718839e-02
6.739142e-02
6.759444e-02
6.779747e-02
6.800049e-02
6.820352e-02
6.840654e-02
6.860957e-02
6.881259e-02
6.901562e-02
6.921864e-02
6.942167e-02
6.962469e-02
6.982772e-02
7.003074e-02
7.023377e-02
7.043679e-02
7.063982e-02
7.084284e-02
7.104587e-02
7.124889e-02
7.145192e-02
7.165494e-02
7.185797e-02
7.206099e-02
7.226402e-02
7.246704e-02
7.267007e-02
7.287309e-02
7.307612e-02
7.327914e-02
7.348217e-02
7.368519e-02
7.388822e-02
7.409124e-02
7.429427e-02
7.449729e-02
7.470032e-02
7.490334e-02
7.510637e-02
7.530939e-02
7.551242e-02
7.571544e-02
7.591847e-02
7.612149e-02
7.632452e-02
7.652754e-02
7.673057e-02
7.693359e-02
7.713662e-02
7.733964e-02
7.754267e-02
7.853412e-02
7.952557e-02
8.051702e-02
8.150847e-02
8.249992e-02
8.349137e-02
8.448282e-02
8.547427e-02
8.646572e-02
8.745717e-02
8.844862e-02
8.944007e-02
9.043152e-02
9.142297e-02
9.241442e-02
9.340587e-02
9.439732e-02
9.538877e-02
9.638022e-02
9.737167e-02
9.836312e-02
9.935457e-02
1.003460e-01
1.013375e-01
1.023289e-01
1.033204e-01
1.043118e-01
1.053033e-01
1.062947e-01
1.072862e-01
1.082776e-01
1.092691e-01
1.102605e-01
1.112520e-01
1.122434e-01
1.132349e-01
1.142263e-01
1.152178e-01
1.162092e-01
1.172007e-01
1.181921e-01
1.191836e-01
1.201750e-01
1.211665e-01
1.221579e-01
1.231494e-01
1.241408e-01
1.251323e-01
1.261237e-01
1.271152e-01
1.281066e-01
1.290981e-01
1.300895e-01
1.310810e-01
1.320724e-01
1.330639e-01
1.340553e-01
1.350468e-01
1.360382e-01
1.370297e-01
1.380211e-01
1.390126e-01
1.400040e-01
1.409955e-01
1.419869e-01
1.429784e-01
1.439698e-01
1.449613e-01
1.459527e-01
1.469442e-01
1.479356e-01
1.489271e-01
1.499185e-01
1.509100e-01
1.519014e-01
1.528929e-01
1.538843e-01
1.548758e-01
1.558672e-01
1.568587e-01
1.578501e-01
1.588416e-01
1.598330e-01
1.608245e-01
1.618159e-01
1.628074e-01
1.637988e-01
1.647903e-01
1.657817e-01
1.667732e-01
1.677646e-01
1.687561e-01
1.697475e-01
1.707390e-01
1.717304e-01
1.727219e-01
1.737133e-01
1.747048e-01
1.756962e-01
1.766877e-01
1.776791e-01
1.786706e-01
1.796620e-01
1.806535e-01
1.816449e-01
1.826364e-01
1.836278e-01
1.846193e-01
1.856107e-01
1.866022e-01
1.875936e-01
1.885851e-01
1.895765e-01
1.905680e-01
1.915594e-01
1.925509e-01
1.935423e-01
1.945338e-01
1.955252e-01
1.965167e-01
1.975081e-01
1.984996e-01
1.994910e-01
2.004825e-01
2.014739e-01
2.024654e-01
2.034568e-01
2.044483e-01
2.054397e-01
2.064312e-01
2.074226e-01
2.084141e-01
2.094055e-01
2.103970e-01
2.113884e-01
2.123799e-01
2.133713e-01
2.143628e-01
2.153542e-01
2.163457e-01
2.173371e-01
2.183286e-01
2.193200e-01
2.203115e-01
2.213029e-01
2.222944e-01
2.232858e-01
2.242773e-01
2.252687e-01
2.262602e-01
2.272516e-01
2.282431e-01
2.292346e-01
2.302260e-01
2.312175e-01
2.322089e-01
2.332004e-01
2.341918e-01
2.351833e-01
2.361747e-01
2.371662e-01
2.381576e-01
2.391491e-01
2.401405e-01
2.411320e-01
2.421234e-01
2.431149e-01
2.441063e-01
2.450978e-01
2.460892e-01
2.470807e-01
2.480721e-01
2.490636e-01
2.500550e-01
2.510465e-01
2.520379e-01
2.530294e-01
2.540208e-01
2.550123e-01
2.560037e-01
2.569952e-01
2.579866e-01
2.589781e-01
2.599695e-01
2.609610e-01
2.619524e-01
2.629439e-01
2.639353e-01
2.649268e-01
2.659182e-01
2.669097e-01
2.679011e-01
2.688926e-01
2.698840e-01
2.708755e-01
2.718669e-01
2.728584e-01
2.738498e-01
2.748413e-01
2.758327e-01
2.768242e-01
2.778156e-01
2.788071e-01
2.797985e-01
2.807900e-01
2.817814e-01
2.827729e-01
2.837643e-01
2.847558e-01
2.857472e-01
2.867387e-01
2.877301e-01
2.887216e-01
2.897130e-01
2.907045e-01
2.916959e-01
2.926874e-01
2.936788e-01
2.946703e-01
2.956617e-01
2.966532e-01
2.976446e-01
2.986361e-01
2.996275e-01
3.006190e-01
3.016104e-01
3.026019e-01
3.035933e-01
3.045848e-01
3.055762e-01
3.065677e-01
3.075591e-01
3.085506e-01
3.095420e-01
3.105335e-01
3.115249e-01
3.125164e-01
3.135078e-01
3.144993e-01
3.154907e-01
3.164822e-01
3.174736e-01
3.184651e-01
3.194565e-01
3.204480e-01
3.214394e-01
3.224309e-01
3.234223e-01
3.244138e-01
3.254052e-01
3.263967e-01
3.273881e-01
3.283796e-01
3.293710e-01
3.303625e-01
3.313539e-01
3.323454e-01
3.333368e-01
3.343283e-01
3.353197e-01
3.363112e-01
3.373026e-01
3.382941e-01
3.392855e-01
3.402770e-01
3.412684e-01
3.422599e-01
3.432513e-01
3.442428e-01
3.452342e-01
3.462257e-01
3.472171e-01
3.482086e-01
3.492000e-01
3.501915e-01
3.511829e-01
3.521744e-01
3.531658e-01
3.541573e-01
3.551487e-01
3.561402e-01
3.571316e-01
3.581231e-01
3.591145e-01
3.601060e-01
3.610974e-01
3.620889e-01
3.630803e-01
3.640718e-01
3.650632e-01
3.660547e-01
3.670461e-01
3.680376e-01
3.690290e-01
3.700205e-01
3.710119e-01
3.720034e-01
3.729948e-01
3.739863e-01
3.749777e-01
3.759692e-01
3.769606e-01
3.779521e-01
3.789435e-01
3.799350e-01
3.809264e-01
3.819179e-01
3.829093e-01
3.839008e-01
3.848922e-01
3.858837e-01
3.868751e-01
3.878666e-01
3.888580e-01
3.898495e-01
3.908409e-01
3.918324e-01
3.928238e-01
3.938153e-01
3.948067e-01
3.957982e-01
3.967896e-01
3.977811e-01
3.987725e-01
3.997640e-01
4.007554e-01
4.017469e-01
4.027383e-01
4.037298e-01
4.047212e-01
4.057127e-01
4.067041e-01
4.076956e-01
4.086870e-01
4.096785e-01
4.106699e-01
4.116614e-01
4.126528e-01
4.136443e-01
4.146357e-01
4.156272e-01
4.166186e-01
4.176101e-01
4.186015e-01
4.195930e-01
4.205844e-01
4.215759e-01
4.225673e-01
4.235588e-01
4.245502e-01
4.255417e-01
4.265331e-01
4.275246e-01
4.285160e-01
4.295075e-01
4.304989e-01
4.314904e-01
4.324818e-01
4.334733e-01
4.344647e-01
4.354562e-01
4.364476e-01
4.374391e-01
4.384305e-01
4.394220e-01
4.404134e-01
4.414049e-01
4.423963e-01
4.433878e-01
4.443792e-01
4.453707e-01
4.463621e-01
4.473536e-01
4.483450e-01
4.493365e-01
4.503279e-01
4.513194e-01
4.523108e-01
4.533023e-01
4.542937e-01
4.552852e-01
4.562766e-01
4.572681e-01
4.582595e-01
4.592510e-01
4.602424e-01
4.612339e-01
4.622253e-01
4.632168e-01
4.642082e-01
4.651997e-01
4.661911e-01
4.671826e-01
4.681740e-01
4.691655e-01
4.701569e-01
4.711484e-01
4.721398e-01
4.731313e-01
4.741227e-01
4.751142e-01
4.761056e-01
4.770971e-01
4.780885e-01
4.790800e-01
4.800714e-01
4.810629e-01
4.827751e-01
4.844872e-01
4.861994e-01
4.879116e-01
4.896238e-01
4.913359e-01
4.930481e-01
4.947603e-01
4.964725e-01
4.981846e-01
4.998968e-01
5.016090e-01
5.033212e-01
5.050333e-01
5.067455e-01
5.084577e-01
5.101699e-01
5.118820e-01
5.135942e-01
5.153064e-01
5.170186e-01
5.187308e-01
5.204429e-01
5.221551e-01
5.238673e-01
5.255795e-01
5.272916e-01
5.290038e-01
5.307160e-01
5.324282e-01
5.341403e-01
5.358525e-01
5.375647e-01
5.392769e-01
5.409890e-01
5.427012e-01
5.444134e-01
5.461256e-01
5.478377e-01
5.495499e-01
5.512621e-01
5.529743e-01
5.546864e-01
5.563986e-01
5.581108e-01
5.598230e-01
5.615351e-01
5.632473e-01
5.649595e-01
5.666717e-01
5.683838e-01
5.700960e-01
5.718082e-01
5.735204e-01
5.752325e-01
5.769447e-01
5.786569e-01
5.803691e-01
5.820812e-01
5.837934e-01
5.855056e-01
5.872178e-01
5.889299e-01
5.906421e-01
5.923543e-01
5.940665e-01
5.957787e-01
5.974908e-01
5.992030e-01
6.009152e-01
6.026274e-01
6.043395e-01
6.060517e-01
6.077639e-01
6.094761e-01
6.111882e-01
6.129004e-01
6.146126e-01
6.163248e-01
6.180369e-01
6.197491e-01
6.214613e-01
6.231735e-01
6.248856e-01
6.265978e-01
6.283100e-01
6.300222e-01
6.317343e-01
6.334465e-01
6.351587e-01
6.368709e-01
6.385830e-01
6.402952e-01
6.420074e-01
6.437196e-01
6.454317e-01
6.471439e-01
6.488561e-01
6.505683e-01
6.522804e-01
6.546627e-01
6.570450e-01
6.594272e-01
6.618095e-01
6.641917e-01
6.665740e-01
6.689562e-01
6.713385e-01
6.737207e-01
6.761030e-01
6.784853e-01
6.808675e-01
6.832498e-01
6.856320e-01
6.880143e-01
6.903965e-01
6.927788e-01
6.951610e-01
6.975433e-01
6.999256e-01
7.023079e-01
7.046901e-01
7.070724e-01
7.094546e-01
7.118368e-01
7.142191e-01
7.166014e-01
7.189836e-01
7.213659e-01
7.237482e-01
7.261304e-01
7.285127e-01
7.308949e-01
7.332772e-01
7.356594e-01
7.380417e-01
7.404239e-01
7.428062e-01
7.451885e-01
7.475707e-01
7.499530e-01
7.523352e-01
7.547175e-01
7.570997e-01
7.594820e-01
7.618642e-01
7.642465e-01
7.666288e-01
7.690110e-01
7.713933e-01
7.737755e-01
7.761578e-01
7.785400e-01
7.809223e-01
7.833045e-01
7.856868e-01
7.880691e-01
7.904513e-01
7.928336e-01
7.952158e-01
7.975981e-01
7.999803e-01
8.023626e-01
8.047448e-01
8.071271e-01
8.095094e-01
8.118916e-01
8.142739e-01
8.166562e-01
8.190384e-01
8.214206e-01
8.238029e-01
8.261851e-01
8.285674e-01
8.309497e-01
8.333319e-01
8.357142e-01
8.380965e-01
8.404787e-01
8.428610e-01
8.452432e-01
8.476255e-01
8.500077e-01
8.523900e-01
8.547722e-01
8.571545e-01
8.595368e-01
8.619190e-01
8.643013e-01
8.666835e-01
8.690658e-01
8.714481e-01
8.738303e-01
8.762125e-01
8.785948e-01
8.809771e-01
8.833593e-01
8.857416e-01
8.881238e-01
8.905061e-01
8.928884e-01
8.952706e-01
8.976528e-01
9.000352e-01
9.024174e-01
9.047996e-01
9.071819e-01
9.095641e-01
9.119464e-01
9.143287e-01
9.167109e-01
9.190931e-01
9.214755e-01
9.238577e-01
9.262399e-01
9.286222e-01
9.310045e-01
9.333867e-01
9.357690e-01
9.381512e-01
9.405334e-01
9.429158e-01
9.452980e-01
9.476802e-01
9.500625e-01
9.524448e-01
9.548270e-01
9.572093e-01
9.595915e-01
9.619738e-01
9.643561e-01
9.667383e-01
9.691205e-01
9.715028e-01
9.738851e-01
9.762673e-01
9.786496e-01
9.810318e-01
9.834141e-01
9.857965e-01
9.881786e-01
9.905607e-01
9.929433e-01
9.953254e-01
9.977075e-01
1.000090e+00
1.002472e+00
1.004854e+00
1.007237e+00
1.009619e+00
1.012001e+00
1.014384e+00
1.016765e+00
1.019148e+00
1.021530e+00
1.023912e+00
1.026295e+00
1.028677e+00
1.031059e+00
1.033441e+00
1.035824e+00
1.038206e+00
1.040588e+00
1.042971e+00
1.045353e+00
1.047735e+00
1.050117e+00
1.052499e+00
1.054882e+00
1.057264e+00
1.059646e+00
1.062028e+00
1.064411e+00
1.066793e+00
1.069175e+00
1.071558e+00
1.073940e+00
1.076322e+00
1.078704e+00
1.081086e+00
1.083469e+00
1.085851e+00
1.088233e+00
1.090616e+00
1.092998e+00
1.095380e+00
1.097762e+00
1.100145e+00
1.102527e+00
1.104909e+00
1.107292e+00
1.109673e+00
1.112056e+00
1.114438e+00
1.116820e+00
1.119203e+00
1.121585e+00
1.123967e+00
1.126349e+00
1.128732e+00
1.131114e+00
1.133462e+00
1.135810e+00
1.138159e+00
1.140508e+00
1.142856e+00
1.145204e+00
1.147553e+00
1.149901e+00
1.152250e+00
1.154598e+00
1.156946e+00
1.159294e+00
1.161643e+00
1.163991e+00
1.166340e+00
1.168688e+00
1.171036e+00
1.173385e+00
1.175733e+00
1.178082e+00
1.180430e+00
1.182778e+00
1.185126e+00
1.187475e+00
1.189823e+00
1.192172e+00
1.194520e+00
1.196868e+00
1.199217e+00
1.201566e+00
1.203914e+00
1.206262e+00
1.208611e+00
1.210959e+00
1.213307e+00
1.215656e+00
1.218004e+00
1.220352e+00
1.222701e+00
1.225049e+00
1.227398e+00
1.229746e+00
1.232094e+00
1.234443e+00
1.236791e+00
1.239140e+00
1.241488e+00
1.243836e+00
1.246184e+00
1.248533e+00
1.250881e+00
1.253230e+00
1.255578e+00
1.257926e+00
1.260275e+00
1.262623e+00
1.264972e+00
1.267320e+00
1.269668e+00
1.272016e+00
1.274365e+00
1.276713e+00
1.279062e+00
1.281410e+00
1.283759e+00
1.286107e+00
1.288455e+00
1.290804e+00
1.293152e+00
1.295500e+00
1.297849e+00
1.300197e+00
1.302546e+00
1.304894e+00
1.307242e+00
1.309591e+00
1.311939e+00
1.314287e+00
1.316636e+00
1.318984e+00
1.321332e+00
1.323681e+00
1.326029e+00
1.328378e+00
1.330726e+00
1.333074e+00
1.335423e+00
1.337771e+00
1.340120e+00
1.342468e+00
1.344817e+00
1.347164e+00
1.349513e+00
1.351861e+00
1.354210e+00
1.356558e+00
1.358907e+00
1.361255e+00
1.363603e+00
1.365952e+00
1.368300e+00
1.370649e+00
1.372997e+00
1.375345e+00
1.377693e+00
1.380042e+00
1.382390e+00
1.384739e+00
1.387087e+00
1.389435e+00
1.391784e+00
1.394132e+00
1.396481e+00
1.398829e+00
1.401177e+00
1.403526e+00
1.405874e+00
1.408222e+00
1.410571e+00
1.412919e+00
1.415267e+00
1.417616e+00
1.419965e+00
1.422313e+00
1.424661e+00
1.427009e+00
1.429358e+00
1.431706e+00
1.434055e+00
1.436403e+00
1.438751e+00
1.441100e+00
1.443448e+00
1.445797e+00
1.448145e+00
1.450493e+00
1.452841e+00
1.455190e+00
1.457538e+00
1.459887e+00
1.462235e+00
1.464583e+00
1.466932e+00
1.469280e+00
1.471629e+00
1.473977e+00
1.476325e+00
1.478674e+00
1.481022e+00
1.483370e+00
1.485719e+00
1.488067e+00
1.490415e+00
1.492764e+00
1.495113e+00
1.497461e+00
1.499809e+00
1.502158e+00
1.504506e+00
1.506854e+00
1.509203e+00
1.511551e+00
1.513899e+00
1.516248e+00
1.518596e+00
1.520945e+00
1.523293e+00
1.525641e+00
1.527990e+00
1.530338e+00
1.532687e+00
1.535035e+00
1.537383e+00
1.539731e+00
1.542080e+00
1.544428e+00
1.546777e+00
1.549125e+00
1.551473e+00
1.553822e+00
1.556171e+00
1.558519e+00
1.560867e+00
1.563215e+00
1.565563e+00
1.567912e+00
1.570261e+00
1.572609e+00
1.574957e+00
1.577306e+00
1.579654e+00
1.582003e+00
1.584351e+00
1.586699e+00
1.589047e+00
1.591396e+00
1.593744e+00
1.596093e+00
1.598441e+00
1.600789e+00
1.603138e+00
1.605486e+00
1.607835e+00
1.610183e+00
1.612531e+00
1.614879e+00
1.617228e+00
1.619576e+00
1.621925e+00
1.624273e+00
1.626621e+00
1.628970e+00
1.631318e+00
1.633667e+00
1.636015e+00
1.638364e+00
1.640712e+00
1.643060e+00
1.645409e+00
1.647757e+00
1.650105e+00
1.652454e+00
1.654802e+00
1.657151e+00
1.659499e+00
1.661847e+00
1.664196e+00
1.666544e+00
1.668892e+00
1.671241e+00
1.673589e+00
1.675937e+00
1.678286e+00
1.680634e+00
1.682983e+00
1.685331e+00
1.687679e+00
1.690028e+00
1.692376e+00
1.694725e+00
1.697073e+00
1.699421e+00
1.701769e+00
1.704118e+00
1.706466e+00
1.708815e+00
1.711163e+00
1.713512e+00
1.715860e+00
1.718208e+00
1.720557e+00
1.722905e+00
1.725253e+00
1.727602e+00
1.729950e+00
1.732298e+00
1.734647e+00
1.736995e+00
1.739344e+00
1.741692e+00
1.744040e+00
1.746389e+00
1.748737e+00
1.751085e+00
1.753434e+00
1.755782e+00
1.758131e+00
1.760479e+00
1.762827e+00
1.765176e+00
1.767524e+00
1.769872e+00
1.772221e+00
1.774569e+00
1.776917e+00
1.779266e+00
1.781614e+00
1.783963e+00
1.786311e+00
1.788660e+00
1.791008e+00
1.793356e+00
1.795705e+00
1.798053e+00
1.800402e+00
1.802750e+00
1.805098e+00
1.807446e+00
1.809795e+00
1.812143e+00
1.814492e+00
1.816840e+00
1.819188e+00
1.821537e+00
1.823885e+00
1.826234e+00
1.828582e+00
1.830930e+00
1.833278e+00
1.835627e+00
1.837975e+00
1.840324e+00
1.844091e+00
1.847858e+00
1.851625e+00
1.855391e+00
1.859159e+00
1.862925e+00
1.866693e+00
1.870459e+00
1.874226e+00
1.877993e+00
1.881760e+00
1.885527e+00
1.889294e+00
1.893061e+00
1.896827e+00
1.900595e+00
1.904361e+00
1.908129e+00
1.911895e+00
1.915662e+00
1.919429e+00
1.923196e+00
1.926963e+00
1.930730e+00
1.934497e+00
1.938264e+00
1.942031e+00
1.945798e+00
1.949565e+00
1.953332e+00
1.957099e+00
1.960866e+00
1.964633e+00
1.968399e+00
1.972167e+00
1.975933e+00
1.979700e+00
1.983467e+00
1.987234e+00
1.991002e+00
1.994768e+00
1.998535e+00
2.002302e+00
2.006069e+00
2.009835e+00
2.013603e+00
2.017369e+00
2.021136e+00
2.024903e+00
2.028670e+00
2.032437e+00
2.036204e+00
2.039971e+00
2.043738e+00
2.047505e+00
2.051272e+00
2.055039e+00
2.058806e+00
2.062573e+00
2.066340e+00
2.070107e+00
2.073874e+00
2.077641e+00
2.081408e+00
2.085175e+00
2.088942e+00
2.092708e+00
2.096476e+00
2.100242e+00
2.104009e+00
2.107776e+00
2.111543e+00
2.115310e+00
2.119077e+00
2.122843e+00
2.126611e+00
2.130377e+00
2.134144e+00
2.137912e+00
2.141678e+00
2.145445e+00
2.149212e+00
2.152979e+00
2.156746e+00
2.160513e+00
2.164280e+00
2.168047e+00
2.171814e+00
2.175581e+00
2.179348e+00
2.183115e+00
2.186882e+00
2.190649e+00
2.194416e+00
2.198183e+00
2.201950e+00
2.205716e+00
2.209484e+00
2.213250e+00
2.217017e+00
2.220784e+00
2.224551e+00
2.228317e+00
2.232085e+00
2.235852e+00
2.239618e+00
2.243386e+00
2.247152e+00
2.250920e+00
2.254686e+00
2.258453e+00
2.262220e+00
2.265987e+00
2.269754e+00
2.273521e+00
2.277288e+00
2.281055e+00
2.284822e+00
2.288589e+00
2.292356e+00
2.296123e+00
2.299890e+00
2.303657e+00
2.307424e+00
2.311190e+00
2.314958e+00
2.318724e+00
2.322491e+00
2.326258e+00
2.330025e+00
2.333792e+00
2.337559e+00
2.341326e+00
2.345093e+00
2.348860e+00
2.352626e+00
2.356394e+00
2.360160e+00
2.363927e+00
2.367694e+00
2.371461e+00
2.375228e+00
2.378995e+00
2.382762e+00
2.386529e+00
2.390296e+00
2.394063e+00
2.397830e+00
2.401597e+00
2.405364e+00
2.409131e+00
2.412898e+00
2.416665e+00
2.420432e+00
2.424198e+00
2.427966e+00
2.431733e+00
2.435499e+00
2.439266e+00
2.443033e+00
2.446800e+00
2.450567e+00
2.454334e+00
2.458101e+00
2.461868e+00
2.465634e+00
2.469402e+00
2.473168e+00
2.476935e+00
2.480702e+00
2.484469e+00
2.488236e+00
2.492003e+00
2.495770e+00
2.499537e+00
2.503304e+00
2.507071e+00
2.510838e+00
2.514605e+00
2.518372e+00
2.522139e+00
2.525906e+00
2.529673e+00
2.533440e+00
2.537207e+00
2.540974e+00
2.544740e+00
2.548507e+00
2.552274e+00
2.556041e+00
2.559808e+00
2.563575e+00
2.567342e+00
2.571108e+00
2.574876e+00
2.578642e+00
2.582410e+00
2.586177e+00
2.589943e+00
2.593711e+00
2.597477e+00
2.600751e+00
2.604026e+00
2.607300e+00
2.610574e+00
2.613849e+00
2.617123e+00
2.620398e+00
2.623672e+00
2.626946e+00
2.630221e+00
2.633495e+00
2.636769e+00
2.640044e+00
2.643318e+00
2.646593e+00
2.649867e+00
2.653141e+00
2.656416e+00
2.659690e+00
2.662964e+00
2.666239e+00
2.669513e+00
2.672787e+00
2.676062e+00
2.679336e+00
2.682610e+00
2.685885e+00
2.689159e+00
2.692433e+00
2.695708e+00
2.698982e+00
2.702256e+00
2.705531e+00
2.708805e+00
2.712080e+00
2.715354e+00
2.718628e+00
2.721903e+00
2.725177e+00
2.728451e+00
2.731726e+00
2.735000e+00
2.738274e+00
2.741549e+00
2.744823e+00
2.748097e+00
2.751372e+00
2.754646e+00
2.757921e+00
2.761195e+00
2.764469e+00
2.767744e+00
2.771018e+00
2.774292e+00
2.777567e+00
2.780841e+00
2.784115e+00
2.787390e+00
2.790664e+00
2.793938e+00
2.797213e+00
2.800487e+00
2.803762e+00
2.807036e+00
2.810310e+00
2.813585e+00
2.816859e+00
2.820133e+00
2.823408e+00
2.826682e+00
2.829956e+00
2.833231e+00
2.836505e+00
2.839780e+00
2.843054e+00
2.846328e+00
2.849603e+00
2.852877e+00
2.856151e+00
2.859426e+00
2.862700e+00
2.865974e+00
2.869249e+00
2.872523e+00
2.875797e+00
2.879072e+00
2.882346e+00
2.885620e+00
2.888895e+00
2.892169e+00
2.895443e+00
2.898718e+00
2.901992e+00
2.905266e+00
2.908541e+00
2.911815e+00
2.915090e+00
2.918364e+00
2.921638e+00
2.924913e+00
2.928187e+00
2.931462e+00
2.934736e+00
2.938010e+00
2.941285e+00
2.944559e+00
2.947833e+00
2.951108e+00
2.954382e+00
2.957656e+00
2.960931e+00
2.964205e+00
2.967479e+00
2.970754e+00
2.974028e+00
2.977303e+00
2.980577e+00
2.983851e+00
2.987125e+00
2.990400e+00
2.993674e+00
2.996948e+00
3.000223e+00
3.003497e+00
3.006771e+00
3.010046e+00
3.013320e+00
3.016594e+00
3.019869e+00
3.023143e+00
3.026417e+00
3.029692e+00
3.032966e+00
3.036240e+00
3.039515e+00
3.042789e+00
3.046063e+00
3.049338e+00
3.052612e+00
3.055887e+00
3.059162e+00
3.062436e+00
3.065710e+00
3.068985e+00
3.072259e+00
3.075533e+00
3.078808e+00
3.082082e+00
3.085356e+00
3.088631e+00
3.091905e+00
3.095179e+00
3.098453e+00
3.101728e+00
3.105002e+00
3.108276e+00
3.111551e+00
3.114825e+00
3.118099e+00
3.121374e+00
3.124648e+00
3.127922e+00
3.131197e+00
3.134471e+00
3.137745e+00
3.141020e+00
3.144294e+00
3.147568e+00
3.150843e+00
3.154117e+00
3.157391e+00
3.160666e+00
3.163940e+00
3.167214e+00
3.170489e+00
3.173763e+00
3.177037e+00
3.180312e+00
3.183586e+00
3.186860e+00
3.190135e+00
3.193409e+00
3.196684e+00
3.199959e+00
3.203233e+00
3.206507e+00
3.209781e+00
3.213056e+00
3.216330e+00
3.219604e+00
3.222879e+00
3.226153e+00
3.229427e+00
3.232702e+00
3.235976e+00
3.239250e+00
3.242525e+00
3.245799e+00
3.249073e+00
3.252348e+00
3.255622e+00
3.259393e+00
3.263163e+00
3.266933e+00
3.270704e+00
3.274474e+00
3.278244e+00
3.282014e+00
3.285785e+00
3.289555e+00
3.293325e+00
3.297096e+00
3.300866e+00
3.304636e+00
3.308407e+00
3.312177e+00
3.315948e+00
3.319718e+00
3.323488e+00
3.327258e+00
3.331029e+00
3.334799e+00
3.338569e+00
3.342340e+00
3.346110e+00
3.349880e+00
3.353651e+00
3.357421e+00
3.361191e+00
3.364962e+00
3.368732e+00
3.372502e+00
3.376272e+00
3.380043e+00
3.383813e+00
3.387584e+00
3.391354e+00
3.395124e+00
3.398894e+00
3.402665e+00
3.406435e+00
3.410206e+00
3.413976e+00
3.417746e+00
3.421516e+00
3.425287e+00
3.429057e+00
3.432827e+00
3.436598e+00
3.440368e+00
3.444138e+00
3.447908e+00
3.451679e+00
3.455449e+00
3.459220e+00
3.462990e+00
3.466760e+00
3.470530e+00
3.474301e+00
3.478071e+00
3.481842e+00
3.485612e+00
3.489382e+00
3.493152e+00
3.496923e+00
3.500693e+00
3.504463e+00
3.508234e+00
3.512004e+00
3.515774e+00
3.519545e+00
3.523315e+00
3.527085e+00
3.530856e+00
3.534626e+00
3.538396e+00
3.542166e+00
3.545937e+00
3.549707e+00
3.553478e+00
3.557248e+00
3.561018e+00
3.564788e+00
3.568559e+00
3.572329e+00
3.576100e+00
3.579870e+00
3.583640e+00
3.587410e+00
3.591181e+00
3.594951e+00
3.598721e+00
3.602492e+00
3.606262e+00
3.610032e+00
3.613802e+00
3.617573e+00
3.621343e+00
3.625114e+00
3.628884e+00
3.632654e+00
3.636424e+00
3.640195e+00
3.643965e+00
3.647736e+00
3.651506e+00
3.655276e+00
3.659046e+00
3.662817e+00
3.666587e+00
3.670357e+00
3.674128e+00
3.677898e+00
3.681668e+00
3.685438e+00
3.689209e+00
3.692979e+00
3.696750e+00
3.700520e+00
3.704291e+00
3.708060e+00
3.711831e+00
3.715601e+00
3.719372e+00
3.723142e+00
3.726912e+00
3.730682e+00
3.734453e+00
3.738223e+00
3.741994e+00
3.745764e+00
3.749534e+00
3.753305e+00
3.757075e+00
3.760845e+00
3.764615e+00
3.768386e+00
3.772156e+00
3.775927e+00
3.779696e+00
3.783467e+00
3.787237e+00
3.791008e+00
3.794778e+00
3.798549e+00
3.802319e+00
3.806089e+00
3.809859e+00
3.813630e+00
3.817400e+00
3.821170e+00
3.824941e+00
3.828711e+00
3.832481e+00
3.836251e+00
3.840022e+00
3.843792e+00
3.847563e+00
3.851333e+00
3.855103e+00
3.858873e+00
3.862644e+00
3.866414e+00
3.870185e+00
3.873955e+00
3.877725e+00
3.881495e+00
3.885266e+00
3.889036e+00
3.892806e+00
3.896577e+00
3.900347e+00
3.904117e+00
3.907887e+00
3.911658e+00
3.915428e+00
3.919199e+00
3.922969e+00
3.926739e+00
3.930509e+00
3.934280e+00
3.938050e+00
3.941821e+00
3.945591e+00
3.949361e+00
3.953131e+00
3.956902e+00
3.960672e+00
3.964443e+00
3.968213e+00
3.971983e+00
3.975753e+00
3.979524e+00
3.983294e+00
3.987064e+00
3.990835e+00
3.994605e+00
3.998375e+00
4.002145e+00
4.005916e+00
4.009686e+00
4.013457e+00
4.017227e+00
4.020997e+00
4.024767e+00
4.028538e+00
4.032308e+00
4.036079e+00
4.039849e+00
4.043619e+00
4.047389e+00
4.051160e+00
4.054930e+00
4.058700e+00
4.062471e+00
4.066241e+00
4.070011e+00
4.073781e+00
4.077552e+00
4.081322e+00
4.085093e+00
4.088863e+00
4.092633e+00
4.096403e+00
4.100174e+00
4.103944e+00
4.107715e+00
4.111485e+00
4.115255e+00
4.119026e+00
4.122796e+00
4.126566e+00
4.130336e+00
4.134107e+00
4.137877e+00
4.141647e+00
4.145418e+00
4.149188e+00
4.152958e+00
4.156729e+00
4.160499e+00
4.164269e+00
4.168040e+00
4.171810e+00
4.175580e+00
4.179351e+00
4.183121e+00
4.186891e+00
4.190662e+00
4.194432e+00
4.198202e+00
4.201973e+00
4.205743e+00
4.209513e+00
4.213283e+00
4.217054e+00
4.220824e+00
4.224594e+00
4.228365e+00
4.232135e+00
4.235905e+00
4.239676e+00
4.243446e+00
4.247216e+00
4.250987e+00
4.254757e+00
4.258527e+00
4.262298e+00
4.266068e+00
4.269838e+00
4.273609e+00
4.277379e+00
4.281149e+00
4.284920e+00
4.288690e+00
4.292460e+00
4.296230e+00
4.300001e+00
4.303771e+00
4.307541e+00
4.311312e+00
4.315083e+00
4.318852e+00
4.322623e+00
4.326393e+00
4.330163e+00
4.333934e+00
4.337704e+00
4.341474e+00
4.345245e+00
4.349015e+00
4.352785e+00
4.356556e+00
4.360326e+00
4.364097e+00
4.367867e+00
4.371637e+00
4.375407e+00
4.379177e+00
4.382948e+00
4.386719e+00
4.390488e+00
4.394259e+00
4.395371e+00
4.396483e+00
4.397595e+00
4.398706e+00
4.399819e+00
4.400930e+00
4.402042e+00
4.403154e+00
4.404266e+00
4.405378e+00
4.406490e+00
4.407601e+00
4.408713e+00
4.409825e+00
4.410938e+00
4.412050e+00
4.413161e+00
4.414273e+00
4.415385e+00
4.416497e+00
4.417608e+00
4.418721e+00
4.419832e+00
4.420945e+00
4.422056e+00
4.423168e+00
4.424280e+00
4.425392e+00
4.426504e+00
4.427616e+00
4.428728e+00
4.429839e+00
4.430952e+00
4.432063e+00
4.433176e+00
4.434287e+00
4.435399e+00
4.436511e+00
4.437623e+00
4.438734e+00
4.439847e+00
4.440959e+00
4.442071e+00
4.443182e+00
4.444294e+00
4.445406e+00
4.446518e+00
4.447630e+00
4.448742e+00
4.449854e+00
4.450965e+00
4.452078e+00
4.453189e+00
4.454301e+00
4.455413e+00
4.456525e+00
4.457637e+00
4.458749e+00
4.459860e+00
4.460972e+00
4.462085e+00
4.463197e+00
4.464309e+00
4.465420e+00
4.466532e+00
4.467644e+00
4.468756e+00
4.469868e+00
4.470980e+00
4.472092e+00
4.473204e+00
4.474315e+00
4.475427e+00
4.476540e+00
4.477651e+00
4.478763e+00
4.479875e+00
4.480987e+00
4.482098e+00
4.483211e+00
4.484323e+00
4.485435e+00
4.486546e+00
4.487658e+00
4.488770e+00
4.489882e+00
4.490994e+00
4.492106e+00
4.493218e+00
4.494330e+00
4.495442e+00
4.496553e+00
4.497665e+00
4.498777e+00
4.499889e+00
4.501001e+00
4.502113e+00
4.503225e+00
4.504337e+00
4.505448e+00
4.506561e+00
4.507672e+00
4.508784e+00
4.509896e+00
4.511008e+00
4.512120e+00
4.513232e+00
4.514344e+00
4.515456e+00
4.516568e+00
4.517679e+00
4.518791e+00
4.519903e+00
4.521015e+00
4.522127e+00
4.523239e+00
4.524351e+00
4.525463e+00
4.526575e+00
4.527687e+00
4.528799e+00
4.529910e+00
4.531022e+00
4.532134e+00
4.533246e+00
4.534358e+00
4.535470e+00
4.536582e+00
4.537694e+00
4.538805e+00
4.539917e+00
4.541029e+00
4.542141e+00
4.543253e+00
4.544365e+00
4.545477e+00
4.546589e+00
4.547701e+00
4.548812e+00
4.549925e+00
4.551036e+00
4.552148e+00
4.553260e+00
4.554372e+00
4.555484e+00
4.556596e+00
4.557708e+00
4.558820e+00
4.559932e+00
4.561043e+00
4.562155e+00
4.563267e+00
4.564379e+00
4.565491e+00
4.566603e+00
4.567715e+00
4.568827e+00
4.569938e+00
4.571051e+00
4.572162e+00
4.573274e+00
4.574386e+00
4.575498e+00
4.576610e+00
4.577722e+00
4.578834e+00
4.579946e+00
4.581058e+00
4.582169e+00
4.583281e+00
4.584393e+00
4.585505e+00
4.586617e+00
4.587729e+00
4.588841e+00
4.589953e+00
4.591064e+00
4.592176e+00
4.593289e+00
4.594400e+00
4.595512e+00
4.596624e+00
4.597736e+00
4.598848e+00
4.599960e+00
4.601072e+00
4.602184e+00
4.603295e+00
4.604407e+00
4.605519e+00
4.606631e+00
4.607744e+00
4.608855e+00
4.609967e+00
4.611079e+00
4.612191e+00
4.613302e+00
4.614414e+00
4.615526e+00
4.616639e+00
4.617750e+00
4.618862e+00
4.619974e+00
4.621086e+00
4.622197e+00
4.623310e+00
4.624422e+00
4.625533e+00
4.626645e+00
4.627757e+00
4.628869e+00
4.629981e+00
4.631093e+00
4.632205e+00
4.633317e+00
4.634428e+00
4.635540e+00
4.636652e+00
4.637765e+00
4.638876e+00
4.639988e+00
4.641100e+00
4.642212e+00
4.643324e+00
4.644436e+00
4.645548e+00
4.646659e+00
4.647772e+00
4.648883e+00
4.649995e+00
4.651107e+00
4.652219e+00
4.653331e+00
4.654443e+00
4.655554e+00
4.656666e+00
4.657778e+00
4.658891e+00
4.660003e+00
4.661114e+00
4.662226e+00
4.663338e+00
4.664450e+00
4.665561e+00
4.666674e+00
4.667785e+00
4.668898e+00
4.670009e+00
4.671121e+00
4.672233e+00
4.673345e+00
4.674457e+00
4.675569e+00
4.676681e+00
4.677792e+00
4.678905e+00
4.680016e+00
4.681129e+00
4.682240e+00
4.683352e+00
4.684464e+00
4.685576e+00
4.686687e+00
4.687799e+00
4.688912e+00
4.690024e+00
4.691136e+00
4.692247e+00
4.693359e+00
4.694471e+00
4.695583e+00
4.696695e+00
4.697807e+00
4.698918e+00
4.700031e+00
4.701142e+00
4.702254e+00
4.703366e+00
4.704478e+00
4.705590e+00
4.706702e+00
4.707814e+00
4.708925e+00
4.710038e+00
4.711150e+00
4.712262e+00
4.713373e+00
4.714485e+00
4.715597e+00
4.716709e+00
4.717821e+00
4.718933e+00
4.720045e+00
4.721157e+00
4.722268e+00
4.723380e+00
4.724493e+00
4.725604e+00
4.726716e+00
4.727828e+00
4.728940e+00
4.730051e+00
4.731164e+00
4.732276e+00
4.733388e+00
4.734499e+00
4.735611e+00
4.736723e+00
4.737835e+00
4.738946e+00
4.740059e+00
4.741171e+00
4.742283e+00
4.743395e+00
4.744506e+00
4.745618e+00
4.746730e+00
4.747842e+00
4.748954e+00
4.750066e+00
4.751178e+00
4.752290e+00
4.753401e+00
4.754514e+00
4.755626e+00
4.756737e+00
4.757849e+00
4.758961e+00
4.760073e+00
4.761185e+00
4.762297e+00
4.763409e+00
4.764521e+00
4.765632e+00
4.766744e+00
4.767856e+00
4.768968e+00
4.770080e+00
4.771192e+00
4.772304e+00
4.773416e+00
4.774528e+00
4.775640e+00
4.776752e+00
4.777863e+00
4.778975e+00
4.780087e+00
4.781199e+00
4.782311e+00
4.783423e+00
4.784535e+00
4.785647e+00
4.786758e+00
4.787870e+00
4.788982e+00
4.790094e+00
4.791206e+00
4.792318e+00
4.793430e+00
4.794542e+00
4.795654e+00
4.796765e+00
4.797878e+00
4.798989e+00
4.800101e+00
4.801213e+00
4.802325e+00
4.803437e+00
4.804549e+00
4.805661e+00
4.806773e+00
4.807885e+00
4.808996e+00
4.810108e+00
4.811220e+00
4.812332e+00
4.813444e+00
4.814556e+00
4.815668e+00
4.816780e+00
4.817891e+00
4.819003e+00
4.820115e+00
4.821227e+00
4.822339e+00
4.823451e+00
4.824563e+00
4.825675e+00
4.826787e+00
4.827899e+00
4.829011e+00
4.830122e+00
4.831234e+00
4.832346e+00
4.833458e+00
4.834570e+00
4.835682e+00
4.836794e+00
4.837906e+00
4.839018e+00
4.840129e+00
4.841242e+00
4.842353e+00
4.843465e+00
4.844577e+00
4.845689e+00
4.846801e+00
4.847913e+00
4.849025e+00
4.850137e+00
4.851248e+00
4.852360e+00
4.853472e+00
4.854584e+00
4.855696e+00
4.856808e+00
4.857920e+00
4.859032e+00
4.860144e+00
4.861255e+00
4.862367e+00
4.863479e+00
4.864592e+00
4.865703e+00
4.866815e+00
4.867927e+00
4.869039e+00
4.870150e+00
4.871263e+00
4.872375e+00
4.873486e+00
4.874598e+00
4.875710e+00
4.876822e+00
4.877934e+00
4.879046e+00
4.880158e+00
4.881270e+00
4.882381e+00
4.883493e+00
4.884605e+00
4.885718e+00
4.886830e+00
4.887941e+00
4.889053e+00
4.890165e+00
4.891277e+00
4.892389e+00
4.893501e+00
4.894612e+00
4.895725e+00
4.896836e+00
4.897948e+00
4.899060e+00
4.900172e+00
4.901284e+00
4.902396e+00
4.903508e+00
4.904619e+00
4.905731e+00
4.906843e+00
4.907956e+00
4.909067e+00
4.910179e+00
4.911291e+00
4.912403e+00
4.913514e+00
4.914627e+00
4.915738e+00
4.916851e+00
4.917962e+00
4.919074e+00
4.920186e+00
4.921298e+00
4.922410e+00
4.923522e+00
4.924634e+00
4.925745e+00
4.926858e+00
4.927969e+00
4.929082e+00
4.930193e+00
4.931305e+00
4.932417e+00
4.933529e+00
4.934640e+00
4.935752e+00
4.936865e+00
4.937977e+00
4.939089e+00
4.940200e+00
4.941312e+00
4.942424e+00
4.943536e+00
4.944648e+00
4.945760e+00
4.946871e+00
4.947984e+00
4.949095e+00
4.950207e+00
4.951319e+00
4.952431e+00
4.950426e+00
4.948422e+00
4.946418e+00
4.944413e+00
4.942409e+00
4.940405e+00
4.938400e+00
4.936396e+00
4.934391e+00
4.932386e+00
4.930382e+00
4.928378e+00
4.926373e+00
4.924369e+00
4.922365e+00
4.920360e+00
4.918356e+00
4.916351e+00
4.914346e+00
4.912343e+00
4.910338e+00
4.908333e+00
4.906329e+00
4.904325e+00
4.902320e+00
4.900315e+00
4.898311e+00
4.896307e+00
4.894302e+00
4.892298e+00
4.890293e+00
4.888289e+00
4.886284e+00
4.884280e+00
4.882275e+00
4.880271e+00
4.878267e+00
4.876262e+00
4.874258e+00
4.872253e+00
4.870249e+00
4.868244e+00
4.866240e+00
4.864236e+00
4.862231e+00
4.860227e+00
4.858222e+00
4.856218e+00
4.854213e+00
4.852209e+00
4.850204e+00
4.848200e+00
4.846196e+00
4.844191e+00
4.842187e+00
4.840182e+00
4.838178e+00
4.836173e+00
4.834169e+00
4.832165e+00
4.830160e+00
4.828156e+00
4.826151e+00
4.824147e+00
4.822142e+00
4.820138e+00
4.818134e+00
4.816129e+00
4.814124e+00
4.812120e+00
4.810115e+00
4.808111e+00
4.806107e+00
4.804102e+00
4.802098e+00
4.800094e+00
4.798089e+00
4.796084e+00
4.794080e+00
4.792075e+00
4.790071e+00
4.788067e+00
4.786062e+00
4.784058e+00
4.782054e+00
4.780049e+00
4.778044e+00
4.776040e+00
4.774035e+00
4.772031e+00
4.770027e+00
4.768022e+00
4.766018e+00
4.764014e+00
4.762009e+00
4.760004e+00
4.758000e+00
4.755995e+00
4.753991e+00
4.751987e+00
4.749982e+00
4.747978e+00
4.745973e+00
4.743969e+00
4.741964e+00
4.739960e+00
4.737956e+00
4.735951e+00
4.733947e+00
4.731942e+00
4.729938e+00
4.727933e+00
4.725929e+00
4.723925e+00
4.721920e+00
4.719916e+00
4.717911e+00
4.715906e+00
4.713902e+00
4.711898e+00
4.709893e+00
4.707889e+00
4.705885e+00
4.703880e+00
4.701876e+00
4.699871e+00
4.697866e+00
4.695862e+00
4.693858e+00
4.691853e+00
4.689849e+00
4.687845e+00
4.685840e+00
4.683836e+00
4.681831e+00
4.679826e+00
4.677822e+00
4.675818e+00
4.673813e+00
4.671809e+00
4.669804e+00
4.667800e+00
4.665796e+00
4.663791e+00
4.661786e+00
4.659783e+00
4.657778e+00
4.655773e+00
4.653769e+00
4.651764e+00
4.649760e+00
4.647756e+00
4.645751e+00
4.643747e+00
4.641743e+00
4.639738e+00
4.637733e+00
4.635729e+00
4.633724e+00
4.631720e+00
4.629715e+00
4.627711e+00
4.625707e+00
4.623702e+00
4.621698e+00
4.619693e+00
4.617689e+00
4.615684e+00
4.613680e+00
4.611676e+00
4.609671e+00
4.607667e+00
4.605662e+00
4.603658e+00
4.601653e+00
4.599648e+00
4.597645e+00
4.595640e+00
4.593636e+00
4.591631e+00
4.589627e+00
4.587622e+00
4.585618e+00
4.583613e+00
4.581609e+00
4.579605e+00
4.577600e+00
4.575595e+00
4.573591e+00
4.571587e+00
4.569582e+00
4.567578e+00
4.565574e+00
4.563569e+00
4.561565e+00
4.559560e+00
4.557555e+00
4.555551e+00
4.553547e+00
4.551542e+00
4.549538e+00
4.547534e+00
4.545529e+00
4.543525e+00
4.541520e+00
4.539515e+00
4.537511e+00
4.535507e+00
4.533502e+00
4.531498e+00
4.529494e+00
4.527489e+00
4.525484e+00
4.523480e+00
4.521475e+00
4.519471e+00
4.517467e+00
4.515462e+00
4.513458e+00
4.511453e+00
4.509449e+00
4.507444e+00
4.505440e+00
4.503436e+00
4.501431e+00
4.499427e+00
4.497422e+00
4.495418e+00
4.493413e+00
4.491409e+00
4.489404e+00
4.487400e+00
4.485396e+00
4.483391e+00
4.481387e+00
4.479382e+00
4.477378e+00
4.475373e+00
4.473369e+00
4.471365e+00
4.469360e+00
4.467356e+00
4.465351e+00
4.463347e+00
4.461342e+00
4.459338e+00
4.457333e+00
4.455329e+00
4.453325e+00
4.451320e+00
4.449316e+00
4.447311e+00
4.445306e+00
4.443302e+00
4.441297e+00
4.439293e+00
4.437289e+00
4.435284e+00
4.433280e+00
4.431276e+00
4.429271e+00
4.427266e+00
4.425262e+00
4.423258e+00
4.421253e+00
4.419249e+00
4.417244e+00
4.415240e+00
4.413236e+00
4.411231e+00
4.409226e+00
4.407223e+00
4.405218e+00
4.403213e+00
4.401209e+00
4.399204e+00
4.397200e+00
4.395196e+00
4.393191e+00
4.391187e+00
4.389183e+00
4.387178e+00
4.385173e+00
4.383169e+00
4.381164e+00
4.379160e+00
4.377156e+00
4.375151e+00
4.373147e+00
4.371142e+00
4.369138e+00
4.367133e+00
4.365129e+00
4.363124e+00
4.361120e+00
4.359116e+00
4.357111e+00
4.355107e+00
4.353102e+00
4.351098e+00
4.349093e+00
4.347088e+00
4.345085e+00
4.343080e+00
4.341075e+00
4.339071e+00
4.337067e+00
4.335062e+00
4.333058e+00
4.331053e+00
4.329049e+00
4.327045e+00
4.325040e+00
4.323035e+00
4.321031e+00
4.319027e+00
4.317022e+00
4.315018e+00
4.313014e+00
4.311009e+00
4.309005e+00
4.307000e+00
4.304995e+00
4.302991e+00
4.300986e+00
4.298982e+00
4.296978e+00
4.294974e+00
4.292969e+00
4.290965e+00
4.288960e+00
4.286955e+00
4.284951e+00
4.282946e+00
4.280942e+00
4.278938e+00
4.276933e+00
4.274929e+00
4.272925e+00
4.270920e+00
4.268915e+00
4.266912e+00
4.264907e+00
4.262902e+00
4.260898e+00
4.258893e+00
4.256889e+00
4.254884e+00
4.252880e+00
4.250876e+00
4.248871e+00
4.246867e+00
4.244862e+00
4.242858e+00
4.240853e+00
4.238849e+00
4.236844e+00
4.234840e+00
4.232836e+00
4.230831e+00
4.228827e+00
4.226822e+00
4.224818e+00
4.222813e+00
4.220809e+00
4.218805e+00
4.216800e+00
4.214796e+00
4.212791e+00
4.210787e+00
4.208782e+00
4.206777e+00
4.204773e+00
4.202769e+00
4.200764e+00
4.198760e+00
4.196756e+00
4.194751e+00
4.192747e+00
4.190742e+00
4.188737e+00
4.186734e+00
4.184729e+00
4.182724e+00
4.180720e+00
4.178716e+00
4.176711e+00
4.174707e+00
4.172702e+00
4.170698e+00
4.168693e+00
4.166689e+00
4.164684e+00
4.162680e+00
4.160676e+00
4.158671e+00
4.156667e+00
4.154663e+00
4.152658e+00
4.150653e+00
4.148649e+00
4.146644e+00
4.144640e+00
4.142635e+00
4.140631e+00
4.138627e+00
4.136622e+00
4.134618e+00
4.132613e+00
4.130609e+00
4.128604e+00
4.126600e+00
4.124596e+00
4.122591e+00
4.120587e+00
4.118582e+00
4.116578e+00
4.114573e+00
4.112569e+00
4.110564e+00
4.108560e+00
4.106556e+00
4.104551e+00
4.102547e+00
4.100542e+00
4.098538e+00
4.096533e+00
4.094529e+00
4.092525e+00
4.090520e+00
4.088516e+00
4.086511e+00
4.084507e+00
4.082502e+00
4.080498e+00
4.078493e+00
4.076489e+00
4.074485e+00
4.072480e+00
4.070475e+00
4.068471e+00
4.066466e+00
4.064462e+00
4.062458e+00
4.060453e+00
4.058449e+00
4.056445e+00
4.054440e+00
4.052435e+00
4.050431e+00
4.048426e+00
4.046422e+00
4.044418e+00
4.042413e+00
4.040409e+00
4.038405e+00
4.036400e+00
4.034395e+00
4.032391e+00
4.030387e+00
4.028382e+00
4.026378e+00
4.024373e+00
4.022369e+00
4.020365e+00
4.018360e+00
4.016355e+00
4.014352e+00
4.012347e+00
4.010342e+00
4.008338e+00
4.006333e+00
4.004329e+00
4.002325e+00
4.000320e+00
3.998316e+00
3.996312e+00
3.994307e+00
3.992302e+00
3.990298e+00
3.988293e+00
3.986289e+00
3.984284e+00
3.982280e+00
3.980276e+00
3.978271e+00
3.976267e+00
3.974262e+00
3.972257e+00
3.970253e+00
3.968249e+00
3.966244e+00
3.964240e+00
3.962236e+00
3.960231e+00
3.958227e+00
3.956222e+00
3.954217e+00
3.952213e+00
3.950209e+00
3.948204e+00
3.946200e+00
3.944196e+00
3.943199e+00
3.942203e+00
3.941206e+00
3.940210e+00
3.939213e+00
3.938217e+00
3.937220e+00
3.936224e+00
3.935228e+00
3.934231e+00
3.933234e+00
3.932239e+00
3.931242e+00
3.930246e+00
3.929249e+00
3.928252e+00
3.927257e+00
3.926260e+00
3.925264e+00
3.924267e+00
3.923270e+00
3.922274e+00
3.921278e+00
3.920281e+00
3.919285e+00
3.918288e+00
3.917292e+00
3.916295e+00
3.915299e+00
3.914302e+00
3.913306e+00
3.912310e+00
3.911313e+00
3.910317e+00
3.909320e+00
3.908324e+00
3.907328e+00
3.906331e+00
3.905335e+00
3.904338e+00
3.903342e+00
3.902346e+00
3.901349e+00
3.900353e+00
3.899356e+00
3.898360e+00
3.897363e+00
3.896367e+00
3.895370e+00
3.894374e+00
3.893377e+00
3.892381e+00
3.891384e+00
3.890388e+00
3.889391e+00
3.888395e+00
3.887399e+00
3.886402e+00
3.885406e+00
3.884410e+00
3.883413e+00
3.882417e+00
3.881420e+00
3.880424e+00
3.879428e+00
3.878431e+00
3.877435e+00
3.876438e+00
3.875442e+00
3.874445e+00
3.873449e+00
3.872452e+00
3.871456e+00
3.870459e+00
3.869463e+00
3.868467e+00
3.867470e+00
3.866474e+00
3.865477e+00
3.864481e+00
3.863484e+00
3.862488e+00
3.861491e+00
3.860496e+00
3.859499e+00
3.858502e+00
3.857506e+00
3.856509e+00
3.855513e+00
3.854517e+00
3.853520e+00
3.852524e+00
3.851527e+00
3.850531e+00
3.849534e+00
3.848538e+00
3.847541e+00
3.846545e+00
3.845549e+00
3.844552e+00
3.843556e+00
3.842559e+00
3.841563e+00
3.840567e+00
3.839570e+00
3.838573e+00
3.837577e+00
3.836581e+00
3.835585e+00
3.834588e+00
3.833591e+00
3.832595e+00
3.831599e+00
3.830602e+00
3.829606e+00
3.828609e+00
3.827613e+00
3.826617e+00
3.825620e+00
3.824624e+00
3.823627e+00
3.822631e+00
3.821634e+00
3.820638e+00
3.819641e+00
3.818645e+00
3.817649e+00
3.816652e+00
3.815656e+00
3.814659e+00
3.813662e+00
3.812667e+00
3.811670e+00
3.810674e+00
3.809677e+00
3.808680e+00
3.807685e+00
3.806688e+00
3.805692e+00
3.804695e+00
3.803698e+00
3.802702e+00
3.801706e+00
3.800709e+00
3.799713e+00
3.798716e+00
3.797720e+00
3.796723e+00
3.795727e+00
3.794730e+00
3.793734e+00
3.792738e+00
3.791741e+00
3.790745e+00
3.789748e+00
3.788752e+00
3.787756e+00
3.786759e+00
3.785763e+00
3.784766e+00
3.783770e+00
3.782774e+00
3.781777e+00
3.780781e+00
3.779784e+00
3.778788e+00
3.777791e+00
3.776795e+00
3.775798e+00
3.774802e+00
3.773805e+00
3.772809e+00
3.771812e+00
3.770816e+00
3.769820e+00
3.768823e+00
3.767827e+00
3.766830e+00
3.765834e+00
3.764838e+00
3.763841e+00
3.762845e+00
3.761848e+00
3.760852e+00
3.759856e+00
3.758859e+00
3.757863e+00
3.756866e+00
3.755870e+00
3.754873e+00
3.753877e+00
3.752880e+00
3.751884e+00
3.750887e+00
3.749891e+00
3.748895e+00
3.747898e+00
3.746902e+00
3.745906e+00
3.744909e+00
3.743912e+00
3.742916e+00
3.741919e+00
3.740924e+00
3.739927e+00
3.738930e+00
3.737934e+00
3.736937e+00
3.735941e+00
3.734945e+00
3.733948e+00
3.732952e+00
3.731955e+00
3.730959e+00
3.729962e+00
3.728966e+00
3.727969e+00
3.726973e+00
3.725977e+00
3.724980e+00
3.723984e+00
3.722987e+00
3.721991e+00
3.720995e+00
3.719998e+00
3.719001e+00
3.718005e+00
3.717009e+00
3.716013e+00
3.715016e+00
3.714019e+00
3.713023e+00
3.712027e+00
3.711030e+00
3.710034e+00
3.709037e+00
3.708041e+00
3.707045e+00
3.706048e+00
3.705052e+00
3.704055e+00
3.703059e+00
3.702062e+00
3.701066e+00
3.700069e+00
3.699073e+00
3.698077e+00
3.697080e+00
3.696084e+00
3.695087e+00
3.694090e+00
3.693095e+00
3.692098e+00
3.691101e+00
3.690105e+00
3.689108e+00
3.688112e+00
3.687116e+00
3.686119e+00
3.685123e+00
3.684126e+00
3.683130e+00
3.682134e+00
3.681137e+00
3.680141e+00
3.679144e+00
3.678148e+00
3.677151e+00
3.676155e+00
3.675158e+00
3.674162e+00
3.673166e+00
3.672169e+00
3.671172e+00
3.670176e+00
3.669180e+00
3.668184e+00
3.667187e+00
3.666190e+00
3.665194e+00
3.664198e+00
3.663202e+00
3.662205e+00
3.661208e+00
3.660212e+00
3.659216e+00
3.658219e+00
3.657223e+00
3.656226e+00
3.655230e+00
3.654233e+00
3.653237e+00
3.652240e+00
3.651244e+00
3.650248e+00
3.649251e+00
3.648255e+00
3.647258e+00
3.646262e+00
3.645266e+00
3.644269e+00
3.643273e+00
3.642276e+00
3.641279e+00
3.640284e+00
3.639287e+00
3.638291e+00
3.637294e+00
3.636298e+00
3.635301e+00
3.634305e+00
3.633308e+00
3.632312e+00
3.631315e+00
3.630319e+00
3.629322e+00
3.628326e+00
3.627330e+00
3.626333e+00
3.625337e+00
3.624340e+00
3.623344e+00
3.622347e+00
3.621351e+00
3.620355e+00
3.619358e+00
3.618362e+00
3.617365e+00
3.616369e+00
3.615373e+00
3.614376e+00
3.613380e+00
3.612383e+00
3.611387e+00
3.610390e+00
3.609394e+00
3.608397e+00
3.607401e+00
3.606405e+00
3.605408e+00
3.604412e+00
3.603415e+00
3.602419e+00
3.601422e+00
3.600426e+00
3.599429e+00
3.598433e+00
3.597437e+00
3.596440e+00
3.595444e+00
3.594447e+00
3.593451e+00
3.592455e+00
3.591458e+00
3.590462e+00
3.589465e+00
3.588469e+00
3.587473e+00
3.586476e+00
3.585480e+00
3.584483e+00
3.583487e+00
3.582490e+00
3.581494e+00
3.580497e+00
3.579501e+00
3.578505e+00
3.577508e+00
3.576511e+00
3.575515e+00
3.574518e+00
3.573523e+00
3.572526e+00
3.571529e+00
3.570533e+00
3.569536e+00
3.568540e+00
3.567544e+00
3.566547e+00
3.565551e+00
3.564555e+00
3.563558e+00
3.562562e+00
3.561565e+00
3.560569e+00
3.559572e+00
3.558576e+00
3.557579e+00
3.556583e+00
3.555586e+00
3.554590e+00
3.553594e+00
3.552597e+00
3.551600e+00
3.550604e+00
3.549608e+00
3.548612e+00
3.547615e+00
3.546618e+00
3.545622e+00
3.544626e+00
3.543630e+00
3.542633e+00
3.541636e+00
3.540640e+00
3.539644e+00
3.538647e+00
3.537651e+00
3.536654e+00
3.535658e+00
3.534661e+00
3.533665e+00
3.532668e+00
3.531672e+00
3.530676e+00
3.529679e+00
3.528683e+00
3.527686e+00
3.526690e+00
3.525694e+00
3.524697e+00
3.523701e+00
3.522704e+00
3.521708e+00
3.520712e+00
3.519715e+00
3.518719e+00
3.517722e+00
3.516726e+00
3.515729e+00
3.514733e+00
3.513736e+00
3.512740e+00
3.511743e+00
3.510747e+00
3.509750e+00
3.508754e+00
3.507757e+00
3.506761e+00
3.505765e+00
3.504768e+00
3.503772e+00
3.502775e+00
3.501779e+00
3.500783e+00
3.499786e+00
3.498790e+00
3.497794e+00
3.496797e+00
3.495801e+00
3.494804e+00
3.493808e+00
3.492811e+00
3.491815e+00
3.490818e+00
3.489822e+00
3.488825e+00
3.487829e+00
3.486833e+00
3.485836e+00
3.484840e+00
3.483843e+00
3.482847e+00
3.481850e+00
3.480854e+00
3.479857e+00
3.478861e+00
3.477865e+00
3.476868e+00
3.475872e+00
3.474875e+00
3.473879e+00
3.472883e+00
3.471886e+00
3.470890e+00
3.469893e+00
3.468897e+00
3.467901e+00
3.466904e+00
3.465908e+00
3.464911e+00
