3.616667e-04
4.167344e-04
4.718022e-04
5.268700e-04
5.819377e-04
6.370056e-04
6.920733e-04
7.471411e-04
8.022089e-04
8.572767e-04
9.123444e-04
9.674123e-04
1.022480e-03
1.077548e-03
1.132615e-03
1.187683e-03
1.242751e-03
1.297819e-03
1.352887e-03
1.407955e-03
1.463022e-03
1.518090e-03
1.573158e-03
1.628225e-03
1.683293e-03
1.738361e-03
1.793429e-03
1.848497e-03
1.903565e-03
1.958632e-03
2.013700e-03
2.130265e-03
2.246830e-03
2.363395e-03
2.479960e-03
2.596525e-03
2.713090e-03
2.829655e-03
2.946220e-03
3.062785e-03
3.179350e-03
3.295915e-03
3.412480e-03
3.529045e-03
3.645610e-03
3.762175e-03
3.878740e-03
3.995305e-03
4.111870e-03
4.228435e-03
4.345000e-03
4.409950e-03
4.474900e-03
4.539850e-03
4.604800e-03
4.669750e-03
4.734700e-03
4.799650e-03
4.864600e-03
4.929550e-03
4.994500e-03
5.059450e-03
5.124400e-03
5.189350e-03
5.254300e-03
5.319250e-03
5.384200e-03
5.449150e-03
5.514100e-03
5.486689e-03
5.644000e-03
5.801311e-03
5.958622e-03
6.115933e-03
6.273245e-03
6.430556e-03
6.587867e-03
6.745178e-03
6.902489e-03
7.059800e-03
7.217111e-03
7.374422e-03
7.531733e-03
7.689045e-03
7.846355e-03
8.003667e-03
8.160978e-03
8.318289e-03
8.475600e-03
8.632911e-03
8.790222e-03
8.947533e-03
9.104845e-03
9.262155e-03
9.419467e-03
9.576778e-03
9.734089e-03
9.891400e-03
1.004871e-02
1.020602e-02
1.036333e-02
1.047690e-02
1.059047e-02
1.070403e-02
1.081760e-02
1.093117e-02
1.104473e-02
1.115830e-02
1.127187e-02
1.138543e-02
1.149900e-02
1.161257e-02
1.172613e-02
1.183970e-02
1.195327e-02
1.206683e-02
1.218040e-02
1.229397e-02
1.240753e-02
1.252110e-02
1.263467e-02
1.274823e-02
1.286180e-02
1.297537e-02
1.308893e-02
1.320250e-02
1.331607e-02
1.342963e-02
1.354320e-02
1.365677e-02
1.377033e-02
1.388390e-02
1.399747e-02
1.411103e-02
1.422460e-02
1.433817e-02
1.445173e-02
1.456530e-02
1.467887e-02
1.479243e-02
1.490600e-02
1.501957e-02
1.513313e-02
1.524670e-02
1.536027e-02
1.547383e-02
1.558740e-02
1.570097e-02
1.581453e-02
1.592810e-02
1.604167e-02
1.618903e-02
1.633640e-02
1.648377e-02
1.663113e-02
1.677850e-02
1.692587e-02
1.707323e-02
1.722060e-02
1.736797e-02
1.751533e-02
1.766270e-02
1.781007e-02
1.795743e-02
1.810480e-02
1.825217e-02
1.839953e-02
1.854690e-02
1.869427e-02
1.884163e-02
1.898900e-02
1.913637e-02
1.928373e-02
1.943110e-02
1.957847e-02
1.972583e-02
1.987320e-02
2.002057e-02
2.016793e-02
2.031530e-02
2.046267e-02
2.061003e-02
2.075740e-02
2.090477e-02
2.105213e-02
2.119950e-02
2.134687e-02
2.149423e-02
2.164160e-02
2.178897e-02
2.193633e-02
2.208370e-02
2.223107e-02
2.237843e-02
2.252580e-02
2.267317e-02
2.282053e-02
2.296790e-02
2.311527e-02
2.326263e-02
2.341000e-02
2.339883e-02
2.338767e-02
2.337650e-02
2.336533e-02
2.335417e-02
2.334300e-02
2.333183e-02
2.332067e-02
2.330950e-02
2.329833e-02
2.328717e-02
2.327600e-02
2.326483e-02
2.325367e-02
2.324250e-02
2.323133e-02
2.322017e-02
2.320900e-02
2.319783e-02
2.318667e-02
2.317550e-02
2.316433e-02
2.315317e-02
2.314200e-02
2.313083e-02
2.311967e-02
2.310850e-02
2.309733e-02
2.308617e-02
2.307500e-02
2.306383e-02
2.305267e-02
2.304150e-02
2.303033e-02
2.301917e-02
2.300800e-02
2.299683e-02
2.298567e-02
2.297450e-02
2.296333e-02
2.295217e-02
2.294100e-02
2.292983e-02
2.291867e-02
2.290750e-02
2.289633e-02
2.288517e-02
2.287400e-02
2.286283e-02
2.285167e-02
2.284050e-02
2.282933e-02
2.281817e-02
2.280700e-02
2.279583e-02
2.278467e-02
2.277350e-02
2.276233e-02
2.275117e-02
2.274000e-02
2.272883e-02
2.271767e-02
2.270650e-02
2.269533e-02
2.268417e-02
2.267300e-02
2.266183e-02
2.265067e-02
2.263950e-02
2.262833e-02
2.261717e-02
2.260600e-02
2.259483e-02
2.258367e-02
2.257250e-02
2.256133e-02
2.255017e-02
2.253900e-02
2.252783e-02
2.251667e-02
2.250550e-02
2.249433e-02
2.248317e-02
2.247200e-02
2.246083e-02
2.244967e-02
2.243850e-02
2.242733e-02
2.241617e-02
2.240500e-02
2.239383e-02
2.238267e-02
2.237150e-02
2.236033e-02
2.234917e-02
2.233800e-02
2.232683e-02
2.231567e-02
2.230450e-02
2.229333e-02
2.239732e-02
2.250130e-02
2.260528e-02
2.270927e-02
2.281325e-02
2.291723e-02
2.302122e-02
2.312520e-02
2.322918e-02
2.333317e-02
2.343715e-02
2.354113e-02
2.364512e-02
2.374910e-02
2.385308e-02
2.395707e-02
2.406105e-02
2.416503e-02
2.426902e-02
2.437300e-02
2.447698e-02
2.458097e-02
2.468495e-02
2.478893e-02
2.489292e-02
2.499690e-02
2.510088e-02
2.520487e-02
2.530885e-02
2.541283e-02
2.551682e-02
2.562080e-02
2.572478e-02
2.582877e-02
2.593275e-02
2.603673e-02
2.614072e-02
2.624470e-02
2.634868e-02
2.645267e-02
2.655665e-02
2.666063e-02
2.676462e-02
2.686860e-02
2.697258e-02
2.707657e-02
2.718055e-02
2.728453e-02
2.738852e-02
2.749250e-02
2.759648e-02
2.770047e-02
2.780445e-02
2.790843e-02
2.801242e-02
2.811640e-02
2.822038e-02
2.832437e-02
2.842835e-02
2.853233e-02
2.863632e-02
2.874030e-02
2.884428e-02
2.894827e-02
2.905225e-02
2.915623e-02
2.926022e-02
2.936420e-02
2.946818e-02
2.957217e-02
2.967615e-02
2.978013e-02
2.988412e-02
2.998810e-02
3.009208e-02
3.019607e-02
3.030005e-02
3.040403e-02
3.050802e-02
3.061200e-02
3.071598e-02
3.081997e-02
3.092395e-02
3.102793e-02
3.113192e-02
3.123590e-02
3.133988e-02
3.144387e-02
3.154785e-02
3.165183e-02
3.175582e-02
3.185980e-02
3.196378e-02
3.206777e-02
3.217175e-02
3.227573e-02
3.237972e-02
3.248370e-02
3.258768e-02
3.269167e-02
3.281690e-02
3.294213e-02
3.306737e-02
3.319260e-02
3.331783e-02
3.344307e-02
3.356830e-02
3.369353e-02
3.381877e-02
3.394400e-02
3.406923e-02
3.419447e-02
3.431970e-02
3.444493e-02
3.457017e-02
3.469540e-02
3.482063e-02
3.494587e-02
3.507110e-02
3.519633e-02
3.532157e-02
3.544680e-02
3.557203e-02
3.569727e-02
3.582250e-02
3.594773e-02
3.607297e-02
3.619820e-02
3.632343e-02
3.644867e-02
3.657390e-02
3.669913e-02
3.682437e-02
3.694960e-02
3.707483e-02
3.720007e-02
3.732530e-02
3.745053e-02
3.757577e-02
3.770100e-02
3.782623e-02
3.795147e-02
3.807670e-02
3.820193e-02
3.832717e-02
3.845240e-02
3.857763e-02
3.870287e-02
3.882810e-02
3.895333e-02
3.907857e-02
3.920380e-02
3.932903e-02
3.945427e-02
3.957950e-02
3.970473e-02
3.982997e-02
3.995520e-02
4.008043e-02
4.020567e-02
4.033090e-02
4.045613e-02
4.058137e-02
4.070660e-02
4.083183e-02
4.095707e-02
4.108230e-02
4.120753e-02
4.133277e-02
4.145800e-02
4.158323e-02
4.170847e-02
4.183370e-02
4.195893e-02
4.208417e-02
4.220940e-02
4.233463e-02
4.245987e-02
4.258510e-02
4.271033e-02
4.283557e-02
4.296080e-02
4.308603e-02
4.321127e-02
4.333650e-02
4.346173e-02
4.358697e-02
4.371220e-02
4.383743e-02
4.396267e-02
4.408790e-02
4.421313e-02
4.433837e-02
4.446360e-02
4.458883e-02
4.471407e-02
4.483930e-02
4.496453e-02
4.508977e-02
4.521500e-02
4.534023e-02
4.546547e-02
4.559070e-02
4.571593e-02
4.584117e-02
4.596640e-02
4.609163e-02
4.621687e-02
4.634210e-02
4.646733e-02
4.659257e-02
4.671780e-02
4.684303e-02
4.696827e-02
4.709350e-02
4.721873e-02
4.734397e-02
4.746920e-02
4.759443e-02
4.771967e-02
4.784490e-02
4.797013e-02
4.809537e-02
4.822060e-02
4.834583e-02
4.847107e-02
4.859630e-02
4.872153e-02
4.884677e-02
4.897200e-02
4.909723e-02
4.922247e-02
4.934770e-02
4.947293e-02
4.959817e-02
4.972340e-02
4.984863e-02
4.997387e-02
5.009910e-02
5.022433e-02
5.034957e-02
5.047480e-02
5.060003e-02
5.072527e-02
5.085050e-02
5.097573e-02
5.110097e-02
5.122620e-02
5.135143e-02
5.147667e-02
5.160190e-02
5.172713e-02
5.185237e-02
5.197760e-02
5.210283e-02
5.222807e-02
5.235330e-02
5.247853e-02
5.260377e-02
5.272900e-02
5.285423e-02
5.297947e-02
5.310470e-02
5.322993e-02
5.335517e-02
5.348040e-02
5.360563e-02
5.373087e-02
5.385610e-02
5.398133e-02
5.410657e-02
5.423180e-02
5.435703e-02
5.448227e-02
5.460750e-02
5.473273e-02
5.485797e-02
5.498320e-02
5.510843e-02
5.523367e-02
5.535890e-02
5.548413e-02
5.560937e-02
5.573460e-02
5.585983e-02
5.598507e-02
5.611030e-02
5.623553e-02
5.636077e-02
5.648600e-02
5.661123e-02
5.673647e-02
5.686170e-02
5.698693e-02
5.711217e-02
5.723740e-02
5.736263e-02
5.748787e-02
5.761310e-02
5.773833e-02
5.795308e-02
5.816783e-02
5.838258e-02
5.859733e-02
5.881208e-02
5.902683e-02
5.924158e-02
5.945633e-02
5.967108e-02
5.988583e-02
6.010058e-02
6.031533e-02
6.053008e-02
6.074483e-02
6.095958e-02
6.117433e-02
6.138908e-02
6.160383e-02
6.181858e-02
6.203333e-02
6.224808e-02
6.246283e-02
6.267758e-02
6.289233e-02
6.310708e-02
6.332183e-02
6.353658e-02
6.375133e-02
6.396608e-02
6.418083e-02
6.439558e-02
6.461033e-02
6.482508e-02
6.503983e-02
6.525458e-02
6.546933e-02
6.568408e-02
6.589883e-02
6.611358e-02
6.632833e-02
6.654308e-02
6.675783e-02
6.697258e-02
6.718733e-02
6.740208e-02
6.761683e-02
6.783158e-02
6.804633e-02
6.826108e-02
6.847583e-02
6.869058e-02
6.890533e-02
6.912008e-02
6.933483e-02
6.954958e-02
6.976433e-02
6.997908e-02
7.019383e-02
7.040858e-02
7.062333e-02
7.083808e-02
7.105283e-02
7.126758e-02
7.148233e-02
7.169708e-02
7.191183e-02
7.212658e-02
7.234133e-02
7.255608e-02
7.277083e-02
7.298558e-02
7.320033e-02
7.341508e-02
7.362983e-02
7.384458e-02
7.405933e-02
7.427408e-02
7.448883e-02
7.470358e-02
7.491833e-02
7.513308e-02
7.534783e-02
7.556258e-02
7.577733e-02
7.599208e-02
7.620683e-02
7.642158e-02
7.663633e-02
7.685108e-02
7.706583e-02
7.728058e-02
7.749533e-02
7.771008e-02
7.792483e-02
7.813958e-02
7.835433e-02
7.856908e-02
7.878383e-02
7.899858e-02
7.921333e-02
8.020710e-02
8.120087e-02
8.219464e-02
8.318841e-02
8.418218e-02
8.517595e-02
8.616972e-02
8.716349e-02
8.815726e-02
8.915103e-02
9.014480e-02
9.113857e-02
9.213234e-02
9.312611e-02
9.411988e-02
9.511365e-02
9.610742e-02
9.710119e-02
9.809496e-02
9.908873e-02
1.000825e-01
1.010763e-01
1.020700e-01
1.030638e-01
1.040576e-01
1.050514e-01
1.060451e-01
1.070389e-01
1.080327e-01
1.090264e-01
1.100202e-01
1.110140e-01
1.120077e-01
1.130015e-01
1.139953e-01
1.149891e-01
1.159828e-01
1.169766e-01
1.179704e-01
1.189641e-01
1.199579e-01
1.209517e-01
1.219454e-01
1.229392e-01
1.239330e-01
1.249268e-01
1.259205e-01
1.269143e-01
1.279081e-01
1.289018e-01
1.298956e-01
1.308894e-01
1.318832e-01
1.328769e-01
1.338707e-01
1.348645e-01
1.358582e-01
1.368520e-01
1.378458e-01
1.388395e-01
1.398333e-01
1.408271e-01
1.418209e-01
1.428146e-01
1.438084e-01
1.448022e-01
1.457959e-01
1.467897e-01
1.477835e-01
1.487772e-01
1.497710e-01
1.507648e-01
1.517586e-01
1.527523e-01
1.537461e-01
1.547399e-01
1.557336e-01
1.567274e-01
1.577212e-01
1.587149e-01
1.597087e-01
1.607025e-01
1.616963e-01
1.626900e-01
1.636838e-01
1.646776e-01
1.656713e-01
1.666651e-01
1.676589e-01
1.686526e-01
1.696464e-01
1.706402e-01
1.716340e-01
1.726277e-01
1.736215e-01
1.746153e-01
1.756090e-01
1.766028e-01
1.775966e-01
1.785903e-01
1.795841e-01
1.805779e-01
1.815717e-01
1.825654e-01
1.835592e-01
1.845530e-01
1.855467e-01
1.865405e-01
1.875343e-01
1.885281e-01
1.895218e-01
1.905156e-01
1.915094e-01
1.925031e-01
1.934969e-01
1.944907e-01
1.954844e-01
1.964782e-01
1.974720e-01
1.984658e-01
1.994595e-01
2.004533e-01
2.014471e-01
2.024408e-01
2.034346e-01
2.044284e-01
2.054221e-01
2.064159e-01
2.074097e-01
2.084035e-01
2.093972e-01
2.103910e-01
2.113848e-01
2.123785e-01
2.133723e-01
2.143661e-01
2.153598e-01
2.163536e-01
2.173474e-01
2.183412e-01
2.193349e-01
2.203287e-01
2.213225e-01
2.223162e-01
2.233100e-01
2.243038e-01
2.252975e-01
2.262913e-01
2.272851e-01
2.282789e-01
2.292726e-01
2.302664e-01
2.312602e-01
2.322539e-01
2.332477e-01
2.342415e-01
2.352353e-01
2.362290e-01
2.372228e-01
2.382166e-01
2.392103e-01
2.402041e-01
2.411979e-01
2.421916e-01
2.431854e-01
2.441792e-01
2.451730e-01
2.461667e-01
2.471605e-01
2.481543e-01
2.491480e-01
2.501418e-01
2.511356e-01
2.521293e-01
2.531231e-01
2.541169e-01
2.551107e-01
2.561044e-01
2.570982e-01
2.580920e-01
2.590857e-01
2.600795e-01
2.610733e-01
2.620670e-01
2.630608e-01
2.640546e-01
2.650484e-01
2.660421e-01
2.670359e-01
2.680297e-01
2.690234e-01
2.700172e-01
2.710110e-01
2.720047e-01
2.729985e-01
2.739923e-01
2.749861e-01
2.759798e-01
2.769736e-01
2.779674e-01
2.789611e-01
2.799549e-01
2.809487e-01
2.819425e-01
2.829362e-01
2.839300e-01
2.849238e-01
2.859175e-01
2.869113e-01
2.879051e-01
2.888988e-01
2.898926e-01
2.908864e-01
2.918802e-01
2.928739e-01
2.938677e-01
2.948615e-01
2.958552e-01
2.968490e-01
2.978428e-01
2.988365e-01
2.998303e-01
3.008241e-01
3.018179e-01
3.028116e-01
3.038054e-01
3.047992e-01
3.057929e-01
3.067867e-01
3.077805e-01
3.087742e-01
3.097680e-01
3.107618e-01
3.117556e-01
3.127493e-01
3.137431e-01
3.147369e-01
3.157306e-01
3.167244e-01
3.177182e-01
3.187119e-01
3.197057e-01
3.206995e-01
3.216933e-01
3.226870e-01
3.236808e-01
3.246746e-01
3.256683e-01
3.266621e-01
3.276559e-01
3.286496e-01
3.296434e-01
3.306372e-01
3.316310e-01
3.326247e-01
3.336185e-01
3.346123e-01
3.356060e-01
3.365998e-01
3.375936e-01
3.385874e-01
3.395811e-01
3.405749e-01
3.415687e-01
3.425624e-01
3.435562e-01
3.445500e-01
3.455437e-01
3.465375e-01
3.475313e-01
3.485251e-01
3.495188e-01
3.505126e-01
3.515064e-01
3.525001e-01
3.534939e-01
3.544877e-01
3.554814e-01
3.564752e-01
3.574690e-01
3.584628e-01
3.594565e-01
3.604503e-01
3.614441e-01
3.624378e-01
3.634316e-01
3.644254e-01
3.654191e-01
3.664129e-01
3.674067e-01
3.684005e-01
3.693942e-01
3.703880e-01
3.713818e-01
3.723755e-01
3.733693e-01
3.743631e-01
3.753568e-01
3.763506e-01
3.773444e-01
3.783382e-01
3.793319e-01
3.803257e-01
3.813195e-01
3.823132e-01
3.833070e-01
3.843008e-01
3.852946e-01
3.862883e-01
3.872821e-01
3.882759e-01
3.892696e-01
3.902634e-01
3.912572e-01
3.922509e-01
3.932447e-01
3.942385e-01
3.952323e-01
3.962260e-01
3.972198e-01
3.982136e-01
3.992073e-01
4.002011e-01
4.011949e-01
4.021886e-01
4.031824e-01
4.041762e-01
4.051700e-01
4.061637e-01
4.071575e-01
4.081513e-01
4.091450e-01
4.101388e-01
4.111326e-01
4.121263e-01
4.131201e-01
4.141139e-01
4.151077e-01
4.161014e-01
4.170952e-01
4.180890e-01
4.190827e-01
4.200765e-01
4.210703e-01
4.220640e-01
4.230578e-01
4.240516e-01
4.250454e-01
4.260391e-01
4.270329e-01
4.280267e-01
4.290204e-01
4.300142e-01
4.310080e-01
4.320017e-01
4.329955e-01
4.339893e-01
4.349831e-01
4.359768e-01
4.369706e-01
4.379644e-01
4.389581e-01
4.399519e-01
4.409457e-01
4.419395e-01
4.429332e-01
4.439270e-01
4.449208e-01
4.459145e-01
4.469083e-01
4.479021e-01
4.488958e-01
4.498896e-01
4.508834e-01
4.518772e-01
4.528709e-01
4.538647e-01
4.548585e-01
4.558522e-01
4.568460e-01
4.578398e-01
4.588335e-01
4.598273e-01
4.608211e-01
4.618149e-01
4.628086e-01
4.638024e-01
4.647962e-01
4.657899e-01
4.667837e-01
4.677775e-01
4.687712e-01
4.697650e-01
4.707588e-01
4.717526e-01
4.727463e-01
4.737401e-01
4.747339e-01
4.757276e-01
4.767214e-01
4.777152e-01
4.787089e-01
4.797027e-01
4.806965e-01
4.816903e-01
4.826840e-01
4.836778e-01
4.855339e-01
4.873900e-01
4.892461e-01
4.911022e-01
4.929583e-01
4.948144e-01
4.966706e-01
4.985267e-01
5.003828e-01
5.022389e-01
5.040950e-01
5.059511e-01
5.078072e-01
5.096633e-01
5.115194e-01
5.133756e-01
5.152317e-01
5.170878e-01
5.189439e-01
5.208000e-01
5.226561e-01
5.245122e-01
5.263683e-01
5.282244e-01
5.300806e-01
5.319367e-01
5.337928e-01
5.356489e-01
5.375050e-01
5.393611e-01
5.412172e-01
5.430733e-01
5.449294e-01
5.467856e-01
5.486417e-01
5.504978e-01
5.523539e-01
5.542100e-01
5.560661e-01
5.579222e-01
5.597783e-01
5.616344e-01
5.634906e-01
5.653467e-01
5.672028e-01
5.690589e-01
5.709150e-01
5.727711e-01
5.746272e-01
5.764833e-01
5.783394e-01
5.801956e-01
5.820517e-01
5.839078e-01
5.857639e-01
5.876200e-01
5.894761e-01
5.913322e-01
5.931883e-01
5.950444e-01
5.969006e-01
5.987567e-01
6.006128e-01
6.024689e-01
6.043250e-01
6.061811e-01
6.080372e-01
6.098933e-01
6.117494e-01
6.136056e-01
6.154617e-01
6.173178e-01
6.191739e-01
6.210300e-01
6.228861e-01
6.247422e-01
6.265983e-01
6.284544e-01
6.303106e-01
6.321667e-01
6.340228e-01
6.358789e-01
6.377350e-01
6.395911e-01
6.414472e-01
6.433033e-01
6.451594e-01
6.470156e-01
6.488717e-01
6.507278e-01
6.525839e-01
6.544400e-01
6.562961e-01
6.581522e-01
6.600083e-01
6.618644e-01
6.637206e-01
6.655767e-01
6.674328e-01
6.692889e-01
6.715655e-01
6.738423e-01
6.761189e-01
6.783956e-01
6.806723e-01
6.829489e-01
6.852256e-01
6.875023e-01
6.897789e-01
6.920556e-01
6.943323e-01
6.966089e-01
6.988856e-01
7.011623e-01
7.034390e-01
7.057156e-01
7.079923e-01
7.102690e-01
7.125457e-01
7.148223e-01
7.170990e-01
7.193757e-01
7.216524e-01
7.239290e-01
7.262057e-01
7.284824e-01
7.307590e-01
7.330357e-01
7.353124e-01
7.375891e-01
7.398657e-01
7.421424e-01
7.444191e-01
7.466957e-01
7.489724e-01
7.512491e-01
7.535257e-01
7.558024e-01
7.580791e-01
7.603557e-01
7.626325e-01
7.649091e-01
7.671858e-01
7.694625e-01
7.717392e-01
7.740158e-01
7.762925e-01
7.785692e-01
7.808458e-01
7.831225e-01
7.853992e-01
7.876758e-01
7.899525e-01
7.922292e-01
7.945058e-01
7.967826e-01
7.990592e-01
8.013359e-01
8.036126e-01
8.058892e-01
8.081659e-01
8.104426e-01
8.127192e-01
8.149959e-01
8.172726e-01
8.195492e-01
8.218259e-01
8.241026e-01
8.263793e-01
8.286559e-01
8.309326e-01
8.332093e-01
8.354859e-01
8.377627e-01
8.400393e-01
8.423160e-01
8.445927e-01
8.468693e-01
8.491460e-01
8.514227e-01
8.536993e-01
8.559760e-01
8.582527e-01
8.605293e-01
8.628060e-01
8.650827e-01
8.673594e-01
8.696360e-01
8.719127e-01
8.741894e-01
8.764661e-01
8.787427e-01
8.810194e-01
8.832961e-01
8.855727e-01
8.878494e-01
8.901261e-01
8.924028e-01
8.946794e-01
8.969561e-01
8.992328e-01
9.015095e-01
9.037861e-01
9.060628e-01
9.083395e-01
9.106161e-01
9.128928e-01
9.151695e-01
9.174461e-01
9.197228e-01
9.219995e-01
9.242761e-01
9.265529e-01
9.288295e-01
9.311062e-01
9.333829e-01
9.356596e-01
9.379362e-01
9.402129e-01
9.424896e-01
9.447662e-01
9.470429e-01
9.493196e-01
9.515962e-01
9.538729e-01
9.561496e-01
9.584262e-01
9.607030e-01
9.629796e-01
9.652563e-01
9.675330e-01
9.698096e-01
9.720863e-01
9.743630e-01
9.766396e-01
9.789163e-01
9.811930e-01
9.834696e-01
9.857463e-01
9.880232e-01
9.902997e-01
9.925762e-01
9.948532e-01
9.971297e-01
9.994062e-01
1.001683e+00
1.003960e+00
1.006236e+00
1.008513e+00
1.010790e+00
1.013066e+00
1.015343e+00
1.017620e+00
1.019896e+00
1.022173e+00
1.024450e+00
1.026726e+00
1.029003e+00
1.031280e+00
1.033556e+00
1.035833e+00
1.038110e+00
1.040386e+00
1.042663e+00
1.044940e+00
1.047216e+00
1.049493e+00
1.051770e+00
1.054046e+00
1.056323e+00
1.058600e+00
1.060876e+00
1.063153e+00
1.065430e+00
1.067706e+00
1.069983e+00
1.072260e+00
1.074537e+00
1.076813e+00
1.079090e+00
1.081366e+00
1.083643e+00
1.085920e+00
1.088197e+00
1.090473e+00
1.092750e+00
1.095026e+00
1.097303e+00
1.099580e+00
1.101857e+00
1.104134e+00
1.106410e+00
1.108686e+00
1.110963e+00
1.113240e+00
1.115517e+00
1.117794e+00
1.120070e+00
1.122346e+00
1.124623e+00
1.126900e+00
1.129261e+00
1.131621e+00
1.133983e+00
1.136343e+00
1.138704e+00
1.141065e+00
1.143426e+00
1.145786e+00
1.148147e+00
1.150508e+00
1.152868e+00
1.155229e+00
1.157590e+00
1.159951e+00
1.162312e+00
1.164672e+00
1.167033e+00
1.169394e+00
1.171755e+00
1.174116e+00
1.176477e+00
1.178837e+00
1.181198e+00
1.183559e+00
1.185919e+00
1.188280e+00
1.190641e+00
1.193002e+00
1.195362e+00
1.197724e+00
1.200084e+00
1.202445e+00
1.204806e+00
1.207166e+00
1.209527e+00
1.211888e+00
1.214249e+00
1.216610e+00
1.218971e+00
1.221331e+00
1.223692e+00
1.226053e+00
1.228413e+00
1.230774e+00
1.233135e+00
1.235496e+00
1.237857e+00
1.240217e+00
1.242578e+00
1.244939e+00
1.247299e+00
1.249661e+00
1.252022e+00
1.254382e+00
1.256743e+00
1.259104e+00
1.261464e+00
1.263825e+00
1.266186e+00
1.268547e+00
1.270907e+00
1.273268e+00
1.275629e+00
1.277990e+00
1.280351e+00
1.282711e+00
1.285072e+00
1.287433e+00
1.289794e+00
1.292155e+00
1.294516e+00
1.296876e+00
1.299237e+00
1.301598e+00
1.303958e+00
1.306319e+00
1.308680e+00
1.311041e+00
1.313402e+00
1.315762e+00
1.318123e+00
1.320484e+00
1.322844e+00
1.325206e+00
1.327567e+00
1.329927e+00
1.332288e+00
1.334649e+00
1.337009e+00
1.339370e+00
1.341731e+00
1.344092e+00
1.346452e+00
1.348813e+00
1.351174e+00
1.353535e+00
1.355896e+00
1.358256e+00
1.360617e+00
1.362978e+00
1.365339e+00
1.367700e+00
1.370061e+00
1.372421e+00
1.374782e+00
1.377143e+00
1.379503e+00
1.381864e+00
1.384225e+00
1.386586e+00
1.388947e+00
1.391307e+00
1.393668e+00
1.396029e+00
1.398389e+00
1.400751e+00
1.403112e+00
1.405472e+00
1.407833e+00
1.410194e+00
1.412554e+00
1.414915e+00
1.417276e+00
1.419637e+00
1.421997e+00
1.424358e+00
1.426719e+00
1.429080e+00
1.431441e+00
1.433801e+00
1.436162e+00
1.438523e+00
1.440884e+00
1.443245e+00
1.445606e+00
1.447966e+00
1.450327e+00
1.452688e+00
1.455048e+00
1.457409e+00
1.459770e+00
1.462131e+00
1.464492e+00
1.466852e+00
1.469213e+00
1.471574e+00
1.473934e+00
1.476295e+00
1.478657e+00
1.481017e+00
1.483378e+00
1.485739e+00
1.488099e+00
1.490460e+00
1.492821e+00
1.495182e+00
1.497542e+00
1.499903e+00
1.502264e+00
1.504625e+00
1.506986e+00
1.509346e+00
1.511707e+00
1.514068e+00
1.516429e+00
1.518790e+00
1.521150e+00
1.523511e+00
1.525872e+00
1.528233e+00
1.530593e+00
1.532954e+00
1.535315e+00
1.537676e+00
1.540036e+00
1.542397e+00
1.544758e+00
1.547119e+00
1.549479e+00
1.551840e+00
1.554202e+00
1.556562e+00
1.558923e+00
1.561284e+00
1.563644e+00
1.566005e+00
1.568366e+00
1.570727e+00
1.573087e+00
1.575448e+00
1.577809e+00
1.580170e+00
1.582531e+00
1.584891e+00
1.587252e+00
1.589613e+00
1.591974e+00
1.594335e+00
1.596695e+00
1.599056e+00
1.601417e+00
1.603777e+00
1.606138e+00
1.608499e+00
1.610860e+00
1.613221e+00
1.615581e+00
1.617942e+00
1.620303e+00
1.622664e+00
1.625024e+00
1.627385e+00
1.629746e+00
1.632107e+00
1.634468e+00
1.636829e+00
1.639189e+00
1.641550e+00
1.643911e+00
1.646272e+00
1.648632e+00
1.650993e+00
1.653354e+00
1.655715e+00
1.658076e+00
1.660436e+00
1.662797e+00
1.665157e+00
1.667518e+00
1.669880e+00
1.672240e+00
1.674601e+00
1.676962e+00
1.679322e+00
1.681683e+00
1.684044e+00
1.686405e+00
1.688766e+00
1.691126e+00
1.693487e+00
1.695848e+00
1.698209e+00
1.700569e+00
1.702930e+00
1.705291e+00
1.707652e+00
1.710013e+00
1.712374e+00
1.714734e+00
1.717095e+00
1.719456e+00
1.721817e+00
1.724177e+00
1.726538e+00
1.728899e+00
1.731260e+00
1.733620e+00
1.735981e+00
1.738342e+00
1.740702e+00
1.743063e+00
1.745425e+00
1.747785e+00
1.750146e+00
1.752507e+00
1.754867e+00
1.757228e+00
1.759589e+00
1.761950e+00
1.764311e+00
1.766671e+00
1.769032e+00
1.771393e+00
1.773754e+00
1.776114e+00
1.778475e+00
1.780836e+00
1.783197e+00
1.785558e+00
1.787919e+00
1.790279e+00
1.792640e+00
1.795001e+00
1.797362e+00
1.799722e+00
1.802083e+00
1.804444e+00
1.806805e+00
1.809165e+00
1.811526e+00
1.813887e+00
1.816247e+00
1.818608e+00
1.820970e+00
1.823330e+00
1.825691e+00
1.828052e+00
1.830412e+00
1.832773e+00
1.835134e+00
1.837495e+00
1.839856e+00
1.843518e+00
1.847181e+00
1.850844e+00
1.854506e+00
1.858169e+00
1.861832e+00
1.865495e+00
1.869158e+00
1.872820e+00
1.876483e+00
1.880146e+00
1.883808e+00
1.887472e+00
1.891134e+00
1.894796e+00
1.898459e+00
1.902122e+00
1.905785e+00
1.909448e+00
1.913110e+00
1.916773e+00
1.920436e+00
1.924098e+00
1.927761e+00
1.931424e+00
1.935087e+00
1.938750e+00
1.942412e+00
1.946075e+00
1.949738e+00
1.953400e+00
1.957064e+00
1.960726e+00
1.964389e+00
1.968052e+00
1.971714e+00
1.975377e+00
1.979040e+00
1.982703e+00
1.986366e+00
1.990028e+00
1.993691e+00
1.997354e+00
2.001016e+00
2.004679e+00
2.008342e+00
2.012004e+00
2.015667e+00
2.019330e+00
2.022992e+00
2.026656e+00
2.030318e+00
2.033981e+00
2.037644e+00
2.041306e+00
2.044969e+00
2.048632e+00
2.052295e+00
2.055957e+00
2.059620e+00
2.063283e+00
2.066946e+00
2.070608e+00
2.074271e+00
2.077934e+00
2.081597e+00
2.085259e+00
2.088922e+00
2.092585e+00
2.096247e+00
2.099911e+00
2.103573e+00
2.107236e+00
2.110898e+00
2.114561e+00
2.118224e+00
2.121887e+00
2.125549e+00
2.129212e+00
2.132875e+00
2.136537e+00
2.140200e+00
2.143863e+00
2.147526e+00
2.151189e+00
2.154851e+00
2.158514e+00
2.162177e+00
2.165839e+00
2.169503e+00
2.173165e+00
2.176828e+00
2.180491e+00
2.184153e+00
2.187816e+00
2.191479e+00
2.195142e+00
2.198805e+00
2.202467e+00
2.206130e+00
2.209792e+00
2.213455e+00
2.217118e+00
2.220781e+00
2.224443e+00
2.228106e+00
2.231769e+00
2.235431e+00
2.239095e+00
2.242757e+00
2.246420e+00
2.250083e+00
2.253745e+00
2.257408e+00
2.261071e+00
2.264734e+00
2.268396e+00
2.272059e+00
2.275722e+00
2.279385e+00
2.283047e+00
2.286710e+00
2.290373e+00
2.294036e+00
2.297698e+00
2.301361e+00
2.305024e+00
2.308686e+00
2.312350e+00
2.316012e+00
2.319675e+00
2.323337e+00
2.327000e+00
2.330663e+00
2.334326e+00
2.337988e+00
2.341651e+00
2.345314e+00
2.348976e+00
2.352639e+00
2.356302e+00
2.359965e+00
2.363628e+00
2.367290e+00
2.370953e+00
2.374616e+00
2.378278e+00
2.381942e+00
2.385604e+00
2.389267e+00
2.392930e+00
2.396592e+00
2.400255e+00
2.403918e+00
2.407581e+00
2.411244e+00
2.414906e+00
2.418568e+00
2.422231e+00
2.425894e+00
2.429557e+00
2.433220e+00
2.436882e+00
2.440545e+00
2.444208e+00
2.447870e+00
2.451534e+00
2.455196e+00
2.458859e+00
2.462522e+00
2.466184e+00
2.469847e+00
2.473510e+00
2.477173e+00
2.480836e+00
2.484498e+00
2.488161e+00
2.491824e+00
2.495486e+00
2.499149e+00
2.502812e+00
2.506475e+00
2.510137e+00
2.513800e+00
2.517463e+00
2.521126e+00
2.524788e+00
2.528451e+00
2.532114e+00
2.535776e+00
2.539439e+00
2.543102e+00
2.546765e+00
2.550427e+00
2.554090e+00
2.557753e+00
2.561416e+00
2.565078e+00
2.568741e+00
2.572404e+00
2.576067e+00
2.579332e+00
2.582598e+00
2.585863e+00
2.589129e+00
2.592395e+00
2.595660e+00
2.598926e+00
2.602191e+00
2.605457e+00
2.608722e+00
2.611988e+00
2.615253e+00
2.618519e+00
2.621785e+00
2.625050e+00
2.628316e+00
2.631581e+00
2.634847e+00
2.638112e+00
2.641378e+00
2.644644e+00
2.647909e+00
2.651174e+00
2.654440e+00
2.657706e+00
2.660971e+00
2.664237e+00
2.667502e+00
2.670768e+00
2.674034e+00
2.677299e+00
2.680564e+00
2.683830e+00
2.687096e+00
2.690361e+00
2.693627e+00
2.696892e+00
2.700158e+00
2.703424e+00
2.706689e+00
2.709955e+00
2.713220e+00
2.716486e+00
2.719751e+00
2.723017e+00
2.726282e+00
2.729548e+00
2.732814e+00
2.736079e+00
2.739345e+00
2.742610e+00
2.745876e+00
2.749141e+00
2.752407e+00
2.755673e+00
2.758938e+00
2.762203e+00
2.765469e+00
2.768735e+00
2.772000e+00
2.775266e+00
2.778531e+00
2.781797e+00
2.785063e+00
2.788328e+00
2.791594e+00
2.794859e+00
2.798125e+00
2.801390e+00
2.804656e+00
2.807921e+00
2.811187e+00
2.814453e+00
2.817718e+00
2.820984e+00
2.824249e+00
2.827515e+00
2.830780e+00
2.834046e+00
2.837312e+00
2.840577e+00
2.843843e+00
2.847108e+00
2.850374e+00
2.853639e+00
2.856905e+00
2.860170e+00
2.863436e+00
2.866702e+00
2.869967e+00
2.873233e+00
2.876498e+00
2.879764e+00
2.883029e+00
2.886295e+00
2.889560e+00
2.892826e+00
2.896092e+00
2.899357e+00
2.902623e+00
2.905888e+00
2.909154e+00
2.912419e+00
2.915685e+00
2.918951e+00
2.922216e+00
2.925482e+00
2.928747e+00
2.932013e+00
2.935278e+00
2.938544e+00
2.941809e+00
2.945075e+00
2.948341e+00
2.951606e+00
2.954872e+00
2.958137e+00
2.961403e+00
2.964668e+00
2.967934e+00
2.971199e+00
2.974465e+00
2.977731e+00
2.980996e+00
2.984262e+00
2.987527e+00
2.990793e+00
2.994058e+00
2.997324e+00
3.000590e+00
3.003855e+00
3.007121e+00
3.010386e+00
3.013652e+00
3.016917e+00
3.020183e+00
3.023448e+00
3.026714e+00
3.029980e+00
3.033245e+00
3.036511e+00
3.039776e+00
3.043042e+00
3.046308e+00
3.049573e+00
3.052838e+00
3.056105e+00
3.059370e+00
3.062635e+00
3.065901e+00
3.069166e+00
3.072432e+00
3.075697e+00
3.078963e+00
3.082229e+00
3.085494e+00
3.088760e+00
3.092025e+00
3.095291e+00
3.098556e+00
3.101822e+00
3.105087e+00
3.108353e+00
3.111619e+00
3.114884e+00
3.118150e+00
3.121415e+00
3.124681e+00
3.127947e+00
3.131212e+00
3.134477e+00
3.137744e+00
3.141009e+00
3.144274e+00
3.147540e+00
3.150805e+00
3.154071e+00
3.157337e+00
3.160602e+00
3.163867e+00
3.167134e+00
3.170399e+00
3.173664e+00
3.176930e+00
3.180195e+00
3.183461e+00
3.186726e+00
3.189992e+00
3.193258e+00
3.196523e+00
3.199789e+00
3.203054e+00
3.206320e+00
3.209585e+00
3.212851e+00
3.216116e+00
3.219383e+00
3.222648e+00
3.225913e+00
3.229179e+00
3.232444e+00
3.236198e+00
3.239950e+00
3.243704e+00
3.247457e+00
3.251210e+00
3.254963e+00
3.258716e+00
3.262469e+00
3.266222e+00
3.269975e+00
3.273729e+00
3.277482e+00
3.281234e+00
3.284988e+00
3.288741e+00
3.292494e+00
3.296247e+00
3.300000e+00
3.303753e+00
3.307506e+00
3.311259e+00
3.315012e+00
3.318766e+00
3.322519e+00
3.326272e+00
3.330025e+00
3.333778e+00
3.337531e+00
3.341284e+00
3.345037e+00
3.348790e+00
3.352543e+00
3.356296e+00
3.360050e+00
3.363803e+00
3.367556e+00
3.371309e+00
3.375062e+00
3.378815e+00
3.382568e+00
3.386321e+00
3.390075e+00
3.393827e+00
3.397580e+00
3.401334e+00
3.405086e+00
3.408840e+00
3.412593e+00
3.416346e+00
3.420099e+00
3.423852e+00
3.427605e+00
3.431358e+00
3.435111e+00
3.438865e+00
3.442618e+00
3.446370e+00
3.450124e+00
3.453877e+00
3.457630e+00
3.461383e+00
3.465136e+00
3.468889e+00
3.472642e+00
3.476395e+00
3.480148e+00
3.483902e+00
3.487655e+00
3.491408e+00
3.495161e+00
3.498914e+00
3.502667e+00
3.506420e+00
3.510173e+00
3.513926e+00
3.517679e+00
3.521432e+00
3.525186e+00
3.528939e+00
3.532692e+00
3.536445e+00
3.540198e+00
3.543951e+00
3.547704e+00
3.551457e+00
3.555211e+00
3.558963e+00
3.562716e+00
3.566470e+00
3.570222e+00
3.573976e+00
3.577729e+00
3.581482e+00
3.585235e+00
3.588988e+00
3.592741e+00
3.596494e+00
3.600247e+00
3.604001e+00
3.607754e+00
3.611506e+00
3.615260e+00
3.619012e+00
3.622766e+00
3.626519e+00
3.630272e+00
3.634025e+00
3.637778e+00
3.641531e+00
3.645284e+00
3.649038e+00
3.652791e+00
3.656544e+00
3.660296e+00
3.664050e+00
3.667803e+00
3.671556e+00
3.675309e+00
3.679062e+00
3.682815e+00
3.686568e+00
3.690322e+00
3.694075e+00
3.697828e+00
3.701581e+00
3.705334e+00
3.709087e+00
3.712840e+00
3.716593e+00
3.720347e+00
3.724099e+00
3.727852e+00
3.731606e+00
3.735358e+00
3.739112e+00
3.742865e+00
3.746618e+00
3.750371e+00
3.754124e+00
3.757877e+00
3.761630e+00
3.765383e+00
3.769137e+00
3.772890e+00
3.776642e+00
3.780396e+00
3.784148e+00
3.787902e+00
3.791655e+00
3.795408e+00
3.799161e+00
3.802914e+00
3.806667e+00
3.810420e+00
3.814174e+00
3.817927e+00
3.821680e+00
3.825432e+00
3.829186e+00
3.832939e+00
3.836692e+00
3.840445e+00
3.844198e+00
3.847951e+00
3.851704e+00
3.855458e+00
3.859211e+00
3.862964e+00
3.866717e+00
3.870470e+00
3.874223e+00
3.877976e+00
3.881729e+00
3.885483e+00
3.889235e+00
3.892988e+00
3.896742e+00
3.900494e+00
3.904248e+00
3.908001e+00
3.911754e+00
3.915507e+00
3.919260e+00
3.923013e+00
3.926766e+00
3.930519e+00
3.934273e+00
3.938026e+00
3.941778e+00
3.945532e+00
3.949284e+00
3.953038e+00
3.956791e+00
3.960544e+00
3.964297e+00
3.968050e+00
3.971803e+00
3.975556e+00
3.979310e+00
3.983063e+00
3.986816e+00
3.990568e+00
3.994322e+00
3.998075e+00
4.001828e+00
4.005581e+00
4.009334e+00
4.013087e+00
4.016840e+00
4.020594e+00
4.024347e+00
4.028100e+00
4.031853e+00
4.035606e+00
4.039359e+00
4.043112e+00
4.046865e+00
4.050619e+00
4.054371e+00
4.058124e+00
4.061878e+00
4.065630e+00
4.069384e+00
4.073137e+00
4.076890e+00
4.080643e+00
4.084396e+00
4.088149e+00
4.091902e+00
4.095655e+00
4.099409e+00
4.103161e+00
4.106914e+00
4.110668e+00
4.114420e+00
4.118174e+00
4.121927e+00
4.125680e+00
4.129433e+00
4.133186e+00
4.136939e+00
4.140692e+00
4.144445e+00
4.148199e+00
4.151952e+00
4.155704e+00
4.159458e+00
4.163211e+00
4.166964e+00
4.170717e+00
4.174470e+00
4.178223e+00
4.181976e+00
4.185729e+00
4.189483e+00
4.193236e+00
4.196989e+00
4.200742e+00
4.204495e+00
4.208248e+00
4.212001e+00
4.215755e+00
4.219507e+00
4.223260e+00
4.227013e+00
4.230766e+00
4.234520e+00
4.238273e+00
4.242026e+00
4.245779e+00
4.249532e+00
4.253285e+00
4.257038e+00
4.260791e+00
4.264545e+00
4.268297e+00
4.272050e+00
4.275804e+00
4.279556e+00
4.283310e+00
4.287063e+00
4.290816e+00
4.294569e+00
4.298322e+00
4.302075e+00
4.305828e+00
4.309581e+00
4.313335e+00
4.317088e+00
4.320840e+00
4.324594e+00
4.328347e+00
4.332100e+00
4.335853e+00
4.339606e+00
4.343359e+00
4.347112e+00
4.350865e+00
4.354619e+00
4.358372e+00
4.362125e+00
4.365878e+00
4.367193e+00
4.368507e+00
4.369822e+00
4.371136e+00
4.372451e+00
4.373766e+00
4.375080e+00
4.376395e+00
4.377710e+00
4.379024e+00
4.380339e+00
4.381653e+00
4.382968e+00
4.384283e+00
4.385597e+00
4.386912e+00
4.388227e+00
4.389541e+00
4.390856e+00
4.392170e+00
4.393485e+00
4.394800e+00
4.396114e+00
4.397429e+00
4.398744e+00
4.400058e+00
4.401373e+00
4.402687e+00
4.404002e+00
4.405317e+00
4.406631e+00
4.407946e+00
4.409261e+00
4.410575e+00
4.411890e+00
4.413204e+00
4.414519e+00
4.415834e+00
4.417148e+00
4.418463e+00
4.419777e+00
4.421092e+00
4.422407e+00
4.423721e+00
4.425036e+00
4.426351e+00
4.427665e+00
4.428980e+00
4.430294e+00
4.431609e+00
4.432924e+00
4.434239e+00
4.435553e+00
4.436868e+00
4.438182e+00
4.439497e+00
4.440811e+00
4.442126e+00
4.443441e+00
4.444755e+00
4.446071e+00
4.447385e+00
4.448700e+00
4.450014e+00
4.451329e+00
4.452643e+00
4.453958e+00
4.455272e+00
4.456587e+00
4.457902e+00
4.459217e+00
4.460531e+00
4.461846e+00
4.463161e+00
4.464475e+00
4.465790e+00
4.467104e+00
4.468419e+00
4.469733e+00
4.471049e+00
4.472363e+00
4.473678e+00
4.474992e+00
4.476307e+00
4.477621e+00
4.478936e+00
4.480250e+00
4.481565e+00
4.482880e+00
4.484195e+00
4.485509e+00
4.486824e+00
4.488139e+00
4.489453e+00
4.490768e+00
4.492082e+00
4.493397e+00
4.494712e+00
4.496026e+00
4.497341e+00
4.498656e+00
4.499970e+00
4.501285e+00
4.502599e+00
4.503914e+00
4.505229e+00
4.506543e+00
4.507858e+00
4.509173e+00
4.510487e+00
4.511802e+00
4.513116e+00
4.514431e+00
4.515746e+00
4.517060e+00
4.518375e+00
4.519690e+00
4.521004e+00
4.522319e+00
4.523633e+00
4.524948e+00
4.526263e+00
4.527577e+00
4.528892e+00
4.530206e+00
4.531521e+00
4.532836e+00
4.534150e+00
4.535465e+00
4.536780e+00
4.538094e+00
4.539409e+00
4.540723e+00
4.542038e+00
4.543353e+00
4.544668e+00
4.545982e+00
4.547297e+00
4.548611e+00
4.549926e+00
4.551240e+00
4.552555e+00
4.553870e+00
4.555184e+00
4.556499e+00
4.557814e+00
4.559128e+00
4.560443e+00
4.561758e+00
4.563072e+00
4.564387e+00
4.565701e+00
4.567016e+00
4.568331e+00
4.569646e+00
4.570960e+00
4.572275e+00
4.573589e+00
4.574904e+00
4.576218e+00
4.577533e+00
4.578847e+00
4.580163e+00
4.581478e+00
4.582792e+00
4.584107e+00
4.585421e+00
4.586736e+00
4.588050e+00
4.589365e+00
4.590679e+00
4.591995e+00
4.593309e+00
4.594624e+00
4.595938e+00
4.597253e+00
4.598567e+00
4.599882e+00
4.601197e+00
4.602511e+00
4.603826e+00
4.605141e+00
4.606455e+00
4.607770e+00
4.609085e+00
4.610399e+00
4.611714e+00
4.613028e+00
4.614343e+00
4.615657e+00
4.616972e+00
4.618287e+00
4.619602e+00
4.620916e+00
4.622231e+00
4.623545e+00
4.624860e+00
4.626175e+00
4.627489e+00
4.628804e+00
4.630119e+00
4.631433e+00
4.632748e+00
4.634062e+00
4.635377e+00
4.636692e+00
4.638006e+00
4.639321e+00
4.640635e+00
4.641950e+00
4.643265e+00
4.644579e+00
4.645894e+00
4.647209e+00
4.648523e+00
4.649838e+00
4.651152e+00
4.652467e+00
4.653782e+00
4.655096e+00
4.656411e+00
4.657726e+00
4.659040e+00
4.660355e+00
4.661669e+00
4.662984e+00
4.664299e+00
4.665614e+00
4.666928e+00
4.668243e+00
4.669557e+00
4.670872e+00
4.672186e+00
4.673501e+00
4.674816e+00
4.676130e+00
4.677445e+00
4.678760e+00
4.680075e+00
4.681389e+00
4.682704e+00
4.684018e+00
4.685333e+00
4.686647e+00
4.687962e+00
4.689276e+00
4.690592e+00
4.691906e+00
4.693221e+00
4.694535e+00
4.695850e+00
4.697165e+00
4.698479e+00
4.699794e+00
4.701108e+00
4.702424e+00
4.703738e+00
4.705053e+00
4.706367e+00
4.707682e+00
4.708996e+00
4.710311e+00
4.711625e+00
4.712940e+00
4.714255e+00
4.715570e+00
4.716884e+00
4.718199e+00
4.719514e+00
4.720828e+00
4.722143e+00
4.723457e+00
4.724772e+00
4.726086e+00
4.727401e+00
4.728716e+00
4.730031e+00
4.731345e+00
4.732660e+00
4.733974e+00
4.735289e+00
4.736604e+00
4.737918e+00
4.739233e+00
4.740548e+00
4.741862e+00
4.743177e+00
4.744491e+00
4.745806e+00
4.747121e+00
4.748435e+00
4.749750e+00
4.751065e+00
4.752379e+00
4.753694e+00
4.755008e+00
4.756323e+00
4.757638e+00
4.758952e+00
4.760267e+00
4.761581e+00
4.762896e+00
4.764211e+00
4.765525e+00
4.766840e+00
4.768155e+00
4.769469e+00
4.770784e+00
4.772098e+00
4.773413e+00
4.774728e+00
4.776043e+00
4.777357e+00
4.778672e+00
4.779986e+00
4.781301e+00
4.782615e+00
4.783930e+00
4.785245e+00
4.786559e+00
4.787874e+00
4.789189e+00
4.790503e+00
4.791818e+00
4.793133e+00
4.794447e+00
4.795762e+00
4.797076e+00
4.798391e+00
4.799705e+00
4.801021e+00
4.802335e+00
4.803650e+00
4.804964e+00
4.806279e+00
4.807593e+00
4.808908e+00
4.810222e+00
4.811537e+00
4.812853e+00
4.814167e+00
4.815482e+00
4.816796e+00
4.818111e+00
4.819425e+00
4.820740e+00
4.822054e+00
4.823369e+00
4.824684e+00
4.825999e+00
4.827313e+00
4.828628e+00
4.829942e+00
4.831257e+00
4.832572e+00
4.833886e+00
4.835201e+00
4.836516e+00
4.837830e+00
4.839145e+00
4.840460e+00
4.841774e+00
4.843089e+00
4.844403e+00
4.845718e+00
4.847032e+00
4.848347e+00
4.849662e+00
4.850977e+00
4.852291e+00
4.853606e+00
4.854920e+00
4.856235e+00
4.857550e+00
4.858864e+00
4.860179e+00
4.861494e+00
4.862808e+00
4.864123e+00
4.865437e+00
4.866752e+00
4.868067e+00
4.869381e+00
4.870696e+00
4.872010e+00
4.873325e+00
4.874640e+00
4.875954e+00
4.877269e+00
4.878584e+00
4.879898e+00
4.881213e+00
4.882527e+00
4.883842e+00
4.885157e+00
4.886471e+00
4.887786e+00
4.889101e+00
4.890415e+00
4.891730e+00
4.893044e+00
4.894359e+00
4.895674e+00
4.896988e+00
4.898303e+00
4.899618e+00
4.900932e+00
4.902247e+00
4.903561e+00
4.904876e+00
4.906191e+00
4.907505e+00
4.908820e+00
4.910135e+00
4.911450e+00
4.912764e+00
4.914079e+00
4.915393e+00
4.916708e+00
4.918022e+00
4.919337e+00
4.920651e+00
4.921967e+00
4.923281e+00
4.924596e+00
4.925910e+00
4.927225e+00
4.928539e+00
4.929854e+00
4.931169e+00
4.932483e+00
4.933798e+00
4.935113e+00
4.936428e+00
4.937742e+00
4.939057e+00
4.940371e+00
4.941686e+00
4.943000e+00
4.944315e+00
4.945629e+00
4.946945e+00
4.948259e+00
4.949574e+00
4.950889e+00
4.952203e+00
4.953518e+00
4.954832e+00
4.956147e+00
4.957461e+00
4.958776e+00
4.960091e+00
4.961406e+00
4.962720e+00
4.964035e+00
4.965349e+00
4.966664e+00
4.967979e+00
4.969293e+00
4.970608e+00
4.971923e+00
4.973237e+00
4.974552e+00
4.975866e+00
4.977181e+00
4.978496e+00
4.979810e+00
4.981125e+00
4.982439e+00
4.983754e+00
4.985069e+00
4.986383e+00
4.987698e+00
4.989013e+00
4.990327e+00
4.991642e+00
4.992956e+00
4.994271e+00
4.995586e+00
4.996900e+00
4.998215e+00
4.999530e+00
5.000844e+00
5.002159e+00
5.003473e+00
5.004788e+00
5.006103e+00
5.007417e+00
5.008732e+00
5.010047e+00
5.011361e+00
5.012676e+00
5.013990e+00
5.015305e+00
5.016620e+00
5.017934e+00
5.019249e+00
5.020564e+00
5.021878e+00
5.023193e+00
5.024507e+00
5.025822e+00
5.023701e+00
5.021580e+00
5.019459e+00
5.017338e+00
5.015217e+00
5.013096e+00
5.010974e+00
5.008854e+00
5.006732e+00
5.004611e+00
5.002490e+00
5.000369e+00
4.998248e+00
4.996127e+00
4.994006e+00
4.991885e+00
4.989764e+00
4.987642e+00
4.985521e+00
4.983401e+00
4.981279e+00
4.979158e+00
4.977037e+00
4.974916e+00
4.972795e+00
4.970673e+00
4.968553e+00
4.966432e+00
4.964310e+00
4.962190e+00
4.960068e+00
4.957947e+00
4.955826e+00
4.953705e+00
4.951583e+00
4.949463e+00
4.947342e+00
4.945220e+00
4.943100e+00
4.940978e+00
4.938857e+00
4.936736e+00
4.934615e+00
4.932494e+00
4.930373e+00
4.928252e+00
4.926131e+00
4.924010e+00
4.921888e+00
4.919767e+00
4.917646e+00
4.915525e+00
4.913404e+00
4.911283e+00
4.909162e+00
4.907041e+00
4.904920e+00
4.902799e+00
4.900678e+00
4.898557e+00
4.896436e+00
4.894314e+00
4.892193e+00
4.890072e+00
4.887951e+00
4.885830e+00
4.883709e+00
4.881588e+00
4.879466e+00
4.877346e+00
4.875224e+00
4.873103e+00
4.870982e+00
4.868861e+00
4.866740e+00
4.864619e+00
4.862498e+00
4.860377e+00
4.858256e+00
4.856134e+00
4.854013e+00
4.851892e+00
4.849771e+00
4.847650e+00
4.845529e+00
4.843408e+00
4.841287e+00
4.839166e+00
4.837045e+00
4.834923e+00
4.832803e+00
4.830682e+00
4.828560e+00
4.826439e+00
4.824318e+00
4.822197e+00
4.820076e+00
4.817955e+00
4.815834e+00
4.813713e+00
4.811592e+00
4.809470e+00
4.807350e+00
4.805228e+00
4.803107e+00
4.800986e+00
4.798865e+00
4.796744e+00
4.794623e+00
4.792502e+00
4.790380e+00
4.788260e+00
4.786138e+00
4.784017e+00
4.781896e+00
4.779775e+00
4.777654e+00
4.775533e+00
4.773412e+00
4.771291e+00
4.769169e+00
4.767049e+00
4.764928e+00
4.762806e+00
4.760685e+00
4.758564e+00
4.756443e+00
4.754322e+00
4.752201e+00
4.750080e+00
4.747959e+00
4.745838e+00
4.743716e+00
4.741596e+00
4.739474e+00
4.737353e+00
4.735232e+00
4.733111e+00
4.730990e+00
4.728869e+00
4.726748e+00
4.724626e+00
4.722506e+00
4.720384e+00
4.718263e+00
4.716143e+00
4.714021e+00
4.711900e+00
4.709779e+00
4.707658e+00
4.705537e+00
4.703416e+00
4.701294e+00
4.699174e+00
4.697053e+00
4.694931e+00
4.692810e+00
4.690689e+00
4.688568e+00
4.686447e+00
4.684325e+00
4.682205e+00
4.680084e+00
4.677962e+00
4.675842e+00
4.673720e+00
4.671599e+00
4.669478e+00
4.667357e+00
4.665236e+00
4.663115e+00
4.660994e+00
4.658872e+00
4.656752e+00
4.654630e+00
4.652509e+00
4.650389e+00
4.648267e+00
4.646146e+00
4.644025e+00
4.641904e+00
4.639783e+00
4.637662e+00
4.635540e+00
4.633420e+00
4.631299e+00
4.629177e+00
4.627056e+00
4.624935e+00
4.622814e+00
4.620693e+00
4.618572e+00
4.616451e+00
4.614330e+00
4.612209e+00
4.610088e+00
4.607966e+00
4.605845e+00
4.603724e+00
4.601603e+00
4.599482e+00
4.597361e+00
4.595240e+00
4.593119e+00
4.590998e+00
4.588876e+00
4.586755e+00
4.584634e+00
4.582513e+00
4.580392e+00
4.578271e+00
4.576150e+00
4.574029e+00
4.571908e+00
4.569786e+00
4.567665e+00
4.565545e+00
4.563423e+00
4.561302e+00
4.559181e+00
4.557060e+00
4.554939e+00
4.552818e+00
4.550697e+00
4.548576e+00
4.546455e+00
4.544334e+00
4.542212e+00
4.540091e+00
4.537970e+00
4.535849e+00
4.533728e+00
4.531607e+00
4.529486e+00
4.527365e+00
4.525244e+00
4.523122e+00
4.521002e+00
4.518880e+00
4.516759e+00
4.514639e+00
4.512517e+00
4.510396e+00
4.508275e+00
4.506154e+00
4.504032e+00
4.501912e+00
4.499791e+00
4.497669e+00
4.495549e+00
4.493427e+00
4.491306e+00
4.489185e+00
4.487064e+00
4.484943e+00
4.482822e+00
4.480701e+00
4.478580e+00
4.476458e+00
4.474337e+00
4.472216e+00
4.470095e+00
4.467974e+00
4.465853e+00
4.463732e+00
4.461611e+00
4.459490e+00
4.457368e+00
4.455248e+00
4.453126e+00
4.451005e+00
4.448885e+00
4.446763e+00
4.444642e+00
4.442521e+00
4.440400e+00
4.438278e+00
4.436158e+00
4.434036e+00
4.431915e+00
4.429795e+00
4.427673e+00
4.425552e+00
4.423431e+00
4.421310e+00
4.419189e+00
4.417068e+00
4.414947e+00
4.412826e+00
4.410705e+00
4.408583e+00
4.406462e+00
4.404341e+00
4.402220e+00
4.400099e+00
4.397978e+00
4.395857e+00
4.393736e+00
4.391614e+00
4.389494e+00
4.387372e+00
4.385251e+00
4.383131e+00
4.381009e+00
4.378888e+00
4.376767e+00
4.374646e+00
4.372524e+00
4.370404e+00
4.368282e+00
4.366161e+00
4.364041e+00
4.361919e+00
4.359798e+00
4.357677e+00
4.355556e+00
4.353435e+00
4.351314e+00
4.349193e+00
4.347072e+00
4.344951e+00
4.342829e+00
4.340708e+00
4.338587e+00
4.336466e+00
4.334345e+00
4.332224e+00
4.330103e+00
4.327982e+00
4.325861e+00
4.323740e+00
4.321618e+00
4.319497e+00
4.317376e+00
4.315255e+00
4.313134e+00
4.311013e+00
4.308892e+00
4.306771e+00
4.304650e+00
4.302528e+00
4.300408e+00
4.298287e+00
4.296165e+00
4.294044e+00
4.291923e+00
4.289802e+00
4.287681e+00
4.285560e+00
4.283439e+00
4.281318e+00
4.279197e+00
4.277075e+00
4.274954e+00
4.272833e+00
4.270712e+00
4.268591e+00
4.266470e+00
4.264349e+00
4.262228e+00
4.260107e+00
4.257986e+00
4.255864e+00
4.253743e+00
4.251622e+00
4.249501e+00
4.247380e+00
4.245259e+00
4.243138e+00
4.241017e+00
4.238896e+00
4.236774e+00
4.234654e+00
4.232533e+00
4.230411e+00
4.228291e+00
4.226169e+00
4.224048e+00
4.221927e+00
4.219806e+00
4.217684e+00
4.215564e+00
4.213443e+00
4.211321e+00
4.209201e+00
4.207079e+00
4.204958e+00
4.202837e+00
4.200716e+00
4.198595e+00
4.196474e+00
4.194353e+00
4.192232e+00
4.190110e+00
4.187989e+00
4.185868e+00
4.183747e+00
4.181626e+00
4.179505e+00
4.177384e+00
4.175263e+00
4.173142e+00
4.171020e+00
4.168900e+00
4.166779e+00
4.164657e+00
4.162537e+00
4.160415e+00
4.158294e+00
4.156173e+00
4.154052e+00
4.151930e+00
4.149810e+00
4.147689e+00
4.145567e+00
4.143447e+00
4.141325e+00
4.139204e+00
4.137083e+00
4.134962e+00
4.132841e+00
4.130720e+00
4.128599e+00
4.126478e+00
4.124357e+00
4.122235e+00
4.120114e+00
4.117993e+00
4.115872e+00
4.113751e+00
4.111630e+00
4.109509e+00
4.107388e+00
4.105267e+00
4.103146e+00
4.101024e+00
4.098903e+00
4.096783e+00
4.094661e+00
4.092540e+00
4.090419e+00
4.088298e+00
4.086176e+00
4.084056e+00
4.081935e+00
4.079813e+00
4.077693e+00
4.075571e+00
4.073450e+00
4.071329e+00
4.069208e+00
4.067087e+00
4.064966e+00
4.062845e+00
4.060724e+00
4.058603e+00
4.056481e+00
4.054360e+00
4.052239e+00
4.050118e+00
4.047997e+00
4.045876e+00
4.043755e+00
4.041634e+00
4.039513e+00
4.037392e+00
4.035270e+00
4.033150e+00
4.031029e+00
4.028907e+00
4.026786e+00
4.024665e+00
4.022544e+00
4.020423e+00
4.018302e+00
4.016181e+00
4.014060e+00
4.011939e+00
4.009817e+00
4.007697e+00
4.005575e+00
4.003454e+00
4.001333e+00
3.999212e+00
3.997091e+00
3.994970e+00
3.992849e+00
3.990727e+00
3.988606e+00
3.986485e+00
3.984364e+00
3.982243e+00
3.980122e+00
3.978001e+00
3.975880e+00
3.973759e+00
3.971638e+00
3.969516e+00
3.967395e+00
3.965275e+00
3.963153e+00
3.961032e+00
3.958911e+00
3.957969e+00
3.957028e+00
3.956087e+00
3.955146e+00
3.954204e+00
3.953263e+00
3.952322e+00
3.951380e+00
3.950439e+00
3.949498e+00
3.948556e+00
3.947615e+00
3.946674e+00
3.945732e+00
3.944791e+00
3.943849e+00
3.942908e+00
3.941967e+00
3.941026e+00
3.940084e+00
3.939142e+00
3.938202e+00
3.937260e+00
3.936319e+00
3.935377e+00
3.934436e+00
3.933495e+00
3.932553e+00
3.931612e+00
3.930670e+00
3.929729e+00
3.928788e+00
3.927846e+00
3.926905e+00
3.925964e+00
3.925022e+00
3.924081e+00
3.923140e+00
3.922199e+00
3.921257e+00
3.920316e+00
3.919375e+00
3.918433e+00
3.917492e+00
3.916550e+00
3.915609e+00
3.914668e+00
3.913726e+00
3.912785e+00
3.911843e+00
3.910902e+00
3.909961e+00
3.909019e+00
3.908078e+00
3.907137e+00
3.906195e+00
3.905254e+00
3.904313e+00
3.903371e+00
3.902430e+00
3.901489e+00
3.900547e+00
3.899606e+00
3.898665e+00
3.897723e+00
3.896782e+00
3.895841e+00
3.894899e+00
3.893958e+00
3.893017e+00
3.892075e+00
3.891134e+00
3.890192e+00
3.889251e+00
3.888310e+00
3.887368e+00
3.886427e+00
3.885485e+00
3.884544e+00
3.883603e+00
3.882661e+00
3.881720e+00
3.880779e+00
3.879838e+00
3.878896e+00
3.877955e+00
3.877014e+00
3.876072e+00
3.875131e+00
3.874190e+00
3.873248e+00
3.872307e+00
3.871365e+00
3.870424e+00
3.869483e+00
3.868541e+00
3.867600e+00
3.866658e+00
3.865718e+00
3.864776e+00
3.863834e+00
3.862893e+00
3.861952e+00
3.861011e+00
3.860069e+00
3.859128e+00
3.858186e+00
3.857245e+00
3.856304e+00
3.855362e+00
3.854421e+00
3.853480e+00
3.852538e+00
3.851597e+00
3.850656e+00
3.849714e+00
3.848773e+00
3.847832e+00
3.846891e+00
3.845949e+00
3.845007e+00
3.844066e+00
3.843125e+00
3.842184e+00
3.841242e+00
3.840300e+00
3.839360e+00
3.838418e+00
3.837477e+00
3.836535e+00
3.835594e+00
3.834653e+00
3.833711e+00
3.832770e+00
3.831829e+00
3.830887e+00
3.829946e+00
3.829005e+00
3.828063e+00
3.827122e+00
3.826180e+00
3.825239e+00
3.824298e+00
3.823357e+00
3.822415e+00
3.821473e+00
3.820533e+00
3.819591e+00
3.818650e+00
3.817708e+00
3.816767e+00
3.815826e+00
3.814884e+00
3.813943e+00
3.813001e+00
3.812060e+00
3.811119e+00
3.810177e+00
3.809236e+00
3.808295e+00
3.807353e+00
3.806412e+00
3.805471e+00
3.804530e+00
3.803588e+00
3.802647e+00
3.801706e+00
3.800764e+00
3.799823e+00
3.798881e+00
3.797940e+00
3.796999e+00
3.796057e+00
3.795116e+00
3.794175e+00
3.793233e+00
3.792292e+00
3.791350e+00
3.790409e+00
3.789468e+00
3.788526e+00
3.787585e+00
3.786644e+00
3.785702e+00
3.784761e+00
3.783820e+00
3.782878e+00
3.781937e+00
3.780996e+00
3.780054e+00
3.779113e+00
3.778172e+00
3.777230e+00
3.776289e+00
3.775348e+00
3.774406e+00
3.773465e+00
3.772523e+00
3.771583e+00
3.770641e+00
3.769699e+00
3.768758e+00
3.767816e+00
3.766876e+00
3.765934e+00
3.764992e+00
3.764051e+00
3.763110e+00
3.762169e+00
3.761227e+00
3.760286e+00
3.759345e+00
3.758403e+00
3.757462e+00
3.756521e+00
3.755579e+00
3.754638e+00
3.753697e+00
3.752755e+00
3.751814e+00
3.750872e+00
3.749931e+00
3.748990e+00
3.748049e+00
3.747107e+00
3.746165e+00
3.745224e+00
3.744283e+00
3.743342e+00
3.742400e+00
3.741459e+00
3.740517e+00
3.739576e+00
3.738635e+00
3.737693e+00
3.736752e+00
3.735811e+00
3.734869e+00
3.733928e+00
3.732987e+00
3.732045e+00
3.731104e+00
3.730163e+00
3.729222e+00
3.728280e+00
3.727338e+00
3.726398e+00
3.725456e+00
3.724515e+00
3.723573e+00
3.722631e+00
3.721691e+00
3.720749e+00
3.719807e+00
3.718866e+00
3.717925e+00
3.716984e+00
3.716042e+00
3.715101e+00
3.714160e+00
3.713218e+00
3.712277e+00
3.711336e+00
3.710394e+00
3.709453e+00
3.708512e+00
3.707570e+00
3.706629e+00
3.705687e+00
3.704746e+00
3.703805e+00
3.702864e+00
3.701922e+00
3.700980e+00
3.700039e+00
3.699098e+00
3.698157e+00
3.697215e+00
3.696274e+00
3.695332e+00
3.694391e+00
3.693450e+00
3.692508e+00
3.691567e+00
3.690626e+00
3.689684e+00
3.688743e+00
3.687802e+00
3.686860e+00
3.685919e+00
3.684978e+00
3.684037e+00
3.683095e+00
3.682153e+00
3.681213e+00
3.680271e+00
3.679330e+00
3.678388e+00
3.677446e+00
3.676506e+00
3.675564e+00
3.674623e+00
3.673681e+00
3.672740e+00
3.671799e+00
3.670857e+00
3.669916e+00
3.668975e+00
3.668033e+00
3.667092e+00
3.666151e+00
3.665209e+00
3.664268e+00
3.663327e+00
3.662385e+00
3.661444e+00
3.660503e+00
3.659561e+00
3.658620e+00
3.657679e+00
3.656737e+00
3.655796e+00
3.654854e+00
3.653913e+00
3.652972e+00
3.652030e+00
3.651089e+00
3.650147e+00
3.649206e+00
3.648265e+00
3.647323e+00
3.646382e+00
3.645441e+00
3.644499e+00
3.643558e+00
3.642617e+00
3.641676e+00
3.640734e+00
3.639793e+00
3.638852e+00
3.637910e+00
3.636969e+00
3.636028e+00
3.635086e+00
3.634145e+00
3.633203e+00
3.632262e+00
3.631321e+00
3.630379e+00
3.629438e+00
3.628496e+00
3.627555e+00
3.626614e+00
3.625672e+00
3.624731e+00
3.623790e+00
3.622849e+00
3.621907e+00
3.620966e+00
3.620024e+00
3.619083e+00
3.618142e+00
3.617200e+00
3.616259e+00
3.615318e+00
3.614376e+00
3.613435e+00
3.612494e+00
3.611552e+00
3.610611e+00
3.609669e+00
3.608729e+00
3.607787e+00
3.606845e+00
3.605904e+00
3.604962e+00
3.604022e+00
3.603080e+00
3.602138e+00
3.601197e+00
3.600256e+00
3.599315e+00
3.598373e+00
3.597432e+00
3.596491e+00
3.595549e+00
3.594608e+00
3.593667e+00
3.592725e+00
3.591784e+00
3.590843e+00
3.589901e+00
3.588960e+00
3.588018e+00
3.587077e+00
3.586136e+00
3.585195e+00
3.584253e+00
3.583311e+00
3.582370e+00
3.581429e+00
3.580488e+00
3.579546e+00
3.578605e+00
3.577664e+00
3.576722e+00
3.575781e+00
3.574839e+00
3.573898e+00
3.572957e+00
3.572015e+00
3.571074e+00
3.570133e+00
3.569191e+00
3.568250e+00
3.567309e+00
3.566368e+00
3.565426e+00
3.564484e+00
3.563544e+00
3.562602e+00
3.561661e+00
3.560719e+00
3.559778e+00
3.558837e+00
3.557895e+00
3.556954e+00
3.556012e+00
3.555071e+00
3.554130e+00
3.553188e+00
3.552247e+00
3.551306e+00
3.550364e+00
3.549423e+00
3.548482e+00
3.547540e+00
3.546599e+00
3.545658e+00
3.544716e+00
3.543775e+00
3.542834e+00
3.541892e+00
3.540951e+00
3.540010e+00
3.539068e+00
3.538127e+00
3.537186e+00
3.536244e+00
3.535303e+00
3.534361e+00
3.533420e+00
3.532479e+00
3.531537e+00
3.530596e+00
3.529654e+00
3.528713e+00
3.527772e+00
3.526830e+00
3.525889e+00
3.524948e+00
3.524007e+00
3.523065e+00
3.522124e+00
3.521183e+00
3.520241e+00
3.519300e+00
3.518359e+00
3.517417e+00
3.516476e+00
3.515534e+00
3.514593e+00
3.513652e+00
3.512710e+00
3.511769e+00
3.510827e+00
3.509887e+00
3.508945e+00
3.508003e+00
3.507062e+00
3.506121e+00
