1.235500e-03
1.237021e-03
1.238544e-03
1.240065e-03
1.241586e-03
1.243109e-03
1.244630e-03
1.246151e-03
1.247674e-03
1.249195e-03
1.250716e-03
1.252239e-03
1.253760e-03
1.255281e-03
1.256804e-03
1.258325e-03
1.259846e-03
1.261369e-03
1.262890e-03
1.264411e-03
1.265934e-03
1.267455e-03
1.268976e-03
1.270499e-03
1.272020e-03
1.273541e-03
1.275064e-03
1.276585e-03
1.278106e-03
1.279628e-03
1.281150e-03
1.391468e-03
1.501785e-03
1.612103e-03
1.722420e-03
1.832738e-03
1.943055e-03
2.053373e-03
2.163690e-03
2.274007e-03
2.384325e-03
2.494643e-03
2.604960e-03
2.715278e-03
2.825595e-03
2.935912e-03
3.046230e-03
3.156548e-03
3.266865e-03
3.377183e-03
3.487500e-03
3.538800e-03
3.590100e-03
3.641400e-03
3.692700e-03
3.744000e-03
3.795300e-03
3.846600e-03
3.897900e-03
3.949200e-03
4.000500e-03
4.051800e-03
4.103100e-03
4.154400e-03
4.205700e-03
4.257000e-03
4.308300e-03
4.359600e-03
4.410900e-03
4.376450e-03
4.513500e-03
4.650550e-03
4.787600e-03
4.924650e-03
5.061700e-03
5.198750e-03
5.335800e-03
5.472850e-03
5.609900e-03
5.746950e-03
5.884000e-03
6.021050e-03
6.158100e-03
6.295150e-03
6.432200e-03
6.569250e-03
6.706300e-03
6.843350e-03
6.980400e-03
7.117450e-03
7.254500e-03
7.391550e-03
7.528600e-03
7.665650e-03
7.802700e-03
7.939750e-03
8.076800e-03
8.213850e-03
8.350900e-03
8.487950e-03
8.625000e-03
8.744750e-03
8.864500e-03
8.984250e-03
9.104000e-03
9.223750e-03
9.343500e-03
9.463250e-03
9.583000e-03
9.702750e-03
9.822500e-03
9.942250e-03
1.006200e-02
1.018175e-02
1.030150e-02
1.042125e-02
1.054100e-02
1.066075e-02
1.078050e-02
1.090025e-02
1.102000e-02
1.113975e-02
1.125950e-02
1.137925e-02
1.149900e-02
1.161875e-02
1.173850e-02
1.185825e-02
1.197800e-02
1.209775e-02
1.221750e-02
1.233725e-02
1.245700e-02
1.257675e-02
1.269650e-02
1.281625e-02
1.293600e-02
1.305575e-02
1.317550e-02
1.329525e-02
1.341500e-02
1.353475e-02
1.365450e-02
1.377425e-02
1.389400e-02
1.401375e-02
1.413350e-02
1.425325e-02
1.437300e-02
1.449275e-02
1.461250e-02
1.475135e-02
1.489020e-02
1.502905e-02
1.516790e-02
1.530675e-02
1.544560e-02
1.558445e-02
1.572330e-02
1.586215e-02
1.600100e-02
1.613985e-02
1.627870e-02
1.641755e-02
1.655640e-02
1.669525e-02
1.683410e-02
1.697295e-02
1.711180e-02
1.725065e-02
1.738950e-02
1.752835e-02
1.766720e-02
1.780605e-02
1.794490e-02
1.808375e-02
1.822260e-02
1.836145e-02
1.850030e-02
1.863915e-02
1.877800e-02
1.891685e-02
1.905570e-02
1.919455e-02
1.933340e-02
1.947225e-02
1.961110e-02
1.974995e-02
1.988880e-02
2.002765e-02
2.016650e-02
2.030535e-02
2.044420e-02
2.058305e-02
2.072190e-02
2.086075e-02
2.099960e-02
2.113845e-02
2.127730e-02
2.141615e-02
2.155500e-02
2.158105e-02
2.160710e-02
2.163315e-02
2.165920e-02
2.168525e-02
2.171130e-02
2.173735e-02
2.176340e-02
2.178945e-02
2.181550e-02
2.184155e-02
2.186760e-02
2.189365e-02
2.191970e-02
2.194575e-02
2.197180e-02
2.199785e-02
2.202390e-02
2.204995e-02
2.207600e-02
2.210205e-02
2.212810e-02
2.215415e-02
2.218020e-02
2.220625e-02
2.223230e-02
2.225835e-02
2.228440e-02
2.231045e-02
2.233650e-02
2.236255e-02
2.238860e-02
2.241465e-02
2.244070e-02
2.246675e-02
2.249280e-02
2.251885e-02
2.254490e-02
2.257095e-02
2.259700e-02
2.262305e-02
2.264910e-02
2.267515e-02
2.270120e-02
2.272725e-02
2.275330e-02
2.277935e-02
2.280540e-02
2.283145e-02
2.285750e-02
2.288355e-02
2.290960e-02
2.293565e-02
2.296170e-02
2.298775e-02
2.301380e-02
2.303985e-02
2.306590e-02
2.309195e-02
2.311800e-02
2.314405e-02
2.317010e-02
2.319615e-02
2.322220e-02
2.324825e-02
2.327430e-02
2.330035e-02
2.332640e-02
2.335245e-02
2.337850e-02
2.340455e-02
2.343060e-02
2.345665e-02
2.348270e-02
2.350875e-02
2.353480e-02
2.356085e-02
2.358690e-02
2.361295e-02
2.363900e-02
2.366505e-02
2.369110e-02
2.371715e-02
2.374320e-02
2.376925e-02
2.379530e-02
2.382135e-02
2.384740e-02
2.387345e-02
2.389950e-02
2.392555e-02
2.395160e-02
2.397765e-02
2.400370e-02
2.402975e-02
2.405580e-02
2.408185e-02
2.410790e-02
2.413395e-02
2.416000e-02
2.423627e-02
2.431255e-02
2.438882e-02
2.446510e-02
2.454137e-02
2.461765e-02
2.469392e-02
2.477020e-02
2.484647e-02
2.492275e-02
2.499903e-02
2.507530e-02
2.515157e-02
2.522785e-02
2.530413e-02
2.538040e-02
2.545667e-02
2.553295e-02
2.560922e-02
2.568550e-02
2.576178e-02
2.583805e-02
2.591433e-02
2.599060e-02
2.606687e-02
2.614315e-02
2.621943e-02
2.629570e-02
2.637197e-02
2.644825e-02
2.652452e-02
2.660080e-02
2.667708e-02
2.675335e-02
2.682962e-02
2.690590e-02
2.698218e-02
2.705845e-02
2.713472e-02
2.721100e-02
2.728727e-02
2.736355e-02
2.743982e-02
2.751610e-02
2.759237e-02
2.766865e-02
2.774493e-02
2.782120e-02
2.789748e-02
2.797375e-02
2.805002e-02
2.812630e-02
2.820258e-02
2.827885e-02
2.835512e-02
2.843140e-02
2.850767e-02
2.858395e-02
2.866023e-02
2.873650e-02
2.881278e-02
2.888905e-02
2.896533e-02
2.904160e-02
2.911787e-02
2.919415e-02
2.927042e-02
2.934670e-02
2.942298e-02
2.949925e-02
2.957553e-02
2.965180e-02
2.972807e-02
2.980435e-02
2.988063e-02
2.995690e-02
3.003317e-02
3.010945e-02
3.018573e-02
3.026200e-02
3.033828e-02
3.041455e-02
3.049083e-02
3.056710e-02
3.064338e-02
3.071965e-02
3.079593e-02
3.087220e-02
3.094847e-02
3.102475e-02
3.110103e-02
3.117730e-02
3.125357e-02
3.132985e-02
3.140613e-02
3.148240e-02
3.155868e-02
3.163495e-02
3.171123e-02
3.178750e-02
3.190480e-02
3.202210e-02
3.213940e-02
3.225670e-02
3.237400e-02
3.249130e-02
3.260860e-02
3.272590e-02
3.284320e-02
3.296050e-02
3.307780e-02
3.319510e-02
3.331240e-02
3.342970e-02
3.354700e-02
3.366430e-02
3.378160e-02
3.389890e-02
3.401620e-02
3.413350e-02
3.425080e-02
3.436810e-02
3.448540e-02
3.460270e-02
3.472000e-02
3.483730e-02
3.495460e-02
3.507190e-02
3.518920e-02
3.530650e-02
3.542380e-02
3.554110e-02
3.565840e-02
3.577570e-02
3.589300e-02
3.601030e-02
3.612760e-02
3.624490e-02
3.636220e-02
3.647950e-02
3.659680e-02
3.671410e-02
3.683140e-02
3.694870e-02
3.706600e-02
3.718330e-02
3.730060e-02
3.741790e-02
3.753520e-02
3.765250e-02
3.776980e-02
3.788710e-02
3.800440e-02
3.812170e-02
3.823900e-02
3.835630e-02
3.847360e-02
3.859090e-02
3.870820e-02
3.882550e-02
3.894280e-02
3.906010e-02
3.917740e-02
3.929470e-02
3.941200e-02
3.952930e-02
3.964660e-02
3.976390e-02
3.988120e-02
3.999850e-02
4.011580e-02
4.023310e-02
4.035040e-02
4.046770e-02
4.058500e-02
4.070230e-02
4.081960e-02
4.093690e-02
4.105420e-02
4.117150e-02
4.128880e-02
4.140610e-02
4.152340e-02
4.164070e-02
4.175800e-02
4.187530e-02
4.199260e-02
4.210990e-02
4.222720e-02
4.234450e-02
4.246180e-02
4.257910e-02
4.269640e-02
4.281370e-02
4.293100e-02
4.304830e-02
4.316560e-02
4.328290e-02
4.340020e-02
4.351750e-02
4.363480e-02
4.375210e-02
4.386940e-02
4.398670e-02
4.410400e-02
4.422130e-02
4.433860e-02
4.445590e-02
4.457320e-02
4.469050e-02
4.480780e-02
4.492510e-02
4.504240e-02
4.515970e-02
4.527700e-02
4.539430e-02
4.551160e-02
4.562890e-02
4.574620e-02
4.586350e-02
4.598080e-02
4.609810e-02
4.621540e-02
4.633270e-02
4.645000e-02
4.656730e-02
4.668460e-02
4.680190e-02
4.691920e-02
4.703650e-02
4.715380e-02
4.727110e-02
4.738840e-02
4.750570e-02
4.762300e-02
4.774030e-02
4.785760e-02
4.797490e-02
4.809220e-02
4.820950e-02
4.832680e-02
4.844410e-02
4.856140e-02
4.867870e-02
4.879600e-02
4.891330e-02
4.903060e-02
4.914790e-02
4.926520e-02
4.938250e-02
4.949980e-02
4.961710e-02
4.973440e-02
4.985170e-02
4.996900e-02
5.008630e-02
5.020360e-02
5.032090e-02
5.043820e-02
5.055550e-02
5.067280e-02
5.079010e-02
5.090740e-02
5.102470e-02
5.114200e-02
5.125930e-02
5.137660e-02
5.149390e-02
5.161120e-02
5.172850e-02
5.184580e-02
5.196310e-02
5.208040e-02
5.219770e-02
5.231500e-02
5.243230e-02
5.254960e-02
5.266690e-02
5.278420e-02
5.290150e-02
5.301880e-02
5.313610e-02
5.325340e-02
5.337070e-02
5.348800e-02
5.360530e-02
5.372260e-02
5.383990e-02
5.395720e-02
5.407450e-02
5.419180e-02
5.430910e-02
5.442640e-02
5.454370e-02
5.466100e-02
5.477830e-02
5.489560e-02
5.501290e-02
5.513020e-02
5.524750e-02
5.540362e-02
5.555975e-02
5.571588e-02
5.587200e-02
5.602813e-02
5.618425e-02
5.634037e-02
5.649650e-02
5.665262e-02
5.680875e-02
5.696487e-02
5.712100e-02
5.727713e-02
5.743325e-02
5.758937e-02
5.774550e-02
5.790162e-02
5.805775e-02
5.821387e-02
5.837000e-02
5.852613e-02
5.868225e-02
5.883837e-02
5.899450e-02
5.915062e-02
5.930675e-02
5.946287e-02
5.961900e-02
5.977513e-02
5.993125e-02
6.008738e-02
6.024350e-02
6.039962e-02
6.055575e-02
6.071187e-02
6.086800e-02
6.102413e-02
6.118025e-02
6.133637e-02
6.149250e-02
6.164862e-02
6.180475e-02
6.196087e-02
6.211700e-02
6.227313e-02
6.242925e-02
6.258537e-02
6.274150e-02
6.289762e-02
6.305375e-02
6.320987e-02
6.336600e-02
6.352212e-02
6.367825e-02
6.383437e-02
6.399050e-02
6.414662e-02
6.430275e-02
6.445887e-02
6.461500e-02
6.477112e-02
6.492725e-02
6.508337e-02
6.523950e-02
6.539562e-02
6.555175e-02
6.570787e-02
6.586400e-02
6.602012e-02
6.617625e-02
6.633237e-02
6.648850e-02
6.664462e-02
6.680075e-02
6.695688e-02
6.711300e-02
6.726912e-02
6.742525e-02
6.758137e-02
6.773750e-02
6.789362e-02
6.804975e-02
6.820587e-02
6.836200e-02
6.851812e-02
6.867425e-02
6.883037e-02
6.898650e-02
6.914262e-02
6.929875e-02
6.945487e-02
6.961100e-02
6.976712e-02
6.992325e-02
7.007937e-02
7.023550e-02
7.039162e-02
7.054775e-02
7.070387e-02
7.086000e-02
7.184217e-02
7.282434e-02
7.380651e-02
7.478868e-02
7.577085e-02
7.675302e-02
7.773519e-02
7.871736e-02
7.969953e-02
8.068170e-02
8.166387e-02
8.264604e-02
8.362821e-02
8.461038e-02
8.559255e-02
8.657472e-02
8.755689e-02
8.853906e-02
8.952124e-02
9.050341e-02
9.148558e-02
9.246775e-02
9.344992e-02
9.443209e-02
9.541426e-02
9.639643e-02
9.737860e-02
9.836077e-02
9.934294e-02
1.003251e-01
1.013073e-01
1.022894e-01
1.032716e-01
1.042538e-01
1.052360e-01
1.062181e-01
1.072003e-01
1.081825e-01
1.091646e-01
1.101468e-01
1.111290e-01
1.121112e-01
1.130933e-01
1.140755e-01
1.150577e-01
1.160398e-01
1.170220e-01
1.180042e-01
1.189863e-01
1.199685e-01
1.209507e-01
1.219329e-01
1.229150e-01
1.238972e-01
1.248794e-01
1.258615e-01
1.268437e-01
1.278259e-01
1.288080e-01
1.297902e-01
1.307724e-01
1.317546e-01
1.327367e-01
1.337189e-01
1.347011e-01
1.356832e-01
1.366654e-01
1.376476e-01
1.386297e-01
1.396119e-01
1.405941e-01
1.415763e-01
1.425584e-01
1.435406e-01
1.445228e-01
1.455049e-01
1.464871e-01
1.474693e-01
1.484515e-01
1.494336e-01
1.504158e-01
1.513980e-01
1.523801e-01
1.533623e-01
1.543445e-01
1.553266e-01
1.563088e-01
1.572910e-01
1.582732e-01
1.592553e-01
1.602375e-01
1.612197e-01
1.622018e-01
1.631840e-01
1.641662e-01
1.651483e-01
1.661305e-01
1.671127e-01
1.680949e-01
1.690770e-01
1.700592e-01
1.710414e-01
1.720235e-01
1.730057e-01
1.739879e-01
1.749700e-01
1.759522e-01
1.769344e-01
1.779166e-01
1.788987e-01
1.798809e-01
1.808631e-01
1.818452e-01
1.828274e-01
1.838096e-01
1.847918e-01
1.857739e-01
1.867561e-01
1.877383e-01
1.887204e-01
1.897026e-01
1.906848e-01
1.916669e-01
1.926491e-01
1.936313e-01
1.946135e-01
1.955956e-01
1.965778e-01
1.975600e-01
1.985421e-01
1.995243e-01
2.005065e-01
2.014886e-01
2.024708e-01
2.034530e-01
2.044352e-01
2.054173e-01
2.063995e-01
2.073817e-01
2.083638e-01
2.093460e-01
2.103282e-01
2.113103e-01
2.122925e-01
2.132747e-01
2.142569e-01
2.152390e-01
2.162212e-01
2.172034e-01
2.181855e-01
2.191677e-01
2.201499e-01
2.211321e-01
2.221142e-01
2.230964e-01
2.240786e-01
2.250607e-01
2.260429e-01
2.270251e-01
2.280072e-01
2.289894e-01
2.299716e-01
2.309538e-01
2.319359e-01
2.329181e-01
2.339003e-01
2.348824e-01
2.358646e-01
2.368468e-01
2.378289e-01
2.388111e-01
2.397933e-01
2.407755e-01
2.417576e-01
2.427398e-01
2.437220e-01
2.447041e-01
2.456863e-01
2.466685e-01
2.476506e-01
2.486328e-01
2.496150e-01
2.505972e-01
2.515793e-01
2.525615e-01
2.535437e-01
2.545258e-01
2.555080e-01
2.564902e-01
2.574724e-01
2.584545e-01
2.594367e-01
2.604189e-01
2.614010e-01
2.623832e-01
2.633654e-01
2.643475e-01
2.653297e-01
2.663119e-01
2.672941e-01
2.682762e-01
2.692584e-01
2.702406e-01
2.712227e-01
2.722049e-01
2.731871e-01
2.741692e-01
2.751514e-01
2.761336e-01
2.771158e-01
2.780979e-01
2.790801e-01
2.800623e-01
2.810444e-01
2.820266e-01
2.830088e-01
2.839909e-01
2.849731e-01
2.859553e-01
2.869375e-01
2.879196e-01
2.889018e-01
2.898840e-01
2.908661e-01
2.918483e-01
2.928305e-01
2.938127e-01
2.947948e-01
2.957770e-01
2.967592e-01
2.977413e-01
2.987235e-01
2.997057e-01
3.006878e-01
3.016700e-01
3.026522e-01
3.036344e-01
3.046165e-01
3.055987e-01
3.065809e-01
3.075630e-01
3.085452e-01
3.095274e-01
3.105095e-01
3.114917e-01
3.124739e-01
3.134561e-01
3.144382e-01
3.154204e-01
3.164026e-01
3.173847e-01
3.183669e-01
3.193491e-01
3.203312e-01
3.213134e-01
3.222956e-01
3.232778e-01
3.242599e-01
3.252421e-01
3.262243e-01
3.272064e-01
3.281886e-01
3.291708e-01
3.301530e-01
3.311351e-01
3.321173e-01
3.330995e-01
3.340816e-01
3.350638e-01
3.360460e-01
3.370281e-01
3.380103e-01
3.389925e-01
3.399747e-01
3.409568e-01
3.419390e-01
3.429212e-01
3.439033e-01
3.448855e-01
3.458677e-01
3.468498e-01
3.478320e-01
3.488142e-01
3.497964e-01
3.507785e-01
3.517607e-01
3.527429e-01
3.537250e-01
3.547072e-01
3.556894e-01
3.566715e-01
3.576537e-01
3.586359e-01
3.596181e-01
3.606002e-01
3.615824e-01
3.625646e-01
3.635467e-01
3.645289e-01
3.655111e-01
3.664933e-01
3.674754e-01
3.684576e-01
3.694398e-01
3.704219e-01
3.714041e-01
3.723863e-01
3.733684e-01
3.743506e-01
3.753328e-01
3.763150e-01
3.772971e-01
3.782793e-01
3.792615e-01
3.802436e-01
3.812258e-01
3.822080e-01
3.831901e-01
3.841723e-01
3.851545e-01
3.861367e-01
3.871188e-01
3.881010e-01
3.890832e-01
3.900653e-01
3.910475e-01
3.920297e-01
3.930118e-01
3.939940e-01
3.949762e-01
3.959584e-01
3.969405e-01
3.979227e-01
3.989049e-01
3.998870e-01
4.008692e-01
4.018514e-01
4.028336e-01
4.038157e-01
4.047979e-01
4.057801e-01
4.067622e-01
4.077444e-01
4.087266e-01
4.097087e-01
4.106909e-01
4.116731e-01
4.126553e-01
4.136374e-01
4.146196e-01
4.156018e-01
4.165839e-01
4.175661e-01
4.185483e-01
4.195304e-01
4.205126e-01
4.214948e-01
4.224770e-01
4.234591e-01
4.244413e-01
4.254235e-01
4.264056e-01
4.273878e-01
4.283700e-01
4.293521e-01
4.303343e-01
4.313165e-01
4.322987e-01
4.332808e-01
4.342630e-01
4.352452e-01
4.362273e-01
4.372095e-01
4.381917e-01
4.391739e-01
4.401560e-01
4.411382e-01
4.421204e-01
4.431025e-01
4.440847e-01
4.450669e-01
4.460490e-01
4.470312e-01
4.480134e-01
4.489956e-01
4.499777e-01
4.509599e-01
4.519421e-01
4.529242e-01
4.539064e-01
4.548886e-01
4.558707e-01
4.568529e-01
4.578351e-01
4.588173e-01
4.597994e-01
4.607816e-01
4.617638e-01
4.627459e-01
4.637281e-01
4.647103e-01
4.656924e-01
4.666746e-01
4.676568e-01
4.686390e-01
4.696211e-01
4.706033e-01
4.717398e-01
4.728762e-01
4.740126e-01
4.751491e-01
4.762855e-01
4.774219e-01
4.785584e-01
4.796948e-01
4.808312e-01
4.819677e-01
4.831041e-01
4.842405e-01
4.853770e-01
4.865134e-01
4.876498e-01
4.887863e-01
4.899227e-01
4.910591e-01
4.921956e-01
4.933320e-01
4.944684e-01
4.956049e-01
4.967413e-01
4.978777e-01
4.990142e-01
5.001506e-01
5.012870e-01
5.024235e-01
5.035599e-01
5.046963e-01
5.058328e-01
5.069692e-01
5.081056e-01
5.092421e-01
5.103785e-01
5.115149e-01
5.126514e-01
5.137878e-01
5.149242e-01
5.160607e-01
5.171971e-01
5.183335e-01
5.194700e-01
5.206064e-01
5.217428e-01
5.228793e-01
5.240157e-01
5.251521e-01
5.262886e-01
5.274250e-01
5.285614e-01
5.296979e-01
5.308343e-01
5.319707e-01
5.331072e-01
5.342436e-01
5.353800e-01
5.365165e-01
5.376529e-01
5.387893e-01
5.399258e-01
5.410622e-01
5.421986e-01
5.433351e-01
5.444715e-01
5.456079e-01
5.467444e-01
5.478808e-01
5.490172e-01
5.501537e-01
5.512901e-01
5.524265e-01
5.535630e-01
5.546994e-01
5.558358e-01
5.569723e-01
5.581087e-01
5.592451e-01
5.603816e-01
5.615180e-01
5.626544e-01
5.637909e-01
5.649273e-01
5.660637e-01
5.672002e-01
5.683366e-01
5.694730e-01
5.706095e-01
5.717459e-01
5.728823e-01
5.740188e-01
5.751552e-01
5.762916e-01
5.774281e-01
5.785645e-01
5.797009e-01
5.808374e-01
5.819738e-01
5.831102e-01
5.842467e-01
5.870512e-01
5.898559e-01
5.926604e-01
5.954650e-01
5.982696e-01
6.010743e-01
6.038788e-01
6.066835e-01
6.094880e-01
6.122926e-01
6.150972e-01
6.179018e-01
6.207064e-01
6.235110e-01
6.263156e-01
6.291201e-01
6.319248e-01
6.347293e-01
6.375340e-01
6.403385e-01
6.431432e-01
6.459477e-01
6.487524e-01
6.515569e-01
6.543615e-01
6.571661e-01
6.599707e-01
6.627753e-01
6.655799e-01
6.683845e-01
6.711890e-01
6.739937e-01
6.767982e-01
6.796029e-01
6.824075e-01
6.852120e-01
6.880166e-01
6.908212e-01
6.936258e-01
6.964304e-01
6.992350e-01
7.020396e-01
7.048442e-01
7.076488e-01
7.104534e-01
7.132580e-01
7.160626e-01
7.188672e-01
7.216717e-01
7.244764e-01
7.272809e-01
7.300856e-01
7.328901e-01
7.356947e-01
7.384993e-01
7.413040e-01
7.441085e-01
7.469131e-01
7.497177e-01
7.525222e-01
7.553269e-01
7.581315e-01
7.609361e-01
7.637406e-01
7.665453e-01
7.693498e-01
7.721545e-01
7.749590e-01
7.777637e-01
7.805682e-01
7.833728e-01
7.861774e-01
7.889820e-01
7.917866e-01
7.945912e-01
7.973958e-01
8.002004e-01
8.030050e-01
8.058095e-01
8.086142e-01
8.114188e-01
8.142234e-01
8.170279e-01
8.198325e-01
8.226371e-01
8.254417e-01
8.282463e-01
8.310509e-01
8.338555e-01
8.366601e-01
8.394647e-01
8.422693e-01
8.450739e-01
8.478785e-01
8.506830e-01
8.534877e-01
8.562922e-01
8.590969e-01
8.619014e-01
8.647061e-01
8.675106e-01
8.703153e-01
8.731198e-01
8.759244e-01
8.787290e-01
8.815336e-01
8.843382e-01
8.871427e-01
8.899474e-01
8.927519e-01
8.955566e-01
8.983611e-01
9.011658e-01
9.039703e-01
9.067750e-01
9.095795e-01
9.123842e-01
9.151887e-01
9.179933e-01
9.207979e-01
9.236025e-01
9.264071e-01
9.292117e-01
9.320163e-01
9.348209e-01
9.376255e-01
9.404301e-01
9.432347e-01
9.460392e-01
9.488439e-01
9.516485e-01
9.544530e-01
9.572576e-01
9.600622e-01
9.628668e-01
9.656714e-01
9.684760e-01
9.712806e-01
9.740852e-01
9.768898e-01
9.796944e-01
9.824989e-01
9.853036e-01
9.881082e-01
9.909127e-01
9.937174e-01
9.965219e-01
9.993265e-01
1.002131e+00
1.004936e+00
1.007740e+00
1.010545e+00
1.013349e+00
1.016154e+00
1.018959e+00
1.021763e+00
1.024568e+00
1.027373e+00
1.030177e+00
1.032981e+00
1.035786e+00
1.038591e+00
1.041395e+00
1.044200e+00
1.047005e+00
1.049809e+00
1.052614e+00
1.055418e+00
1.058223e+00
1.061028e+00
1.063832e+00
1.066636e+00
1.069441e+00
1.072246e+00
1.075050e+00
1.077855e+00
1.080660e+00
1.083465e+00
1.086269e+00
1.089073e+00
1.091878e+00
1.094683e+00
1.097487e+00
1.100292e+00
1.103096e+00
1.105901e+00
1.108705e+00
1.111510e+00
1.114315e+00
1.117120e+00
1.119924e+00
1.122728e+00
1.125533e+00
1.128338e+00
1.131142e+00
1.133947e+00
1.136752e+00
1.139556e+00
1.142360e+00
1.145165e+00
1.147970e+00
1.150269e+00
1.152567e+00
1.154867e+00
1.157165e+00
1.159464e+00
1.161763e+00
1.164061e+00
1.166360e+00
1.168659e+00
1.170958e+00
1.173256e+00
1.175555e+00
1.177854e+00
1.180153e+00
1.182452e+00
1.184750e+00
1.187049e+00
1.189348e+00
1.191647e+00
1.193946e+00
1.196244e+00
1.198543e+00
1.200841e+00
1.203140e+00
1.205439e+00
1.207738e+00
1.210037e+00
1.212335e+00
1.214634e+00
1.216933e+00
1.219232e+00
1.221531e+00
1.223829e+00
1.226128e+00
1.228426e+00
1.230726e+00
1.233024e+00
1.235323e+00
1.237622e+00
1.239920e+00
1.242220e+00
1.244518e+00
1.246817e+00
1.249116e+00
1.251414e+00
1.253713e+00
1.256012e+00
1.258311e+00
1.260609e+00
1.262908e+00
1.265206e+00
1.267506e+00
1.269805e+00
1.272103e+00
1.274402e+00
1.276701e+00
1.279000e+00
1.281298e+00
1.283597e+00
1.285896e+00
1.288194e+00
1.290493e+00
1.292792e+00
1.295091e+00
1.297390e+00
1.299688e+00
1.301987e+00
1.304286e+00
1.306585e+00
1.308883e+00
1.311182e+00
1.313481e+00
1.315780e+00
1.318079e+00
1.320377e+00
1.322676e+00
1.324974e+00
1.327273e+00
1.329573e+00
1.331871e+00
1.334170e+00
1.336468e+00
1.338767e+00
1.341066e+00
1.343365e+00
1.345664e+00
1.347962e+00
1.350261e+00
1.352560e+00
1.354859e+00
1.357158e+00
1.359456e+00
1.361755e+00
1.364054e+00
1.366353e+00
1.368651e+00
1.370950e+00
1.373249e+00
1.375547e+00
1.377847e+00
1.380145e+00
1.382444e+00
1.384743e+00
1.387041e+00
1.389340e+00
1.391639e+00
1.393938e+00
1.396236e+00
1.398535e+00
1.400834e+00
1.403133e+00
1.405432e+00
1.407730e+00
1.410029e+00
1.412327e+00
1.414627e+00
1.416926e+00
1.419224e+00
1.421523e+00
1.423822e+00
1.426120e+00
1.428419e+00
1.430718e+00
1.433017e+00
1.435315e+00
1.437614e+00
1.439913e+00
1.442212e+00
1.444511e+00
1.446809e+00
1.449108e+00
1.451407e+00
1.453706e+00
1.456004e+00
1.458303e+00
1.460602e+00
1.462900e+00
1.465200e+00
1.467498e+00
1.469797e+00
1.472096e+00
1.474394e+00
1.476694e+00
1.478992e+00
1.481291e+00
1.483590e+00
1.485888e+00
1.488187e+00
1.490486e+00
1.492785e+00
1.495083e+00
1.497382e+00
1.499680e+00
1.501980e+00
1.504279e+00
1.506577e+00
1.508876e+00
1.511175e+00
1.513473e+00
1.515772e+00
1.518071e+00
1.520370e+00
1.522668e+00
1.524967e+00
1.527266e+00
1.529565e+00
1.531863e+00
1.534162e+00
1.536461e+00
1.538760e+00
1.541059e+00
1.543357e+00
1.545656e+00
1.547955e+00
1.550253e+00
1.552553e+00
1.554851e+00
1.557150e+00
1.559449e+00
1.561747e+00
1.564047e+00
1.566345e+00
1.568644e+00
1.570943e+00
1.573241e+00
1.575540e+00
1.577839e+00
1.580138e+00
1.582436e+00
1.584735e+00
1.587033e+00
1.589333e+00
1.591632e+00
1.593930e+00
1.596229e+00
1.598528e+00
1.600827e+00
1.603125e+00
1.605424e+00
1.607723e+00
1.610021e+00
1.612320e+00
1.614619e+00
1.616918e+00
1.619217e+00
1.621515e+00
1.623814e+00
1.626113e+00
1.628412e+00
1.630710e+00
1.633009e+00
1.635308e+00
1.637606e+00
1.639906e+00
1.642204e+00
1.644503e+00
1.646802e+00
1.649100e+00
1.651400e+00
1.653698e+00
1.655997e+00
1.658295e+00
1.660594e+00
1.662894e+00
1.665192e+00
1.667491e+00
1.669789e+00
1.672088e+00
1.674386e+00
1.676686e+00
1.678984e+00
1.681283e+00
1.683582e+00
1.685880e+00
1.688180e+00
1.690478e+00
1.692777e+00
1.695076e+00
1.697374e+00
1.699674e+00
1.701972e+00
1.704271e+00
1.706570e+00
1.708868e+00
1.711167e+00
1.713466e+00
1.715765e+00
1.718063e+00
1.720362e+00
1.722661e+00
1.724960e+00
1.727259e+00
1.729557e+00
1.731856e+00
1.734155e+00
1.736453e+00
1.738752e+00
1.741051e+00
1.743350e+00
1.745648e+00
1.747947e+00
1.750247e+00
1.752545e+00
1.754844e+00
1.757142e+00
1.759441e+00
1.761740e+00
1.764039e+00
1.766338e+00
1.768636e+00
1.770935e+00
1.773233e+00
1.775533e+00
1.777832e+00
1.780130e+00
1.782429e+00
1.784727e+00
1.787027e+00
1.789325e+00
1.791624e+00
1.793923e+00
1.796221e+00
1.798520e+00
1.800819e+00
1.803118e+00
1.805416e+00
1.807715e+00
1.810014e+00
1.812313e+00
1.814612e+00
1.816910e+00
1.819209e+00
1.821508e+00
1.823807e+00
1.826105e+00
1.828404e+00
1.830703e+00
1.833001e+00
1.835300e+00
1.837600e+00
1.839898e+00
1.842197e+00
1.846380e+00
1.850564e+00
1.854748e+00
1.858931e+00
1.863115e+00
1.867299e+00
1.871483e+00
1.875666e+00
1.879850e+00
1.884034e+00
1.888218e+00
1.892401e+00
1.896585e+00
1.900769e+00
1.904952e+00
1.909135e+00
1.913319e+00
1.917503e+00
1.921687e+00
1.925870e+00
1.930054e+00
1.934238e+00
1.938422e+00
1.942605e+00
1.946789e+00
1.950973e+00
1.955156e+00
1.959340e+00
1.963524e+00
1.967708e+00
1.971891e+00
1.976075e+00
1.980259e+00
1.984442e+00
1.988626e+00
1.992810e+00
1.996994e+00
2.001177e+00
2.005361e+00
2.009545e+00
2.013729e+00
2.017912e+00
2.022096e+00
2.026279e+00
2.030463e+00
2.034647e+00
2.038830e+00
2.043014e+00
2.047198e+00
2.051381e+00
2.055565e+00
2.059749e+00
2.063932e+00
2.068116e+00
2.072300e+00
2.076484e+00
2.080667e+00
2.084851e+00
2.089035e+00
2.093219e+00
2.097402e+00
2.101586e+00
2.105770e+00
2.109954e+00
2.114137e+00
2.118321e+00
2.122505e+00
2.126688e+00
2.130872e+00
2.135056e+00
2.139240e+00
2.143422e+00
2.147606e+00
2.151790e+00
2.155974e+00
2.160157e+00
2.164341e+00
2.168525e+00
2.172709e+00
2.176892e+00
2.181076e+00
2.185260e+00
2.189443e+00
2.193627e+00
2.197811e+00
2.201995e+00
2.206179e+00
2.210362e+00
2.214546e+00
2.218730e+00
2.222913e+00
2.227097e+00
2.231281e+00
2.235464e+00
2.239648e+00
2.243832e+00
2.248016e+00
2.252200e+00
2.256383e+00
2.260567e+00
2.264750e+00
2.268934e+00
2.273117e+00
2.277301e+00
2.281485e+00
2.285668e+00
2.289852e+00
2.294036e+00
2.298220e+00
2.302403e+00
2.306587e+00
2.310771e+00
2.314955e+00
2.319138e+00
2.323322e+00
2.327506e+00
2.331689e+00
2.335873e+00
2.340057e+00
2.344241e+00
2.348424e+00
2.352608e+00
2.356792e+00
2.360975e+00
2.365159e+00
2.369343e+00
2.373527e+00
2.377710e+00
2.381894e+00
2.386077e+00
2.390261e+00
2.394445e+00
2.398628e+00
2.402812e+00
2.406996e+00
2.411179e+00
2.415363e+00
2.419547e+00
2.423731e+00
2.427914e+00
2.432098e+00
2.436282e+00
2.440466e+00
2.444649e+00
2.448833e+00
2.453017e+00
2.457200e+00
2.461384e+00
2.465568e+00
2.469752e+00
2.473935e+00
2.478119e+00
2.482303e+00
2.486486e+00
2.490670e+00
2.494854e+00
2.499038e+00
2.503220e+00
2.507404e+00
2.511588e+00
2.515772e+00
2.519956e+00
2.524139e+00
2.528323e+00
2.532507e+00
2.536690e+00
2.540874e+00
2.545058e+00
2.549241e+00
2.553425e+00
2.557609e+00
2.561793e+00
2.565977e+00
2.570160e+00
2.574344e+00
2.578528e+00
2.582711e+00
2.586895e+00
2.591079e+00
2.595263e+00
2.599446e+00
2.603630e+00
2.607814e+00
2.611997e+00
2.616181e+00
2.620365e+00
2.624548e+00
2.628731e+00
2.632915e+00
2.637099e+00
2.641283e+00
2.645466e+00
2.649650e+00
2.653834e+00
2.658018e+00
2.662201e+00
2.666385e+00
2.670569e+00
2.674752e+00
2.678936e+00
2.683120e+00
2.686429e+00
2.689739e+00
2.693049e+00
2.696358e+00
2.699668e+00
2.702977e+00
2.706287e+00
2.709596e+00
2.712905e+00
2.716216e+00
2.719525e+00
2.722834e+00
2.726144e+00
2.729453e+00
2.732763e+00
2.736073e+00
2.739382e+00
2.742691e+00
2.746001e+00
2.749310e+00
2.752620e+00
2.755929e+00
2.759239e+00
2.762549e+00
2.765858e+00
2.769167e+00
2.772477e+00
2.775787e+00
2.779096e+00
2.782406e+00
2.785715e+00
2.789024e+00
2.792334e+00
2.795643e+00
2.798953e+00
2.802263e+00
2.805572e+00
2.808882e+00
2.812191e+00
2.815501e+00
2.818811e+00
2.822120e+00
2.825429e+00
2.828739e+00
2.832048e+00
2.835357e+00
2.838667e+00
2.841977e+00
2.845287e+00
2.848596e+00
2.851905e+00
2.855215e+00
2.858525e+00
2.861834e+00
2.865144e+00
2.868453e+00
2.871762e+00
2.875072e+00
2.878382e+00
2.881691e+00
2.885001e+00
2.888310e+00
2.891620e+00
2.894929e+00
2.898238e+00
2.901549e+00
2.904858e+00
2.908167e+00
2.911477e+00
2.914786e+00
2.918096e+00
2.921406e+00
2.924715e+00
2.928025e+00
2.931334e+00
2.934643e+00
2.937953e+00
2.941262e+00
2.944572e+00
2.947882e+00
2.951191e+00
2.954500e+00
2.957810e+00
2.961120e+00
2.964429e+00
2.967739e+00
2.971048e+00
2.974358e+00
2.977667e+00
2.980976e+00
2.984286e+00
2.987596e+00
2.990905e+00
2.994215e+00
2.997524e+00
3.000834e+00
3.004144e+00
3.007453e+00
3.010762e+00
3.014072e+00
3.017381e+00
3.020691e+00
3.024001e+00
3.027310e+00
3.030620e+00
3.033929e+00
3.037238e+00
3.040548e+00
3.043858e+00
3.047167e+00
3.050477e+00
3.053786e+00
3.057095e+00
3.060405e+00
3.063715e+00
3.067025e+00
3.070334e+00
3.073643e+00
3.076953e+00
3.080262e+00
3.083571e+00
3.086882e+00
3.090191e+00
3.093500e+00
3.096810e+00
3.100119e+00
3.103429e+00
3.106739e+00
3.110048e+00
3.113358e+00
3.116667e+00
3.119976e+00
3.123286e+00
3.126595e+00
3.129905e+00
3.133215e+00
3.136524e+00
3.139833e+00
3.143143e+00
3.146453e+00
3.149763e+00
3.153072e+00
3.156381e+00
3.159691e+00
3.163000e+00
3.166309e+00
3.169620e+00
3.172929e+00
3.176238e+00
3.179548e+00
3.182857e+00
3.186167e+00
3.189477e+00
3.192786e+00
3.196096e+00
3.199405e+00
3.202714e+00
3.206024e+00
3.209334e+00
3.212643e+00
3.215953e+00
3.219262e+00
3.222571e+00
3.225881e+00
3.229191e+00
3.232500e+00
3.235810e+00
3.239119e+00
3.242429e+00
3.245738e+00
3.249048e+00
3.252358e+00
3.255667e+00
3.258976e+00
3.262286e+00
3.265595e+00
3.268904e+00
3.272215e+00
3.275524e+00
3.278833e+00
3.282143e+00
3.285452e+00
3.288762e+00
3.292072e+00
3.295381e+00
3.298691e+00
3.302000e+00
3.305309e+00
3.308619e+00
3.311928e+00
3.315238e+00
3.318548e+00
3.321857e+00
3.325166e+00
3.328476e+00
3.331786e+00
3.335096e+00
3.338405e+00
3.341714e+00
3.345024e+00
3.348333e+00
3.352172e+00
3.356012e+00
3.359851e+00
3.363691e+00
3.367530e+00
3.371369e+00
3.375208e+00
3.379047e+00
3.382886e+00
3.386726e+00
3.390565e+00
3.394404e+00
3.398243e+00
3.402082e+00
3.405922e+00
3.409762e+00
3.413601e+00
3.417440e+00
3.421279e+00
3.425118e+00
3.428957e+00
3.432796e+00
3.436636e+00
3.440475e+00
3.444314e+00
3.448154e+00
3.451992e+00
3.455832e+00
3.459672e+00
3.463511e+00
3.467350e+00
3.471189e+00
3.475028e+00
3.478867e+00
3.482707e+00
3.486546e+00
3.490385e+00
3.494224e+00
3.498064e+00
3.501902e+00
3.505742e+00
3.509582e+00
3.513421e+00
3.517260e+00
3.521099e+00
3.524938e+00
3.528777e+00
3.532617e+00
3.536456e+00
3.540295e+00
3.544134e+00
3.547973e+00
3.551813e+00
3.555652e+00
3.559492e+00
3.563331e+00
3.567170e+00
3.571009e+00
3.574848e+00
3.578688e+00
3.582527e+00
3.586366e+00
3.590205e+00
3.594044e+00
3.597884e+00
3.601723e+00
3.605563e+00
3.609402e+00
3.613241e+00
3.617080e+00
3.620919e+00
3.624758e+00
3.628598e+00
3.632437e+00
3.636276e+00
3.640115e+00
3.643954e+00
3.647794e+00
3.651633e+00
3.655473e+00
3.659312e+00
3.663151e+00
3.666990e+00
3.670829e+00
3.674669e+00
3.678508e+00
3.682347e+00
3.686186e+00
3.690025e+00
3.693865e+00
3.697704e+00
3.701544e+00
3.705383e+00
3.709222e+00
3.713061e+00
3.716900e+00
3.720739e+00
3.724579e+00
3.728418e+00
3.732257e+00
3.736096e+00
3.739936e+00
3.743775e+00
3.747615e+00
3.751454e+00
3.755293e+00
3.759132e+00
3.762971e+00
3.766810e+00
3.770649e+00
3.774489e+00
3.778328e+00
3.782167e+00
3.786006e+00
3.789845e+00
3.793685e+00
3.797524e+00
3.801364e+00
3.805203e+00
3.809042e+00
3.812881e+00
3.816720e+00
3.820560e+00
3.824399e+00
3.828238e+00
3.832077e+00
3.835916e+00
3.839755e+00
3.843596e+00
3.847435e+00
3.851274e+00
3.855113e+00
3.858952e+00
3.862791e+00
3.866630e+00
3.870470e+00
3.874309e+00
3.878148e+00
3.881987e+00
3.885826e+00
3.889666e+00
3.893505e+00
3.897345e+00
3.901184e+00
3.905023e+00
3.908862e+00
3.912701e+00
3.916541e+00
3.920380e+00
3.924219e+00
3.928058e+00
3.931897e+00
3.935736e+00
3.939576e+00
3.943416e+00
3.947255e+00
3.951094e+00
3.954933e+00
3.958772e+00
3.962611e+00
3.966451e+00
3.970290e+00
3.974129e+00
3.977968e+00
3.981807e+00
3.985647e+00
3.989486e+00
3.993326e+00
3.997165e+00
4.001004e+00
4.004843e+00
4.008682e+00
4.012521e+00
4.016361e+00
4.020200e+00
4.024039e+00
4.027878e+00
4.031718e+00
4.035557e+00
4.039397e+00
4.043236e+00
4.047075e+00
4.050914e+00
4.054753e+00
4.058592e+00
4.062432e+00
4.066271e+00
4.070110e+00
4.073949e+00
4.077789e+00
4.081628e+00
4.085468e+00
4.089307e+00
4.093146e+00
4.096985e+00
4.100824e+00
4.104663e+00
4.108502e+00
4.112342e+00
4.116181e+00
4.120020e+00
4.123859e+00
4.127698e+00
4.131538e+00
4.135377e+00
4.139217e+00
4.143056e+00
4.146895e+00
4.150734e+00
4.154573e+00
4.158413e+00
4.162252e+00
4.166091e+00
4.169930e+00
4.173769e+00
4.177608e+00
4.181448e+00
4.185288e+00
4.189127e+00
4.192966e+00
4.196805e+00
4.200644e+00
4.204483e+00
4.208323e+00
4.212162e+00
4.216001e+00
4.219840e+00
4.223680e+00
4.227519e+00
4.231358e+00
4.235198e+00
4.239037e+00
4.242876e+00
4.246715e+00
4.250554e+00
4.254394e+00
4.258233e+00
4.262072e+00
4.265911e+00
4.269750e+00
4.273589e+00
4.277429e+00
4.281269e+00
4.285108e+00
4.288947e+00
4.292786e+00
4.296625e+00
4.300464e+00
4.304304e+00
4.308143e+00
4.311982e+00
4.315821e+00
4.319661e+00
4.323500e+00
4.327339e+00
4.331179e+00
4.335018e+00
4.338857e+00
4.342696e+00
4.346535e+00
4.350374e+00
4.354214e+00
4.358053e+00
4.361892e+00
4.365731e+00
4.369571e+00
4.373410e+00
4.377249e+00
4.381089e+00
4.384928e+00
4.388767e+00
4.392606e+00
4.396445e+00
4.400285e+00
4.404124e+00
4.407963e+00
4.411802e+00
4.415641e+00
4.419480e+00
4.423320e+00
4.427160e+00
4.430999e+00
4.434838e+00
4.438677e+00
4.442516e+00
4.446355e+00
4.450195e+00
4.454034e+00
4.457873e+00
4.461712e+00
4.465552e+00
4.469391e+00
4.473230e+00
4.477070e+00
4.480909e+00
4.484748e+00
4.488587e+00
4.492426e+00
4.496266e+00
4.500105e+00
4.503944e+00
4.507783e+00
4.508085e+00
4.508385e+00
4.508686e+00
4.508987e+00
4.509289e+00
4.509589e+00
4.509890e+00
4.510191e+00
4.510492e+00
4.510793e+00
4.511094e+00
4.511394e+00
4.511696e+00
4.511996e+00
4.512298e+00
4.512599e+00
4.512900e+00
4.513201e+00
4.513502e+00
4.513803e+00
4.514103e+00
4.514405e+00
4.514705e+00
4.515007e+00
4.515307e+00
4.515608e+00
4.515909e+00
4.516210e+00
4.516511e+00
4.516812e+00
4.517113e+00
4.517414e+00
4.517715e+00
4.518016e+00
4.518317e+00
4.518618e+00
4.518919e+00
4.519220e+00
4.519521e+00
4.519821e+00
4.520123e+00
4.520423e+00
4.520725e+00
4.521025e+00
4.521327e+00
4.521628e+00
4.521928e+00
4.522230e+00
4.522530e+00
4.522832e+00
4.523132e+00
4.523434e+00
4.523734e+00
4.524036e+00
4.524336e+00
4.524637e+00
4.524938e+00
4.525239e+00
4.525540e+00
4.525841e+00
4.526142e+00
4.526443e+00
4.526744e+00
4.527045e+00
4.527346e+00
4.527647e+00
4.527948e+00
4.528248e+00
4.528550e+00
4.528850e+00
4.529152e+00
4.529452e+00
4.529754e+00
4.530055e+00
4.530355e+00
4.530657e+00
4.530957e+00
4.531259e+00
4.531559e+00
4.531861e+00
4.532161e+00
4.532462e+00
4.532763e+00
4.533064e+00
4.533365e+00
4.533666e+00
4.533967e+00
4.534268e+00
4.534569e+00
4.534870e+00
4.535171e+00
4.535472e+00
4.535773e+00
4.536074e+00
4.536375e+00
4.536675e+00
4.536977e+00
4.537277e+00
4.537579e+00
4.537879e+00
4.538181e+00
4.538481e+00
4.538782e+00
4.539084e+00
4.539384e+00
4.539686e+00
4.539986e+00
4.540288e+00
4.540588e+00
4.540889e+00
4.541190e+00
4.541491e+00
4.541792e+00
4.542093e+00
4.542394e+00
4.542695e+00
4.542996e+00
4.543297e+00
4.543598e+00
4.543899e+00
4.544200e+00
4.544501e+00
4.544802e+00
4.545103e+00
4.545404e+00
4.545705e+00
4.546006e+00
4.546306e+00
4.546608e+00
4.546908e+00
4.547210e+00
4.547510e+00
4.547811e+00
4.548113e+00
4.548413e+00
4.548715e+00
4.549015e+00
4.549317e+00
4.549617e+00
4.549918e+00
4.550219e+00
4.550520e+00
4.550821e+00
4.551122e+00
4.551423e+00
4.551724e+00
4.552024e+00
4.552326e+00
4.552627e+00
4.552928e+00
4.553229e+00
4.553530e+00
4.553831e+00
4.554132e+00
4.554433e+00
4.554733e+00
4.555035e+00
4.555335e+00
4.555637e+00
4.555937e+00
4.556238e+00
4.556539e+00
4.556840e+00
4.557142e+00
4.557442e+00
4.557743e+00
4.558044e+00
4.558345e+00
4.558646e+00
4.558947e+00
4.559248e+00
4.559549e+00
4.559850e+00
4.560151e+00
4.560452e+00
4.560753e+00
4.561053e+00
4.561355e+00
4.561656e+00
4.561956e+00
4.562258e+00
4.562559e+00
4.562860e+00
4.563160e+00
4.563462e+00
4.563762e+00
4.564064e+00
4.564364e+00
4.564665e+00
4.564966e+00
4.565267e+00
4.565569e+00
4.565869e+00
4.566171e+00
4.566471e+00
4.566772e+00
4.567073e+00
4.567374e+00
4.567675e+00
4.567976e+00
4.568277e+00
4.568578e+00
4.568879e+00
4.569180e+00
4.569480e+00
4.569782e+00
4.570083e+00
4.570384e+00
4.570685e+00
4.570985e+00
4.571287e+00
4.571587e+00
4.571889e+00
4.572189e+00
4.572490e+00
4.572791e+00
4.573092e+00
4.573393e+00
4.573694e+00
4.573995e+00
4.574296e+00
4.574598e+00
4.574898e+00
4.575199e+00
4.575500e+00
4.575801e+00
4.576102e+00
4.576403e+00
4.576704e+00
4.577005e+00
4.577305e+00
4.577607e+00
4.577907e+00
4.578209e+00
4.578509e+00
4.578811e+00
4.579112e+00
4.579413e+00
4.579714e+00
4.580014e+00
4.580316e+00
4.580616e+00
4.580917e+00
4.581218e+00
4.581519e+00
4.581820e+00
4.582121e+00
4.582422e+00
4.582723e+00
4.583024e+00
4.583325e+00
4.583626e+00
4.583927e+00
4.584228e+00
4.584529e+00
4.584830e+00
4.585131e+00
4.585432e+00
4.585732e+00
4.586034e+00
4.586334e+00
4.586636e+00
4.586936e+00
4.587237e+00
4.587538e+00
4.587840e+00
4.588141e+00
4.588441e+00
4.588743e+00
4.589043e+00
4.589345e+00
4.589645e+00
4.589946e+00
4.590247e+00
4.590548e+00
4.590849e+00
4.591150e+00
4.591451e+00
4.591752e+00
4.592052e+00
4.592354e+00
4.592655e+00
4.592956e+00
4.593257e+00
4.593558e+00
4.593859e+00
4.594159e+00
4.594461e+00
4.594761e+00
4.595063e+00
4.595363e+00
4.595664e+00
4.595965e+00
4.596266e+00
4.596567e+00
4.596868e+00
4.597170e+00
4.597470e+00
4.597771e+00
4.598072e+00
4.598373e+00
4.598674e+00
4.598975e+00
4.599276e+00
4.599577e+00
4.599878e+00
4.600179e+00
4.600479e+00
4.600781e+00
4.601081e+00
4.601383e+00
4.601684e+00
4.601985e+00
4.602286e+00
4.602587e+00
4.602888e+00
4.603188e+00
4.603490e+00
4.603790e+00
4.604092e+00
4.604392e+00
4.604693e+00
4.604994e+00
4.605295e+00
4.605597e+00
4.605897e+00
4.606198e+00
4.606499e+00
4.606800e+00
4.607101e+00
4.607402e+00
4.607703e+00
4.608004e+00
4.608305e+00
4.608606e+00
4.608907e+00
4.609208e+00
4.609508e+00
4.609810e+00
4.610111e+00
4.610412e+00
4.610713e+00
4.611014e+00
4.611315e+00
4.611615e+00
4.611917e+00
4.612217e+00
4.612518e+00
4.612819e+00
4.613121e+00
4.613421e+00
4.613722e+00
4.614023e+00
4.614324e+00
4.614625e+00
4.614926e+00
4.615227e+00
4.615528e+00
4.615829e+00
4.616130e+00
4.616431e+00
4.616732e+00
4.617033e+00
4.617333e+00
4.617635e+00
4.617935e+00
4.618237e+00
4.618537e+00
4.618839e+00
4.619140e+00
4.619441e+00
4.619742e+00
4.620042e+00
4.620344e+00
4.620644e+00
4.620946e+00
4.621246e+00
4.621548e+00
4.621848e+00
4.622149e+00
4.622450e+00
4.622751e+00
4.623052e+00
4.623353e+00
4.623654e+00
4.623955e+00
4.624256e+00
4.624557e+00
4.624858e+00
4.625159e+00
4.625460e+00
4.625761e+00
4.626062e+00
4.626362e+00
4.626664e+00
4.626964e+00
4.627266e+00
4.627566e+00
4.627868e+00
4.628169e+00
4.628469e+00
4.628771e+00
4.629071e+00
4.629373e+00
4.629673e+00
4.629975e+00
4.630275e+00
4.630576e+00
4.630877e+00
4.631178e+00
4.631479e+00
4.631780e+00
4.632080e+00
4.632382e+00
4.632683e+00
4.632984e+00
4.633285e+00
4.633586e+00
4.633887e+00
4.634188e+00
4.634489e+00
4.634789e+00
4.635091e+00
4.635391e+00
4.635693e+00
4.635993e+00
4.636294e+00
4.636595e+00
4.636896e+00
4.637198e+00
4.637498e+00
4.637799e+00
4.638100e+00
4.638402e+00
4.638702e+00
4.639003e+00
4.639304e+00
4.639605e+00
4.639906e+00
4.640207e+00
4.640508e+00
4.640809e+00
4.641110e+00
4.641411e+00
4.641712e+00
4.642013e+00
4.642314e+00
4.642614e+00
4.642916e+00
4.643216e+00
4.643518e+00
4.643818e+00
4.644120e+00
4.644420e+00
4.644722e+00
4.645022e+00
4.645323e+00
4.645625e+00
4.645925e+00
4.646227e+00
4.646527e+00
4.646828e+00
4.647129e+00
4.647430e+00
4.647731e+00
4.648032e+00
4.648333e+00
4.648634e+00
4.648935e+00
4.649236e+00
4.649536e+00
4.649838e+00
4.650139e+00
4.650440e+00
4.650741e+00
4.651041e+00
4.651343e+00
4.651643e+00
4.651945e+00
4.652245e+00
4.652547e+00
4.652847e+00
4.653149e+00
4.653449e+00
4.653750e+00
4.654051e+00
4.654352e+00
4.654654e+00
4.654954e+00
4.655255e+00
4.655556e+00
4.655857e+00
4.656158e+00
4.656459e+00
4.656760e+00
4.657061e+00
4.657361e+00
4.657663e+00
4.657964e+00
4.658265e+00
4.658565e+00
4.658867e+00
4.657329e+00
4.655791e+00
4.654253e+00
4.652716e+00
4.651178e+00
4.649640e+00
4.648102e+00
4.646564e+00
4.645026e+00
4.643488e+00
4.641950e+00
4.640413e+00
4.638875e+00
4.637337e+00
4.635799e+00
4.634261e+00
4.632723e+00
4.631185e+00
4.629647e+00
4.628110e+00
4.626572e+00
4.625034e+00
4.623496e+00
4.621959e+00
4.620420e+00
4.618882e+00
4.617345e+00
4.615807e+00
4.614269e+00
4.612732e+00
4.611194e+00
4.609656e+00
4.608118e+00
4.606580e+00
4.605042e+00
4.603505e+00
4.601967e+00
4.600429e+00
4.598891e+00
4.597353e+00
4.595815e+00
4.594277e+00
4.592739e+00
4.591202e+00
4.589664e+00
4.588126e+00
4.586588e+00
4.585050e+00
4.583512e+00
4.581974e+00
4.580437e+00
4.578899e+00
4.577361e+00
4.575824e+00
4.574286e+00
4.572748e+00
4.571210e+00
4.569672e+00
4.568135e+00
4.566597e+00
4.565059e+00
4.563521e+00
4.561983e+00
4.560445e+00
4.558907e+00
4.557369e+00
4.555832e+00
4.554294e+00
4.552756e+00
4.551218e+00
4.549680e+00
4.548142e+00
4.546604e+00
4.545066e+00
4.543529e+00
4.541991e+00
4.540453e+00
4.538915e+00
4.537377e+00
4.535839e+00
4.534301e+00
4.532763e+00
4.531226e+00
4.529688e+00
4.528150e+00
4.526613e+00
4.525074e+00
4.523537e+00
4.521999e+00
4.520461e+00
4.518924e+00
4.517386e+00
4.515848e+00
4.514310e+00
4.512772e+00
4.511234e+00
4.509696e+00
4.508158e+00
4.506621e+00
4.505083e+00
4.503545e+00
4.502007e+00
4.500469e+00
4.498931e+00
4.497393e+00
4.495855e+00
4.494318e+00
4.492780e+00
4.491242e+00
4.489704e+00
4.488166e+00
4.486629e+00
4.485091e+00
4.483553e+00
4.482015e+00
4.480478e+00
4.478940e+00
4.477402e+00
4.475864e+00
4.474326e+00
4.472788e+00
4.471251e+00
4.469713e+00
4.468175e+00
4.466637e+00
4.465099e+00
4.463561e+00
4.462023e+00
4.460485e+00
4.458948e+00
4.457410e+00
4.455872e+00
4.454334e+00
4.452796e+00
4.451258e+00
4.449720e+00
4.448182e+00
4.446645e+00
4.445107e+00
4.443569e+00
4.442031e+00
4.440493e+00
4.438956e+00
4.437417e+00
4.435880e+00
4.434342e+00
4.432804e+00
4.431267e+00
4.429729e+00
4.428191e+00
4.426653e+00
4.425115e+00
4.423577e+00
4.422040e+00
4.420502e+00
4.418964e+00
4.417426e+00
4.415888e+00
4.414350e+00
4.412812e+00
4.411274e+00
4.409737e+00
4.408199e+00
4.406661e+00
4.405123e+00
4.403585e+00
4.402047e+00
4.400509e+00
4.398972e+00
4.397434e+00
4.395896e+00
4.394358e+00
4.392820e+00
4.391282e+00
4.389744e+00
4.388206e+00
4.386669e+00
4.385131e+00
4.383593e+00
4.382056e+00
4.380518e+00
4.378980e+00
4.377442e+00
4.375904e+00
4.374367e+00
4.372829e+00
4.371291e+00
4.369753e+00
4.368215e+00
4.366677e+00
4.365139e+00
4.363601e+00
4.362064e+00
4.360526e+00
4.358988e+00
4.357450e+00
4.355912e+00
4.354374e+00
4.352836e+00
4.351298e+00
4.349761e+00
4.348223e+00
4.346685e+00
4.345148e+00
4.343610e+00
4.342071e+00
4.340534e+00
4.338996e+00
4.337458e+00
4.335921e+00
4.334383e+00
4.332845e+00
4.331307e+00
4.329769e+00
4.328231e+00
4.326693e+00
4.325156e+00
4.323618e+00
4.322080e+00
4.320542e+00
4.319004e+00
4.317466e+00
4.315928e+00
4.314391e+00
4.312853e+00
4.311315e+00
4.309777e+00
4.308239e+00
4.306701e+00
4.305163e+00
4.303625e+00
4.302088e+00
4.300550e+00
4.299012e+00
4.297474e+00
4.295936e+00
4.294398e+00
4.292861e+00
4.291323e+00
4.289785e+00
4.288248e+00
4.286710e+00
4.285172e+00
4.283634e+00
4.282096e+00
4.280558e+00
4.279020e+00
4.277483e+00
4.275945e+00
4.274407e+00
4.272869e+00
4.271331e+00
4.269793e+00
4.268255e+00
4.266717e+00
4.265180e+00
4.263642e+00
4.262104e+00
4.260566e+00
4.259028e+00
4.257490e+00
4.255952e+00
4.254415e+00
4.252877e+00
4.251339e+00
4.249802e+00
4.248264e+00
4.246726e+00
4.245188e+00
4.243650e+00
4.242112e+00
4.240575e+00
4.239037e+00
4.237499e+00
4.235961e+00
4.234423e+00
4.232885e+00
4.231347e+00
4.229809e+00
4.228272e+00
4.226734e+00
4.225196e+00
4.223658e+00
4.222120e+00
4.220582e+00
4.219044e+00
4.217507e+00
4.215969e+00
4.214431e+00
4.212893e+00
4.211355e+00
4.209817e+00
4.208280e+00
4.206741e+00
4.205204e+00
4.203667e+00
4.202128e+00
4.200591e+00
4.199053e+00
4.197515e+00
4.195977e+00
4.194439e+00
4.192902e+00
4.191364e+00
4.189826e+00
4.188288e+00
4.186750e+00
4.185212e+00
4.183674e+00
4.182136e+00
4.180599e+00
4.179061e+00
4.177523e+00
4.175985e+00
4.174447e+00
4.172909e+00
4.171371e+00
4.169833e+00
4.168296e+00
4.166758e+00
4.165220e+00
4.163682e+00
4.162144e+00
4.160607e+00
4.159069e+00
4.157531e+00
4.155994e+00
4.154456e+00
4.152918e+00
4.151380e+00
4.149842e+00
4.148304e+00
4.146766e+00
4.145228e+00
4.143691e+00
4.142153e+00
4.140615e+00
4.139077e+00
4.137539e+00
4.136001e+00
4.134463e+00
4.132926e+00
4.131388e+00
4.129850e+00
4.128312e+00
4.126774e+00
4.125236e+00
4.123698e+00
4.122160e+00
4.120623e+00
4.119085e+00
4.117547e+00
4.116009e+00
4.114471e+00
4.112934e+00
4.111395e+00
4.109858e+00
4.108321e+00
4.106782e+00
4.105245e+00
4.103707e+00
4.102169e+00
4.100631e+00
4.099093e+00
4.097555e+00
4.096018e+00
4.094480e+00
4.092942e+00
4.091404e+00
4.089866e+00
4.088328e+00
4.086790e+00
4.085252e+00
4.083715e+00
4.082177e+00
4.080639e+00
4.079101e+00
4.077563e+00
4.076025e+00
4.074487e+00
4.072949e+00
4.071412e+00
4.069874e+00
4.068336e+00
4.066798e+00
4.065260e+00
4.063722e+00
4.062185e+00
4.060647e+00
4.059109e+00
4.057571e+00
4.056034e+00
4.054496e+00
4.052958e+00
4.051420e+00
4.049882e+00
4.048345e+00
4.046807e+00
4.045269e+00
4.043731e+00
4.042193e+00
4.040655e+00
4.039117e+00
4.037579e+00
4.036042e+00
4.034504e+00
4.032966e+00
4.031428e+00
4.029890e+00
4.028352e+00
4.026814e+00
4.025276e+00
4.023739e+00
4.022201e+00
4.020663e+00
4.019126e+00
4.017588e+00
4.016050e+00
4.014512e+00
4.012974e+00
4.011437e+00
4.009899e+00
4.008361e+00
4.006823e+00
4.005285e+00
4.003747e+00
4.002209e+00
4.000671e+00
3.999134e+00
3.997596e+00
3.996058e+00
3.994520e+00
3.992982e+00
3.991444e+00
3.989906e+00
3.988368e+00
3.986831e+00
3.985293e+00
3.983755e+00
3.982217e+00
3.980679e+00
3.979141e+00
3.977603e+00
3.976066e+00
3.974528e+00
3.972990e+00
3.971453e+00
3.969915e+00
3.968376e+00
3.966839e+00
3.965301e+00
3.963764e+00
3.962226e+00
3.960688e+00
3.959150e+00
3.957612e+00
3.956074e+00
3.954536e+00
3.952998e+00
3.951461e+00
3.949923e+00
3.948385e+00
3.946847e+00
3.945309e+00
3.943771e+00
3.942233e+00
3.940695e+00
3.939158e+00
3.937620e+00
3.936082e+00
3.934544e+00
3.933006e+00
3.931468e+00
3.929930e+00
3.928393e+00
3.926855e+00
3.925317e+00
3.923780e+00
3.922242e+00
3.920704e+00
3.919166e+00
3.917628e+00
3.916090e+00
3.914553e+00
3.913015e+00
3.911477e+00
3.909939e+00
3.908401e+00
3.906863e+00
3.905325e+00
3.903787e+00
3.902250e+00
3.900712e+00
3.899174e+00
3.897636e+00
3.896098e+00
3.894560e+00
3.893022e+00
3.891484e+00
3.889947e+00
3.888409e+00
3.886871e+00
3.885333e+00
3.884116e+00
3.882900e+00
3.881683e+00
3.880466e+00
3.879249e+00
3.878033e+00
3.876816e+00
3.875600e+00
3.874383e+00
3.873166e+00
3.871949e+00
3.870733e+00
3.869516e+00
3.868299e+00
3.867082e+00
3.865865e+00
3.864649e+00
3.863432e+00
3.862215e+00
3.860998e+00
3.859781e+00
3.858565e+00
3.857348e+00
3.856131e+00
3.854914e+00
3.853697e+00
3.852481e+00
3.851264e+00
3.850047e+00
3.848830e+00
3.847613e+00
3.846397e+00
3.845180e+00
3.843964e+00
3.842747e+00
3.841530e+00
3.840313e+00
3.839097e+00
3.837880e+00
3.836663e+00
3.835447e+00
3.834230e+00
3.833013e+00
3.831796e+00
3.830579e+00
3.829363e+00
3.828146e+00
3.826929e+00
3.825712e+00
3.824495e+00
3.823279e+00
3.822062e+00
3.820845e+00
3.819628e+00
3.818411e+00
3.817195e+00
3.815978e+00
3.814761e+00
3.813544e+00
3.812328e+00
3.811111e+00
3.809894e+00
3.808677e+00
3.807460e+00
3.806244e+00
3.805027e+00
3.803810e+00
3.802593e+00
3.801377e+00
3.800161e+00
3.798944e+00
3.797727e+00
3.796510e+00
3.795293e+00
3.794077e+00
3.792860e+00
3.791643e+00
3.790426e+00
3.789209e+00
3.787993e+00
3.786776e+00
3.785559e+00
3.784342e+00
3.783126e+00
3.781909e+00
3.780692e+00
3.779475e+00
3.778258e+00
3.777042e+00
3.775825e+00
3.774608e+00
3.773391e+00
3.772174e+00
3.770958e+00
3.769741e+00
3.768524e+00
3.767307e+00
3.766090e+00
3.764874e+00
3.763658e+00
3.762441e+00
3.761224e+00
3.760007e+00
3.758791e+00
3.757574e+00
3.756357e+00
3.755140e+00
3.753924e+00
3.752707e+00
3.751490e+00
3.750273e+00
3.749056e+00
3.747840e+00
3.746623e+00
3.745406e+00
3.744189e+00
3.742972e+00
3.741756e+00
3.740539e+00
3.739322e+00
3.738105e+00
3.736888e+00
3.735672e+00
3.734455e+00
3.733238e+00
3.732021e+00
3.730805e+00
3.729588e+00
3.728371e+00
3.727154e+00
3.725938e+00
3.724722e+00
3.723505e+00
3.722288e+00
3.721071e+00
3.719854e+00
3.718638e+00
3.717421e+00
3.716204e+00
3.714987e+00
3.713770e+00
3.712554e+00
3.711337e+00
3.710120e+00
3.708903e+00
3.707686e+00
3.706470e+00
3.705253e+00
3.704036e+00
3.702819e+00
3.701603e+00
3.700386e+00
3.699169e+00
3.697952e+00
3.696735e+00
3.695519e+00
3.694302e+00
3.693085e+00
3.691868e+00
3.690651e+00
3.689435e+00
3.688219e+00
3.687002e+00
3.685785e+00
3.684568e+00
3.683352e+00
3.682135e+00
3.680918e+00
3.679701e+00
3.678484e+00
3.677268e+00
3.676051e+00
3.674834e+00
3.673617e+00
3.672401e+00
3.671184e+00
3.669967e+00
3.668750e+00
3.667533e+00
3.666317e+00
3.665100e+00
3.663883e+00
3.662666e+00
3.661449e+00
3.660233e+00
3.659016e+00
3.657799e+00
3.656582e+00
3.655365e+00
3.654149e+00
3.652932e+00
3.651715e+00
3.650499e+00
3.649282e+00
3.648065e+00
3.646848e+00
3.645632e+00
3.644415e+00
3.643199e+00
3.641982e+00
3.640765e+00
3.639548e+00
3.638331e+00
3.637115e+00
3.635898e+00
3.634681e+00
3.633464e+00
3.632247e+00
3.631031e+00
3.629814e+00
3.628597e+00
3.627380e+00
3.626163e+00
3.624947e+00
3.623730e+00
3.622513e+00
3.621296e+00
3.620080e+00
3.618863e+00
3.617646e+00
3.616429e+00
3.615212e+00
3.613996e+00
3.612779e+00
3.611563e+00
3.610346e+00
3.609129e+00
3.607913e+00
3.606696e+00
3.605479e+00
3.604262e+00
3.603045e+00
3.601829e+00
3.600612e+00
3.599395e+00
3.598178e+00
3.596961e+00
3.595745e+00
3.594528e+00
3.593311e+00
3.592094e+00
3.590878e+00
3.589661e+00
3.588444e+00
3.587227e+00
3.586010e+00
3.584794e+00
3.583577e+00
3.582360e+00
3.581143e+00
3.579926e+00
3.578710e+00
3.577493e+00
3.576276e+00
3.575060e+00
3.573843e+00
3.572627e+00
3.571410e+00
3.570193e+00
3.568976e+00
3.567759e+00
3.566543e+00
3.565326e+00
3.564109e+00
3.562892e+00
3.561676e+00
3.560459e+00
3.559242e+00
3.558025e+00
3.556808e+00
3.555592e+00
3.554375e+00
3.553158e+00
3.551941e+00
3.550724e+00
3.549508e+00
3.548291e+00
3.547074e+00
3.545857e+00
3.544640e+00
3.543424e+00
3.542207e+00
3.540990e+00
3.539773e+00
3.538556e+00
3.537340e+00
3.536124e+00
3.534906e+00
3.533689e+00
3.532474e+00
3.531257e+00
3.530040e+00
3.528823e+00
3.527606e+00
3.526390e+00
3.525173e+00
3.523956e+00
3.522739e+00
3.521522e+00
3.520306e+00
3.519089e+00
3.517872e+00
3.516655e+00
3.515438e+00
3.514222e+00
3.513005e+00
3.511788e+00
3.510571e+00
3.509355e+00
3.508138e+00
3.506921e+00
3.505704e+00
3.504487e+00
3.503271e+00
3.502054e+00
3.500837e+00
3.499620e+00
3.498404e+00
3.497187e+00
3.495971e+00
3.494754e+00
3.493537e+00
3.492320e+00
3.491103e+00
3.489887e+00
3.488670e+00
3.487453e+00
3.486236e+00
3.485020e+00
3.483803e+00
3.482586e+00
3.481369e+00
3.480153e+00
3.478936e+00
3.477719e+00
3.476502e+00
3.475285e+00
3.474069e+00
3.472852e+00
3.471635e+00
3.470418e+00
3.469201e+00
3.467985e+00
3.466768e+00
3.465551e+00
3.464334e+00
3.463118e+00
3.461901e+00
3.460684e+00
3.459468e+00
3.458251e+00
3.457034e+00
3.455818e+00
3.454601e+00
3.453384e+00
3.452167e+00
3.450951e+00
3.449734e+00
3.448517e+00
3.447300e+00
3.446083e+00
3.444867e+00
3.443650e+00
3.442433e+00
3.441216e+00
3.439999e+00
3.438783e+00
3.437566e+00
3.436349e+00
3.435132e+00
3.433915e+00
3.432699e+00
3.431482e+00
3.430265e+00
3.429048e+00
3.427831e+00
3.426615e+00
3.425398e+00
3.424181e+00
3.422965e+00
3.421748e+00
3.420532e+00
3.419315e+00
3.418098e+00
3.416881e+00
3.415665e+00
3.414448e+00
3.413231e+00
3.412014e+00
3.410797e+00
3.409581e+00
3.408364e+00
3.407147e+00
3.405930e+00
3.404713e+00
3.403497e+00
3.402280e+00
3.401063e+00
3.399846e+00
3.398629e+00
3.397413e+00
3.396196e+00
3.394979e+00
3.393762e+00
3.392546e+00
3.391329e+00
3.390112e+00
3.388895e+00
3.387678e+00
3.386462e+00
3.385245e+00
3.384029e+00
3.382812e+00
3.381594e+00
3.380378e+00
3.379161e+00
3.377945e+00
3.376728e+00
3.375511e+00
3.374295e+00
3.373078e+00
3.371861e+00
3.370644e+00
3.369428e+00
3.368211e+00
3.366994e+00
3.365777e+00
3.364560e+00
3.363344e+00
3.362127e+00
3.360910e+00
3.359693e+00
3.358476e+00
3.357260e+00
3.356043e+00
3.354826e+00
3.353609e+00
3.352392e+00
3.351176e+00
3.349959e+00
3.348742e+00
3.347525e+00
3.346309e+00
3.345092e+00
3.343876e+00
3.342659e+00
3.341442e+00
3.340225e+00
3.339008e+00
3.337792e+00
3.336575e+00
3.335358e+00
3.334142e+00
3.332925e+00
3.331708e+00
3.330491e+00
3.329274e+00
3.328058e+00
3.326841e+00
3.325624e+00
3.324407e+00
3.323190e+00
3.321974e+00
3.320757e+00
3.319540e+00
3.318323e+00
3.317106e+00
3.315890e+00
3.314673e+00
3.313456e+00
3.312239e+00
3.311023e+00
3.309806e+00
3.308589e+00
3.307373e+00
3.306156e+00
3.304940e+00
3.303723e+00
3.302506e+00
3.301289e+00
3.300072e+00
