1.131326e-04
2.369059e-04
3.606793e-04
4.844527e-04
6.082260e-04
7.319994e-04
8.557727e-04
9.795461e-04
1.103320e-03
1.227093e-03
1.350866e-03
1.474640e-03
1.598413e-03
1.722186e-03
1.845959e-03
1.969733e-03
2.093507e-03
2.217280e-03
2.341053e-03
2.464826e-03
2.588600e-03
2.712373e-03
2.836146e-03
2.959919e-03
3.083694e-03
3.207467e-03
3.331240e-03
3.455013e-03
3.578787e-03
3.702560e-03
3.826333e-03
3.890167e-03
3.954000e-03
4.017833e-03
4.081667e-03
4.145500e-03
4.209333e-03
4.273167e-03
4.337000e-03
4.400833e-03
4.464667e-03
4.528500e-03
4.592333e-03
4.656167e-03
4.720000e-03
4.783833e-03
4.847667e-03
4.911500e-03
4.975333e-03
5.039167e-03
5.103000e-03
5.170793e-03
5.238587e-03
5.306380e-03
5.374173e-03
5.441967e-03
5.509760e-03
5.577553e-03
5.645347e-03
5.713140e-03
5.780933e-03
5.848727e-03
5.916520e-03
5.984313e-03
6.052107e-03
6.119900e-03
6.187693e-03
6.255487e-03
6.323280e-03
6.316429e-03
6.458867e-03
6.601304e-03
6.743742e-03
6.886180e-03
7.028618e-03
7.171056e-03
7.313493e-03
7.455931e-03
7.598369e-03
7.740807e-03
7.883244e-03
8.025682e-03
8.168120e-03
8.310558e-03
8.452996e-03
8.595433e-03
8.737871e-03
8.880309e-03
9.022747e-03
9.165184e-03
9.307622e-03
9.450060e-03
9.592498e-03
9.734935e-03
9.877373e-03
1.001981e-02
1.016225e-02
1.030469e-02
1.044712e-02
1.058956e-02
1.073200e-02
1.080506e-02
1.087812e-02
1.095118e-02
1.102424e-02
1.109730e-02
1.117036e-02
1.124342e-02
1.131648e-02
1.138954e-02
1.146260e-02
1.153566e-02
1.160872e-02
1.168178e-02
1.175484e-02
1.182790e-02
1.190096e-02
1.197402e-02
1.204708e-02
1.212014e-02
1.219320e-02
1.226626e-02
1.233932e-02
1.241238e-02
1.248544e-02
1.255850e-02
1.263156e-02
1.270462e-02
1.277768e-02
1.285074e-02
1.292380e-02
1.299686e-02
1.306992e-02
1.314298e-02
1.321604e-02
1.328910e-02
1.336216e-02
1.343522e-02
1.350828e-02
1.358134e-02
1.365440e-02
1.372746e-02
1.380052e-02
1.387358e-02
1.394664e-02
1.401970e-02
1.409276e-02
1.416582e-02
1.423888e-02
1.431194e-02
1.438500e-02
1.444294e-02
1.450088e-02
1.455882e-02
1.461676e-02
1.467470e-02
1.473264e-02
1.479058e-02
1.484852e-02
1.490646e-02
1.496440e-02
1.502234e-02
1.508028e-02
1.513822e-02
1.519616e-02
1.525410e-02
1.531204e-02
1.536998e-02
1.542792e-02
1.548586e-02
1.554380e-02
1.560174e-02
1.565968e-02
1.571762e-02
1.577556e-02
1.583350e-02
1.589144e-02
1.594938e-02
1.600732e-02
1.606526e-02
1.612320e-02
1.618114e-02
1.623908e-02
1.629702e-02
1.635496e-02
1.641290e-02
1.647084e-02
1.652878e-02
1.658672e-02
1.664466e-02
1.670260e-02
1.676054e-02
1.681848e-02
1.687642e-02
1.693436e-02
1.699230e-02
1.705024e-02
1.710818e-02
1.716612e-02
1.722406e-02
1.728200e-02
1.736790e-02
1.745380e-02
1.753970e-02
1.762560e-02
1.771150e-02
1.779740e-02
1.788330e-02
1.796920e-02
1.805510e-02
1.814100e-02
1.822690e-02
1.831280e-02
1.839870e-02
1.848460e-02
1.857050e-02
1.865640e-02
1.874230e-02
1.882820e-02
1.891410e-02
1.900000e-02
1.908590e-02
1.917180e-02
1.925770e-02
1.934360e-02
1.942950e-02
1.951540e-02
1.960130e-02
1.968720e-02
1.977310e-02
1.985900e-02
1.994490e-02
2.003080e-02
2.011670e-02
2.020260e-02
2.028850e-02
2.037440e-02
2.046030e-02
2.054620e-02
2.063210e-02
2.071800e-02
2.080390e-02
2.088980e-02
2.097570e-02
2.106160e-02
2.114750e-02
2.123340e-02
2.131930e-02
2.140520e-02
2.149110e-02
2.157700e-02
2.166290e-02
2.174880e-02
2.183470e-02
2.192060e-02
2.200650e-02
2.209240e-02
2.217830e-02
2.226420e-02
2.235010e-02
2.243600e-02
2.252190e-02
2.260780e-02
2.269370e-02
2.277960e-02
2.286550e-02
2.295140e-02
2.303730e-02
2.312320e-02
2.320910e-02
2.329500e-02
2.338090e-02
2.346680e-02
2.355270e-02
2.363860e-02
2.372450e-02
2.381040e-02
2.389630e-02
2.398220e-02
2.406810e-02
2.415400e-02
2.423990e-02
2.432580e-02
2.441170e-02
2.449760e-02
2.458350e-02
2.466940e-02
2.475530e-02
2.484120e-02
2.492710e-02
2.501300e-02
2.509890e-02
2.518480e-02
2.527070e-02
2.535660e-02
2.544250e-02
2.552840e-02
2.561430e-02
2.570020e-02
2.578610e-02
2.587200e-02
2.599495e-02
2.611789e-02
2.624084e-02
2.636379e-02
2.648673e-02
2.660968e-02
2.673263e-02
2.685557e-02
2.697852e-02
2.710147e-02
2.722441e-02
2.734736e-02
2.747031e-02
2.759325e-02
2.771620e-02
2.783915e-02
2.796209e-02
2.808504e-02
2.820799e-02
2.833093e-02
2.845388e-02
2.857683e-02
2.869977e-02
2.882272e-02
2.894567e-02
2.906861e-02
2.919156e-02
2.931451e-02
2.943745e-02
2.956040e-02
2.968335e-02
2.980629e-02
2.992924e-02
3.005219e-02
3.017513e-02
3.029808e-02
3.042103e-02
3.054397e-02
3.066692e-02
3.078987e-02
3.091281e-02
3.103576e-02
3.115871e-02
3.128165e-02
3.140460e-02
3.152755e-02
3.165049e-02
3.177344e-02
3.189639e-02
3.201933e-02
3.214228e-02
3.226523e-02
3.238817e-02
3.251112e-02
3.263407e-02
3.275701e-02
3.287996e-02
3.300291e-02
3.312585e-02
3.324880e-02
3.337175e-02
3.349469e-02
3.361764e-02
3.374059e-02
3.386353e-02
3.398648e-02
3.410943e-02
3.423237e-02
3.435532e-02
3.447827e-02
3.460121e-02
3.472416e-02
3.484711e-02
3.497005e-02
3.509300e-02
3.521595e-02
3.533889e-02
3.546184e-02
3.558479e-02
3.570773e-02
3.583068e-02
3.595363e-02
3.607657e-02
3.619952e-02
3.632247e-02
3.644541e-02
3.656836e-02
3.669131e-02
3.681425e-02
3.693720e-02
3.706015e-02
3.718309e-02
3.730604e-02
3.742899e-02
3.755193e-02
3.767488e-02
3.779783e-02
3.792077e-02
3.804372e-02
3.816667e-02
3.830818e-02
3.844969e-02
3.859120e-02
3.873271e-02
3.887422e-02
3.901573e-02
3.915724e-02
3.929875e-02
3.944026e-02
3.958177e-02
3.972328e-02
3.986479e-02
4.000630e-02
4.014781e-02
4.028932e-02
4.043083e-02
4.057234e-02
4.071385e-02
4.085536e-02
4.099687e-02
4.113838e-02
4.127989e-02
4.142140e-02
4.156291e-02
4.170442e-02
4.184593e-02
4.198744e-02
4.212895e-02
4.227046e-02
4.241197e-02
4.255348e-02
4.269499e-02
4.283650e-02
4.297801e-02
4.311952e-02
4.326103e-02
4.340254e-02
4.354405e-02
4.368556e-02
4.382707e-02
4.396858e-02
4.411009e-02
4.425160e-02
4.439311e-02
4.453462e-02
4.467613e-02
4.481764e-02
4.495915e-02
4.510066e-02
4.524217e-02
4.538368e-02
4.552519e-02
4.566670e-02
4.580821e-02
4.594972e-02
4.609123e-02
4.623274e-02
4.637425e-02
4.651576e-02
4.665727e-02
4.679878e-02
4.694029e-02
4.708180e-02
4.722331e-02
4.736482e-02
4.750633e-02
4.764784e-02
4.778935e-02
4.793086e-02
4.807237e-02
4.821388e-02
4.835539e-02
4.849690e-02
4.863841e-02
4.877992e-02
4.892143e-02
4.906294e-02
4.920445e-02
4.934596e-02
4.948747e-02
4.962898e-02
4.977049e-02
4.991200e-02
5.005351e-02
5.019502e-02
5.033653e-02
5.047804e-02
5.061955e-02
5.076106e-02
5.090257e-02
5.104408e-02
5.118559e-02
5.132710e-02
5.146861e-02
5.161012e-02
5.175163e-02
5.189314e-02
5.203465e-02
5.217616e-02
5.231767e-02
5.245918e-02
5.260069e-02
5.274220e-02
5.288371e-02
5.302522e-02
5.316673e-02
5.330824e-02
5.344975e-02
5.359126e-02
5.373277e-02
5.387428e-02
5.401579e-02
5.415730e-02
5.429881e-02
5.444032e-02
5.458183e-02
5.472334e-02
5.486485e-02
5.500636e-02
5.514787e-02
5.528938e-02
5.543089e-02
5.557240e-02
5.571391e-02
5.585542e-02
5.599693e-02
5.613844e-02
5.627995e-02
5.642146e-02
5.656297e-02
5.670448e-02
5.684599e-02
5.698750e-02
5.712901e-02
5.727052e-02
5.741203e-02
5.755354e-02
5.769505e-02
5.783656e-02
5.797807e-02
5.811958e-02
5.826109e-02
5.840260e-02
5.854411e-02
5.868562e-02
5.882713e-02
5.896864e-02
5.911015e-02
5.925166e-02
5.939317e-02
5.953468e-02
5.967619e-02
5.981770e-02
5.995921e-02
6.010072e-02
6.024223e-02
6.038374e-02
6.052525e-02
6.066676e-02
6.080827e-02
6.094978e-02
6.109129e-02
6.123280e-02
6.137431e-02
6.151582e-02
6.165733e-02
6.179884e-02
6.194035e-02
6.208186e-02
6.222337e-02
6.236488e-02
6.250639e-02
6.264790e-02
6.278941e-02
6.293092e-02
6.307243e-02
6.321394e-02
6.335545e-02
6.349696e-02
6.363847e-02
6.377998e-02
6.392149e-02
6.406300e-02
6.420451e-02
6.434602e-02
6.448753e-02
6.462904e-02
6.477055e-02
6.491206e-02
6.505357e-02
6.519508e-02
6.533659e-02
6.547810e-02
6.561961e-02
6.576112e-02
6.590263e-02
6.604414e-02
6.618565e-02
6.632716e-02
6.646867e-02
6.651481e-02
6.656095e-02
6.660709e-02
6.665323e-02
6.669937e-02
6.674551e-02
6.679165e-02
6.683779e-02
6.688393e-02
6.693007e-02
6.697621e-02
6.702235e-02
6.706849e-02
6.711463e-02
6.716077e-02
6.720691e-02
6.725305e-02
6.729919e-02
6.734533e-02
6.739147e-02
6.743761e-02
6.748375e-02
6.752989e-02
6.757603e-02
6.762217e-02
6.766831e-02
6.771445e-02
6.776059e-02
6.780673e-02
6.785287e-02
6.789901e-02
6.794515e-02
6.799129e-02
6.803743e-02
6.808357e-02
6.812971e-02
6.817585e-02
6.822199e-02
6.826813e-02
6.831427e-02
6.836041e-02
6.840655e-02
6.845269e-02
6.849883e-02
6.854497e-02
6.859111e-02
6.863725e-02
6.868339e-02
6.872953e-02
6.877567e-02
6.882181e-02
6.886795e-02
6.891409e-02
6.896023e-02
6.900637e-02
6.905251e-02
6.909865e-02
6.914479e-02
6.919093e-02
6.923707e-02
6.928321e-02
6.932935e-02
6.937549e-02
6.942163e-02
6.946777e-02
6.951391e-02
6.956005e-02
6.960619e-02
6.965233e-02
6.969847e-02
6.974461e-02
6.979075e-02
6.983689e-02
6.988303e-02
6.992917e-02
6.997531e-02
7.002145e-02
7.006759e-02
7.011373e-02
7.015987e-02
7.020601e-02
7.025215e-02
7.029829e-02
7.034443e-02
7.039057e-02
7.043671e-02
7.048285e-02
7.052899e-02
7.057513e-02
7.062127e-02
7.066741e-02
7.071355e-02
7.075969e-02
7.080583e-02
7.085197e-02
7.089811e-02
7.094425e-02
7.099039e-02
7.103653e-02
7.108267e-02
7.210794e-02
7.313322e-02
7.415849e-02
7.518376e-02
7.620903e-02
7.723431e-02
7.825958e-02
7.928485e-02
8.031013e-02
8.133540e-02
8.236067e-02
8.338594e-02
8.441122e-02
8.543649e-02
8.646176e-02
8.748703e-02
8.851231e-02
8.953758e-02
9.056285e-02
9.158813e-02
9.261340e-02
9.363867e-02
9.466394e-02
9.568922e-02
9.671449e-02
9.773976e-02
9.876504e-02
9.979031e-02
1.008156e-01
1.018409e-01
1.028661e-01
1.038914e-01
1.049167e-01
1.059419e-01
1.069672e-01
1.079925e-01
1.090178e-01
1.100430e-01
1.110683e-01
1.120936e-01
1.131189e-01
1.141441e-01
1.151694e-01
1.161947e-01
1.172199e-01
1.182452e-01
1.192705e-01
1.202958e-01
1.213210e-01
1.223463e-01
1.233716e-01
1.243969e-01
1.254221e-01
1.264474e-01
1.274727e-01
1.284979e-01
1.295232e-01
1.305485e-01
1.315738e-01
1.325990e-01
1.336243e-01
1.346496e-01
1.356749e-01
1.367001e-01
1.377254e-01
1.387507e-01
1.397759e-01
1.408012e-01
1.418265e-01
1.428518e-01
1.438770e-01
1.449023e-01
1.459276e-01
1.469529e-01
1.479781e-01
1.490034e-01
1.500287e-01
1.510539e-01
1.520792e-01
1.531045e-01
1.541298e-01
1.551550e-01
1.561803e-01
1.572056e-01
1.582309e-01
1.592561e-01
1.602814e-01
1.613067e-01
1.623319e-01
1.633572e-01
1.643825e-01
1.654078e-01
1.664330e-01
1.674583e-01
1.684836e-01
1.695089e-01
1.705341e-01
1.715594e-01
1.725847e-01
1.736100e-01
1.746352e-01
1.756605e-01
1.766858e-01
1.777110e-01
1.787363e-01
1.797616e-01
1.807869e-01
1.818121e-01
1.828374e-01
1.838627e-01
1.848880e-01
1.859132e-01
1.869385e-01
1.879638e-01
1.889890e-01
1.900143e-01
1.910396e-01
1.920649e-01
1.930901e-01
1.941154e-01
1.951407e-01
1.961660e-01
1.971912e-01
1.982165e-01
1.992418e-01
2.002670e-01
2.012923e-01
2.023176e-01
2.033429e-01
2.043681e-01
2.053934e-01
2.064187e-01
2.074440e-01
2.084692e-01
2.094945e-01
2.105198e-01
2.115450e-01
2.125703e-01
2.135956e-01
2.146209e-01
2.156461e-01
2.166714e-01
2.176967e-01
2.187220e-01
2.197472e-01
2.207725e-01
2.217978e-01
2.228230e-01
2.238483e-01
2.248736e-01
2.258989e-01
2.269241e-01
2.279494e-01
2.289747e-01
2.300000e-01
2.310252e-01
2.320505e-01
2.330758e-01
2.341010e-01
2.351263e-01
2.361516e-01
2.371769e-01
2.382021e-01
2.392274e-01
2.402527e-01
2.412780e-01
2.423032e-01
2.433285e-01
2.443538e-01
2.453790e-01
2.464043e-01
2.474296e-01
2.484549e-01
2.494801e-01
2.505054e-01
2.515307e-01
2.525560e-01
2.535812e-01
2.546065e-01
2.556318e-01
2.566570e-01
2.576823e-01
2.587076e-01
2.597329e-01
2.607581e-01
2.617834e-01
2.628087e-01
2.638340e-01
2.648592e-01
2.658845e-01
2.669098e-01
2.679350e-01
2.689603e-01
2.699856e-01
2.710109e-01
2.720361e-01
2.730614e-01
2.740867e-01
2.751120e-01
2.761372e-01
2.771625e-01
2.781878e-01
2.792130e-01
2.802383e-01
2.812636e-01
2.822889e-01
2.833141e-01
2.843394e-01
2.853647e-01
2.863900e-01
2.874152e-01
2.884405e-01
2.894658e-01
2.904910e-01
2.915163e-01
2.925416e-01
2.935669e-01
2.945921e-01
2.956174e-01
2.966427e-01
2.976680e-01
2.986932e-01
2.997185e-01
3.007438e-01
3.017691e-01
3.027943e-01
3.038196e-01
3.048449e-01
3.058701e-01
3.068954e-01
3.079207e-01
3.089460e-01
3.099712e-01
3.109965e-01
3.120218e-01
3.130471e-01
3.140723e-01
3.150976e-01
3.161229e-01
3.171481e-01
3.181734e-01
3.191987e-01
3.202240e-01
3.212492e-01
3.222745e-01
3.232998e-01
3.243251e-01
3.253503e-01
3.263756e-01
3.274009e-01
3.284261e-01
3.294514e-01
3.304767e-01
3.315020e-01
3.325272e-01
3.335525e-01
3.345778e-01
3.356031e-01
3.366283e-01
3.376536e-01
3.386789e-01
3.397041e-01
3.407294e-01
3.417547e-01
3.427800e-01
3.438052e-01
3.448305e-01
3.458558e-01
3.468811e-01
3.479063e-01
3.489316e-01
3.499569e-01
3.509821e-01
3.520074e-01
3.530327e-01
3.540580e-01
3.550832e-01
3.561085e-01
3.571338e-01
3.581591e-01
3.591843e-01
3.602096e-01
3.612349e-01
3.622601e-01
3.632854e-01
3.643107e-01
3.653360e-01
3.663612e-01
3.673865e-01
3.684118e-01
3.694371e-01
3.704623e-01
3.714876e-01
3.725129e-01
3.735381e-01
3.745634e-01
3.755887e-01
3.766140e-01
3.776392e-01
3.786645e-01
3.796898e-01
3.807151e-01
3.817403e-01
3.827656e-01
3.837909e-01
3.848161e-01
3.858414e-01
3.868667e-01
3.878920e-01
3.889172e-01
3.899425e-01
3.909678e-01
3.919931e-01
3.930183e-01
3.940436e-01
3.950689e-01
3.960941e-01
3.971194e-01
3.981447e-01
3.991700e-01
4.001952e-01
4.012205e-01
4.022458e-01
4.032711e-01
4.042963e-01
4.053216e-01
4.063469e-01
4.073721e-01
4.083974e-01
4.094227e-01
4.104480e-01
4.114732e-01
4.124985e-01
4.135238e-01
4.145491e-01
4.155743e-01
4.165996e-01
4.176249e-01
4.186501e-01
4.196754e-01
4.207007e-01
4.217260e-01
4.227512e-01
4.237765e-01
4.248018e-01
4.258271e-01
4.268523e-01
4.278776e-01
4.289029e-01
4.299282e-01
4.309534e-01
4.319787e-01
4.330040e-01
4.340292e-01
4.350545e-01
4.360798e-01
4.371051e-01
4.381303e-01
4.391556e-01
4.401809e-01
4.412062e-01
4.422314e-01
4.432567e-01
4.442820e-01
4.453072e-01
4.463325e-01
4.473578e-01
4.483831e-01
4.494083e-01
4.504336e-01
4.514589e-01
4.524842e-01
4.535094e-01
4.545347e-01
4.555600e-01
4.565852e-01
4.576105e-01
4.586358e-01
4.596611e-01
4.606863e-01
4.617116e-01
4.627369e-01
4.637622e-01
4.647874e-01
4.658127e-01
4.668380e-01
4.678632e-01
4.688885e-01
4.699138e-01
4.709391e-01
4.719643e-01
4.729896e-01
4.740149e-01
4.750402e-01
4.760654e-01
4.770907e-01
4.781160e-01
4.791412e-01
4.801665e-01
4.811918e-01
4.822171e-01
4.832423e-01
4.842676e-01
4.852929e-01
4.863182e-01
4.873434e-01
4.883687e-01
4.907204e-01
4.930722e-01
4.954239e-01
4.977757e-01
5.001275e-01
5.024792e-01
5.048310e-01
5.071827e-01
5.095345e-01
5.118863e-01
5.142380e-01
5.165898e-01
5.189415e-01
5.212933e-01
5.236451e-01
5.259968e-01
5.283486e-01
5.307003e-01
5.330521e-01
5.354039e-01
5.377556e-01
5.401074e-01
5.424591e-01
5.448109e-01
5.471627e-01
5.495144e-01
5.518662e-01
5.542179e-01
5.565697e-01
5.589215e-01
5.612732e-01
5.636250e-01
5.659767e-01
5.683285e-01
5.706803e-01
5.730320e-01
5.753838e-01
5.777355e-01
5.800873e-01
5.824391e-01
5.847908e-01
5.871426e-01
5.894943e-01
5.918461e-01
5.941979e-01
5.965496e-01
5.989014e-01
6.012531e-01
6.036049e-01
6.059567e-01
6.083084e-01
6.106602e-01
6.130119e-01
6.153637e-01
6.177155e-01
6.200672e-01
6.224190e-01
6.247707e-01
6.271225e-01
6.294743e-01
6.318260e-01
6.341778e-01
6.365295e-01
6.388813e-01
6.412331e-01
6.435848e-01
6.459366e-01
6.482883e-01
6.506401e-01
6.529919e-01
6.553436e-01
6.576954e-01
6.600471e-01
6.623989e-01
6.647507e-01
6.671024e-01
6.694542e-01
6.718059e-01
6.741577e-01
6.765095e-01
6.788612e-01
6.812130e-01
6.835647e-01
6.859165e-01
6.882683e-01
6.906200e-01
6.929718e-01
6.953235e-01
6.976753e-01
7.000271e-01
7.023788e-01
7.047306e-01
7.070823e-01
7.094341e-01
7.117859e-01
7.141376e-01
7.164894e-01
7.188411e-01
7.211929e-01
7.235447e-01
7.251571e-01
7.267696e-01
7.283820e-01
7.299944e-01
7.316069e-01
7.332193e-01
7.348317e-01
7.364442e-01
7.380566e-01
7.396691e-01
7.412815e-01
7.428940e-01
7.445064e-01
7.461189e-01
7.477313e-01
7.493437e-01
7.509562e-01
7.525686e-01
7.541810e-01
7.557935e-01
7.574059e-01
7.590183e-01
7.606308e-01
7.622433e-01
7.638557e-01
7.654682e-01
7.670806e-01
7.686930e-01
7.703055e-01
7.719179e-01
7.735303e-01
7.751428e-01
7.767552e-01
7.783676e-01
7.799801e-01
7.815925e-01
7.832050e-01
7.848175e-01
7.864299e-01
7.880423e-01
7.896548e-01
7.912672e-01
7.928796e-01
7.944921e-01
7.961045e-01
7.977169e-01
7.993294e-01
8.009418e-01
8.025543e-01
8.041667e-01
8.057792e-01
8.073916e-01
8.090041e-01
8.106165e-01
8.122289e-01
8.138414e-01
8.154538e-01
8.170662e-01
8.186787e-01
8.202911e-01
8.219036e-01
8.235160e-01
8.251285e-01
8.267409e-01
8.283534e-01
8.299658e-01
8.315782e-01
8.331907e-01
8.348031e-01
8.364155e-01
8.380280e-01
8.396404e-01
8.412528e-01
8.428653e-01
8.444778e-01
8.460902e-01
8.477027e-01
8.493151e-01
8.509275e-01
8.525400e-01
8.541524e-01
8.557648e-01
8.573773e-01
8.589897e-01
8.606021e-01
8.622146e-01
8.638270e-01
8.654395e-01
8.670519e-01
8.686644e-01
8.702768e-01
8.718893e-01
8.735017e-01
8.751141e-01
8.767266e-01
8.783390e-01
8.799514e-01
8.815639e-01
8.831763e-01
8.847888e-01
8.864012e-01
8.880137e-01
8.896261e-01
8.912386e-01
8.928510e-01
8.944634e-01
8.960759e-01
8.976883e-01
8.993007e-01
9.009132e-01
9.025256e-01
9.041381e-01
9.057505e-01
9.073630e-01
9.089754e-01
9.105879e-01
9.122003e-01
9.138127e-01
9.154252e-01
9.170376e-01
9.186500e-01
9.202625e-01
9.218749e-01
9.234873e-01
9.250998e-01
9.267122e-01
9.283247e-01
9.299372e-01
9.315496e-01
9.331620e-01
9.347745e-01
9.363869e-01
9.379993e-01
9.396118e-01
9.412242e-01
9.428366e-01
9.444491e-01
9.460615e-01
9.476740e-01
9.492866e-01
9.508989e-01
9.525111e-01
9.541240e-01
9.557362e-01
9.573484e-01
9.589613e-01
9.605735e-01
9.621857e-01
9.637986e-01
9.654108e-01
9.670231e-01
9.686359e-01
9.702482e-01
9.718604e-01
9.734733e-01
9.750855e-01
9.766977e-01
9.783106e-01
9.799228e-01
9.815350e-01
9.831479e-01
9.847601e-01
9.863723e-01
9.879852e-01
9.895975e-01
9.912097e-01
9.928226e-01
9.944348e-01
9.960470e-01
9.976599e-01
9.992721e-01
1.000884e+00
1.002497e+00
1.004109e+00
1.005722e+00
1.007335e+00
1.008947e+00
1.010559e+00
1.012172e+00
1.013784e+00
1.015396e+00
1.017009e+00
1.018621e+00
1.020234e+00
1.021847e+00
1.023459e+00
1.025071e+00
1.026684e+00
1.028296e+00
1.029908e+00
1.031521e+00
1.033133e+00
1.034746e+00
1.036358e+00
1.037971e+00
1.039583e+00
1.041196e+00
1.042808e+00
1.044420e+00
1.046033e+00
1.047645e+00
1.050105e+00
1.052564e+00
1.055023e+00
1.057483e+00
1.059942e+00
1.062401e+00
1.064861e+00
1.067320e+00
1.069779e+00
1.072239e+00
1.074697e+00
1.077157e+00
1.079616e+00
1.082075e+00
1.084535e+00
1.086994e+00
1.089453e+00
1.091913e+00
1.094372e+00
1.096831e+00
1.099291e+00
1.101749e+00
1.104209e+00
1.106669e+00
1.109127e+00
1.111587e+00
1.114046e+00
1.116505e+00
1.118965e+00
1.121424e+00
1.123883e+00
1.126343e+00
1.128802e+00
1.131261e+00
1.133721e+00
1.136180e+00
1.138639e+00
1.141099e+00
1.143558e+00
1.146017e+00
1.148476e+00
1.150936e+00
1.153395e+00
1.155854e+00
1.158314e+00
1.160773e+00
1.163232e+00
1.165691e+00
1.168151e+00
1.170610e+00
1.173069e+00
1.175529e+00
1.177988e+00
1.180447e+00
1.182906e+00
1.185366e+00
1.187825e+00
1.190284e+00
1.192744e+00
1.195203e+00
1.197662e+00
1.200122e+00
1.202581e+00
1.205040e+00
1.207500e+00
1.209959e+00
1.212418e+00
1.214878e+00
1.217336e+00
1.219796e+00
1.222255e+00
1.224714e+00
1.227174e+00
1.229633e+00
1.232092e+00
1.234552e+00
1.237011e+00
1.239470e+00
1.241930e+00
1.244389e+00
1.246848e+00
1.249308e+00
1.251766e+00
1.254226e+00
1.256685e+00
1.259144e+00
1.261604e+00
1.264063e+00
1.266522e+00
1.268982e+00
1.271441e+00
1.273900e+00
1.276360e+00
1.278819e+00
1.281278e+00
1.283738e+00
1.286197e+00
1.288656e+00
1.291115e+00
1.293575e+00
1.296034e+00
1.298493e+00
1.300953e+00
1.303412e+00
1.305871e+00
1.308330e+00
1.310790e+00
1.313249e+00
1.315708e+00
1.318168e+00
1.320627e+00
1.323086e+00
1.325545e+00
1.328005e+00
1.330464e+00
1.332923e+00
1.335383e+00
1.337842e+00
1.340301e+00
1.342761e+00
1.345220e+00
1.347679e+00
1.350139e+00
1.352598e+00
1.355057e+00
1.357517e+00
1.359975e+00
1.362435e+00
1.364894e+00
1.367353e+00
1.369813e+00
1.372272e+00
1.374731e+00
1.377191e+00
1.379650e+00
1.382109e+00
1.384569e+00
1.387028e+00
1.389487e+00
1.391947e+00
1.394405e+00
1.396865e+00
1.399324e+00
1.401783e+00
1.404243e+00
1.406702e+00
1.409161e+00
1.411621e+00
1.414080e+00
1.416539e+00
1.418999e+00
1.421458e+00
1.423917e+00
1.426377e+00
1.428836e+00
1.431295e+00
1.433754e+00
1.436214e+00
1.438673e+00
1.441132e+00
1.443592e+00
1.446051e+00
1.448510e+00
1.450970e+00
1.453429e+00
1.455888e+00
1.458347e+00
1.460807e+00
1.463266e+00
1.465725e+00
1.468184e+00
1.470644e+00
1.473103e+00
1.475562e+00
1.478022e+00
1.480481e+00
1.482940e+00
1.485400e+00
1.487859e+00
1.490318e+00
1.492778e+00
1.495237e+00
1.497696e+00
1.500156e+00
1.502614e+00
1.505074e+00
1.507534e+00
1.509992e+00
1.512452e+00
1.514911e+00
1.517370e+00
1.519830e+00
1.522289e+00
1.524748e+00
1.527208e+00
1.529667e+00
1.532126e+00
1.534586e+00
1.537044e+00
1.539504e+00
1.541963e+00
1.544422e+00
1.546882e+00
1.549341e+00
1.551800e+00
1.554260e+00
1.556719e+00
1.559178e+00
1.561638e+00
1.564097e+00
1.566556e+00
1.569016e+00
1.571475e+00
1.573934e+00
1.576393e+00
1.578853e+00
1.581312e+00
1.583771e+00
1.586231e+00
1.588690e+00
1.591149e+00
1.593609e+00
1.596068e+00
1.598527e+00
1.600987e+00
1.603446e+00
1.605905e+00
1.608364e+00
1.610823e+00
1.613283e+00
1.615742e+00
1.618201e+00
1.620661e+00
1.623120e+00
1.625579e+00
1.628039e+00
1.630498e+00
1.632957e+00
1.635417e+00
1.637876e+00
1.640335e+00
1.642795e+00
1.645253e+00
1.647713e+00
1.650173e+00
1.652631e+00
1.655091e+00
1.657550e+00
1.660009e+00
1.662469e+00
1.664928e+00
1.667387e+00
1.669847e+00
1.672306e+00
1.674765e+00
1.677225e+00
1.679683e+00
1.682143e+00
1.684603e+00
1.687061e+00
1.689521e+00
1.691980e+00
1.694439e+00
1.696899e+00
1.699358e+00
1.701817e+00
1.704277e+00
1.706736e+00
1.709195e+00
1.711655e+00
1.714114e+00
1.716573e+00
1.719032e+00
1.721492e+00
1.723951e+00
1.726410e+00
1.728870e+00
1.731329e+00
1.733788e+00
1.736248e+00
1.738707e+00
1.741166e+00
1.743626e+00
1.746085e+00
1.748544e+00
1.751004e+00
1.753462e+00
1.755922e+00
1.758381e+00
1.760840e+00
1.763300e+00
1.765759e+00
1.768218e+00
1.770678e+00
1.773137e+00
1.775596e+00
1.778056e+00
1.780515e+00
1.782974e+00
1.785434e+00
1.787892e+00
1.790352e+00
1.793623e+00
1.796895e+00
1.800167e+00
1.803438e+00
1.806710e+00
1.809981e+00
1.813253e+00
1.816525e+00
1.819796e+00
1.823068e+00
1.826339e+00
1.829611e+00
1.832883e+00
1.836154e+00
1.839425e+00
1.842697e+00
1.845969e+00
1.849241e+00
1.852512e+00
1.855783e+00
1.859055e+00
1.862327e+00
1.865598e+00
1.868870e+00
1.872141e+00
1.875413e+00
1.878685e+00
1.881956e+00
1.885228e+00
1.888499e+00
1.891771e+00
1.895043e+00
1.898314e+00
1.901585e+00
1.904857e+00
1.908129e+00
1.911400e+00
1.914672e+00
1.917943e+00
1.921215e+00
1.924487e+00
1.927758e+00
1.931030e+00
1.934301e+00
1.937573e+00
1.940845e+00
1.944116e+00
1.947387e+00
1.950659e+00
1.953931e+00
1.957202e+00
1.960474e+00
1.963745e+00
1.967017e+00
1.970288e+00
1.973560e+00
1.976832e+00
1.980103e+00
1.983374e+00
1.986646e+00
1.989918e+00
1.993190e+00
1.996461e+00
1.999732e+00
2.003004e+00
2.006276e+00
2.009547e+00
2.012819e+00
2.016090e+00
2.019362e+00
2.022634e+00
2.025905e+00
2.029177e+00
2.032448e+00
2.035720e+00
2.038992e+00
2.042263e+00
2.045534e+00
2.048806e+00
2.052078e+00
2.055349e+00
2.058621e+00
2.061892e+00
2.065164e+00
2.068436e+00
2.071707e+00
2.074979e+00
2.078250e+00
2.081522e+00
2.084794e+00
2.088065e+00
2.091336e+00
2.094608e+00
2.097880e+00
2.101152e+00
2.104423e+00
2.107694e+00
2.110966e+00
2.114238e+00
2.117509e+00
2.120781e+00
2.124052e+00
2.127324e+00
2.130596e+00
2.133867e+00
2.137138e+00
2.140410e+00
2.143682e+00
2.146954e+00
2.150225e+00
2.153496e+00
2.156768e+00
2.160040e+00
2.163311e+00
2.166583e+00
2.169854e+00
2.173126e+00
2.176398e+00
2.179669e+00
2.182941e+00
2.186212e+00
2.189484e+00
2.192756e+00
2.196027e+00
2.199298e+00
2.202570e+00
2.205842e+00
2.209113e+00
2.212385e+00
2.215656e+00
2.218928e+00
2.222200e+00
2.225471e+00
2.228743e+00
2.232014e+00
2.235286e+00
2.238558e+00
2.241829e+00
2.245100e+00
2.248372e+00
2.251644e+00
2.254916e+00
2.258187e+00
2.261458e+00
2.264730e+00
2.268002e+00
2.271273e+00
2.274545e+00
2.277816e+00
2.281088e+00
2.284359e+00
2.287631e+00
2.290903e+00
2.294174e+00
2.297445e+00
2.300717e+00
2.303989e+00
2.307260e+00
2.310532e+00
2.313803e+00
2.317075e+00
2.320347e+00
2.323618e+00
2.326890e+00
2.330161e+00
2.333433e+00
2.336705e+00
2.339976e+00
2.343247e+00
2.346519e+00
2.349791e+00
2.353062e+00
2.356334e+00
2.359605e+00
2.362877e+00
2.366149e+00
2.369420e+00
2.372692e+00
2.375963e+00
2.379235e+00
2.382507e+00
2.385778e+00
2.389049e+00
2.392321e+00
2.395593e+00
2.398865e+00
2.402136e+00
2.405407e+00
2.408679e+00
2.411951e+00
2.415222e+00
2.418494e+00
2.421765e+00
2.425037e+00
2.428309e+00
2.431580e+00
2.434852e+00
2.438123e+00
2.441395e+00
2.444667e+00
2.447938e+00
2.450860e+00
2.453783e+00
2.456705e+00
2.459627e+00
2.462550e+00
2.465472e+00
2.468394e+00
2.471317e+00
2.474239e+00
2.477161e+00
2.480084e+00
2.483006e+00
2.485928e+00
2.488851e+00
2.491773e+00
2.494695e+00
2.497617e+00
2.500540e+00
2.503462e+00
2.506384e+00
2.509307e+00
2.512229e+00
2.515151e+00
2.518074e+00
2.520996e+00
2.523919e+00
2.526841e+00
2.529763e+00
2.532686e+00
2.535608e+00
2.538530e+00
2.541453e+00
2.544375e+00
2.547298e+00
2.550220e+00
2.553142e+00
2.556065e+00
2.558987e+00
2.561909e+00
2.564832e+00
2.567754e+00
2.570676e+00
2.573599e+00
2.576521e+00
2.579444e+00
2.582366e+00
2.585288e+00
2.588211e+00
2.591133e+00
2.594055e+00
2.596977e+00
2.599900e+00
2.602822e+00
2.605744e+00
2.608667e+00
2.611589e+00
2.614511e+00
2.617434e+00
2.620356e+00
2.623278e+00
2.626201e+00
2.629123e+00
2.632045e+00
2.634968e+00
2.637890e+00
2.640812e+00
2.643735e+00
2.646657e+00
2.649579e+00
2.652502e+00
2.655424e+00
2.658346e+00
2.661269e+00
2.664191e+00
2.667113e+00
2.670036e+00
2.672958e+00
2.675880e+00
2.678803e+00
2.681725e+00
2.684647e+00
2.687570e+00
2.690492e+00
2.693414e+00
2.696336e+00
2.699259e+00
2.702181e+00
2.705103e+00
2.708026e+00
2.710948e+00
2.713871e+00
2.716793e+00
2.719715e+00
2.722638e+00
2.725560e+00
2.728482e+00
2.731405e+00
2.734327e+00
2.737249e+00
2.740172e+00
2.743094e+00
2.746017e+00
2.748939e+00
2.751861e+00
2.754784e+00
2.757706e+00
2.760628e+00
2.763551e+00
2.766473e+00
2.769395e+00
2.772318e+00
2.775240e+00
2.778163e+00
2.781085e+00
2.784007e+00
2.786930e+00
2.789852e+00
2.792774e+00
2.795696e+00
2.798619e+00
2.801541e+00
2.804463e+00
2.807386e+00
2.810308e+00
2.813230e+00
2.816153e+00
2.819075e+00
2.821997e+00
2.824920e+00
2.827842e+00
2.830764e+00
2.833687e+00
2.836609e+00
2.839531e+00
2.842454e+00
2.845376e+00
2.848298e+00
2.851221e+00
2.854143e+00
2.857065e+00
2.859988e+00
2.862910e+00
2.865832e+00
2.868755e+00
2.871677e+00
2.874599e+00
2.877522e+00
2.880444e+00
2.883366e+00
2.886289e+00
2.889211e+00
2.892133e+00
2.895055e+00
2.897978e+00
2.900900e+00
2.903822e+00
2.906745e+00
2.909667e+00
2.912590e+00
2.915512e+00
2.918434e+00
2.921357e+00
2.924279e+00
2.927201e+00
2.930124e+00
2.933046e+00
2.935968e+00
2.938891e+00
2.941813e+00
2.944736e+00
2.947658e+00
2.950580e+00
2.953503e+00
2.956425e+00
2.959347e+00
2.962270e+00
2.965192e+00
2.968115e+00
2.971037e+00
2.973959e+00
2.976882e+00
2.979804e+00
2.982726e+00
2.985649e+00
2.988571e+00
2.991493e+00
2.994415e+00
2.997338e+00
3.000260e+00
3.003182e+00
3.006105e+00
3.009027e+00
3.011949e+00
3.014872e+00
3.017794e+00
3.020716e+00
3.023639e+00
3.026561e+00
3.029483e+00
3.032406e+00
3.035328e+00
3.039088e+00
3.042848e+00
3.046609e+00
3.050369e+00
3.054129e+00
3.057889e+00
3.061649e+00
3.065410e+00
3.069170e+00
3.072930e+00
3.076690e+00
3.080451e+00
3.084211e+00
3.087971e+00
3.091732e+00
3.095491e+00
3.099252e+00
3.103012e+00
3.106772e+00
3.110533e+00
3.114292e+00
3.118053e+00
3.121813e+00
3.125573e+00
3.129334e+00
3.133094e+00
3.136854e+00
3.140614e+00
3.144374e+00
3.148135e+00
3.151895e+00
3.155655e+00
3.159415e+00
3.163176e+00
3.166936e+00
3.170696e+00
3.174457e+00
3.178216e+00
3.181977e+00
3.185737e+00
3.189497e+00
3.193258e+00
3.197017e+00
3.200778e+00
3.204538e+00
3.208298e+00
3.212059e+00
3.215819e+00
3.219579e+00
3.223339e+00
3.227099e+00
3.230860e+00
3.234620e+00
3.238380e+00
3.242140e+00
3.245901e+00
3.249661e+00
3.253421e+00
3.257181e+00
3.260941e+00
3.264702e+00
3.268462e+00
3.272222e+00
3.275982e+00
3.279742e+00
3.283503e+00
3.287263e+00
3.291023e+00
3.294783e+00
3.298544e+00
3.302304e+00
3.306064e+00
3.309824e+00
3.313584e+00
3.317345e+00
3.321105e+00
3.324865e+00
3.328626e+00
3.332385e+00
3.336146e+00
3.339906e+00
3.343666e+00
3.347427e+00
3.351186e+00
3.354947e+00
3.358707e+00
3.362467e+00
3.366228e+00
3.369988e+00
3.373748e+00
3.377508e+00
3.381268e+00
3.385029e+00
3.388789e+00
3.392549e+00
3.396309e+00
3.400070e+00
3.403830e+00
3.407590e+00
3.411351e+00
3.415110e+00
3.418871e+00
3.422631e+00
3.426391e+00
3.430152e+00
3.433911e+00
3.437672e+00
3.441432e+00
3.445192e+00
3.448953e+00
3.452713e+00
3.456473e+00
3.460233e+00
3.463993e+00
3.467754e+00
3.471514e+00
3.475274e+00
3.479034e+00
3.482795e+00
3.486555e+00
3.490315e+00
3.494075e+00
3.497835e+00
3.501596e+00
3.505356e+00
3.509116e+00
3.512876e+00
3.516636e+00
3.520397e+00
3.524157e+00
3.527917e+00
3.531677e+00
3.535438e+00
3.539198e+00
3.542958e+00
3.546718e+00
3.550478e+00
3.554239e+00
3.557999e+00
3.561759e+00
3.565520e+00
3.569279e+00
3.573040e+00
3.576800e+00
3.580560e+00
3.584321e+00
3.588080e+00
3.591841e+00
3.595601e+00
3.599361e+00
3.603122e+00
3.606882e+00
3.610642e+00
3.614402e+00
3.618163e+00
3.621923e+00
3.625683e+00
3.629443e+00
3.633203e+00
3.636964e+00
3.640724e+00
3.644484e+00
3.648245e+00
3.652004e+00
3.655765e+00
3.659525e+00
3.663285e+00
3.667046e+00
3.670805e+00
3.674566e+00
3.678326e+00
3.682086e+00
3.685847e+00
3.689607e+00
3.693367e+00
3.697127e+00
3.700888e+00
3.704648e+00
3.708408e+00
3.712168e+00
3.715928e+00
3.719689e+00
3.723449e+00
3.727209e+00
3.730970e+00
3.734729e+00
3.738490e+00
3.742250e+00
3.746010e+00
3.749770e+00
3.753530e+00
3.757291e+00
3.761051e+00
3.764811e+00
3.768571e+00
3.772332e+00
3.776092e+00
3.779852e+00
3.783613e+00
3.787372e+00
3.791133e+00
3.794893e+00
3.798653e+00
3.802414e+00
3.806173e+00
3.809934e+00
3.813694e+00
3.817454e+00
3.821215e+00
3.824975e+00
3.828735e+00
3.832495e+00
3.836255e+00
3.840016e+00
3.843776e+00
3.847536e+00
3.851296e+00
3.855057e+00
3.858817e+00
3.862577e+00
3.866338e+00
3.870097e+00
3.873858e+00
3.877618e+00
3.881378e+00
3.885139e+00
3.888898e+00
3.892659e+00
3.896419e+00
3.900179e+00
3.903940e+00
3.907699e+00
3.911460e+00
3.915220e+00
3.918980e+00
3.922741e+00
3.926501e+00
3.930261e+00
3.934021e+00
3.937782e+00
3.941542e+00
3.945302e+00
3.949062e+00
3.952822e+00
3.956583e+00
3.960343e+00
3.964103e+00
3.967864e+00
3.971623e+00
3.975384e+00
3.979144e+00
3.982904e+00
3.986665e+00
3.990424e+00
3.994185e+00
3.997945e+00
4.001705e+00
4.005466e+00
4.009226e+00
4.012986e+00
4.016746e+00
4.020507e+00
4.024267e+00
4.028027e+00
4.031787e+00
4.035547e+00
4.039308e+00
4.043067e+00
4.046828e+00
4.050588e+00
4.054348e+00
4.058109e+00
4.061869e+00
4.065629e+00
4.069389e+00
4.073149e+00
4.076910e+00
4.080670e+00
4.084430e+00
4.088190e+00
4.091951e+00
4.095711e+00
4.099471e+00
4.103232e+00
4.106991e+00
4.110752e+00
4.114512e+00
4.118272e+00
4.122033e+00
4.125792e+00
4.129553e+00
4.133313e+00
4.137073e+00
4.140834e+00
4.144594e+00
4.148354e+00
4.152114e+00
4.155874e+00
4.159635e+00
4.163395e+00
4.167155e+00
4.170915e+00
4.174846e+00
4.178776e+00
4.182706e+00
4.186637e+00
4.190567e+00
4.194497e+00
4.198428e+00
4.202358e+00
4.206288e+00
4.210218e+00
4.214149e+00
4.218079e+00
4.222010e+00
4.225940e+00
4.229870e+00
4.233800e+00
4.237731e+00
4.241661e+00
4.245592e+00
4.249522e+00
4.253452e+00
4.257382e+00
4.261313e+00
4.265243e+00
4.269174e+00
4.273104e+00
4.277034e+00
4.280964e+00
4.284895e+00
4.288825e+00
4.292755e+00
4.296686e+00
4.300616e+00
4.304546e+00
4.308477e+00
4.312407e+00
4.316337e+00
4.320267e+00
4.324198e+00
4.328128e+00
4.332059e+00
4.335989e+00
4.339919e+00
4.343849e+00
4.347779e+00
4.351710e+00
4.355641e+00
4.359571e+00
4.363501e+00
4.367431e+00
4.371362e+00
4.375292e+00
4.379223e+00
4.383153e+00
4.387083e+00
4.391013e+00
4.394944e+00
4.398874e+00
4.402804e+00
4.406735e+00
4.410665e+00
4.414595e+00
4.418526e+00
4.422456e+00
4.426386e+00
4.430316e+00
4.434247e+00
4.438177e+00
4.442108e+00
4.446038e+00
4.449968e+00
4.453898e+00
4.457828e+00
4.461759e+00
4.465690e+00
4.469620e+00
4.473550e+00
4.477480e+00
4.481411e+00
4.485341e+00
4.489272e+00
4.493202e+00
4.497132e+00
4.501062e+00
4.504993e+00
4.508923e+00
4.512853e+00
4.516784e+00
4.520714e+00
4.524644e+00
4.528575e+00
4.532505e+00
4.536435e+00
4.540365e+00
4.544296e+00
4.548226e+00
4.552157e+00
4.556087e+00
4.560017e+00
4.563947e+00
4.567877e+00
4.571808e+00
4.575739e+00
4.579669e+00
4.583599e+00
4.587529e+00
4.591459e+00
4.595390e+00
4.599321e+00
4.603251e+00
4.607181e+00
4.611111e+00
4.615042e+00
4.618972e+00
4.622902e+00
4.626833e+00
4.630763e+00
4.634693e+00
4.638624e+00
4.642554e+00
4.646484e+00
4.650414e+00
4.654345e+00
4.658275e+00
4.662206e+00
4.666136e+00
4.670066e+00
4.673996e+00
4.677927e+00
4.681857e+00
4.685788e+00
4.689718e+00
4.693648e+00
4.697578e+00
4.701508e+00
4.705439e+00
4.709370e+00
4.713300e+00
4.717230e+00
4.721160e+00
4.725090e+00
4.729021e+00
4.732952e+00
4.736882e+00
4.740812e+00
4.744742e+00
4.748673e+00
4.752603e+00
4.756533e+00
4.760464e+00
4.764394e+00
4.768324e+00
4.772255e+00
4.776185e+00
4.780115e+00
4.784045e+00
4.787976e+00
4.791906e+00
4.795837e+00
4.799767e+00
4.803697e+00
4.807627e+00
4.811557e+00
4.815488e+00
4.819419e+00
4.823349e+00
4.827279e+00
4.831209e+00
4.835139e+00
4.839070e+00
4.843001e+00
4.846931e+00
4.850861e+00
4.854791e+00
4.858722e+00
4.862652e+00
4.866582e+00
4.870513e+00
4.874443e+00
4.878373e+00
4.882304e+00
4.886234e+00
4.890164e+00
4.894094e+00
4.898025e+00
4.901955e+00
4.905886e+00
4.909816e+00
4.913746e+00
4.917676e+00
4.921606e+00
4.925537e+00
4.929468e+00
4.933398e+00
4.937328e+00
4.941258e+00
4.945188e+00
4.949119e+00
4.953050e+00
4.956980e+00
4.960910e+00
4.964840e+00
4.968770e+00
4.972701e+00
4.976631e+00
4.980562e+00
4.984492e+00
4.988422e+00
4.992353e+00
4.996283e+00
5.000213e+00
5.004143e+00
5.008074e+00
5.012004e+00
5.015935e+00
5.019865e+00
5.023795e+00
5.027725e+00
5.031655e+00
5.035586e+00
5.039517e+00
5.043447e+00
5.047377e+00
5.051307e+00
5.055237e+00
5.059168e+00
5.063099e+00
5.067029e+00
5.070959e+00
5.074889e+00
5.078819e+00
5.082750e+00
5.086680e+00
5.090611e+00
5.094541e+00
5.098471e+00
5.102402e+00
5.106332e+00
5.110262e+00
5.114192e+00
5.118123e+00
5.122053e+00
5.125984e+00
5.129914e+00
5.133844e+00
5.137774e+00
5.141704e+00
5.145635e+00
5.149566e+00
5.153496e+00
5.157426e+00
5.161356e+00
5.165286e+00
5.169217e+00
5.173148e+00
5.177078e+00
5.181008e+00
5.184938e+00
5.188868e+00
5.192799e+00
5.196729e+00
5.200660e+00
5.204590e+00
5.208520e+00
5.212450e+00
5.216381e+00
5.220311e+00
5.224241e+00
5.228172e+00
5.232102e+00
5.236033e+00
5.239963e+00
5.243893e+00
5.247823e+00
5.251753e+00
5.255684e+00
5.259615e+00
5.263545e+00
5.267475e+00
5.271405e+00
5.275335e+00
5.279266e+00
5.283197e+00
5.287127e+00
5.291057e+00
5.294987e+00
5.298917e+00
5.302848e+00
5.306778e+00
5.310709e+00
5.314639e+00
5.318569e+00
5.322499e+00
5.326430e+00
5.330360e+00
5.334290e+00
5.338221e+00
5.342151e+00
5.346082e+00
5.350012e+00
5.353942e+00
5.357872e+00
5.361802e+00
5.365733e+00
5.369664e+00
5.373594e+00
5.377524e+00
5.381454e+00
5.385384e+00
5.389315e+00
5.393246e+00
5.397176e+00
5.401106e+00
5.405036e+00
5.408966e+00
5.412897e+00
5.416827e+00
5.420758e+00
5.424688e+00
5.428618e+00
5.432548e+00
5.436479e+00
5.440409e+00
5.444339e+00
5.448270e+00
5.452200e+00
5.456130e+00
5.460061e+00
5.463991e+00
5.467921e+00
5.471851e+00
5.475782e+00
5.479713e+00
5.483643e+00
5.487573e+00
5.491503e+00
5.495433e+00
5.499364e+00
5.503295e+00
5.507225e+00
5.511155e+00
5.515085e+00
5.519015e+00
5.522946e+00
5.526876e+00
5.530807e+00
5.534737e+00
5.538667e+00
5.542597e+00
5.546528e+00
5.550458e+00
5.554388e+00
5.558319e+00
5.562249e+00
5.566179e+00
5.570110e+00
5.574040e+00
5.577970e+00
5.581900e+00
5.585831e+00
5.589762e+00
5.593692e+00
5.597622e+00
5.601552e+00
5.605482e+00
5.609413e+00
5.613344e+00
5.617274e+00
5.621204e+00
5.625134e+00
5.629064e+00
5.632995e+00
5.636925e+00
5.640856e+00
5.644786e+00
5.648716e+00
5.652646e+00
5.656577e+00
5.660507e+00
5.664438e+00
5.668368e+00
5.672298e+00
5.676228e+00
5.680159e+00
5.684089e+00
5.688019e+00
5.691950e+00
5.695880e+00
5.699810e+00
5.703741e+00
5.707671e+00
5.711601e+00
5.715531e+00
5.719462e+00
5.723393e+00
5.727323e+00
5.731253e+00
5.735183e+00
5.739113e+00
5.743044e+00
5.746975e+00
5.750905e+00
5.754835e+00
5.758765e+00
5.762695e+00
5.766626e+00
5.770556e+00
5.774487e+00
5.778417e+00
5.782347e+00
5.786277e+00
5.790208e+00
5.794138e+00
5.798068e+00
5.801999e+00
5.805929e+00
5.809859e+00
5.813790e+00
5.817720e+00
5.821650e+00
5.825580e+00
5.829511e+00
5.833441e+00
5.837372e+00
5.841302e+00
5.845232e+00
5.849162e+00
5.853093e+00
5.857024e+00
5.860954e+00
5.864884e+00
5.868814e+00
5.872744e+00
5.876675e+00
5.880605e+00
5.884536e+00
5.888466e+00
5.892396e+00
5.896326e+00
5.900257e+00
5.904187e+00
5.908117e+00
5.912048e+00
5.915978e+00
5.919908e+00
5.923839e+00
5.927769e+00
5.931699e+00
5.935629e+00
5.939560e+00
5.943490e+00
5.947421e+00
5.951351e+00
5.955281e+00
5.959211e+00
5.963142e+00
5.967073e+00
5.971003e+00
5.974933e+00
5.978863e+00
5.982793e+00
5.986724e+00
5.990654e+00
5.994585e+00
5.998515e+00
6.002445e+00
6.006375e+00
6.010306e+00
6.014236e+00
6.018166e+00
6.022097e+00
6.026027e+00
6.029957e+00
6.033888e+00
6.037818e+00
6.041748e+00
6.045678e+00
6.049609e+00
6.053539e+00
6.057470e+00
6.061400e+00
6.065330e+00
6.069260e+00
6.073191e+00
6.077121e+00
6.081052e+00
6.084982e+00
6.088912e+00
6.092842e+00
6.096773e+00
6.100703e+00
6.104634e+00
6.108564e+00
6.112494e+00
6.116424e+00
6.120355e+00
6.124285e+00
6.128215e+00
6.132146e+00
6.136076e+00
6.140006e+00
6.143937e+00
6.146723e+00
6.149509e+00
6.152295e+00
6.155082e+00
6.157868e+00
6.160654e+00
6.163440e+00
6.166226e+00
6.169013e+00
6.171799e+00
6.174585e+00
6.177371e+00
6.180158e+00
6.182944e+00
6.185731e+00
6.188516e+00
6.191303e+00
6.194089e+00
6.196875e+00
6.199661e+00
6.202448e+00
6.205234e+00
6.208020e+00
6.210806e+00
6.213593e+00
6.216379e+00
6.219165e+00
6.221952e+00
6.224737e+00
6.227524e+00
6.230310e+00
6.233097e+00
6.235882e+00
6.238669e+00
6.241455e+00
6.244242e+00
6.247027e+00
6.249814e+00
6.252600e+00
6.255386e+00
6.258173e+00
6.260959e+00
6.263745e+00
6.266531e+00
6.269318e+00
6.272103e+00
6.274890e+00
6.277676e+00
6.280463e+00
6.283248e+00
6.286035e+00
6.288821e+00
6.291608e+00
6.294394e+00
6.297180e+00
6.299966e+00
6.302752e+00
6.305539e+00
6.308325e+00
6.311111e+00
6.313897e+00
6.316684e+00
6.319469e+00
6.322256e+00
6.325042e+00
6.327829e+00
6.330615e+00
6.333401e+00
6.336187e+00
6.338974e+00
6.341760e+00
6.344546e+00
6.347332e+00
6.350118e+00
6.352905e+00
6.355691e+00
6.358477e+00
6.361263e+00
6.364050e+00
6.366836e+00
6.369622e+00
6.372408e+00
6.375195e+00
6.377981e+00
6.380767e+00
6.383553e+00
6.386340e+00
6.389126e+00
6.391912e+00
6.394698e+00
6.397484e+00
6.400271e+00
6.403057e+00
6.405843e+00
6.408629e+00
6.411416e+00
6.414202e+00
6.416988e+00
6.419774e+00
6.422561e+00
6.425347e+00
6.428133e+00
6.430919e+00
6.433706e+00
6.436492e+00
6.439278e+00
6.442064e+00
6.444851e+00
6.447637e+00
6.450423e+00
6.453209e+00
6.455995e+00
6.458782e+00
6.461568e+00
6.464354e+00
6.467140e+00
6.469927e+00
6.472713e+00
6.475500e+00
6.478285e+00
6.481072e+00
6.483858e+00
6.486644e+00
6.489430e+00
6.492217e+00
6.495003e+00
6.497789e+00
6.500575e+00
6.503361e+00
6.506148e+00
6.508934e+00
6.511721e+00
6.514506e+00
6.517293e+00
6.520079e+00
6.522866e+00
6.525651e+00
6.528438e+00
6.531224e+00
6.534010e+00
6.536796e+00
6.539583e+00
6.542369e+00
6.545155e+00
6.547942e+00
6.550727e+00
6.553514e+00
6.556300e+00
6.559087e+00
6.561872e+00
6.564659e+00
6.567445e+00
6.570232e+00
6.573017e+00
6.575804e+00
6.578590e+00
6.581376e+00
6.584163e+00
6.586949e+00
6.589735e+00
6.592521e+00
6.595308e+00
6.598093e+00
6.600880e+00
6.603666e+00
6.606453e+00
6.609238e+00
6.612025e+00
6.614811e+00
6.617598e+00
6.620384e+00
6.623170e+00
6.625956e+00
6.628742e+00
6.631529e+00
6.634315e+00
6.637101e+00
6.639887e+00
6.642674e+00
6.645460e+00
6.648246e+00
6.651032e+00
6.653819e+00
6.656605e+00
6.659391e+00
6.662177e+00
6.664964e+00
6.667750e+00
6.670536e+00
6.673322e+00
6.676109e+00
6.678895e+00
6.681681e+00
6.684467e+00
6.687253e+00
6.690040e+00
6.692826e+00
6.695612e+00
6.698398e+00
6.701185e+00
6.703971e+00
6.706757e+00
6.709543e+00
6.712330e+00
6.715116e+00
6.717902e+00
6.720688e+00
6.723475e+00
6.726261e+00
6.729047e+00
6.731833e+00
6.734619e+00
6.737406e+00
6.740192e+00
6.742978e+00
6.745764e+00
6.748551e+00
6.751337e+00
6.754123e+00
6.756909e+00
6.759696e+00
6.762482e+00
6.765268e+00
6.768054e+00
6.770841e+00
6.773627e+00
6.776413e+00
6.779199e+00
6.781985e+00
6.784772e+00
6.787558e+00
6.790344e+00
6.793130e+00
6.795917e+00
6.798703e+00
6.801490e+00
6.804275e+00
6.807062e+00
6.809848e+00
6.812634e+00
6.815420e+00
6.818207e+00
6.820993e+00
6.823779e+00
6.826565e+00
6.829352e+00
6.832138e+00
6.834924e+00
6.837711e+00
6.840496e+00
6.843283e+00
6.846069e+00
6.848856e+00
6.851641e+00
6.854428e+00
6.857214e+00
6.860000e+00
6.862787e+00
6.865573e+00
6.868359e+00
6.871145e+00
6.873932e+00
6.876718e+00
6.879504e+00
6.882290e+00
6.885077e+00
6.887862e+00
6.890649e+00
6.893435e+00
6.896222e+00
6.899008e+00
6.901794e+00
6.904580e+00
6.907367e+00
6.910153e+00
6.912939e+00
6.915725e+00
6.918511e+00
6.921298e+00
6.924084e+00
6.926870e+00
6.929656e+00
6.932443e+00
6.935229e+00
6.938015e+00
6.940801e+00
6.943588e+00
6.946374e+00
6.949160e+00
6.951946e+00
6.954733e+00
6.957519e+00
6.960305e+00
6.963091e+00
6.965877e+00
6.968664e+00
6.971450e+00
6.974236e+00
6.977022e+00
6.979809e+00
6.982595e+00
6.985381e+00
6.988167e+00
6.990954e+00
6.993740e+00
6.996526e+00
6.999312e+00
7.002099e+00
7.004885e+00
7.007671e+00
7.010457e+00
7.013243e+00
7.016030e+00
7.018816e+00
7.021602e+00
7.024388e+00
7.027175e+00
7.029961e+00
7.032747e+00
7.035533e+00
7.038320e+00
7.041106e+00
7.043892e+00
7.046678e+00
7.049465e+00
7.052251e+00
7.055037e+00
7.057823e+00
7.060610e+00
7.063396e+00
7.066182e+00
7.068968e+00
7.071754e+00
7.074541e+00
7.077327e+00
7.080114e+00
7.082899e+00
7.085686e+00
7.088472e+00
7.091259e+00
7.094044e+00
7.096831e+00
7.099617e+00
7.102403e+00
7.105189e+00
7.107976e+00
7.110762e+00
7.113548e+00
7.116335e+00
7.119120e+00
7.121907e+00
7.124693e+00
7.127480e+00
7.130265e+00
7.133052e+00
7.135838e+00
7.138625e+00
7.141410e+00
7.144197e+00
7.146983e+00
7.149769e+00
7.152556e+00
7.155342e+00
7.158128e+00
7.160914e+00
7.163701e+00
7.166486e+00
7.169273e+00
7.172059e+00
7.174846e+00
7.177631e+00
7.180418e+00
7.183204e+00
7.185991e+00
7.188777e+00
7.191563e+00
7.194349e+00
7.197135e+00
7.199922e+00
7.202708e+00
7.205494e+00
7.208280e+00
7.211067e+00
7.213852e+00
7.216639e+00
7.219425e+00
7.222212e+00
7.224998e+00
7.227784e+00
7.230570e+00
7.233357e+00
7.236143e+00
7.238929e+00
7.241715e+00
7.244501e+00
7.247288e+00
7.250074e+00
7.252860e+00
7.255646e+00
7.258433e+00
7.261219e+00
7.264005e+00
7.266791e+00
7.269578e+00
7.272364e+00
7.275150e+00
7.277936e+00
7.280723e+00
7.283509e+00
7.286295e+00
7.289081e+00
7.291868e+00
7.294654e+00
7.297440e+00
7.300226e+00
7.303012e+00
7.305799e+00
7.308585e+00
7.311371e+00
7.314157e+00
7.316944e+00
7.319730e+00
7.322516e+00
7.325302e+00
7.328089e+00
7.330875e+00
7.333661e+00
7.336447e+00
7.339234e+00
7.342020e+00
7.344806e+00
7.347592e+00
7.350378e+00
7.353165e+00
7.355951e+00
7.358737e+00
7.361523e+00
7.364310e+00
7.367096e+00
7.369883e+00
7.372668e+00
7.375455e+00
7.378241e+00
7.381027e+00
7.383813e+00
7.386600e+00
7.389386e+00
7.392172e+00
7.394958e+00
7.397744e+00
7.400531e+00
7.403317e+00
7.406104e+00
7.408889e+00
7.411676e+00
7.414462e+00
7.417249e+00
7.420034e+00
7.422821e+00
7.425607e+00
7.428393e+00
7.431179e+00
7.433966e+00
7.436752e+00
7.439538e+00
7.442325e+00
7.445110e+00
7.447897e+00
7.450683e+00
7.453470e+00
7.456255e+00
7.459042e+00
7.461828e+00
7.464615e+00
7.467400e+00
7.470187e+00
7.472973e+00
7.475759e+00
7.478546e+00
7.481332e+00
7.484118e+00
7.486904e+00
7.489691e+00
7.492477e+00
7.495263e+00
7.498049e+00
7.500836e+00
7.503621e+00
7.506408e+00
7.509194e+00
7.511981e+00
7.514767e+00
7.517553e+00
7.520339e+00
7.523126e+00
7.525912e+00
7.528698e+00
7.531484e+00
7.534270e+00
7.537057e+00
7.539843e+00
7.542629e+00
7.545415e+00
7.546975e+00
7.548535e+00
7.550094e+00
7.551654e+00
7.553213e+00
7.554773e+00
7.556333e+00
7.557893e+00
7.559452e+00
7.561012e+00
7.562572e+00
7.564131e+00
7.565691e+00
7.567250e+00
7.568810e+00
7.570370e+00
7.571930e+00
7.573489e+00
7.575049e+00
7.576608e+00
7.578168e+00
7.579728e+00
7.581287e+00
7.582847e+00
7.584406e+00
7.585966e+00
7.587526e+00
7.589086e+00
7.590645e+00
7.592205e+00
7.593765e+00
7.595324e+00
7.596884e+00
7.598443e+00
7.600003e+00
7.601563e+00
7.603123e+00
7.604682e+00
7.606242e+00
7.607801e+00
7.609361e+00
7.610921e+00
7.612480e+00
7.614040e+00
7.615599e+00
7.617159e+00
7.618719e+00
7.620279e+00
7.621838e+00
7.623398e+00
7.624958e+00
7.626517e+00
7.628077e+00
7.629636e+00
7.631196e+00
7.632756e+00
7.634316e+00
7.635875e+00
7.637435e+00
7.638994e+00
7.640554e+00
7.642114e+00
7.643673e+00
7.645233e+00
7.646792e+00
7.648352e+00
7.649912e+00
7.651472e+00
7.653031e+00
7.654591e+00
7.656151e+00
7.657710e+00
7.659270e+00
7.660829e+00
7.662389e+00
7.663949e+00
7.665509e+00
7.667068e+00
7.668628e+00
7.670187e+00
7.671747e+00
7.673307e+00
7.674866e+00
7.676426e+00
7.677985e+00
7.679545e+00
7.681105e+00
7.682665e+00
7.684224e+00
7.685784e+00
7.687344e+00
7.688904e+00
7.690463e+00
7.692022e+00
7.693582e+00
7.695142e+00
7.696702e+00
7.698261e+00
7.699821e+00
7.701380e+00
7.702940e+00
7.704500e+00
7.706059e+00
7.707619e+00
7.709178e+00
7.710738e+00
7.712298e+00
7.713858e+00
7.715417e+00
7.716977e+00
7.718537e+00
7.720097e+00
7.721656e+00
7.723215e+00
7.724775e+00
7.726335e+00
7.727895e+00
7.729454e+00
7.731014e+00
7.732573e+00
7.734133e+00
7.735693e+00
7.737253e+00
7.738812e+00
7.740371e+00
7.741932e+00
7.743491e+00
7.745051e+00
7.746610e+00
7.748170e+00
7.749730e+00
7.751290e+00
7.752849e+00
7.754408e+00
7.755968e+00
7.757528e+00
7.759088e+00
7.760647e+00
7.762207e+00
7.763766e+00
7.765326e+00
7.766886e+00
7.768446e+00
7.770005e+00
7.771564e+00
7.773125e+00
7.774684e+00
7.776244e+00
7.777803e+00
7.779363e+00
7.780923e+00
7.782483e+00
7.784042e+00
7.785601e+00
7.787161e+00
7.788721e+00
7.790281e+00
7.791840e+00
7.793400e+00
7.794959e+00
7.796519e+00
7.798079e+00
7.799639e+00
7.801198e+00
7.802758e+00
7.804318e+00
7.805877e+00
7.807437e+00
7.808996e+00
7.810556e+00
7.812116e+00
7.813676e+00
7.815235e+00
7.816795e+00
7.818354e+00
7.819914e+00
7.821474e+00
7.823033e+00
7.824593e+00
7.826152e+00
7.827712e+00
7.829272e+00
7.830832e+00
7.832391e+00
7.833951e+00
7.835511e+00
7.837070e+00
7.838630e+00
7.840189e+00
7.841749e+00
7.843309e+00
7.844869e+00
7.846428e+00
7.847988e+00
7.849547e+00
7.851107e+00
7.852667e+00
7.854226e+00
7.855786e+00
7.857345e+00
7.858905e+00
7.860465e+00
7.862025e+00
7.863584e+00
7.865144e+00
7.866704e+00
7.868263e+00
7.869823e+00
7.871382e+00
7.872942e+00
7.874502e+00
7.876062e+00
7.877621e+00
7.879181e+00
7.880740e+00
7.882300e+00
7.883860e+00
7.885419e+00
7.886979e+00
7.888538e+00
7.890098e+00
7.891658e+00
7.893218e+00
7.894777e+00
7.896337e+00
7.897897e+00
7.899456e+00
7.901016e+00
7.902575e+00
7.904135e+00
7.905695e+00
7.907255e+00
7.908814e+00
7.910374e+00
7.911933e+00
7.913493e+00
7.915053e+00
7.916612e+00
7.918172e+00
7.919731e+00
7.921291e+00
7.922851e+00
7.924411e+00
7.925970e+00
7.927530e+00
7.929090e+00
7.930649e+00
7.932209e+00
7.933768e+00
7.935328e+00
7.936888e+00
7.938448e+00
7.940007e+00
7.941567e+00
7.943126e+00
7.944686e+00
7.946246e+00
7.947805e+00
7.949365e+00
7.950924e+00
7.952484e+00
7.954044e+00
7.955604e+00
7.957163e+00
7.958723e+00
7.960283e+00
7.961842e+00
7.963402e+00
7.964961e+00
7.966521e+00
7.968081e+00
7.969641e+00
7.971200e+00
7.972760e+00
7.974319e+00
7.975879e+00
7.977439e+00
7.978998e+00
7.980558e+00
7.982117e+00
7.983678e+00
7.985237e+00
7.986797e+00
7.988356e+00
7.989916e+00
7.991476e+00
7.993036e+00
7.994595e+00
7.996154e+00
7.997714e+00
7.999274e+00
8.000834e+00
8.002393e+00
8.003953e+00
8.005512e+00
8.007072e+00
8.008632e+00
8.010191e+00
8.011751e+00
8.013311e+00
8.014871e+00
8.016430e+00
8.017990e+00
8.019549e+00
8.021109e+00
8.022669e+00
8.024229e+00
8.025788e+00
8.027347e+00
8.028907e+00
8.030467e+00
8.032027e+00
8.033586e+00
8.035146e+00
8.036705e+00
8.038265e+00
8.039825e+00
8.041385e+00
8.042944e+00
8.044504e+00
8.046064e+00
8.047623e+00
8.049183e+00
8.050742e+00
8.052302e+00
8.053862e+00
8.055422e+00
8.056981e+00
8.058540e+00
8.060100e+00
8.061660e+00
8.063220e+00
8.064779e+00
8.066339e+00
8.067898e+00
8.069458e+00
8.071018e+00
8.072578e+00
8.074137e+00
8.075697e+00
8.077257e+00
8.078816e+00
8.080376e+00
8.081935e+00
8.083495e+00
8.085055e+00
8.086615e+00
8.088174e+00
8.089734e+00
8.091293e+00
8.092853e+00
8.094413e+00
8.095972e+00
8.097532e+00
8.099091e+00
8.100651e+00
8.102211e+00
8.103771e+00
8.105330e+00
8.106890e+00
8.108450e+00
8.110009e+00
8.111569e+00
8.113128e+00
8.114688e+00
8.116248e+00
8.117808e+00
8.119367e+00
8.120927e+00
8.122486e+00
8.124046e+00
8.125606e+00
8.127165e+00
8.128725e+00
8.130284e+00
8.131844e+00
8.133404e+00
8.134964e+00
8.136523e+00
8.138083e+00
8.139643e+00
8.141202e+00
8.142762e+00
8.144321e+00
8.145881e+00
8.147441e+00
8.149001e+00
8.150560e+00
8.152120e+00
8.153679e+00
8.155239e+00
8.156799e+00
8.158358e+00
8.159918e+00
8.161477e+00
8.163037e+00
8.164597e+00
8.166157e+00
8.167716e+00
8.169276e+00
8.170836e+00
8.172395e+00
8.173955e+00
8.175514e+00
8.177074e+00
8.178634e+00
8.180194e+00
8.181753e+00
8.183313e+00
8.184872e+00
8.186432e+00
8.187992e+00
8.189551e+00
8.191111e+00
8.192670e+00
8.194231e+00
8.195790e+00
8.197350e+00
8.198909e+00
8.200469e+00
8.202029e+00
8.203588e+00
8.205148e+00
8.206707e+00
8.208267e+00
8.209827e+00
8.211387e+00
8.212946e+00
8.214506e+00
8.216065e+00
8.217625e+00
8.219185e+00
8.220744e+00
8.222304e+00
8.223863e+00
8.225424e+00
8.226983e+00
8.228543e+00
8.230102e+00
8.231662e+00
8.233222e+00
8.234781e+00
8.236341e+00
8.237900e+00
8.239460e+00
8.241020e+00
8.242580e+00
8.244139e+00
8.245699e+00
8.247258e+00
8.248818e+00
8.250378e+00
8.251937e+00
8.253497e+00
8.255057e+00
8.256617e+00
8.258176e+00
8.259736e+00
8.261295e+00
8.262855e+00
8.264415e+00
8.265974e+00
8.267534e+00
8.269093e+00
8.270653e+00
8.272213e+00
8.273773e+00
8.275332e+00
8.276892e+00
8.278451e+00
8.280011e+00
8.281571e+00
8.283130e+00
8.284690e+00
8.286250e+00
8.287810e+00
8.289369e+00
8.290929e+00
8.292488e+00
8.294048e+00
8.295608e+00
