1.369667e-04
2.058035e-04
2.746402e-04
3.434770e-04
4.123138e-04
4.811505e-04
5.499873e-04
6.188241e-04
6.876609e-04
7.564977e-04
8.253345e-04
8.941712e-04
9.630080e-04
1.031845e-03
1.100681e-03
1.169518e-03
1.238355e-03
1.307192e-03
1.376029e-03
1.444866e-03
1.513702e-03
1.582539e-03
1.651376e-03
1.720212e-03
1.789049e-03
1.857886e-03
1.926723e-03
1.995560e-03
2.064397e-03
2.133233e-03
2.202070e-03
2.320241e-03
2.438413e-03
2.556584e-03
2.674756e-03
2.792927e-03
2.911099e-03
3.029270e-03
3.147442e-03
3.265614e-03
3.383785e-03
3.501956e-03
3.620128e-03
3.738299e-03
3.856471e-03
3.974643e-03
4.092814e-03
4.210986e-03
4.329157e-03
4.447329e-03
4.565500e-03
4.633960e-03
4.702420e-03
4.770880e-03
4.839340e-03
4.907800e-03
4.976260e-03
5.044720e-03
5.113180e-03
5.181640e-03
5.250100e-03
5.318560e-03
5.387020e-03
5.455480e-03
5.523940e-03
5.592400e-03
5.660860e-03
5.729320e-03
5.797780e-03
5.772179e-03
5.934700e-03
6.097221e-03
6.259742e-03
6.422263e-03
6.584784e-03
6.747306e-03
6.909827e-03
7.072348e-03
7.234869e-03
7.397390e-03
7.559911e-03
7.722432e-03
7.884953e-03
8.047474e-03
8.209996e-03
8.372517e-03
8.535038e-03
8.697559e-03
8.860080e-03
9.022601e-03
9.185122e-03
9.347643e-03
9.510164e-03
9.672686e-03
9.835207e-03
9.997728e-03
1.016025e-02
1.032277e-02
1.048529e-02
1.064781e-02
1.081033e-02
1.092231e-02
1.103429e-02
1.114626e-02
1.125824e-02
1.137022e-02
1.148219e-02
1.159417e-02
1.170615e-02
1.181812e-02
1.193010e-02
1.204208e-02
1.215405e-02
1.226603e-02
1.237801e-02
1.248998e-02
1.260196e-02
1.271394e-02
1.282591e-02
1.293789e-02
1.304987e-02
1.316184e-02
1.327382e-02
1.338580e-02
1.349777e-02
1.360975e-02
1.372173e-02
1.383370e-02
1.394568e-02
1.405766e-02
1.416963e-02
1.428161e-02
1.439359e-02
1.450556e-02
1.461754e-02
1.472952e-02
1.484149e-02
1.495347e-02
1.506545e-02
1.517742e-02
1.528940e-02
1.540138e-02
1.551335e-02
1.562533e-02
1.573731e-02
1.584928e-02
1.596126e-02
1.607324e-02
1.618521e-02
1.629719e-02
1.640917e-02
1.655872e-02
1.670828e-02
1.685784e-02
1.700739e-02
1.715695e-02
1.730651e-02
1.745606e-02
1.760562e-02
1.775518e-02
1.790473e-02
1.805429e-02
1.820385e-02
1.835340e-02
1.850296e-02
1.865252e-02
1.880207e-02
1.895163e-02
1.910119e-02
1.925074e-02
1.940030e-02
1.954986e-02
1.969941e-02
1.984897e-02
1.999853e-02
2.014808e-02
2.029764e-02
2.044720e-02
2.059675e-02
2.074631e-02
2.089587e-02
2.104542e-02
2.119498e-02
2.134454e-02
2.149409e-02
2.164365e-02
2.179321e-02
2.194276e-02
2.209232e-02
2.224188e-02
2.239143e-02
2.254099e-02
2.269055e-02
2.284010e-02
2.298966e-02
2.313922e-02
2.328877e-02
2.343833e-02
2.358789e-02
2.373744e-02
2.388700e-02
2.386626e-02
2.384553e-02
2.382479e-02
2.380405e-02
2.378332e-02
2.376258e-02
2.374184e-02
2.372111e-02
2.370037e-02
2.367963e-02
2.365890e-02
2.363816e-02
2.361742e-02
2.359669e-02
2.357595e-02
2.355521e-02
2.353448e-02
2.351374e-02
2.349300e-02
2.347227e-02
2.345153e-02
2.343079e-02
2.341006e-02
2.338932e-02
2.336858e-02
2.334785e-02
2.332711e-02
2.330637e-02
2.328564e-02
2.326490e-02
2.324416e-02
2.322343e-02
2.320269e-02
2.318195e-02
2.316122e-02
2.314048e-02
2.311974e-02
2.309901e-02
2.307827e-02
2.305753e-02
2.303680e-02
2.301606e-02
2.299532e-02
2.297459e-02
2.295385e-02
2.293311e-02
2.291238e-02
2.289164e-02
2.287090e-02
2.285017e-02
2.282943e-02
2.280869e-02
2.278796e-02
2.276722e-02
2.274648e-02
2.272575e-02
2.270501e-02
2.268427e-02
2.266354e-02
2.264280e-02
2.262206e-02
2.260133e-02
2.258059e-02
2.255985e-02
2.253912e-02
2.251838e-02
2.249764e-02
2.247691e-02
2.245617e-02
2.243543e-02
2.241470e-02
2.239396e-02
2.237322e-02
2.235249e-02
2.233175e-02
2.231101e-02
2.229028e-02
2.226954e-02
2.224880e-02
2.222807e-02
2.220733e-02
2.218659e-02
2.216586e-02
2.214512e-02
2.212438e-02
2.210365e-02
2.208291e-02
2.206217e-02
2.204144e-02
2.202070e-02
2.199996e-02
2.197923e-02
2.195849e-02
2.193775e-02
2.191702e-02
2.189628e-02
2.187554e-02
2.185481e-02
2.183407e-02
2.181333e-02
2.192444e-02
2.203555e-02
2.214666e-02
2.225777e-02
2.236887e-02
2.247998e-02
2.259109e-02
2.270220e-02
2.281331e-02
2.292442e-02
2.303553e-02
2.314663e-02
2.325774e-02
2.336885e-02
2.347996e-02
2.359107e-02
2.370218e-02
2.381328e-02
2.392439e-02
2.403550e-02
2.414661e-02
2.425772e-02
2.436883e-02
2.447993e-02
2.459104e-02
2.470215e-02
2.481326e-02
2.492437e-02
2.503547e-02
2.514658e-02
2.525769e-02
2.536880e-02
2.547991e-02
2.559102e-02
2.570213e-02
2.581323e-02
2.592434e-02
2.603545e-02
2.614656e-02
2.625767e-02
2.636878e-02
2.647988e-02
2.659099e-02
2.670210e-02
2.681321e-02
2.692432e-02
2.703542e-02
2.714653e-02
2.725764e-02
2.736875e-02
2.747986e-02
2.759097e-02
2.770207e-02
2.781318e-02
2.792429e-02
2.803540e-02
2.814651e-02
2.825762e-02
2.836873e-02
2.847983e-02
2.859094e-02
2.870205e-02
2.881316e-02
2.892427e-02
2.903537e-02
2.914648e-02
2.925759e-02
2.936870e-02
2.947981e-02
2.959092e-02
2.970202e-02
2.981313e-02
2.992424e-02
3.003535e-02
3.014646e-02
3.025757e-02
3.036867e-02
3.047978e-02
3.059089e-02
3.070200e-02
3.081311e-02
3.092422e-02
3.103533e-02
3.114643e-02
3.125754e-02
3.136865e-02
3.147976e-02
3.159087e-02
3.170198e-02
3.181308e-02
3.192419e-02
3.203530e-02
3.214641e-02
3.225752e-02
3.236863e-02
3.247973e-02
3.259084e-02
3.270195e-02
3.281306e-02
3.292417e-02
3.305144e-02
3.317871e-02
3.330599e-02
3.343326e-02
3.356053e-02
3.368781e-02
3.381508e-02
3.394235e-02
3.406963e-02
3.419690e-02
3.432417e-02
3.445145e-02
3.457872e-02
3.470599e-02
3.483327e-02
3.496054e-02
3.508781e-02
3.521509e-02
3.534236e-02
3.546963e-02
3.559691e-02
3.572418e-02
3.585145e-02
3.597873e-02
3.610600e-02
3.623327e-02
3.636055e-02
3.648782e-02
3.661509e-02
3.674237e-02
3.686964e-02
3.699691e-02
3.712419e-02
3.725146e-02
3.737873e-02
3.750601e-02
3.763328e-02
3.776055e-02
3.788783e-02
3.801510e-02
3.814237e-02
3.826965e-02
3.839692e-02
3.852419e-02
3.865147e-02
3.877874e-02
3.890601e-02
3.903329e-02
3.916056e-02
3.928783e-02
3.941511e-02
3.954238e-02
3.966965e-02
3.979693e-02
3.992420e-02
4.005147e-02
4.017875e-02
4.030602e-02
4.043329e-02
4.056057e-02
4.068784e-02
4.081511e-02
4.094239e-02
4.106966e-02
4.119693e-02
4.132421e-02
4.145148e-02
4.157875e-02
4.170603e-02
4.183330e-02
4.196057e-02
4.208785e-02
4.221512e-02
4.234239e-02
4.246967e-02
4.259694e-02
4.272421e-02
4.285149e-02
4.297876e-02
4.310603e-02
4.323331e-02
4.336058e-02
4.348785e-02
4.361513e-02
4.374240e-02
4.386967e-02
4.399695e-02
4.412422e-02
4.425149e-02
4.437877e-02
4.450604e-02
4.463331e-02
4.476059e-02
4.488786e-02
4.501513e-02
4.514241e-02
4.526968e-02
4.539695e-02
4.552423e-02
4.565150e-02
4.577877e-02
4.590605e-02
4.603332e-02
4.616059e-02
4.628787e-02
4.641514e-02
4.654241e-02
4.666969e-02
4.679696e-02
4.692423e-02
4.705151e-02
4.717878e-02
4.730605e-02
4.743333e-02
4.756060e-02
4.768787e-02
4.781515e-02
4.794242e-02
4.806969e-02
4.819697e-02
4.832424e-02
4.845151e-02
4.857879e-02
4.870606e-02
4.883333e-02
4.896061e-02
4.908788e-02
4.921515e-02
4.934243e-02
4.946970e-02
4.959697e-02
4.972425e-02
4.985152e-02
4.997879e-02
5.010607e-02
5.023334e-02
5.036061e-02
5.048789e-02
5.061516e-02
5.074243e-02
5.086971e-02
5.099698e-02
5.112425e-02
5.125153e-02
5.137880e-02
5.150607e-02
5.163335e-02
5.176062e-02
5.188789e-02
5.201517e-02
5.214244e-02
5.226971e-02
5.239699e-02
5.252426e-02
5.265153e-02
5.277881e-02
5.290608e-02
5.303335e-02
5.316063e-02
5.328790e-02
5.341517e-02
5.354245e-02
5.366972e-02
5.379699e-02
5.392427e-02
5.405154e-02
5.417881e-02
5.430609e-02
5.443336e-02
5.456063e-02
5.468791e-02
5.481518e-02
5.494245e-02
5.506973e-02
5.519700e-02
5.532427e-02
5.545155e-02
5.557882e-02
5.570609e-02
5.583337e-02
5.596064e-02
5.608791e-02
5.621519e-02
5.634246e-02
5.646973e-02
5.659701e-02
5.672428e-02
5.685155e-02
5.697883e-02
5.710610e-02
5.723337e-02
5.736065e-02
5.748792e-02
5.761519e-02
5.774247e-02
5.786974e-02
5.799701e-02
5.812429e-02
5.825156e-02
5.837883e-02
5.860866e-02
5.883848e-02
5.906831e-02
5.929813e-02
5.952796e-02
5.975778e-02
5.998761e-02
6.021743e-02
6.044726e-02
6.067708e-02
6.090691e-02
6.113673e-02
6.136656e-02
6.159638e-02
6.182621e-02
6.205603e-02
6.228586e-02
6.251568e-02
6.274551e-02
6.297533e-02
6.320516e-02
6.343498e-02
6.366481e-02
6.389463e-02
6.412446e-02
6.435428e-02
6.458411e-02
6.481393e-02
6.504376e-02
6.527358e-02
6.550341e-02
6.573323e-02
6.596306e-02
6.619288e-02
6.642271e-02
6.665253e-02
6.688236e-02
6.711218e-02
6.734201e-02
6.757183e-02
6.780166e-02
6.803148e-02
6.826131e-02
6.849113e-02
6.872096e-02
6.895078e-02
6.918061e-02
6.941043e-02
6.964026e-02
6.987008e-02
7.009991e-02
7.032973e-02
7.055956e-02
7.078938e-02
7.101921e-02
7.124903e-02
7.147886e-02
7.170868e-02
7.193851e-02
7.216833e-02
7.239816e-02
7.262798e-02
7.285781e-02
7.308763e-02
7.331746e-02
7.354728e-02
7.377711e-02
7.400693e-02
7.423676e-02
7.446658e-02
7.469641e-02
7.492623e-02
7.515606e-02
7.538588e-02
7.561571e-02
7.584553e-02
7.607536e-02
7.630518e-02
7.653501e-02
7.676483e-02
7.699466e-02
7.722448e-02
7.745431e-02
7.768413e-02
7.791396e-02
7.814378e-02
7.837361e-02
7.860343e-02
7.883326e-02
7.906308e-02
7.929291e-02
7.952273e-02
7.975256e-02
7.998238e-02
8.021221e-02
8.044203e-02
8.067186e-02
8.090168e-02
8.113151e-02
8.136133e-02
8.235808e-02
8.335484e-02
8.435159e-02
8.534834e-02
8.634509e-02
8.734185e-02
8.833860e-02
8.933535e-02
9.033211e-02
9.132886e-02
9.232561e-02
9.332237e-02
9.431912e-02
9.531587e-02
9.631262e-02
9.730938e-02
9.830613e-02
9.930288e-02
1.002996e-01
1.012964e-01
1.022931e-01
1.032899e-01
1.042866e-01
1.052834e-01
1.062802e-01
1.072769e-01
1.082737e-01
1.092704e-01
1.102672e-01
1.112639e-01
1.122607e-01
1.132574e-01
1.142542e-01
1.152509e-01
1.162477e-01
1.172444e-01
1.182412e-01
1.192379e-01
1.202347e-01
1.212314e-01
1.222282e-01
1.232250e-01
1.242217e-01
1.252185e-01
1.262152e-01
1.272120e-01
1.282087e-01
1.292055e-01
1.302022e-01
1.311990e-01
1.321957e-01
1.331925e-01
1.341892e-01
1.351860e-01
1.361827e-01
1.371795e-01
1.381763e-01
1.391730e-01
1.401698e-01
1.411665e-01
1.421633e-01
1.431600e-01
1.441568e-01
1.451535e-01
1.461503e-01
1.471470e-01
1.481438e-01
1.491405e-01
1.501373e-01
1.511340e-01
1.521308e-01
1.531275e-01
1.541243e-01
1.551211e-01
1.561178e-01
1.571146e-01
1.581113e-01
1.591081e-01
1.601048e-01
1.611016e-01
1.620983e-01
1.630951e-01
1.640918e-01
1.650886e-01
1.660853e-01
1.670821e-01
1.680788e-01
1.690756e-01
1.700723e-01
1.710691e-01
1.720659e-01
1.730626e-01
1.740594e-01
1.750561e-01
1.760529e-01
1.770496e-01
1.780464e-01
1.790431e-01
1.800399e-01
1.810366e-01
1.820334e-01
1.830301e-01
1.840269e-01
1.850236e-01
1.860204e-01
1.870171e-01
1.880139e-01
1.890107e-01
1.900074e-01
1.910042e-01
1.920009e-01
1.929977e-01
1.939944e-01
1.949912e-01
1.959879e-01
1.969847e-01
1.979814e-01
1.989782e-01
1.999749e-01
2.009717e-01
2.019684e-01
2.029652e-01
2.039619e-01
2.049587e-01
2.059555e-01
2.069522e-01
2.079490e-01
2.089457e-01
2.099425e-01
2.109392e-01
2.119360e-01
2.129327e-01
2.139295e-01
2.149262e-01
2.159230e-01
2.169197e-01
2.179165e-01
2.189132e-01
2.199100e-01
2.209067e-01
2.219035e-01
2.229003e-01
2.238970e-01
2.248938e-01
2.258905e-01
2.268873e-01
2.278840e-01
2.288808e-01
2.298775e-01
2.308743e-01
2.318710e-01
2.328678e-01
2.338645e-01
2.348613e-01
2.358580e-01
2.368548e-01
2.378516e-01
2.388483e-01
2.398451e-01
2.408418e-01
2.418386e-01
2.428353e-01
2.438321e-01
2.448288e-01
2.458256e-01
2.468223e-01
2.478191e-01
2.488158e-01
2.498126e-01
2.508093e-01
2.518061e-01
2.528028e-01
2.537996e-01
2.547964e-01
2.557931e-01
2.567899e-01
2.577866e-01
2.587834e-01
2.597801e-01
2.607769e-01
2.617736e-01
2.627704e-01
2.637671e-01
2.647639e-01
2.657606e-01
2.667574e-01
2.677541e-01
2.687509e-01
2.697476e-01
2.707444e-01
2.717412e-01
2.727379e-01
2.737347e-01
2.747314e-01
2.757282e-01
2.767249e-01
2.777217e-01
2.787184e-01
2.797152e-01
2.807119e-01
2.817087e-01
2.827054e-01
2.837022e-01
2.846989e-01
2.856957e-01
2.866924e-01
2.876892e-01
2.886860e-01
2.896827e-01
2.906795e-01
2.916762e-01
2.926730e-01
2.936697e-01
2.946665e-01
2.956632e-01
2.966600e-01
2.976567e-01
2.986535e-01
2.996502e-01
3.006470e-01
3.016437e-01
3.026405e-01
3.036372e-01
3.046340e-01
3.056308e-01
3.066275e-01
3.076243e-01
3.086210e-01
3.096178e-01
3.106145e-01
3.116113e-01
3.126080e-01
3.136048e-01
3.146015e-01
3.155983e-01
3.165950e-01
3.175918e-01
3.185885e-01
3.195853e-01
3.205820e-01
3.215788e-01
3.225756e-01
3.235723e-01
3.245691e-01
3.255658e-01
3.265626e-01
3.275593e-01
3.285561e-01
3.295528e-01
3.305496e-01
3.315463e-01
3.325431e-01
3.335398e-01
3.345366e-01
3.355333e-01
3.365301e-01
3.375269e-01
3.385236e-01
3.395204e-01
3.405171e-01
3.415139e-01
3.425106e-01
3.435074e-01
3.445041e-01
3.455009e-01
3.464976e-01
3.474944e-01
3.484911e-01
3.494879e-01
3.504846e-01
3.514814e-01
3.524781e-01
3.534749e-01
3.544717e-01
3.554684e-01
3.564652e-01
3.574619e-01
3.584587e-01
3.594554e-01
3.604522e-01
3.614489e-01
3.624457e-01
3.634424e-01
3.644392e-01
3.654359e-01
3.664327e-01
3.674294e-01
3.684262e-01
3.694229e-01
3.704197e-01
3.714165e-01
3.724132e-01
3.734100e-01
3.744067e-01
3.754035e-01
3.764002e-01
3.773970e-01
3.783937e-01
3.793905e-01
3.803872e-01
3.813840e-01
3.823807e-01
3.833775e-01
3.843742e-01
3.853710e-01
3.863677e-01
3.873645e-01
3.883613e-01
3.893580e-01
3.903548e-01
3.913515e-01
3.923483e-01
3.933450e-01
3.943418e-01
3.953385e-01
3.963353e-01
3.973320e-01
3.983288e-01
3.993255e-01
4.003223e-01
4.013190e-01
4.023158e-01
4.033125e-01
4.043093e-01
4.053061e-01
4.063028e-01
4.072996e-01
4.082963e-01
4.092931e-01
4.102898e-01
4.112866e-01
4.122833e-01
4.132801e-01
4.142768e-01
4.152736e-01
4.162703e-01
4.172671e-01
4.182638e-01
4.192606e-01
4.202573e-01
4.212541e-01
4.222509e-01
4.232476e-01
4.242444e-01
4.252411e-01
4.262379e-01
4.272346e-01
4.282314e-01
4.292281e-01
4.302249e-01
4.312216e-01
4.322184e-01
4.332151e-01
4.342119e-01
4.352086e-01
4.362054e-01
4.372022e-01
4.381989e-01
4.391957e-01
4.401924e-01
4.411892e-01
4.421859e-01
4.431827e-01
4.441794e-01
4.451762e-01
4.461729e-01
4.471697e-01
4.481664e-01
4.491632e-01
4.501599e-01
4.511567e-01
4.521534e-01
4.531502e-01
4.541470e-01
4.551437e-01
4.561405e-01
4.571372e-01
4.581340e-01
4.591307e-01
4.601275e-01
4.611242e-01
4.621210e-01
4.631177e-01
4.641145e-01
4.651112e-01
4.661080e-01
4.671047e-01
4.681015e-01
4.690982e-01
4.700950e-01
4.710918e-01
4.720885e-01
4.730853e-01
4.740820e-01
4.750788e-01
4.760755e-01
4.770723e-01
4.780690e-01
4.790658e-01
4.800625e-01
4.810593e-01
4.820560e-01
4.830528e-01
4.840495e-01
4.850463e-01
4.860430e-01
4.870398e-01
4.890809e-01
4.911221e-01
4.931633e-01
4.952045e-01
4.972456e-01
4.992868e-01
5.013280e-01
5.033691e-01
5.054103e-01
5.074515e-01
5.094927e-01
5.115338e-01
5.135750e-01
5.156162e-01
5.176573e-01
5.196985e-01
5.217397e-01
5.237809e-01
5.258220e-01
5.278632e-01
5.299044e-01
5.319455e-01
5.339867e-01
5.360279e-01
5.380691e-01
5.401102e-01
5.421514e-01
5.441926e-01
5.462337e-01
5.482749e-01
5.503161e-01
5.523573e-01
5.543984e-01
5.564396e-01
5.584808e-01
5.605219e-01
5.625631e-01
5.646043e-01
5.666455e-01
5.686866e-01
5.707278e-01
5.727690e-01
5.748101e-01
5.768513e-01
5.788925e-01
5.809336e-01
5.829748e-01
5.850160e-01
5.870572e-01
5.890983e-01
5.911395e-01
5.931807e-01
5.952218e-01
5.972630e-01
5.993042e-01
6.013454e-01
6.033865e-01
6.054277e-01
6.074689e-01
6.095100e-01
6.115512e-01
6.135924e-01
6.156336e-01
6.176747e-01
6.197159e-01
6.217571e-01
6.237982e-01
6.258394e-01
6.278806e-01
6.299218e-01
6.319629e-01
6.340041e-01
6.360453e-01
6.380864e-01
6.401276e-01
6.421688e-01
6.442100e-01
6.462511e-01
6.482923e-01
6.503335e-01
6.523746e-01
6.544158e-01
6.564570e-01
6.584982e-01
6.605393e-01
6.625805e-01
6.646217e-01
6.666628e-01
6.687040e-01
6.707452e-01
6.727863e-01
6.748275e-01
6.768687e-01
6.789099e-01
6.809510e-01
6.829922e-01
6.850334e-01
6.870745e-01
6.891157e-01
6.911569e-01
6.932978e-01
6.954388e-01
6.975796e-01
6.997206e-01
7.018615e-01
7.040024e-01
7.061433e-01
7.082843e-01
7.104252e-01
7.125661e-01
7.147070e-01
7.168479e-01
7.189888e-01
7.211298e-01
7.232707e-01
7.254116e-01
7.275526e-01
7.296935e-01
7.318344e-01
7.339753e-01
7.361162e-01
7.382571e-01
7.403981e-01
7.425390e-01
7.446799e-01
7.468209e-01
7.489617e-01
7.511027e-01
7.532436e-01
7.553845e-01
7.575254e-01
7.596664e-01
7.618073e-01
7.639482e-01
7.660891e-01
7.682300e-01
7.703709e-01
7.725119e-01
7.746528e-01
7.767937e-01
7.789347e-01
7.810756e-01
7.832165e-01
7.853574e-01
7.874983e-01
7.896392e-01
7.917802e-01
7.939211e-01
7.960620e-01
7.982030e-01
8.003438e-01
8.024848e-01
8.046257e-01
8.067666e-01
8.089075e-01
8.110485e-01
8.131894e-01
8.153303e-01
8.174712e-01
8.196121e-01
8.217530e-01
8.238940e-01
8.260349e-01
8.281758e-01
8.303168e-01
8.324577e-01
8.345986e-01
8.367395e-01
8.388804e-01
8.410213e-01
8.431623e-01
8.453032e-01
8.474441e-01
8.495851e-01
8.517259e-01
8.538669e-01
8.560078e-01
8.581487e-01
8.602896e-01
8.624306e-01
8.645715e-01
8.667124e-01
8.688533e-01
8.709942e-01
8.731352e-01
8.752761e-01
8.774170e-01
8.795579e-01
8.816989e-01
8.838398e-01
8.859807e-01
8.881216e-01
8.902626e-01
8.924034e-01
8.945444e-01
8.966853e-01
8.988262e-01
9.009672e-01
9.031081e-01
9.052490e-01
9.073899e-01
9.095308e-01
9.116717e-01
9.138127e-01
9.159536e-01
9.180945e-01
9.202355e-01
9.223763e-01
9.245173e-01
9.266582e-01
9.287991e-01
9.309400e-01
9.330810e-01
9.352219e-01
9.373628e-01
9.395037e-01
9.416447e-01
9.437855e-01
9.459265e-01
9.480674e-01
9.502083e-01
9.523493e-01
9.544902e-01
9.566311e-01
9.587720e-01
9.609129e-01
9.630538e-01
9.651948e-01
9.673357e-01
9.694766e-01
9.716176e-01
9.737584e-01
9.758994e-01
9.780403e-01
9.801812e-01
9.823221e-01
9.844631e-01
9.866040e-01
9.887449e-01
9.908860e-01
9.930268e-01
9.951674e-01
9.973088e-01
9.994495e-01
1.001590e+00
1.003732e+00
1.005872e+00
1.008013e+00
1.010154e+00
1.012295e+00
1.014436e+00
1.016577e+00
1.018718e+00
1.020858e+00
1.023000e+00
1.025141e+00
1.027281e+00
1.029423e+00
1.031563e+00
1.033704e+00
1.035845e+00
1.037986e+00
1.040127e+00
1.042268e+00
1.044409e+00
1.046549e+00
1.048691e+00
1.050832e+00
1.052972e+00
1.055114e+00
1.057254e+00
1.059395e+00
1.061536e+00
1.063677e+00
1.065818e+00
1.067959e+00
1.070100e+00
1.072241e+00
1.074382e+00
1.076523e+00
1.078663e+00
1.080805e+00
1.082945e+00
1.085086e+00
1.087227e+00
1.089368e+00
1.091509e+00
1.093650e+00
1.095791e+00
1.097932e+00
1.100073e+00
1.102214e+00
1.104354e+00
1.106496e+00
1.108637e+00
1.110777e+00
1.112919e+00
1.115059e+00
1.117200e+00
1.119341e+00
1.121482e+00
1.123859e+00
1.126235e+00
1.128612e+00
1.130989e+00
1.133365e+00
1.135742e+00
1.138119e+00
1.140495e+00
1.142873e+00
1.145250e+00
1.147626e+00
1.150003e+00
1.152380e+00
1.154756e+00
1.157133e+00
1.159509e+00
1.161886e+00
1.164263e+00
1.166640e+00
1.169017e+00
1.171393e+00
1.173770e+00
1.176147e+00
1.178523e+00
1.180900e+00
1.183277e+00
1.185654e+00
1.188030e+00
1.190407e+00
1.192784e+00
1.195160e+00
1.197537e+00
1.199914e+00
1.202290e+00
1.204667e+00
1.207045e+00
1.209421e+00
1.211798e+00
1.214175e+00
1.216551e+00
1.218928e+00
1.221305e+00
1.223681e+00
1.226058e+00
1.228435e+00
1.230811e+00
1.233188e+00
1.235565e+00
1.237942e+00
1.240318e+00
1.242695e+00
1.245072e+00
1.247449e+00
1.249825e+00
1.252202e+00
1.254579e+00
1.256955e+00
1.259332e+00
1.261709e+00
1.264085e+00
1.266462e+00
1.268839e+00
1.271216e+00
1.273593e+00
1.275969e+00
1.278346e+00
1.280723e+00
1.283100e+00
1.285476e+00
1.287853e+00
1.290230e+00
1.292606e+00
1.294983e+00
1.297360e+00
1.299736e+00
1.302113e+00
1.304490e+00
1.306866e+00
1.309244e+00
1.311620e+00
1.313997e+00
1.316374e+00
1.318750e+00
1.321127e+00
1.323504e+00
1.325880e+00
1.328257e+00
1.330634e+00
1.333011e+00
1.335388e+00
1.337764e+00
1.340141e+00
1.342518e+00
1.344894e+00
1.347271e+00
1.349648e+00
1.352025e+00
1.354401e+00
1.356778e+00
1.359155e+00
1.361531e+00
1.363908e+00
1.366285e+00
1.368661e+00
1.371038e+00
1.373415e+00
1.375792e+00
1.378169e+00
1.380545e+00
1.382922e+00
1.385299e+00
1.387675e+00
1.390052e+00
1.392429e+00
1.394805e+00
1.397182e+00
1.399559e+00
1.401936e+00
1.404312e+00
1.406689e+00
1.409066e+00
1.411443e+00
1.413820e+00
1.416196e+00
1.418573e+00
1.420950e+00
1.423326e+00
1.425703e+00
1.428080e+00
1.430456e+00
1.432833e+00
1.435210e+00
1.437587e+00
1.439964e+00
1.442340e+00
1.444717e+00
1.447094e+00
1.449470e+00
1.451847e+00
1.454224e+00
1.456600e+00
1.458977e+00
1.461354e+00
1.463731e+00
1.466107e+00
1.468484e+00
1.470861e+00
1.473237e+00
1.475615e+00
1.477991e+00
1.480368e+00
1.482745e+00
1.485121e+00
1.487498e+00
1.489875e+00
1.492251e+00
1.494628e+00
1.497005e+00
1.499381e+00
1.501758e+00
1.504135e+00
1.506512e+00
1.508889e+00
1.511265e+00
1.513642e+00
1.516019e+00
1.518395e+00
1.520772e+00
1.523149e+00
1.525525e+00
1.527902e+00
1.530279e+00
1.532655e+00
1.535032e+00
1.537409e+00
1.539786e+00
1.542163e+00
1.544540e+00
1.546916e+00
1.549293e+00
1.551670e+00
1.554046e+00
1.556423e+00
1.558800e+00
1.561176e+00
1.563553e+00
1.565930e+00
1.568307e+00
1.570683e+00
1.573060e+00
1.575437e+00
1.577814e+00
1.580191e+00
1.582567e+00
1.584944e+00
1.587321e+00
1.589697e+00
1.592074e+00
1.594450e+00
1.596827e+00
1.599204e+00
1.601580e+00
1.603958e+00
1.606335e+00
1.608711e+00
1.611088e+00
1.613465e+00
1.615841e+00
1.618218e+00
1.620595e+00
1.622971e+00
1.625348e+00
1.627725e+00
1.630101e+00
1.632478e+00
1.634855e+00
1.637231e+00
1.639608e+00
1.641986e+00
1.644362e+00
1.646739e+00
1.649116e+00
1.651492e+00
1.653869e+00
1.656246e+00
1.658622e+00
1.660999e+00
1.663375e+00
1.665752e+00
1.668129e+00
1.670506e+00
1.672883e+00
1.675259e+00
1.677636e+00
1.680013e+00
1.682390e+00
1.684766e+00
1.687143e+00
1.689520e+00
1.691896e+00
1.694273e+00
1.696650e+00
1.699026e+00
1.701403e+00
1.703780e+00
1.706157e+00
1.708534e+00
1.710911e+00
1.713287e+00
1.715664e+00
1.718041e+00
1.720417e+00
1.722794e+00
1.725171e+00
1.727547e+00
1.729924e+00
1.732301e+00
1.734678e+00
1.737054e+00
1.739431e+00
1.741808e+00
1.744185e+00
1.746561e+00
1.748938e+00
1.751315e+00
1.753691e+00
1.756068e+00
1.758445e+00
1.760821e+00
1.763198e+00
1.765575e+00
1.767951e+00
1.770329e+00
1.772706e+00
1.775082e+00
1.777459e+00
1.779836e+00
1.782212e+00
1.784589e+00
1.786966e+00
1.789342e+00
1.791719e+00
1.794096e+00
1.796472e+00
1.798849e+00
1.801226e+00
1.803602e+00
1.805979e+00
1.808356e+00
1.810733e+00
1.813110e+00
1.815486e+00
1.817863e+00
1.820240e+00
1.822616e+00
1.824993e+00
1.827370e+00
1.829746e+00
1.832123e+00
1.834500e+00
1.836877e+00
1.839254e+00
1.842782e+00
1.846311e+00
1.849840e+00
1.853368e+00
1.856898e+00
1.860426e+00
1.863955e+00
1.867484e+00
1.871013e+00
1.874542e+00
1.878070e+00
1.881599e+00
1.885128e+00
1.888657e+00
1.892185e+00
1.895714e+00
1.899243e+00
1.902772e+00
1.906300e+00
1.909829e+00
1.913358e+00
1.916887e+00
1.920415e+00
1.923944e+00
1.927473e+00
1.931002e+00
1.934531e+00
1.938059e+00
1.941589e+00
1.945117e+00
1.948646e+00
1.952175e+00
1.955703e+00
1.959232e+00
1.962761e+00
1.966290e+00
1.969818e+00
1.973348e+00
1.976876e+00
1.980405e+00
1.983934e+00
1.987462e+00
1.990992e+00
1.994520e+00
1.998048e+00
2.001578e+00
2.005106e+00
2.008635e+00
2.012164e+00
2.015692e+00
2.019222e+00
2.022750e+00
2.026279e+00
2.029808e+00
2.033337e+00
2.036865e+00
2.040394e+00
2.043923e+00
2.047451e+00
2.050981e+00
2.054509e+00
2.058038e+00
2.061567e+00
2.065095e+00
2.068625e+00
2.072153e+00
2.075682e+00
2.079211e+00
2.082740e+00
2.086268e+00
2.089797e+00
2.093326e+00
2.096855e+00
2.100383e+00
2.103912e+00
2.107441e+00
2.110970e+00
2.114498e+00
2.118027e+00
2.121556e+00
2.125085e+00
2.128614e+00
2.132142e+00
2.135672e+00
2.139200e+00
2.142729e+00
2.146258e+00
2.149786e+00
2.153315e+00
2.156844e+00
2.160373e+00
2.163901e+00
2.167430e+00
2.170959e+00
2.174488e+00
2.178017e+00
2.181545e+00
2.185075e+00
2.188603e+00
2.192132e+00
2.195661e+00
2.199189e+00
2.202718e+00
2.206247e+00
2.209775e+00
2.213304e+00
2.216833e+00
2.220362e+00
2.223891e+00
2.227420e+00
2.230948e+00
2.234477e+00
2.238006e+00
2.241534e+00
2.245064e+00
2.248592e+00
2.252121e+00
2.255650e+00
2.259178e+00
2.262708e+00
2.266236e+00
2.269765e+00
2.273294e+00
2.276823e+00
2.280351e+00
2.283880e+00
2.287409e+00
2.290937e+00
2.294467e+00
2.297995e+00
2.301524e+00
2.305053e+00
2.308581e+00
2.312110e+00
2.315639e+00
2.319168e+00
2.322697e+00
2.326225e+00
2.329754e+00
2.333283e+00
2.336812e+00
2.340341e+00
2.343869e+00
2.347398e+00
2.350927e+00
2.354456e+00
2.357984e+00
2.361513e+00
2.365042e+00
2.368571e+00
2.372100e+00
2.375628e+00
2.379158e+00
2.382686e+00
2.386215e+00
2.389744e+00
2.393272e+00
2.396801e+00
2.400330e+00
2.403858e+00
2.407387e+00
2.410916e+00
2.414445e+00
2.417974e+00
2.421502e+00
2.425031e+00
2.428560e+00
2.432089e+00
2.435617e+00
2.439147e+00
2.442675e+00
2.446204e+00
2.449733e+00
2.453261e+00
2.456791e+00
2.460319e+00
2.463848e+00
2.467377e+00
2.470906e+00
2.474434e+00
2.477963e+00
2.481492e+00
2.485020e+00
2.488550e+00
2.492078e+00
2.495607e+00
2.499136e+00
2.502664e+00
2.506193e+00
2.509722e+00
2.513250e+00
2.516780e+00
2.520308e+00
2.523837e+00
2.527366e+00
2.530895e+00
2.534424e+00
2.537952e+00
2.541481e+00
2.545010e+00
2.548539e+00
2.551793e+00
2.555048e+00
2.558301e+00
2.561555e+00
2.564810e+00
2.568064e+00
2.571318e+00
2.574573e+00
2.577827e+00
2.581081e+00
2.584336e+00
2.587590e+00
2.590844e+00
2.594099e+00
2.597352e+00
2.600607e+00
2.603861e+00
2.607115e+00
2.610370e+00
2.613623e+00
2.616878e+00
2.620132e+00
2.623386e+00
2.626641e+00
2.629895e+00
2.633149e+00
2.636404e+00
2.639658e+00
2.642912e+00
2.646167e+00
2.649421e+00
2.652675e+00
2.655929e+00
2.659183e+00
2.662438e+00
2.665692e+00
2.668946e+00
2.672200e+00
2.675455e+00
2.678709e+00
2.681963e+00
2.685218e+00
2.688472e+00
2.691726e+00
2.694981e+00
2.698234e+00
2.701489e+00
2.704743e+00
2.707998e+00
2.711251e+00
2.714505e+00
2.717760e+00
2.721014e+00
2.724268e+00
2.727523e+00
2.730777e+00
2.734031e+00
2.737286e+00
2.740540e+00
2.743794e+00
2.747049e+00
2.750303e+00
2.753557e+00
2.756811e+00
2.760065e+00
2.763320e+00
2.766574e+00
2.769828e+00
2.773082e+00
2.776337e+00
2.779591e+00
2.782845e+00
2.786100e+00
2.789354e+00
2.792608e+00
2.795862e+00
2.799117e+00
2.802371e+00
2.805625e+00
2.808879e+00
2.812133e+00
2.815388e+00
2.818642e+00
2.821896e+00
2.825150e+00
2.828405e+00
2.831659e+00
2.834913e+00
2.838168e+00
2.841422e+00
2.844676e+00
2.847931e+00
2.851184e+00
2.854439e+00
2.857693e+00
2.860947e+00
2.864202e+00
2.867456e+00
2.870710e+00
2.873964e+00
2.877219e+00
2.880473e+00
2.883727e+00
2.886982e+00
2.890236e+00
2.893490e+00
2.896744e+00
2.899999e+00
2.903253e+00
2.906507e+00
2.909761e+00
2.913015e+00
2.916270e+00
2.919524e+00
2.922778e+00
2.926033e+00
2.929287e+00
2.932541e+00
2.935795e+00
2.939050e+00
2.942304e+00
2.945558e+00
2.948812e+00
2.952066e+00
2.955321e+00
2.958575e+00
2.961829e+00
2.965083e+00
2.968338e+00
2.971592e+00
2.974846e+00
2.978101e+00
2.981355e+00
2.984609e+00
2.987864e+00
2.991118e+00
2.994372e+00
2.997626e+00
3.000881e+00
3.004135e+00
3.007389e+00
3.010643e+00
3.013897e+00
3.017152e+00
3.020406e+00
3.023660e+00
3.026915e+00
3.030169e+00
3.033423e+00
3.036678e+00
3.039932e+00
3.043186e+00
3.046440e+00
3.049694e+00
3.052949e+00
3.056203e+00
3.059457e+00
3.062711e+00
3.065965e+00
3.069220e+00
3.072474e+00
3.075728e+00
3.078983e+00
3.082237e+00
3.085491e+00
3.088745e+00
3.092000e+00
3.095254e+00
3.098509e+00
3.101763e+00
3.105016e+00
3.108271e+00
3.111525e+00
3.114779e+00
3.118034e+00
3.121288e+00
3.124542e+00
3.127797e+00
3.131051e+00
3.134305e+00
3.137560e+00
3.140814e+00
3.144068e+00
3.147322e+00
3.150576e+00
3.153831e+00
3.157085e+00
3.160339e+00
3.163593e+00
3.166847e+00
3.170102e+00
3.173356e+00
3.176610e+00
3.179865e+00
3.183119e+00
3.186373e+00
3.189628e+00
3.192882e+00
3.196136e+00
3.199391e+00
3.202644e+00
3.206376e+00
3.210106e+00
3.213837e+00
3.217569e+00
3.221299e+00
3.225030e+00
3.228761e+00
3.232492e+00
3.236223e+00
3.239954e+00
3.243685e+00
3.247416e+00
3.251146e+00
3.254878e+00
3.258609e+00
3.262339e+00
3.266071e+00
3.269801e+00
3.273532e+00
3.277263e+00
3.280994e+00
3.284725e+00
3.288456e+00
3.292187e+00
3.295918e+00
3.299649e+00
3.303380e+00
3.307111e+00
3.310841e+00
3.314573e+00
3.318304e+00
3.322034e+00
3.325765e+00
3.329496e+00
3.333227e+00
3.336958e+00
3.340690e+00
3.344420e+00
3.348151e+00
3.351882e+00
3.355613e+00
3.359344e+00
3.363075e+00
3.366806e+00
3.370537e+00
3.374267e+00
3.377998e+00
3.381730e+00
3.385460e+00
3.389192e+00
3.392922e+00
3.396653e+00
3.400384e+00
3.404115e+00
3.407846e+00
3.411577e+00
3.415308e+00
3.419039e+00
3.422770e+00
3.426501e+00
3.430232e+00
3.433962e+00
3.437694e+00
3.441425e+00
3.445155e+00
3.448886e+00
3.452618e+00
3.456348e+00
3.460079e+00
3.463810e+00
3.467541e+00
3.471272e+00
3.475003e+00
3.478734e+00
3.482465e+00
3.486196e+00
3.489927e+00
3.493658e+00
3.497389e+00
3.501120e+00
3.504850e+00
3.508581e+00
3.512312e+00
3.516043e+00
3.519774e+00
3.523505e+00
3.527236e+00
3.530967e+00
3.534698e+00
3.538429e+00
3.542160e+00
3.545891e+00
3.549622e+00
3.553353e+00
3.557083e+00
3.560814e+00
3.564546e+00
3.568276e+00
3.572007e+00
3.575739e+00
3.579469e+00
3.583200e+00
3.586931e+00
3.590662e+00
3.594393e+00
3.598124e+00
3.601855e+00
3.605586e+00
3.609316e+00
3.613048e+00
3.616779e+00
3.620509e+00
3.624241e+00
3.627971e+00
3.631702e+00
3.635433e+00
3.639164e+00
3.642895e+00
3.646626e+00
3.650357e+00
3.654088e+00
3.657819e+00
3.661550e+00
3.665281e+00
3.669011e+00
3.672743e+00
3.676474e+00
3.680204e+00
3.683936e+00
3.687667e+00
3.691397e+00
3.695128e+00
3.698859e+00
3.702590e+00
3.706321e+00
3.710052e+00
3.713783e+00
3.717514e+00
3.721245e+00
3.724976e+00
3.728707e+00
3.732438e+00
3.736169e+00
3.739900e+00
3.743630e+00
3.747361e+00
3.751092e+00
3.754823e+00
3.758555e+00
3.762285e+00
3.766016e+00
3.769747e+00
3.773478e+00
3.777209e+00
3.780940e+00
3.784671e+00
3.788402e+00
3.792132e+00
3.795863e+00
3.799595e+00
3.803325e+00
3.807057e+00
3.810788e+00
3.814518e+00
3.818249e+00
3.821980e+00
3.825711e+00
3.829442e+00
3.833173e+00
3.836904e+00
3.840635e+00
3.844365e+00
3.848097e+00
3.851828e+00
3.855559e+00
3.859290e+00
3.863021e+00
3.866751e+00
3.870482e+00
3.874213e+00
3.877944e+00
3.881675e+00
3.885406e+00
3.889137e+00
3.892868e+00
3.896599e+00
3.900330e+00
3.904061e+00
3.907792e+00
3.911523e+00
3.915253e+00
3.918985e+00
3.922716e+00
3.926446e+00
3.930177e+00
3.933909e+00
3.937639e+00
3.941370e+00
3.945102e+00
3.948832e+00
3.952563e+00
3.956294e+00
3.960025e+00
3.963756e+00
3.967487e+00
3.971218e+00
3.974949e+00
3.978679e+00
3.982411e+00
3.986142e+00
3.989872e+00
3.993604e+00
3.997334e+00
4.001065e+00
4.004796e+00
4.008527e+00
4.012258e+00
4.015989e+00
4.019720e+00
4.023451e+00
4.027182e+00
4.030913e+00
4.034644e+00
4.038374e+00
4.042106e+00
4.045837e+00
4.049567e+00
4.053298e+00
4.057029e+00
4.060760e+00
4.064491e+00
4.068222e+00
4.071953e+00
4.075684e+00
4.079415e+00
4.083146e+00
4.086877e+00
4.090608e+00
4.094339e+00
4.098070e+00
4.101800e+00
4.105531e+00
4.109262e+00
4.112993e+00
4.116724e+00
4.120455e+00
4.124186e+00
4.127917e+00
4.131648e+00
4.135379e+00
4.139110e+00
4.142841e+00
4.146572e+00
4.150302e+00
4.154034e+00
4.157765e+00
4.161495e+00
4.165226e+00
4.168958e+00
4.172688e+00
4.176419e+00
4.180151e+00
4.183881e+00
4.187612e+00
4.191343e+00
4.195074e+00
4.198805e+00
4.202536e+00
4.206267e+00
4.209998e+00
4.213728e+00
4.217460e+00
4.221191e+00
4.224922e+00
4.228653e+00
4.232383e+00
4.236114e+00
4.239845e+00
4.243576e+00
4.247307e+00
4.251038e+00
4.254769e+00
4.258500e+00
4.262231e+00
4.265962e+00
4.269693e+00
4.273424e+00
4.277155e+00
4.280886e+00
4.284616e+00
4.288347e+00
4.292078e+00
4.295809e+00
4.299540e+00
4.303272e+00
4.307002e+00
4.310733e+00
4.314464e+00
4.318195e+00
4.321926e+00
4.325657e+00
4.329388e+00
4.333487e+00
4.337586e+00
4.341686e+00
4.345785e+00
4.349885e+00
4.353984e+00
4.358083e+00
4.362182e+00
4.366281e+00
4.370381e+00
4.374480e+00
4.378580e+00
4.382679e+00
4.386778e+00
4.390878e+00
4.394977e+00
4.399076e+00
4.403176e+00
4.407275e+00
4.411374e+00
4.415473e+00
4.419573e+00
4.423672e+00
4.427771e+00
4.431871e+00
4.435970e+00
4.440069e+00
4.444169e+00
4.448268e+00
4.452367e+00
4.456466e+00
4.460566e+00
4.464665e+00
4.468765e+00
4.472864e+00
4.476963e+00
4.481062e+00
4.485161e+00
4.489261e+00
4.493361e+00
4.497460e+00
4.501559e+00
4.505658e+00
4.509757e+00
4.513857e+00
4.517956e+00
4.522056e+00
4.526155e+00
4.530254e+00
4.534353e+00
4.538452e+00
4.542552e+00
4.546652e+00
4.550751e+00
4.554850e+00
4.558949e+00
4.563049e+00
4.567148e+00
4.571247e+00
4.575347e+00
4.579446e+00
4.583545e+00
4.587644e+00
4.591744e+00
4.595843e+00
4.599942e+00
4.604042e+00
4.608141e+00
4.612241e+00
4.616340e+00
4.620439e+00
4.624538e+00
4.628637e+00
4.632737e+00
4.636836e+00
4.640936e+00
4.645035e+00
4.649134e+00
4.653233e+00
4.657333e+00
4.661432e+00
4.665532e+00
4.669631e+00
4.673730e+00
4.677829e+00
4.681928e+00
4.686028e+00
4.690127e+00
4.694227e+00
4.698326e+00
4.702425e+00
4.706525e+00
4.710624e+00
4.714723e+00
4.718823e+00
4.722922e+00
4.727021e+00
4.731120e+00
4.735220e+00
4.739319e+00
4.743418e+00
4.747518e+00
4.751617e+00
4.755717e+00
4.759816e+00
4.763915e+00
4.768014e+00
4.772113e+00
4.776213e+00
4.780312e+00
4.784412e+00
4.788511e+00
4.792610e+00
4.796709e+00
4.800809e+00
4.804909e+00
4.809008e+00
4.813107e+00
4.817206e+00
4.821305e+00
4.825404e+00
4.829504e+00
4.833604e+00
4.837703e+00
4.841802e+00
4.845901e+00
4.850001e+00
4.854100e+00
4.858200e+00
4.862299e+00
4.866398e+00
4.870497e+00
4.874596e+00
4.878696e+00
4.882795e+00
4.886895e+00
4.890994e+00
4.895093e+00
4.899193e+00
4.903292e+00
4.907391e+00
4.911490e+00
4.915590e+00
4.919689e+00
4.923788e+00
4.927888e+00
4.931987e+00
4.936086e+00
4.940185e+00
4.944285e+00
4.948385e+00
4.952484e+00
4.956583e+00
4.960682e+00
4.964781e+00
4.968880e+00
4.972980e+00
4.977080e+00
4.981179e+00
4.985278e+00
4.989377e+00
4.993476e+00
4.997576e+00
5.001676e+00
5.005775e+00
5.009874e+00
5.013973e+00
5.018072e+00
5.022172e+00
5.026271e+00
5.030371e+00
5.034470e+00
5.038569e+00
5.042668e+00
5.046768e+00
5.050867e+00
5.054966e+00
5.059066e+00
5.063165e+00
5.067264e+00
5.071364e+00
5.075463e+00
5.079562e+00
5.083661e+00
5.087761e+00
5.091860e+00
5.095959e+00
5.100059e+00
5.104158e+00
5.108257e+00
5.112357e+00
5.116456e+00
5.120556e+00
5.124655e+00
5.128754e+00
5.132853e+00
5.136952e+00
5.141052e+00
5.145151e+00
5.149251e+00
5.153350e+00
5.157449e+00
5.161548e+00
5.165648e+00
5.169747e+00
5.173847e+00
5.177946e+00
5.182045e+00
5.186144e+00
5.190243e+00
5.194343e+00
5.198442e+00
5.202542e+00
5.206641e+00
5.210740e+00
5.214840e+00
5.218939e+00
5.223038e+00
5.227137e+00
5.231237e+00
5.235336e+00
5.239435e+00
5.243535e+00
5.247634e+00
5.251733e+00
5.255833e+00
5.259932e+00
5.264032e+00
5.268131e+00
5.272230e+00
5.276329e+00
5.280428e+00
5.284528e+00
5.288627e+00
5.292727e+00
5.296826e+00
5.300925e+00
5.305025e+00
5.309124e+00
5.313223e+00
5.317323e+00
5.321422e+00
5.325521e+00
5.329620e+00
5.333720e+00
5.337819e+00
5.341918e+00
5.346018e+00
5.350117e+00
5.354216e+00
5.358316e+00
5.362415e+00
5.366514e+00
5.370613e+00
5.374713e+00
5.378812e+00
5.382911e+00
5.387011e+00
5.391110e+00
5.395209e+00
5.399309e+00
5.403408e+00
5.407508e+00
5.411607e+00
5.415706e+00
5.419805e+00
5.423904e+00
5.428004e+00
5.432103e+00
5.436203e+00
5.440302e+00
5.444401e+00
5.448500e+00
5.452600e+00
5.456699e+00
5.460799e+00
5.464898e+00
5.468997e+00
5.473096e+00
5.477196e+00
5.481295e+00
5.485394e+00
5.489494e+00
5.493593e+00
5.497692e+00
5.501792e+00
5.505891e+00
5.509990e+00
5.514089e+00
5.518189e+00
5.522288e+00
5.526388e+00
5.530487e+00
5.534586e+00
5.538685e+00
5.542784e+00
5.546884e+00
5.550983e+00
5.555083e+00
5.559182e+00
5.563281e+00
5.567380e+00
5.571480e+00
5.575579e+00
5.579679e+00
5.583778e+00
5.587877e+00
5.591976e+00
5.596075e+00
5.600175e+00
5.604274e+00
5.608374e+00
5.612473e+00
5.616572e+00
5.620672e+00
5.624771e+00
5.628870e+00
5.632970e+00
5.637069e+00
5.641168e+00
5.645267e+00
5.649367e+00
5.653466e+00
5.657565e+00
5.661665e+00
5.665764e+00
5.669864e+00
5.673963e+00
5.678062e+00
5.682161e+00
5.686260e+00
5.690360e+00
5.694459e+00
5.698559e+00
5.702658e+00
5.706757e+00
5.710856e+00
5.714956e+00
5.719055e+00
5.723155e+00
5.727254e+00
5.731353e+00
5.735452e+00
5.739551e+00
5.743651e+00
5.747751e+00
5.751850e+00
5.755949e+00
5.760048e+00
5.764148e+00
5.768247e+00
5.772346e+00
5.776446e+00
5.780545e+00
5.784644e+00
5.788743e+00
5.792843e+00
5.796942e+00
5.801041e+00
5.805141e+00
5.809240e+00
5.813340e+00
5.817439e+00
5.821538e+00
5.825637e+00
5.829736e+00
5.833836e+00
5.837935e+00
5.842035e+00
5.846134e+00
5.850233e+00
5.854332e+00
5.858432e+00
5.862532e+00
5.866631e+00
5.870730e+00
5.874829e+00
5.878928e+00
5.883027e+00
5.887127e+00
5.891227e+00
5.895326e+00
5.899425e+00
5.903524e+00
5.907624e+00
5.911723e+00
5.915823e+00
5.919922e+00
5.924021e+00
5.928120e+00
5.932219e+00
5.936319e+00
5.940418e+00
5.944518e+00
5.948617e+00
5.952716e+00
5.956816e+00
5.960915e+00
5.965014e+00
5.969113e+00
5.973213e+00
5.977312e+00
5.981411e+00
5.985511e+00
5.989610e+00
5.993709e+00
5.997808e+00
6.001908e+00
6.006007e+00
6.010107e+00
6.014206e+00
6.018305e+00
6.022404e+00
6.026504e+00
6.030603e+00
6.034703e+00
6.038802e+00
6.042901e+00
6.047000e+00
6.051099e+00
6.055199e+00
6.059298e+00
6.063398e+00
6.067497e+00
6.071596e+00
6.075695e+00
6.079795e+00
6.083894e+00
6.087994e+00
6.092093e+00
6.096192e+00
6.100291e+00
6.104390e+00
6.108490e+00
6.112589e+00
6.116689e+00
6.120788e+00
6.124887e+00
6.128987e+00
6.133086e+00
6.137185e+00
6.141284e+00
6.145384e+00
6.149483e+00
6.153582e+00
6.157682e+00
6.161781e+00
6.165880e+00
6.169980e+00
6.174079e+00
6.178179e+00
6.182278e+00
6.186377e+00
6.190476e+00
6.194575e+00
6.198675e+00
6.202774e+00
6.206874e+00
6.210973e+00
6.215072e+00
6.219171e+00
6.223271e+00
6.227370e+00
6.231470e+00
6.235569e+00
6.239668e+00
6.243767e+00
6.247866e+00
6.251966e+00
6.256065e+00
6.260165e+00
6.264264e+00
6.268363e+00
6.272463e+00
6.276562e+00
6.280661e+00
6.284760e+00
6.288860e+00
6.292959e+00
6.297058e+00
6.301158e+00
6.305257e+00
6.309356e+00
6.313456e+00
6.317555e+00
6.321655e+00
6.325754e+00
6.329853e+00
6.333952e+00
6.338051e+00
6.342151e+00
6.346250e+00
6.350350e+00
6.354449e+00
6.358548e+00
6.362648e+00
6.366747e+00
6.370846e+00
6.374946e+00
6.379045e+00
6.383144e+00
6.387243e+00
6.389108e+00
6.390972e+00
6.392836e+00
6.394701e+00
6.396565e+00
6.398430e+00
6.400294e+00
6.402159e+00
6.404023e+00
6.405888e+00
6.407751e+00
6.409616e+00
6.411480e+00
6.413345e+00
6.415210e+00
6.417073e+00
6.418938e+00
6.420802e+00
6.422667e+00
6.424531e+00
6.426395e+00
6.428260e+00
6.430125e+00
6.431989e+00
6.433853e+00
6.435718e+00
6.437582e+00
6.439447e+00
6.441311e+00
6.443175e+00
6.445040e+00
6.446904e+00
6.448768e+00
6.450633e+00
6.452497e+00
6.454362e+00
6.456225e+00
6.458090e+00
6.459955e+00
6.461819e+00
6.463684e+00
6.465548e+00
6.467412e+00
6.469277e+00
6.471141e+00
6.473005e+00
6.474870e+00
6.476734e+00
6.478599e+00
6.480463e+00
6.482327e+00
6.484192e+00
6.486056e+00
6.487921e+00
6.489785e+00
6.491649e+00
6.493514e+00
6.495378e+00
6.497242e+00
6.499107e+00
6.500971e+00
6.502836e+00
6.504700e+00
6.506564e+00
6.508429e+00
6.510293e+00
6.512158e+00
6.514022e+00
6.515887e+00
6.517751e+00
6.519616e+00
6.521480e+00
6.523344e+00
6.525209e+00
6.527073e+00
6.528937e+00
6.530801e+00
6.532666e+00
6.534531e+00
6.536395e+00
6.538259e+00
6.540123e+00
6.541988e+00
6.543853e+00
6.545717e+00
6.547581e+00
6.549446e+00
6.551310e+00
6.553174e+00
6.555039e+00
6.556903e+00
6.558768e+00
6.560632e+00
6.562496e+00
6.564361e+00
6.566225e+00
6.568090e+00
6.569953e+00
6.571818e+00
6.573683e+00
6.575547e+00
6.577411e+00
6.579276e+00
6.581140e+00
6.583005e+00
6.584869e+00
6.586733e+00
6.588598e+00
6.590462e+00
6.592327e+00
6.594191e+00
6.596055e+00
6.597920e+00
6.599784e+00
6.601648e+00
6.603513e+00
6.605377e+00
6.607242e+00
6.609107e+00
6.610970e+00
6.612835e+00
6.614699e+00
6.616564e+00
6.618428e+00
6.620292e+00
6.622157e+00
6.624021e+00
6.625885e+00
6.627750e+00
6.629615e+00
6.631479e+00
6.633344e+00
6.635208e+00
6.637072e+00
6.638937e+00
6.640801e+00
6.642665e+00
6.644530e+00
6.646394e+00
6.648259e+00
6.650122e+00
6.651987e+00
6.653851e+00
6.655716e+00
6.657581e+00
6.659445e+00
6.661309e+00
6.663174e+00
6.665038e+00
6.666902e+00
6.668767e+00
6.670631e+00
6.672496e+00
6.674360e+00
6.676224e+00
6.678089e+00
6.679953e+00
6.681818e+00
6.683682e+00
6.685546e+00
6.687411e+00
6.689275e+00
6.691139e+00
6.693004e+00
6.694868e+00
6.696733e+00
6.698597e+00
6.700461e+00
6.702326e+00
6.704190e+00
6.706055e+00
6.707919e+00
6.709783e+00
6.711648e+00
6.713512e+00
6.715376e+00
6.717241e+00
6.719106e+00
6.720970e+00
6.722834e+00
6.724698e+00
6.726563e+00
6.728428e+00
6.730292e+00
6.732156e+00
6.734020e+00
6.735885e+00
6.737749e+00
6.739613e+00
6.741478e+00
6.743343e+00
6.745207e+00
6.747071e+00
6.748936e+00
6.750800e+00
6.752665e+00
6.754529e+00
6.756393e+00
6.758258e+00
6.760122e+00
6.761987e+00
6.763850e+00
6.765715e+00
6.767580e+00
6.769444e+00
6.771308e+00
6.773173e+00
6.775037e+00
6.776902e+00
6.778766e+00
6.780630e+00
6.782495e+00
6.784359e+00
6.786224e+00
6.788088e+00
6.789952e+00
6.791817e+00
6.793681e+00
6.795545e+00
6.797410e+00
6.799274e+00
6.801139e+00
6.803004e+00
6.804867e+00
6.806732e+00
6.808596e+00
6.810461e+00
6.812325e+00
6.814189e+00
6.816054e+00
6.817918e+00
6.819782e+00
6.821647e+00
6.823511e+00
6.825376e+00
6.827240e+00
6.829105e+00
6.830969e+00
6.832834e+00
6.834698e+00
6.836562e+00
6.838427e+00
6.840291e+00
6.842156e+00
6.844019e+00
6.845884e+00
6.847748e+00
6.849613e+00
6.851478e+00
6.853341e+00
6.855206e+00
6.857071e+00
6.858935e+00
6.860799e+00
6.862664e+00
6.864528e+00
6.866393e+00
6.868257e+00
6.870121e+00
6.871986e+00
6.873850e+00
6.875715e+00
6.877579e+00
6.879443e+00
6.881308e+00
6.883172e+00
6.885036e+00
6.886901e+00
6.888765e+00
6.890630e+00
6.892494e+00
6.894358e+00
6.896223e+00
6.898087e+00
6.899952e+00
6.901816e+00
6.903680e+00
6.905545e+00
6.907409e+00
6.909273e+00
6.911138e+00
6.913003e+00
6.914867e+00
6.916732e+00
6.918595e+00
6.920460e+00
6.922324e+00
6.924189e+00
6.926053e+00
6.927917e+00
6.929782e+00
6.931646e+00
6.933510e+00
6.935375e+00
6.937239e+00
6.939104e+00
6.940968e+00
6.942833e+00
6.944697e+00
6.946562e+00
6.948426e+00
6.950290e+00
6.952155e+00
6.954019e+00
6.955884e+00
6.957747e+00
6.959612e+00
6.961477e+00
6.963341e+00
6.965206e+00
6.967069e+00
6.968934e+00
6.970799e+00
6.972663e+00
6.974527e+00
6.976392e+00
6.978256e+00
6.980121e+00
6.981985e+00
6.983849e+00
6.985714e+00
6.987578e+00
6.989443e+00
6.991307e+00
6.993171e+00
6.995036e+00
6.996900e+00
6.998764e+00
7.000629e+00
7.002493e+00
7.004358e+00
7.006222e+00
7.008086e+00
7.009951e+00
7.011815e+00
7.013680e+00
7.015544e+00
7.017408e+00
7.019273e+00
7.021137e+00
7.023001e+00
7.024866e+00
7.026731e+00
7.028595e+00
7.030459e+00
7.032324e+00
7.034188e+00
7.036053e+00
7.037917e+00
7.039781e+00
7.041645e+00
7.043510e+00
7.045375e+00
7.047238e+00
7.049103e+00
7.050967e+00
7.052832e+00
7.054696e+00
7.056561e+00
7.058425e+00
7.060290e+00
7.062154e+00
7.064018e+00
7.065883e+00
7.067747e+00
7.069612e+00
7.071476e+00
7.073340e+00
7.075205e+00
7.077069e+00
7.078933e+00
7.080797e+00
7.082662e+00
7.084527e+00
7.086391e+00
7.088255e+00
7.090120e+00
7.091984e+00
7.093849e+00
7.095713e+00
7.097577e+00
7.099442e+00
7.101306e+00
7.103170e+00
7.105035e+00
7.106899e+00
7.108764e+00
7.110628e+00
7.112492e+00
7.114357e+00
7.116221e+00
7.118086e+00
7.119950e+00
7.121814e+00
7.123679e+00
7.125543e+00
7.127407e+00
7.129272e+00
7.131136e+00
7.133001e+00
7.134865e+00
7.136729e+00
7.138594e+00
7.140459e+00
7.142323e+00
7.144187e+00
7.146052e+00
7.147916e+00
7.149781e+00
7.151644e+00
7.153509e+00
7.155374e+00
7.157238e+00
7.159103e+00
7.160966e+00
7.162831e+00
7.164695e+00
7.166560e+00
7.168424e+00
7.170289e+00
7.172153e+00
7.174018e+00
7.175882e+00
7.177746e+00
7.179611e+00
7.181475e+00
7.183340e+00
7.185204e+00
7.187068e+00
7.188933e+00
7.190797e+00
7.192661e+00
7.194526e+00
7.196390e+00
7.198255e+00
7.200119e+00
7.201983e+00
7.203848e+00
7.205712e+00
7.207577e+00
7.209441e+00
7.211305e+00
7.213170e+00
7.215034e+00
7.216898e+00
7.218763e+00
7.220627e+00
7.222492e+00
7.224356e+00
7.226220e+00
7.228085e+00
7.229950e+00
7.231814e+00
7.233678e+00
7.235542e+00
7.237407e+00
7.239271e+00
7.241135e+00
7.243000e+00
7.244864e+00
7.246729e+00
7.248593e+00
7.250457e+00
7.252322e+00
7.254187e+00
7.256051e+00
7.257915e+00
7.259780e+00
7.261644e+00
7.263509e+00
7.265373e+00
7.267237e+00
7.269102e+00
7.270966e+00
7.272830e+00
7.274694e+00
7.276559e+00
7.278424e+00
7.280288e+00
7.282152e+00
7.284017e+00
7.285881e+00
7.287746e+00
7.289610e+00
7.291474e+00
7.293339e+00
7.295203e+00
7.297067e+00
7.298932e+00
7.300796e+00
7.302661e+00
7.304525e+00
7.306389e+00
7.308254e+00
7.310118e+00
7.311983e+00
7.313847e+00
7.315711e+00
7.317576e+00
7.319440e+00
7.321304e+00
7.323169e+00
7.325033e+00
7.326877e+00
7.328721e+00
7.330564e+00
7.332409e+00
7.334252e+00
7.336096e+00
7.337940e+00
7.339784e+00
7.341628e+00
7.343472e+00
7.345315e+00
7.347159e+00
7.349003e+00
7.350846e+00
7.352690e+00
7.354534e+00
7.356378e+00
7.358222e+00
7.360066e+00
7.361909e+00
7.363753e+00
7.365597e+00
7.367440e+00
7.369284e+00
7.371128e+00
7.372972e+00
7.374816e+00
7.376660e+00
7.378503e+00
7.380348e+00
7.382191e+00
7.384035e+00
7.385879e+00
7.387722e+00
7.389566e+00
7.391410e+00
7.393254e+00
7.395098e+00
7.396942e+00
7.398785e+00
7.400629e+00
7.402473e+00
7.404316e+00
7.406160e+00
7.408004e+00
7.409848e+00
7.411692e+00
7.413536e+00
7.415379e+00
7.417224e+00
7.419067e+00
7.420910e+00
7.422755e+00
7.424598e+00
7.426442e+00
7.428286e+00
7.430130e+00
7.431974e+00
7.433818e+00
7.435661e+00
7.437505e+00
7.439349e+00
7.441192e+00
7.443036e+00
7.444880e+00
7.446724e+00
7.448568e+00
7.450412e+00
7.452255e+00
7.454100e+00
7.455943e+00
7.457786e+00
7.459631e+00
7.461474e+00
7.463318e+00
7.465162e+00
7.467006e+00
7.468850e+00
7.470694e+00
7.472537e+00
7.474381e+00
7.476225e+00
7.478068e+00
7.479912e+00
7.481756e+00
7.483600e+00
7.485444e+00
7.487288e+00
7.489131e+00
7.490975e+00
7.492819e+00
7.494663e+00
7.496507e+00
7.498350e+00
7.500194e+00
7.502038e+00
7.503882e+00
7.505726e+00
7.507570e+00
7.509413e+00
7.511257e+00
7.513101e+00
7.514944e+00
7.516788e+00
7.518632e+00
7.520476e+00
7.522320e+00
7.524164e+00
7.526007e+00
7.527851e+00
7.529695e+00
7.531539e+00
7.533382e+00
7.535226e+00
7.537070e+00
7.538914e+00
7.540758e+00
7.542601e+00
7.544446e+00
7.546289e+00
7.548133e+00
7.549977e+00
7.551821e+00
7.553664e+00
7.555508e+00
7.557352e+00
7.559195e+00
7.561040e+00
7.562883e+00
7.564727e+00
7.566571e+00
7.568415e+00
7.570258e+00
7.572102e+00
7.573946e+00
7.575790e+00
7.577634e+00
7.579477e+00
7.581322e+00
7.583165e+00
7.585009e+00
7.586853e+00
7.588697e+00
7.590540e+00
7.592384e+00
7.594228e+00
7.596071e+00
7.597916e+00
7.599759e+00
7.601603e+00
7.603447e+00
7.605291e+00
7.607134e+00
7.608978e+00
7.610822e+00
7.612665e+00
7.614510e+00
7.616353e+00
7.618198e+00
7.620041e+00
7.621885e+00
7.623729e+00
7.625573e+00
7.627416e+00
7.629260e+00
7.631104e+00
7.632947e+00
7.634791e+00
7.636635e+00
7.638479e+00
7.640323e+00
7.642167e+00
7.644010e+00
7.645854e+00
7.647698e+00
7.649541e+00
7.651386e+00
7.653229e+00
7.655073e+00
7.656917e+00
7.658761e+00
7.660605e+00
7.662449e+00
7.664292e+00
7.666136e+00
7.667980e+00
7.669823e+00
7.671667e+00
7.673511e+00
7.675355e+00
7.677199e+00
7.679043e+00
7.680886e+00
7.682730e+00
7.684574e+00
7.686417e+00
7.688262e+00
7.690105e+00
7.691949e+00
7.693793e+00
7.695637e+00
7.697481e+00
7.699325e+00
7.701168e+00
7.703012e+00
7.704856e+00
7.706699e+00
7.708543e+00
7.710387e+00
7.712231e+00
7.714075e+00
7.715919e+00
7.717762e+00
7.719606e+00
7.721450e+00
7.723293e+00
7.725137e+00
7.726981e+00
7.728825e+00
7.730669e+00
7.732513e+00
7.734356e+00
7.736201e+00
7.738044e+00
7.739888e+00
7.741732e+00
7.743575e+00
7.745419e+00
7.747263e+00
7.749107e+00
7.750951e+00
7.752795e+00
7.754638e+00
7.756482e+00
7.758326e+00
7.760170e+00
7.762013e+00
7.763857e+00
7.765701e+00
7.767545e+00
7.769389e+00
7.771232e+00
7.773077e+00
7.774920e+00
7.776764e+00
7.778608e+00
7.780451e+00
7.782295e+00
7.784139e+00
7.785983e+00
7.787827e+00
7.789671e+00
7.791514e+00
7.793358e+00
7.795202e+00
7.797046e+00
7.798889e+00
7.800733e+00
7.802577e+00
7.804420e+00
7.806265e+00
7.808108e+00
7.809953e+00
7.811796e+00
7.813640e+00
7.815484e+00
7.817327e+00
7.819171e+00
7.821015e+00
7.822859e+00
7.824703e+00
7.826547e+00
7.828390e+00
7.830234e+00
7.832078e+00
7.833922e+00
7.835765e+00
7.837609e+00
7.839453e+00
7.841296e+00
7.843141e+00
7.844984e+00
7.846828e+00
7.848672e+00
7.850516e+00
7.852360e+00
7.854204e+00
7.856047e+00
7.857891e+00
7.859735e+00
7.861579e+00
7.863423e+00
7.865266e+00
7.867110e+00
7.868954e+00
7.870798e+00
7.872641e+00
7.874485e+00
7.876329e+00
7.878172e+00
7.880016e+00
7.881860e+00
7.883704e+00
7.885548e+00
7.887392e+00
7.889235e+00
7.891080e+00
7.892923e+00
7.894767e+00
7.896611e+00
7.898454e+00
7.900299e+00
7.902142e+00
7.903986e+00
7.905830e+00
7.907674e+00
7.909517e+00
7.911361e+00
7.913205e+00
7.915048e+00
7.916892e+00
7.918736e+00
7.920580e+00
7.922424e+00
7.924268e+00
7.926111e+00
7.927956e+00
7.929799e+00
7.931643e+00
7.933487e+00
7.935330e+00
7.937175e+00
7.939018e+00
7.940862e+00
7.942706e+00
7.944550e+00
7.946393e+00
7.948237e+00
7.950081e+00
7.951924e+00
7.953768e+00
7.955612e+00
7.957456e+00
7.959300e+00
7.961144e+00
7.962987e+00
7.964832e+00
7.966675e+00
7.968519e+00
7.970363e+00
7.972206e+00
7.974051e+00
7.975894e+00
7.977738e+00
7.979582e+00
7.981426e+00
7.983269e+00
7.985113e+00
7.986957e+00
7.988800e+00
7.990644e+00
7.992488e+00
7.994332e+00
7.996176e+00
7.998020e+00
7.999863e+00
8.001707e+00
8.003551e+00
8.005395e+00
8.007239e+00
8.009082e+00
8.010926e+00
8.012770e+00
8.014614e+00
8.016458e+00
8.018302e+00
8.020145e+00
8.021989e+00
8.023833e+00
8.025676e+00
8.027520e+00
8.029364e+00
8.031208e+00
8.033052e+00
8.034896e+00
8.036739e+00
8.038583e+00
8.040427e+00
8.042271e+00
8.044115e+00
8.045958e+00
8.047802e+00
8.049646e+00
8.051490e+00
8.053333e+00
8.055178e+00
8.057021e+00
8.058865e+00
8.060709e+00
8.062553e+00
8.064396e+00
8.066240e+00
8.068084e+00
8.069928e+00
8.071772e+00
8.073615e+00
8.075459e+00
8.077303e+00
8.079147e+00
8.080990e+00
8.082834e+00
8.084678e+00
8.086522e+00
8.088366e+00
8.090209e+00
8.092054e+00
8.093897e+00
8.095741e+00
8.097585e+00
8.099429e+00
8.101272e+00
8.103116e+00
8.104960e+00
8.106804e+00
8.108648e+00
8.110491e+00
8.112335e+00
8.114179e+00
8.116023e+00
8.117866e+00
8.119711e+00
8.121554e+00
8.123397e+00
8.125242e+00
8.127085e+00
8.128930e+00
8.130773e+00
8.132617e+00
8.134461e+00
8.136305e+00
8.138148e+00
8.139992e+00
8.141836e+00
8.143680e+00
8.145524e+00
8.147367e+00
8.149211e+00
8.151055e+00
8.152899e+00
8.154742e+00
8.156587e+00
8.158430e+00
8.160273e+00
8.162118e+00
8.163961e+00
8.165805e+00
8.167649e+00
8.169493e+00
8.171337e+00
8.173181e+00
8.175024e+00
8.176868e+00
8.178712e+00
8.180556e+00
8.182400e+00
8.184243e+00
8.186087e+00
8.187931e+00
8.189775e+00
8.191618e+00
8.193462e+00
8.195306e+00
8.197149e+00
8.198994e+00
8.200837e+00
8.202681e+00
8.204525e+00
8.206369e+00
8.208213e+00
8.210057e+00
8.211900e+00
