5.201000e-04
5.835367e-04
6.469733e-04
7.104100e-04
7.738469e-04
8.372831e-04
9.007200e-04
9.641569e-04
1.027593e-03
1.091030e-03
1.154467e-03
1.217903e-03
1.281340e-03
1.344777e-03
1.408213e-03
1.471650e-03
1.535087e-03
1.598523e-03
1.661960e-03
1.725397e-03
1.788833e-03
1.852270e-03
1.915707e-03
1.979143e-03
2.042580e-03
2.106017e-03
2.169453e-03
2.232890e-03
2.296327e-03
2.359763e-03
2.423200e-03
2.511328e-03
2.599455e-03
2.687583e-03
2.775710e-03
2.863837e-03
2.951965e-03
3.040093e-03
3.128220e-03
3.216348e-03
3.304475e-03
3.392602e-03
3.480730e-03
3.568858e-03
3.656985e-03
3.745112e-03
3.833240e-03
3.921367e-03
4.009495e-03
4.097623e-03
4.185750e-03
4.297252e-03
4.408755e-03
4.520258e-03
4.631760e-03
4.743263e-03
4.854765e-03
4.966268e-03
5.077770e-03
5.189272e-03
5.300775e-03
5.412277e-03
5.523780e-03
5.635282e-03
5.746785e-03
5.858287e-03
5.969790e-03
6.081293e-03
6.192795e-03
6.251893e-03
6.415800e-03
6.579707e-03
6.743613e-03
6.907520e-03
7.071427e-03
7.235333e-03
7.399240e-03
7.563147e-03
7.727053e-03
7.890960e-03
8.054867e-03
8.218773e-03
8.382680e-03
8.546587e-03
8.710493e-03
8.874400e-03
9.038307e-03
9.202213e-03
9.366120e-03
9.530027e-03
9.693931e-03
9.857840e-03
1.002175e-02
1.018565e-02
1.034956e-02
1.051347e-02
1.067737e-02
1.084128e-02
1.100519e-02
1.116909e-02
1.133300e-02
1.144194e-02
1.155088e-02
1.165982e-02
1.176876e-02
1.187770e-02
1.198664e-02
1.209558e-02
1.220452e-02
1.231346e-02
1.242240e-02
1.253134e-02
1.264028e-02
1.274922e-02
1.285816e-02
1.296710e-02
1.307604e-02
1.318498e-02
1.329392e-02
1.340286e-02
1.351180e-02
1.362074e-02
1.372968e-02
1.383862e-02
1.394756e-02
1.405650e-02
1.416544e-02
1.427438e-02
1.438332e-02
1.449226e-02
1.460120e-02
1.471014e-02
1.481908e-02
1.492802e-02
1.503696e-02
1.514590e-02
1.525484e-02
1.536378e-02
1.547272e-02
1.558166e-02
1.569060e-02
1.579954e-02
1.590848e-02
1.601742e-02
1.612636e-02
1.623530e-02
1.634424e-02
1.645318e-02
1.656212e-02
1.667106e-02
1.678000e-02
1.693805e-02
1.709610e-02
1.725415e-02
1.741220e-02
1.757025e-02
1.772830e-02
1.788635e-02
1.804440e-02
1.820245e-02
1.836050e-02
1.851855e-02
1.867660e-02
1.883465e-02
1.899270e-02
1.915075e-02
1.930880e-02
1.946685e-02
1.962490e-02
1.978295e-02
1.994100e-02
2.009905e-02
2.025710e-02
2.041515e-02
2.057320e-02
2.073125e-02
2.088930e-02
2.104735e-02
2.120540e-02
2.136345e-02
2.152150e-02
2.167955e-02
2.183760e-02
2.199565e-02
2.215370e-02
2.231175e-02
2.246980e-02
2.262785e-02
2.278590e-02
2.294395e-02
2.310200e-02
2.326005e-02
2.341810e-02
2.357615e-02
2.373420e-02
2.389225e-02
2.405030e-02
2.420835e-02
2.436640e-02
2.452445e-02
2.468250e-02
2.466274e-02
2.464297e-02
2.462320e-02
2.460344e-02
2.458367e-02
2.456391e-02
2.454414e-02
2.452438e-02
2.450462e-02
2.448485e-02
2.446509e-02
2.444532e-02
2.442555e-02
2.440579e-02
2.438602e-02
2.436626e-02
2.434649e-02
2.432673e-02
2.430696e-02
2.428720e-02
2.426744e-02
2.424767e-02
2.422791e-02
2.420814e-02
2.418837e-02
2.416861e-02
2.414884e-02
2.412908e-02
2.410931e-02
2.408955e-02
2.406978e-02
2.405002e-02
2.403026e-02
2.401049e-02
2.399073e-02
2.397096e-02
2.395120e-02
2.393143e-02
2.391167e-02
2.389190e-02
2.387213e-02
2.385237e-02
2.383260e-02
2.381284e-02
2.379308e-02
2.377331e-02
2.375355e-02
2.373378e-02
2.371402e-02
2.369425e-02
2.367448e-02
2.365472e-02
2.363495e-02
2.361519e-02
2.359542e-02
2.357566e-02
2.355590e-02
2.353613e-02
2.351637e-02
2.349660e-02
2.347684e-02
2.345707e-02
2.343730e-02
2.341754e-02
2.339777e-02
2.337801e-02
2.335824e-02
2.333848e-02
2.331872e-02
2.329895e-02
2.327919e-02
2.325942e-02
2.323965e-02
2.321989e-02
2.320012e-02
2.318036e-02
2.316059e-02
2.314083e-02
2.312106e-02
2.310130e-02
2.308154e-02
2.306177e-02
2.304201e-02
2.302224e-02
2.300247e-02
2.298271e-02
2.296295e-02
2.294318e-02
2.292341e-02
2.290365e-02
2.288388e-02
2.286412e-02
2.284436e-02
2.282459e-02
2.280483e-02
2.278506e-02
2.276530e-02
2.274553e-02
2.272577e-02
2.270600e-02
2.282164e-02
2.293728e-02
2.305292e-02
2.316856e-02
2.328420e-02
2.339984e-02
2.351548e-02
2.363112e-02
2.374676e-02
2.386240e-02
2.397804e-02
2.409368e-02
2.420932e-02
2.432496e-02
2.444060e-02
2.455624e-02
2.467188e-02
2.478752e-02
2.490316e-02
2.501880e-02
2.513444e-02
2.525008e-02
2.536572e-02
2.548136e-02
2.559700e-02
2.571264e-02
2.582828e-02
2.594392e-02
2.605956e-02
2.617520e-02
2.629084e-02
2.640648e-02
2.652212e-02
2.663776e-02
2.675340e-02
2.686904e-02
2.698468e-02
2.710032e-02
2.721596e-02
2.733160e-02
2.744724e-02
2.756288e-02
2.767852e-02
2.779416e-02
2.790980e-02
2.802544e-02
2.814108e-02
2.825672e-02
2.837236e-02
2.848800e-02
2.860364e-02
2.871928e-02
2.883492e-02
2.895056e-02
2.906620e-02
2.918184e-02
2.929748e-02
2.941312e-02
2.952876e-02
2.964440e-02
2.976004e-02
2.987568e-02
2.999132e-02
3.010696e-02
3.022260e-02
3.033824e-02
3.045388e-02
3.056952e-02
3.068516e-02
3.080080e-02
3.091644e-02
3.103208e-02
3.114772e-02
3.126336e-02
3.137900e-02
3.149464e-02
3.161028e-02
3.172592e-02
3.184156e-02
3.195720e-02
3.207284e-02
3.218848e-02
3.230412e-02
3.241976e-02
3.253540e-02
3.265104e-02
3.276668e-02
3.288232e-02
3.299796e-02
3.311360e-02
3.322924e-02
3.334488e-02
3.346052e-02
3.357616e-02
3.369180e-02
3.380744e-02
3.392308e-02
3.403872e-02
3.415436e-02
3.427000e-02
3.439863e-02
3.452725e-02
3.465588e-02
3.478451e-02
3.491314e-02
3.504177e-02
3.517039e-02
3.529902e-02
3.542765e-02
3.555627e-02
3.568490e-02
3.581353e-02
3.594216e-02
3.607079e-02
3.619941e-02
3.632804e-02
3.645667e-02
3.658529e-02
3.671392e-02
3.684255e-02
3.697118e-02
3.709980e-02
3.722843e-02
3.735706e-02
3.748569e-02
3.761431e-02
3.774294e-02
3.787157e-02
3.800020e-02
3.812882e-02
3.825745e-02
3.838608e-02
3.851471e-02
3.864334e-02
3.877196e-02
3.890059e-02
3.902922e-02
3.915785e-02
3.928647e-02
3.941510e-02
3.954373e-02
3.967235e-02
3.980098e-02
3.992961e-02
4.005824e-02
4.018687e-02
4.031549e-02
4.044412e-02
4.057275e-02
4.070137e-02
4.083000e-02
4.095863e-02
4.108726e-02
4.121589e-02
4.134451e-02
4.147314e-02
4.160177e-02
4.173040e-02
4.185902e-02
4.198765e-02
4.211628e-02
4.224490e-02
4.237353e-02
4.250216e-02
4.263079e-02
4.275942e-02
4.288804e-02
4.301667e-02
4.314530e-02
4.327392e-02
4.340255e-02
4.353118e-02
4.365981e-02
4.378844e-02
4.391706e-02
4.404569e-02
4.417432e-02
4.430295e-02
4.443157e-02
4.456020e-02
4.468883e-02
4.481745e-02
4.494608e-02
4.507471e-02
4.520334e-02
4.533197e-02
4.546059e-02
4.558922e-02
4.571785e-02
4.584647e-02
4.597510e-02
4.610373e-02
4.623236e-02
4.636099e-02
4.648961e-02
4.661824e-02
4.674687e-02
4.687550e-02
4.700412e-02
4.713275e-02
4.726138e-02
4.739000e-02
4.751863e-02
4.764726e-02
4.777589e-02
4.790452e-02
4.803314e-02
4.816177e-02
4.829040e-02
4.841902e-02
4.854765e-02
4.867628e-02
4.880491e-02
4.893354e-02
4.906216e-02
4.919079e-02
4.931942e-02
4.944805e-02
4.957667e-02
4.970530e-02
4.983393e-02
4.996255e-02
5.009118e-02
5.021981e-02
5.034844e-02
5.047707e-02
5.060569e-02
5.073432e-02
5.086295e-02
5.099157e-02
5.112020e-02
5.124883e-02
5.137746e-02
5.150609e-02
5.163471e-02
5.176334e-02
5.189197e-02
5.202060e-02
5.214922e-02
5.227785e-02
5.240648e-02
5.253510e-02
5.266373e-02
5.279236e-02
5.292099e-02
5.304962e-02
5.317824e-02
5.330687e-02
5.343550e-02
5.356412e-02
5.369275e-02
5.382138e-02
5.395001e-02
5.407863e-02
5.420726e-02
5.433589e-02
5.446452e-02
5.459315e-02
5.472177e-02
5.485040e-02
5.497903e-02
5.510765e-02
5.523628e-02
5.536491e-02
5.549354e-02
5.562217e-02
5.575079e-02
5.587942e-02
5.600805e-02
5.613667e-02
5.626530e-02
5.639393e-02
5.652256e-02
5.665118e-02
5.677981e-02
5.690844e-02
5.703707e-02
5.716570e-02
5.729432e-02
5.742295e-02
5.755158e-02
5.768020e-02
5.780883e-02
5.793746e-02
5.806609e-02
5.819472e-02
5.832334e-02
5.845197e-02
5.858060e-02
5.870922e-02
5.883785e-02
5.896648e-02
5.909511e-02
5.922373e-02
5.935236e-02
5.948099e-02
5.960962e-02
5.973824e-02
5.986687e-02
5.999550e-02
6.018383e-02
6.037215e-02
6.056048e-02
6.074880e-02
6.093713e-02
6.112545e-02
6.131378e-02
6.150210e-02
6.169043e-02
6.187875e-02
6.206707e-02
6.225540e-02
6.244372e-02
6.263205e-02
6.282037e-02
6.300870e-02
6.319703e-02
6.338535e-02
6.357367e-02
6.376200e-02
6.395033e-02
6.413865e-02
6.432697e-02
6.451530e-02
6.470363e-02
6.489195e-02
6.508027e-02
6.526860e-02
6.545692e-02
6.564525e-02
6.583358e-02
6.602190e-02
6.621022e-02
6.639855e-02
6.658687e-02
6.677520e-02
6.696352e-02
6.715185e-02
6.734018e-02
6.752850e-02
6.771682e-02
6.790515e-02
6.809348e-02
6.828180e-02
6.847012e-02
6.865845e-02
6.884677e-02
6.903510e-02
6.922342e-02
6.941175e-02
6.960007e-02
6.978840e-02
6.997673e-02
7.016505e-02
7.035337e-02
7.054170e-02
7.073003e-02
7.091835e-02
7.110668e-02
7.129500e-02
7.148333e-02
7.167165e-02
7.185998e-02
7.204830e-02
7.223662e-02
7.242495e-02
7.261328e-02
7.280160e-02
7.298993e-02
7.317825e-02
7.336658e-02
7.355490e-02
7.374322e-02
7.393155e-02
7.411988e-02
7.430820e-02
7.449652e-02
7.468485e-02
7.487318e-02
7.506150e-02
7.524983e-02
7.543815e-02
7.562647e-02
7.581480e-02
7.600313e-02
7.619145e-02
7.637977e-02
7.656810e-02
7.675643e-02
7.694475e-02
7.713307e-02
7.732140e-02
7.750973e-02
7.769805e-02
7.788638e-02
7.807470e-02
7.826302e-02
7.845135e-02
7.863968e-02
7.882800e-02
7.984199e-02
8.085598e-02
8.186997e-02
8.288396e-02
8.389796e-02
8.491195e-02
8.592594e-02
8.693993e-02
8.795392e-02
8.896791e-02
8.998190e-02
9.099589e-02
9.200989e-02
9.302388e-02
9.403787e-02
9.505186e-02
9.606585e-02
9.707984e-02
9.809383e-02
9.910782e-02
1.001218e-01
1.011358e-01
1.021498e-01
1.031638e-01
1.041778e-01
1.051918e-01
1.062058e-01
1.072198e-01
1.082337e-01
1.092477e-01
1.102617e-01
1.112757e-01
1.122897e-01
1.133037e-01
1.143177e-01
1.153317e-01
1.163457e-01
1.173597e-01
1.183737e-01
1.193876e-01
1.204016e-01
1.214156e-01
1.224296e-01
1.234436e-01
1.244576e-01
1.254716e-01
1.264856e-01
1.274996e-01
1.285136e-01
1.295276e-01
1.305415e-01
1.315555e-01
1.325695e-01
1.335835e-01
1.345975e-01
1.356115e-01
1.366255e-01
1.376395e-01
1.386535e-01
1.396675e-01
1.406815e-01
1.416955e-01
1.427094e-01
1.437234e-01
1.447374e-01
1.457514e-01
1.467654e-01
1.477794e-01
1.487934e-01
1.498074e-01
1.508214e-01
1.518354e-01
1.528494e-01
1.538633e-01
1.548773e-01
1.558913e-01
1.569053e-01
1.579193e-01
1.589333e-01
1.599473e-01
1.609613e-01
1.619753e-01
1.629893e-01
1.640033e-01
1.650172e-01
1.660312e-01
1.670452e-01
1.680592e-01
1.690732e-01
1.700872e-01
1.711012e-01
1.721152e-01
1.731292e-01
1.741432e-01
1.751572e-01
1.761712e-01
1.771851e-01
1.781991e-01
1.792131e-01
1.802271e-01
1.812411e-01
1.822551e-01
1.832691e-01
1.842831e-01
1.852971e-01
1.863111e-01
1.873251e-01
1.883390e-01
1.893530e-01
1.903670e-01
1.913810e-01
1.923950e-01
1.934090e-01
1.944230e-01
1.954370e-01
1.964510e-01
1.974650e-01
1.984790e-01
1.994929e-01
2.005069e-01
2.015209e-01
2.025349e-01
2.035489e-01
2.045629e-01
2.055769e-01
2.065909e-01
2.076049e-01
2.086189e-01
2.096329e-01
2.106469e-01
2.116608e-01
2.126748e-01
2.136888e-01
2.147028e-01
2.157168e-01
2.167308e-01
2.177448e-01
2.187588e-01
2.197728e-01
2.207868e-01
2.218008e-01
2.228147e-01
2.238287e-01
2.248427e-01
2.258567e-01
2.268707e-01
2.278847e-01
2.288987e-01
2.299127e-01
2.309267e-01
2.319407e-01
2.329547e-01
2.339686e-01
2.349826e-01
2.359966e-01
2.370106e-01
2.380246e-01
2.390386e-01
2.400526e-01
2.410666e-01
2.420806e-01
2.430946e-01
2.441086e-01
2.451225e-01
2.461365e-01
2.471505e-01
2.481645e-01
2.491785e-01
2.501925e-01
2.512065e-01
2.522205e-01
2.532345e-01
2.542485e-01
2.552625e-01
2.562765e-01
2.572904e-01
2.583044e-01
2.593184e-01
2.603324e-01
2.613464e-01
2.623604e-01
2.633744e-01
2.643884e-01
2.654024e-01
2.664164e-01
2.674304e-01
2.684443e-01
2.694583e-01
2.704723e-01
2.714863e-01
2.725003e-01
2.735143e-01
2.745283e-01
2.755423e-01
2.765563e-01
2.775703e-01
2.785843e-01
2.795982e-01
2.806122e-01
2.816262e-01
2.826402e-01
2.836542e-01
2.846682e-01
2.856822e-01
2.866962e-01
2.877102e-01
2.887242e-01
2.897382e-01
2.907522e-01
2.917661e-01
2.927801e-01
2.937941e-01
2.948081e-01
2.958221e-01
2.968361e-01
2.978501e-01
2.988641e-01
2.998781e-01
3.008921e-01
3.019061e-01
3.029200e-01
3.039340e-01
3.049480e-01
3.059620e-01
3.069760e-01
3.079900e-01
3.090040e-01
3.100180e-01
3.110320e-01
3.120460e-01
3.130600e-01
3.140739e-01
3.150879e-01
3.161019e-01
3.171159e-01
3.181299e-01
3.191439e-01
3.201579e-01
3.211719e-01
3.221859e-01
3.231999e-01
3.242139e-01
3.252279e-01
3.262418e-01
3.272558e-01
3.282698e-01
3.292838e-01
3.302978e-01
3.313118e-01
3.323258e-01
3.333398e-01
3.343538e-01
3.353678e-01
3.363818e-01
3.373957e-01
3.384097e-01
3.394237e-01
3.404377e-01
3.414517e-01
3.424657e-01
3.434797e-01
3.444937e-01
3.455077e-01
3.465217e-01
3.475357e-01
3.485496e-01
3.495636e-01
3.505776e-01
3.515916e-01
3.526056e-01
3.536196e-01
3.546336e-01
3.556476e-01
3.566616e-01
3.576756e-01
3.586896e-01
3.597035e-01
3.607175e-01
3.617315e-01
3.627455e-01
3.637595e-01
3.647735e-01
3.657875e-01
3.668015e-01
3.678155e-01
3.688295e-01
3.698435e-01
3.708575e-01
3.718714e-01
3.728854e-01
3.738994e-01
3.749134e-01
3.759274e-01
3.769414e-01
3.779554e-01
3.789694e-01
3.799834e-01
3.809974e-01
3.820114e-01
3.830253e-01
3.840393e-01
3.850533e-01
3.860673e-01
3.870813e-01
3.880953e-01
3.891093e-01
3.901233e-01
3.911373e-01
3.921513e-01
3.931653e-01
3.941792e-01
3.951932e-01
3.962072e-01
3.972212e-01
3.982352e-01
3.992492e-01
4.002632e-01
4.012772e-01
4.022912e-01
4.033052e-01
4.043192e-01
4.053332e-01
4.063471e-01
4.073611e-01
4.083751e-01
4.093891e-01
4.104031e-01
4.114171e-01
4.124311e-01
4.134451e-01
4.144591e-01
4.154731e-01
4.164871e-01
4.175010e-01
4.185150e-01
4.195290e-01
4.205430e-01
4.215570e-01
4.225710e-01
4.235850e-01
4.245990e-01
4.256130e-01
4.266270e-01
4.276410e-01
4.286549e-01
4.296689e-01
4.306829e-01
4.316969e-01
4.327109e-01
4.337249e-01
4.347389e-01
4.357529e-01
4.367669e-01
4.377809e-01
4.387949e-01
4.398089e-01
4.408228e-01
4.418368e-01
4.428508e-01
4.438648e-01
4.448788e-01
4.458928e-01
4.469068e-01
4.479208e-01
4.489348e-01
4.499488e-01
4.509628e-01
4.519767e-01
4.529907e-01
4.540047e-01
4.550187e-01
4.560327e-01
4.570467e-01
4.580607e-01
4.590747e-01
4.600887e-01
4.611027e-01
4.621167e-01
4.631306e-01
4.641446e-01
4.651586e-01
4.661726e-01
4.671866e-01
4.682006e-01
4.692146e-01
4.702286e-01
4.712426e-01
4.722566e-01
4.732706e-01
4.742846e-01
4.752985e-01
4.763125e-01
4.773265e-01
4.783405e-01
4.793545e-01
4.803685e-01
4.813825e-01
4.823965e-01
4.834105e-01
4.844245e-01
4.854385e-01
4.864524e-01
4.874664e-01
4.884804e-01
4.894944e-01
4.905084e-01
4.915224e-01
4.938104e-01
4.960983e-01
4.983862e-01
5.006741e-01
5.029620e-01
5.052500e-01
5.075379e-01
5.098258e-01
5.121137e-01
5.144016e-01
5.166895e-01
5.189775e-01
5.212654e-01
5.235533e-01
5.258412e-01
5.281291e-01
5.304170e-01
5.327050e-01
5.349929e-01
5.372808e-01
5.395687e-01
5.418566e-01
5.441446e-01
5.464325e-01
5.487204e-01
5.510083e-01
5.532962e-01
5.555841e-01
5.578721e-01
5.601600e-01
5.624479e-01
5.647358e-01
5.670237e-01
5.693116e-01
5.715996e-01
5.738875e-01
5.761754e-01
5.784633e-01
5.807512e-01
5.830392e-01
5.853271e-01
5.876150e-01
5.899029e-01
5.921908e-01
5.944787e-01
5.967667e-01
5.990546e-01
6.013425e-01
6.036304e-01
6.059183e-01
6.082063e-01
6.104942e-01
6.127821e-01
6.150700e-01
6.173579e-01
6.196458e-01
6.219338e-01
6.242217e-01
6.265096e-01
6.287975e-01
6.310854e-01
6.333733e-01
6.356613e-01
6.379492e-01
6.402371e-01
6.425250e-01
6.448129e-01
6.471009e-01
6.493888e-01
6.516767e-01
6.539646e-01
6.562525e-01
6.585404e-01
6.608284e-01
6.631163e-01
6.654042e-01
6.676921e-01
6.699800e-01
6.722679e-01
6.745559e-01
6.768438e-01
6.791317e-01
6.814196e-01
6.837075e-01
6.859955e-01
6.882834e-01
6.905713e-01
6.928592e-01
6.951471e-01
6.974350e-01
6.997230e-01
7.020109e-01
7.042988e-01
7.065867e-01
7.088746e-01
7.111626e-01
7.134505e-01
7.157384e-01
7.180263e-01
7.203142e-01
7.222741e-01
7.242341e-01
7.261940e-01
7.281539e-01
7.301138e-01
7.320737e-01
7.340336e-01
7.359936e-01
7.379535e-01
7.399134e-01
7.418734e-01
7.438332e-01
7.457931e-01
7.477531e-01
7.497130e-01
7.516729e-01
7.536329e-01
7.555928e-01
7.575527e-01
7.595126e-01
7.614725e-01
7.634324e-01
7.653924e-01
7.673523e-01
7.693122e-01
7.712722e-01
7.732320e-01
7.751919e-01
7.771519e-01
7.791118e-01
7.810717e-01
7.830317e-01
7.849916e-01
7.869515e-01
7.889114e-01
7.908713e-01
7.928312e-01
7.947912e-01
7.967511e-01
7.987110e-01
8.006709e-01
8.026308e-01
8.045907e-01
8.065507e-01
8.085106e-01
8.104705e-01
8.124305e-01
8.143903e-01
8.163502e-01
8.183102e-01
8.202701e-01
8.222300e-01
8.241900e-01
8.261499e-01
8.281098e-01
8.300697e-01
8.320296e-01
8.339895e-01
8.359495e-01
8.379094e-01
8.398693e-01
8.418292e-01
8.437891e-01
8.457490e-01
8.477090e-01
8.496689e-01
8.516288e-01
8.535888e-01
8.555487e-01
8.575085e-01
8.594685e-01
8.614284e-01
8.633883e-01
8.653483e-01
8.673082e-01
8.692681e-01
8.712280e-01
8.731879e-01
8.751478e-01
8.771078e-01
8.790677e-01
8.810276e-01
8.829875e-01
8.849474e-01
8.869073e-01
8.888673e-01
8.908272e-01
8.927871e-01
8.947471e-01
8.967070e-01
8.986669e-01
9.006268e-01
9.025867e-01
9.045466e-01
9.065066e-01
9.084665e-01
9.104264e-01
9.123863e-01
9.143462e-01
9.163061e-01
9.182661e-01
9.202260e-01
9.221859e-01
9.241459e-01
9.261057e-01
9.280657e-01
9.300256e-01
9.319855e-01
9.339454e-01
9.359054e-01
9.378653e-01
9.398252e-01
9.417851e-01
9.437450e-01
9.457049e-01
9.476649e-01
9.496248e-01
9.515847e-01
9.535446e-01
9.555045e-01
9.574644e-01
9.594244e-01
9.613843e-01
9.633442e-01
9.653042e-01
9.672641e-01
9.692239e-01
9.711839e-01
9.731438e-01
9.751037e-01
9.770637e-01
9.790236e-01
9.809835e-01
9.829434e-01
9.849033e-01
9.868632e-01
9.888232e-01
9.907831e-01
9.927430e-01
9.947032e-01
9.966629e-01
9.986225e-01
1.000583e+00
1.002543e+00
1.004502e+00
1.006463e+00
1.008422e+00
1.010382e+00
1.012342e+00
1.014302e+00
1.016262e+00
1.018222e+00
1.020182e+00
1.022141e+00
1.024102e+00
1.026062e+00
1.028021e+00
1.029982e+00
1.031941e+00
1.033901e+00
1.035861e+00
1.037821e+00
1.039781e+00
1.041741e+00
1.043701e+00
1.045660e+00
1.047621e+00
1.049581e+00
1.051540e+00
1.053501e+00
1.055460e+00
1.057420e+00
1.059380e+00
1.061340e+00
1.063300e+00
1.065260e+00
1.067220e+00
1.069180e+00
1.071140e+00
1.073100e+00
1.075059e+00
1.077020e+00
1.078979e+00
1.080939e+00
1.082899e+00
1.084859e+00
1.086819e+00
1.088779e+00
1.090739e+00
1.092699e+00
1.094659e+00
1.096619e+00
1.098578e+00
1.100539e+00
1.102499e+00
1.104458e+00
1.106419e+00
1.108378e+00
1.110338e+00
1.112298e+00
1.114258e+00
1.116656e+00
1.119054e+00
1.121452e+00
1.123850e+00
1.126248e+00
1.128646e+00
1.131044e+00
1.133442e+00
1.135840e+00
1.138238e+00
1.140636e+00
1.143034e+00
1.145432e+00
1.147830e+00
1.150228e+00
1.152625e+00
1.155024e+00
1.157422e+00
1.159820e+00
1.162218e+00
1.164616e+00
1.167013e+00
1.169412e+00
1.171810e+00
1.174208e+00
1.176606e+00
1.179004e+00
1.181401e+00
1.183800e+00
1.186198e+00
1.188595e+00
1.190994e+00
1.193392e+00
1.195789e+00
1.198188e+00
1.200586e+00
1.202983e+00
1.205382e+00
1.207780e+00
1.210177e+00
1.212576e+00
1.214974e+00
1.217371e+00
1.219770e+00
1.222168e+00
1.224565e+00
1.226964e+00
1.229361e+00
1.231759e+00
1.234158e+00
1.236555e+00
1.238953e+00
1.241352e+00
1.243749e+00
1.246147e+00
1.248546e+00
1.250943e+00
1.253341e+00
1.255740e+00
1.258137e+00
1.260535e+00
1.262934e+00
1.265331e+00
1.267729e+00
1.270128e+00
1.272525e+00
1.274923e+00
1.277322e+00
1.279719e+00
1.282117e+00
1.284516e+00
1.286913e+00
1.289311e+00
1.291710e+00
1.294107e+00
1.296505e+00
1.298903e+00
1.301301e+00
1.303699e+00
1.306097e+00
1.308495e+00
1.310893e+00
1.313291e+00
1.315689e+00
1.318087e+00
1.320485e+00
1.322883e+00
1.325281e+00
1.327679e+00
1.330077e+00
1.332475e+00
1.334873e+00
1.337271e+00
1.339669e+00
1.342067e+00
1.344465e+00
1.346863e+00
1.349261e+00
1.351659e+00
1.354057e+00
1.356455e+00
1.358853e+00
1.361251e+00
1.363649e+00
1.366047e+00
1.368445e+00
1.370843e+00
1.373241e+00
1.375638e+00
1.378037e+00
1.380435e+00
1.382833e+00
1.385231e+00
1.387629e+00
1.390026e+00
1.392425e+00
1.394823e+00
1.397221e+00
1.399619e+00
1.402017e+00
1.404414e+00
1.406813e+00
1.409211e+00
1.411608e+00
1.414007e+00
1.416405e+00
1.418803e+00
1.421201e+00
1.423599e+00
1.425996e+00
1.428395e+00
1.430793e+00
1.433191e+00
1.435589e+00
1.437987e+00
1.440384e+00
1.442783e+00
1.445180e+00
1.447579e+00
1.449977e+00
1.452374e+00
1.454772e+00
1.457171e+00
1.459568e+00
1.461966e+00
1.464365e+00
1.466762e+00
1.469160e+00
1.471559e+00
1.473956e+00
1.476354e+00
1.478753e+00
1.481150e+00
1.483549e+00
1.485947e+00
1.488344e+00
1.490742e+00
1.493141e+00
1.495538e+00
1.497937e+00
1.500335e+00
1.502732e+00
1.505130e+00
1.507529e+00
1.509926e+00
1.512324e+00
1.514722e+00
1.517120e+00
1.519518e+00
1.521916e+00
1.524314e+00
1.526712e+00
1.529110e+00
1.531508e+00
1.533906e+00
1.536304e+00
1.538702e+00
1.541100e+00
1.543498e+00
1.545896e+00
1.548294e+00
1.550692e+00
1.553090e+00
1.555488e+00
1.557886e+00
1.560284e+00
1.562682e+00
1.565080e+00
1.567478e+00
1.569876e+00
1.572274e+00
1.574672e+00
1.577070e+00
1.579468e+00
1.581866e+00
1.584264e+00
1.586662e+00
1.589060e+00
1.591458e+00
1.593856e+00
1.596254e+00
1.598651e+00
1.601050e+00
1.603448e+00
1.605846e+00
1.608244e+00
1.610642e+00
1.613040e+00
1.615438e+00
1.617836e+00
1.620234e+00
1.622632e+00
1.625030e+00
1.627428e+00
1.629826e+00
1.632224e+00
1.634621e+00
1.637020e+00
1.639418e+00
1.641816e+00
1.644214e+00
1.646612e+00
1.649009e+00
1.651408e+00
1.653806e+00
1.656204e+00
1.658602e+00
1.660999e+00
1.663397e+00
1.665796e+00
1.668193e+00
1.670592e+00
1.672990e+00
1.675387e+00
1.677786e+00
1.680184e+00
1.682581e+00
1.684979e+00
1.687378e+00
1.689775e+00
1.692174e+00
1.694572e+00
1.696969e+00
1.699367e+00
1.701766e+00
1.704163e+00
1.706562e+00
1.708960e+00
1.711357e+00
1.713755e+00
1.716154e+00
1.718551e+00
1.720950e+00
1.723348e+00
1.725745e+00
1.728143e+00
1.730541e+00
1.732939e+00
1.735337e+00
1.737735e+00
1.740133e+00
1.742532e+00
1.744929e+00
1.747327e+00
1.749725e+00
1.752123e+00
1.754521e+00
1.756920e+00
1.759317e+00
1.761715e+00
1.764113e+00
1.766511e+00
1.768909e+00
1.771308e+00
1.773705e+00
1.776103e+00
1.778501e+00
1.780899e+00
1.783297e+00
1.785695e+00
1.788093e+00
1.790491e+00
1.792889e+00
1.795287e+00
1.797685e+00
1.800083e+00
1.802481e+00
1.804879e+00
1.807277e+00
1.809675e+00
1.812073e+00
1.814471e+00
1.816869e+00
1.819267e+00
1.821665e+00
1.824063e+00
1.826461e+00
1.828859e+00
1.831257e+00
1.833655e+00
1.836053e+00
1.838451e+00
1.841801e+00
1.845151e+00
1.848501e+00
1.851851e+00
1.855202e+00
1.858552e+00
1.861902e+00
1.865252e+00
1.868602e+00
1.871953e+00
1.875303e+00
1.878653e+00
1.882003e+00
1.885353e+00
1.888703e+00
1.892054e+00
1.895404e+00
1.898754e+00
1.902104e+00
1.905454e+00
1.908805e+00
1.912155e+00
1.915504e+00
1.918855e+00
1.922205e+00
1.925555e+00
1.928906e+00
1.932255e+00
1.935606e+00
1.938956e+00
1.942306e+00
1.945657e+00
1.949006e+00
1.952356e+00
1.955707e+00
1.959057e+00
1.962407e+00
1.965758e+00
1.969107e+00
1.972458e+00
1.975808e+00
1.979158e+00
1.982509e+00
1.985858e+00
1.989208e+00
1.992559e+00
1.995909e+00
1.999259e+00
2.002609e+00
2.005959e+00
2.009310e+00
2.012660e+00
2.016010e+00
2.019360e+00
2.022710e+00
2.026060e+00
2.029411e+00
2.032761e+00
2.036110e+00
2.039461e+00
2.042811e+00
2.046162e+00
2.049512e+00
2.052862e+00
2.056212e+00
2.059562e+00
2.062912e+00
2.066263e+00
2.069613e+00
2.072962e+00
2.076313e+00
2.079663e+00
2.083013e+00
2.086363e+00
2.089713e+00
2.093064e+00
2.096414e+00
2.099764e+00
2.103114e+00
2.106464e+00
2.109814e+00
2.113165e+00
2.116515e+00
2.119865e+00
2.123215e+00
2.126565e+00
2.129916e+00
2.133266e+00
2.136616e+00
2.139966e+00
2.143316e+00
2.146666e+00
2.150017e+00
2.153367e+00
2.156717e+00
2.160067e+00
2.163417e+00
2.166768e+00
2.170118e+00
2.173468e+00
2.176818e+00
2.180168e+00
2.183518e+00
2.186868e+00
2.190218e+00
2.193568e+00
2.196919e+00
2.200269e+00
2.203619e+00
2.206969e+00
2.210319e+00
2.213670e+00
2.217020e+00
2.220370e+00
2.223720e+00
2.227070e+00
2.230420e+00
2.233771e+00
2.237121e+00
2.240471e+00
2.243821e+00
2.247171e+00
2.250522e+00
2.253872e+00
2.257222e+00
2.260572e+00
2.263922e+00
2.267272e+00
2.270623e+00
2.273972e+00
2.277323e+00
2.280673e+00
2.284023e+00
2.287374e+00
2.290723e+00
2.294073e+00
2.297424e+00
2.300774e+00
2.304124e+00
2.307475e+00
2.310824e+00
2.314175e+00
2.317525e+00
2.320875e+00
2.324226e+00
2.327575e+00
2.330925e+00
2.334276e+00
2.337626e+00
2.340976e+00
2.344326e+00
2.347676e+00
2.351027e+00
2.354377e+00
2.357727e+00
2.361077e+00
2.364427e+00
2.367777e+00
2.371128e+00
2.374478e+00
2.377827e+00
2.381178e+00
2.384528e+00
2.387879e+00
2.391229e+00
2.394579e+00
2.397929e+00
2.401279e+00
2.404629e+00
2.407980e+00
2.411330e+00
2.414679e+00
2.418030e+00
2.421380e+00
2.424731e+00
2.428081e+00
2.431430e+00
2.434781e+00
2.438131e+00
2.441481e+00
2.444832e+00
2.448181e+00
2.451531e+00
2.454882e+00
2.458232e+00
2.461583e+00
2.464932e+00
2.468282e+00
2.471633e+00
2.474983e+00
2.478333e+00
2.481683e+00
2.485033e+00
2.488383e+00
2.491734e+00
2.495084e+00
2.498434e+00
2.501784e+00
2.505134e+00
2.508485e+00
2.511835e+00
2.515074e+00
2.518313e+00
2.521552e+00
2.524791e+00
2.528031e+00
2.531270e+00
2.534509e+00
2.537749e+00
2.540987e+00
2.544226e+00
2.547466e+00
2.550705e+00
2.553944e+00
2.557184e+00
2.560423e+00
2.563662e+00
2.566900e+00
2.570140e+00
2.573379e+00
2.576618e+00
2.579858e+00
2.583097e+00
2.586336e+00
2.589575e+00
2.592814e+00
2.596053e+00
2.599293e+00
2.602532e+00
2.605771e+00
2.609011e+00
2.612249e+00
2.615488e+00
2.618728e+00
2.621967e+00
2.625206e+00
2.628446e+00
2.631685e+00
2.634924e+00
2.638163e+00
2.641402e+00
2.644641e+00
2.647881e+00
2.651120e+00
2.654359e+00
2.657598e+00
2.660837e+00
2.664076e+00
2.667316e+00
2.670555e+00
2.673794e+00
2.677033e+00
2.680273e+00
2.683511e+00
2.686750e+00
2.689990e+00
2.693229e+00
2.696468e+00
2.699708e+00
2.702947e+00
2.706185e+00
2.709425e+00
2.712664e+00
2.715903e+00
2.719143e+00
2.722382e+00
2.725621e+00
2.728860e+00
2.732099e+00
2.735338e+00
2.738578e+00
2.741817e+00
2.745056e+00
2.748296e+00
2.751535e+00
2.754773e+00
2.758013e+00
2.761252e+00
2.764491e+00
2.767731e+00
2.770970e+00
2.774209e+00
2.777448e+00
2.780687e+00
2.783926e+00
2.787165e+00
2.790405e+00
2.793644e+00
2.796883e+00
2.800122e+00
2.803361e+00
2.806600e+00
2.809840e+00
2.813079e+00
2.816318e+00
2.819558e+00
2.822796e+00
2.826036e+00
2.829275e+00
2.832514e+00
2.835753e+00
2.838993e+00
2.842232e+00
2.845471e+00
2.848710e+00
2.851949e+00
2.855188e+00
2.858428e+00
2.861667e+00
2.864906e+00
2.868145e+00
2.871384e+00
2.874623e+00
2.877863e+00
2.881102e+00
2.884341e+00
2.887581e+00
2.890820e+00
2.894058e+00
2.897298e+00
2.900537e+00
2.903776e+00
2.907015e+00
2.910255e+00
2.913494e+00
2.916733e+00
2.919972e+00
2.923211e+00
2.926450e+00
2.929690e+00
2.932929e+00
2.936168e+00
2.939407e+00
2.942647e+00
2.945885e+00
2.949125e+00
2.952364e+00
2.955603e+00
2.958843e+00
2.962082e+00
2.965321e+00
2.968560e+00
2.971799e+00
2.975038e+00
2.978278e+00
2.981517e+00
2.984756e+00
2.987995e+00
2.991234e+00
2.994473e+00
2.997713e+00
3.000952e+00
3.004191e+00
3.007430e+00
3.010669e+00
3.013909e+00
3.017147e+00
3.020387e+00
3.023626e+00
3.026865e+00
3.030105e+00
3.033344e+00
3.036583e+00
3.039822e+00
3.043061e+00
3.046300e+00
3.049540e+00
3.052779e+00
3.056018e+00
3.059258e+00
3.062496e+00
3.065735e+00
3.068975e+00
3.072214e+00
3.075453e+00
3.078693e+00
3.081932e+00
3.085170e+00
3.088410e+00
3.091649e+00
3.094888e+00
3.098128e+00
3.101367e+00
3.104606e+00
3.107845e+00
3.111084e+00
3.114323e+00
3.117562e+00
3.120802e+00
3.124041e+00
3.127280e+00
3.130519e+00
3.133758e+00
3.136997e+00
3.140237e+00
3.143476e+00
3.146715e+00
3.149955e+00
3.153194e+00
3.156432e+00
3.159672e+00
3.162911e+00
3.166613e+00
3.170314e+00
3.174015e+00
3.177717e+00
3.181418e+00
3.185120e+00
3.188821e+00
3.192522e+00
3.196224e+00
3.199925e+00
3.203627e+00
3.207328e+00
3.211029e+00
3.214731e+00
3.218432e+00
3.222133e+00
3.225835e+00
3.229536e+00
3.233238e+00
3.236939e+00
3.240640e+00
3.244342e+00
3.248044e+00
3.251745e+00
3.255446e+00
3.259148e+00
3.262849e+00
3.266550e+00
3.270252e+00
3.273953e+00
3.277655e+00
3.281356e+00
3.285057e+00
3.288759e+00
3.292460e+00
3.296162e+00
3.299863e+00
3.303564e+00
3.307266e+00
3.310967e+00
3.314669e+00
3.318370e+00
3.322071e+00
3.325773e+00
3.329474e+00
3.333175e+00
3.336877e+00
3.340579e+00
3.344280e+00
3.347981e+00
3.351682e+00
3.355384e+00
3.359086e+00
3.362787e+00
3.366488e+00
3.370190e+00
3.373891e+00
3.377592e+00
3.381294e+00
3.384995e+00
3.388697e+00
3.392398e+00
3.396099e+00
3.399801e+00
3.403502e+00
3.407204e+00
3.410905e+00
3.414606e+00
3.418308e+00
3.422010e+00
3.425710e+00
3.429412e+00
3.433113e+00
3.436815e+00
3.440517e+00
3.444217e+00
3.447919e+00
3.451621e+00
3.455322e+00
3.459023e+00
3.462724e+00
3.466426e+00
3.470128e+00
3.473828e+00
3.477530e+00
3.481232e+00
3.484933e+00
3.488635e+00
3.492336e+00
3.496037e+00
3.499739e+00
3.503440e+00
3.507141e+00
3.510843e+00
3.514544e+00
3.518246e+00
3.521947e+00
3.525648e+00
3.529350e+00
3.533052e+00
3.536753e+00
3.540454e+00
3.544155e+00
3.547857e+00
3.551559e+00
3.555259e+00
3.558961e+00
3.562663e+00
3.566364e+00
3.570065e+00
3.573767e+00
3.577468e+00
3.581170e+00
3.584871e+00
3.588572e+00
3.592274e+00
3.595975e+00
3.599677e+00
3.603378e+00
3.607079e+00
3.610781e+00
3.614482e+00
3.618183e+00
3.621885e+00
3.625586e+00
3.629288e+00
3.632989e+00
3.636690e+00
3.640392e+00
3.644094e+00
3.647795e+00
3.651496e+00
3.655198e+00
3.658899e+00
3.662600e+00
3.666301e+00
3.670003e+00
3.673705e+00
3.677406e+00
3.681107e+00
3.684809e+00
3.688510e+00
3.692212e+00
3.695913e+00
3.699614e+00
3.703316e+00
3.707017e+00
3.710719e+00
3.714420e+00
3.718121e+00
3.721823e+00
3.725524e+00
3.729225e+00
3.732927e+00
3.736629e+00
3.740330e+00
3.744031e+00
3.747732e+00
3.751434e+00
3.755136e+00
3.758837e+00
3.762538e+00
3.766240e+00
3.769941e+00
3.773642e+00
3.777344e+00
3.781045e+00
3.784747e+00
3.788448e+00
3.792149e+00
3.795851e+00
3.799552e+00
3.803254e+00
3.806955e+00
3.810656e+00
3.814358e+00
3.818060e+00
3.821760e+00
3.825462e+00
3.829163e+00
3.832865e+00
3.836566e+00
3.840267e+00
3.843969e+00
3.847671e+00
3.851372e+00
3.855073e+00
3.858775e+00
3.862476e+00
3.866178e+00
3.869878e+00
3.873580e+00
3.877282e+00
3.880983e+00
3.884684e+00
3.888386e+00
3.892087e+00
3.895789e+00
3.899491e+00
3.903191e+00
3.906893e+00
3.910594e+00
3.914296e+00
3.917997e+00
3.921698e+00
3.925400e+00
3.929102e+00
3.932802e+00
3.936504e+00
3.940206e+00
3.943907e+00
3.947609e+00
3.951309e+00
3.955011e+00
3.958713e+00
3.962414e+00
3.966115e+00
3.969817e+00
3.973518e+00
3.977220e+00
3.980921e+00
3.984622e+00
3.988324e+00
3.992025e+00
3.995727e+00
3.999428e+00
4.003129e+00
4.006831e+00
4.010532e+00
4.014233e+00
4.017935e+00
4.021636e+00
4.025338e+00
4.029039e+00
4.032740e+00
4.036442e+00
4.040144e+00
4.043845e+00
4.047546e+00
4.051248e+00
4.054949e+00
4.058650e+00
4.062351e+00
4.066053e+00
4.069755e+00
4.073456e+00
4.077157e+00
4.080859e+00
4.084560e+00
4.088262e+00
4.091963e+00
4.095664e+00
4.099366e+00
4.103067e+00
4.106769e+00
4.110470e+00
4.114171e+00
4.117873e+00
4.121574e+00
4.125275e+00
4.128977e+00
4.132679e+00
4.136380e+00
4.140081e+00
4.143782e+00
4.147484e+00
4.151185e+00
4.154887e+00
4.158588e+00
4.162290e+00
4.165991e+00
4.169692e+00
4.173394e+00
4.177095e+00
4.180797e+00
4.184498e+00
4.188199e+00
4.191901e+00
4.195602e+00
4.199304e+00
4.203005e+00
4.206706e+00
4.210408e+00
4.214110e+00
4.217810e+00
4.221512e+00
4.225213e+00
4.228915e+00
4.232616e+00
4.236317e+00
4.240019e+00
4.243721e+00
4.247422e+00
4.251123e+00
4.254825e+00
4.258526e+00
4.262228e+00
4.265928e+00
4.269630e+00
4.273332e+00
4.277033e+00
4.280734e+00
4.284781e+00
4.288828e+00
4.292875e+00
4.296923e+00
4.300970e+00
4.305016e+00
4.309063e+00
4.313110e+00
4.317157e+00
4.321204e+00
4.325252e+00
4.329299e+00
4.333345e+00
4.337392e+00
4.341439e+00
4.345486e+00
4.349533e+00
4.353581e+00
4.357627e+00
4.361674e+00
4.365721e+00
4.369768e+00
4.373815e+00
4.377862e+00
4.381909e+00
4.385956e+00
4.390003e+00
4.394050e+00
4.398097e+00
4.402144e+00
4.406191e+00
4.410238e+00
4.414285e+00
4.418332e+00
4.422379e+00
4.426426e+00
4.430473e+00
4.434520e+00
4.438567e+00
4.442614e+00
4.446661e+00
4.450708e+00
4.454755e+00
4.458802e+00
4.462849e+00
4.466896e+00
4.470943e+00
4.474990e+00
4.479037e+00
4.483084e+00
4.487131e+00
4.491178e+00
4.495225e+00
4.499272e+00
4.503319e+00
4.507366e+00
4.511413e+00
4.515460e+00
4.519507e+00
4.523554e+00
4.527601e+00
4.531648e+00
4.535695e+00
4.539742e+00
4.543788e+00
4.547835e+00
4.551883e+00
4.555930e+00
4.559977e+00
4.564024e+00
4.568071e+00
4.572117e+00
4.576164e+00
4.580212e+00
4.584259e+00
4.588306e+00
4.592353e+00
4.596400e+00
4.600446e+00
4.604493e+00
4.608541e+00
4.612588e+00
4.616635e+00
4.620682e+00
4.624728e+00
4.628775e+00
4.632822e+00
4.636870e+00
4.640917e+00
4.644964e+00
4.649010e+00
4.653057e+00
4.657104e+00
4.661151e+00
4.665199e+00
4.669246e+00
4.673293e+00
4.677339e+00
4.681386e+00
4.685433e+00
4.689480e+00
4.693528e+00
4.697575e+00
4.701622e+00
4.705668e+00
4.709715e+00
4.713762e+00
4.717809e+00
4.721857e+00
4.725903e+00
4.729950e+00
4.733997e+00
4.738044e+00
4.742091e+00
4.746138e+00
4.750186e+00
4.754232e+00
4.758279e+00
4.762326e+00
4.766373e+00
4.770420e+00
4.774467e+00
4.778515e+00
4.782561e+00
4.786608e+00
4.790655e+00
4.794702e+00
4.798749e+00
4.802797e+00
4.806843e+00
4.810890e+00
4.814937e+00
4.818984e+00
4.823031e+00
4.827078e+00
4.831125e+00
4.835172e+00
4.839219e+00
4.843266e+00
4.847313e+00
4.851360e+00
4.855407e+00
4.859454e+00
4.863501e+00
4.867548e+00
4.871595e+00
4.875642e+00
4.879689e+00
4.883736e+00
4.887783e+00
4.891830e+00
4.895877e+00
4.899924e+00
4.903971e+00
4.908018e+00
4.912064e+00
4.916112e+00
4.920159e+00
4.924206e+00
4.928253e+00
4.932300e+00
4.936347e+00
4.940394e+00
4.944441e+00
4.948488e+00
4.952535e+00
4.956582e+00
4.960629e+00
4.964676e+00
4.968723e+00
4.972770e+00
4.976817e+00
4.980864e+00
4.984911e+00
4.988958e+00
4.993004e+00
4.997051e+00
5.001099e+00
5.005146e+00
5.009193e+00
5.013240e+00
5.017286e+00
5.021333e+00
5.025380e+00
5.029428e+00
5.033475e+00
5.037522e+00
5.041569e+00
5.045615e+00
5.049662e+00
5.053709e+00
5.057757e+00
5.061804e+00
5.065851e+00
5.069898e+00
5.073944e+00
5.077991e+00
5.082038e+00
5.086086e+00
5.090133e+00
5.094179e+00
5.098226e+00
5.102273e+00
5.106320e+00
5.110367e+00
5.114415e+00
5.118462e+00
5.122508e+00
5.126555e+00
5.130602e+00
5.134649e+00
5.138696e+00
5.142744e+00
5.146791e+00
5.150837e+00
5.154884e+00
5.158931e+00
5.162978e+00
5.167025e+00
5.171073e+00
5.175119e+00
5.179166e+00
5.183213e+00
5.187260e+00
5.191307e+00
5.195354e+00
5.199401e+00
5.203448e+00
5.207495e+00
5.211542e+00
5.215589e+00
5.219636e+00
5.223683e+00
5.227730e+00
5.231777e+00
5.235824e+00
5.239871e+00
5.243918e+00
5.247965e+00
5.252012e+00
5.256059e+00
5.260106e+00
5.264153e+00
5.268200e+00
5.272247e+00
5.276294e+00
5.280341e+00
5.284388e+00
5.288435e+00
5.292482e+00
5.296529e+00
5.300576e+00
5.304623e+00
5.308670e+00
5.312717e+00
5.316764e+00
5.320811e+00
5.324858e+00
5.328905e+00
5.332952e+00
5.336998e+00
5.341046e+00
5.345093e+00
5.349140e+00
5.353187e+00
5.357234e+00
5.361280e+00
5.365327e+00
5.369375e+00
5.373422e+00
5.377469e+00
5.381516e+00
5.385563e+00
5.389609e+00
5.393656e+00
5.397704e+00
5.401751e+00
5.405798e+00
5.409845e+00
5.413892e+00
5.417938e+00
5.421985e+00
5.426033e+00
5.430080e+00
5.434127e+00
5.438173e+00
5.442220e+00
5.446267e+00
5.450314e+00
5.454362e+00
5.458409e+00
5.462456e+00
5.466502e+00
5.470549e+00
5.474596e+00
5.478643e+00
5.482691e+00
5.486738e+00
5.490785e+00
5.494831e+00
5.498878e+00
5.502925e+00
5.506972e+00
5.511020e+00
5.515067e+00
5.519114e+00
5.523160e+00
5.527207e+00
5.531254e+00
5.535301e+00
5.539349e+00
5.543395e+00
5.547442e+00
5.551489e+00
5.555536e+00
5.559583e+00
5.563630e+00
5.567677e+00
5.571724e+00
5.575771e+00
5.579818e+00
5.583865e+00
5.587912e+00
5.591959e+00
5.596006e+00
5.600053e+00
5.604100e+00
5.608147e+00
5.612194e+00
5.616241e+00
5.620288e+00
5.624335e+00
5.628382e+00
5.632429e+00
5.636476e+00
5.640523e+00
5.644570e+00
5.648617e+00
5.652664e+00
5.656711e+00
5.660758e+00
5.664805e+00
5.668852e+00
5.672899e+00
5.676946e+00
5.680993e+00
5.685040e+00
5.689087e+00
5.693134e+00
5.697181e+00
5.701228e+00
5.705274e+00
5.709322e+00
5.713369e+00
5.717416e+00
5.721463e+00
5.725510e+00
5.729556e+00
5.733603e+00
5.737651e+00
5.741698e+00
5.745745e+00
5.749792e+00
5.753839e+00
5.757885e+00
5.761932e+00
5.765980e+00
5.770027e+00
5.774074e+00
5.778121e+00
5.782168e+00
5.786214e+00
5.790261e+00
5.794309e+00
5.798356e+00
5.802403e+00
5.806449e+00
5.810496e+00
5.814543e+00
5.818591e+00
5.822638e+00
5.826685e+00
5.830732e+00
5.834778e+00
5.838825e+00
5.842872e+00
5.846920e+00
5.850967e+00
5.855014e+00
5.859061e+00
5.863107e+00
5.867154e+00
5.871201e+00
5.875249e+00
5.879296e+00
5.883343e+00
5.887390e+00
5.891436e+00
5.895483e+00
5.899530e+00
5.903578e+00
5.907625e+00
5.911671e+00
5.915718e+00
5.919765e+00
5.923812e+00
5.927859e+00
5.931907e+00
5.935954e+00
5.940000e+00
5.944047e+00
5.948094e+00
5.952141e+00
5.956188e+00
5.960236e+00
5.964283e+00
5.968329e+00
5.972376e+00
5.976423e+00
5.980470e+00
5.984517e+00
5.988564e+00
5.992611e+00
5.996658e+00
6.000705e+00
6.004752e+00
6.008799e+00
6.012846e+00
6.016893e+00
6.020940e+00
6.024987e+00
6.029034e+00
6.033081e+00
6.037128e+00
6.041175e+00
6.045222e+00
6.049269e+00
6.053316e+00
6.057363e+00
6.061410e+00
6.065457e+00
6.069504e+00
6.073551e+00
6.077598e+00
6.081645e+00
6.085692e+00
6.089739e+00
6.093786e+00
6.097833e+00
6.101880e+00
6.105927e+00
6.109974e+00
6.114021e+00
6.118068e+00
6.122115e+00
6.126162e+00
6.130209e+00
6.134256e+00
6.138303e+00
6.142350e+00
6.146397e+00
6.150444e+00
6.154490e+00
6.158538e+00
6.162585e+00
6.166632e+00
6.170679e+00
6.174725e+00
6.178772e+00
6.182819e+00
6.186867e+00
6.190914e+00
6.194961e+00
6.199008e+00
6.203055e+00
6.207101e+00
6.211148e+00
6.215196e+00
6.219243e+00
6.223290e+00
6.227337e+00
6.231384e+00
6.235430e+00
6.239477e+00
6.243525e+00
6.247572e+00
6.251619e+00
6.255665e+00
6.259712e+00
6.263759e+00
6.267806e+00
6.271854e+00
6.275901e+00
6.279947e+00
6.283994e+00
6.288041e+00
6.292088e+00
6.296135e+00
6.300183e+00
6.304230e+00
6.308276e+00
6.312323e+00
6.314346e+00
6.316368e+00
6.318389e+00
6.320412e+00
6.322434e+00
6.324456e+00
6.326478e+00
6.328500e+00
6.330522e+00
6.332545e+00
6.334566e+00
6.336588e+00
6.338610e+00
6.340633e+00
6.342655e+00
6.344676e+00
6.346699e+00
6.348721e+00
6.350743e+00
6.352765e+00
6.354787e+00
6.356809e+00
6.358832e+00
6.360853e+00
6.362875e+00
6.364898e+00
6.366920e+00
6.368942e+00
6.370964e+00
6.372986e+00
6.375008e+00
6.377030e+00
6.379052e+00
6.381074e+00
6.383096e+00
6.385119e+00
6.387140e+00
6.389162e+00
6.391185e+00
6.393207e+00
6.395229e+00
6.397251e+00
6.399273e+00
6.401295e+00
6.403318e+00
6.405339e+00
6.407361e+00
6.409384e+00
6.411406e+00
6.413427e+00
6.415450e+00
6.417472e+00
6.419494e+00
6.421517e+00
6.423538e+00
6.425560e+00
6.427582e+00
6.429605e+00
6.431626e+00
6.433648e+00
6.435671e+00
6.437693e+00
6.439714e+00
6.441737e+00
6.443759e+00
6.445781e+00
6.447803e+00
6.449825e+00
6.451847e+00
6.453870e+00
6.455892e+00
6.457913e+00
6.459936e+00
6.461958e+00
6.463980e+00
6.466002e+00
6.468024e+00
6.470046e+00
6.472068e+00
6.474091e+00
6.476112e+00
6.478134e+00
6.480157e+00
6.482179e+00
6.484201e+00
6.486223e+00
6.488245e+00
6.490267e+00
6.492289e+00
6.494311e+00
6.496333e+00
6.498356e+00
6.500378e+00
6.502399e+00
6.504422e+00
6.506444e+00
6.508466e+00
6.510487e+00
6.512510e+00
6.514532e+00
6.516554e+00
6.518576e+00
6.520598e+00
6.522620e+00
6.524643e+00
6.526665e+00
6.528686e+00
6.530709e+00
6.532731e+00
6.534753e+00
6.536775e+00
6.538797e+00
6.540819e+00
6.542841e+00
6.544863e+00
6.546885e+00
6.548908e+00
6.550930e+00
6.552952e+00
6.554974e+00
6.556996e+00
6.559018e+00
6.561040e+00
6.563062e+00
6.565084e+00
6.567106e+00
6.569129e+00
6.571150e+00
6.573172e+00
6.575195e+00
6.577217e+00
6.579239e+00
6.581261e+00
6.583283e+00
6.585305e+00
6.587328e+00
6.589349e+00
6.591371e+00
6.593394e+00
6.595416e+00
6.597437e+00
6.599459e+00
6.601482e+00
6.603504e+00
6.605526e+00
6.607548e+00
6.609570e+00
6.611592e+00
6.613615e+00
6.615636e+00
6.617658e+00
6.619681e+00
6.621703e+00
6.623724e+00
6.625747e+00
6.627769e+00
6.629791e+00
6.631813e+00
6.633835e+00
6.635857e+00
6.637880e+00
6.639902e+00
6.641923e+00
6.643946e+00
6.645968e+00
6.647990e+00
6.650012e+00
6.652034e+00
6.654056e+00
6.656078e+00
6.658101e+00
6.660122e+00
6.662144e+00
6.664167e+00
6.666189e+00
6.668210e+00
6.670233e+00
6.672255e+00
6.674277e+00
6.676299e+00
6.678321e+00
6.680343e+00
6.682366e+00
6.684388e+00
6.686409e+00
6.688431e+00
6.690454e+00
6.692476e+00
6.694497e+00
6.696520e+00
6.698542e+00
6.700564e+00
6.702586e+00
6.704608e+00
6.706630e+00
6.708653e+00
6.710675e+00
6.712696e+00
6.714719e+00
6.716741e+00
6.718763e+00
6.720785e+00
6.722807e+00
6.724829e+00
6.726851e+00
6.728873e+00
6.730895e+00
6.732918e+00
6.734940e+00
6.736962e+00
6.738984e+00
6.741006e+00
6.743028e+00
6.745050e+00
6.747072e+00
6.749094e+00
6.751116e+00
6.753139e+00
6.755160e+00
6.757182e+00
6.759205e+00
6.761227e+00
6.763249e+00
6.765271e+00
6.767293e+00
6.769315e+00
6.771337e+00
6.773359e+00
6.775381e+00
6.777403e+00
6.779426e+00
6.781447e+00
6.783469e+00
6.785492e+00
6.787514e+00
6.789536e+00
6.791558e+00
6.793580e+00
6.795602e+00
6.797625e+00
6.799646e+00
6.801668e+00
6.803691e+00
6.805713e+00
6.807734e+00
6.809757e+00
6.811779e+00
6.813801e+00
6.815823e+00
6.817845e+00
6.819867e+00
6.821890e+00
6.823912e+00
6.825933e+00
6.827956e+00
6.829978e+00
6.832000e+00
6.834022e+00
6.836044e+00
6.838066e+00
6.840088e+00
6.842111e+00
6.844132e+00
6.846154e+00
6.848177e+00
6.850199e+00
6.852220e+00
6.854243e+00
6.856265e+00
6.858287e+00
6.860309e+00
6.862331e+00
6.864353e+00
6.866375e+00
6.868398e+00
6.870419e+00
6.872441e+00
6.874464e+00
6.876486e+00
6.878507e+00
6.880530e+00
6.882552e+00
6.884574e+00
6.886597e+00
6.888618e+00
6.890640e+00
6.892663e+00
6.894685e+00
6.896706e+00
6.898729e+00
6.900751e+00
6.902773e+00
6.904795e+00
6.906817e+00
6.908839e+00
6.910861e+00
6.912884e+00
6.914905e+00
6.916928e+00
6.918950e+00
6.920972e+00
6.922994e+00
6.925016e+00
6.927038e+00
6.929060e+00
6.931082e+00
6.933104e+00
6.935126e+00
6.937149e+00
6.939171e+00
6.941192e+00
6.943214e+00
6.945237e+00
6.947259e+00
6.949281e+00
6.951303e+00
6.953325e+00
6.955347e+00
6.957369e+00
6.959391e+00
6.961413e+00
6.963436e+00
6.965458e+00
6.967479e+00
6.969502e+00
6.971524e+00
6.973546e+00
6.975568e+00
6.977590e+00
6.979612e+00
6.981635e+00
6.983656e+00
6.985678e+00
6.987701e+00
6.989723e+00
6.991745e+00
6.993767e+00
6.995789e+00
6.997811e+00
6.999833e+00
7.001855e+00
7.003877e+00
7.005900e+00
7.007922e+00
7.009943e+00
7.011966e+00
7.013988e+00
7.016010e+00
7.018032e+00
7.020054e+00
7.022076e+00
7.024098e+00
7.026121e+00
7.028142e+00
7.030164e+00
7.032186e+00
7.034209e+00
7.036230e+00
7.038253e+00
7.040275e+00
7.042297e+00
7.044319e+00
7.046341e+00
7.048363e+00
7.050385e+00
7.052408e+00
7.054429e+00
7.056451e+00
7.058474e+00
7.060496e+00
7.062517e+00
7.064540e+00
7.066562e+00
7.068584e+00
7.070607e+00
7.072628e+00
7.074650e+00
7.076673e+00
7.078695e+00
7.080716e+00
7.082739e+00
7.084761e+00
7.086783e+00
7.088805e+00
7.090827e+00
7.092849e+00
7.094871e+00
7.096894e+00
7.098915e+00
7.100937e+00
7.102960e+00
7.104982e+00
7.107003e+00
7.109026e+00
7.111048e+00
7.113070e+00
7.115092e+00
7.117114e+00
7.119136e+00
7.121158e+00
7.123181e+00
7.125202e+00
7.127224e+00
7.129247e+00
7.131269e+00
7.133291e+00
7.135313e+00
7.137335e+00
7.139357e+00
7.141379e+00
7.143401e+00
7.145423e+00
7.147446e+00
7.149468e+00
7.151489e+00
7.153512e+00
7.155534e+00
7.157556e+00
7.159578e+00
7.161600e+00
7.163622e+00
7.165645e+00
7.167666e+00
7.169688e+00
7.171711e+00
7.173733e+00
7.175755e+00
7.177777e+00
7.179799e+00
7.181821e+00
7.183843e+00
7.185865e+00
7.187887e+00
7.189909e+00
7.191932e+00
7.193953e+00
7.195975e+00
7.197998e+00
7.200020e+00
7.202042e+00
7.204064e+00
7.206086e+00
7.208108e+00
7.210130e+00
7.212152e+00
7.214174e+00
7.216196e+00
7.218219e+00
7.220240e+00
7.222263e+00
7.224285e+00
7.226307e+00
7.228329e+00
7.230351e+00
7.232373e+00
7.234395e+00
7.236418e+00
7.238439e+00
7.240461e+00
7.242484e+00
7.244506e+00
7.246527e+00
7.248550e+00
7.250572e+00
7.252594e+00
7.254617e+00
7.256638e+00
7.258660e+00
7.260683e+00
7.262705e+00
7.264726e+00
7.266749e+00
7.268771e+00
7.270793e+00
7.272814e+00
7.274837e+00
7.276859e+00
7.278881e+00
7.280904e+00
7.282925e+00
7.284947e+00
7.286970e+00
7.288992e+00
7.291013e+00
7.293036e+00
7.295058e+00
7.297080e+00
7.299102e+00
7.301124e+00
7.303146e+00
7.305168e+00
7.307191e+00
7.309212e+00
7.311234e+00
7.313257e+00
7.315279e+00
7.317301e+00
7.319323e+00
7.321345e+00
7.323367e+00
7.325389e+00
7.327411e+00
7.329433e+00
7.331380e+00
7.333328e+00
7.335275e+00
7.337223e+00
7.339170e+00
7.341118e+00
7.343065e+00
7.345013e+00
7.346960e+00
7.348908e+00
7.350855e+00
7.352802e+00
7.354750e+00
7.356697e+00
7.358645e+00
7.360592e+00
7.362540e+00
7.364487e+00
7.366434e+00
7.368381e+00
7.370328e+00
7.372276e+00
7.374223e+00
7.376171e+00
7.378118e+00
7.380066e+00
7.382013e+00
7.383961e+00
7.385908e+00
7.387856e+00
7.389803e+00
7.391750e+00
7.393698e+00
7.395645e+00
7.397593e+00
7.399540e+00
7.401488e+00
7.403435e+00
7.405382e+00
7.407330e+00
7.409277e+00
7.411225e+00
7.413171e+00
7.415119e+00
7.417066e+00
7.419014e+00
7.420961e+00
7.422909e+00
7.424856e+00
7.426804e+00
7.428751e+00
7.430698e+00
7.432646e+00
7.434593e+00
7.436541e+00
7.438488e+00
7.440436e+00
7.442383e+00
7.444331e+00
7.446278e+00
7.448225e+00
7.450172e+00
7.452120e+00
7.454067e+00
7.456015e+00
7.457962e+00
7.459909e+00
7.461857e+00
7.463804e+00
7.465752e+00
7.467699e+00
7.469646e+00
7.471594e+00
7.473541e+00
7.475489e+00
7.477436e+00
7.479384e+00
7.481331e+00
7.483279e+00
7.485226e+00
7.487174e+00
7.489121e+00
7.491068e+00
7.493015e+00
7.494962e+00
7.496910e+00
7.498857e+00
7.500805e+00
7.502752e+00
7.504700e+00
7.506647e+00
7.508595e+00
7.510542e+00
7.512489e+00
7.514437e+00
7.516384e+00
7.518332e+00
7.520279e+00
7.522227e+00
7.524174e+00
7.526122e+00
7.528069e+00
7.530016e+00
7.531964e+00
7.533911e+00
7.535859e+00
7.537806e+00
7.539753e+00
7.541700e+00
7.543648e+00
7.545595e+00
7.547543e+00
7.549490e+00
7.551437e+00
7.553385e+00
7.555332e+00
7.557280e+00
7.559227e+00
7.561175e+00
7.563122e+00
7.565070e+00
7.567017e+00
7.568965e+00
7.570912e+00
7.572859e+00
7.574807e+00
7.576754e+00
7.578701e+00
7.580649e+00
7.582596e+00
7.584543e+00
7.586491e+00
7.588438e+00
7.590385e+00
7.592333e+00
7.594280e+00
7.596228e+00
7.598175e+00
7.600123e+00
7.602070e+00
7.604018e+00
7.605965e+00
7.607913e+00
7.609860e+00
7.611807e+00
7.613755e+00
7.615702e+00
7.617650e+00
7.619597e+00
7.621544e+00
7.623491e+00
7.625439e+00
7.627386e+00
7.629334e+00
7.631281e+00
7.633228e+00
7.635176e+00
7.637123e+00
7.639071e+00
7.641018e+00
7.642966e+00
7.644913e+00
7.646861e+00
7.648808e+00
7.650755e+00
7.652703e+00
7.654650e+00
7.656598e+00
7.658545e+00
7.660493e+00
7.662440e+00
7.664387e+00
7.666334e+00
7.668282e+00
7.670229e+00
7.672176e+00
7.674124e+00
7.676071e+00
7.678019e+00
7.679966e+00
7.681914e+00
7.683861e+00
7.685809e+00
7.687756e+00
7.689703e+00
7.691651e+00
7.693598e+00
7.695546e+00
7.697493e+00
7.699441e+00
7.701388e+00
7.703336e+00
7.705283e+00
7.707230e+00
7.709178e+00
7.711124e+00
7.713072e+00
7.715019e+00
7.716967e+00
7.718914e+00
7.720862e+00
7.722809e+00
7.724757e+00
7.726704e+00
7.728652e+00
7.730599e+00
7.732546e+00
7.734494e+00
7.736441e+00
7.738389e+00
7.740336e+00
7.742284e+00
7.744231e+00
7.746178e+00
7.748126e+00
7.750073e+00
7.752020e+00
7.753968e+00
7.755915e+00
7.757862e+00
7.759810e+00
7.761757e+00
7.763705e+00
7.765652e+00
7.767600e+00
7.769547e+00
7.771494e+00
7.773442e+00
7.775389e+00
7.777337e+00
7.779284e+00
7.781232e+00
7.783179e+00
7.785127e+00
7.787074e+00
7.789022e+00
7.790968e+00
7.792916e+00
7.794863e+00
7.796810e+00
7.798758e+00
7.800705e+00
7.802653e+00
7.804600e+00
7.806548e+00
7.808495e+00
7.810442e+00
7.812390e+00
7.814337e+00
7.816285e+00
7.818232e+00
7.820180e+00
7.822127e+00
7.824075e+00
7.826022e+00
7.827970e+00
7.829917e+00
7.831864e+00
7.833812e+00
7.835758e+00
7.837706e+00
7.839653e+00
7.841601e+00
7.843548e+00
7.845496e+00
7.847443e+00
7.849390e+00
7.851338e+00
7.853285e+00
7.855233e+00
7.857180e+00
7.859128e+00
7.861075e+00
7.863023e+00
7.864970e+00
7.866918e+00
7.868865e+00
7.870812e+00
7.872760e+00
7.874707e+00
7.876655e+00
7.878602e+00
7.880549e+00
7.882496e+00
7.884444e+00
7.886391e+00
7.888339e+00
7.890286e+00
7.892233e+00
7.894181e+00
7.896128e+00
7.898076e+00
7.900023e+00
7.901971e+00
7.903918e+00
7.905866e+00
7.907813e+00
7.909760e+00
7.911708e+00
7.913655e+00
7.915603e+00
7.917550e+00
7.919497e+00
7.921445e+00
7.923392e+00
7.925339e+00
7.927287e+00
7.929234e+00
7.931181e+00
7.933129e+00
7.935076e+00
7.937024e+00
7.938971e+00
7.940919e+00
7.942866e+00
7.944814e+00
7.946761e+00
7.948709e+00
7.950656e+00
7.952603e+00
7.954551e+00
7.956498e+00
7.958446e+00
7.960393e+00
7.962340e+00
7.964287e+00
7.966235e+00
7.968182e+00
7.970130e+00
7.972077e+00
7.974024e+00
7.975972e+00
7.977919e+00
7.979867e+00
7.981814e+00
7.983762e+00
7.985709e+00
7.987657e+00
7.989604e+00
7.991551e+00
7.993499e+00
7.995446e+00
7.997394e+00
7.999341e+00
8.001289e+00
8.003236e+00
8.005184e+00
8.007131e+00
8.009078e+00
8.011025e+00
8.012972e+00
8.014920e+00
8.016867e+00
8.018815e+00
8.020762e+00
8.022710e+00
8.024657e+00
8.026605e+00
8.028552e+00
8.030499e+00
8.032447e+00
8.034394e+00
8.036342e+00
8.038289e+00
8.040237e+00
8.042184e+00
8.044131e+00
8.046079e+00
8.048026e+00
8.049974e+00
8.051921e+00
8.053868e+00
8.055815e+00
8.057763e+00
8.059710e+00
8.061658e+00
8.063605e+00
8.065553e+00
8.067500e+00
8.069447e+00
8.071395e+00
8.073342e+00
8.075290e+00
8.077237e+00
8.079185e+00
8.081132e+00
8.083080e+00
8.085027e+00
8.086975e+00
8.088922e+00
8.090869e+00
8.092816e+00
8.094764e+00
8.096711e+00
8.098658e+00
8.100606e+00
8.102553e+00
8.104501e+00
8.106448e+00
8.108396e+00
8.110343e+00
8.112290e+00
8.114238e+00
8.116185e+00
8.118133e+00
8.120080e+00
8.122028e+00
8.123975e+00
8.125923e+00
8.127870e+00
8.129817e+00
8.131765e+00
8.133712e+00
8.135659e+00
8.137606e+00
8.139554e+00
8.141501e+00
8.143449e+00
8.145396e+00
8.147344e+00
8.149291e+00
8.151238e+00
8.153186e+00
8.155133e+00
8.157081e+00
8.159028e+00
8.160976e+00
8.162923e+00
8.164871e+00
8.166818e+00
8.168766e+00
8.170713e+00
8.172660e+00
8.174608e+00
8.176555e+00
8.178503e+00
8.180449e+00
8.182397e+00
8.184344e+00
8.186292e+00
8.188239e+00
8.190186e+00
8.192134e+00
8.194081e+00
8.196029e+00
8.197976e+00
8.199924e+00
8.201871e+00
8.203819e+00
8.205766e+00
8.207714e+00
8.209661e+00
8.211608e+00
8.213556e+00
8.215503e+00
8.217450e+00
8.219398e+00
8.221345e+00
8.223293e+00
8.225240e+00
8.227187e+00
8.229134e+00
8.231082e+00
8.233029e+00
8.234977e+00
8.236924e+00
8.238872e+00
8.240819e+00
8.242767e+00
8.244714e+00
8.246662e+00
8.248609e+00
8.250556e+00
8.252504e+00
8.254451e+00
8.256399e+00
8.258346e+00
8.260293e+00
8.262241e+00
8.264188e+00
8.266135e+00
