1.360333e-03
1.354205e-03
1.348078e-03
1.341950e-03
1.335822e-03
1.329695e-03
1.323567e-03
1.317439e-03
1.311311e-03
1.305183e-03
1.299055e-03
1.292928e-03
1.286800e-03
1.280672e-03
1.274545e-03
1.268417e-03
1.262289e-03
1.256161e-03
1.250033e-03
1.243905e-03
1.237778e-03
1.231650e-03
1.225522e-03
1.219395e-03
1.213267e-03
1.207139e-03
1.201011e-03
1.194883e-03
1.188755e-03
1.182628e-03
1.176500e-03
1.285925e-03
1.395350e-03
1.504775e-03
1.614200e-03
1.723625e-03
1.833050e-03
1.942475e-03
2.051900e-03
2.161325e-03
2.270750e-03
2.380175e-03
2.489600e-03
2.599025e-03
2.708450e-03
2.817875e-03
2.927300e-03
3.036725e-03
3.146150e-03
3.255575e-03
3.365000e-03
3.414350e-03
3.463700e-03
3.513050e-03
3.562400e-03
3.611750e-03
3.661100e-03
3.710450e-03
3.759800e-03
3.809150e-03
3.858500e-03
3.907850e-03
3.957200e-03
4.006550e-03
4.055900e-03
4.105250e-03
4.154600e-03
4.203950e-03
4.253300e-03
4.217844e-03
4.352000e-03
4.486156e-03
4.620311e-03
4.754467e-03
4.888622e-03
5.022777e-03
5.156933e-03
5.291089e-03
5.425244e-03
5.559400e-03
5.693556e-03
5.827711e-03
5.961867e-03
6.096023e-03
6.230177e-03
6.364333e-03
6.498489e-03
6.632644e-03
6.766800e-03
6.900956e-03
7.035111e-03
7.169267e-03
7.303423e-03
7.437578e-03
7.571733e-03
7.705889e-03
7.840044e-03
7.974200e-03
8.108356e-03
8.242511e-03
8.376667e-03
8.497300e-03
8.617933e-03
8.738567e-03
8.859200e-03
8.979833e-03
9.100467e-03
9.221100e-03
9.341733e-03
9.462367e-03
9.583000e-03
9.703633e-03
9.824267e-03
9.944900e-03
1.006553e-02
1.018617e-02
1.030680e-02
1.042743e-02
1.054807e-02
1.066870e-02
1.078933e-02
1.090997e-02
1.103060e-02
1.115123e-02
1.127187e-02
1.139250e-02
1.151313e-02
1.163377e-02
1.175440e-02
1.187503e-02
1.199567e-02
1.211630e-02
1.223693e-02
1.235757e-02
1.247820e-02
1.259883e-02
1.271947e-02
1.284010e-02
1.296073e-02
1.308137e-02
1.320200e-02
1.332263e-02
1.344327e-02
1.356390e-02
1.368453e-02
1.380517e-02
1.392580e-02
1.404643e-02
1.416707e-02
1.428770e-02
1.440833e-02
1.454597e-02
1.468360e-02
1.482123e-02
1.495887e-02
1.509650e-02
1.523413e-02
1.537177e-02
1.550940e-02
1.564703e-02
1.578467e-02
1.592230e-02
1.605993e-02
1.619757e-02
1.633520e-02
1.647283e-02
1.661047e-02
1.674810e-02
1.688573e-02
1.702337e-02
1.716100e-02
1.729863e-02
1.743627e-02
1.757390e-02
1.771153e-02
1.784917e-02
1.798680e-02
1.812443e-02
1.826207e-02
1.839970e-02
1.853733e-02
1.867497e-02
1.881260e-02
1.895023e-02
1.908787e-02
1.922550e-02
1.936313e-02
1.950077e-02
1.963840e-02
1.977603e-02
1.991367e-02
2.005130e-02
2.018893e-02
2.032657e-02
2.046420e-02
2.060183e-02
2.073947e-02
2.087710e-02
2.101473e-02
2.115237e-02
2.129000e-02
2.132137e-02
2.135273e-02
2.138410e-02
2.141547e-02
2.144683e-02
2.147820e-02
2.150957e-02
2.154093e-02
2.157230e-02
2.160367e-02
2.163503e-02
2.166640e-02
2.169777e-02
2.172913e-02
2.176050e-02
2.179187e-02
2.182323e-02
2.185460e-02
2.188597e-02
2.191733e-02
2.194870e-02
2.198007e-02
2.201143e-02
2.204280e-02
2.207417e-02
2.210553e-02
2.213690e-02
2.216827e-02
2.219963e-02
2.223100e-02
2.226237e-02
2.229373e-02
2.232510e-02
2.235647e-02
2.238783e-02
2.241920e-02
2.245057e-02
2.248193e-02
2.251330e-02
2.254467e-02
2.257603e-02
2.260740e-02
2.263877e-02
2.267013e-02
2.270150e-02
2.273287e-02
2.276423e-02
2.279560e-02
2.282697e-02
2.285833e-02
2.288970e-02
2.292107e-02
2.295243e-02
2.298380e-02
2.301517e-02
2.304653e-02
2.307790e-02
2.310927e-02
2.314063e-02
2.317200e-02
2.320337e-02
2.323473e-02
2.326610e-02
2.329747e-02
2.332883e-02
2.336020e-02
2.339157e-02
2.342293e-02
2.345430e-02
2.348567e-02
2.351703e-02
2.354840e-02
2.357977e-02
2.361113e-02
2.364250e-02
2.367387e-02
2.370523e-02
2.373660e-02
2.376797e-02
2.379933e-02
2.383070e-02
2.386207e-02
2.389343e-02
2.392480e-02
2.395617e-02
2.398753e-02
2.401890e-02
2.405027e-02
2.408163e-02
2.411300e-02
2.414437e-02
2.417573e-02
2.420710e-02
2.423847e-02
2.426983e-02
2.430120e-02
2.433257e-02
2.436393e-02
2.439530e-02
2.442667e-02
2.449898e-02
2.457130e-02
2.464362e-02
2.471593e-02
2.478825e-02
2.486057e-02
2.493288e-02
2.500520e-02
2.507752e-02
2.514983e-02
2.522215e-02
2.529447e-02
2.536678e-02
2.543910e-02
2.551142e-02
2.558373e-02
2.565605e-02
2.572837e-02
2.580068e-02
2.587300e-02
2.594532e-02
2.601763e-02
2.608995e-02
2.616227e-02
2.623458e-02
2.630690e-02
2.637922e-02
2.645153e-02
2.652385e-02
2.659617e-02
2.666848e-02
2.674080e-02
2.681312e-02
2.688543e-02
2.695775e-02
2.703007e-02
2.710238e-02
2.717470e-02
2.724702e-02
2.731933e-02
2.739165e-02
2.746397e-02
2.753628e-02
2.760860e-02
2.768092e-02
2.775323e-02
2.782555e-02
2.789787e-02
2.797018e-02
2.804250e-02
2.811482e-02
2.818713e-02
2.825945e-02
2.833177e-02
2.840408e-02
2.847640e-02
2.854872e-02
2.862103e-02
2.869335e-02
2.876567e-02
2.883798e-02
2.891030e-02
2.898262e-02
2.905493e-02
2.912725e-02
2.919957e-02
2.927188e-02
2.934420e-02
2.941652e-02
2.948883e-02
2.956115e-02
2.963347e-02
2.970578e-02
2.977810e-02
2.985042e-02
2.992273e-02
2.999505e-02
3.006737e-02
3.013968e-02
3.021200e-02
3.028432e-02
3.035663e-02
3.042895e-02
3.050127e-02
3.057358e-02
3.064590e-02
3.071822e-02
3.079053e-02
3.086285e-02
3.093517e-02
3.100748e-02
3.107980e-02
3.115212e-02
3.122443e-02
3.129675e-02
3.136907e-02
3.144138e-02
3.151370e-02
3.158602e-02
3.165833e-02
3.177450e-02
3.189067e-02
3.200683e-02
3.212300e-02
3.223917e-02
3.235533e-02
3.247150e-02
3.258767e-02
3.270383e-02
3.282000e-02
3.293617e-02
3.305233e-02
3.316850e-02
3.328467e-02
3.340083e-02
3.351700e-02
3.363317e-02
3.374933e-02
3.386550e-02
3.398167e-02
3.409783e-02
3.421400e-02
3.433017e-02
3.444633e-02
3.456250e-02
3.467867e-02
3.479483e-02
3.491100e-02
3.502717e-02
3.514333e-02
3.525950e-02
3.537567e-02
3.549183e-02
3.560800e-02
3.572417e-02
3.584033e-02
3.595650e-02
3.607267e-02
3.618883e-02
3.630500e-02
3.642117e-02
3.653733e-02
3.665350e-02
3.676967e-02
3.688583e-02
3.700200e-02
3.711817e-02
3.723433e-02
3.735050e-02
3.746667e-02
3.758283e-02
3.769900e-02
3.781517e-02
3.793133e-02
3.804750e-02
3.816367e-02
3.827983e-02
3.839600e-02
3.851217e-02
3.862833e-02
3.874450e-02
3.886067e-02
3.897683e-02
3.909300e-02
3.920917e-02
3.932533e-02
3.944150e-02
3.955767e-02
3.967383e-02
3.979000e-02
3.990617e-02
4.002233e-02
4.013850e-02
4.025467e-02
4.037083e-02
4.048700e-02
4.060317e-02
4.071933e-02
4.083550e-02
4.095167e-02
4.106783e-02
4.118400e-02
4.130017e-02
4.141633e-02
4.153250e-02
4.164867e-02
4.176483e-02
4.188100e-02
4.199717e-02
4.211333e-02
4.222950e-02
4.234567e-02
4.246183e-02
4.257800e-02
4.269417e-02
4.281033e-02
4.292650e-02
4.304267e-02
4.315883e-02
4.327500e-02
4.339117e-02
4.350733e-02
4.362350e-02
4.373967e-02
4.385583e-02
4.397200e-02
4.408817e-02
4.420433e-02
4.432050e-02
4.443667e-02
4.455283e-02
4.466900e-02
4.478517e-02
4.490133e-02
4.501750e-02
4.513367e-02
4.524983e-02
4.536600e-02
4.548217e-02
4.559833e-02
4.571450e-02
4.583067e-02
4.594683e-02
4.606300e-02
4.617917e-02
4.629533e-02
4.641150e-02
4.652767e-02
4.664383e-02
4.676000e-02
4.687617e-02
4.699233e-02
4.710850e-02
4.722467e-02
4.734083e-02
4.745700e-02
4.757317e-02
4.768933e-02
4.780550e-02
4.792167e-02
4.803783e-02
4.815400e-02
4.827017e-02
4.838633e-02
4.850250e-02
4.861867e-02
4.873483e-02
4.885100e-02
4.896717e-02
4.908333e-02
4.919950e-02
4.931567e-02
4.943183e-02
4.954800e-02
4.966417e-02
4.978033e-02
4.989650e-02
5.001267e-02
5.012883e-02
5.024500e-02
5.036117e-02
5.047733e-02
5.059350e-02
5.070967e-02
5.082583e-02
5.094200e-02
5.105817e-02
5.117433e-02
5.129050e-02
5.140667e-02
5.152283e-02
5.163900e-02
5.175517e-02
5.187133e-02
5.198750e-02
5.210367e-02
5.221983e-02
5.233600e-02
5.245217e-02
5.256833e-02
5.268450e-02
5.280067e-02
5.291683e-02
5.303300e-02
5.314917e-02
5.326533e-02
5.338150e-02
5.349767e-02
5.361383e-02
5.373000e-02
5.384617e-02
5.396233e-02
5.407850e-02
5.419467e-02
5.431083e-02
5.442700e-02
5.454317e-02
5.465933e-02
5.477550e-02
5.489167e-02
5.503942e-02
5.518717e-02
5.533492e-02
5.548267e-02
5.563042e-02
5.577817e-02
5.592592e-02
5.607367e-02
5.622142e-02
5.636917e-02
5.651692e-02
5.666467e-02
5.681242e-02
5.696017e-02
5.710792e-02
5.725567e-02
5.740342e-02
5.755117e-02
5.769892e-02
5.784667e-02
5.799442e-02
5.814217e-02
5.828992e-02
5.843767e-02
5.858542e-02
5.873317e-02
5.888092e-02
5.902867e-02
5.917642e-02
5.932417e-02
5.947192e-02
5.961967e-02
5.976742e-02
5.991517e-02
6.006292e-02
6.021067e-02
6.035842e-02
6.050617e-02
6.065392e-02
6.080167e-02
6.094942e-02
6.109717e-02
6.124492e-02
6.139267e-02
6.154042e-02
6.168817e-02
6.183592e-02
6.198367e-02
6.213142e-02
6.227917e-02
6.242692e-02
6.257467e-02
6.272242e-02
6.287017e-02
6.301792e-02
6.316567e-02
6.331342e-02
6.346117e-02
6.360892e-02
6.375667e-02
6.390442e-02
6.405217e-02
6.419992e-02
6.434767e-02
6.449542e-02
6.464317e-02
6.479092e-02
6.493867e-02
6.508642e-02
6.523417e-02
6.538192e-02
6.552967e-02
6.567742e-02
6.582517e-02
6.597292e-02
6.612067e-02
6.626842e-02
6.641617e-02
6.656392e-02
6.671167e-02
6.685942e-02
6.700717e-02
6.715492e-02
6.730267e-02
6.745042e-02
6.759817e-02
6.774592e-02
6.789367e-02
6.804142e-02
6.818917e-02
6.833692e-02
6.848467e-02
6.863242e-02
6.878017e-02
6.892792e-02
6.907567e-02
6.922342e-02
6.937117e-02
6.951892e-02
6.966667e-02
7.064718e-02
7.162770e-02
7.260821e-02
7.358872e-02
7.456924e-02
7.554975e-02
7.653026e-02
7.751078e-02
7.849129e-02
7.947180e-02
8.045232e-02
8.143283e-02
8.241334e-02
8.339386e-02
8.437437e-02
8.535488e-02
8.633540e-02
8.731591e-02
8.829642e-02
8.927694e-02
9.025745e-02
9.123796e-02
9.221848e-02
9.319899e-02
9.417950e-02
9.516002e-02
9.614053e-02
9.712104e-02
9.810156e-02
9.908207e-02
1.000626e-01
1.010431e-01
1.020236e-01
1.030041e-01
1.039846e-01
1.049652e-01
1.059457e-01
1.069262e-01
1.079067e-01
1.088872e-01
1.098677e-01
1.108482e-01
1.118287e-01
1.128093e-01
1.137898e-01
1.147703e-01
1.157508e-01
1.167313e-01
1.177118e-01
1.186923e-01
1.196729e-01
1.206534e-01
1.216339e-01
1.226144e-01
1.235949e-01
1.245754e-01
1.255559e-01
1.265364e-01
1.275170e-01
1.284975e-01
1.294780e-01
1.304585e-01
1.314390e-01
1.324195e-01
1.334000e-01
1.343806e-01
1.353611e-01
1.363416e-01
1.373221e-01
1.383026e-01
1.392831e-01
1.402636e-01
1.412441e-01
1.422247e-01
1.432052e-01
1.441857e-01
1.451662e-01
1.461467e-01
1.471272e-01
1.481077e-01
1.490883e-01
1.500688e-01
1.510493e-01
1.520298e-01
1.530103e-01
1.539908e-01
1.549713e-01
1.559518e-01
1.569324e-01
1.579129e-01
1.588934e-01
1.598739e-01
1.608544e-01
1.618349e-01
1.628154e-01
1.637960e-01
1.647765e-01
1.657570e-01
1.667375e-01
1.677180e-01
1.686985e-01
1.696790e-01
1.706595e-01
1.716401e-01
1.726206e-01
1.736011e-01
1.745816e-01
1.755621e-01
1.765426e-01
1.775231e-01
1.785037e-01
1.794842e-01
1.804647e-01
1.814452e-01
1.824257e-01
1.834062e-01
1.843867e-01
1.853672e-01
1.863478e-01
1.873283e-01
1.883088e-01
1.892893e-01
1.902698e-01
1.912503e-01
1.922308e-01
1.932114e-01
1.941919e-01
1.951724e-01
1.961529e-01
1.971334e-01
1.981139e-01
1.990944e-01
2.000749e-01
2.010555e-01
2.020360e-01
2.030165e-01
2.039970e-01
2.049775e-01
2.059580e-01
2.069385e-01
2.079191e-01
2.088996e-01
2.098801e-01
2.108606e-01
2.118411e-01
2.128216e-01
2.138021e-01
2.147826e-01
2.157632e-01
2.167437e-01
2.177242e-01
2.187047e-01
2.196852e-01
2.206657e-01
2.216462e-01
2.226268e-01
2.236073e-01
2.245878e-01
2.255683e-01
2.265488e-01
2.275293e-01
2.285098e-01
2.294903e-01
2.304709e-01
2.314514e-01
2.324319e-01
2.334124e-01
2.343929e-01
2.353734e-01
2.363539e-01
2.373345e-01
2.383150e-01
2.392955e-01
2.402760e-01
2.412565e-01
2.422370e-01
2.432175e-01
2.441980e-01
2.451786e-01
2.461591e-01
2.471396e-01
2.481201e-01
2.491006e-01
2.500811e-01
2.510616e-01
2.520422e-01
2.530227e-01
2.540032e-01
2.549837e-01
2.559642e-01
2.569447e-01
2.579252e-01
2.589057e-01
2.598863e-01
2.608668e-01
2.618473e-01
2.628278e-01
2.638083e-01
2.647888e-01
2.657693e-01
2.667499e-01
2.677304e-01
2.687109e-01
2.696914e-01
2.706719e-01
2.716524e-01
2.726329e-01
2.736134e-01
2.745940e-01
2.755745e-01
2.765550e-01
2.775355e-01
2.785160e-01
2.794965e-01
2.804770e-01
2.814576e-01
2.824381e-01
2.834186e-01
2.843991e-01
2.853796e-01
2.863601e-01
2.873406e-01
2.883211e-01
2.893017e-01
2.902822e-01
2.912627e-01
2.922432e-01
2.932237e-01
2.942042e-01
2.951847e-01
2.961653e-01
2.971458e-01
2.981263e-01
2.991068e-01
3.000873e-01
3.010678e-01
3.020483e-01
3.030288e-01
3.040094e-01
3.049899e-01
3.059704e-01
3.069509e-01
3.079314e-01
3.089119e-01
3.098924e-01
3.108730e-01
3.118535e-01
3.128340e-01
3.138145e-01
3.147950e-01
3.157755e-01
3.167560e-01
3.177365e-01
3.187171e-01
3.196976e-01
3.206781e-01
3.216586e-01
3.226391e-01
3.236196e-01
3.246001e-01
3.255807e-01
3.265612e-01
3.275417e-01
3.285222e-01
3.295027e-01
3.304832e-01
3.314637e-01
3.324442e-01
3.334248e-01
3.344053e-01
3.353858e-01
3.363663e-01
3.373468e-01
3.383273e-01
3.393078e-01
3.402884e-01
3.412689e-01
3.422494e-01
3.432299e-01
3.442104e-01
3.451909e-01
3.461714e-01
3.471519e-01
3.481325e-01
3.491130e-01
3.500935e-01
3.510740e-01
3.520545e-01
3.530350e-01
3.540155e-01
3.549961e-01
3.559766e-01
3.569571e-01
3.579376e-01
3.589181e-01
3.598986e-01
3.608791e-01
3.618596e-01
3.628402e-01
3.638207e-01
3.648012e-01
3.657817e-01
3.667622e-01
3.677427e-01
3.687232e-01
3.697038e-01
3.706843e-01
3.716648e-01
3.726453e-01
3.736258e-01
3.746063e-01
3.755868e-01
3.765673e-01
3.775479e-01
3.785284e-01
3.795089e-01
3.804894e-01
3.814699e-01
3.824504e-01
3.834309e-01
3.844115e-01
3.853920e-01
3.863725e-01
3.873530e-01
3.883335e-01
3.893140e-01
3.902945e-01
3.912750e-01
3.922556e-01
3.932361e-01
3.942166e-01
3.951971e-01
3.961776e-01
3.971581e-01
3.981386e-01
3.991192e-01
4.000997e-01
4.010802e-01
4.020607e-01
4.030412e-01
4.040217e-01
4.050022e-01
4.059827e-01
4.069633e-01
4.079438e-01
4.089243e-01
4.099048e-01
4.108853e-01
4.118658e-01
4.128463e-01
4.138269e-01
4.148074e-01
4.157879e-01
4.167684e-01
4.177489e-01
4.187294e-01
4.197099e-01
4.206904e-01
4.216710e-01
4.226515e-01
4.236320e-01
4.246125e-01
4.255930e-01
4.265735e-01
4.275540e-01
4.285346e-01
4.295151e-01
4.304956e-01
4.314761e-01
4.324566e-01
4.334371e-01
4.344176e-01
4.353981e-01
4.363787e-01
4.373592e-01
4.383397e-01
4.393202e-01
4.403007e-01
4.412812e-01
4.422617e-01
4.432423e-01
4.442228e-01
4.452033e-01
4.461838e-01
4.471643e-01
4.481448e-01
4.491253e-01
4.501058e-01
4.510864e-01
4.520669e-01
4.530474e-01
4.540279e-01
4.550084e-01
4.559889e-01
4.569694e-01
4.579500e-01
4.589305e-01
4.599110e-01
4.608915e-01
4.618720e-01
4.628525e-01
4.638330e-01
4.648135e-01
4.657941e-01
4.667746e-01
4.677551e-01
4.687356e-01
4.697692e-01
4.708028e-01
4.718364e-01
4.728700e-01
4.739037e-01
4.749373e-01
4.759709e-01
4.770045e-01
4.780382e-01
4.790718e-01
4.801054e-01
4.811390e-01
4.821726e-01
4.832063e-01
4.842399e-01
4.852735e-01
4.863071e-01
4.873408e-01
4.883744e-01
4.894080e-01
4.904416e-01
4.914752e-01
4.925089e-01
4.935425e-01
4.945761e-01
4.956097e-01
4.966434e-01
4.976770e-01
4.987106e-01
4.997442e-01
5.007778e-01
5.018115e-01
5.028451e-01
5.038787e-01
5.049123e-01
5.059460e-01
5.069796e-01
5.080132e-01
5.090468e-01
5.100804e-01
5.111141e-01
5.121477e-01
5.131813e-01
5.142149e-01
5.152486e-01
5.162822e-01
5.173158e-01
5.183494e-01
5.193830e-01
5.204167e-01
5.214503e-01
5.224839e-01
5.235175e-01
5.245512e-01
5.255848e-01
5.266184e-01
5.276520e-01
5.286856e-01
5.297193e-01
5.307529e-01
5.317865e-01
5.328201e-01
5.338538e-01
5.348874e-01
5.359210e-01
5.369546e-01
5.379882e-01
5.390219e-01
5.400555e-01
5.410891e-01
5.421227e-01
5.431564e-01
5.441900e-01
5.452236e-01
5.462572e-01
5.472908e-01
5.483245e-01
5.493581e-01
5.503917e-01
5.514253e-01
5.524590e-01
5.534926e-01
5.545262e-01
5.555598e-01
5.565934e-01
5.576271e-01
5.586607e-01
5.596943e-01
5.607279e-01
5.617616e-01
5.627952e-01
5.638288e-01
5.648624e-01
5.658960e-01
5.669297e-01
5.679633e-01
5.689969e-01
5.700305e-01
5.710642e-01
5.720978e-01
5.749777e-01
5.778578e-01
5.807378e-01
5.836178e-01
5.864978e-01
5.893779e-01
5.922578e-01
5.951379e-01
5.980179e-01
6.008979e-01
6.037779e-01
6.066579e-01
6.095379e-01
6.124179e-01
6.152980e-01
6.181779e-01
6.210580e-01
6.239380e-01
6.268180e-01
6.296980e-01
6.325780e-01
6.354580e-01
6.383381e-01
6.412180e-01
6.440980e-01
6.469781e-01
6.498580e-01
6.527381e-01
6.556181e-01
6.584981e-01
6.613781e-01
6.642582e-01
6.671381e-01
6.700182e-01
6.728982e-01
6.757781e-01
6.786582e-01
6.815382e-01
6.844182e-01
6.872982e-01
6.901783e-01
6.930582e-01
6.959383e-01
6.988183e-01
7.016983e-01
7.045783e-01
7.074583e-01
7.103383e-01
7.132183e-01
7.160983e-01
7.189783e-01
7.218584e-01
7.247383e-01
7.276184e-01
7.304984e-01
7.333784e-01
7.362584e-01
7.391385e-01
7.420184e-01
7.448984e-01
7.477785e-01
7.506584e-01
7.535385e-01
7.564185e-01
7.592985e-01
7.621785e-01
7.650585e-01
7.679385e-01
7.708186e-01
7.736985e-01
7.765785e-01
7.794586e-01
7.823385e-01
7.852186e-01
7.880986e-01
7.909786e-01
7.938586e-01
7.967387e-01
7.996186e-01
8.024987e-01
8.053787e-01
8.082587e-01
8.111387e-01
8.140187e-01
8.168987e-01
8.197787e-01
8.226588e-01
8.255387e-01
8.284188e-01
8.312988e-01
8.341788e-01
8.370588e-01
8.399388e-01
8.428188e-01
8.456988e-01
8.485788e-01
8.514588e-01
8.543389e-01
8.572188e-01
8.600989e-01
8.629789e-01
8.658589e-01
8.687389e-01
8.716190e-01
8.744989e-01
8.773790e-01
8.802590e-01
8.831389e-01
8.860190e-01
8.888990e-01
8.917790e-01
8.946590e-01
8.975391e-01
9.004190e-01
9.032991e-01
9.061791e-01
9.090591e-01
9.119391e-01
9.148191e-01
9.176991e-01
9.205791e-01
9.234591e-01
9.263391e-01
9.292192e-01
9.320991e-01
9.349792e-01
9.378592e-01
9.407392e-01
9.436192e-01
9.464993e-01
9.493792e-01
9.522592e-01
9.551393e-01
9.580192e-01
9.608993e-01
9.637793e-01
9.666593e-01
9.695393e-01
9.724193e-01
9.752994e-01
9.781794e-01
9.810593e-01
9.839394e-01
9.868194e-01
9.896993e-01
9.925794e-01
9.954594e-01
9.983394e-01
1.001219e+00
1.004100e+00
1.006980e+00
1.009860e+00
1.012739e+00
1.015619e+00
1.018499e+00
1.021380e+00
1.024260e+00
1.027140e+00
1.030019e+00
1.032899e+00
1.035779e+00
1.038660e+00
1.041540e+00
1.044420e+00
1.047300e+00
1.050179e+00
1.053059e+00
1.055940e+00
1.058820e+00
1.061700e+00
1.064580e+00
1.067459e+00
1.070339e+00
1.073220e+00
1.076100e+00
1.078980e+00
1.081860e+00
1.084740e+00
1.087619e+00
1.090500e+00
1.093380e+00
1.096260e+00
1.099140e+00
1.102020e+00
1.104899e+00
1.107780e+00
1.110660e+00
1.113540e+00
1.116420e+00
1.119300e+00
1.122180e+00
1.125060e+00
1.127940e+00
1.130820e+00
1.133700e+00
1.136580e+00
1.139460e+00
1.142340e+00
1.145220e+00
1.148100e+00
1.150980e+00
1.153270e+00
1.155559e+00
1.157850e+00
1.160140e+00
1.162430e+00
1.164719e+00
1.167009e+00
1.169299e+00
1.171589e+00
1.173879e+00
1.176169e+00
1.178459e+00
1.180748e+00
1.183039e+00
1.185329e+00
1.187618e+00
1.189908e+00
1.192198e+00
1.194489e+00
1.196778e+00
1.199068e+00
1.201358e+00
1.203648e+00
1.205937e+00
1.208228e+00
1.210518e+00
1.212807e+00
1.215097e+00
1.217387e+00
1.219678e+00
1.221967e+00
1.224257e+00
1.226547e+00
1.228836e+00
1.231126e+00
1.233417e+00
1.235707e+00
1.237996e+00
1.240286e+00
1.242576e+00
1.244866e+00
1.247156e+00
1.249446e+00
1.251736e+00
1.254025e+00
1.256316e+00
1.258606e+00
1.260895e+00
1.263185e+00
1.265475e+00
1.267765e+00
1.270055e+00
1.272345e+00
1.274635e+00
1.276925e+00
1.279214e+00
1.281505e+00
1.283795e+00
1.286084e+00
1.288374e+00
1.290664e+00
1.292954e+00
1.295244e+00
1.297534e+00
1.299824e+00
1.302113e+00
1.304403e+00
1.306694e+00
1.308984e+00
1.311273e+00
1.313563e+00
1.315853e+00
1.318143e+00
1.320433e+00
1.322723e+00
1.325013e+00
1.327302e+00
1.329592e+00
1.331883e+00
1.334172e+00
1.336462e+00
1.338752e+00
1.341042e+00
1.343332e+00
1.345622e+00
1.347912e+00
1.350202e+00
1.352491e+00
1.354782e+00
1.357072e+00
1.359361e+00
1.361651e+00
1.363941e+00
1.366231e+00
1.368521e+00
1.370811e+00
1.373101e+00
1.375390e+00
1.377680e+00
1.379971e+00
1.382261e+00
1.384550e+00
1.386840e+00
1.389130e+00
1.391420e+00
1.393710e+00
1.396000e+00
1.398290e+00
1.400579e+00
1.402869e+00
1.405160e+00
1.407449e+00
1.409739e+00
1.412029e+00
1.414319e+00
1.416609e+00
1.418899e+00
1.421189e+00
1.423479e+00
1.425768e+00
1.428058e+00
1.430349e+00
1.432638e+00
1.434928e+00
1.437218e+00
1.439508e+00
1.441798e+00
1.444088e+00
1.446378e+00
1.448667e+00
1.450957e+00
1.453247e+00
1.455538e+00
1.457827e+00
1.460117e+00
1.462407e+00
1.464697e+00
1.466987e+00
1.469277e+00
1.471567e+00
1.473856e+00
1.476146e+00
1.478437e+00
1.480726e+00
1.483016e+00
1.485306e+00
1.487596e+00
1.489885e+00
1.492176e+00
1.494466e+00
1.496756e+00
1.499045e+00
1.501335e+00
1.503626e+00
1.505915e+00
1.508205e+00
1.510495e+00
1.512785e+00
1.515074e+00
1.517365e+00
1.519655e+00
1.521944e+00
1.524234e+00
1.526524e+00
1.528815e+00
1.531104e+00
1.533394e+00
1.535684e+00
1.537974e+00
1.540264e+00
1.542554e+00
1.544844e+00
1.547133e+00
1.549423e+00
1.551713e+00
1.554003e+00
1.556293e+00
1.558583e+00
1.560873e+00
1.563162e+00
1.565453e+00
1.567743e+00
1.570033e+00
1.572322e+00
1.574612e+00
1.576902e+00
1.579192e+00
1.581482e+00
1.583772e+00
1.586062e+00
1.588351e+00
1.590642e+00
1.592932e+00
1.595221e+00
1.597511e+00
1.599801e+00
1.602092e+00
1.604381e+00
1.606671e+00
1.608961e+00
1.611251e+00
1.613540e+00
1.615831e+00
1.618121e+00
1.620410e+00
1.622700e+00
1.624990e+00
1.627280e+00
1.629570e+00
1.631860e+00
1.634150e+00
1.636439e+00
1.638729e+00
1.641020e+00
1.643310e+00
1.645599e+00
1.647889e+00
1.650179e+00
1.652469e+00
1.654759e+00
1.657049e+00
1.659339e+00
1.661628e+00
1.663919e+00
1.666209e+00
1.668498e+00
1.670788e+00
1.673078e+00
1.675368e+00
1.677658e+00
1.679948e+00
1.682238e+00
1.684528e+00
1.686817e+00
1.689108e+00
1.691398e+00
1.693687e+00
1.695977e+00
1.698267e+00
1.700557e+00
1.702847e+00
1.705137e+00
1.707427e+00
1.709716e+00
1.712006e+00
1.714297e+00
1.716587e+00
1.718876e+00
1.721166e+00
1.723456e+00
1.725746e+00
1.728036e+00
1.730326e+00
1.732616e+00
1.734905e+00
1.737195e+00
1.739486e+00
1.741775e+00
1.744065e+00
1.746355e+00
1.748645e+00
1.750935e+00
1.753225e+00
1.755515e+00
1.757805e+00
1.760094e+00
1.762385e+00
1.764675e+00
1.766964e+00
1.769254e+00
1.771544e+00
1.773834e+00
1.776124e+00
1.778414e+00
1.780704e+00
1.782993e+00
1.785283e+00
1.787574e+00
1.789864e+00
1.792153e+00
1.794443e+00
1.796733e+00
1.799023e+00
1.801313e+00
1.803603e+00
1.805893e+00
1.808182e+00
1.810472e+00
1.812763e+00
1.815052e+00
1.817342e+00
1.819632e+00
1.821922e+00
1.824212e+00
1.826502e+00
1.828792e+00
1.831082e+00
1.833371e+00
1.835661e+00
1.837952e+00
1.840241e+00
1.842531e+00
1.846789e+00
1.851047e+00
1.855306e+00
1.859564e+00
1.863822e+00
1.868080e+00
1.872338e+00
1.876596e+00
1.880854e+00
1.885113e+00
1.889371e+00
1.893629e+00
1.897887e+00
1.902145e+00
1.906402e+00
1.910661e+00
1.914919e+00
1.919177e+00
1.923435e+00
1.927693e+00
1.931951e+00
1.936210e+00
1.940468e+00
1.944726e+00
1.948984e+00
1.953242e+00
1.957500e+00
1.961758e+00
1.966017e+00
1.970275e+00
1.974533e+00
1.978791e+00
1.983049e+00
1.987307e+00
1.991566e+00
1.995824e+00
2.000082e+00
2.004340e+00
2.008598e+00
2.012856e+00
2.017114e+00
2.021373e+00
2.025631e+00
2.029888e+00
2.034146e+00
2.038404e+00
2.042662e+00
2.046921e+00
2.051179e+00
2.055437e+00
2.059695e+00
2.063953e+00
2.068211e+00
2.072470e+00
2.076728e+00
2.080986e+00
2.085244e+00
2.089502e+00
2.093760e+00
2.098018e+00
2.102277e+00
2.106535e+00
2.110793e+00
2.115051e+00
2.119309e+00
2.123567e+00
2.127825e+00
2.132084e+00
2.136342e+00
2.140600e+00
2.144858e+00
2.149115e+00
2.153374e+00
2.157632e+00
2.161890e+00
2.166148e+00
2.170406e+00
2.174664e+00
2.178922e+00
2.183181e+00
2.187439e+00
2.191697e+00
2.195955e+00
2.200213e+00
2.204471e+00
2.208729e+00
2.212988e+00
2.217246e+00
2.221504e+00
2.225762e+00
2.230020e+00
2.234278e+00
2.238537e+00
2.242795e+00
2.247053e+00
2.251311e+00
2.255569e+00
2.259827e+00
2.264085e+00
2.268344e+00
2.272601e+00
2.276859e+00
2.281117e+00
2.285375e+00
2.289633e+00
2.293892e+00
2.298150e+00
2.302408e+00
2.306666e+00
2.310924e+00
2.315182e+00
2.319441e+00
2.323699e+00
2.327957e+00
2.332215e+00
2.336473e+00
2.340731e+00
2.344989e+00
2.349248e+00
2.353506e+00
2.357764e+00
2.362022e+00
2.366280e+00
2.370538e+00
2.374796e+00
2.379055e+00
2.383313e+00
2.387571e+00
2.391829e+00
2.396086e+00
2.400345e+00
2.404603e+00
2.408861e+00
2.413119e+00
2.417377e+00
2.421635e+00
2.425893e+00
2.430152e+00
2.434410e+00
2.438668e+00
2.442926e+00
2.447184e+00
2.451442e+00
2.455700e+00
2.459959e+00
2.464217e+00
2.468475e+00
2.472733e+00
2.476991e+00
2.481249e+00
2.485508e+00
2.489766e+00
2.494024e+00
2.498282e+00
2.502540e+00
2.506798e+00
2.511056e+00
2.515314e+00
2.519572e+00
2.523830e+00
2.528088e+00
2.532346e+00
2.536604e+00
2.540863e+00
2.545121e+00
2.549379e+00
2.553637e+00
2.557895e+00
2.562153e+00
2.566412e+00
2.570670e+00
2.574928e+00
2.579186e+00
2.583444e+00
2.587702e+00
2.591960e+00
2.596219e+00
2.600477e+00
2.604735e+00
2.608993e+00
2.613251e+00
2.617509e+00
2.621767e+00
2.626026e+00
2.630284e+00
2.634542e+00
2.638799e+00
2.643057e+00
2.647316e+00
2.651574e+00
2.655832e+00
2.660090e+00
2.664348e+00
2.668606e+00
2.672864e+00
2.677123e+00
2.681381e+00
2.685639e+00
2.689897e+00
2.694155e+00
2.698413e+00
2.701729e+00
2.705045e+00
2.708361e+00
2.711676e+00
2.714993e+00
2.718308e+00
2.721624e+00
2.724940e+00
2.728255e+00
2.731572e+00
2.734887e+00
2.738203e+00
2.741519e+00
2.744835e+00
2.748150e+00
2.751466e+00
2.754782e+00
2.758097e+00
2.761414e+00
2.764729e+00
2.768046e+00
2.771361e+00
2.774676e+00
2.777993e+00
2.781308e+00
2.784624e+00
2.787940e+00
2.791256e+00
2.794571e+00
2.797888e+00
2.801203e+00
2.804518e+00
2.807835e+00
2.811150e+00
2.814467e+00
2.817782e+00
2.821098e+00
2.824414e+00
2.827730e+00
2.831045e+00
2.834361e+00
2.837677e+00
2.840992e+00
2.844309e+00
2.847624e+00
2.850940e+00
2.854256e+00
2.857572e+00
2.860888e+00
2.864203e+00
2.867519e+00
2.870835e+00
2.874151e+00
2.877466e+00
2.880783e+00
2.884098e+00
2.887413e+00
2.890730e+00
2.894045e+00
2.897361e+00
2.900677e+00
2.903993e+00
2.907309e+00
2.910625e+00
2.913940e+00
2.917256e+00
2.920572e+00
2.923887e+00
2.927204e+00
2.930519e+00
2.933835e+00
2.937151e+00
2.940467e+00
2.943783e+00
2.947098e+00
2.950414e+00
2.953730e+00
2.957046e+00
2.960361e+00
2.963678e+00
2.966993e+00
2.970309e+00
2.973625e+00
2.976940e+00
2.980256e+00
2.983572e+00
2.986888e+00
2.990204e+00
2.993520e+00
2.996835e+00
3.000151e+00
3.003467e+00
3.006782e+00
3.010099e+00
3.013414e+00
3.016730e+00
3.020046e+00
3.023362e+00
3.026677e+00
3.029993e+00
3.033309e+00
3.036625e+00
3.039941e+00
3.043256e+00
3.046573e+00
3.049888e+00
3.053204e+00
3.056520e+00
3.059835e+00
3.063151e+00
3.066467e+00
3.069783e+00
3.073098e+00
3.076415e+00
3.079730e+00
3.083046e+00
3.086362e+00
3.089677e+00
3.092994e+00
3.096309e+00
3.099625e+00
3.102941e+00
3.106257e+00
3.109572e+00
3.112888e+00
3.116204e+00
3.119519e+00
3.122836e+00
3.126151e+00
3.129468e+00
3.132783e+00
3.136099e+00
3.139415e+00
3.142730e+00
3.146046e+00
3.149362e+00
3.152678e+00
3.155993e+00
3.159310e+00
3.162625e+00
3.165941e+00
3.169257e+00
3.172572e+00
3.175889e+00
3.179204e+00
3.182520e+00
3.185836e+00
3.189152e+00
3.192467e+00
3.195783e+00
3.199099e+00
3.202414e+00
3.205731e+00
3.209046e+00
3.212363e+00
3.215678e+00
3.218994e+00
3.222310e+00
3.225625e+00
3.228941e+00
3.232257e+00
3.235573e+00
3.238888e+00
3.242205e+00
3.245520e+00
3.248836e+00
3.252152e+00
3.255467e+00
3.258784e+00
3.262099e+00
3.265415e+00
3.268731e+00
3.272047e+00
3.275362e+00
3.278678e+00
3.281994e+00
3.285309e+00
3.288626e+00
3.291941e+00
3.295257e+00
3.298573e+00
3.301889e+00
3.305205e+00
3.308520e+00
3.311836e+00
3.315152e+00
3.318468e+00
3.321783e+00
3.325100e+00
3.328415e+00
3.331731e+00
3.335047e+00
3.338362e+00
3.341678e+00
3.344994e+00
3.348310e+00
3.351626e+00
3.354942e+00
3.358257e+00
3.361573e+00
3.364889e+00
3.368740e+00
3.372592e+00
3.376443e+00
3.380295e+00
3.384147e+00
3.387998e+00
3.391850e+00
3.395701e+00
3.399552e+00
3.403405e+00
3.407256e+00
3.411108e+00
3.414959e+00
3.418810e+00
3.422662e+00
3.426514e+00
3.430365e+00
3.434217e+00
3.438068e+00
3.441920e+00
3.445771e+00
3.449622e+00
3.453475e+00
3.457326e+00
3.461178e+00
3.465029e+00
3.468880e+00
3.472732e+00
3.476584e+00
3.480435e+00
3.484287e+00
3.488138e+00
3.491990e+00
3.495841e+00
3.499693e+00
3.503545e+00
3.507396e+00
3.511248e+00
3.515099e+00
3.518950e+00
3.522803e+00
3.526654e+00
3.530505e+00
3.534357e+00
3.538208e+00
3.542060e+00
3.545911e+00
3.549763e+00
3.553615e+00
3.557466e+00
3.561318e+00
3.565169e+00
3.569020e+00
3.572873e+00
3.576724e+00
3.580576e+00
3.584427e+00
3.588278e+00
3.592130e+00
3.595982e+00
3.599833e+00
3.603685e+00
3.607536e+00
3.611388e+00
3.615239e+00
3.619090e+00
3.622943e+00
3.626794e+00
3.630646e+00
3.634497e+00
3.638348e+00
3.642200e+00
3.646052e+00
3.649903e+00
3.653755e+00
3.657606e+00
3.661458e+00
3.665309e+00
3.669161e+00
3.673013e+00
3.676864e+00
3.680716e+00
3.684567e+00
3.688418e+00
3.692271e+00
3.696122e+00
3.699973e+00
3.703825e+00
3.707676e+00
3.711528e+00
3.715379e+00
3.719231e+00
3.723083e+00
3.726934e+00
3.730786e+00
3.734637e+00
3.738488e+00
3.742341e+00
3.746192e+00
3.750044e+00
3.753895e+00
3.757746e+00
3.761598e+00
3.765450e+00
3.769301e+00
3.773153e+00
3.777004e+00
3.780856e+00
3.784707e+00
3.788558e+00
3.792411e+00
3.796262e+00
3.800114e+00
3.803965e+00
3.807816e+00
3.811668e+00
3.815520e+00
3.819371e+00
3.823223e+00
3.827074e+00
3.830926e+00
3.834777e+00
3.838629e+00
3.842481e+00
3.846332e+00
3.850184e+00
3.854035e+00
3.857886e+00
3.861739e+00
3.865590e+00
3.869441e+00
3.873293e+00
3.877144e+00
3.880996e+00
3.884847e+00
3.888699e+00
3.892551e+00
3.896402e+00
3.900254e+00
3.904105e+00
3.907956e+00
3.911809e+00
3.915660e+00
3.919512e+00
3.923363e+00
3.927214e+00
3.931066e+00
3.934918e+00
3.938769e+00
3.942621e+00
3.946472e+00
3.950324e+00
3.954175e+00
3.958026e+00
3.961879e+00
3.965730e+00
3.969582e+00
3.973433e+00
3.977284e+00
3.981136e+00
3.984988e+00
3.988839e+00
3.992691e+00
3.996542e+00
4.000394e+00
4.004245e+00
4.008097e+00
4.011949e+00
4.015800e+00
4.019652e+00
4.023503e+00
4.027354e+00
4.031206e+00
4.035058e+00
4.038909e+00
4.042761e+00
4.046612e+00
4.050464e+00
4.054315e+00
4.058167e+00
4.062019e+00
4.065870e+00
4.069722e+00
4.073573e+00
4.077424e+00
4.081277e+00
4.085128e+00
4.088980e+00
4.092831e+00
4.096682e+00
4.100534e+00
4.104386e+00
4.108237e+00
4.112089e+00
4.115940e+00
4.119792e+00
4.123643e+00
4.127494e+00
4.131347e+00
4.135198e+00
4.139050e+00
4.142901e+00
4.146752e+00
4.150604e+00
4.154456e+00
4.158307e+00
4.162159e+00
4.166010e+00
4.169862e+00
4.173713e+00
4.177565e+00
4.181417e+00
4.185268e+00
4.189120e+00
4.192971e+00
4.196822e+00
4.200674e+00
4.204526e+00
4.208377e+00
4.212229e+00
4.216080e+00
4.219932e+00
4.223783e+00
4.227635e+00
4.231487e+00
4.235338e+00
4.239190e+00
4.243041e+00
4.246892e+00
4.250745e+00
4.254596e+00
4.258447e+00
4.262299e+00
4.266150e+00
4.270002e+00
4.273854e+00
4.277705e+00
4.281557e+00
4.285408e+00
4.289260e+00
4.293111e+00
4.296962e+00
4.300815e+00
4.304666e+00
4.308518e+00
4.312369e+00
4.316220e+00
4.320072e+00
4.323924e+00
4.327775e+00
4.331627e+00
4.335478e+00
4.339330e+00
4.343181e+00
4.347033e+00
4.350885e+00
4.354736e+00
4.358588e+00
4.362439e+00
4.366290e+00
4.370142e+00
4.373994e+00
4.377845e+00
4.381697e+00
4.385548e+00
4.389400e+00
4.393251e+00
4.397103e+00
4.400955e+00
4.404806e+00
4.408658e+00
4.412509e+00
4.416360e+00
4.420213e+00
4.424064e+00
4.427915e+00
4.431767e+00
4.435618e+00
4.439470e+00
4.443322e+00
4.447173e+00
4.451025e+00
4.454876e+00
4.458728e+00
4.462579e+00
4.466430e+00
4.470283e+00
4.474134e+00
4.477986e+00
4.481837e+00
4.485688e+00
4.489540e+00
4.493392e+00
4.497243e+00
4.501095e+00
4.504946e+00
4.508798e+00
4.512649e+00
4.516501e+00
4.520353e+00
4.524204e+00
4.528056e+00
4.532369e+00
4.536681e+00
4.540995e+00
4.545307e+00
4.549621e+00
4.553933e+00
4.558246e+00
4.562560e+00
4.566872e+00
4.571185e+00
4.575498e+00
4.579811e+00
4.584124e+00
4.588437e+00
4.592750e+00
4.597063e+00
4.601376e+00
4.605689e+00
4.610002e+00
4.614315e+00
4.618628e+00
4.622941e+00
4.627254e+00
4.631567e+00
4.635880e+00
4.640193e+00
4.644505e+00
4.648819e+00
4.653132e+00
4.657444e+00
4.661758e+00
4.666070e+00
4.670384e+00
4.674697e+00
4.679009e+00
4.683323e+00
4.687635e+00
4.691949e+00
4.696261e+00
4.700574e+00
4.704888e+00
4.709200e+00
4.713514e+00
4.717826e+00
4.722139e+00
4.726452e+00
4.730765e+00
4.735079e+00
4.739391e+00
4.743704e+00
4.748017e+00
4.752330e+00
4.756643e+00
4.760956e+00
4.765269e+00
4.769582e+00
4.773895e+00
4.778208e+00
4.782521e+00
4.786833e+00
4.791147e+00
4.795460e+00
4.799773e+00
4.804086e+00
4.808398e+00
4.812712e+00
4.817024e+00
4.821338e+00
4.825651e+00
4.829963e+00
4.834277e+00
4.838589e+00
4.842902e+00
4.847215e+00
4.851528e+00
4.855842e+00
4.860154e+00
4.864467e+00
4.868780e+00
4.873093e+00
4.877406e+00
4.881719e+00
4.886032e+00
4.890345e+00
4.894658e+00
4.898971e+00
4.903284e+00
4.907597e+00
4.911910e+00
4.916223e+00
4.920536e+00
4.924849e+00
4.929161e+00
4.933475e+00
4.937788e+00
4.942101e+00
4.946414e+00
4.950726e+00
4.955040e+00
4.959352e+00
4.963666e+00
4.967979e+00
4.972291e+00
4.976605e+00
4.980917e+00
4.985231e+00
4.989543e+00
4.993856e+00
4.998170e+00
5.002482e+00
5.006796e+00
5.011108e+00
5.015421e+00
5.019734e+00
5.024047e+00
5.028361e+00
5.032673e+00
5.036986e+00
5.041299e+00
5.045612e+00
5.049925e+00
5.054238e+00
5.058551e+00
5.062864e+00
5.067177e+00
5.071490e+00
5.075803e+00
5.080115e+00
5.084429e+00
5.088742e+00
5.093055e+00
5.097368e+00
5.101680e+00
5.105994e+00
5.110306e+00
5.114620e+00
5.118933e+00
5.123245e+00
5.127559e+00
5.131871e+00
5.136184e+00
5.140497e+00
5.144810e+00
5.149124e+00
5.153436e+00
5.157749e+00
5.162062e+00
5.166375e+00
5.170688e+00
5.175001e+00
5.179314e+00
5.183627e+00
5.187940e+00
5.192253e+00
5.196566e+00
5.200878e+00
5.205192e+00
5.209505e+00
5.213818e+00
5.218131e+00
5.222443e+00
5.226757e+00
5.231070e+00
5.235383e+00
5.239696e+00
5.244008e+00
5.248322e+00
5.252634e+00
5.256948e+00
5.261261e+00
5.265573e+00
5.269887e+00
5.274199e+00
5.278513e+00
5.282825e+00
5.287138e+00
5.291452e+00
5.295764e+00
5.300078e+00
5.304390e+00
5.308703e+00
5.313016e+00
5.317329e+00
5.321642e+00
5.325955e+00
5.330268e+00
5.334581e+00
5.338894e+00
5.343207e+00
5.347520e+00
5.351833e+00
5.356146e+00
5.360459e+00
5.364772e+00
5.369085e+00
5.373397e+00
5.377711e+00
5.382024e+00
5.386337e+00
5.390650e+00
5.394962e+00
5.399276e+00
5.403588e+00
5.407901e+00
5.412215e+00
5.416527e+00
5.420841e+00
5.425153e+00
5.429466e+00
5.433779e+00
5.438092e+00
5.442406e+00
5.446718e+00
5.451031e+00
5.455344e+00
5.459657e+00
5.463970e+00
5.468283e+00
5.472596e+00
5.476909e+00
5.481222e+00
5.485535e+00
5.489848e+00
5.494161e+00
5.498474e+00
5.502787e+00
5.507100e+00
5.511413e+00
5.515725e+00
5.520039e+00
5.524352e+00
5.528665e+00
5.532978e+00
5.537290e+00
5.541604e+00
5.545916e+00
5.550230e+00
5.554543e+00
5.558855e+00
5.563169e+00
5.567481e+00
5.571795e+00
5.576107e+00
5.580420e+00
5.584734e+00
5.589046e+00
5.593359e+00
5.597672e+00
5.601985e+00
5.606298e+00
5.610611e+00
5.614924e+00
5.619237e+00
5.623550e+00
5.627863e+00
5.632176e+00
5.636489e+00
5.640802e+00
5.645115e+00
5.649428e+00
5.653741e+00
5.658054e+00
5.662367e+00
5.666679e+00
5.670993e+00
5.675306e+00
5.679618e+00
5.683932e+00
5.688244e+00
5.692558e+00
5.696870e+00
5.701183e+00
5.705497e+00
5.709809e+00
5.714123e+00
5.718435e+00
5.722748e+00
5.727061e+00
5.731374e+00
5.735688e+00
5.740000e+00
5.744313e+00
5.748626e+00
5.752939e+00
5.757253e+00
5.761565e+00
5.765878e+00
5.770191e+00
5.774504e+00
5.778817e+00
5.783130e+00
5.787443e+00
5.791756e+00
5.796069e+00
5.800382e+00
5.804695e+00
5.809007e+00
5.813321e+00
5.817634e+00
5.821947e+00
5.826260e+00
5.830572e+00
5.834886e+00
5.839198e+00
5.843512e+00
5.847825e+00
5.852137e+00
5.856451e+00
5.860763e+00
5.865076e+00
5.869389e+00
5.873702e+00
5.878016e+00
5.882328e+00
5.886641e+00
5.890954e+00
5.895267e+00
5.899580e+00
5.903893e+00
5.908206e+00
5.912519e+00
5.916832e+00
5.921145e+00
5.925458e+00
5.929771e+00
5.934084e+00
5.938397e+00
5.942710e+00
5.947023e+00
5.951335e+00
5.955649e+00
5.959961e+00
5.964275e+00
5.968588e+00
5.972900e+00
5.977214e+00
5.981526e+00
5.985840e+00
5.990152e+00
5.994465e+00
5.998779e+00
6.003091e+00
6.007405e+00
6.011717e+00
6.016030e+00
6.020344e+00
6.024656e+00
6.028970e+00
6.033282e+00
6.037595e+00
6.041908e+00
6.046221e+00
6.050535e+00
6.054847e+00
6.059160e+00
6.063473e+00
6.067786e+00
6.072099e+00
6.076412e+00
6.080725e+00
6.085038e+00
6.089351e+00
6.093664e+00
6.097977e+00
6.102289e+00
6.106603e+00
6.110916e+00
6.115229e+00
6.119542e+00
6.123854e+00
6.128168e+00
6.132480e+00
6.136793e+00
6.141107e+00
6.145419e+00
6.149733e+00
6.154045e+00
6.158358e+00
6.162671e+00
6.166984e+00
6.171298e+00
6.175610e+00
6.179923e+00
6.184236e+00
6.188549e+00
6.192862e+00
6.197175e+00
6.201488e+00
6.205801e+00
6.210114e+00
6.214427e+00
6.218740e+00
6.223052e+00
6.227366e+00
6.231679e+00
6.235992e+00
6.240305e+00
6.244617e+00
6.248931e+00
6.253243e+00
6.257557e+00
6.261870e+00
6.266182e+00
6.270496e+00
6.274808e+00
6.279122e+00
6.283434e+00
6.287747e+00
6.292061e+00
6.296373e+00
6.300687e+00
6.304999e+00
6.309312e+00
6.313626e+00
6.317938e+00
6.322252e+00
6.326564e+00
6.330877e+00
6.335190e+00
6.339503e+00
6.343816e+00
6.348129e+00
6.352442e+00
6.356755e+00
6.361068e+00
6.365381e+00
6.369694e+00
6.374007e+00
6.378320e+00
6.382633e+00
6.386946e+00
6.391259e+00
6.395571e+00
6.399885e+00
6.404198e+00
6.408511e+00
6.412824e+00
6.417136e+00
6.421450e+00
6.425762e+00
6.430075e+00
6.434389e+00
6.438701e+00
6.443015e+00
6.447327e+00
6.451640e+00
6.455953e+00
6.460266e+00
6.464580e+00
6.468892e+00
6.473205e+00
6.477518e+00
6.481831e+00
6.486144e+00
6.490457e+00
6.494770e+00
6.499083e+00
6.503396e+00
6.507709e+00
6.512022e+00
6.516334e+00
6.520648e+00
6.524961e+00
6.529274e+00
6.533587e+00
6.537899e+00
6.542213e+00
6.546525e+00
6.550839e+00
6.555152e+00
6.559464e+00
6.563778e+00
6.568090e+00
6.572404e+00
6.576717e+00
6.581029e+00
6.585343e+00
6.589655e+00
6.593969e+00
6.598281e+00
6.602594e+00
6.606908e+00
6.611220e+00
6.615533e+00
6.619846e+00
6.624159e+00
6.628472e+00
6.632785e+00
6.637098e+00
6.641411e+00
6.645724e+00
6.650037e+00
6.654350e+00
6.658663e+00
6.662976e+00
6.667289e+00
6.671602e+00
6.675915e+00
6.680228e+00
6.684541e+00
6.688853e+00
6.693167e+00
6.694387e+00
6.695608e+00
6.696828e+00
6.698048e+00
6.699269e+00
6.700489e+00
6.701710e+00
6.702931e+00
6.704151e+00
6.705372e+00
6.706592e+00
6.707813e+00
6.709033e+00
6.710253e+00
6.711474e+00
6.712694e+00
6.713915e+00
6.715135e+00
6.716356e+00
6.717576e+00
6.718796e+00
6.720017e+00
6.721238e+00
6.722458e+00
6.723679e+00
6.724899e+00
6.726120e+00
6.727340e+00
6.728561e+00
6.729781e+00
6.731001e+00
6.732222e+00
6.733442e+00
6.734663e+00
6.735883e+00
6.737104e+00
6.738324e+00
6.739544e+00
6.740766e+00
6.741986e+00
6.743207e+00
6.744427e+00
6.745647e+00
6.746868e+00
6.748088e+00
6.749309e+00
6.750529e+00
6.751749e+00
6.752970e+00
6.754190e+00
6.755411e+00
6.756631e+00
6.757852e+00
6.759073e+00
6.760293e+00
6.761514e+00
6.762734e+00
6.763955e+00
6.765175e+00
6.766395e+00
6.767616e+00
6.768836e+00
6.770057e+00
6.771277e+00
6.772497e+00
6.773718e+00
6.774938e+00
6.776159e+00
6.777380e+00
6.778600e+00
6.779821e+00
6.781041e+00
6.782262e+00
6.783482e+00
6.784703e+00
6.785923e+00
6.787143e+00
6.788364e+00
6.789584e+00
6.790805e+00
6.792025e+00
6.793245e+00
6.794466e+00
6.795687e+00
6.796908e+00
6.798128e+00
6.799348e+00
6.800569e+00
6.801789e+00
6.803010e+00
6.804230e+00
6.805451e+00
6.806671e+00
6.807891e+00
6.809112e+00
6.810332e+00
6.811553e+00
6.812773e+00
6.813993e+00
6.815215e+00
6.816435e+00
6.817656e+00
6.818876e+00
6.820096e+00
6.821317e+00
6.822537e+00
6.823758e+00
6.824978e+00
6.826199e+00
6.827419e+00
6.828639e+00
6.829860e+00
6.831080e+00
6.832301e+00
6.833522e+00
6.834742e+00
6.835963e+00
6.837183e+00
6.838404e+00
6.839624e+00
6.840844e+00
6.842065e+00
6.843285e+00
6.844506e+00
6.845726e+00
6.846947e+00
6.848167e+00
6.849387e+00
6.850608e+00
6.851829e+00
6.853050e+00
6.854270e+00
6.855490e+00
6.856711e+00
6.857931e+00
6.859152e+00
6.860372e+00
6.861592e+00
6.862813e+00
6.864033e+00
6.865254e+00
6.866474e+00
6.867695e+00
6.868915e+00
6.870136e+00
6.871357e+00
6.872577e+00
6.873798e+00
6.875018e+00
6.876238e+00
6.877459e+00
6.878679e+00
6.879900e+00
6.881120e+00
6.882340e+00
6.883561e+00
6.884781e+00
6.886002e+00
6.887222e+00
6.888443e+00
6.889664e+00
6.890884e+00
6.892105e+00
6.893325e+00
6.894546e+00
6.895766e+00
6.896986e+00
6.898207e+00
6.899427e+00
6.900648e+00
6.901868e+00
6.903088e+00
6.904309e+00
6.905529e+00
6.906750e+00
6.907971e+00
6.909191e+00
6.910412e+00
6.911632e+00
6.912853e+00
6.914073e+00
6.915294e+00
6.916514e+00
6.917734e+00
6.918955e+00
6.920175e+00
6.921396e+00
6.922616e+00
6.923836e+00
6.925057e+00
6.926278e+00
6.927499e+00
6.928719e+00
6.929939e+00
6.931160e+00
6.932380e+00
6.933601e+00
6.934821e+00
6.936042e+00
6.937262e+00
6.938482e+00
6.939703e+00
6.940923e+00
6.942144e+00
6.943364e+00
6.944585e+00
6.945806e+00
6.947026e+00
6.948247e+00
6.949467e+00
6.950687e+00
6.951908e+00
6.953128e+00
6.954349e+00
6.955569e+00
6.956790e+00
6.958010e+00
6.959230e+00
6.960451e+00
6.961671e+00
6.962892e+00
6.964113e+00
6.965333e+00
6.966554e+00
6.967774e+00
6.968995e+00
6.970215e+00
6.971435e+00
6.972656e+00
6.973876e+00
6.975097e+00
6.976317e+00
6.977538e+00
6.978758e+00
6.979978e+00
6.981199e+00
6.982420e+00
6.983641e+00
6.984861e+00
6.986081e+00
6.987302e+00
6.988522e+00
6.989743e+00
6.990963e+00
6.992183e+00
6.993404e+00
6.994624e+00
6.995845e+00
6.997065e+00
6.998286e+00
6.999506e+00
7.000727e+00
7.001948e+00
7.003168e+00
7.004389e+00
7.005609e+00
7.006829e+00
7.008050e+00
7.009270e+00
7.010491e+00
7.011711e+00
7.012932e+00
7.014152e+00
7.015372e+00
7.016593e+00
7.017813e+00
7.019034e+00
7.020255e+00
7.021475e+00
7.022696e+00
7.023916e+00
7.025137e+00
7.026357e+00
7.027577e+00
7.028798e+00
7.030018e+00
7.031239e+00
7.032459e+00
7.033680e+00
7.034900e+00
7.036120e+00
7.037342e+00
7.038562e+00
7.039783e+00
7.041003e+00
7.042223e+00
7.043444e+00
7.044664e+00
7.045885e+00
7.047105e+00
7.048325e+00
7.049546e+00
7.050766e+00
7.051987e+00
7.053207e+00
7.054428e+00
7.055648e+00
7.056869e+00
7.058090e+00
7.059310e+00
7.060531e+00
7.061751e+00
7.062971e+00
7.064192e+00
7.065412e+00
7.066633e+00
7.067853e+00
7.069073e+00
7.070294e+00
7.071514e+00
7.072735e+00
7.073955e+00
7.075176e+00
7.076397e+00
7.077617e+00
7.078838e+00
7.080058e+00
7.081279e+00
7.082499e+00
7.083719e+00
7.084940e+00
7.086160e+00
7.087381e+00
7.088601e+00
7.089821e+00
7.091042e+00
7.092262e+00
7.093484e+00
7.094704e+00
7.095924e+00
7.097145e+00
7.098365e+00
7.099586e+00
7.100806e+00
7.102027e+00
7.103247e+00
7.104467e+00
7.105688e+00
7.106908e+00
7.108129e+00
7.109349e+00
7.110569e+00
7.111791e+00
7.113011e+00
7.114232e+00
7.115452e+00
7.116672e+00
7.117893e+00
7.119113e+00
7.120334e+00
7.121554e+00
7.122775e+00
7.123995e+00
7.125215e+00
7.126436e+00
7.127656e+00
7.128877e+00
7.130097e+00
7.131318e+00
7.132539e+00
7.133759e+00
7.134980e+00
7.136200e+00
7.137420e+00
7.138641e+00
7.139861e+00
7.141082e+00
7.142302e+00
7.143523e+00
7.144743e+00
7.145963e+00
7.147184e+00
7.148404e+00
7.149626e+00
7.150846e+00
7.152066e+00
7.153287e+00
7.154507e+00
7.155728e+00
7.156948e+00
7.158168e+00
7.159389e+00
7.160609e+00
7.161830e+00
7.163050e+00
7.164271e+00
7.165491e+00
7.166711e+00
7.167933e+00
7.169153e+00
7.170374e+00
7.171594e+00
7.172814e+00
7.174035e+00
7.175255e+00
7.176476e+00
7.177696e+00
7.178916e+00
7.180137e+00
7.181357e+00
7.182578e+00
7.183798e+00
7.185019e+00
7.186240e+00
7.187460e+00
7.188681e+00
7.189901e+00
7.191122e+00
7.192342e+00
7.193562e+00
7.194783e+00
7.196003e+00
7.197224e+00
7.198444e+00
7.199664e+00
7.200885e+00
7.202105e+00
7.203326e+00
7.204546e+00
7.205767e+00
7.206988e+00
7.208208e+00
7.209429e+00
7.210649e+00
7.211870e+00
7.213090e+00
7.214310e+00
7.215531e+00
7.216751e+00
7.217972e+00
7.219192e+00
7.220412e+00
7.221633e+00
7.222853e+00
7.224075e+00
7.225295e+00
7.226515e+00
7.227736e+00
7.228956e+00
7.230177e+00
7.231397e+00
7.232618e+00
7.233838e+00
7.235058e+00
7.236279e+00
7.237499e+00
7.238720e+00
7.239940e+00
7.241160e+00
7.242382e+00
7.243602e+00
7.244823e+00
7.246043e+00
7.247263e+00
7.248484e+00
7.249704e+00
7.250925e+00
7.252145e+00
7.253366e+00
7.254586e+00
7.255806e+00
7.257027e+00
7.258247e+00
7.259468e+00
7.260689e+00
7.261909e+00
7.263130e+00
7.264350e+00
7.265571e+00
7.266791e+00
7.268011e+00
7.269232e+00
7.270452e+00
7.271673e+00
7.272893e+00
7.274114e+00
7.275334e+00
7.276554e+00
7.277775e+00
7.278995e+00
7.280217e+00
7.281437e+00
7.282657e+00
7.283878e+00
7.285098e+00
7.286319e+00
7.287539e+00
7.288759e+00
7.289980e+00
7.291200e+00
7.292421e+00
7.293641e+00
7.294862e+00
7.296082e+00
7.297302e+00
7.298524e+00
7.299744e+00
7.300965e+00
7.302185e+00
7.303405e+00
7.304626e+00
7.305846e+00
7.307067e+00
7.308487e+00
7.309908e+00
7.311329e+00
7.312750e+00
7.314170e+00
7.315591e+00
7.317012e+00
7.318432e+00
7.319854e+00
7.321274e+00
7.322694e+00
7.324116e+00
7.325536e+00
7.326957e+00
7.328378e+00
7.329798e+00
7.331219e+00
7.332640e+00
7.334060e+00
7.335481e+00
7.336902e+00
7.338323e+00
7.339743e+00
7.341164e+00
7.342585e+00
7.344006e+00
7.345427e+00
7.346847e+00
7.348268e+00
7.349689e+00
7.351109e+00
7.352530e+00
7.353951e+00
7.355371e+00
7.356793e+00
7.358213e+00
7.359634e+00
7.361055e+00
7.362475e+00
7.363896e+00
7.365317e+00
7.366738e+00
7.368158e+00
7.369579e+00
7.371000e+00
7.372420e+00
7.373842e+00
7.375262e+00
7.376682e+00
7.378104e+00
7.379524e+00
7.380944e+00
7.382366e+00
7.383786e+00
7.385207e+00
7.386628e+00
7.388048e+00
7.389469e+00
7.390890e+00
7.392311e+00
7.393731e+00
7.395152e+00
7.396573e+00
7.397993e+00
7.399415e+00
7.400835e+00
7.402255e+00
7.403677e+00
7.405097e+00
7.406518e+00
7.407939e+00
7.409359e+00
7.410780e+00
7.412201e+00
7.413622e+00
7.415042e+00
7.416463e+00
7.417884e+00
7.419305e+00
7.420725e+00
7.422146e+00
7.423567e+00
7.424988e+00
7.426408e+00
7.427829e+00
7.429250e+00
7.430670e+00
7.432092e+00
7.433512e+00
7.434932e+00
7.436354e+00
7.437774e+00
7.439195e+00
7.440616e+00
7.442036e+00
7.443457e+00
7.444878e+00
7.446299e+00
7.447719e+00
7.449140e+00
7.450561e+00
7.451981e+00
7.453403e+00
7.454823e+00
7.456243e+00
7.457665e+00
7.459085e+00
7.460506e+00
7.461927e+00
7.463347e+00
7.464768e+00
7.466189e+00
7.467609e+00
7.469030e+00
7.470451e+00
7.471872e+00
7.473292e+00
7.474713e+00
7.476134e+00
7.477554e+00
7.478976e+00
7.480396e+00
7.481817e+00
7.483238e+00
7.484658e+00
7.486079e+00
7.487500e+00
7.488920e+00
7.490341e+00
7.491762e+00
7.493183e+00
7.494604e+00
7.496024e+00
7.497445e+00
7.498866e+00
7.500287e+00
7.501707e+00
7.503128e+00
7.504549e+00
7.505969e+00
7.507391e+00
7.508811e+00
7.510231e+00
7.511653e+00
7.513073e+00
7.514493e+00
7.515915e+00
7.517335e+00
7.518756e+00
7.520177e+00
7.521597e+00
7.523018e+00
7.524439e+00
7.525860e+00
7.527280e+00
7.528701e+00
7.530122e+00
7.531542e+00
7.532964e+00
7.534384e+00
7.535804e+00
7.537226e+00
7.538646e+00
7.540067e+00
7.541488e+00
7.542908e+00
7.544329e+00
7.545750e+00
7.547171e+00
7.548591e+00
7.550012e+00
7.551433e+00
7.552853e+00
7.554274e+00
7.555695e+00
7.557115e+00
7.558537e+00
7.559957e+00
7.561378e+00
7.562799e+00
7.564219e+00
7.565640e+00
7.567061e+00
7.568481e+00
7.569902e+00
7.571323e+00
7.572744e+00
7.574165e+00
7.575585e+00
7.577006e+00
7.578427e+00
7.579848e+00
7.581268e+00
7.582689e+00
7.584110e+00
7.585530e+00
7.586952e+00
7.588372e+00
7.589792e+00
7.591214e+00
7.592634e+00
7.594055e+00
7.595476e+00
7.596896e+00
7.598317e+00
7.599738e+00
7.601158e+00
7.602579e+00
7.604000e+00
7.605421e+00
7.606841e+00
7.608262e+00
7.609683e+00
7.611103e+00
7.612525e+00
7.613945e+00
7.615365e+00
7.616787e+00
7.618207e+00
7.619628e+00
7.621049e+00
7.622469e+00
7.623890e+00
7.625311e+00
7.626732e+00
7.628152e+00
7.629573e+00
7.630994e+00
7.632414e+00
7.633836e+00
7.635256e+00
7.636677e+00
7.638098e+00
7.639518e+00
7.640939e+00
7.642360e+00
7.643780e+00
7.645201e+00
7.646622e+00
7.648042e+00
7.649464e+00
7.650884e+00
7.652305e+00
7.653726e+00
7.655146e+00
7.656567e+00
7.657988e+00
7.659409e+00
7.660829e+00
7.662250e+00
7.663671e+00
7.665091e+00
7.666513e+00
7.667933e+00
7.669353e+00
7.670775e+00
7.672195e+00
7.673616e+00
7.675037e+00
7.676457e+00
7.677878e+00
7.679299e+00
7.680720e+00
7.682140e+00
7.683561e+00
7.684982e+00
7.686402e+00
7.687823e+00
7.689244e+00
7.690664e+00
7.692086e+00
7.693506e+00
7.694926e+00
7.696348e+00
7.697768e+00
7.699189e+00
7.700610e+00
7.702030e+00
7.703451e+00
7.704872e+00
7.706293e+00
7.707713e+00
7.709134e+00
7.710555e+00
7.711976e+00
7.713397e+00
7.714817e+00
7.716238e+00
7.717659e+00
7.719079e+00
7.720500e+00
7.721921e+00
7.723341e+00
7.724763e+00
7.726183e+00
7.727604e+00
7.729025e+00
7.730445e+00
7.731866e+00
7.733287e+00
7.734707e+00
7.736128e+00
7.737549e+00
7.738970e+00
7.740390e+00
7.741811e+00
7.743232e+00
7.744652e+00
7.746074e+00
7.747494e+00
7.748914e+00
7.750336e+00
7.751756e+00
7.753177e+00
7.754598e+00
7.756018e+00
7.757439e+00
7.758860e+00
7.760281e+00
7.761701e+00
7.763122e+00
7.764543e+00
7.765963e+00
7.767385e+00
7.768805e+00
7.770225e+00
7.771647e+00
7.773067e+00
7.774488e+00
7.775909e+00
7.777329e+00
7.778750e+00
7.780171e+00
7.781591e+00
7.783012e+00
7.784433e+00
7.785854e+00
7.787275e+00
7.788695e+00
7.790116e+00
7.791537e+00
7.792958e+00
7.794378e+00
7.795799e+00
7.797220e+00
7.798640e+00
7.800062e+00
7.801482e+00
7.802902e+00
7.804324e+00
7.805744e+00
7.807165e+00
7.808586e+00
7.810006e+00
7.811427e+00
7.812848e+00
7.814269e+00
7.815689e+00
7.817110e+00
7.818531e+00
7.819951e+00
7.821372e+00
7.822793e+00
7.824213e+00
7.825635e+00
7.827055e+00
7.828475e+00
7.829897e+00
7.831317e+00
7.832738e+00
7.834159e+00
7.835579e+00
7.837000e+00
7.838421e+00
7.839842e+00
7.841262e+00
7.842683e+00
7.844104e+00
7.845524e+00
7.846946e+00
7.848366e+00
7.849786e+00
7.851208e+00
7.852628e+00
7.854049e+00
7.855470e+00
7.856890e+00
7.858311e+00
7.859732e+00
7.861153e+00
7.862573e+00
7.863994e+00
7.865415e+00
7.866836e+00
7.868256e+00
7.869677e+00
7.871098e+00
7.872519e+00
7.873939e+00
7.875360e+00
7.876781e+00
7.878201e+00
7.879623e+00
7.881043e+00
7.882463e+00
7.883885e+00
7.885305e+00
7.886726e+00
7.888147e+00
7.889567e+00
7.890988e+00
7.892409e+00
7.893830e+00
7.895250e+00
7.896671e+00
7.898092e+00
7.899512e+00
7.900934e+00
7.902354e+00
7.903774e+00
7.905196e+00
7.906616e+00
7.908037e+00
7.909458e+00
7.910878e+00
7.912299e+00
7.913720e+00
7.915140e+00
7.916561e+00
7.917982e+00
7.919403e+00
7.920823e+00
7.922244e+00
7.923665e+00
7.925085e+00
7.926507e+00
7.927927e+00
7.929348e+00
7.930769e+00
7.932189e+00
7.933610e+00
7.935031e+00
7.936451e+00
7.937872e+00
7.939293e+00
7.940714e+00
7.942135e+00
7.943555e+00
7.944976e+00
7.946397e+00
7.947818e+00
7.949238e+00
7.950659e+00
7.952080e+00
7.953500e+00
7.954921e+00
7.956342e+00
7.957762e+00
7.959184e+00
7.960604e+00
7.962024e+00
7.963446e+00
7.964866e+00
7.966287e+00
7.967708e+00
7.969128e+00
7.970549e+00
7.971970e+00
7.973391e+00
7.974811e+00
7.976232e+00
7.977653e+00
7.979073e+00
7.980495e+00
7.981915e+00
7.983335e+00
7.984757e+00
7.986177e+00
7.987598e+00
7.989019e+00
7.990439e+00
