4.088000e-04
4.741267e-04
5.394533e-04
6.047800e-04
6.701068e-04
7.354332e-04
8.007600e-04
8.660868e-04
9.314132e-04
9.967400e-04
1.062067e-03
1.127393e-03
1.192720e-03
1.258047e-03
1.323373e-03
1.388700e-03
1.454027e-03
1.519353e-03
1.584680e-03
1.650007e-03
1.715333e-03
1.780660e-03
1.845987e-03
1.911313e-03
1.976640e-03
2.041967e-03
2.107293e-03
2.172620e-03
2.237947e-03
2.303273e-03
2.368600e-03
2.464970e-03
2.561340e-03
2.657710e-03
2.754080e-03
2.850450e-03
2.946820e-03
3.043190e-03
3.139560e-03
3.235930e-03
3.332300e-03
3.428670e-03
3.525040e-03
3.621410e-03
3.717780e-03
3.814150e-03
3.910520e-03
4.006890e-03
4.103260e-03
4.199630e-03
4.296000e-03
4.395870e-03
4.495740e-03
4.595610e-03
4.695480e-03
4.795350e-03
4.895220e-03
4.995090e-03
5.094960e-03
5.194830e-03
5.294700e-03
5.394570e-03
5.494440e-03
5.594310e-03
5.694180e-03
5.794050e-03
5.893920e-03
5.993790e-03
6.093660e-03
6.129713e-03
6.293400e-03
6.457087e-03
6.620773e-03
6.784460e-03
6.948147e-03
7.111833e-03
7.275520e-03
7.439207e-03
7.602893e-03
7.766580e-03
7.930267e-03
8.093953e-03
8.257640e-03
8.421327e-03
8.585013e-03
8.748700e-03
8.912387e-03
9.076073e-03
9.239760e-03
9.403447e-03
9.567132e-03
9.730820e-03
9.894508e-03
1.005819e-02
1.022188e-02
1.038557e-02
1.054925e-02
1.071294e-02
1.087663e-02
1.104031e-02
1.120400e-02
1.131372e-02
1.142344e-02
1.153316e-02
1.164288e-02
1.175260e-02
1.186232e-02
1.197204e-02
1.208176e-02
1.219148e-02
1.230120e-02
1.241092e-02
1.252064e-02
1.263036e-02
1.274008e-02
1.284980e-02
1.295952e-02
1.306924e-02
1.317896e-02
1.328868e-02
1.339840e-02
1.350812e-02
1.361784e-02
1.372756e-02
1.383728e-02
1.394700e-02
1.405672e-02
1.416644e-02
1.427616e-02
1.438588e-02
1.449560e-02
1.460532e-02
1.471504e-02
1.482476e-02
1.493448e-02
1.504420e-02
1.515392e-02
1.526364e-02
1.537336e-02
1.548308e-02
1.559280e-02
1.570252e-02
1.581224e-02
1.592196e-02
1.603168e-02
1.614140e-02
1.625112e-02
1.636084e-02
1.647056e-02
1.658028e-02
1.669000e-02
1.684580e-02
1.700160e-02
1.715740e-02
1.731320e-02
1.746900e-02
1.762480e-02
1.778060e-02
1.793640e-02
1.809220e-02
1.824800e-02
1.840380e-02
1.855960e-02
1.871540e-02
1.887120e-02
1.902700e-02
1.918280e-02
1.933860e-02
1.949440e-02
1.965020e-02
1.980600e-02
1.996180e-02
2.011760e-02
2.027340e-02
2.042920e-02
2.058500e-02
2.074080e-02
2.089660e-02
2.105240e-02
2.120820e-02
2.136400e-02
2.151980e-02
2.167560e-02
2.183140e-02
2.198720e-02
2.214300e-02
2.229880e-02
2.245460e-02
2.261040e-02
2.276620e-02
2.292200e-02
2.307780e-02
2.323360e-02
2.338940e-02
2.354520e-02
2.370100e-02
2.385680e-02
2.401260e-02
2.416840e-02
2.432420e-02
2.448000e-02
2.445968e-02
2.443936e-02
2.441904e-02
2.439872e-02
2.437840e-02
2.435808e-02
2.433776e-02
2.431744e-02
2.429712e-02
2.427680e-02
2.425648e-02
2.423616e-02
2.421584e-02
2.419552e-02
2.417520e-02
2.415488e-02
2.413456e-02
2.411424e-02
2.409392e-02
2.407360e-02
2.405328e-02
2.403296e-02
2.401264e-02
2.399232e-02
2.397200e-02
2.395168e-02
2.393136e-02
2.391104e-02
2.389072e-02
2.387040e-02
2.385008e-02
2.382976e-02
2.380944e-02
2.378912e-02
2.376880e-02
2.374848e-02
2.372816e-02
2.370784e-02
2.368752e-02
2.366720e-02
2.364688e-02
2.362656e-02
2.360624e-02
2.358592e-02
2.356560e-02
2.354528e-02
2.352496e-02
2.350464e-02
2.348432e-02
2.346400e-02
2.344368e-02
2.342336e-02
2.340304e-02
2.338272e-02
2.336240e-02
2.334208e-02
2.332176e-02
2.330144e-02
2.328112e-02
2.326080e-02
2.324048e-02
2.322016e-02
2.319984e-02
2.317952e-02
2.315920e-02
2.313888e-02
2.311856e-02
2.309824e-02
2.307792e-02
2.305760e-02
2.303728e-02
2.301696e-02
2.299664e-02
2.297632e-02
2.295600e-02
2.293568e-02
2.291536e-02
2.289504e-02
2.287472e-02
2.285440e-02
2.283408e-02
2.281376e-02
2.279344e-02
2.277312e-02
2.275280e-02
2.273248e-02
2.271216e-02
2.269184e-02
2.267152e-02
2.265120e-02
2.263088e-02
2.261056e-02
2.259024e-02
2.256992e-02
2.254960e-02
2.252928e-02
2.250896e-02
2.248864e-02
2.246832e-02
2.244800e-02
2.256262e-02
2.267724e-02
2.279186e-02
2.290648e-02
2.302110e-02
2.313572e-02
2.325034e-02
2.336496e-02
2.347958e-02
2.359420e-02
2.370882e-02
2.382344e-02
2.393806e-02
2.405268e-02
2.416730e-02
2.428192e-02
2.439654e-02
2.451116e-02
2.462578e-02
2.474040e-02
2.485502e-02
2.496964e-02
2.508426e-02
2.519888e-02
2.531350e-02
2.542812e-02
2.554274e-02
2.565736e-02
2.577198e-02
2.588660e-02
2.600122e-02
2.611584e-02
2.623046e-02
2.634508e-02
2.645970e-02
2.657432e-02
2.668894e-02
2.680356e-02
2.691818e-02
2.703280e-02
2.714742e-02
2.726204e-02
2.737666e-02
2.749128e-02
2.760590e-02
2.772052e-02
2.783514e-02
2.794976e-02
2.806438e-02
2.817900e-02
2.829362e-02
2.840824e-02
2.852286e-02
2.863748e-02
2.875210e-02
2.886672e-02
2.898134e-02
2.909596e-02
2.921058e-02
2.932520e-02
2.943982e-02
2.955444e-02
2.966906e-02
2.978368e-02
2.989830e-02
3.001292e-02
3.012754e-02
3.024216e-02
3.035678e-02
3.047140e-02
3.058602e-02
3.070064e-02
3.081526e-02
3.092988e-02
3.104450e-02
3.115912e-02
3.127374e-02
3.138836e-02
3.150298e-02
3.161760e-02
3.173222e-02
3.184684e-02
3.196146e-02
3.207608e-02
3.219070e-02
3.230532e-02
3.241994e-02
3.253456e-02
3.264918e-02
3.276380e-02
3.287842e-02
3.299304e-02
3.310766e-02
3.322228e-02
3.333690e-02
3.345152e-02
3.356614e-02
3.368076e-02
3.379538e-02
3.391000e-02
3.403832e-02
3.416664e-02
3.429496e-02
3.442328e-02
3.455160e-02
3.467992e-02
3.480824e-02
3.493656e-02
3.506488e-02
3.519320e-02
3.532152e-02
3.544984e-02
3.557816e-02
3.570648e-02
3.583480e-02
3.596312e-02
3.609144e-02
3.621976e-02
3.634808e-02
3.647640e-02
3.660472e-02
3.673304e-02
3.686136e-02
3.698968e-02
3.711800e-02
3.724632e-02
3.737464e-02
3.750296e-02
3.763128e-02
3.775960e-02
3.788792e-02
3.801624e-02
3.814456e-02
3.827288e-02
3.840120e-02
3.852952e-02
3.865784e-02
3.878616e-02
3.891448e-02
3.904280e-02
3.917112e-02
3.929944e-02
3.942776e-02
3.955608e-02
3.968440e-02
3.981272e-02
3.994104e-02
4.006936e-02
4.019768e-02
4.032600e-02
4.045432e-02
4.058264e-02
4.071096e-02
4.083928e-02
4.096760e-02
4.109592e-02
4.122424e-02
4.135256e-02
4.148088e-02
4.160920e-02
4.173752e-02
4.186584e-02
4.199416e-02
4.212248e-02
4.225080e-02
4.237912e-02
4.250744e-02
4.263576e-02
4.276408e-02
4.289240e-02
4.302072e-02
4.314904e-02
4.327736e-02
4.340568e-02
4.353400e-02
4.366232e-02
4.379064e-02
4.391896e-02
4.404728e-02
4.417560e-02
4.430392e-02
4.443224e-02
4.456056e-02
4.468888e-02
4.481720e-02
4.494552e-02
4.507384e-02
4.520216e-02
4.533048e-02
4.545880e-02
4.558712e-02
4.571544e-02
4.584376e-02
4.597208e-02
4.610040e-02
4.622872e-02
4.635704e-02
4.648536e-02
4.661368e-02
4.674200e-02
4.687032e-02
4.699864e-02
4.712696e-02
4.725528e-02
4.738360e-02
4.751192e-02
4.764024e-02
4.776856e-02
4.789688e-02
4.802520e-02
4.815352e-02
4.828184e-02
4.841016e-02
4.853848e-02
4.866680e-02
4.879512e-02
4.892344e-02
4.905176e-02
4.918008e-02
4.930840e-02
4.943672e-02
4.956504e-02
4.969336e-02
4.982168e-02
4.995000e-02
5.007832e-02
5.020664e-02
5.033496e-02
5.046328e-02
5.059160e-02
5.071992e-02
5.084824e-02
5.097656e-02
5.110488e-02
5.123320e-02
5.136152e-02
5.148984e-02
5.161816e-02
5.174648e-02
5.187480e-02
5.200312e-02
5.213144e-02
5.225976e-02
5.238808e-02
5.251640e-02
5.264472e-02
5.277304e-02
5.290136e-02
5.302968e-02
5.315800e-02
5.328632e-02
5.341464e-02
5.354296e-02
5.367128e-02
5.379960e-02
5.392792e-02
5.405624e-02
5.418456e-02
5.431288e-02
5.444120e-02
5.456952e-02
5.469784e-02
5.482616e-02
5.495448e-02
5.508280e-02
5.521112e-02
5.533944e-02
5.546776e-02
5.559608e-02
5.572440e-02
5.585272e-02
5.598104e-02
5.610936e-02
5.623768e-02
5.636600e-02
5.649432e-02
5.662264e-02
5.675096e-02
5.687928e-02
5.700760e-02
5.713592e-02
5.726424e-02
5.739256e-02
5.752088e-02
5.764920e-02
5.777752e-02
5.790584e-02
5.803416e-02
5.816248e-02
5.829080e-02
5.841912e-02
5.854744e-02
5.867576e-02
5.880408e-02
5.893240e-02
5.906072e-02
5.918904e-02
5.931736e-02
5.944568e-02
5.957400e-02
5.977410e-02
5.997420e-02
6.017430e-02
6.037440e-02
6.057450e-02
6.077460e-02
6.097470e-02
6.117480e-02
6.137490e-02
6.157500e-02
6.177510e-02
6.197520e-02
6.217530e-02
6.237540e-02
6.257550e-02
6.277560e-02
6.297570e-02
6.317580e-02
6.337590e-02
6.357600e-02
6.377610e-02
6.397620e-02
6.417630e-02
6.437640e-02
6.457650e-02
6.477660e-02
6.497670e-02
6.517680e-02
6.537690e-02
6.557700e-02
6.577710e-02
6.597720e-02
6.617730e-02
6.637740e-02
6.657750e-02
6.677760e-02
6.697770e-02
6.717780e-02
6.737790e-02
6.757800e-02
6.777810e-02
6.797820e-02
6.817830e-02
6.837840e-02
6.857850e-02
6.877860e-02
6.897870e-02
6.917880e-02
6.937890e-02
6.957900e-02
6.977910e-02
6.997920e-02
7.017930e-02
7.037940e-02
7.057950e-02
7.077960e-02
7.097970e-02
7.117980e-02
7.137990e-02
7.158000e-02
7.178010e-02
7.198020e-02
7.218030e-02
7.238040e-02
7.258050e-02
7.278060e-02
7.298070e-02
7.318080e-02
7.338090e-02
7.358100e-02
7.378110e-02
7.398120e-02
7.418130e-02
7.438140e-02
7.458150e-02
7.478160e-02
7.498170e-02
7.518180e-02
7.538190e-02
7.558200e-02
7.578210e-02
7.598220e-02
7.618230e-02
7.638240e-02
7.658250e-02
7.678260e-02
7.698270e-02
7.718280e-02
7.738290e-02
7.758300e-02
7.778310e-02
7.798320e-02
7.818330e-02
7.838340e-02
7.858350e-02
7.878360e-02
7.898370e-02
7.918380e-02
7.938390e-02
7.958400e-02
8.059338e-02
8.160276e-02
8.261214e-02
8.362152e-02
8.463090e-02
8.564028e-02
8.664966e-02
8.765904e-02
8.866842e-02
8.967780e-02
9.068718e-02
9.169656e-02
9.270594e-02
9.371532e-02
9.472471e-02
9.573409e-02
9.674347e-02
9.775285e-02
9.876223e-02
9.977161e-02
1.007810e-01
1.017904e-01
1.027997e-01
1.038091e-01
1.048185e-01
1.058279e-01
1.068373e-01
1.078466e-01
1.088560e-01
1.098654e-01
1.108748e-01
1.118842e-01
1.128936e-01
1.139029e-01
1.149123e-01
1.159217e-01
1.169311e-01
1.179405e-01
1.189498e-01
1.199592e-01
1.209686e-01
1.219780e-01
1.229874e-01
1.239967e-01
1.250061e-01
1.260155e-01
1.270249e-01
1.280343e-01
1.290436e-01
1.300530e-01
1.310624e-01
1.320718e-01
1.330812e-01
1.340905e-01
1.350999e-01
1.361093e-01
1.371187e-01
1.381281e-01
1.391374e-01
1.401468e-01
1.411562e-01
1.421656e-01
1.431750e-01
1.441843e-01
1.451937e-01
1.462031e-01
1.472125e-01
1.482219e-01
1.492312e-01
1.502406e-01
1.512500e-01
1.522594e-01
1.532688e-01
1.542781e-01
1.552875e-01
1.562969e-01
1.573063e-01
1.583157e-01
1.593250e-01
1.603344e-01
1.613438e-01
1.623532e-01
1.633626e-01
1.643719e-01
1.653813e-01
1.663907e-01
1.674001e-01
1.684095e-01
1.694189e-01
1.704282e-01
1.714376e-01
1.724470e-01
1.734564e-01
1.744658e-01
1.754751e-01
1.764845e-01
1.774939e-01
1.785033e-01
1.795127e-01
1.805220e-01
1.815314e-01
1.825408e-01
1.835502e-01
1.845596e-01
1.855689e-01
1.865783e-01
1.875877e-01
1.885971e-01
1.896065e-01
1.906158e-01
1.916252e-01
1.926346e-01
1.936440e-01
1.946534e-01
1.956627e-01
1.966721e-01
1.976815e-01
1.986909e-01
1.997003e-01
2.007096e-01
2.017190e-01
2.027284e-01
2.037378e-01
2.047472e-01
2.057565e-01
2.067659e-01
2.077753e-01
2.087847e-01
2.097941e-01
2.108034e-01
2.118128e-01
2.128222e-01
2.138316e-01
2.148410e-01
2.158503e-01
2.168597e-01
2.178691e-01
2.188785e-01
2.198879e-01
2.208972e-01
2.219066e-01
2.229160e-01
2.239254e-01
2.249348e-01
2.259441e-01
2.269535e-01
2.279629e-01
2.289723e-01
2.299817e-01
2.309911e-01
2.320004e-01
2.330098e-01
2.340192e-01
2.350286e-01
2.360380e-01
2.370473e-01
2.380567e-01
2.390661e-01
2.400755e-01
2.410849e-01
2.420942e-01
2.431036e-01
2.441130e-01
2.451224e-01
2.461318e-01
2.471411e-01
2.481505e-01
2.491599e-01
2.501693e-01
2.511787e-01
2.521880e-01
2.531974e-01
2.542068e-01
2.552162e-01
2.562256e-01
2.572349e-01
2.582443e-01
2.592537e-01
2.602631e-01
2.612725e-01
2.622818e-01
2.632912e-01
2.643006e-01
2.653100e-01
2.663194e-01
2.673287e-01
2.683381e-01
2.693475e-01
2.703569e-01
2.713663e-01
2.723756e-01
2.733850e-01
2.743944e-01
2.754038e-01
2.764132e-01
2.774225e-01
2.784319e-01
2.794413e-01
2.804507e-01
2.814601e-01
2.824694e-01
2.834788e-01
2.844882e-01
2.854976e-01
2.865070e-01
2.875164e-01
2.885257e-01
2.895351e-01
2.905445e-01
2.915539e-01
2.925633e-01
2.935726e-01
2.945820e-01
2.955914e-01
2.966008e-01
2.976102e-01
2.986195e-01
2.996289e-01
3.006383e-01
3.016477e-01
3.026571e-01
3.036664e-01
3.046758e-01
3.056852e-01
3.066946e-01
3.077040e-01
3.087133e-01
3.097227e-01
3.107321e-01
3.117415e-01
3.127509e-01
3.137602e-01
3.147696e-01
3.157790e-01
3.167884e-01
3.177978e-01
3.188071e-01
3.198165e-01
3.208259e-01
3.218353e-01
3.228447e-01
3.238540e-01
3.248634e-01
3.258728e-01
3.268822e-01
3.278916e-01
3.289009e-01
3.299103e-01
3.309197e-01
3.319291e-01
3.329385e-01
3.339478e-01
3.349572e-01
3.359666e-01
3.369760e-01
3.379854e-01
3.389947e-01
3.400041e-01
3.410135e-01
3.420229e-01
3.430323e-01
3.440417e-01
3.450510e-01
3.460604e-01
3.470698e-01
3.480792e-01
3.490886e-01
3.500979e-01
3.511073e-01
3.521167e-01
3.531261e-01
3.541355e-01
3.551448e-01
3.561542e-01
3.571636e-01
3.581730e-01
3.591824e-01
3.601917e-01
3.612011e-01
3.622105e-01
3.632199e-01
3.642293e-01
3.652386e-01
3.662480e-01
3.672574e-01
3.682668e-01
3.692762e-01
3.702855e-01
3.712949e-01
3.723043e-01
3.733137e-01
3.743231e-01
3.753324e-01
3.763418e-01
3.773512e-01
3.783606e-01
3.793700e-01
3.803793e-01
3.813887e-01
3.823981e-01
3.834075e-01
3.844169e-01
3.854262e-01
3.864356e-01
3.874450e-01
3.884544e-01
3.894638e-01
3.904731e-01
3.914825e-01
3.924919e-01
3.935013e-01
3.945107e-01
3.955200e-01
3.965294e-01
3.975388e-01
3.985482e-01
3.995576e-01
4.005669e-01
4.015763e-01
4.025857e-01
4.035951e-01
4.046045e-01
4.056139e-01
4.066232e-01
4.076326e-01
4.086420e-01
4.096514e-01
4.106608e-01
4.116701e-01
4.126795e-01
4.136889e-01
4.146983e-01
4.157077e-01
4.167170e-01
4.177264e-01
4.187358e-01
4.197452e-01
4.207546e-01
4.217639e-01
4.227733e-01
4.237827e-01
4.247921e-01
4.258015e-01
4.268108e-01
4.278202e-01
4.288296e-01
4.298390e-01
4.308484e-01
4.318577e-01
4.328671e-01
4.338765e-01
4.348859e-01
4.358953e-01
4.369046e-01
4.379140e-01
4.389234e-01
4.399328e-01
4.409422e-01
4.419515e-01
4.429609e-01
4.439703e-01
4.449797e-01
4.459891e-01
4.469984e-01
4.480078e-01
4.490172e-01
4.500266e-01
4.510360e-01
4.520453e-01
4.530547e-01
4.540641e-01
4.550735e-01
4.560829e-01
4.570922e-01
4.581016e-01
4.591110e-01
4.601204e-01
4.611298e-01
4.621392e-01
4.631485e-01
4.641579e-01
4.651673e-01
4.661767e-01
4.671861e-01
4.681954e-01
4.692048e-01
4.702142e-01
4.712236e-01
4.722330e-01
4.732423e-01
4.742517e-01
4.752611e-01
4.762705e-01
4.772799e-01
4.782892e-01
4.792986e-01
4.803080e-01
4.813174e-01
4.823268e-01
4.833361e-01
4.843455e-01
4.853549e-01
4.863643e-01
4.873737e-01
4.883830e-01
4.893924e-01
4.904018e-01
4.926280e-01
4.948542e-01
4.970805e-01
4.993067e-01
5.015329e-01
5.037592e-01
5.059854e-01
5.082116e-01
5.104379e-01
5.126641e-01
5.148903e-01
5.171166e-01
5.193428e-01
5.215690e-01
5.237952e-01
5.260215e-01
5.282477e-01
5.304739e-01
5.327002e-01
5.349264e-01
5.371526e-01
5.393789e-01
5.416051e-01
5.438313e-01
5.460576e-01
5.482838e-01
5.505100e-01
5.527362e-01
5.549625e-01
5.571887e-01
5.594149e-01
5.616412e-01
5.638674e-01
5.660936e-01
5.683199e-01
5.705461e-01
5.727723e-01
5.749986e-01
5.772248e-01
5.794510e-01
5.816773e-01
5.839035e-01
5.861297e-01
5.883559e-01
5.905822e-01
5.928084e-01
5.950346e-01
5.972609e-01
5.994871e-01
6.017133e-01
6.039396e-01
6.061658e-01
6.083920e-01
6.106183e-01
6.128445e-01
6.150707e-01
6.172970e-01
6.195232e-01
6.217494e-01
6.239756e-01
6.262019e-01
6.284281e-01
6.306543e-01
6.328806e-01
6.351068e-01
6.373330e-01
6.395593e-01
6.417855e-01
6.440117e-01
6.462380e-01
6.484642e-01
6.506904e-01
6.529166e-01
6.551429e-01
6.573691e-01
6.595953e-01
6.618216e-01
6.640478e-01
6.662740e-01
6.685003e-01
6.707265e-01
6.729527e-01
6.751790e-01
6.774052e-01
6.796314e-01
6.818577e-01
6.840839e-01
6.863101e-01
6.885363e-01
6.907626e-01
6.929888e-01
6.952150e-01
6.974413e-01
6.996675e-01
7.018937e-01
7.041200e-01
7.063462e-01
7.085724e-01
7.107987e-01
7.130249e-01
7.150300e-01
7.170353e-01
7.190404e-01
7.210455e-01
7.230508e-01
7.250559e-01
7.270610e-01
7.290663e-01
7.310714e-01
7.330766e-01
7.350818e-01
7.370869e-01
7.390921e-01
7.410973e-01
7.431024e-01
7.451076e-01
7.471128e-01
7.491179e-01
7.511231e-01
7.531283e-01
7.551335e-01
7.571386e-01
7.591438e-01
7.611490e-01
7.631541e-01
7.651593e-01
7.671645e-01
7.691696e-01
7.711748e-01
7.731800e-01
7.751851e-01
7.771904e-01
7.791955e-01
7.812006e-01
7.832059e-01
7.852110e-01
7.872161e-01
7.892214e-01
7.912265e-01
7.932316e-01
7.952369e-01
7.972420e-01
7.992472e-01
8.012524e-01
8.032575e-01
8.052627e-01
8.072679e-01
8.092730e-01
8.112782e-01
8.132834e-01
8.152885e-01
8.172937e-01
8.192989e-01
8.213041e-01
8.233092e-01
8.253144e-01
8.273196e-01
8.293247e-01
8.313299e-01
8.333351e-01
8.353402e-01
8.373454e-01
8.393506e-01
8.413557e-01
8.433610e-01
8.453661e-01
8.473712e-01
8.493765e-01
8.513816e-01
8.533867e-01
8.553920e-01
8.573971e-01
8.594022e-01
8.614075e-01
8.634126e-01
8.654178e-01
8.674230e-01
8.694281e-01
8.714333e-01
8.734385e-01
8.754436e-01
8.774488e-01
8.794540e-01
8.814591e-01
8.834643e-01
8.854695e-01
8.874747e-01
8.894798e-01
8.914850e-01
8.934902e-01
8.954953e-01
8.975005e-01
8.995057e-01
9.015108e-01
9.035160e-01
9.055212e-01
9.075263e-01
9.095315e-01
9.115367e-01
9.135418e-01
9.155470e-01
9.175522e-01
9.195573e-01
9.215626e-01
9.235677e-01
9.255729e-01
9.275781e-01
9.295832e-01
9.315884e-01
9.335936e-01
9.355987e-01
9.376039e-01
9.396091e-01
9.416142e-01
9.436194e-01
9.456246e-01
9.476298e-01
9.496349e-01
9.516401e-01
9.536453e-01
9.556504e-01
9.576556e-01
9.596608e-01
9.616659e-01
9.636711e-01
9.656763e-01
9.676814e-01
9.696866e-01
9.716918e-01
9.736969e-01
9.757021e-01
9.777073e-01
9.797124e-01
9.817176e-01
9.837228e-01
9.857279e-01
9.877332e-01
9.897383e-01
9.917435e-01
9.937489e-01
9.957538e-01
9.977587e-01
9.997644e-01
1.001769e+00
1.003774e+00
1.005780e+00
1.007785e+00
1.009790e+00
1.011795e+00
1.013800e+00
1.015805e+00
1.017811e+00
1.019816e+00
1.021821e+00
1.023826e+00
1.025831e+00
1.027836e+00
1.029842e+00
1.031847e+00
1.033852e+00
1.035857e+00
1.037862e+00
1.039867e+00
1.041873e+00
1.043878e+00
1.045883e+00
1.047888e+00
1.049893e+00
1.051898e+00
1.053904e+00
1.055909e+00
1.057914e+00
1.059919e+00
1.061924e+00
1.063929e+00
1.065935e+00
1.067940e+00
1.069945e+00
1.071950e+00
1.073955e+00
1.075960e+00
1.077966e+00
1.079971e+00
1.081976e+00
1.083981e+00
1.085986e+00
1.087991e+00
1.089997e+00
1.092002e+00
1.094007e+00
1.096013e+00
1.098017e+00
1.100022e+00
1.102028e+00
1.104033e+00
1.106038e+00
1.108044e+00
1.110048e+00
1.112053e+00
1.114059e+00
1.116064e+00
1.118457e+00
1.120849e+00
1.123242e+00
1.125635e+00
1.128027e+00
1.130420e+00
1.132813e+00
1.135205e+00
1.137598e+00
1.139991e+00
1.142383e+00
1.144776e+00
1.147169e+00
1.149561e+00
1.151954e+00
1.154346e+00
1.156739e+00
1.159132e+00
1.161525e+00
1.163917e+00
1.166310e+00
1.168702e+00
1.171095e+00
1.173488e+00
1.175881e+00
1.178274e+00
1.180666e+00
1.183059e+00
1.185451e+00
1.187845e+00
1.190237e+00
1.192630e+00
1.195022e+00
1.197415e+00
1.199808e+00
1.202201e+00
1.204593e+00
1.206986e+00
1.209379e+00
1.211771e+00
1.214164e+00
1.216557e+00
1.218949e+00
1.221342e+00
1.223735e+00
1.226127e+00
1.228520e+00
1.230912e+00
1.233305e+00
1.235698e+00
1.238090e+00
1.240483e+00
1.242876e+00
1.245268e+00
1.247661e+00
1.250054e+00
1.252446e+00
1.254839e+00
1.257232e+00
1.259624e+00
1.262017e+00
1.264410e+00
1.266802e+00
1.269195e+00
1.271588e+00
1.273980e+00
1.276373e+00
1.278766e+00
1.281158e+00
1.283551e+00
1.285944e+00
1.288336e+00
1.290729e+00
1.293122e+00
1.295514e+00
1.297907e+00
1.300299e+00
1.302692e+00
1.305085e+00
1.307478e+00
1.309871e+00
1.312263e+00
1.314656e+00
1.317049e+00
1.319442e+00
1.321834e+00
1.324227e+00
1.326619e+00
1.329012e+00
1.331405e+00
1.333798e+00
1.336190e+00
1.338583e+00
1.340976e+00
1.343368e+00
1.345761e+00
1.348154e+00
1.350546e+00
1.352939e+00
1.355332e+00
1.357724e+00
1.360117e+00
1.362510e+00
1.364902e+00
1.367295e+00
1.369687e+00
1.372080e+00
1.374473e+00
1.376865e+00
1.379258e+00
1.381651e+00
1.384043e+00
1.386436e+00
1.388829e+00
1.391221e+00
1.393614e+00
1.396007e+00
1.398399e+00
1.400792e+00
1.403185e+00
1.405577e+00
1.407970e+00
1.410363e+00
1.412755e+00
1.415148e+00
1.417541e+00
1.419934e+00
1.422326e+00
1.424719e+00
1.427111e+00
1.429504e+00
1.431897e+00
1.434290e+00
1.436682e+00
1.439075e+00
1.441467e+00
1.443860e+00
1.446253e+00
1.448646e+00
1.451039e+00
1.453431e+00
1.455824e+00
1.458217e+00
1.460609e+00
1.463002e+00
1.465395e+00
1.467787e+00
1.470180e+00
1.472573e+00
1.474965e+00
1.477358e+00
1.479751e+00
1.482143e+00
1.484536e+00
1.486929e+00
1.489321e+00
1.491714e+00
1.494107e+00
1.496499e+00
1.498892e+00
1.501285e+00
1.503677e+00
1.506070e+00
1.508463e+00
1.510855e+00
1.513248e+00
1.515640e+00
1.518033e+00
1.520426e+00
1.522818e+00
1.525211e+00
1.527604e+00
1.529996e+00
1.532389e+00
1.534782e+00
1.537174e+00
1.539567e+00
1.541960e+00
1.544352e+00
1.546745e+00
1.549138e+00
1.551530e+00
1.553923e+00
1.556316e+00
1.558708e+00
1.561101e+00
1.563494e+00
1.565887e+00
1.568279e+00
1.570672e+00
1.573064e+00
1.575458e+00
1.577850e+00
1.580243e+00
1.582636e+00
1.585028e+00
1.587421e+00
1.589814e+00
1.592206e+00
1.594599e+00
1.596992e+00
1.599384e+00
1.601777e+00
1.604170e+00
1.606562e+00
1.608955e+00
1.611348e+00
1.613740e+00
1.616133e+00
1.618526e+00
1.620918e+00
1.623311e+00
1.625704e+00
1.628096e+00
1.630489e+00
1.632882e+00
1.635274e+00
1.637667e+00
1.640060e+00
1.642452e+00
1.644845e+00
1.647238e+00
1.649630e+00
1.652023e+00
1.654416e+00
1.656808e+00
1.659201e+00
1.661593e+00
1.663986e+00
1.666379e+00
1.668771e+00
1.671164e+00
1.673557e+00
1.675949e+00
1.678342e+00
1.680735e+00
1.683127e+00
1.685520e+00
1.687913e+00
1.690306e+00
1.692699e+00
1.695091e+00
1.697484e+00
1.699876e+00
1.702269e+00
1.704662e+00
1.707055e+00
1.709447e+00
1.711840e+00
1.714232e+00
1.716626e+00
1.719018e+00
1.721411e+00
1.723804e+00
1.726196e+00
1.728589e+00
1.730981e+00
1.733374e+00
1.735767e+00
1.738159e+00
1.740552e+00
1.742945e+00
1.745337e+00
1.747730e+00
1.750123e+00
1.752515e+00
1.754908e+00
1.757301e+00
1.759693e+00
1.762086e+00
1.764479e+00
1.766871e+00
1.769264e+00
1.771657e+00
1.774049e+00
1.776442e+00
1.778835e+00
1.781227e+00
1.783620e+00
1.786013e+00
1.788405e+00
1.790798e+00
1.793191e+00
1.795583e+00
1.797976e+00
1.800369e+00
1.802761e+00
1.805154e+00
1.807547e+00
1.809939e+00
1.812332e+00
1.814724e+00
1.817117e+00
1.819510e+00
1.821903e+00
1.824295e+00
1.826688e+00
1.829081e+00
1.831473e+00
1.833867e+00
1.836259e+00
1.838652e+00
1.842046e+00
1.845441e+00
1.848836e+00
1.852231e+00
1.855626e+00
1.859020e+00
1.862416e+00
1.865810e+00
1.869205e+00
1.872600e+00
1.875995e+00
1.879389e+00
1.882785e+00
1.886179e+00
1.889573e+00
1.892969e+00
1.896363e+00
1.899759e+00
1.903153e+00
1.906548e+00
1.909943e+00
1.913338e+00
1.916732e+00
1.920127e+00
1.923522e+00
1.926917e+00
1.930312e+00
1.933706e+00
1.937102e+00
1.940496e+00
1.943891e+00
1.947286e+00
1.950681e+00
1.954075e+00
1.957471e+00
1.960865e+00
1.964260e+00
1.967655e+00
1.971050e+00
1.974445e+00
1.977839e+00
1.981234e+00
1.984629e+00
1.988024e+00
1.991418e+00
1.994813e+00
1.998208e+00
2.001603e+00
2.004998e+00
2.008392e+00
2.011788e+00
2.015182e+00
2.018577e+00
2.021972e+00
2.025367e+00
2.028761e+00
2.032157e+00
2.035551e+00
2.038946e+00
2.042341e+00
2.045736e+00
2.049131e+00
2.052525e+00
2.055920e+00
2.059315e+00
2.062710e+00
2.066104e+00
2.069500e+00
2.072894e+00
2.076289e+00
2.079684e+00
2.083078e+00
2.086474e+00
2.089868e+00
2.093263e+00
2.096658e+00
2.100053e+00
2.103447e+00
2.106843e+00
2.110237e+00
2.113632e+00
2.117027e+00
2.120422e+00
2.123817e+00
2.127211e+00
2.130606e+00
2.134001e+00
2.137396e+00
2.140790e+00
2.144186e+00
2.147580e+00
2.150975e+00
2.154370e+00
2.157765e+00
2.161160e+00
2.164555e+00
2.167949e+00
2.171344e+00
2.174739e+00
2.178134e+00
2.181529e+00
2.184923e+00
2.188318e+00
2.191713e+00
2.195108e+00
2.198502e+00
2.201897e+00
2.205292e+00
2.208687e+00
2.212082e+00
2.215476e+00
2.218872e+00
2.222266e+00
2.225661e+00
2.229056e+00
2.232451e+00
2.235845e+00
2.239241e+00
2.242635e+00
2.246030e+00
2.249425e+00
2.252820e+00
2.256215e+00
2.259609e+00
2.263004e+00
2.266399e+00
2.269794e+00
2.273188e+00
2.276584e+00
2.279978e+00
2.283373e+00
2.286768e+00
2.290162e+00
2.293558e+00
2.296952e+00
2.300347e+00
2.303742e+00
2.307137e+00
2.310531e+00
2.313927e+00
2.317321e+00
2.320717e+00
2.324111e+00
2.327506e+00
2.330901e+00
2.334295e+00
2.337690e+00
2.341085e+00
2.344480e+00
2.347874e+00
2.351270e+00
2.354664e+00
2.358060e+00
2.361454e+00
2.364849e+00
2.368244e+00
2.371639e+00
2.375033e+00
2.378428e+00
2.381823e+00
2.385217e+00
2.388613e+00
2.392007e+00
2.395403e+00
2.398797e+00
2.402192e+00
2.405587e+00
2.408982e+00
2.412376e+00
2.415771e+00
2.419166e+00
2.422560e+00
2.425956e+00
2.429350e+00
2.432746e+00
2.436140e+00
2.439535e+00
2.442930e+00
2.446325e+00
2.449719e+00
2.453115e+00
2.456509e+00
2.459904e+00
2.463299e+00
2.466693e+00
2.470089e+00
2.473483e+00
2.476878e+00
2.480273e+00
2.483668e+00
2.487062e+00
2.490457e+00
2.493852e+00
2.497247e+00
2.500642e+00
2.504036e+00
2.507432e+00
2.510826e+00
2.514221e+00
2.517616e+00
2.521011e+00
2.524253e+00
2.527497e+00
2.530740e+00
2.533982e+00
2.537226e+00
2.540468e+00
2.543711e+00
2.546955e+00
2.550197e+00
2.553440e+00
2.556684e+00
2.559926e+00
2.563169e+00
2.566412e+00
2.569655e+00
2.572898e+00
2.576140e+00
2.579384e+00
2.582627e+00
2.585869e+00
2.589113e+00
2.592356e+00
2.595598e+00
2.598842e+00
2.602084e+00
2.605327e+00
2.608571e+00
2.611813e+00
2.615056e+00
2.618300e+00
2.621542e+00
2.624785e+00
2.628028e+00
2.631271e+00
2.634514e+00
2.637757e+00
2.641000e+00
2.644243e+00
2.647486e+00
2.650729e+00
2.653972e+00
2.657215e+00
2.660458e+00
2.663701e+00
2.666944e+00
2.670187e+00
2.673429e+00
2.676673e+00
2.679916e+00
2.683158e+00
2.686401e+00
2.689645e+00
2.692887e+00
2.696130e+00
2.699373e+00
2.702616e+00
2.705859e+00
2.709102e+00
2.712345e+00
2.715587e+00
2.718831e+00
2.722074e+00
2.725317e+00
2.728560e+00
2.731803e+00
2.735045e+00
2.738289e+00
2.741531e+00
2.744774e+00
2.748018e+00
2.751260e+00
2.754503e+00
2.757747e+00
2.760989e+00
2.764232e+00
2.767475e+00
2.770718e+00
2.773961e+00
2.777204e+00
2.780447e+00
2.783690e+00
2.786933e+00
2.790176e+00
2.793419e+00
2.796661e+00
2.799905e+00
2.803148e+00
2.806390e+00
2.809634e+00
2.812876e+00
2.816119e+00
2.819363e+00
2.822605e+00
2.825848e+00
2.829092e+00
2.832334e+00
2.835577e+00
2.838820e+00
2.842063e+00
2.845306e+00
2.848549e+00
2.851792e+00
2.855035e+00
2.858278e+00
2.861521e+00
2.864764e+00
2.868007e+00
2.871250e+00
2.874492e+00
2.877736e+00
2.880979e+00
2.884221e+00
2.887465e+00
2.890708e+00
2.893950e+00
2.897194e+00
2.900436e+00
2.903679e+00
2.906922e+00
2.910165e+00
2.913408e+00
2.916651e+00
2.919894e+00
2.923137e+00
2.926380e+00
2.929623e+00
2.932866e+00
2.936109e+00
2.939352e+00
2.942595e+00
2.945837e+00
2.949081e+00
2.952324e+00
2.955566e+00
2.958810e+00
2.962053e+00
2.965295e+00
2.968539e+00
2.971781e+00
2.975024e+00
2.978268e+00
2.981510e+00
2.984753e+00
2.987996e+00
2.991239e+00
2.994482e+00
2.997725e+00
3.000968e+00
3.004211e+00
3.007454e+00
3.010697e+00
3.013939e+00
3.017182e+00
3.020426e+00
3.023669e+00
3.026911e+00
3.030155e+00
3.033397e+00
3.036640e+00
3.039883e+00
3.043126e+00
3.046369e+00
3.049612e+00
3.052855e+00
3.056098e+00
3.059341e+00
3.062584e+00
3.065827e+00
3.069070e+00
3.072313e+00
3.075556e+00
3.078799e+00
3.082042e+00
3.085284e+00
3.088528e+00
3.091771e+00
3.095013e+00
3.098257e+00
3.101500e+00
3.104742e+00
3.107986e+00
3.111228e+00
3.114471e+00
3.117715e+00
3.120957e+00
3.124200e+00
3.127443e+00
3.130686e+00
3.133929e+00
3.137172e+00
3.140415e+00
3.143658e+00
3.146900e+00
3.150144e+00
3.153387e+00
3.156629e+00
3.159873e+00
3.163116e+00
3.166358e+00
3.169602e+00
3.172844e+00
3.176553e+00
3.180262e+00
3.183971e+00
3.187680e+00
3.191388e+00
3.195097e+00
3.198806e+00
3.202515e+00
3.206224e+00
3.209932e+00
3.213641e+00
3.217350e+00
3.221058e+00
3.224767e+00
3.228476e+00
3.232185e+00
3.235894e+00
3.239602e+00
3.243311e+00
3.247020e+00
3.250729e+00
3.254438e+00
3.258147e+00
3.261855e+00
3.265564e+00
3.269273e+00
3.272981e+00
3.276690e+00
3.280399e+00
3.284108e+00
3.287817e+00
3.291525e+00
3.295234e+00
3.298943e+00
3.302652e+00
3.306361e+00
3.310070e+00
3.313778e+00
3.317487e+00
3.321195e+00
3.324905e+00
3.328614e+00
3.332322e+00
3.336031e+00
3.339740e+00
3.343448e+00
3.347157e+00
3.350867e+00
3.354575e+00
3.358284e+00
3.361992e+00
3.365701e+00
3.369410e+00
3.373119e+00
3.376828e+00
3.380537e+00
3.384245e+00
3.387954e+00
3.391663e+00
3.395372e+00
3.399081e+00
3.402789e+00
3.406498e+00
3.410207e+00
3.413915e+00
3.417624e+00
3.421333e+00
3.425042e+00
3.428751e+00
3.432460e+00
3.436168e+00
3.439877e+00
3.443586e+00
3.447295e+00
3.451004e+00
3.454712e+00
3.458421e+00
3.462130e+00
3.465838e+00
3.469547e+00
3.473256e+00
3.476965e+00
3.480674e+00
3.484382e+00
3.488091e+00
3.491800e+00
3.495509e+00
3.499218e+00
3.502927e+00
3.506635e+00
3.510344e+00
3.514052e+00
3.517761e+00
3.521471e+00
3.525179e+00
3.528888e+00
3.532597e+00
3.536305e+00
3.540014e+00
3.543723e+00
3.547432e+00
3.551141e+00
3.554849e+00
3.558558e+00
3.562267e+00
3.565975e+00
3.569685e+00
3.573394e+00
3.577102e+00
3.580811e+00
3.584520e+00
3.588228e+00
3.591937e+00
3.595646e+00
3.599355e+00
3.603064e+00
3.606772e+00
3.610481e+00
3.614190e+00
3.617899e+00
3.621608e+00
3.625317e+00
3.629025e+00
3.632734e+00
3.636442e+00
3.640151e+00
3.643860e+00
3.647569e+00
3.651278e+00
3.654987e+00
3.658695e+00
3.662404e+00
3.666113e+00
3.669822e+00
3.673531e+00
3.677239e+00
3.680948e+00
3.684657e+00
3.688365e+00
3.692074e+00
3.695783e+00
3.699492e+00
3.703201e+00
3.706910e+00
3.710618e+00
3.714327e+00
3.718036e+00
3.721745e+00
3.725454e+00
3.729162e+00
3.732871e+00
3.736580e+00
3.740288e+00
3.743997e+00
3.747707e+00
3.751415e+00
3.755124e+00
3.758832e+00
3.762541e+00
3.766250e+00
3.769959e+00
3.773668e+00
3.777377e+00
3.781085e+00
3.784794e+00
3.788503e+00
3.792212e+00
3.795921e+00
3.799629e+00
3.803338e+00
3.807047e+00
3.810755e+00
3.814464e+00
3.818174e+00
3.821882e+00
3.825591e+00
3.829300e+00
3.833008e+00
3.836717e+00
3.840426e+00
3.844135e+00
3.847844e+00
3.851552e+00
3.855261e+00
3.858970e+00
3.862679e+00
3.866388e+00
3.870097e+00
3.873805e+00
3.877514e+00
3.881222e+00
3.884931e+00
3.888640e+00
3.892349e+00
3.896058e+00
3.899767e+00
3.903475e+00
3.907184e+00
3.910893e+00
3.914602e+00
3.918311e+00
3.922019e+00
3.925728e+00
3.929437e+00
3.933145e+00
3.936854e+00
3.940563e+00
3.944272e+00
3.947981e+00
3.951690e+00
3.955398e+00
3.959107e+00
3.962816e+00
3.966525e+00
3.970234e+00
3.973942e+00
3.977651e+00
3.981360e+00
3.985068e+00
3.988777e+00
3.992486e+00
3.996195e+00
3.999904e+00
4.003612e+00
4.007321e+00
4.011030e+00
4.014739e+00
4.018448e+00
4.022157e+00
4.025865e+00
4.029574e+00
4.033282e+00
4.036991e+00
4.040700e+00
4.044409e+00
4.048118e+00
4.051827e+00
4.055535e+00
4.059244e+00
4.062953e+00
4.066662e+00
4.070371e+00
4.074079e+00
4.077788e+00
4.081497e+00
4.085205e+00
4.088914e+00
4.092623e+00
4.096332e+00
4.100041e+00
4.103750e+00
4.107458e+00
4.111167e+00
4.114876e+00
4.118585e+00
4.122294e+00
4.126002e+00
4.129711e+00
4.133420e+00
4.137128e+00
4.140837e+00
4.144547e+00
4.148255e+00
4.151964e+00
4.155672e+00
4.159381e+00
4.163090e+00
4.166799e+00
4.170508e+00
4.174217e+00
4.177925e+00
4.181634e+00
4.185343e+00
4.189052e+00
4.192761e+00
4.196469e+00
4.200178e+00
4.203887e+00
4.207595e+00
4.211305e+00
4.215014e+00
4.218722e+00
4.222431e+00
4.226140e+00
4.229848e+00
4.233557e+00
4.237266e+00
4.240975e+00
4.244684e+00
4.248392e+00
4.252101e+00
4.255810e+00
4.259519e+00
4.263228e+00
4.266937e+00
4.270645e+00
4.274354e+00
4.278062e+00
4.281771e+00
4.285480e+00
4.289189e+00
4.292898e+00
4.296958e+00
4.301018e+00
4.305078e+00
4.309138e+00
4.313198e+00
4.317258e+00
4.321318e+00
4.325378e+00
4.329438e+00
4.333498e+00
4.337559e+00
4.341619e+00
4.345679e+00
4.349739e+00
4.353799e+00
4.357859e+00
4.361919e+00
4.365979e+00
4.370039e+00
4.374099e+00
4.378159e+00
4.382219e+00
4.386279e+00
4.390339e+00
4.394400e+00
4.398460e+00
4.402520e+00
4.406580e+00
4.410640e+00
4.414700e+00
4.418760e+00
4.422820e+00
4.426880e+00
4.430940e+00
4.435000e+00
4.439060e+00
4.443120e+00
4.447180e+00
4.451241e+00
4.455301e+00
4.459361e+00
4.463421e+00
4.467481e+00
4.471541e+00
4.475601e+00
4.479661e+00
4.483721e+00
4.487781e+00
4.491841e+00
4.495901e+00
4.499961e+00
4.504021e+00
4.508082e+00
4.512142e+00
4.516202e+00
4.520262e+00
4.524322e+00
4.528382e+00
4.532442e+00
4.536502e+00
4.540562e+00
4.544622e+00
4.548682e+00
4.552742e+00
4.556802e+00
4.560862e+00
4.564923e+00
4.568983e+00
4.573043e+00
4.577103e+00
4.581163e+00
4.585223e+00
4.589283e+00
4.593343e+00
4.597403e+00
4.601463e+00
4.605523e+00
4.609583e+00
4.613643e+00
4.617703e+00
4.621764e+00
4.625824e+00
4.629884e+00
4.633944e+00
4.638004e+00
4.642064e+00
4.646124e+00
4.650184e+00
4.654244e+00
4.658304e+00
4.662364e+00
4.666424e+00
4.670484e+00
4.674544e+00
4.678605e+00
4.682665e+00
4.686725e+00
4.690785e+00
4.694845e+00
4.698905e+00
4.702965e+00
4.707025e+00
4.711085e+00
4.715145e+00
4.719205e+00
4.723265e+00
4.727325e+00
4.731385e+00
4.735446e+00
4.739506e+00
4.743566e+00
4.747626e+00
4.751686e+00
4.755745e+00
4.759806e+00
4.763866e+00
4.767926e+00
4.771986e+00
4.776046e+00
4.780106e+00
4.784166e+00
4.788226e+00
4.792287e+00
4.796347e+00
4.800407e+00
4.804467e+00
4.808527e+00
4.812586e+00
4.816647e+00
4.820707e+00
4.824767e+00
4.828827e+00
4.832887e+00
4.836947e+00
4.841007e+00
4.845068e+00
4.849128e+00
4.853188e+00
4.857248e+00
4.861308e+00
4.865368e+00
4.869427e+00
4.873488e+00
4.877548e+00
4.881608e+00
4.885668e+00
4.889728e+00
4.893788e+00
4.897848e+00
4.901909e+00
4.905969e+00
4.910029e+00
4.914089e+00
4.918149e+00
4.922209e+00
4.926268e+00
4.930329e+00
4.934389e+00
4.938449e+00
4.942509e+00
4.946569e+00
4.950629e+00
4.954689e+00
4.958750e+00
4.962810e+00
4.966870e+00
4.970930e+00
4.974990e+00
4.979050e+00
4.983110e+00
4.987170e+00
4.991230e+00
4.995290e+00
4.999350e+00
5.003410e+00
5.007470e+00
5.011530e+00
5.015591e+00
5.019651e+00
5.023711e+00
5.027771e+00
5.031830e+00
5.035891e+00
5.039951e+00
5.044011e+00
5.048071e+00
5.052131e+00
5.056191e+00
5.060251e+00
5.064311e+00
5.068371e+00
5.072432e+00
5.076492e+00
5.080552e+00
5.084612e+00
5.088671e+00
5.092732e+00
5.096792e+00
5.100852e+00
5.104912e+00
5.108972e+00
5.113032e+00
5.117092e+00
5.121152e+00
5.125212e+00
5.129273e+00
5.133333e+00
5.137393e+00
5.141453e+00
5.145512e+00
5.149573e+00
5.153633e+00
5.157693e+00
5.161753e+00
5.165813e+00
5.169873e+00
5.173933e+00
5.177993e+00
5.182053e+00
5.186114e+00
5.190174e+00
5.194234e+00
5.198294e+00
5.202354e+00
5.206413e+00
5.210474e+00
5.214534e+00
5.218594e+00
5.222654e+00
5.226714e+00
5.230774e+00
5.234834e+00
5.238894e+00
5.242955e+00
5.247015e+00
5.251075e+00
5.255135e+00
5.259195e+00
5.263254e+00
5.267315e+00
5.271375e+00
5.275435e+00
5.279495e+00
5.283555e+00
5.287615e+00
5.291675e+00
5.295735e+00
5.299796e+00
5.303856e+00
5.307915e+00
5.311976e+00
5.316036e+00
5.320095e+00
5.324156e+00
5.328216e+00
5.332276e+00
5.336336e+00
5.340396e+00
5.344456e+00
5.348516e+00
5.352576e+00
5.356637e+00
5.360697e+00
5.364756e+00
5.368817e+00
5.372877e+00
5.376936e+00
5.380996e+00
5.385057e+00
5.389117e+00
5.393177e+00
5.397237e+00
5.401297e+00
5.405357e+00
5.409417e+00
5.413478e+00
5.417538e+00
5.421597e+00
5.425658e+00
5.429718e+00
5.433777e+00
5.437837e+00
5.441898e+00
5.445958e+00
5.450018e+00
5.454078e+00
5.458138e+00
5.462198e+00
5.466258e+00
5.470319e+00
5.474379e+00
5.478439e+00
5.482498e+00
5.486559e+00
5.490618e+00
5.494678e+00
5.498739e+00
5.502799e+00
5.506859e+00
5.510919e+00
5.514979e+00
5.519039e+00
5.523099e+00
5.527160e+00
5.531220e+00
5.535280e+00
5.539339e+00
5.543400e+00
5.547459e+00
5.551519e+00
5.555580e+00
5.559640e+00
5.563700e+00
5.567760e+00
5.571820e+00
5.575880e+00
5.579940e+00
5.584000e+00
5.588061e+00
5.592121e+00
5.596180e+00
5.600241e+00
5.604300e+00
5.608360e+00
5.612421e+00
5.616481e+00
5.620541e+00
5.624601e+00
5.628661e+00
5.632721e+00
5.636781e+00
5.640841e+00
5.644902e+00
5.648962e+00
5.653021e+00
5.657081e+00
5.661141e+00
5.665201e+00
5.669262e+00
5.673322e+00
5.677382e+00
5.681442e+00
5.685502e+00
5.689562e+00
5.693622e+00
5.697683e+00
5.701743e+00
5.705803e+00
5.709862e+00
5.713922e+00
5.717982e+00
5.722042e+00
5.726103e+00
5.730163e+00
5.734223e+00
5.738283e+00
5.742343e+00
5.746403e+00
5.750463e+00
5.754524e+00
5.758583e+00
5.762644e+00
5.766703e+00
5.770763e+00
5.774823e+00
5.778883e+00
5.782944e+00
5.787004e+00
5.791064e+00
5.795124e+00
5.799184e+00
5.803244e+00
5.807304e+00
5.811365e+00
5.815424e+00
5.819485e+00
5.823544e+00
5.827604e+00
5.831664e+00
5.835725e+00
5.839785e+00
5.843845e+00
5.847905e+00
5.851965e+00
5.856025e+00
5.860085e+00
5.864146e+00
5.868206e+00
5.872265e+00
5.876326e+00
5.880385e+00
5.884445e+00
5.888505e+00
5.892566e+00
5.896626e+00
5.900686e+00
5.904746e+00
5.908806e+00
5.912866e+00
5.916926e+00
5.920987e+00
5.925047e+00
5.929106e+00
5.933166e+00
5.937226e+00
5.941286e+00
5.945346e+00
5.949407e+00
5.953467e+00
5.957527e+00
5.961587e+00
5.965647e+00
5.969707e+00
5.973767e+00
5.977828e+00
5.981888e+00
5.985947e+00
5.990007e+00
5.994067e+00
5.998127e+00
6.002187e+00
6.006248e+00
6.010308e+00
6.014368e+00
6.018428e+00
6.022488e+00
6.026548e+00
6.030608e+00
6.034668e+00
6.038729e+00
6.042788e+00
6.046848e+00
6.050908e+00
6.054968e+00
6.059028e+00
6.063089e+00
6.067149e+00
6.071209e+00
6.075269e+00
6.079329e+00
6.083389e+00
6.087449e+00
6.091509e+00
6.095570e+00
6.099629e+00
6.103689e+00
6.107749e+00
6.111809e+00
6.115869e+00
6.119930e+00
6.123990e+00
6.128050e+00
6.132110e+00
6.136170e+00
6.140230e+00
6.144290e+00
6.148350e+00
6.152411e+00
6.156470e+00
6.160530e+00
6.164590e+00
6.168650e+00
6.172710e+00
6.176771e+00
6.180831e+00
6.184891e+00
6.188951e+00
6.193011e+00
6.197071e+00
6.201131e+00
6.205191e+00
6.209251e+00
6.213311e+00
6.217371e+00
6.221431e+00
6.225491e+00
6.229551e+00
6.233612e+00
6.237672e+00
6.241732e+00
6.245792e+00
6.249852e+00
6.253912e+00
6.257972e+00
6.262032e+00
6.266092e+00
6.270152e+00
6.274212e+00
6.278272e+00
6.282332e+00
6.286392e+00
6.290453e+00
6.294513e+00
6.298573e+00
6.302633e+00
6.306693e+00
6.310753e+00
6.314813e+00
6.318873e+00
6.322933e+00
6.326993e+00
6.331053e+00
6.333036e+00
6.335019e+00
6.337001e+00
6.338984e+00
6.340967e+00
6.342950e+00
6.344932e+00
6.346915e+00
6.348897e+00
6.350880e+00
6.352862e+00
6.354845e+00
6.356828e+00
6.358811e+00
6.360794e+00
6.362776e+00
6.364759e+00
6.366741e+00
6.368724e+00
6.370706e+00
6.372689e+00
6.374672e+00
6.376655e+00
6.378637e+00
6.380620e+00
6.382603e+00
6.384585e+00
6.386568e+00
6.388550e+00
6.390533e+00
6.392516e+00
6.394499e+00
6.396481e+00
6.398464e+00
6.400447e+00
6.402429e+00
6.404411e+00
6.406394e+00
6.408377e+00
6.410360e+00
6.412343e+00
6.414325e+00
6.416308e+00
6.418291e+00
6.420274e+00
6.422256e+00
6.424238e+00
6.426221e+00
6.428204e+00
6.430186e+00
6.432169e+00
6.434152e+00
6.436135e+00
6.438118e+00
6.440100e+00
6.442083e+00
6.444065e+00
6.446048e+00
6.448030e+00
6.450013e+00
6.451996e+00
6.453979e+00
6.455961e+00
6.457944e+00
6.459926e+00
6.461909e+00
6.463892e+00
6.465874e+00
6.467857e+00
6.469840e+00
6.471823e+00
6.473805e+00
6.475788e+00
6.477771e+00
6.479753e+00
6.481735e+00
6.483718e+00
6.485701e+00
6.487684e+00
6.489667e+00
6.491649e+00
6.493632e+00
6.495614e+00
6.497598e+00
6.499580e+00
6.501562e+00
6.503545e+00
6.505528e+00
6.507510e+00
6.509493e+00
6.511476e+00
6.513459e+00
6.515441e+00
6.517423e+00
6.519406e+00
6.521389e+00
6.523372e+00
6.525354e+00
6.527337e+00
6.529320e+00
6.531303e+00
6.533285e+00
6.535268e+00
6.537250e+00
6.539233e+00
6.541216e+00
6.543198e+00
6.545181e+00
6.547164e+00
6.549147e+00
6.551129e+00
6.553111e+00
6.555094e+00
6.557077e+00
6.559059e+00
6.561042e+00
6.563025e+00
6.565008e+00
6.566991e+00
6.568973e+00
6.570956e+00
6.572938e+00
6.574921e+00
6.576903e+00
6.578886e+00
6.580869e+00
6.582852e+00
6.584834e+00
6.586817e+00
6.588800e+00
6.590783e+00
6.592765e+00
6.594747e+00
6.596730e+00
6.598713e+00
6.600696e+00
6.602678e+00
6.604661e+00
6.606644e+00
6.608626e+00
6.610609e+00
6.612591e+00
6.614574e+00
6.616557e+00
6.618540e+00
6.620522e+00
6.622505e+00
6.624488e+00
6.626471e+00
6.628453e+00
6.630435e+00
6.632418e+00
6.634401e+00
6.636383e+00
6.638366e+00
6.640349e+00
6.642332e+00
6.644314e+00
6.646297e+00
6.648279e+00
6.650262e+00
6.652245e+00
6.654227e+00
6.656210e+00
6.658193e+00
6.660176e+00
6.662158e+00
6.664141e+00
6.666124e+00
6.668106e+00
6.670089e+00
6.672071e+00
6.674054e+00
6.676037e+00
6.678020e+00
6.680002e+00
6.681985e+00
6.683968e+00
6.685950e+00
6.687933e+00
6.689915e+00
6.691898e+00
6.693881e+00
6.695864e+00
6.697846e+00
6.699829e+00
6.701812e+00
6.703794e+00
6.705776e+00
6.707759e+00
6.709742e+00
6.711725e+00
6.713707e+00
6.715690e+00
6.717673e+00
6.719656e+00
6.721638e+00
6.723621e+00
6.725603e+00
6.727586e+00
6.729569e+00
6.731551e+00
6.733534e+00
6.735517e+00
6.737500e+00
6.739482e+00
6.741465e+00
6.743448e+00
6.745430e+00
6.747413e+00
6.749395e+00
6.751378e+00
6.753361e+00
6.755344e+00
6.757326e+00
6.759309e+00
6.761291e+00
6.763274e+00
6.765256e+00
6.767239e+00
6.769222e+00
6.771205e+00
6.773188e+00
6.775170e+00
6.777153e+00
6.779136e+00
6.781118e+00
6.783100e+00
6.785083e+00
6.787066e+00
6.789049e+00
6.791031e+00
6.793014e+00
6.794997e+00
6.796979e+00
6.798962e+00
6.800945e+00
6.802927e+00
6.804910e+00
6.806893e+00
6.808875e+00
6.810858e+00
6.812841e+00
6.814824e+00
6.816806e+00
6.818788e+00
6.820771e+00
6.822754e+00
6.824737e+00
6.826719e+00
6.828702e+00
6.830685e+00
6.832668e+00
6.834650e+00
6.836633e+00
6.838615e+00
6.840598e+00
6.842581e+00
6.844563e+00
6.846546e+00
6.848529e+00
6.850512e+00
6.852494e+00
6.854476e+00
6.856459e+00
6.858442e+00
6.860424e+00
6.862407e+00
6.864390e+00
6.866373e+00
6.868356e+00
6.870338e+00
6.872321e+00
6.874303e+00
6.876286e+00
6.878268e+00
6.880251e+00
6.882234e+00
6.884217e+00
6.886199e+00
6.888182e+00
6.890165e+00
6.892148e+00
6.894130e+00
6.896112e+00
6.898095e+00
6.900078e+00
6.902061e+00
6.904043e+00
6.906026e+00
6.908009e+00
6.909991e+00
6.911974e+00
6.913956e+00
6.915939e+00
6.917922e+00
6.919905e+00
6.921887e+00
6.923870e+00
6.925853e+00
6.927836e+00
6.929818e+00
6.931800e+00
6.933783e+00
6.935766e+00
6.937748e+00
6.939731e+00
6.941714e+00
6.943697e+00
6.945679e+00
6.947662e+00
6.949644e+00
6.951627e+00
6.953610e+00
6.955592e+00
6.957575e+00
6.959558e+00
6.961541e+00
6.963523e+00
6.965506e+00
6.967488e+00
6.969471e+00
6.971454e+00
6.973436e+00
6.975419e+00
6.977402e+00
6.979385e+00
6.981367e+00
6.983350e+00
6.985333e+00
6.987315e+00
6.989298e+00
6.991280e+00
6.993263e+00
6.995246e+00
6.997229e+00
6.999211e+00
7.001194e+00
7.003177e+00
7.005159e+00
7.007141e+00
7.009124e+00
7.011107e+00
7.013090e+00
7.015072e+00
7.017055e+00
7.019038e+00
7.021021e+00
7.023003e+00
7.024986e+00
7.026968e+00
7.028951e+00
7.030934e+00
7.032916e+00
7.034899e+00
7.036882e+00
7.038865e+00
7.040847e+00
7.042830e+00
7.044812e+00
7.046795e+00
7.048778e+00
7.050760e+00
7.052743e+00
7.054726e+00
7.056709e+00
7.058691e+00
7.060674e+00
7.062656e+00
7.064639e+00
7.066621e+00
7.068604e+00
7.070587e+00
7.072570e+00
7.074553e+00
7.076535e+00
7.078518e+00
7.080501e+00
7.082483e+00
7.084465e+00
7.086448e+00
7.088431e+00
7.090414e+00
7.092396e+00
7.094379e+00
7.096362e+00
7.098344e+00
7.100327e+00
7.102310e+00
7.104292e+00
7.106275e+00
7.108258e+00
7.110240e+00
7.112223e+00
7.114206e+00
7.116189e+00
7.118171e+00
7.120153e+00
7.122136e+00
7.124119e+00
7.126102e+00
7.128084e+00
7.130067e+00
7.132050e+00
7.134033e+00
7.136015e+00
7.137998e+00
7.139980e+00
7.141963e+00
7.143945e+00
7.145928e+00
7.147911e+00
7.149894e+00
7.151877e+00
7.153859e+00
7.155841e+00
7.157824e+00
7.159807e+00
7.161789e+00
7.163772e+00
7.165755e+00
7.167738e+00
7.169720e+00
7.171703e+00
7.173686e+00
7.175668e+00
7.177651e+00
7.179633e+00
7.181616e+00
7.183599e+00
7.185582e+00
7.187564e+00
7.189547e+00
7.191529e+00
7.193513e+00
7.195495e+00
7.197477e+00
7.199460e+00
7.201443e+00
7.203426e+00
7.205408e+00
7.207391e+00
7.209374e+00
7.211356e+00
7.213338e+00
7.215321e+00
7.217304e+00
7.219287e+00
7.221269e+00
7.223252e+00
7.225235e+00
7.227218e+00
7.229201e+00
7.231183e+00
7.233165e+00
7.235148e+00
7.237131e+00
7.239113e+00
7.241096e+00
7.243079e+00
7.245062e+00
7.247044e+00
7.249027e+00
7.251009e+00
7.252992e+00
7.254975e+00
7.256957e+00
7.258940e+00
7.260923e+00
7.262906e+00
7.264888e+00
7.266871e+00
7.268853e+00
7.270836e+00
7.272818e+00
7.274801e+00
7.276784e+00
7.278767e+00
7.280750e+00
7.282732e+00
7.284715e+00
7.286698e+00
7.288680e+00
7.290662e+00
7.292645e+00
7.294628e+00
7.296611e+00
7.298593e+00
7.300576e+00
7.302559e+00
7.304541e+00
7.306524e+00
7.308506e+00
7.310489e+00
7.312472e+00
7.314455e+00
7.316437e+00
7.318420e+00
7.320403e+00
7.322386e+00
7.324368e+00
7.326351e+00
7.328333e+00
7.330254e+00
7.332176e+00
7.334098e+00
7.336020e+00
7.337941e+00
7.339862e+00
7.341784e+00
7.343706e+00
7.345627e+00
7.347549e+00
7.349470e+00
7.351391e+00
7.353313e+00
7.355234e+00
7.357156e+00
7.359077e+00
7.360999e+00
7.362920e+00
7.364842e+00
7.366763e+00
7.368684e+00
7.370607e+00
7.372528e+00
7.374449e+00
7.376371e+00
7.378293e+00
7.380214e+00
7.382136e+00
7.384057e+00
7.385979e+00
7.387900e+00
7.389821e+00
7.391743e+00
7.393664e+00
7.395586e+00
7.397507e+00
7.399429e+00
7.401350e+00
7.403272e+00
7.405194e+00
7.407115e+00
7.409037e+00
7.410958e+00
7.412880e+00
7.414801e+00
7.416723e+00
7.418644e+00
7.420566e+00
7.422487e+00
7.424409e+00
7.426330e+00
7.428251e+00
7.430173e+00
7.432094e+00
7.434016e+00
7.435937e+00
7.437859e+00
7.439780e+00
7.441702e+00
7.443624e+00
7.445545e+00
7.447466e+00
7.449388e+00
7.451310e+00
7.453231e+00
7.455153e+00
7.457074e+00
7.458996e+00
7.460917e+00
7.462839e+00
7.464760e+00
7.466681e+00
7.468603e+00
7.470524e+00
7.472446e+00
7.474367e+00
7.476289e+00
7.478211e+00
7.480132e+00
7.482053e+00
7.483976e+00
7.485897e+00
7.487818e+00
7.489740e+00
7.491661e+00
7.493583e+00
7.495504e+00
7.497426e+00
7.499347e+00
7.501269e+00
7.503190e+00
7.505112e+00
7.507033e+00
7.508954e+00
7.510876e+00
7.512798e+00
7.514719e+00
7.516641e+00
7.518562e+00
7.520484e+00
7.522406e+00
7.524327e+00
7.526248e+00
7.528170e+00
7.530091e+00
7.532013e+00
7.533934e+00
7.535856e+00
7.537777e+00
7.539699e+00
7.541620e+00
7.543542e+00
7.545463e+00
7.547384e+00
7.549306e+00
7.551228e+00
7.553149e+00
7.555070e+00
7.556993e+00
7.558914e+00
7.560836e+00
7.562757e+00
7.564679e+00
7.566600e+00
7.568521e+00
7.570443e+00
7.572364e+00
7.574286e+00
7.576207e+00
7.578129e+00
7.580050e+00
7.581972e+00
7.583893e+00
7.585815e+00
7.587736e+00
7.589658e+00
7.591580e+00
7.593501e+00
7.595423e+00
7.597344e+00
7.599266e+00
7.601187e+00
7.603109e+00
7.605030e+00
7.606951e+00
7.608873e+00
7.610794e+00
7.612716e+00
7.614637e+00
7.616559e+00
7.618480e+00
7.620402e+00
7.622323e+00
7.624245e+00
7.626166e+00
7.628088e+00
7.630010e+00
7.631931e+00
7.633853e+00
7.635774e+00
7.637696e+00
7.639617e+00
7.641539e+00
7.643460e+00
7.645381e+00
7.647303e+00
7.649224e+00
7.651146e+00
7.653067e+00
7.654989e+00
7.656910e+00
7.658832e+00
7.660753e+00
7.662675e+00
7.664597e+00
7.666518e+00
7.668440e+00
7.670361e+00
7.672283e+00
7.674204e+00
7.676126e+00
7.678047e+00
7.679969e+00
7.681890e+00
7.683811e+00
7.685733e+00
7.687654e+00
7.689576e+00
7.691497e+00
7.693419e+00
7.695340e+00
7.697262e+00
7.699184e+00
7.701105e+00
7.703027e+00
7.704948e+00
7.706870e+00
7.708791e+00
7.710713e+00
7.712634e+00
7.714556e+00
7.716477e+00
7.718399e+00
7.720320e+00
7.722242e+00
7.724163e+00
7.726084e+00
7.728006e+00
7.729927e+00
7.731849e+00
7.733770e+00
7.735692e+00
7.737614e+00
7.739535e+00
7.741457e+00
7.743378e+00
7.745300e+00
7.747221e+00
7.749143e+00
7.751064e+00
7.752986e+00
7.754907e+00
7.756829e+00
7.758750e+00
7.760672e+00
7.762593e+00
7.764514e+00
7.766436e+00
7.768357e+00
7.770279e+00
7.772201e+00
7.774122e+00
7.776044e+00
7.777966e+00
7.779887e+00
7.781809e+00
7.783730e+00
7.785651e+00
7.787573e+00
7.789494e+00
7.791416e+00
7.793337e+00
7.795259e+00
7.797180e+00
7.799102e+00
7.801023e+00
7.802944e+00
7.804866e+00
7.806788e+00
7.808709e+00
7.810631e+00
7.812552e+00
7.814474e+00
7.816396e+00
7.818317e+00
7.820239e+00
7.822160e+00
7.824081e+00
7.826003e+00
7.827924e+00
7.829846e+00
7.831767e+00
7.833689e+00
7.835610e+00
7.837532e+00
7.839453e+00
7.841374e+00
7.843296e+00
7.845218e+00
7.847139e+00
7.849061e+00
7.850983e+00
7.852904e+00
7.854826e+00
7.856747e+00
7.858669e+00
7.860590e+00
7.862511e+00
7.864433e+00
7.866354e+00
7.868276e+00
7.870197e+00
7.872119e+00
7.874040e+00
7.875962e+00
7.877883e+00
7.879805e+00
7.881726e+00
7.883648e+00
7.885570e+00
7.887491e+00
7.889413e+00
7.891334e+00
7.893256e+00
7.895177e+00
7.897099e+00
7.899020e+00
7.900941e+00
7.902863e+00
7.904784e+00
7.906706e+00
7.908627e+00
7.910549e+00
7.912470e+00
7.914392e+00
7.916313e+00
7.918235e+00
7.920156e+00
7.922078e+00
7.924000e+00
7.925921e+00
7.927843e+00
7.929764e+00
7.931686e+00
7.933607e+00
7.935529e+00
7.937450e+00
7.939372e+00
7.941293e+00
7.943214e+00
7.945136e+00
7.947057e+00
7.948979e+00
7.950901e+00
7.952822e+00
7.954743e+00
7.956665e+00
7.958587e+00
7.960508e+00
7.962430e+00
7.964351e+00
7.966273e+00
7.968194e+00
7.970116e+00
7.972037e+00
7.973959e+00
7.975880e+00
7.977802e+00
7.979723e+00
7.981644e+00
7.983566e+00
7.985487e+00
7.987409e+00
7.989330e+00
7.991252e+00
7.993174e+00
7.995096e+00
7.997017e+00
7.998938e+00
8.000860e+00
8.002781e+00
8.004703e+00
8.006624e+00
8.008546e+00
8.010467e+00
8.012389e+00
8.014310e+00
8.016232e+00
8.018153e+00
8.020074e+00
8.021996e+00
8.023917e+00
8.025839e+00
8.027760e+00
8.029683e+00
8.031604e+00
8.033525e+00
8.035447e+00
8.037369e+00
8.039290e+00
8.041211e+00
8.043133e+00
8.045054e+00
8.046976e+00
8.048897e+00
8.050819e+00
8.052740e+00
8.054662e+00
8.056583e+00
8.058505e+00
8.060426e+00
8.062347e+00
8.064269e+00
8.066191e+00
8.068113e+00
8.070034e+00
8.071956e+00
8.073877e+00
8.075799e+00
8.077720e+00
8.079641e+00
8.081563e+00
8.083484e+00
8.085406e+00
8.087327e+00
8.089249e+00
8.091170e+00
8.093092e+00
8.095013e+00
8.096935e+00
8.098856e+00
8.100778e+00
8.102700e+00
8.104621e+00
8.106542e+00
8.108464e+00
8.110386e+00
8.112307e+00
8.114229e+00
8.116150e+00
8.118071e+00
8.119993e+00
8.121914e+00
8.123836e+00
8.125757e+00
8.127679e+00
8.129600e+00
8.131522e+00
8.133443e+00
8.135365e+00
8.137287e+00
8.139208e+00
8.141130e+00
8.143051e+00
8.144973e+00
8.146894e+00
8.148816e+00
8.150737e+00
8.152659e+00
8.154580e+00
8.156502e+00
8.158423e+00
8.160344e+00
8.162266e+00
8.164187e+00
8.166109e+00
8.168030e+00
8.169952e+00
8.171873e+00
8.173795e+00
8.175717e+00
8.177638e+00
8.179560e+00
8.181481e+00
8.183403e+00
8.185324e+00
8.187246e+00
8.189167e+00
8.191089e+00
8.193010e+00
8.194932e+00
8.196853e+00
8.198774e+00
8.200696e+00
8.202617e+00
8.204539e+00
8.206460e+00
8.208382e+00
8.210304e+00
8.212225e+00
8.214146e+00
8.216068e+00
8.217990e+00
8.219911e+00
8.221833e+00
8.223754e+00
8.225676e+00
8.227597e+00
8.229519e+00
8.231440e+00
8.233362e+00
8.235283e+00
8.237204e+00
8.239126e+00
8.241047e+00
8.242969e+00
8.244891e+00
8.246812e+00
8.248734e+00
8.250655e+00
8.252577e+00
