7.611333e-04
7.917228e-04
8.223126e-04
8.529020e-04
8.834914e-04
9.140812e-04
9.446707e-04
9.752601e-04
1.005850e-03
1.036439e-03
1.067029e-03
1.097619e-03
1.128208e-03
1.158798e-03
1.189387e-03
1.219977e-03
1.250566e-03
1.281156e-03
1.311745e-03
1.342335e-03
1.372924e-03
1.403514e-03
1.434104e-03
1.464693e-03
1.495283e-03
1.525872e-03
1.556462e-03
1.587051e-03
1.617641e-03
1.648230e-03
1.678820e-03
1.792529e-03
1.906238e-03
2.019947e-03
2.133656e-03
2.247365e-03
2.361074e-03
2.474783e-03
2.588492e-03
2.702201e-03
2.815910e-03
2.929619e-03
3.043328e-03
3.157037e-03
3.270746e-03
3.384455e-03
3.498164e-03
3.611873e-03
3.725582e-03
3.839291e-03
3.953000e-03
4.011710e-03
4.070420e-03
4.129130e-03
4.187840e-03
4.246550e-03
4.305260e-03
4.363970e-03
4.422680e-03
4.481390e-03
4.540100e-03
4.598810e-03
4.657520e-03
4.716230e-03
4.774940e-03
4.833650e-03
4.892360e-03
4.951070e-03
5.009780e-03
4.979151e-03
5.127200e-03
5.275249e-03
5.423298e-03
5.571347e-03
5.719396e-03
5.867444e-03
6.015493e-03
6.163542e-03
6.311591e-03
6.459640e-03
6.607689e-03
6.755738e-03
6.903787e-03
7.051836e-03
7.199884e-03
7.347933e-03
7.495982e-03
7.644031e-03
7.792080e-03
7.940129e-03
8.088178e-03
8.236227e-03
8.384276e-03
8.532324e-03
8.680373e-03
8.828422e-03
8.976471e-03
9.124520e-03
9.272569e-03
9.420618e-03
9.568667e-03
9.685060e-03
9.801453e-03
9.917847e-03
1.003424e-02
1.015063e-02
1.026703e-02
1.038342e-02
1.049981e-02
1.061621e-02
1.073260e-02
1.084899e-02
1.096539e-02
1.108178e-02
1.119817e-02
1.131457e-02
1.143096e-02
1.154735e-02
1.166375e-02
1.178014e-02
1.189653e-02
1.201293e-02
1.212932e-02
1.224571e-02
1.236211e-02
1.247850e-02
1.259489e-02
1.271129e-02
1.282768e-02
1.294407e-02
1.306047e-02
1.317686e-02
1.329325e-02
1.340965e-02
1.352604e-02
1.364243e-02
1.375883e-02
1.387522e-02
1.399161e-02
1.410801e-02
1.422440e-02
1.434079e-02
1.445719e-02
1.457358e-02
1.468997e-02
1.480637e-02
1.492276e-02
1.503915e-02
1.515555e-02
1.527194e-02
1.538833e-02
1.553181e-02
1.567528e-02
1.581875e-02
1.596223e-02
1.610570e-02
1.624917e-02
1.639265e-02
1.653612e-02
1.667959e-02
1.682307e-02
1.696654e-02
1.711001e-02
1.725349e-02
1.739696e-02
1.754043e-02
1.768391e-02
1.782738e-02
1.797085e-02
1.811433e-02
1.825780e-02
1.840127e-02
1.854475e-02
1.868822e-02
1.883169e-02
1.897517e-02
1.911864e-02
1.926211e-02
1.940559e-02
1.954906e-02
1.969253e-02
1.983601e-02
1.997948e-02
2.012295e-02
2.026643e-02
2.040990e-02
2.055337e-02
2.069685e-02
2.084032e-02
2.098379e-02
2.112727e-02
2.127074e-02
2.141421e-02
2.155769e-02
2.170116e-02
2.184463e-02
2.198811e-02
2.213158e-02
2.227505e-02
2.241853e-02
2.256200e-02
2.256785e-02
2.257369e-02
2.257954e-02
2.258539e-02
2.259123e-02
2.259708e-02
2.260293e-02
2.260877e-02
2.261462e-02
2.262047e-02
2.262631e-02
2.263216e-02
2.263801e-02
2.264385e-02
2.264970e-02
2.265555e-02
2.266139e-02
2.266724e-02
2.267309e-02
2.267893e-02
2.268478e-02
2.269063e-02
2.269647e-02
2.270232e-02
2.270817e-02
2.271401e-02
2.271986e-02
2.272571e-02
2.273155e-02
2.273740e-02
2.274325e-02
2.274909e-02
2.275494e-02
2.276079e-02
2.276663e-02
2.277248e-02
2.277833e-02
2.278417e-02
2.279002e-02
2.279587e-02
2.280171e-02
2.280756e-02
2.281341e-02
2.281925e-02
2.282510e-02
2.283095e-02
2.283679e-02
2.284264e-02
2.284849e-02
2.285433e-02
2.286018e-02
2.286603e-02
2.287187e-02
2.287772e-02
2.288357e-02
2.288941e-02
2.289526e-02
2.290111e-02
2.290695e-02
2.291280e-02
2.291865e-02
2.292449e-02
2.293034e-02
2.293619e-02
2.294203e-02
2.294788e-02
2.295373e-02
2.295957e-02
2.296542e-02
2.297127e-02
2.297711e-02
2.298296e-02
2.298881e-02
2.299465e-02
2.300050e-02
2.300635e-02
2.301219e-02
2.301804e-02
2.302389e-02
2.302973e-02
2.303558e-02
2.304143e-02
2.304727e-02
2.305312e-02
2.305897e-02
2.306481e-02
2.307066e-02
2.307651e-02
2.308235e-02
2.308820e-02
2.309405e-02
2.309989e-02
2.310574e-02
2.311159e-02
2.311743e-02
2.312328e-02
2.312913e-02
2.313497e-02
2.314082e-02
2.314667e-02
2.323798e-02
2.332930e-02
2.342062e-02
2.351193e-02
2.360325e-02
2.369457e-02
2.378588e-02
2.387720e-02
2.396852e-02
2.405983e-02
2.415115e-02
2.424247e-02
2.433378e-02
2.442510e-02
2.451642e-02
2.460773e-02
2.469905e-02
2.479037e-02
2.488168e-02
2.497300e-02
2.506432e-02
2.515563e-02
2.524695e-02
2.533827e-02
2.542958e-02
2.552090e-02
2.561222e-02
2.570353e-02
2.579485e-02
2.588617e-02
2.597748e-02
2.606880e-02
2.616012e-02
2.625143e-02
2.634275e-02
2.643407e-02
2.652538e-02
2.661670e-02
2.670802e-02
2.679933e-02
2.689065e-02
2.698197e-02
2.707328e-02
2.716460e-02
2.725592e-02
2.734723e-02
2.743855e-02
2.752987e-02
2.762118e-02
2.771250e-02
2.780382e-02
2.789513e-02
2.798645e-02
2.807777e-02
2.816908e-02
2.826040e-02
2.835172e-02
2.844303e-02
2.853435e-02
2.862567e-02
2.871698e-02
2.880830e-02
2.889962e-02
2.899093e-02
2.908225e-02
2.917357e-02
2.926488e-02
2.935620e-02
2.944752e-02
2.953883e-02
2.963015e-02
2.972147e-02
2.981278e-02
2.990410e-02
2.999542e-02
3.008673e-02
3.017805e-02
3.026937e-02
3.036068e-02
3.045200e-02
3.054332e-02
3.063463e-02
3.072595e-02
3.081727e-02
3.090858e-02
3.099990e-02
3.109122e-02
3.118253e-02
3.127385e-02
3.136517e-02
3.145648e-02
3.154780e-02
3.163912e-02
3.173043e-02
3.182175e-02
3.191307e-02
3.200438e-02
3.209570e-02
3.218702e-02
3.227833e-02
3.239994e-02
3.252155e-02
3.264315e-02
3.276476e-02
3.288637e-02
3.300797e-02
3.312958e-02
3.325119e-02
3.337279e-02
3.349440e-02
3.361601e-02
3.373761e-02
3.385922e-02
3.398083e-02
3.410243e-02
3.422404e-02
3.434565e-02
3.446725e-02
3.458886e-02
3.471047e-02
3.483207e-02
3.495368e-02
3.507529e-02
3.519689e-02
3.531850e-02
3.544011e-02
3.556171e-02
3.568332e-02
3.580493e-02
3.592653e-02
3.604814e-02
3.616975e-02
3.629135e-02
3.641296e-02
3.653457e-02
3.665617e-02
3.677778e-02
3.689939e-02
3.702099e-02
3.714260e-02
3.726421e-02
3.738581e-02
3.750742e-02
3.762903e-02
3.775063e-02
3.787224e-02
3.799385e-02
3.811545e-02
3.823706e-02
3.835867e-02
3.848027e-02
3.860188e-02
3.872349e-02
3.884509e-02
3.896670e-02
3.908831e-02
3.920991e-02
3.933152e-02
3.945313e-02
3.957473e-02
3.969634e-02
3.981795e-02
3.993955e-02
4.006116e-02
4.018277e-02
4.030437e-02
4.042598e-02
4.054759e-02
4.066919e-02
4.079080e-02
4.091241e-02
4.103401e-02
4.115562e-02
4.127723e-02
4.139883e-02
4.152044e-02
4.164205e-02
4.176365e-02
4.188526e-02
4.200687e-02
4.212847e-02
4.225008e-02
4.237169e-02
4.249329e-02
4.261490e-02
4.273651e-02
4.285811e-02
4.297972e-02
4.310133e-02
4.322293e-02
4.334454e-02
4.346615e-02
4.358775e-02
4.370936e-02
4.383097e-02
4.395257e-02
4.407418e-02
4.419579e-02
4.431739e-02
4.443900e-02
4.456061e-02
4.468221e-02
4.480382e-02
4.492543e-02
4.504703e-02
4.516864e-02
4.529025e-02
4.541185e-02
4.553346e-02
4.565507e-02
4.577667e-02
4.589828e-02
4.601989e-02
4.614149e-02
4.626310e-02
4.638471e-02
4.650631e-02
4.662792e-02
4.674953e-02
4.687113e-02
4.699274e-02
4.711435e-02
4.723595e-02
4.735756e-02
4.747917e-02
4.760077e-02
4.772238e-02
4.784399e-02
4.796559e-02
4.808720e-02
4.820881e-02
4.833041e-02
4.845202e-02
4.857363e-02
4.869523e-02
4.881684e-02
4.893845e-02
4.906005e-02
4.918166e-02
4.930327e-02
4.942487e-02
4.954648e-02
4.966809e-02
4.978969e-02
4.991130e-02
5.003291e-02
5.015451e-02
5.027612e-02
5.039773e-02
5.051933e-02
5.064094e-02
5.076255e-02
5.088415e-02
5.100576e-02
5.112737e-02
5.124897e-02
5.137058e-02
5.149219e-02
5.161379e-02
5.173540e-02
5.185701e-02
5.197861e-02
5.210022e-02
5.222183e-02
5.234343e-02
5.246504e-02
5.258665e-02
5.270825e-02
5.282986e-02
5.295147e-02
5.307307e-02
5.319468e-02
5.331629e-02
5.343789e-02
5.355950e-02
5.368111e-02
5.380271e-02
5.392432e-02
5.404593e-02
5.416753e-02
5.428914e-02
5.441075e-02
5.453235e-02
5.465396e-02
5.477557e-02
5.489717e-02
5.501878e-02
5.514039e-02
5.526199e-02
5.538360e-02
5.550521e-02
5.562681e-02
5.574842e-02
5.587003e-02
5.599163e-02
5.611324e-02
5.623485e-02
5.635645e-02
5.647806e-02
5.659967e-02
5.678762e-02
5.697557e-02
5.716352e-02
5.735147e-02
5.753942e-02
5.772737e-02
5.791532e-02
5.810327e-02
5.829122e-02
5.847917e-02
5.866712e-02
5.885507e-02
5.904302e-02
5.923097e-02
5.941892e-02
5.960687e-02
5.979482e-02
5.998277e-02
6.017072e-02
6.035867e-02
6.054662e-02
6.073457e-02
6.092252e-02
6.111047e-02
6.129842e-02
6.148637e-02
6.167432e-02
6.186227e-02
6.205022e-02
6.223817e-02
6.242612e-02
6.261407e-02
6.280202e-02
6.298997e-02
6.317792e-02
6.336587e-02
6.355382e-02
6.374177e-02
6.392972e-02
6.411767e-02
6.430562e-02
6.449357e-02
6.468152e-02
6.486947e-02
6.505742e-02
6.524537e-02
6.543332e-02
6.562127e-02
6.580922e-02
6.599717e-02
6.618512e-02
6.637307e-02
6.656102e-02
6.674897e-02
6.693692e-02
6.712487e-02
6.731282e-02
6.750077e-02
6.768872e-02
6.787667e-02
6.806462e-02
6.825257e-02
6.844052e-02
6.862847e-02
6.881642e-02
6.900437e-02
6.919232e-02
6.938027e-02
6.956822e-02
6.975617e-02
6.994412e-02
7.013207e-02
7.032002e-02
7.050797e-02
7.069592e-02
7.088387e-02
7.107182e-02
7.125977e-02
7.144772e-02
7.163567e-02
7.182362e-02
7.201157e-02
7.219952e-02
7.238747e-02
7.257542e-02
7.276337e-02
7.295132e-02
7.313927e-02
7.332722e-02
7.351517e-02
7.370312e-02
7.389107e-02
7.407902e-02
7.426697e-02
7.445492e-02
7.464287e-02
7.483082e-02
7.501877e-02
7.520672e-02
7.539467e-02
7.638314e-02
7.737160e-02
7.836007e-02
7.934854e-02
8.033701e-02
8.132547e-02
8.231394e-02
8.330241e-02
8.429088e-02
8.527934e-02
8.626781e-02
8.725628e-02
8.824475e-02
8.923321e-02
9.022168e-02
9.121015e-02
9.219862e-02
9.318708e-02
9.417555e-02
9.516402e-02
9.615249e-02
9.714095e-02
9.812942e-02
9.911789e-02
1.001064e-01
1.010948e-01
1.020833e-01
1.030718e-01
1.040602e-01
1.050487e-01
1.060372e-01
1.070256e-01
1.080141e-01
1.090026e-01
1.099910e-01
1.109795e-01
1.119680e-01
1.129564e-01
1.139449e-01
1.149334e-01
1.159218e-01
1.169103e-01
1.178988e-01
1.188872e-01
1.198757e-01
1.208642e-01
1.218526e-01
1.228411e-01
1.238296e-01
1.248180e-01
1.258065e-01
1.267950e-01
1.277834e-01
1.287719e-01
1.297604e-01
1.307488e-01
1.317373e-01
1.327258e-01
1.337142e-01
1.347027e-01
1.356912e-01
1.366796e-01
1.376681e-01
1.386566e-01
1.396451e-01
1.406335e-01
1.416220e-01
1.426105e-01
1.435989e-01
1.445874e-01
1.455759e-01
1.465643e-01
1.475528e-01
1.485413e-01
1.495297e-01
1.505182e-01
1.515067e-01
1.524951e-01
1.534836e-01
1.544721e-01
1.554605e-01
1.564490e-01
1.574375e-01
1.584259e-01
1.594144e-01
1.604029e-01
1.613913e-01
1.623798e-01
1.633683e-01
1.643567e-01
1.653452e-01
1.663337e-01
1.673221e-01
1.683106e-01
1.692991e-01
1.702875e-01
1.712760e-01
1.722645e-01
1.732529e-01
1.742414e-01
1.752299e-01
1.762183e-01
1.772068e-01
1.781953e-01
1.791837e-01
1.801722e-01
1.811607e-01
1.821491e-01
1.831376e-01
1.841261e-01
1.851146e-01
1.861030e-01
1.870915e-01
1.880800e-01
1.890684e-01
1.900569e-01
1.910454e-01
1.920338e-01
1.930223e-01
1.940108e-01
1.949992e-01
1.959877e-01
1.969762e-01
1.979646e-01
1.989531e-01
1.999416e-01
2.009300e-01
2.019185e-01
2.029070e-01
2.038954e-01
2.048839e-01
2.058724e-01
2.068608e-01
2.078493e-01
2.088378e-01
2.098262e-01
2.108147e-01
2.118032e-01
2.127916e-01
2.137801e-01
2.147686e-01
2.157570e-01
2.167455e-01
2.177340e-01
2.187224e-01
2.197109e-01
2.206994e-01
2.216878e-01
2.226763e-01
2.236648e-01
2.246532e-01
2.256417e-01
2.266302e-01
2.276186e-01
2.286071e-01
2.295956e-01
2.305841e-01
2.315725e-01
2.325610e-01
2.335495e-01
2.345379e-01
2.355264e-01
2.365149e-01
2.375033e-01
2.384918e-01
2.394803e-01
2.404687e-01
2.414572e-01
2.424457e-01
2.434341e-01
2.444226e-01
2.454111e-01
2.463995e-01
2.473880e-01
2.483765e-01
2.493649e-01
2.503534e-01
2.513419e-01
2.523303e-01
2.533188e-01
2.543073e-01
2.552957e-01
2.562842e-01
2.572727e-01
2.582611e-01
2.592496e-01
2.602381e-01
2.612265e-01
2.622150e-01
2.632035e-01
2.641919e-01
2.651804e-01
2.661689e-01
2.671573e-01
2.681458e-01
2.691343e-01
2.701227e-01
2.711112e-01
2.720997e-01
2.730881e-01
2.740766e-01
2.750651e-01
2.760536e-01
2.770420e-01
2.780305e-01
2.790190e-01
2.800074e-01
2.809959e-01
2.819844e-01
2.829728e-01
2.839613e-01
2.849498e-01
2.859382e-01
2.869267e-01
2.879152e-01
2.889036e-01
2.898921e-01
2.908806e-01
2.918690e-01
2.928575e-01
2.938460e-01
2.948344e-01
2.958229e-01
2.968114e-01
2.977998e-01
2.987883e-01
2.997768e-01
3.007652e-01
3.017537e-01
3.027422e-01
3.037306e-01
3.047191e-01
3.057076e-01
3.066960e-01
3.076845e-01
3.086730e-01
3.096614e-01
3.106499e-01
3.116384e-01
3.126268e-01
3.136153e-01
3.146038e-01
3.155922e-01
3.165807e-01
3.175692e-01
3.185576e-01
3.195461e-01
3.205346e-01
3.215231e-01
3.225115e-01
3.235000e-01
3.244885e-01
3.254769e-01
3.264654e-01
3.274539e-01
3.284423e-01
3.294308e-01
3.304193e-01
3.314077e-01
3.323962e-01
3.333847e-01
3.343731e-01
3.353616e-01
3.363501e-01
3.373385e-01
3.383270e-01
3.393155e-01
3.403039e-01
3.412924e-01
3.422809e-01
3.432693e-01
3.442578e-01
3.452463e-01
3.462347e-01
3.472232e-01
3.482117e-01
3.492001e-01
3.501886e-01
3.511771e-01
3.521655e-01
3.531540e-01
3.541425e-01
3.551309e-01
3.561194e-01
3.571079e-01
3.580963e-01
3.590848e-01
3.600733e-01
3.610617e-01
3.620502e-01
3.630387e-01
3.640271e-01
3.650156e-01
3.660041e-01
3.669926e-01
3.679810e-01
3.689695e-01
3.699580e-01
3.709464e-01
3.719349e-01
3.729234e-01
3.739118e-01
3.749003e-01
3.758888e-01
3.768772e-01
3.778657e-01
3.788542e-01
3.798426e-01
3.808311e-01
3.818196e-01
3.828080e-01
3.837965e-01
3.847850e-01
3.857734e-01
3.867619e-01
3.877504e-01
3.887388e-01
3.897273e-01
3.907158e-01
3.917042e-01
3.926927e-01
3.936812e-01
3.946696e-01
3.956581e-01
3.966466e-01
3.976350e-01
3.986235e-01
3.996120e-01
4.006004e-01
4.015889e-01
4.025774e-01
4.035658e-01
4.045543e-01
4.055428e-01
4.065312e-01
4.075197e-01
4.085082e-01
4.094966e-01
4.104851e-01
4.114736e-01
4.124621e-01
4.134505e-01
4.144390e-01
4.154275e-01
4.164159e-01
4.174044e-01
4.183929e-01
4.193813e-01
4.203698e-01
4.213583e-01
4.223467e-01
4.233352e-01
4.243237e-01
4.253121e-01
4.263006e-01
4.272891e-01
4.282775e-01
4.292660e-01
4.302545e-01
4.312429e-01
4.322314e-01
4.332199e-01
4.342083e-01
4.351968e-01
4.361853e-01
4.371737e-01
4.381622e-01
4.391507e-01
4.401391e-01
4.411276e-01
4.421161e-01
4.431045e-01
4.440930e-01
4.450815e-01
4.460699e-01
4.470584e-01
4.480469e-01
4.490353e-01
4.500238e-01
4.510123e-01
4.520007e-01
4.529892e-01
4.539777e-01
4.549661e-01
4.559546e-01
4.569431e-01
4.579316e-01
4.589200e-01
4.599085e-01
4.608970e-01
4.618854e-01
4.628739e-01
4.638624e-01
4.648508e-01
4.658393e-01
4.668278e-01
4.678162e-01
4.688047e-01
4.697932e-01
4.707816e-01
4.717701e-01
4.727586e-01
4.737470e-01
4.747355e-01
4.757240e-01
4.767124e-01
4.777009e-01
4.792280e-01
4.807551e-01
4.822822e-01
4.838094e-01
4.853365e-01
4.868636e-01
4.883907e-01
4.899178e-01
4.914449e-01
4.929720e-01
4.944992e-01
4.960263e-01
4.975534e-01
4.990805e-01
5.006076e-01
5.021347e-01
5.036619e-01
5.051890e-01
5.067161e-01
5.082432e-01
5.097703e-01
5.112974e-01
5.128245e-01
5.143517e-01
5.158788e-01
5.174059e-01
5.189330e-01
5.204601e-01
5.219872e-01
5.235144e-01
5.250415e-01
5.265686e-01
5.280957e-01
5.296228e-01
5.311499e-01
5.326770e-01
5.342042e-01
5.357313e-01
5.372584e-01
5.387855e-01
5.403126e-01
5.418397e-01
5.433669e-01
5.448940e-01
5.464211e-01
5.479482e-01
5.494753e-01
5.510024e-01
5.525296e-01
5.540567e-01
5.555838e-01
5.571109e-01
5.586380e-01
5.601651e-01
5.616922e-01
5.632194e-01
5.647465e-01
5.662736e-01
5.678007e-01
5.693278e-01
5.708549e-01
5.723821e-01
5.739092e-01
5.754363e-01
5.769634e-01
5.784905e-01
5.800176e-01
5.815447e-01
5.830719e-01
5.845990e-01
5.861261e-01
5.876532e-01
5.891803e-01
5.907074e-01
5.922346e-01
5.937617e-01
5.952888e-01
5.968159e-01
5.983430e-01
5.998701e-01
6.013972e-01
6.029244e-01
6.044515e-01
6.059786e-01
6.075057e-01
6.090328e-01
6.105599e-01
6.120871e-01
6.136142e-01
6.151413e-01
6.166684e-01
6.181955e-01
6.197226e-01
6.212498e-01
6.227769e-01
6.243040e-01
6.258311e-01
6.273582e-01
6.288853e-01
6.304124e-01
6.329304e-01
6.354485e-01
6.379664e-01
6.404845e-01
6.430025e-01
6.455205e-01
6.480385e-01
6.505565e-01
6.530745e-01
6.555925e-01
6.581105e-01
6.606285e-01
6.631465e-01
6.656645e-01
6.681826e-01
6.707005e-01
6.732186e-01
6.757366e-01
6.782546e-01
6.807726e-01
6.832906e-01
6.858086e-01
6.883267e-01
6.908446e-01
6.933626e-01
6.958807e-01
6.983986e-01
7.009167e-01
7.034347e-01
7.059527e-01
7.084707e-01
7.109887e-01
7.135067e-01
7.160247e-01
7.185427e-01
7.210607e-01
7.235787e-01
7.260967e-01
7.286148e-01
7.311327e-01
7.336508e-01
7.361688e-01
7.386868e-01
7.412048e-01
7.437228e-01
7.462408e-01
7.487589e-01
7.512768e-01
7.537948e-01
7.563129e-01
7.588308e-01
7.613488e-01
7.638669e-01
7.663849e-01
7.689028e-01
7.714209e-01
7.739389e-01
7.764569e-01
7.789749e-01
7.814929e-01
7.840109e-01
7.865289e-01
7.890469e-01
7.915649e-01
7.940830e-01
7.966009e-01
7.991190e-01
8.016370e-01
8.041550e-01
8.066730e-01
8.091910e-01
8.117090e-01
8.142270e-01
8.167450e-01
8.192630e-01
8.217810e-01
8.242990e-01
8.268171e-01
8.293350e-01
8.318531e-01
8.343711e-01
8.368891e-01
8.394071e-01
8.419251e-01
8.444431e-01
8.469611e-01
8.494791e-01
8.519971e-01
8.545152e-01
8.570331e-01
8.595512e-01
8.620692e-01
8.645872e-01
8.671052e-01
8.696232e-01
8.721412e-01
8.746592e-01
8.771772e-01
8.796952e-01
8.822132e-01
8.847312e-01
8.872493e-01
8.897672e-01
8.922853e-01
8.948033e-01
8.973213e-01
8.998393e-01
9.023573e-01
9.048753e-01
9.073933e-01
9.099113e-01
9.124293e-01
9.149473e-01
9.174653e-01
9.199833e-01
9.225013e-01
9.250194e-01
9.275373e-01
9.300553e-01
9.325734e-01
9.350913e-01
9.376094e-01
9.401274e-01
9.426454e-01
9.451634e-01
9.476814e-01
9.501994e-01
9.527175e-01
9.552354e-01
9.577535e-01
9.602715e-01
9.627894e-01
9.653075e-01
9.678255e-01
9.703435e-01
9.728615e-01
9.753795e-01
9.778975e-01
9.804155e-01
9.829336e-01
9.854516e-01
9.879694e-01
9.904876e-01
9.930056e-01
9.955234e-01
9.980417e-01
1.000560e+00
1.003077e+00
1.005596e+00
1.008114e+00
1.010632e+00
1.013150e+00
1.015667e+00
1.018185e+00
1.020704e+00
1.023222e+00
1.025740e+00
1.028258e+00
1.030775e+00
1.033293e+00
1.035812e+00
1.038330e+00
1.040848e+00
1.043366e+00
1.045884e+00
1.048401e+00
1.050920e+00
1.053438e+00
1.055956e+00
1.058474e+00
1.060992e+00
1.063509e+00
1.066028e+00
1.068546e+00
1.071064e+00
1.073582e+00
1.076100e+00
1.078618e+00
1.081136e+00
1.083654e+00
1.086172e+00
1.088690e+00
1.091208e+00
1.093726e+00
1.096244e+00
1.098762e+00
1.101280e+00
1.103798e+00
1.106316e+00
1.108834e+00
1.111352e+00
1.113870e+00
1.116388e+00
1.118906e+00
1.121424e+00
1.123942e+00
1.126460e+00
1.128978e+00
1.131496e+00
1.134014e+00
1.136532e+00
1.138864e+00
1.141197e+00
1.143530e+00
1.145862e+00
1.148194e+00
1.150527e+00
1.152859e+00
1.155191e+00
1.157524e+00
1.159857e+00
1.162189e+00
1.164521e+00
1.166854e+00
1.169186e+00
1.171519e+00
1.173851e+00
1.176183e+00
1.178516e+00
1.180848e+00
1.183181e+00
1.185513e+00
1.187845e+00
1.190178e+00
1.192510e+00
1.194843e+00
1.197175e+00
1.199508e+00
1.201840e+00
1.204172e+00
1.206505e+00
1.208837e+00
1.211170e+00
1.213502e+00
1.215834e+00
1.218167e+00
1.220500e+00
1.222832e+00
1.225164e+00
1.227497e+00
1.229829e+00
1.232162e+00
1.234494e+00
1.236826e+00
1.239159e+00
1.241491e+00
1.243824e+00
1.246156e+00
1.248489e+00
1.250821e+00
1.253153e+00
1.255485e+00
1.257819e+00
1.260151e+00
1.262483e+00
1.264815e+00
1.267148e+00
1.269481e+00
1.271813e+00
1.274146e+00
1.276478e+00
1.278810e+00
1.281142e+00
1.283475e+00
1.285808e+00
1.288140e+00
1.290472e+00
1.292805e+00
1.295138e+00
1.297470e+00
1.299802e+00
1.302135e+00
1.304467e+00
1.306800e+00
1.309132e+00
1.311464e+00
1.313797e+00
1.316129e+00
1.318461e+00
1.320794e+00
1.323126e+00
1.325459e+00
1.327791e+00
1.330123e+00
1.332456e+00
1.334789e+00
1.337121e+00
1.339453e+00
1.341786e+00
1.344118e+00
1.346451e+00
1.348783e+00
1.351115e+00
1.353448e+00
1.355780e+00
1.358113e+00
1.360445e+00
1.362778e+00
1.365110e+00
1.367442e+00
1.369775e+00
1.372107e+00
1.374440e+00
1.376772e+00
1.379104e+00
1.381437e+00
1.383770e+00
1.386102e+00
1.388434e+00
1.390767e+00
1.393099e+00
1.395432e+00
1.397764e+00
1.400097e+00
1.402429e+00
1.404761e+00
1.407094e+00
1.409427e+00
1.411759e+00
1.414091e+00
1.416424e+00
1.418756e+00
1.421089e+00
1.423421e+00
1.425753e+00
1.428086e+00
1.430418e+00
1.432751e+00
1.435083e+00
1.437416e+00
1.439748e+00
1.442080e+00
1.444413e+00
1.446745e+00
1.449078e+00
1.451410e+00
1.453742e+00
1.456075e+00
1.458407e+00
1.460740e+00
1.463072e+00
1.465404e+00
1.467737e+00
1.470070e+00
1.472402e+00
1.474734e+00
1.477067e+00
1.479399e+00
1.481731e+00
1.484064e+00
1.486396e+00
1.488729e+00
1.491061e+00
1.493393e+00
1.495726e+00
1.498059e+00
1.500391e+00
1.502723e+00
1.505056e+00
1.507388e+00
1.509721e+00
1.512053e+00
1.514386e+00
1.516718e+00
1.519050e+00
1.521383e+00
1.523716e+00
1.526048e+00
1.528380e+00
1.530712e+00
1.533045e+00
1.535378e+00
1.537710e+00
1.540042e+00
1.542375e+00
1.544707e+00
1.547040e+00
1.549372e+00
1.551705e+00
1.554037e+00
1.556369e+00
1.558702e+00
1.561034e+00
1.563367e+00
1.565699e+00
1.568031e+00
1.570364e+00
1.572697e+00
1.575029e+00
1.577361e+00
1.579694e+00
1.582026e+00
1.584359e+00
1.586691e+00
1.589023e+00
1.591356e+00
1.593688e+00
1.596021e+00
1.598353e+00
1.600685e+00
1.603018e+00
1.605350e+00
1.607682e+00
1.610015e+00
1.612348e+00
1.614680e+00
1.617012e+00
1.619345e+00
1.621678e+00
1.624010e+00
1.626342e+00
1.628674e+00
1.631007e+00
1.633339e+00
1.635672e+00
1.638004e+00
1.640337e+00
1.642669e+00
1.645001e+00
1.647335e+00
1.649667e+00
1.651999e+00
1.654331e+00
1.656664e+00
1.658997e+00
1.661329e+00
1.663661e+00
1.665994e+00
1.668326e+00
1.670658e+00
1.672991e+00
1.675323e+00
1.677656e+00
1.679988e+00
1.682320e+00
1.684653e+00
1.686986e+00
1.689318e+00
1.691650e+00
1.693983e+00
1.696315e+00
1.698648e+00
1.700980e+00
1.703312e+00
1.705645e+00
1.707977e+00
1.710310e+00
1.712642e+00
1.714975e+00
1.717307e+00
1.719639e+00
1.721972e+00
1.724304e+00
1.726637e+00
1.728969e+00
1.731301e+00
1.733634e+00
1.735966e+00
1.738299e+00
1.740631e+00
1.742963e+00
1.745296e+00
1.747629e+00
1.749961e+00
1.752293e+00
1.754626e+00
1.756958e+00
1.759291e+00
1.761623e+00
1.763956e+00
1.766288e+00
1.768620e+00
1.770952e+00
1.773286e+00
1.775618e+00
1.777950e+00
1.780283e+00
1.782615e+00
1.784948e+00
1.787280e+00
1.789613e+00
1.791945e+00
1.794277e+00
1.796609e+00
1.798942e+00
1.801275e+00
1.803607e+00
1.805939e+00
1.808272e+00
1.810604e+00
1.812937e+00
1.815269e+00
1.817601e+00
1.819934e+00
1.822267e+00
1.824599e+00
1.826931e+00
1.829264e+00
1.831596e+00
1.833928e+00
1.836261e+00
1.838593e+00
1.840926e+00
1.844827e+00
1.848728e+00
1.852628e+00
1.856529e+00
1.860430e+00
1.864331e+00
1.868232e+00
1.872133e+00
1.876034e+00
1.879935e+00
1.883836e+00
1.887737e+00
1.891638e+00
1.895539e+00
1.899439e+00
1.903340e+00
1.907241e+00
1.911142e+00
1.915043e+00
1.918943e+00
1.922845e+00
1.926745e+00
1.930646e+00
1.934547e+00
1.938448e+00
1.942349e+00
1.946250e+00
1.950151e+00
1.954052e+00
1.957953e+00
1.961853e+00
1.965755e+00
1.969655e+00
1.973556e+00
1.977457e+00
1.981358e+00
1.985259e+00
1.989160e+00
1.993061e+00
1.996962e+00
2.000863e+00
2.004763e+00
2.008665e+00
2.012565e+00
2.016466e+00
2.020367e+00
2.024268e+00
2.028168e+00
2.032069e+00
2.035970e+00
2.039871e+00
2.043772e+00
2.047673e+00
2.051574e+00
2.055475e+00
2.059376e+00
2.063277e+00
2.067178e+00
2.071078e+00
2.074980e+00
2.078880e+00
2.082781e+00
2.086682e+00
2.090583e+00
2.094484e+00
2.098385e+00
2.102286e+00
2.106187e+00
2.110088e+00
2.113988e+00
2.117890e+00
2.121790e+00
2.125691e+00
2.129592e+00
2.133492e+00
2.137394e+00
2.141294e+00
2.145195e+00
2.149096e+00
2.152997e+00
2.156898e+00
2.160799e+00
2.164700e+00
2.168601e+00
2.172502e+00
2.176403e+00
2.180304e+00
2.184204e+00
2.188105e+00
2.192006e+00
2.195907e+00
2.199808e+00
2.203709e+00
2.207610e+00
2.211511e+00
2.215412e+00
2.219313e+00
2.223214e+00
2.227115e+00
2.231015e+00
2.234916e+00
2.238817e+00
2.242717e+00
2.246619e+00
2.250519e+00
2.254420e+00
2.258321e+00
2.262222e+00
2.266123e+00
2.270024e+00
2.273925e+00
2.277826e+00
2.281727e+00
2.285627e+00
2.289529e+00
2.293429e+00
2.297330e+00
2.301231e+00
2.305132e+00
2.309033e+00
2.312934e+00
2.316835e+00
2.320736e+00
2.324637e+00
2.328538e+00
2.332439e+00
2.336339e+00
2.340240e+00
2.344141e+00
2.348042e+00
2.351943e+00
2.355843e+00
2.359744e+00
2.363645e+00
2.367546e+00
2.371447e+00
2.375348e+00
2.379249e+00
2.383150e+00
2.387051e+00
2.390952e+00
2.394853e+00
2.398754e+00
2.402654e+00
2.406555e+00
2.410456e+00
2.414357e+00
2.418258e+00
2.422159e+00
2.426060e+00
2.429961e+00
2.433862e+00
2.437763e+00
2.441664e+00
2.445564e+00
2.449466e+00
2.453366e+00
2.457266e+00
2.461168e+00
2.465068e+00
2.468969e+00
2.472870e+00
2.476771e+00
2.480672e+00
2.484573e+00
2.488474e+00
2.492375e+00
2.496276e+00
2.500177e+00
2.504078e+00
2.507978e+00
2.511879e+00
2.515780e+00
2.519681e+00
2.523582e+00
2.527483e+00
2.531384e+00
2.535285e+00
2.539186e+00
2.543087e+00
2.546988e+00
2.550889e+00
2.554789e+00
2.558690e+00
2.562591e+00
2.566492e+00
2.570393e+00
2.574293e+00
2.578194e+00
2.582095e+00
2.585996e+00
2.589897e+00
2.593798e+00
2.597699e+00
2.601600e+00
2.605501e+00
2.609402e+00
2.613303e+00
2.617203e+00
2.621105e+00
2.625005e+00
2.628291e+00
2.631577e+00
2.634862e+00
2.638148e+00
2.641434e+00
2.644719e+00
2.648005e+00
2.651291e+00
2.654576e+00
2.657862e+00
2.661148e+00
2.664433e+00
2.667719e+00
2.671005e+00
2.674290e+00
2.677576e+00
2.680861e+00
2.684147e+00
2.687433e+00
2.690718e+00
2.694004e+00
2.697290e+00
2.700575e+00
2.703861e+00
2.707147e+00
2.710432e+00
2.713718e+00
2.717004e+00
2.720289e+00
2.723575e+00
2.726861e+00
2.730146e+00
2.733432e+00
2.736718e+00
2.740003e+00
2.743289e+00
2.746574e+00
2.749860e+00
2.753146e+00
2.756431e+00
2.759717e+00
2.763003e+00
2.766288e+00
2.769574e+00
2.772860e+00
2.776145e+00
2.779431e+00
2.782717e+00
2.786003e+00
2.789288e+00
2.792573e+00
2.795860e+00
2.799145e+00
2.802430e+00
2.805717e+00
2.809002e+00
2.812287e+00
2.815574e+00
2.818859e+00
2.822144e+00
2.825431e+00
2.828716e+00
2.832002e+00
2.835287e+00
2.838573e+00
2.841859e+00
2.845144e+00
2.848430e+00
2.851716e+00
2.855001e+00
2.858287e+00
2.861573e+00
2.864858e+00
2.868144e+00
2.871430e+00
2.874715e+00
2.878001e+00
2.881286e+00
2.884572e+00
2.887858e+00
2.891143e+00
2.894429e+00
2.897715e+00
2.901000e+00
2.904286e+00
2.907572e+00
2.910857e+00
2.914143e+00
2.917429e+00
2.920714e+00
2.924000e+00
2.927286e+00
2.930571e+00
2.933857e+00
2.937143e+00
2.940428e+00
2.943714e+00
2.947000e+00
2.950285e+00
2.953571e+00
2.956857e+00
2.960143e+00
2.963428e+00
2.966714e+00
2.969999e+00
2.973285e+00
2.976570e+00
2.979856e+00
2.983142e+00
2.986427e+00
2.989713e+00
2.992999e+00
2.996284e+00
2.999570e+00
3.002856e+00
3.006142e+00
3.009427e+00
3.012713e+00
3.015998e+00
3.019284e+00
3.022569e+00
3.025855e+00
3.029141e+00
3.032426e+00
3.035712e+00
3.038998e+00
3.042283e+00
3.045569e+00
3.048855e+00
3.052141e+00
3.055426e+00
3.058712e+00
3.061998e+00
3.065283e+00
3.068569e+00
3.071855e+00
3.075140e+00
3.078426e+00
3.081712e+00
3.084997e+00
3.088283e+00
3.091569e+00
3.094854e+00
3.098140e+00
3.101426e+00
3.104711e+00
3.107997e+00
3.111282e+00
3.114568e+00
3.117854e+00
3.121139e+00
3.124425e+00
3.127711e+00
3.130996e+00
3.134282e+00
3.137568e+00
3.140853e+00
3.144139e+00
3.147425e+00
3.150710e+00
3.153996e+00
3.157281e+00
3.160567e+00
3.163853e+00
3.167138e+00
3.170424e+00
3.173710e+00
3.176995e+00
3.180282e+00
3.183567e+00
3.186852e+00
3.190139e+00
3.193424e+00
3.196709e+00
3.199996e+00
3.203281e+00
3.206566e+00
3.209852e+00
3.213138e+00
3.216423e+00
3.219709e+00
3.222995e+00
3.226281e+00
3.229566e+00
3.232852e+00
3.236138e+00
3.239423e+00
3.242709e+00
3.245994e+00
3.249280e+00
3.252565e+00
3.255851e+00
3.259137e+00
3.262422e+00
3.265708e+00
3.268994e+00
3.272280e+00
3.275565e+00
3.278851e+00
3.282137e+00
3.285422e+00
3.289215e+00
3.293007e+00
3.296799e+00
3.300593e+00
3.304385e+00
3.308177e+00
3.311969e+00
3.315762e+00
3.319554e+00
3.323347e+00
3.327140e+00
3.330932e+00
3.334724e+00
3.338517e+00
3.342309e+00
3.346102e+00
3.349895e+00
3.353687e+00
3.357479e+00
3.361272e+00
3.365064e+00
3.368856e+00
3.372649e+00
3.376442e+00
3.380234e+00
3.384027e+00
3.387819e+00
3.391611e+00
3.395404e+00
3.399197e+00
3.402989e+00
3.406781e+00
3.410574e+00
3.414366e+00
3.418159e+00
3.421951e+00
3.425744e+00
3.429536e+00
3.433329e+00
3.437121e+00
3.440914e+00
3.444706e+00
3.448499e+00
3.452291e+00
3.456084e+00
3.459876e+00
3.463668e+00
3.467461e+00
3.471253e+00
3.475046e+00
3.478838e+00
3.482631e+00
3.486423e+00
3.490216e+00
3.494008e+00
3.497801e+00
3.501593e+00
3.505386e+00
3.509178e+00
3.512971e+00
3.516763e+00
3.520555e+00
3.524348e+00
3.528140e+00
3.531933e+00
3.535725e+00
3.539518e+00
3.543310e+00
3.547103e+00
3.550895e+00
3.554688e+00
3.558480e+00
3.562273e+00
3.566065e+00
3.569858e+00
3.573650e+00
3.577442e+00
3.581235e+00
3.585028e+00
3.588820e+00
3.592612e+00
3.596405e+00
3.600197e+00
3.603990e+00
3.607783e+00
3.611575e+00
3.615367e+00
3.619160e+00
3.622952e+00
3.626744e+00
3.630537e+00
3.634330e+00
3.638122e+00
3.641915e+00
3.645707e+00
3.649499e+00
3.653292e+00
3.657085e+00
3.660877e+00
3.664670e+00
3.668462e+00
3.672254e+00
3.676046e+00
3.679840e+00
3.683632e+00
3.687424e+00
3.691217e+00
3.695009e+00
3.698801e+00
3.702594e+00
3.706387e+00
3.710179e+00
3.713972e+00
3.717764e+00
3.721556e+00
3.725349e+00
3.729142e+00
3.732934e+00
3.736727e+00
3.740519e+00
3.744311e+00
3.748104e+00
3.751897e+00
3.755689e+00
3.759481e+00
3.763274e+00
3.767066e+00
3.770858e+00
3.774651e+00
3.778444e+00
3.782236e+00
3.786029e+00
3.789821e+00
3.793613e+00
3.797406e+00
3.801199e+00
3.804991e+00
3.808784e+00
3.812576e+00
3.816368e+00
3.820161e+00
3.823953e+00
3.827746e+00
3.831538e+00
3.835331e+00
3.839123e+00
3.842915e+00
3.846708e+00
3.850501e+00
3.854293e+00
3.858086e+00
3.861878e+00
3.865670e+00
3.869463e+00
3.873256e+00
3.877048e+00
3.880840e+00
3.884633e+00
3.888425e+00
3.892218e+00
3.896010e+00
3.899803e+00
3.903595e+00
3.907388e+00
3.911180e+00
3.914973e+00
3.918765e+00
3.922558e+00
3.926350e+00
3.930142e+00
3.933935e+00
3.937727e+00
3.941520e+00
3.945313e+00
3.949105e+00
3.952897e+00
3.956690e+00
3.960482e+00
3.964275e+00
3.968067e+00
3.971860e+00
3.975652e+00
3.979444e+00
3.983237e+00
3.987030e+00
3.990822e+00
3.994615e+00
3.998407e+00
4.002199e+00
4.005992e+00
4.009784e+00
4.013577e+00
4.017370e+00
4.021162e+00
4.024954e+00
4.028747e+00
4.032539e+00
4.036332e+00
4.040125e+00
4.043917e+00
4.047709e+00
4.051501e+00
4.055294e+00
4.059086e+00
4.062879e+00
4.066672e+00
4.070464e+00
4.074256e+00
4.078049e+00
4.081841e+00
4.085634e+00
4.089427e+00
4.093219e+00
4.097011e+00
4.100804e+00
4.104596e+00
4.108388e+00
4.112182e+00
4.115974e+00
4.119766e+00
4.123559e+00
4.127351e+00
4.131143e+00
4.134936e+00
4.138729e+00
4.142521e+00
4.146313e+00
4.150106e+00
4.153898e+00
4.157691e+00
4.161484e+00
4.165276e+00
4.169068e+00
4.172861e+00
4.176653e+00
4.180446e+00
4.184239e+00
4.188031e+00
4.191823e+00
4.195616e+00
4.199408e+00
4.203200e+00
4.206993e+00
4.210786e+00
4.214578e+00
4.218370e+00
4.222163e+00
4.225955e+00
4.229748e+00
4.233541e+00
4.237333e+00
4.241125e+00
4.244918e+00
4.248710e+00
4.252503e+00
4.256295e+00
4.260088e+00
4.263880e+00
4.267673e+00
4.271465e+00
4.275257e+00
4.279050e+00
4.282843e+00
4.286635e+00
4.290427e+00
4.294220e+00
4.298012e+00
4.301805e+00
4.305597e+00
4.309390e+00
4.313182e+00
4.316975e+00
4.320767e+00
4.324560e+00
4.328352e+00
4.332145e+00
4.335937e+00
4.339730e+00
4.343522e+00
4.347315e+00
4.351107e+00
4.354899e+00
4.358692e+00
4.362484e+00
4.366277e+00
4.370069e+00
4.373862e+00
4.377654e+00
4.381447e+00
4.385239e+00
4.389032e+00
4.392824e+00
4.396617e+00
4.400409e+00
4.404202e+00
4.407994e+00
4.411786e+00
4.415579e+00
4.419372e+00
4.423164e+00
4.426956e+00
4.430749e+00
4.434957e+00
4.439165e+00
4.443374e+00
4.447582e+00
4.451791e+00
4.455999e+00
4.460207e+00
4.464416e+00
4.468624e+00
4.472832e+00
4.477040e+00
4.481249e+00
4.485457e+00
4.489665e+00
4.493874e+00
4.498082e+00
4.502290e+00
4.506499e+00
4.510707e+00
4.514915e+00
4.519124e+00
4.523332e+00
4.527540e+00
4.531749e+00
4.535957e+00
4.540165e+00
4.544373e+00
4.548582e+00
4.552790e+00
4.556998e+00
4.561207e+00
4.565415e+00
4.569624e+00
4.573832e+00
4.578040e+00
4.582249e+00
4.586457e+00
4.590665e+00
4.594873e+00
4.599082e+00
4.603290e+00
4.607498e+00
4.611707e+00
4.615915e+00
4.620123e+00
4.624332e+00
4.628540e+00
4.632749e+00
4.636957e+00
4.641165e+00
4.645373e+00
4.649582e+00
4.653790e+00
4.657998e+00
4.662207e+00
4.666415e+00
4.670623e+00
4.674831e+00
4.679040e+00
4.683248e+00
4.687457e+00
4.691665e+00
4.695873e+00
4.700082e+00
4.704290e+00
4.708498e+00
4.712706e+00
4.716915e+00
4.721123e+00
4.725331e+00
4.729540e+00
4.733748e+00
4.737956e+00
4.742165e+00
4.746373e+00
4.750582e+00
4.754790e+00
4.758998e+00
4.763206e+00
4.767415e+00
4.771623e+00
4.775831e+00
4.780040e+00
4.784248e+00
4.788456e+00
4.792664e+00
4.796873e+00
4.801081e+00
4.805290e+00
4.809498e+00
4.813706e+00
4.817915e+00
4.822123e+00
4.826331e+00
4.830540e+00
4.834748e+00
4.838956e+00
4.843164e+00
4.847373e+00
4.851581e+00
4.855789e+00
4.859998e+00
4.864206e+00
4.868415e+00
4.872623e+00
4.876831e+00
4.881039e+00
4.885248e+00
4.889456e+00
4.893664e+00
4.897873e+00
4.902081e+00
4.906289e+00
4.910497e+00
4.914706e+00
4.918915e+00
4.923123e+00
4.927331e+00
4.931539e+00
4.935748e+00
4.939955e+00
4.944164e+00
4.948373e+00
4.952581e+00
4.956789e+00
4.960997e+00
4.965206e+00
4.969414e+00
4.973623e+00
4.977831e+00
4.982039e+00
4.986248e+00
4.990456e+00
4.994664e+00
4.998872e+00
5.003081e+00
5.007289e+00
5.011497e+00
5.015706e+00
5.019914e+00
5.024122e+00
5.028330e+00
5.032539e+00
5.036748e+00
5.040956e+00
5.045164e+00
5.049372e+00
5.053581e+00
5.057788e+00
5.061997e+00
5.066206e+00
5.070414e+00
5.074622e+00
5.078830e+00
5.083039e+00
5.087247e+00
5.091456e+00
5.095664e+00
5.099872e+00
5.104081e+00
5.108289e+00
5.112497e+00
5.116706e+00
5.120914e+00
5.125122e+00
5.129330e+00
5.133539e+00
5.137747e+00
5.141955e+00
5.146164e+00
5.150372e+00
5.154581e+00
5.158789e+00
5.162997e+00
5.167205e+00
5.171414e+00
5.175622e+00
5.179830e+00
5.184039e+00
5.188247e+00
5.192455e+00
5.196663e+00
5.200872e+00
5.205080e+00
5.209289e+00
5.213497e+00
5.217705e+00
5.221914e+00
5.226121e+00
5.230330e+00
5.234539e+00
5.238747e+00
5.242955e+00
5.247163e+00
5.251372e+00
5.255580e+00
5.259788e+00
5.263997e+00
5.268205e+00
5.272414e+00
5.276622e+00
5.280830e+00
5.285038e+00
5.289247e+00
5.293455e+00
5.297663e+00
5.301872e+00
5.306080e+00
5.310288e+00
5.314496e+00
5.318705e+00
5.322913e+00
5.327122e+00
5.331330e+00
5.335538e+00
5.339747e+00
5.343954e+00
5.348163e+00
5.352372e+00
5.356580e+00
5.360788e+00
5.364996e+00
5.369205e+00
5.373413e+00
5.377621e+00
5.381830e+00
5.386038e+00
5.390247e+00
5.394455e+00
5.398663e+00
5.402872e+00
5.407079e+00
5.411288e+00
5.415496e+00
5.419705e+00
5.423913e+00
5.428121e+00
5.432330e+00
5.436538e+00
5.440746e+00
5.444955e+00
5.449163e+00
5.453371e+00
5.457580e+00
5.461788e+00
5.465996e+00
5.470205e+00
5.474413e+00
5.478621e+00
5.482829e+00
5.487038e+00
5.491246e+00
5.495454e+00
5.499663e+00
5.503871e+00
5.508080e+00
5.512287e+00
5.516496e+00
5.520705e+00
5.524912e+00
5.529121e+00
5.533329e+00
5.537538e+00
5.541746e+00
5.545954e+00
5.550163e+00
5.554371e+00
5.558579e+00
5.562788e+00
5.566996e+00
5.571204e+00
5.575413e+00
5.579621e+00
5.583829e+00
5.588037e+00
5.592246e+00
5.596454e+00
5.600662e+00
5.604871e+00
5.609079e+00
5.613287e+00
5.617496e+00
5.621704e+00
5.625913e+00
5.630121e+00
5.634329e+00
5.638538e+00
5.642745e+00
5.646954e+00
5.651162e+00
5.655371e+00
5.659579e+00
5.663787e+00
5.667996e+00
5.672204e+00
5.676412e+00
5.680621e+00
5.684829e+00
5.689038e+00
5.693245e+00
5.697454e+00
5.701662e+00
5.705870e+00
5.710079e+00
5.714287e+00
5.718496e+00
5.722704e+00
5.726912e+00
5.731120e+00
5.735329e+00
5.739537e+00
5.743746e+00
5.747954e+00
5.752162e+00
5.756371e+00
5.760578e+00
5.764787e+00
5.768995e+00
5.773204e+00
5.777412e+00
5.781620e+00
5.785829e+00
5.790037e+00
5.794245e+00
5.798453e+00
5.802662e+00
5.806871e+00
5.811078e+00
5.815287e+00
5.819495e+00
5.823703e+00
5.827912e+00
5.832120e+00
5.836329e+00
5.840537e+00
5.844745e+00
5.848953e+00
5.853162e+00
5.857370e+00
5.861579e+00
5.865787e+00
5.869995e+00
5.874203e+00
5.878411e+00
5.882620e+00
5.886829e+00
5.891037e+00
5.895245e+00
5.899453e+00
5.903662e+00
5.907870e+00
5.912078e+00
5.916287e+00
5.920495e+00
5.924704e+00
5.928911e+00
5.933120e+00
5.937328e+00
5.941536e+00
5.945745e+00
5.949953e+00
5.954162e+00
5.958370e+00
5.962578e+00
5.966786e+00
5.970995e+00
5.975204e+00
5.979411e+00
5.983620e+00
5.987828e+00
5.992036e+00
5.996244e+00
6.000453e+00
6.004662e+00
6.008870e+00
6.013078e+00
6.017286e+00
6.021495e+00
6.025703e+00
6.029912e+00
6.034120e+00
6.038328e+00
6.042537e+00
6.046744e+00
6.050953e+00
6.055161e+00
6.059370e+00
6.063578e+00
6.067786e+00
6.071995e+00
6.076203e+00
6.080411e+00
6.084619e+00
6.088828e+00
6.093037e+00
6.097244e+00
6.101453e+00
6.105661e+00
6.109869e+00
6.114077e+00
6.118286e+00
6.122495e+00
6.126703e+00
6.130911e+00
6.135119e+00
6.139328e+00
6.143536e+00
6.147745e+00
6.151953e+00
6.156161e+00
6.160369e+00
6.164577e+00
6.168786e+00
6.172994e+00
6.177203e+00
6.181411e+00
6.185619e+00
6.189828e+00
6.194036e+00
6.198244e+00
6.202453e+00
6.206661e+00
6.210870e+00
6.215077e+00
6.219286e+00
6.223494e+00
6.227702e+00
6.231911e+00
6.236119e+00
6.240328e+00
6.244536e+00
6.248744e+00
6.252952e+00
6.257161e+00
6.261369e+00
6.265577e+00
6.269786e+00
6.273994e+00
6.278202e+00
6.282410e+00
6.286619e+00
6.290827e+00
6.295036e+00
6.299244e+00
6.303452e+00
6.307661e+00
6.311869e+00
6.316077e+00
6.320286e+00
6.324494e+00
6.328703e+00
6.332910e+00
6.337119e+00
6.341327e+00
6.345535e+00
6.349744e+00
6.353952e+00
6.358161e+00
6.362369e+00
6.366577e+00
6.370785e+00
6.374994e+00
6.379202e+00
6.383410e+00
6.387619e+00
6.391827e+00
6.396035e+00
6.400243e+00
6.404452e+00
6.408660e+00
6.412869e+00
6.417077e+00
6.421285e+00
6.425494e+00
6.429702e+00
6.433910e+00
6.438119e+00
6.442327e+00
6.446535e+00
6.450743e+00
6.454952e+00
6.459160e+00
6.463368e+00
6.467577e+00
6.471785e+00
6.475994e+00
6.480202e+00
6.484410e+00
6.488619e+00
6.492827e+00
6.497035e+00
6.501243e+00
6.505452e+00
6.509660e+00
6.513868e+00
6.518077e+00
6.522285e+00
6.526493e+00
6.530702e+00
6.534910e+00
6.539118e+00
6.543327e+00
6.544863e+00
6.546398e+00
6.547934e+00
6.549470e+00
6.551006e+00
6.552542e+00
6.554077e+00
6.555614e+00
6.557150e+00
6.558686e+00
6.560221e+00
6.561757e+00
6.563293e+00
6.564829e+00
6.566365e+00
6.567900e+00
6.569436e+00
6.570972e+00
6.572508e+00
6.574044e+00
6.575580e+00
6.577115e+00
6.578652e+00
6.580188e+00
6.581723e+00
6.583259e+00
6.584795e+00
6.586331e+00
6.587867e+00
6.589403e+00
6.590939e+00
6.592474e+00
6.594010e+00
6.595546e+00
6.597082e+00
6.598618e+00
6.600153e+00
6.601689e+00
6.603226e+00
6.604762e+00
6.606297e+00
6.607833e+00
6.609369e+00
6.610905e+00
6.612441e+00
6.613976e+00
6.615512e+00
6.617048e+00
6.618584e+00
6.620120e+00
6.621655e+00
6.623191e+00
6.624727e+00
6.626264e+00
6.627799e+00
6.629335e+00
6.630871e+00
6.632407e+00
6.633943e+00
6.635479e+00
6.637014e+00
6.638550e+00
6.640086e+00
6.641622e+00
6.643158e+00
6.644694e+00
6.646230e+00
6.647765e+00
6.649302e+00
6.650838e+00
6.652373e+00
6.653909e+00
6.655445e+00
6.656981e+00
6.658517e+00
6.660052e+00
6.661588e+00
6.663124e+00
6.664660e+00
6.666196e+00
6.667731e+00
6.669267e+00
6.670803e+00
6.672340e+00
6.673875e+00
6.675411e+00
6.676947e+00
6.678483e+00
6.680019e+00
6.681554e+00
6.683090e+00
6.684626e+00
6.686162e+00
6.687698e+00
6.689234e+00
6.690770e+00
6.692305e+00
6.693841e+00
6.695377e+00
6.696913e+00
6.698449e+00
6.699985e+00
6.701521e+00
6.703057e+00
6.704593e+00
6.706129e+00
6.707664e+00
6.709200e+00
6.710736e+00
6.712272e+00
6.713807e+00
6.715343e+00
6.716879e+00
6.718415e+00
6.719951e+00
6.721487e+00
6.723023e+00
6.724559e+00
6.726095e+00
6.727630e+00
6.729166e+00
6.730702e+00
6.732238e+00
6.733774e+00
6.735310e+00
6.736845e+00
6.738381e+00
6.739917e+00
6.741453e+00
6.742989e+00
6.744525e+00
6.746061e+00
6.747597e+00
6.749133e+00
6.750669e+00
6.752204e+00
6.753740e+00
6.755276e+00
6.756812e+00
6.758348e+00
6.759883e+00
6.761419e+00
6.762955e+00
6.764491e+00
6.766028e+00
6.767563e+00
6.769099e+00
6.770635e+00
6.772171e+00
6.773706e+00
6.775242e+00
6.776778e+00
6.778314e+00
6.779850e+00
6.781386e+00
6.782921e+00
6.784457e+00
6.785993e+00
6.787529e+00
6.789065e+00
6.790601e+00
6.792137e+00
6.793673e+00
6.795209e+00
6.796744e+00
6.798280e+00
6.799816e+00
6.801352e+00
6.802888e+00
6.804424e+00
6.805960e+00
6.807495e+00
6.809031e+00
6.810567e+00
6.812103e+00
6.813639e+00
6.815175e+00
6.816711e+00
6.818247e+00
6.819782e+00
6.821318e+00
6.822854e+00
6.824390e+00
6.825926e+00
6.827461e+00
6.828997e+00
6.830533e+00
6.832069e+00
6.833605e+00
6.835141e+00
6.836677e+00
6.838213e+00
6.839749e+00
6.841285e+00
6.842820e+00
6.844356e+00
6.845892e+00
6.847428e+00
6.848964e+00
6.850500e+00
6.852036e+00
6.853571e+00
6.855107e+00
6.856643e+00
6.858179e+00
6.859715e+00
6.861251e+00
6.862787e+00
6.864323e+00
6.865859e+00
6.867394e+00
6.868930e+00
6.870466e+00
6.872002e+00
6.873537e+00
6.875073e+00
6.876609e+00
6.878145e+00
6.879681e+00
6.881217e+00
6.882752e+00
6.884289e+00
6.885825e+00
6.887360e+00
6.888896e+00
6.890432e+00
6.891968e+00
6.893504e+00
6.895040e+00
6.896576e+00
6.898111e+00
6.899647e+00
6.901183e+00
6.902719e+00
6.904255e+00
6.905791e+00
6.907327e+00
6.908863e+00
6.910399e+00
6.911935e+00
6.913470e+00
6.915006e+00
6.916542e+00
6.918078e+00
6.919613e+00
6.921149e+00
6.922685e+00
6.924221e+00
6.925757e+00
6.927292e+00
6.928828e+00
6.930365e+00
6.931901e+00
6.933436e+00
6.934972e+00
6.936508e+00
6.938044e+00
6.939580e+00
6.941116e+00
6.942651e+00
6.944187e+00
6.945723e+00
6.947259e+00
6.948795e+00
6.950331e+00
6.951867e+00
6.953403e+00
6.954939e+00
6.956475e+00
6.958010e+00
6.959546e+00
6.961082e+00
6.962618e+00
6.964154e+00
6.965690e+00
6.967225e+00
6.968761e+00
6.970297e+00
6.971833e+00
6.973368e+00
6.974904e+00
6.976441e+00
6.977977e+00
6.979513e+00
6.981048e+00
6.982584e+00
6.984120e+00
6.985656e+00
6.987191e+00
6.988727e+00
6.990263e+00
6.991799e+00
6.993335e+00
6.994871e+00
6.996407e+00
6.997942e+00
6.999478e+00
7.001015e+00
7.002550e+00
7.004086e+00
7.005622e+00
7.007158e+00
7.008694e+00
7.010230e+00
7.011766e+00
7.013301e+00
7.014837e+00
7.016373e+00
7.017909e+00
7.019445e+00
7.020980e+00
7.022516e+00
7.024053e+00
7.025589e+00
7.027124e+00
7.028660e+00
7.030196e+00
7.031732e+00
7.033267e+00
7.034803e+00
7.036339e+00
7.037875e+00
7.039411e+00
7.040947e+00
7.042483e+00
7.044018e+00
7.045554e+00
7.047090e+00
7.048626e+00
7.050162e+00
7.051698e+00
7.053234e+00
7.054770e+00
7.056306e+00
7.057841e+00
7.059377e+00
7.060913e+00
7.062449e+00
7.063985e+00
7.065521e+00
7.067056e+00
7.068592e+00
7.070129e+00
7.071665e+00
7.073200e+00
7.074736e+00
7.076272e+00
7.077808e+00
7.079344e+00
7.080879e+00
7.082415e+00
7.083951e+00
7.085487e+00
7.087023e+00
7.088558e+00
7.090094e+00
7.091630e+00
7.093166e+00
7.094702e+00
7.096238e+00
7.097774e+00
7.099310e+00
7.100846e+00
7.102382e+00
7.103917e+00
7.105453e+00
7.106989e+00
7.108525e+00
7.110061e+00
7.111597e+00
7.113132e+00
7.114668e+00
7.116204e+00
7.117740e+00
7.119276e+00
7.120812e+00
7.122348e+00
7.123884e+00
7.125420e+00
7.126955e+00
7.128491e+00
7.130027e+00
7.131563e+00
7.133098e+00
7.134634e+00
7.136170e+00
7.137706e+00
7.139242e+00
7.140778e+00
7.142314e+00
7.143850e+00
7.145386e+00
7.146922e+00
7.148457e+00
7.149993e+00
7.151529e+00
7.153065e+00
7.154601e+00
7.156137e+00
7.157673e+00
7.159208e+00
7.160744e+00
7.162280e+00
7.163816e+00
7.165352e+00
7.166888e+00
7.168424e+00
7.169960e+00
7.171496e+00
7.173031e+00
7.174567e+00
7.176103e+00
7.177639e+00
7.179175e+00
7.180710e+00
7.182246e+00
7.183782e+00
7.185318e+00
7.186854e+00
7.188390e+00
7.189926e+00
7.191462e+00
7.192997e+00
7.194533e+00
7.196069e+00
7.197605e+00
7.199141e+00
7.200677e+00
7.202213e+00
7.203748e+00
7.205284e+00
7.206820e+00
7.208356e+00
7.209892e+00
7.211428e+00
7.212964e+00
7.214500e+00
7.216036e+00
7.217572e+00
7.219107e+00
7.220643e+00
7.222179e+00
7.223715e+00
7.225251e+00
7.226786e+00
7.228322e+00
7.229858e+00
7.231394e+00
7.232930e+00
7.234466e+00
7.236002e+00
7.237538e+00
7.239074e+00
7.240609e+00
7.242145e+00
7.243681e+00
7.245217e+00
7.246753e+00
7.248288e+00
7.249824e+00
7.251360e+00
7.252896e+00
7.254432e+00
7.255968e+00
7.257504e+00
7.259040e+00
7.260576e+00
7.262112e+00
7.263647e+00
7.265183e+00
7.266719e+00
7.268255e+00
7.269791e+00
7.271327e+00
7.272862e+00
7.274398e+00
7.275934e+00
7.277470e+00
7.279006e+00
7.280541e+00
7.282078e+00
7.283614e+00
7.285150e+00
7.286685e+00
7.288221e+00
7.289757e+00
7.291293e+00
7.292829e+00
7.294364e+00
7.295900e+00
7.297436e+00
7.298972e+00
7.300508e+00
7.302044e+00
7.303580e+00
7.305116e+00
7.306652e+00
7.308187e+00
7.309723e+00
7.311259e+00
7.312795e+00
7.314331e+00
7.315867e+00
7.317494e+00
7.319123e+00
7.320750e+00
7.322379e+00
7.324006e+00
7.325634e+00
7.327262e+00
7.328890e+00
7.330518e+00
7.332146e+00
7.333774e+00
7.335402e+00
7.337030e+00
7.338658e+00
7.340286e+00
7.341914e+00
7.343542e+00
7.345170e+00
7.346798e+00
7.348426e+00
7.350053e+00
7.351682e+00
7.353309e+00
7.354937e+00
7.356565e+00
7.358193e+00
7.359821e+00
7.361449e+00
7.363077e+00
7.364705e+00
7.366333e+00
7.367961e+00
7.369589e+00
7.371217e+00
7.372845e+00
7.374473e+00
7.376101e+00
7.377729e+00
7.379357e+00
7.380985e+00
7.382613e+00
7.384241e+00
7.385868e+00
7.387496e+00
7.389124e+00
7.390752e+00
7.392380e+00
7.394008e+00
7.395636e+00
7.397264e+00
7.398892e+00
7.400520e+00
7.402148e+00
7.403776e+00
7.405404e+00
7.407032e+00
7.408660e+00
7.410288e+00
7.411916e+00
7.413544e+00
7.415172e+00
7.416799e+00
7.418427e+00
7.420055e+00
7.421683e+00
7.423311e+00
7.424939e+00
7.426567e+00
7.428195e+00
7.429824e+00
7.431451e+00
7.433079e+00
7.434707e+00
7.436335e+00
7.437963e+00
7.439591e+00
7.441219e+00
7.442847e+00
7.444475e+00
7.446102e+00
7.447731e+00
7.449358e+00
7.450986e+00
7.452614e+00
7.454242e+00
7.455870e+00
7.457498e+00
7.459126e+00
7.460754e+00
7.462382e+00
7.464010e+00
7.465638e+00
7.467266e+00
7.468894e+00
7.470522e+00
7.472150e+00
7.473778e+00
7.475406e+00
7.477034e+00
7.478661e+00
7.480290e+00
7.481917e+00
7.483545e+00
7.485173e+00
7.486801e+00
7.488429e+00
7.490057e+00
7.491686e+00
7.493313e+00
7.494941e+00
7.496569e+00
7.498197e+00
7.499825e+00
7.501453e+00
7.503081e+00
7.504709e+00
7.506337e+00
7.507964e+00
7.509593e+00
7.511220e+00
7.512849e+00
7.514476e+00
7.516104e+00
7.517732e+00
7.519360e+00
7.520989e+00
7.522616e+00
7.524244e+00
7.525872e+00
7.527500e+00
7.529128e+00
7.530756e+00
7.532384e+00
7.534012e+00
7.535640e+00
7.537268e+00
7.538896e+00
7.540523e+00
7.542152e+00
7.543779e+00
7.545408e+00
7.547035e+00
7.548663e+00
7.550291e+00
7.551919e+00
7.553547e+00
7.555175e+00
7.556803e+00
7.558431e+00
7.560059e+00
7.561687e+00
7.563315e+00
7.564943e+00
7.566571e+00
7.568199e+00
7.569826e+00
7.571455e+00
7.573082e+00
7.574711e+00
7.576338e+00
7.577966e+00
7.579594e+00
7.581222e+00
7.582851e+00
7.584478e+00
7.586106e+00
7.587734e+00
7.589362e+00
7.590990e+00
7.592618e+00
7.594246e+00
7.595874e+00
7.597502e+00
7.599130e+00
7.600758e+00
7.602385e+00
7.604014e+00
7.605641e+00
7.607269e+00
7.608897e+00
7.610525e+00
7.612154e+00
7.613781e+00
7.615409e+00
7.617037e+00
7.618665e+00
7.620293e+00
7.621921e+00
7.623549e+00
7.625177e+00
7.626805e+00
7.628433e+00
7.630061e+00
7.631689e+00
7.633317e+00
7.634944e+00
7.636573e+00
7.638200e+00
7.639828e+00
7.641456e+00
7.643084e+00
7.644713e+00
7.646340e+00
7.647968e+00
7.649597e+00
7.651224e+00
7.652852e+00
7.654480e+00
7.656108e+00
7.657736e+00
7.659364e+00
7.660992e+00
7.662620e+00
7.664248e+00
7.665876e+00
7.667503e+00
7.669131e+00
7.670759e+00
7.672387e+00
7.674016e+00
7.675643e+00
7.677271e+00
7.678900e+00
7.680527e+00
7.682156e+00
7.683783e+00
7.685411e+00
7.687039e+00
7.688667e+00
7.690295e+00
7.691923e+00
7.693551e+00
7.695179e+00
7.696807e+00
7.698435e+00
7.700063e+00
7.701690e+00
7.703319e+00
7.704946e+00
7.706574e+00
7.708202e+00
7.709830e+00
7.711459e+00
7.713086e+00
7.714714e+00
7.716342e+00
7.717970e+00
7.719598e+00
7.721226e+00
7.722854e+00
7.724482e+00
7.726110e+00
7.727738e+00
7.729366e+00
7.730993e+00
7.732622e+00
7.734249e+00
7.735878e+00
7.737505e+00
7.739133e+00
7.740762e+00
7.742389e+00
7.744018e+00
7.745645e+00
7.747273e+00
7.748901e+00
7.750529e+00
7.752157e+00
7.753785e+00
7.755413e+00
7.757041e+00
7.758669e+00
7.760296e+00
7.761925e+00
7.763552e+00
7.765181e+00
7.766808e+00
7.768436e+00
7.770065e+00
7.771692e+00
7.773321e+00
7.774948e+00
7.776576e+00
7.778204e+00
7.779832e+00
7.781460e+00
7.783088e+00
7.784716e+00
7.786344e+00
7.787972e+00
7.789600e+00
7.791228e+00
7.792855e+00
7.794484e+00
7.796111e+00
7.797740e+00
7.799367e+00
7.800995e+00
7.802624e+00
7.804251e+00
7.805879e+00
7.807507e+00
7.809135e+00
7.810763e+00
7.812391e+00
7.814019e+00
7.815647e+00
7.817275e+00
7.818903e+00
7.820531e+00
7.822158e+00
7.823787e+00
7.825414e+00
7.827043e+00
7.828670e+00
7.830298e+00
7.831927e+00
7.833554e+00
7.835183e+00
7.836810e+00
7.838438e+00
7.840066e+00
7.841694e+00
7.843322e+00
7.844950e+00
7.846578e+00
7.848206e+00
7.849834e+00
7.851462e+00
7.853090e+00
7.854717e+00
7.856346e+00
7.857973e+00
7.859601e+00
7.861230e+00
7.862857e+00
7.864486e+00
7.866113e+00
7.867741e+00
7.869369e+00
7.870997e+00
7.872625e+00
7.874253e+00
7.875881e+00
7.877509e+00
7.879137e+00
7.880765e+00
7.882393e+00
7.884021e+00
7.885649e+00
7.887276e+00
7.888905e+00
7.890532e+00
7.892160e+00
7.893789e+00
7.895416e+00
7.897045e+00
7.898673e+00
7.900300e+00
7.901928e+00
7.903556e+00
7.905184e+00
7.906812e+00
7.908440e+00
7.910068e+00
7.911696e+00
7.913324e+00
7.914952e+00
7.916580e+00
7.918208e+00
7.919835e+00
7.921463e+00
7.923092e+00
7.924719e+00
7.926348e+00
7.927976e+00
7.929603e+00
7.931232e+00
7.932859e+00
7.934487e+00
7.936115e+00
7.937743e+00
7.939371e+00
7.940999e+00
7.942627e+00
7.944255e+00
7.945883e+00
7.947511e+00
7.949139e+00
7.950767e+00
7.952395e+00
7.954022e+00
7.955651e+00
7.957278e+00
7.958906e+00
7.960535e+00
7.962162e+00
7.963791e+00
7.965418e+00
7.967046e+00
7.968674e+00
7.970302e+00
7.971930e+00
7.973558e+00
7.975186e+00
7.976814e+00
7.978442e+00
7.980070e+00
7.981698e+00
7.983325e+00
7.984954e+00
7.986581e+00
7.988210e+00
7.989838e+00
7.991465e+00
7.993094e+00
7.994721e+00
7.996350e+00
7.997977e+00
7.999605e+00
8.001233e+00
8.002861e+00
8.004489e+00
8.006117e+00
8.007745e+00
8.009373e+00
8.011001e+00
8.012628e+00
8.014257e+00
8.015884e+00
8.017513e+00
8.019141e+00
8.020768e+00
8.022397e+00
8.024024e+00
8.025653e+00
8.027280e+00
8.028908e+00
8.030536e+00
8.032164e+00
8.033792e+00
8.035420e+00
8.037048e+00
8.038676e+00
8.040304e+00
8.041932e+00
8.043560e+00
8.045187e+00
8.046816e+00
8.048443e+00
8.050072e+00
8.051700e+00
8.053327e+00
8.054956e+00
8.056583e+00
8.058211e+00
8.059839e+00
8.061467e+00
8.063095e+00
8.064723e+00
8.066351e+00
8.067979e+00
8.069607e+00
8.071235e+00
8.072863e+00
8.074490e+00
8.076119e+00
8.077746e+00
8.079375e+00
8.081003e+00
8.082630e+00
8.084259e+00
8.085886e+00
8.087515e+00
8.089142e+00
8.090770e+00
8.092398e+00
8.094026e+00
8.095654e+00
8.097282e+00
8.098910e+00
