1.085700e-03
1.096401e-03
1.107102e-03
1.117803e-03
1.128504e-03
1.139205e-03
1.149906e-03
1.160607e-03
1.171308e-03
1.182009e-03
1.192710e-03
1.203411e-03
1.214112e-03
1.224813e-03
1.235514e-03
1.246215e-03
1.256916e-03
1.267617e-03
1.278318e-03
1.289019e-03
1.299720e-03
1.310421e-03
1.321122e-03
1.331823e-03
1.342524e-03
1.353225e-03
1.363926e-03
1.374627e-03
1.385328e-03
1.396029e-03
1.406730e-03
1.518118e-03
1.629507e-03
1.740896e-03
1.852284e-03
1.963672e-03
2.075061e-03
2.186449e-03
2.297838e-03
2.409227e-03
2.520615e-03
2.632004e-03
2.743392e-03
2.854781e-03
2.966169e-03
3.077558e-03
3.188946e-03
3.300334e-03
3.411723e-03
3.523111e-03
3.634500e-03
3.688140e-03
3.741780e-03
3.795420e-03
3.849060e-03
3.902700e-03
3.956340e-03
4.009980e-03
4.063620e-03
4.117260e-03
4.170900e-03
4.224540e-03
4.278180e-03
4.331820e-03
4.385460e-03
4.439100e-03
4.492740e-03
4.546380e-03
4.600020e-03
4.566776e-03
4.707300e-03
4.847824e-03
4.988346e-03
5.128870e-03
5.269394e-03
5.409916e-03
5.550440e-03
5.690964e-03
5.831486e-03
5.972010e-03
6.112534e-03
6.253056e-03
6.393580e-03
6.534104e-03
6.674626e-03
6.815150e-03
6.955674e-03
7.096196e-03
7.236720e-03
7.377244e-03
7.517766e-03
7.658290e-03
7.798814e-03
7.939336e-03
8.079860e-03
8.220384e-03
8.360906e-03
8.501430e-03
8.641954e-03
8.782476e-03
8.923000e-03
9.041690e-03
9.160380e-03
9.279070e-03
9.397760e-03
9.516450e-03
9.635140e-03
9.753830e-03
9.872520e-03
9.991210e-03
1.010990e-02
1.022859e-02
1.034728e-02
1.046597e-02
1.058466e-02
1.070335e-02
1.082204e-02
1.094073e-02
1.105942e-02
1.117811e-02
1.129680e-02
1.141549e-02
1.153418e-02
1.165287e-02
1.177156e-02
1.189025e-02
1.200894e-02
1.212763e-02
1.224632e-02
1.236501e-02
1.248370e-02
1.260239e-02
1.272108e-02
1.283977e-02
1.295846e-02
1.307715e-02
1.319584e-02
1.331453e-02
1.343322e-02
1.355191e-02
1.367060e-02
1.378929e-02
1.390798e-02
1.402667e-02
1.414536e-02
1.426405e-02
1.438274e-02
1.450143e-02
1.462012e-02
1.473881e-02
1.485750e-02
1.499781e-02
1.513812e-02
1.527843e-02
1.541874e-02
1.555905e-02
1.569936e-02
1.583967e-02
1.597998e-02
1.612029e-02
1.626060e-02
1.640091e-02
1.654122e-02
1.668153e-02
1.682184e-02
1.696215e-02
1.710246e-02
1.724277e-02
1.738308e-02
1.752339e-02
1.766370e-02
1.780401e-02
1.794432e-02
1.808463e-02
1.822494e-02
1.836525e-02
1.850556e-02
1.864587e-02
1.878618e-02
1.892649e-02
1.906680e-02
1.920711e-02
1.934742e-02
1.948773e-02
1.962804e-02
1.976835e-02
1.990866e-02
2.004897e-02
2.018928e-02
2.032959e-02
2.046990e-02
2.061021e-02
2.075052e-02
2.089083e-02
2.103114e-02
2.117145e-02
2.131176e-02
2.145207e-02
2.159238e-02
2.173269e-02
2.187300e-02
2.189267e-02
2.191234e-02
2.193201e-02
2.195168e-02
2.197135e-02
2.199102e-02
2.201069e-02
2.203036e-02
2.205003e-02
2.206970e-02
2.208937e-02
2.210904e-02
2.212871e-02
2.214838e-02
2.216805e-02
2.218772e-02
2.220739e-02
2.222706e-02
2.224673e-02
2.226640e-02
2.228607e-02
2.230574e-02
2.232541e-02
2.234508e-02
2.236475e-02
2.238442e-02
2.240409e-02
2.242376e-02
2.244343e-02
2.246310e-02
2.248277e-02
2.250244e-02
2.252211e-02
2.254178e-02
2.256145e-02
2.258112e-02
2.260079e-02
2.262046e-02
2.264013e-02
2.265980e-02
2.267947e-02
2.269914e-02
2.271881e-02
2.273848e-02
2.275815e-02
2.277782e-02
2.279749e-02
2.281716e-02
2.283683e-02
2.285650e-02
2.287617e-02
2.289584e-02
2.291551e-02
2.293518e-02
2.295485e-02
2.297452e-02
2.299419e-02
2.301386e-02
2.303353e-02
2.305320e-02
2.307287e-02
2.309254e-02
2.311221e-02
2.313188e-02
2.315155e-02
2.317122e-02
2.319089e-02
2.321056e-02
2.323023e-02
2.324990e-02
2.326957e-02
2.328924e-02
2.330891e-02
2.332858e-02
2.334825e-02
2.336792e-02
2.338759e-02
2.340726e-02
2.342693e-02
2.344660e-02
2.346627e-02
2.348594e-02
2.350561e-02
2.352528e-02
2.354495e-02
2.356462e-02
2.358429e-02
2.360396e-02
2.362363e-02
2.364330e-02
2.366297e-02
2.368264e-02
2.370231e-02
2.372198e-02
2.374165e-02
2.376132e-02
2.378099e-02
2.380066e-02
2.382033e-02
2.384000e-02
2.392102e-02
2.400205e-02
2.408307e-02
2.416410e-02
2.424512e-02
2.432615e-02
2.440717e-02
2.448820e-02
2.456923e-02
2.465025e-02
2.473128e-02
2.481230e-02
2.489333e-02
2.497435e-02
2.505538e-02
2.513640e-02
2.521743e-02
2.529845e-02
2.537948e-02
2.546050e-02
2.554152e-02
2.562255e-02
2.570357e-02
2.578460e-02
2.586562e-02
2.594665e-02
2.602768e-02
2.610870e-02
2.618973e-02
2.627075e-02
2.635177e-02
2.643280e-02
2.651383e-02
2.659485e-02
2.667587e-02
2.675690e-02
2.683793e-02
2.691895e-02
2.699997e-02
2.708100e-02
2.716202e-02
2.724305e-02
2.732407e-02
2.740510e-02
2.748613e-02
2.756715e-02
2.764818e-02
2.772920e-02
2.781023e-02
2.789125e-02
2.797227e-02
2.805330e-02
2.813433e-02
2.821535e-02
2.829637e-02
2.837740e-02
2.845843e-02
2.853945e-02
2.862047e-02
2.870150e-02
2.878252e-02
2.886355e-02
2.894458e-02
2.902560e-02
2.910663e-02
2.918765e-02
2.926868e-02
2.934970e-02
2.943072e-02
2.951175e-02
2.959277e-02
2.967380e-02
2.975482e-02
2.983585e-02
2.991687e-02
2.999790e-02
3.007892e-02
3.015995e-02
3.024097e-02
3.032200e-02
3.040303e-02
3.048405e-02
3.056508e-02
3.064610e-02
3.072713e-02
3.080815e-02
3.088917e-02
3.097020e-02
3.105122e-02
3.113225e-02
3.121328e-02
3.129430e-02
3.137533e-02
3.145635e-02
3.153737e-02
3.161840e-02
3.169942e-02
3.178045e-02
3.186148e-02
3.194250e-02
3.206116e-02
3.217982e-02
3.229848e-02
3.241714e-02
3.253580e-02
3.265446e-02
3.277312e-02
3.289178e-02
3.301044e-02
3.312910e-02
3.324776e-02
3.336642e-02
3.348508e-02
3.360374e-02
3.372240e-02
3.384106e-02
3.395972e-02
3.407838e-02
3.419704e-02
3.431570e-02
3.443436e-02
3.455302e-02
3.467168e-02
3.479034e-02
3.490900e-02
3.502766e-02
3.514632e-02
3.526498e-02
3.538364e-02
3.550230e-02
3.562096e-02
3.573962e-02
3.585828e-02
3.597694e-02
3.609560e-02
3.621426e-02
3.633292e-02
3.645158e-02
3.657024e-02
3.668890e-02
3.680756e-02
3.692622e-02
3.704488e-02
3.716354e-02
3.728220e-02
3.740086e-02
3.751952e-02
3.763818e-02
3.775684e-02
3.787550e-02
3.799416e-02
3.811282e-02
3.823148e-02
3.835014e-02
3.846880e-02
3.858746e-02
3.870612e-02
3.882478e-02
3.894344e-02
3.906210e-02
3.918076e-02
3.929942e-02
3.941808e-02
3.953674e-02
3.965540e-02
3.977406e-02
3.989272e-02
4.001138e-02
4.013004e-02
4.024870e-02
4.036736e-02
4.048602e-02
4.060468e-02
4.072334e-02
4.084200e-02
4.096066e-02
4.107932e-02
4.119798e-02
4.131664e-02
4.143530e-02
4.155396e-02
4.167262e-02
4.179128e-02
4.190994e-02
4.202860e-02
4.214726e-02
4.226592e-02
4.238458e-02
4.250324e-02
4.262190e-02
4.274056e-02
4.285922e-02
4.297788e-02
4.309654e-02
4.321520e-02
4.333386e-02
4.345252e-02
4.357118e-02
4.368984e-02
4.380850e-02
4.392716e-02
4.404582e-02
4.416448e-02
4.428314e-02
4.440180e-02
4.452046e-02
4.463912e-02
4.475778e-02
4.487644e-02
4.499510e-02
4.511376e-02
4.523242e-02
4.535108e-02
4.546974e-02
4.558840e-02
4.570706e-02
4.582572e-02
4.594438e-02
4.606304e-02
4.618170e-02
4.630036e-02
4.641902e-02
4.653768e-02
4.665634e-02
4.677500e-02
4.689366e-02
4.701232e-02
4.713098e-02
4.724964e-02
4.736830e-02
4.748696e-02
4.760562e-02
4.772428e-02
4.784294e-02
4.796160e-02
4.808026e-02
4.819892e-02
4.831758e-02
4.843624e-02
4.855490e-02
4.867356e-02
4.879222e-02
4.891088e-02
4.902954e-02
4.914820e-02
4.926686e-02
4.938552e-02
4.950418e-02
4.962284e-02
4.974150e-02
4.986016e-02
4.997882e-02
5.009748e-02
5.021614e-02
5.033480e-02
5.045346e-02
5.057212e-02
5.069078e-02
5.080944e-02
5.092810e-02
5.104676e-02
5.116542e-02
5.128408e-02
5.140274e-02
5.152140e-02
5.164006e-02
5.175872e-02
5.187738e-02
5.199604e-02
5.211470e-02
5.223336e-02
5.235202e-02
5.247068e-02
5.258934e-02
5.270800e-02
5.282666e-02
5.294532e-02
5.306398e-02
5.318264e-02
5.330130e-02
5.341996e-02
5.353862e-02
5.365728e-02
5.377594e-02
5.389460e-02
5.401326e-02
5.413192e-02
5.425058e-02
5.436924e-02
5.448790e-02
5.460656e-02
5.472522e-02
5.484388e-02
5.496254e-02
5.508120e-02
5.519986e-02
5.531852e-02
5.543718e-02
5.555584e-02
5.567450e-02
5.584067e-02
5.600685e-02
5.617303e-02
5.633920e-02
5.650538e-02
5.667155e-02
5.683772e-02
5.700390e-02
5.717008e-02
5.733625e-02
5.750242e-02
5.766860e-02
5.783477e-02
5.800095e-02
5.816713e-02
5.833330e-02
5.849948e-02
5.866565e-02
5.883182e-02
5.899800e-02
5.916418e-02
5.933035e-02
5.949653e-02
5.966270e-02
5.982888e-02
5.999505e-02
6.016122e-02
6.032740e-02
6.049358e-02
6.065975e-02
6.082593e-02
6.099210e-02
6.115827e-02
6.132445e-02
6.149063e-02
6.165680e-02
6.182298e-02
6.198915e-02
6.215532e-02
6.232150e-02
6.248767e-02
6.265385e-02
6.282003e-02
6.298620e-02
6.315237e-02
6.331855e-02
6.348473e-02
6.365090e-02
6.381708e-02
6.398325e-02
6.414942e-02
6.431560e-02
6.448178e-02
6.464795e-02
6.481413e-02
6.498030e-02
6.514647e-02
6.531265e-02
6.547883e-02
6.564500e-02
6.581117e-02
6.597735e-02
6.614353e-02
6.630970e-02
6.647588e-02
6.664205e-02
6.680822e-02
6.697440e-02
6.714057e-02
6.730675e-02
6.747292e-02
6.763910e-02
6.780527e-02
6.797145e-02
6.813763e-02
6.830380e-02
6.846998e-02
6.863615e-02
6.880232e-02
6.896850e-02
6.913468e-02
6.930085e-02
6.946703e-02
6.963320e-02
6.979937e-02
6.996555e-02
7.013172e-02
7.029790e-02
7.046408e-02
7.063025e-02
7.079642e-02
7.096260e-02
7.112878e-02
7.129495e-02
7.146113e-02
7.162730e-02
7.179348e-02
7.195965e-02
7.212583e-02
7.229200e-02
7.327616e-02
7.426032e-02
7.524448e-02
7.622864e-02
7.721279e-02
7.819695e-02
7.918111e-02
8.016527e-02
8.114943e-02
8.213359e-02
8.311775e-02
8.410191e-02
8.508607e-02
8.607023e-02
8.705438e-02
8.803854e-02
8.902270e-02
9.000686e-02
9.099102e-02
9.197518e-02
9.295934e-02
9.394350e-02
9.492766e-02
9.591182e-02
9.689597e-02
9.788013e-02
9.886429e-02
9.984845e-02
1.008326e-01
1.018168e-01
1.028009e-01
1.037851e-01
1.047692e-01
1.057534e-01
1.067376e-01
1.077217e-01
1.087059e-01
1.096900e-01
1.106742e-01
1.116584e-01
1.126425e-01
1.136267e-01
1.146108e-01
1.155950e-01
1.165792e-01
1.175633e-01
1.185475e-01
1.195316e-01
1.205158e-01
1.214999e-01
1.224841e-01
1.234683e-01
1.244524e-01
1.254366e-01
1.264207e-01
1.274049e-01
1.283891e-01
1.293732e-01
1.303574e-01
1.313415e-01
1.323257e-01
1.333099e-01
1.342940e-01
1.352782e-01
1.362623e-01
1.372465e-01
1.382307e-01
1.392148e-01
1.401990e-01
1.411831e-01
1.421673e-01
1.431514e-01
1.441356e-01
1.451198e-01
1.461039e-01
1.470881e-01
1.480722e-01
1.490564e-01
1.500406e-01
1.510247e-01
1.520089e-01
1.529930e-01
1.539772e-01
1.549614e-01
1.559455e-01
1.569297e-01
1.579138e-01
1.588980e-01
1.598821e-01
1.608663e-01
1.618505e-01
1.628346e-01
1.638188e-01
1.648029e-01
1.657871e-01
1.667713e-01
1.677554e-01
1.687396e-01
1.697237e-01
1.707079e-01
1.716921e-01
1.726762e-01
1.736604e-01
1.746445e-01
1.756287e-01
1.766129e-01
1.775970e-01
1.785812e-01
1.795653e-01
1.805495e-01
1.815336e-01
1.825178e-01
1.835020e-01
1.844861e-01
1.854703e-01
1.864544e-01
1.874386e-01
1.884228e-01
1.894069e-01
1.903911e-01
1.913752e-01
1.923594e-01
1.933436e-01
1.943277e-01
1.953119e-01
1.962960e-01
1.972802e-01
1.982643e-01
1.992485e-01
2.002327e-01
2.012168e-01
2.022010e-01
2.031851e-01
2.041693e-01
2.051535e-01
2.061376e-01
2.071218e-01
2.081059e-01
2.090901e-01
2.100743e-01
2.110584e-01
2.120426e-01
2.130267e-01
2.140109e-01
2.149951e-01
2.159792e-01
2.169634e-01
2.179475e-01
2.189317e-01
2.199158e-01
2.209000e-01
2.218842e-01
2.228683e-01
2.238525e-01
2.248366e-01
2.258208e-01
2.268050e-01
2.277891e-01
2.287733e-01
2.297574e-01
2.307416e-01
2.317258e-01
2.327099e-01
2.336941e-01
2.346782e-01
2.356624e-01
2.366465e-01
2.376307e-01
2.386149e-01
2.395990e-01
2.405832e-01
2.415673e-01
2.425515e-01
2.435357e-01
2.445198e-01
2.455040e-01
2.464881e-01
2.474723e-01
2.484565e-01
2.494406e-01
2.504248e-01
2.514089e-01
2.523931e-01
2.533773e-01
2.543614e-01
2.553456e-01
2.563297e-01
2.573139e-01
2.582980e-01
2.592822e-01
2.602664e-01
2.612505e-01
2.622347e-01
2.632188e-01
2.642030e-01
2.651872e-01
2.661713e-01
2.671555e-01
2.681396e-01
2.691238e-01
2.701080e-01
2.710921e-01
2.720763e-01
2.730604e-01
2.740446e-01
2.750287e-01
2.760129e-01
2.769971e-01
2.779812e-01
2.789654e-01
2.799495e-01
2.809337e-01
2.819179e-01
2.829020e-01
2.838862e-01
2.848703e-01
2.858545e-01
2.868387e-01
2.878228e-01
2.888070e-01
2.897911e-01
2.907753e-01
2.917594e-01
2.927436e-01
2.937278e-01
2.947119e-01
2.956961e-01
2.966802e-01
2.976644e-01
2.986486e-01
2.996327e-01
3.006169e-01
3.016010e-01
3.025852e-01
3.035694e-01
3.045535e-01
3.055377e-01
3.065218e-01
3.075060e-01
3.084902e-01
3.094743e-01
3.104585e-01
3.114426e-01
3.124268e-01
3.134109e-01
3.143951e-01
3.153793e-01
3.163634e-01
3.173476e-01
3.183317e-01
3.193159e-01
3.203001e-01
3.212842e-01
3.222684e-01
3.232525e-01
3.242367e-01
3.252209e-01
3.262050e-01
3.271892e-01
3.281733e-01
3.291575e-01
3.301416e-01
3.311258e-01
3.321100e-01
3.330941e-01
3.340783e-01
3.350624e-01
3.360466e-01
3.370308e-01
3.380149e-01
3.389991e-01
3.399832e-01
3.409674e-01
3.419516e-01
3.429357e-01
3.439199e-01
3.449040e-01
3.458882e-01
3.468724e-01
3.478565e-01
3.488407e-01
3.498248e-01
3.508090e-01
3.517931e-01
3.527773e-01
3.537615e-01
3.547456e-01
3.557298e-01
3.567139e-01
3.576981e-01
3.586823e-01
3.596664e-01
3.606506e-01
3.616347e-01
3.626189e-01
3.636031e-01
3.645872e-01
3.655714e-01
3.665555e-01
3.675397e-01
3.685238e-01
3.695080e-01
3.704922e-01
3.714763e-01
3.724605e-01
3.734446e-01
3.744288e-01
3.754130e-01
3.763971e-01
3.773813e-01
3.783654e-01
3.793496e-01
3.803338e-01
3.813179e-01
3.823021e-01
3.832862e-01
3.842704e-01
3.852546e-01
3.862387e-01
3.872229e-01
3.882070e-01
3.891912e-01
3.901753e-01
3.911595e-01
3.921437e-01
3.931278e-01
3.941120e-01
3.950961e-01
3.960803e-01
3.970645e-01
3.980486e-01
3.990328e-01
4.000169e-01
4.010011e-01
4.019853e-01
4.029694e-01
4.039536e-01
4.049377e-01
4.059219e-01
4.069060e-01
4.078902e-01
4.088744e-01
4.098585e-01
4.108427e-01
4.118268e-01
4.128110e-01
4.137952e-01
4.147793e-01
4.157635e-01
4.167476e-01
4.177318e-01
4.187160e-01
4.197001e-01
4.206843e-01
4.216684e-01
4.226526e-01
4.236368e-01
4.246209e-01
4.256051e-01
4.265892e-01
4.275734e-01
4.285575e-01
4.295417e-01
4.305259e-01
4.315100e-01
4.324942e-01
4.334783e-01
4.344625e-01
4.354467e-01
4.364308e-01
4.374150e-01
4.383991e-01
4.393833e-01
4.403675e-01
4.413516e-01
4.423358e-01
4.433199e-01
4.443041e-01
4.452882e-01
4.462724e-01
4.472566e-01
4.482407e-01
4.492249e-01
4.502090e-01
4.511932e-01
4.521774e-01
4.531615e-01
4.541457e-01
4.551298e-01
4.561140e-01
4.570982e-01
4.580823e-01
4.590665e-01
4.600506e-01
4.610348e-01
4.620190e-01
4.630031e-01
4.639873e-01
4.649714e-01
4.659556e-01
4.669397e-01
4.679239e-01
4.689081e-01
4.698922e-01
4.708764e-01
4.718605e-01
4.728447e-01
4.741045e-01
4.753643e-01
4.766241e-01
4.778839e-01
4.791437e-01
4.804035e-01
4.816633e-01
4.829231e-01
4.841829e-01
4.854427e-01
4.867025e-01
4.879623e-01
4.892222e-01
4.904820e-01
4.917418e-01
4.930016e-01
4.942614e-01
4.955212e-01
4.967810e-01
4.980408e-01
4.993006e-01
5.005604e-01
5.018202e-01
5.030800e-01
5.043398e-01
5.055996e-01
5.068594e-01
5.081193e-01
5.093791e-01
5.106389e-01
5.118987e-01
5.131585e-01
5.144183e-01
5.156781e-01
5.169379e-01
5.181977e-01
5.194575e-01
5.207173e-01
5.219771e-01
5.232369e-01
5.244967e-01
5.257565e-01
5.270164e-01
5.282762e-01
5.295360e-01
5.307958e-01
5.320556e-01
5.333154e-01
5.345752e-01
5.358350e-01
5.370948e-01
5.383546e-01
5.396144e-01
5.408742e-01
5.421340e-01
5.433938e-01
5.446536e-01
5.459135e-01
5.471733e-01
5.484331e-01
5.496929e-01
5.509527e-01
5.522125e-01
5.534723e-01
5.547321e-01
5.559919e-01
5.572517e-01
5.585115e-01
5.597713e-01
5.610311e-01
5.622909e-01
5.635507e-01
5.648106e-01
5.660704e-01
5.673302e-01
5.685900e-01
5.698498e-01
5.711096e-01
5.723694e-01
5.736292e-01
5.748890e-01
5.761488e-01
5.774086e-01
5.786684e-01
5.799282e-01
5.811880e-01
5.824478e-01
5.837077e-01
5.849675e-01
5.862273e-01
5.874871e-01
5.887469e-01
5.900067e-01
5.912665e-01
5.925263e-01
5.937861e-01
5.950459e-01
5.963057e-01
5.975655e-01
5.988253e-01
6.015394e-01
6.042535e-01
6.069676e-01
6.096817e-01
6.123958e-01
6.151099e-01
6.178240e-01
6.205381e-01
6.232522e-01
6.259663e-01
6.286804e-01
6.313944e-01
6.341085e-01
6.368226e-01
6.395367e-01
6.422508e-01
6.449649e-01
6.476790e-01
6.503931e-01
6.531072e-01
6.558213e-01
6.585354e-01
6.612495e-01
6.639636e-01
6.666776e-01
6.693918e-01
6.721058e-01
6.748199e-01
6.775340e-01
6.802481e-01
6.829622e-01
6.856763e-01
6.883904e-01
6.911045e-01
6.938186e-01
6.965326e-01
6.992468e-01
7.019608e-01
7.046750e-01
7.073890e-01
7.101032e-01
7.128172e-01
7.155313e-01
7.182454e-01
7.209595e-01
7.236736e-01
7.263877e-01
7.291018e-01
7.318158e-01
7.345300e-01
7.372440e-01
7.399582e-01
7.426722e-01
7.453864e-01
7.481004e-01
7.508146e-01
7.535286e-01
7.562427e-01
7.589568e-01
7.616709e-01
7.643850e-01
7.670991e-01
7.698132e-01
7.725272e-01
7.752414e-01
7.779554e-01
7.806696e-01
7.833836e-01
7.860978e-01
7.888118e-01
7.915259e-01
7.942400e-01
7.969541e-01
7.996682e-01
8.023823e-01
8.050964e-01
8.078105e-01
8.105246e-01
8.132386e-01
8.159528e-01
8.186669e-01
8.213810e-01
8.240950e-01
8.268091e-01
8.295232e-01
8.322373e-01
8.349514e-01
8.376655e-01
8.403796e-01
8.430937e-01
8.458078e-01
8.485219e-01
8.512360e-01
8.539501e-01
8.566641e-01
8.593783e-01
8.620923e-01
8.648065e-01
8.675205e-01
8.702346e-01
8.729487e-01
8.756628e-01
8.783769e-01
8.810910e-01
8.838051e-01
8.865192e-01
8.892333e-01
8.919473e-01
8.946615e-01
8.973755e-01
9.000897e-01
9.028037e-01
9.055179e-01
9.082319e-01
9.109460e-01
9.136601e-01
9.163742e-01
9.190883e-01
9.218024e-01
9.245165e-01
9.272305e-01
9.299447e-01
9.326587e-01
9.353729e-01
9.380869e-01
9.408011e-01
9.435151e-01
9.462293e-01
9.489433e-01
9.516574e-01
9.543715e-01
9.570856e-01
9.597997e-01
9.625138e-01
9.652279e-01
9.679419e-01
9.706561e-01
9.733701e-01
9.760843e-01
9.787984e-01
9.815125e-01
9.842264e-01
9.869407e-01
9.896547e-01
9.923687e-01
9.950830e-01
9.977970e-01
1.000511e+00
1.003225e+00
1.005939e+00
1.008653e+00
1.011368e+00
1.014081e+00
1.016795e+00
1.019510e+00
1.022224e+00
1.024938e+00
1.027652e+00
1.030366e+00
1.033080e+00
1.035794e+00
1.038508e+00
1.041222e+00
1.043937e+00
1.046651e+00
1.049364e+00
1.052079e+00
1.054793e+00
1.057507e+00
1.060221e+00
1.062936e+00
1.065649e+00
1.068363e+00
1.071077e+00
1.073792e+00
1.076506e+00
1.079220e+00
1.081934e+00
1.084648e+00
1.087362e+00
1.090076e+00
1.092790e+00
1.095504e+00
1.098219e+00
1.100932e+00
1.103646e+00
1.106361e+00
1.109075e+00
1.111789e+00
1.114503e+00
1.117217e+00
1.119931e+00
1.122645e+00
1.125359e+00
1.128073e+00
1.130788e+00
1.133502e+00
1.136215e+00
1.138929e+00
1.141644e+00
1.144358e+00
1.146667e+00
1.148976e+00
1.151287e+00
1.153596e+00
1.155905e+00
1.158214e+00
1.160524e+00
1.162833e+00
1.165143e+00
1.167452e+00
1.169761e+00
1.172071e+00
1.174380e+00
1.176690e+00
1.178999e+00
1.181308e+00
1.183618e+00
1.185927e+00
1.188237e+00
1.190546e+00
1.192855e+00
1.195165e+00
1.197474e+00
1.199783e+00
1.202093e+00
1.204402e+00
1.206712e+00
1.209021e+00
1.211330e+00
1.213640e+00
1.215949e+00
1.218259e+00
1.220568e+00
1.222877e+00
1.225186e+00
1.227497e+00
1.229806e+00
1.232115e+00
1.234424e+00
1.236733e+00
1.239044e+00
1.241353e+00
1.243662e+00
1.245971e+00
1.248281e+00
1.250590e+00
1.252900e+00
1.255209e+00
1.257518e+00
1.259828e+00
1.262137e+00
1.264447e+00
1.266756e+00
1.269065e+00
1.271375e+00
1.273684e+00
1.275994e+00
1.278303e+00
1.280612e+00
1.282922e+00
1.285231e+00
1.287540e+00
1.289850e+00
1.292159e+00
1.294469e+00
1.296778e+00
1.299087e+00
1.301397e+00
1.303706e+00
1.306016e+00
1.308325e+00
1.310634e+00
1.312944e+00
1.315254e+00
1.317563e+00
1.319872e+00
1.322181e+00
1.324490e+00
1.326801e+00
1.329110e+00
1.331419e+00
1.333728e+00
1.336037e+00
1.338348e+00
1.340657e+00
1.342966e+00
1.345275e+00
1.347585e+00
1.349894e+00
1.352204e+00
1.354513e+00
1.356822e+00
1.359132e+00
1.361441e+00
1.363751e+00
1.366060e+00
1.368369e+00
1.370679e+00
1.372988e+00
1.375298e+00
1.377607e+00
1.379916e+00
1.382226e+00
1.384535e+00
1.386844e+00
1.389154e+00
1.391463e+00
1.393773e+00
1.396082e+00
1.398391e+00
1.400701e+00
1.403010e+00
1.405320e+00
1.407629e+00
1.409938e+00
1.412248e+00
1.414558e+00
1.416867e+00
1.419176e+00
1.421485e+00
1.423794e+00
1.426104e+00
1.428414e+00
1.430723e+00
1.433032e+00
1.435342e+00
1.437651e+00
1.439961e+00
1.442270e+00
1.444579e+00
1.446889e+00
1.449198e+00
1.451508e+00
1.453817e+00
1.456126e+00
1.458436e+00
1.460745e+00
1.463055e+00
1.465364e+00
1.467673e+00
1.469982e+00
1.472292e+00
1.474602e+00
1.476911e+00
1.479220e+00
1.481530e+00
1.483839e+00
1.486148e+00
1.488458e+00
1.490767e+00
1.493077e+00
1.495386e+00
1.497695e+00
1.500005e+00
1.502315e+00
1.504624e+00
1.506933e+00
1.509242e+00
1.511551e+00
1.513861e+00
1.516171e+00
1.518480e+00
1.520789e+00
1.523099e+00
1.525408e+00
1.527718e+00
1.530027e+00
1.532336e+00
1.534646e+00
1.536955e+00
1.539265e+00
1.541574e+00
1.543883e+00
1.546193e+00
1.548502e+00
1.550812e+00
1.553121e+00
1.555430e+00
1.557740e+00
1.560049e+00
1.562359e+00
1.564668e+00
1.566977e+00
1.569287e+00
1.571596e+00
1.573905e+00
1.576215e+00
1.578524e+00
1.580834e+00
1.583143e+00
1.585452e+00
1.587762e+00
1.590072e+00
1.592381e+00
1.594690e+00
1.596999e+00
1.599309e+00
1.601618e+00
1.603928e+00
1.606237e+00
1.608546e+00
1.610855e+00
1.613165e+00
1.615475e+00
1.617784e+00
1.620093e+00
1.622403e+00
1.624712e+00
1.627022e+00
1.629331e+00
1.631640e+00
1.633950e+00
1.636259e+00
1.638569e+00
1.640878e+00
1.643187e+00
1.645496e+00
1.647806e+00
1.650116e+00
1.652425e+00
1.654734e+00
1.657044e+00
1.659353e+00
1.661663e+00
1.663972e+00
1.666281e+00
1.668591e+00
1.670900e+00
1.673209e+00
1.675519e+00
1.677828e+00
1.680138e+00
1.682447e+00
1.684756e+00
1.687066e+00
1.689375e+00
1.691685e+00
1.693994e+00
1.696303e+00
1.698613e+00
1.700922e+00
1.703232e+00
1.705541e+00
1.707850e+00
1.710160e+00
1.712469e+00
1.714779e+00
1.717088e+00
1.719397e+00
1.721707e+00
1.724017e+00
1.726326e+00
1.728635e+00
1.730944e+00
1.733254e+00
1.735563e+00
1.737873e+00
1.740182e+00
1.742491e+00
1.744800e+00
1.747110e+00
1.749420e+00
1.751729e+00
1.754038e+00
1.756348e+00
1.758657e+00
1.760967e+00
1.763276e+00
1.765585e+00
1.767895e+00
1.770204e+00
1.772513e+00
1.774823e+00
1.777133e+00
1.779442e+00
1.781751e+00
1.784060e+00
1.786370e+00
1.788679e+00
1.790989e+00
1.793298e+00
1.795607e+00
1.797917e+00
1.800226e+00
1.802536e+00
1.804845e+00
1.807154e+00
1.809464e+00
1.811773e+00
1.814083e+00
1.816392e+00
1.818701e+00
1.821011e+00
1.823321e+00
1.825630e+00
1.827939e+00
1.830248e+00
1.832557e+00
1.834867e+00
1.837177e+00
1.839486e+00
1.841795e+00
1.845890e+00
1.849984e+00
1.854079e+00
1.858173e+00
1.862267e+00
1.866362e+00
1.870456e+00
1.874551e+00
1.878645e+00
1.882740e+00
1.886834e+00
1.890928e+00
1.895023e+00
1.899117e+00
1.903211e+00
1.907305e+00
1.911400e+00
1.915494e+00
1.919589e+00
1.923683e+00
1.927777e+00
1.931872e+00
1.935966e+00
1.940061e+00
1.944155e+00
1.948249e+00
1.952344e+00
1.956438e+00
1.960533e+00
1.964627e+00
1.968721e+00
1.972816e+00
1.976910e+00
1.981005e+00
1.985099e+00
1.989194e+00
1.993288e+00
1.997383e+00
2.001477e+00
2.005571e+00
2.009666e+00
2.013760e+00
2.017855e+00
2.021948e+00
2.026043e+00
2.030137e+00
2.034231e+00
2.038326e+00
2.042420e+00
2.046515e+00
2.050609e+00
2.054704e+00
2.058798e+00
2.062892e+00
2.066987e+00
2.071081e+00
2.075176e+00
2.079270e+00
2.083364e+00
2.087459e+00
2.091553e+00
2.095648e+00
2.099742e+00
2.103837e+00
2.107931e+00
2.112025e+00
2.116120e+00
2.120214e+00
2.124309e+00
2.128403e+00
2.132498e+00
2.136591e+00
2.140686e+00
2.144780e+00
2.148874e+00
2.152969e+00
2.157063e+00
2.161158e+00
2.165252e+00
2.169346e+00
2.173441e+00
2.177535e+00
2.181630e+00
2.185724e+00
2.189819e+00
2.193913e+00
2.198008e+00
2.202102e+00
2.206196e+00
2.210291e+00
2.214385e+00
2.218479e+00
2.222574e+00
2.226668e+00
2.230763e+00
2.234857e+00
2.238952e+00
2.243046e+00
2.247140e+00
2.251235e+00
2.255329e+00
2.259423e+00
2.263517e+00
2.267612e+00
2.271706e+00
2.275800e+00
2.279895e+00
2.283989e+00
2.288084e+00
2.292178e+00
2.296273e+00
2.300367e+00
2.304461e+00
2.308556e+00
2.312650e+00
2.316745e+00
2.320839e+00
2.324934e+00
2.329028e+00
2.333123e+00
2.337217e+00
2.341311e+00
2.345406e+00
2.349500e+00
2.353594e+00
2.357689e+00
2.361783e+00
2.365878e+00
2.369972e+00
2.374066e+00
2.378160e+00
2.382255e+00
2.386349e+00
2.390444e+00
2.394538e+00
2.398632e+00
2.402727e+00
2.406821e+00
2.410915e+00
2.415010e+00
2.419104e+00
2.423199e+00
2.427293e+00
2.431388e+00
2.435482e+00
2.439577e+00
2.443671e+00
2.447765e+00
2.451860e+00
2.455954e+00
2.460049e+00
2.464143e+00
2.468238e+00
2.472332e+00
2.476426e+00
2.480521e+00
2.484615e+00
2.488709e+00
2.492803e+00
2.496898e+00
2.500992e+00
2.505086e+00
2.509181e+00
2.513275e+00
2.517370e+00
2.521464e+00
2.525559e+00
2.529653e+00
2.533747e+00
2.537842e+00
2.541936e+00
2.546031e+00
2.550125e+00
2.554219e+00
2.558314e+00
2.562408e+00
2.566503e+00
2.570597e+00
2.574692e+00
2.578786e+00
2.582880e+00
2.586975e+00
2.591069e+00
2.595164e+00
2.599258e+00
2.603353e+00
2.607446e+00
2.611540e+00
2.615635e+00
2.619729e+00
2.623824e+00
2.627918e+00
2.632013e+00
2.636107e+00
2.640202e+00
2.644296e+00
2.648390e+00
2.652485e+00
2.656579e+00
2.660674e+00
2.664768e+00
2.668070e+00
2.671372e+00
2.674674e+00
2.677976e+00
2.681278e+00
2.684580e+00
2.687882e+00
2.691184e+00
2.694486e+00
2.697788e+00
2.701090e+00
2.704392e+00
2.707694e+00
2.710996e+00
2.714298e+00
2.717600e+00
2.720902e+00
2.724203e+00
2.727506e+00
2.730807e+00
2.734110e+00
2.737412e+00
2.740713e+00
2.744016e+00
2.747318e+00
2.750619e+00
2.753922e+00
2.757224e+00
2.760525e+00
2.763828e+00
2.767129e+00
2.770431e+00
2.773734e+00
2.777035e+00
2.780338e+00
2.783640e+00
2.786941e+00
2.790244e+00
2.793545e+00
2.796847e+00
2.800150e+00
2.803451e+00
2.806753e+00
2.810055e+00
2.813357e+00
2.816659e+00
2.819961e+00
2.823263e+00
2.826566e+00
2.829867e+00
2.833169e+00
2.836471e+00
2.839773e+00
2.843075e+00
2.846377e+00
2.849679e+00
2.852981e+00
2.856283e+00
2.859585e+00
2.862887e+00
2.866189e+00
2.869491e+00
2.872793e+00
2.876095e+00
2.879397e+00
2.882699e+00
2.886001e+00
2.889303e+00
2.892605e+00
2.895907e+00
2.899209e+00
2.902511e+00
2.905813e+00
2.909115e+00
2.912417e+00
2.915719e+00
2.919021e+00
2.922323e+00
2.925625e+00
2.928927e+00
2.932229e+00
2.935530e+00
2.938833e+00
2.942134e+00
2.945436e+00
2.948739e+00
2.952040e+00
2.955343e+00
2.958645e+00
2.961946e+00
2.965249e+00
2.968551e+00
2.971852e+00
2.975155e+00
2.978456e+00
2.981758e+00
2.985060e+00
2.988362e+00
2.991664e+00
2.994966e+00
2.998268e+00
3.001571e+00
3.004872e+00
3.008174e+00
3.011477e+00
3.014778e+00
3.018080e+00
3.021382e+00
3.024684e+00
3.027986e+00
3.031288e+00
3.034590e+00
3.037892e+00
3.041194e+00
3.044496e+00
3.047799e+00
3.051100e+00
3.054402e+00
3.057704e+00
3.061006e+00
3.064308e+00
3.067610e+00
3.070912e+00
3.074214e+00
3.077516e+00
3.080818e+00
3.084119e+00
3.087422e+00
3.090724e+00
3.094026e+00
3.097328e+00
3.100630e+00
3.103932e+00
3.107234e+00
3.110536e+00
3.113838e+00
3.117140e+00
3.120441e+00
3.123744e+00
3.127045e+00
3.130348e+00
3.133650e+00
3.136951e+00
3.140254e+00
3.143556e+00
3.146857e+00
3.150160e+00
3.153462e+00
3.156763e+00
3.160066e+00
3.163367e+00
3.166669e+00
3.169971e+00
3.173273e+00
3.176576e+00
3.179877e+00
3.183179e+00
3.186482e+00
3.189783e+00
3.193085e+00
3.196388e+00
3.199689e+00
3.202991e+00
3.206293e+00
3.209595e+00
3.212897e+00
3.216199e+00
3.219501e+00
3.222804e+00
3.226105e+00
3.229407e+00
3.232710e+00
3.236011e+00
3.239313e+00
3.242615e+00
3.245917e+00
3.249219e+00
3.252521e+00
3.255823e+00
3.259125e+00
3.262427e+00
3.265729e+00
3.269031e+00
3.272333e+00
3.275635e+00
3.278937e+00
3.282239e+00
3.285541e+00
3.288843e+00
3.292145e+00
3.295447e+00
3.298749e+00
3.302051e+00
3.305352e+00
3.308655e+00
3.311956e+00
3.315259e+00
3.318561e+00
3.321862e+00
3.325165e+00
3.328467e+00
3.332291e+00
3.336115e+00
3.339940e+00
3.343765e+00
3.347589e+00
3.351414e+00
3.355238e+00
3.359062e+00
3.362887e+00
3.366712e+00
3.370536e+00
3.374360e+00
3.378185e+00
3.382009e+00
3.385834e+00
3.389658e+00
3.393483e+00
3.397307e+00
3.401132e+00
3.404956e+00
3.408780e+00
3.412605e+00
3.416430e+00
3.420254e+00
3.424078e+00
3.427903e+00
3.431727e+00
3.435552e+00
3.439377e+00
3.443201e+00
3.447025e+00
3.450850e+00
3.454674e+00
3.458498e+00
3.462323e+00
3.466148e+00
3.469972e+00
3.473796e+00
3.477621e+00
3.481445e+00
3.485270e+00
3.489095e+00
3.492919e+00
3.496743e+00
3.500568e+00
3.504392e+00
3.508216e+00
3.512042e+00
3.515866e+00
3.519690e+00
3.523514e+00
3.527339e+00
3.531163e+00
3.534988e+00
3.538813e+00
3.542637e+00
3.546461e+00
3.550286e+00
3.554110e+00
3.557935e+00
3.561760e+00
3.565584e+00
3.569408e+00
3.573233e+00
3.577057e+00
3.580881e+00
3.584707e+00
3.588531e+00
3.592355e+00
3.596180e+00
3.600004e+00
3.603828e+00
3.607653e+00
3.611478e+00
3.615302e+00
3.619126e+00
3.622951e+00
3.626775e+00
3.630600e+00
3.634425e+00
3.638249e+00
3.642073e+00
3.645898e+00
3.649722e+00
3.653547e+00
3.657371e+00
3.661196e+00
3.665020e+00
3.668845e+00
3.672669e+00
3.676493e+00
3.680318e+00
3.684143e+00
3.687967e+00
3.691791e+00
3.695616e+00
3.699440e+00
3.703265e+00
3.707089e+00
3.710914e+00
3.714738e+00
3.718562e+00
3.722387e+00
3.726212e+00
3.730036e+00
3.733861e+00
3.737685e+00
3.741509e+00
3.745334e+00
3.749158e+00
3.752983e+00
3.756807e+00
3.760632e+00
3.764456e+00
3.768280e+00
3.772105e+00
3.775930e+00
3.779754e+00
3.783579e+00
3.787403e+00
3.791227e+00
3.795052e+00
3.798877e+00
3.802701e+00
3.806525e+00
3.810350e+00
3.814174e+00
3.817998e+00
3.821824e+00
3.825648e+00
3.829472e+00
3.833297e+00
3.837121e+00
3.840945e+00
3.844770e+00
3.848595e+00
3.852419e+00
3.856244e+00
3.860068e+00
3.863892e+00
3.867717e+00
3.871542e+00
3.875366e+00
3.879191e+00
3.883015e+00
3.886839e+00
3.890663e+00
3.894489e+00
3.898313e+00
3.902137e+00
3.905962e+00
3.909786e+00
3.913610e+00
3.917435e+00
3.921260e+00
3.925084e+00
3.928909e+00
3.932733e+00
3.936557e+00
3.940382e+00
3.944207e+00
3.948031e+00
3.951855e+00
3.955680e+00
3.959504e+00
3.963329e+00
3.967154e+00
3.970978e+00
3.974802e+00
3.978627e+00
3.982451e+00
3.986275e+00
3.990100e+00
3.993925e+00
3.997749e+00
4.001573e+00
4.005398e+00
4.009222e+00
4.013047e+00
4.016872e+00
4.020696e+00
4.024520e+00
4.028345e+00
4.032169e+00
4.035993e+00
4.039818e+00
4.043643e+00
4.047467e+00
4.051291e+00
4.055116e+00
4.058940e+00
4.062765e+00
4.066590e+00
4.070414e+00
4.074238e+00
4.078063e+00
4.081887e+00
4.085711e+00
4.089537e+00
4.093361e+00
4.097185e+00
4.101009e+00
4.104834e+00
4.108658e+00
4.112483e+00
4.116308e+00
4.120132e+00
4.123956e+00
4.127781e+00
4.131605e+00
4.135430e+00
4.139255e+00
4.143079e+00
4.146903e+00
4.150728e+00
4.154552e+00
4.158376e+00
4.162202e+00
4.166026e+00
4.169850e+00
4.173675e+00
4.177499e+00
4.181323e+00
4.185148e+00
4.188973e+00
4.192797e+00
4.196621e+00
4.200446e+00
4.204270e+00
4.208095e+00
4.211920e+00
4.215744e+00
4.219568e+00
4.223393e+00
4.227217e+00
4.231042e+00
4.234866e+00
4.238691e+00
4.242515e+00
4.246340e+00
4.250164e+00
4.253988e+00
4.257813e+00
4.261638e+00
4.265462e+00
4.269286e+00
4.273111e+00
4.276935e+00
4.280760e+00
4.284584e+00
4.288409e+00
4.292233e+00
4.296057e+00
4.299882e+00
4.303707e+00
4.307531e+00
4.311356e+00
4.315180e+00
4.319004e+00
4.322829e+00
4.326653e+00
4.330478e+00
4.334302e+00
4.338127e+00
4.341951e+00
4.345776e+00
4.349600e+00
4.353425e+00
4.357249e+00
4.361074e+00
4.364898e+00
4.368722e+00
4.372547e+00
4.376372e+00
4.380196e+00
4.384020e+00
4.387845e+00
4.391669e+00
4.395493e+00
4.399319e+00
4.403143e+00
4.406967e+00
4.410792e+00
4.414616e+00
4.418440e+00
4.422265e+00
4.426090e+00
4.429914e+00
4.433739e+00
4.437563e+00
4.441387e+00
4.445212e+00
4.449037e+00
4.452861e+00
4.456686e+00
4.460510e+00
4.464334e+00
4.468158e+00
4.471984e+00
4.475808e+00
4.479632e+00
4.483457e+00
4.487722e+00
4.491987e+00
4.496252e+00
4.500517e+00
4.504782e+00
4.509046e+00
4.513312e+00
4.517577e+00
4.521842e+00
4.526107e+00
4.530372e+00
4.534637e+00
4.538901e+00
4.543167e+00
4.547432e+00
4.551697e+00
4.555962e+00
4.560227e+00
4.564492e+00
4.568756e+00
4.573022e+00
4.577287e+00
4.581552e+00
4.585817e+00
4.590082e+00
4.594347e+00
4.598611e+00
4.602877e+00
4.607142e+00
4.611407e+00
4.615672e+00
4.619937e+00
4.624202e+00
4.628467e+00
4.632732e+00
4.636997e+00
4.641262e+00
4.645527e+00
4.649792e+00
4.654057e+00
4.658322e+00
4.662587e+00
4.666852e+00
4.671117e+00
4.675382e+00
4.679647e+00
4.683912e+00
4.688177e+00
4.692442e+00
4.696707e+00
4.700972e+00
4.705237e+00
4.709502e+00
4.713767e+00
4.718032e+00
4.722297e+00
4.726562e+00
4.730827e+00
4.735092e+00
4.739357e+00
4.743622e+00
4.747887e+00
4.752152e+00
4.756417e+00
4.760682e+00
4.764947e+00
4.769212e+00
4.773477e+00
4.777742e+00
4.782007e+00
4.786272e+00
4.790537e+00
4.794802e+00
4.799067e+00
4.803332e+00
4.807597e+00
4.811862e+00
4.816127e+00
4.820392e+00
4.824657e+00
4.828922e+00
4.833187e+00
4.837453e+00
4.841717e+00
4.845982e+00
4.850247e+00
4.854512e+00
4.858777e+00
4.863042e+00
4.867308e+00
4.871572e+00
4.875837e+00
4.880102e+00
4.884367e+00
4.888633e+00
4.892897e+00
4.897163e+00
4.901427e+00
4.905692e+00
4.909957e+00
4.914222e+00
4.918488e+00
4.922752e+00
4.927018e+00
4.931282e+00
4.935547e+00
4.939812e+00
4.944077e+00
4.948343e+00
4.952607e+00
4.956873e+00
4.961137e+00
4.965402e+00
4.969667e+00
4.973932e+00
4.978198e+00
4.982462e+00
4.986728e+00
4.990992e+00
4.995258e+00
4.999522e+00
5.003787e+00
5.008053e+00
5.012317e+00
5.016583e+00
5.020847e+00
5.025113e+00
5.029377e+00
5.033643e+00
5.037908e+00
5.042172e+00
5.046438e+00
5.050702e+00
5.054968e+00
5.059232e+00
5.063498e+00
5.067763e+00
5.072027e+00
5.076293e+00
5.080557e+00
5.084823e+00
5.089087e+00
5.093353e+00
5.097618e+00
5.101883e+00
5.106148e+00
5.110412e+00
5.114678e+00
5.118942e+00
5.123208e+00
5.127473e+00
5.131738e+00
5.136003e+00
5.140267e+00
5.144533e+00
5.148797e+00
5.153063e+00
5.157328e+00
5.161593e+00
5.165858e+00
5.170122e+00
5.174388e+00
5.178653e+00
5.182918e+00
5.187183e+00
5.191448e+00
5.195713e+00
5.199977e+00
5.204243e+00
5.208508e+00
5.212773e+00
5.217038e+00
5.221303e+00
5.225568e+00
5.229833e+00
5.234098e+00
5.238363e+00
5.242628e+00
5.246893e+00
5.251158e+00
5.255423e+00
5.259688e+00
5.263953e+00
5.268218e+00
5.272483e+00
5.276748e+00
5.281013e+00
5.285278e+00
5.289543e+00
5.293808e+00
5.298073e+00
5.302338e+00
5.306603e+00
5.310868e+00
5.315133e+00
5.319398e+00
5.323663e+00
5.327928e+00
5.332193e+00
5.336458e+00
5.340723e+00
5.344988e+00
5.349253e+00
5.353518e+00
5.357783e+00
5.362048e+00
5.366313e+00
5.370578e+00
5.374843e+00
5.379108e+00
5.383373e+00
5.387638e+00
5.391903e+00
5.396168e+00
5.400433e+00
5.404698e+00
5.408963e+00
5.413228e+00
5.417493e+00
5.421758e+00
5.426023e+00
5.430288e+00
5.434553e+00
5.438819e+00
5.443083e+00
5.447348e+00
5.451613e+00
5.455878e+00
5.460143e+00
5.464408e+00
5.468674e+00
5.472938e+00
5.477203e+00
5.481468e+00
5.485733e+00
5.489998e+00
5.494263e+00
5.498529e+00
5.502793e+00
5.507058e+00
5.511323e+00
5.515588e+00
5.519853e+00
5.524118e+00
5.528384e+00
5.532648e+00
5.536913e+00
5.541178e+00
5.545444e+00
5.549708e+00
5.553973e+00
5.558239e+00
5.562503e+00
5.566768e+00
5.571033e+00
5.575299e+00
5.579563e+00
5.583828e+00
5.588094e+00
5.592358e+00
5.596623e+00
5.600888e+00
5.605154e+00
5.609418e+00
5.613683e+00
5.617949e+00
5.622213e+00
5.626479e+00
5.630743e+00
5.635009e+00
5.639273e+00
5.643538e+00
5.647804e+00
5.652068e+00
5.656334e+00
5.660598e+00
5.664864e+00
5.669128e+00
5.673393e+00
5.677659e+00
5.681923e+00
5.686189e+00
5.690453e+00
5.694719e+00
5.698984e+00
5.703248e+00
5.707514e+00
5.711778e+00
5.716044e+00
5.720308e+00
5.724574e+00
5.728839e+00
5.733104e+00
5.737369e+00
5.741633e+00
5.745899e+00
5.750163e+00
5.754429e+00
5.758694e+00
5.762959e+00
5.767224e+00
5.771488e+00
5.775754e+00
5.780018e+00
5.784284e+00
5.788549e+00
5.792814e+00
5.797079e+00
5.801343e+00
5.805609e+00
5.809874e+00
5.814139e+00
5.818404e+00
5.822669e+00
5.826934e+00
5.831198e+00
5.835464e+00
5.839729e+00
5.843994e+00
5.848259e+00
5.852524e+00
5.856789e+00
5.861053e+00
5.865319e+00
5.869584e+00
5.873849e+00
5.878114e+00
5.882379e+00
5.886644e+00
5.890909e+00
5.895174e+00
5.899439e+00
5.903704e+00
5.907969e+00
5.912234e+00
5.916499e+00
5.920764e+00
5.925029e+00
5.929294e+00
5.933559e+00
5.937824e+00
5.942089e+00
5.946354e+00
5.950619e+00
5.954884e+00
5.959149e+00
5.963414e+00
5.967679e+00
5.971944e+00
5.976209e+00
5.980474e+00
5.984739e+00
5.989004e+00
5.993269e+00
5.997534e+00
6.001799e+00
6.006064e+00
6.010329e+00
6.014594e+00
6.018860e+00
6.023124e+00
6.027389e+00
6.031654e+00
6.035919e+00
6.040184e+00
6.044449e+00
6.048715e+00
6.052979e+00
6.057244e+00
6.061509e+00
6.065774e+00
6.070039e+00
6.074304e+00
6.078570e+00
6.082834e+00
6.087099e+00
6.091364e+00
6.095629e+00
6.099894e+00
6.104159e+00
6.108425e+00
6.112689e+00
6.116954e+00
6.121219e+00
6.125484e+00
6.129749e+00
6.134014e+00
6.138280e+00
6.142544e+00
6.146809e+00
6.151074e+00
6.155339e+00
6.159604e+00
6.163869e+00
6.168135e+00
6.172399e+00
6.176665e+00
6.180929e+00
6.185194e+00
6.189459e+00
6.193724e+00
6.197990e+00
6.202254e+00
6.206520e+00
6.210784e+00
6.215049e+00
6.219314e+00
6.223579e+00
6.227845e+00
6.232109e+00
6.236375e+00
6.240639e+00
6.244904e+00
6.249170e+00
6.253434e+00
6.257700e+00
6.261964e+00
6.266230e+00
6.270494e+00
6.274759e+00
6.279025e+00
6.283289e+00
6.287555e+00
6.291819e+00
6.296085e+00
6.300349e+00
6.304614e+00
6.308880e+00
6.313145e+00
6.317410e+00
6.321674e+00
6.325940e+00
6.330204e+00
6.334469e+00
6.338735e+00
6.343000e+00
6.347265e+00
6.351529e+00
6.355795e+00
6.360059e+00
6.364325e+00
6.368590e+00
6.372855e+00
6.377120e+00
6.381384e+00
6.385650e+00
6.389914e+00
6.394180e+00
6.398445e+00
6.402710e+00
6.406975e+00
6.411239e+00
6.415505e+00
6.419769e+00
6.424035e+00
6.428300e+00
6.432565e+00
6.436830e+00
6.441094e+00
6.445360e+00
6.449624e+00
6.453890e+00
6.458155e+00
6.462420e+00
6.466685e+00
6.470950e+00
6.475215e+00
6.479479e+00
6.483745e+00
6.488010e+00
6.492275e+00
6.496540e+00
6.500805e+00
6.505070e+00
6.509335e+00
6.513600e+00
6.517865e+00
6.522130e+00
6.526395e+00
6.530660e+00
6.534925e+00
6.539190e+00
6.543455e+00
6.547720e+00
6.551985e+00
6.556250e+00
6.560515e+00
6.564780e+00
6.569045e+00
6.573310e+00
6.577575e+00
6.581840e+00
6.586105e+00
6.590370e+00
6.594635e+00
6.598900e+00
6.603165e+00
6.607430e+00
6.611695e+00
6.615960e+00
6.620225e+00
6.624490e+00
6.625855e+00
6.627220e+00
6.628585e+00
6.629950e+00
6.631315e+00
6.632680e+00
6.634045e+00
6.635411e+00
6.636776e+00
6.638141e+00
6.639505e+00
6.640870e+00
6.642235e+00
6.643601e+00
6.644966e+00
6.646330e+00
6.647695e+00
6.649060e+00
6.650425e+00
6.651790e+00
6.653155e+00
6.654520e+00
6.655886e+00
6.657251e+00
6.658616e+00
6.659981e+00
6.661346e+00
6.662711e+00
6.664076e+00
6.665441e+00
6.666806e+00
6.668171e+00
6.669536e+00
6.670901e+00
6.672266e+00
6.673631e+00
6.674996e+00
6.676361e+00
6.677726e+00
6.679092e+00
6.680457e+00
6.681821e+00
6.683186e+00
6.684551e+00
6.685916e+00
6.687281e+00
6.688646e+00
6.690011e+00
6.691376e+00
6.692741e+00
6.694106e+00
6.695471e+00
6.696836e+00
6.698202e+00
6.699567e+00
6.700932e+00
6.702297e+00
6.703662e+00
6.705027e+00
6.706392e+00
6.707757e+00
6.709122e+00
6.710487e+00
6.711852e+00
6.713217e+00
6.714582e+00
6.715947e+00
6.717312e+00
6.718677e+00
6.720042e+00
6.721407e+00
6.722772e+00
6.724137e+00
6.725502e+00
6.726867e+00
6.728232e+00
6.729597e+00
6.730962e+00
6.732327e+00
6.733692e+00
6.735057e+00
6.736422e+00
6.737787e+00
6.739153e+00
6.740518e+00
6.741883e+00
6.743248e+00
6.744613e+00
6.745978e+00
6.747343e+00
6.748708e+00
6.750073e+00
6.751438e+00
6.752803e+00
6.754168e+00
6.755533e+00
6.756898e+00
6.758262e+00
6.759628e+00
6.760993e+00
6.762358e+00
6.763723e+00
6.765088e+00
6.766453e+00
6.767818e+00
6.769183e+00
6.770548e+00
6.771913e+00
6.773278e+00
6.774643e+00
6.776008e+00
6.777373e+00
6.778738e+00
6.780103e+00
6.781469e+00
6.782834e+00
6.784199e+00
6.785564e+00
6.786929e+00
6.788294e+00
6.789659e+00
6.791024e+00
6.792389e+00
6.793754e+00
6.795119e+00
6.796484e+00
6.797849e+00
6.799213e+00
6.800578e+00
6.801944e+00
6.803309e+00
6.804674e+00
6.806039e+00
6.807404e+00
6.808769e+00
6.810134e+00
6.811499e+00
6.812864e+00
6.814229e+00
6.815594e+00
6.816959e+00
6.818324e+00
6.819689e+00
6.821054e+00
6.822420e+00
6.823785e+00
6.825150e+00
6.826515e+00
6.827880e+00
6.829245e+00
6.830610e+00
6.831975e+00
6.833340e+00
6.834704e+00
6.836069e+00
6.837434e+00
6.838799e+00
6.840165e+00
6.841529e+00
6.842894e+00
6.844260e+00
6.845625e+00
6.846990e+00
6.848355e+00
6.849720e+00
6.851085e+00
6.852450e+00
6.853815e+00
6.855180e+00
6.856545e+00
6.857910e+00
6.859275e+00
6.860640e+00
6.862005e+00
6.863370e+00
6.864735e+00
6.866101e+00
6.867466e+00
6.868831e+00
6.870195e+00
6.871560e+00
6.872925e+00
6.874290e+00
6.875656e+00
6.877020e+00
6.878385e+00
6.879750e+00
6.881115e+00
6.882480e+00
6.883845e+00
6.885211e+00
6.886576e+00
6.887941e+00
6.889306e+00
6.890671e+00
6.892036e+00
6.893401e+00
6.894766e+00
6.896131e+00
6.897496e+00
6.898861e+00
6.900226e+00
6.901591e+00
6.902956e+00
6.904321e+00
6.905686e+00
6.907051e+00
6.908416e+00
6.909782e+00
6.911147e+00
6.912511e+00
6.913876e+00
6.915241e+00
6.916606e+00
6.917971e+00
6.919336e+00
6.920701e+00
6.922066e+00
6.923431e+00
6.924796e+00
6.926161e+00
6.927527e+00
6.928892e+00
6.930257e+00
6.931622e+00
6.932987e+00
6.934352e+00
6.935717e+00
6.937082e+00
6.938447e+00
6.939812e+00
6.941177e+00
6.942542e+00
6.943907e+00
6.945272e+00
6.946637e+00
6.948002e+00
6.949367e+00
6.950732e+00
6.952097e+00
6.953462e+00
6.954827e+00
6.956192e+00
6.957557e+00
6.958922e+00
6.960287e+00
6.961652e+00
6.963017e+00
6.964382e+00
6.965747e+00
6.967112e+00
6.968478e+00
6.969843e+00
6.971208e+00
6.972573e+00
6.973938e+00
6.975303e+00
6.976668e+00
6.978033e+00
6.979398e+00
6.980763e+00
6.982128e+00
6.983493e+00
6.984858e+00
6.986223e+00
6.987588e+00
6.988953e+00
6.990318e+00
6.991683e+00
6.993048e+00
6.994413e+00
6.995778e+00
6.997143e+00
6.998508e+00
6.999873e+00
7.001238e+00
7.002603e+00
7.003968e+00
7.005333e+00
7.006698e+00
7.008063e+00
7.009429e+00
7.010794e+00
7.012159e+00
7.013524e+00
7.014889e+00
7.016254e+00
7.017619e+00
7.018984e+00
7.020349e+00
7.021714e+00
7.023079e+00
7.024443e+00
7.025809e+00
7.027174e+00
7.028539e+00
7.029904e+00
7.031269e+00
7.032634e+00
7.033999e+00
7.035364e+00
7.036729e+00
7.038094e+00
7.039459e+00
7.040824e+00
7.042189e+00
7.043554e+00
7.044919e+00
7.046284e+00
7.047649e+00
7.049014e+00
7.050379e+00
7.051745e+00
7.053110e+00
7.054475e+00
7.055840e+00
7.057205e+00
7.058570e+00
7.059934e+00
7.061299e+00
7.062665e+00
7.064030e+00
7.065395e+00
7.066759e+00
7.068124e+00
7.069489e+00
7.070855e+00
7.072220e+00
7.073585e+00
7.074950e+00
7.076315e+00
7.077680e+00
7.079045e+00
7.080410e+00
7.081775e+00
7.083140e+00
7.084505e+00
7.085870e+00
7.087235e+00
7.088600e+00
7.089965e+00
7.091330e+00
7.092696e+00
7.094061e+00
7.095425e+00
7.096791e+00
7.098156e+00
7.099521e+00
7.100886e+00
7.102250e+00
7.103615e+00
7.104980e+00
7.106345e+00
7.107710e+00
7.109075e+00
7.110440e+00
7.111805e+00
7.113170e+00
7.114536e+00
7.115901e+00
7.117266e+00
7.118631e+00
7.119996e+00
7.121361e+00
7.122726e+00
7.124091e+00
7.125456e+00
7.126821e+00
7.128186e+00
7.129551e+00
7.130916e+00
7.132281e+00
7.133646e+00
7.135012e+00
7.136377e+00
7.137741e+00
7.139106e+00
7.140471e+00
7.141837e+00
7.143201e+00
7.144566e+00
7.145931e+00
7.147296e+00
7.148661e+00
7.150026e+00
7.151391e+00
7.152756e+00
7.154121e+00
7.155487e+00
7.156852e+00
7.158217e+00
7.159582e+00
7.160947e+00
7.162312e+00
7.163677e+00
7.165042e+00
7.166407e+00
7.167772e+00
7.169137e+00
7.170502e+00
7.171867e+00
7.173232e+00
7.174597e+00
7.175962e+00
7.177328e+00
7.178692e+00
7.180057e+00
7.181422e+00
7.182787e+00
7.184152e+00
7.185517e+00
7.186882e+00
7.188247e+00
7.189612e+00
7.190977e+00
7.192342e+00
7.193707e+00
7.195072e+00
7.196437e+00
7.197803e+00
7.199168e+00
7.200533e+00
7.201898e+00
7.203263e+00
7.204628e+00
7.205993e+00
7.207358e+00
7.208723e+00
7.210088e+00
7.211453e+00
7.212818e+00
7.214183e+00
7.215548e+00
7.216913e+00
7.218278e+00
7.219643e+00
7.221008e+00
7.222373e+00
7.223738e+00
7.225103e+00
7.226468e+00
7.227833e+00
7.229198e+00
7.230563e+00
7.231928e+00
7.233293e+00
7.234658e+00
7.236023e+00
7.237388e+00
7.238754e+00
7.240119e+00
7.241484e+00
7.242849e+00
7.244214e+00
7.245579e+00
7.246944e+00
7.248309e+00
7.249674e+00
7.251039e+00
7.252404e+00
7.253769e+00
7.255133e+00
7.256498e+00
7.257864e+00
7.259229e+00
7.260594e+00
7.261959e+00
7.263324e+00
7.264689e+00
7.266054e+00
7.267419e+00
7.268784e+00
7.270149e+00
7.271514e+00
7.272879e+00
7.274244e+00
7.275609e+00
7.276974e+00
7.278339e+00
7.279704e+00
7.281070e+00
7.282435e+00
7.283800e+00
7.285165e+00
7.286530e+00
7.287895e+00
7.289260e+00
7.290624e+00
7.291989e+00
7.293354e+00
7.294720e+00
7.296085e+00
7.297449e+00
7.298814e+00
7.300179e+00
7.301545e+00
7.302910e+00
7.304275e+00
7.305640e+00
7.307005e+00
7.308370e+00
7.309735e+00
7.311100e+00
7.312615e+00
7.314132e+00
7.315647e+00
7.317163e+00
7.318678e+00
7.320194e+00
7.321710e+00
7.323226e+00
7.324742e+00
7.326257e+00
7.327773e+00
7.329289e+00
7.330804e+00
7.332320e+00
7.333836e+00
7.335351e+00
7.336867e+00
7.338383e+00
7.339898e+00
7.341414e+00
7.342930e+00
7.344446e+00
7.345961e+00
7.347477e+00
7.348993e+00
7.350508e+00
7.352024e+00
7.353540e+00
7.355055e+00
7.356571e+00
7.358087e+00
7.359603e+00
7.361118e+00
7.362634e+00
7.364150e+00
7.365665e+00
7.367182e+00
7.368697e+00
7.370212e+00
7.371728e+00
7.373244e+00
7.374760e+00
7.376275e+00
7.377791e+00
7.379307e+00
7.380822e+00
7.382339e+00
7.383854e+00
7.385369e+00
7.386886e+00
7.388401e+00
7.389916e+00
7.391433e+00
7.392948e+00
7.394464e+00
7.395980e+00
7.397495e+00
7.399011e+00
7.400527e+00
7.402043e+00
7.403558e+00
7.405074e+00
7.406590e+00
7.408105e+00
7.409621e+00
7.411137e+00
7.412652e+00
7.414168e+00
7.415684e+00
7.417200e+00
7.418715e+00
7.420231e+00
7.421747e+00
7.423262e+00
7.424778e+00
7.426294e+00
7.427809e+00
7.429325e+00
7.430841e+00
7.432356e+00
7.433872e+00
7.435388e+00
7.436904e+00
7.438419e+00
7.439935e+00
7.441451e+00
7.442966e+00
7.444483e+00
7.445998e+00
7.447513e+00
7.449029e+00
7.450545e+00
7.452061e+00
7.453576e+00
7.455092e+00
7.456608e+00
7.458124e+00
7.459640e+00
7.461155e+00
7.462670e+00
7.464187e+00
7.465702e+00
7.467218e+00
7.468734e+00
7.470249e+00
7.471765e+00
7.473281e+00
7.474797e+00
7.476312e+00
7.477828e+00
7.479344e+00
7.480859e+00
7.482375e+00
7.483891e+00
7.485406e+00
7.486922e+00
7.488438e+00
7.489953e+00
7.491469e+00
7.492985e+00
7.494501e+00
7.496016e+00
7.497532e+00
7.499048e+00
7.500563e+00
7.502079e+00
7.503595e+00
7.505110e+00
7.506626e+00
7.508142e+00
7.509658e+00
7.511173e+00
7.512689e+00
7.514205e+00
7.515720e+00
7.517236e+00
7.518752e+00
7.520267e+00
7.521784e+00
7.523299e+00
7.524815e+00
7.526330e+00
7.527846e+00
7.529362e+00
7.530877e+00
7.532393e+00
7.533909e+00
7.535425e+00
7.536941e+00
7.538456e+00
7.539971e+00
7.541488e+00
7.543003e+00
7.544519e+00
7.546035e+00
7.547550e+00
7.549066e+00
7.550581e+00
7.552098e+00
7.553613e+00
7.555129e+00
7.556645e+00
7.558160e+00
7.559676e+00
7.561192e+00
7.562707e+00
7.564223e+00
7.565739e+00
7.567255e+00
7.568770e+00
7.570286e+00
7.571802e+00
7.573317e+00
7.574833e+00
7.576349e+00
7.577864e+00
7.579380e+00
7.580896e+00
7.582411e+00
7.583927e+00
7.585443e+00
7.586959e+00
7.588474e+00
7.589990e+00
7.591506e+00
7.593021e+00
7.594537e+00
7.596053e+00
7.597568e+00
7.599085e+00
7.600600e+00
7.602116e+00
7.603631e+00
7.605147e+00
7.606663e+00
7.608178e+00
7.609695e+00
7.611210e+00
7.612725e+00
7.614242e+00
7.615757e+00
7.617273e+00
7.618789e+00
7.620304e+00
7.621820e+00
7.623336e+00
7.624851e+00
7.626367e+00
7.627883e+00
7.629399e+00
7.630914e+00
7.632430e+00
7.633946e+00
7.635461e+00
7.636977e+00
7.638493e+00
7.640008e+00
7.641524e+00
7.643040e+00
7.644556e+00
7.646071e+00
7.647587e+00
7.649103e+00
7.650618e+00
7.652135e+00
7.653650e+00
7.655165e+00
7.656681e+00
7.658197e+00
7.659713e+00
7.661228e+00
7.662744e+00
7.664260e+00
7.665775e+00
7.667292e+00
7.668807e+00
7.670322e+00
7.671838e+00
7.673354e+00
7.674869e+00
7.676386e+00
7.677901e+00
7.679417e+00
7.680932e+00
7.682448e+00
7.683964e+00
7.685479e+00
7.686996e+00
7.688511e+00
7.690027e+00
7.691543e+00
7.693058e+00
7.694574e+00
7.696090e+00
7.697605e+00
7.699121e+00
7.700637e+00
7.702153e+00
7.703668e+00
7.705184e+00
7.706700e+00
7.708215e+00
7.709731e+00
7.711247e+00
7.712762e+00
7.714278e+00
7.715794e+00
7.717309e+00
7.718825e+00
7.720341e+00
7.721857e+00
7.723372e+00
7.724888e+00
7.726404e+00
7.727919e+00
7.729436e+00
7.730951e+00
7.732466e+00
7.733982e+00
7.735498e+00
7.737014e+00
7.738529e+00
7.740045e+00
7.741561e+00
7.743076e+00
7.744593e+00
7.746108e+00
7.747623e+00
7.749139e+00
7.750655e+00
7.752171e+00
7.753687e+00
7.755202e+00
7.756718e+00
7.758233e+00
7.759750e+00
7.761265e+00
7.762780e+00
7.764297e+00
7.765812e+00
7.767328e+00
7.768844e+00
7.770359e+00
7.771875e+00
7.773391e+00
7.774906e+00
7.776422e+00
7.777938e+00
7.779454e+00
7.780969e+00
7.782484e+00
7.784001e+00
7.785516e+00
7.787032e+00
7.788548e+00
7.790063e+00
7.791579e+00
7.793095e+00
7.794611e+00
7.796126e+00
7.797642e+00
7.799158e+00
7.800673e+00
7.802189e+00
7.803705e+00
7.805220e+00
7.806737e+00
7.808252e+00
7.809768e+00
7.811283e+00
7.812799e+00
7.814315e+00
7.815830e+00
7.817346e+00
7.818862e+00
7.820377e+00
7.821894e+00
7.823409e+00
7.824924e+00
7.826440e+00
7.827956e+00
7.829472e+00
7.830988e+00
7.832503e+00
7.834019e+00
7.835534e+00
7.837051e+00
7.838566e+00
7.840082e+00
7.841598e+00
7.843113e+00
7.844629e+00
7.846145e+00
7.847660e+00
7.849176e+00
7.850692e+00
7.852208e+00
7.853723e+00
7.855239e+00
7.856755e+00
7.858270e+00
7.859786e+00
7.861302e+00
7.862817e+00
7.864333e+00
7.865849e+00
7.867364e+00
7.868880e+00
7.870396e+00
7.871912e+00
7.873427e+00
7.874943e+00
7.876459e+00
7.877974e+00
7.879490e+00
7.881006e+00
7.882521e+00
7.884038e+00
7.885553e+00
7.887069e+00
7.888584e+00
7.890100e+00
7.891616e+00
7.893131e+00
7.894648e+00
7.896163e+00
7.897678e+00
7.899195e+00
7.900710e+00
7.902226e+00
7.903741e+00
7.905257e+00
7.906773e+00
7.908289e+00
7.909804e+00
7.911320e+00
7.912835e+00
7.914352e+00
7.915867e+00
7.917383e+00
7.918899e+00
7.920414e+00
7.921930e+00
7.923446e+00
7.924961e+00
7.926477e+00
7.927993e+00
7.929509e+00
7.931024e+00
7.932540e+00
7.934056e+00
7.935571e+00
7.937087e+00
7.938603e+00
7.940118e+00
7.941634e+00
7.943150e+00
7.944666e+00
7.946181e+00
7.947697e+00
7.949213e+00
7.950728e+00
7.952244e+00
7.953760e+00
7.955275e+00
7.956791e+00
7.958307e+00
7.959822e+00
7.961339e+00
7.962854e+00
7.964370e+00
7.965885e+00
7.967401e+00
7.968917e+00
7.970432e+00
7.971949e+00
7.973464e+00
7.974979e+00
7.976496e+00
7.978011e+00
7.979527e+00
7.981042e+00
7.982558e+00
7.984074e+00
7.985590e+00
7.987106e+00
7.988621e+00
7.990136e+00
7.991653e+00
7.993168e+00
7.994684e+00
7.996200e+00
7.997715e+00
7.999231e+00
8.000747e+00
8.002262e+00
8.003778e+00
8.005294e+00
8.006810e+00
8.008325e+00
8.009841e+00
8.011357e+00
8.012872e+00
8.014388e+00
8.015904e+00
8.017419e+00
8.018935e+00
8.020451e+00
8.021967e+00
8.023482e+00
8.024998e+00
8.026514e+00
8.028029e+00
8.029545e+00
8.031061e+00
8.032576e+00
8.034092e+00
8.035608e+00
8.037124e+00
8.038640e+00
8.040155e+00
