5.614280e-05
1.849936e-04
3.138444e-04
4.426952e-04
5.715460e-04
7.003968e-04
8.292476e-04
9.580984e-04
1.086949e-03
1.215800e-03
1.344650e-03
1.473502e-03
1.602353e-03
1.731203e-03
1.860054e-03
1.988904e-03
2.117756e-03
2.246606e-03
2.375457e-03
2.504308e-03
2.633159e-03
2.762010e-03
2.890860e-03
3.019711e-03
3.148562e-03
3.277413e-03
3.406263e-03
3.535114e-03
3.663966e-03
3.792816e-03
3.921667e-03
3.985533e-03
4.049400e-03
4.113267e-03
4.177133e-03
4.241000e-03
4.304867e-03
4.368733e-03
4.432600e-03
4.496467e-03
4.560333e-03
4.624200e-03
4.688067e-03
4.751933e-03
4.815800e-03
4.879667e-03
4.943533e-03
5.007400e-03
5.071267e-03
5.135133e-03
5.199000e-03
5.260747e-03
5.322493e-03
5.384240e-03
5.445987e-03
5.507733e-03
5.569480e-03
5.631227e-03
5.692973e-03
5.754720e-03
5.816467e-03
5.878213e-03
5.939960e-03
6.001707e-03
6.063453e-03
6.125200e-03
6.186947e-03
6.248693e-03
6.310440e-03
6.293198e-03
6.433933e-03
6.574669e-03
6.715405e-03
6.856140e-03
6.996875e-03
7.137611e-03
7.278347e-03
7.419082e-03
7.559818e-03
7.700553e-03
7.841289e-03
7.982025e-03
8.122760e-03
8.263495e-03
8.404231e-03
8.544967e-03
8.685702e-03
8.826438e-03
8.967173e-03
9.107909e-03
9.248645e-03
9.389380e-03
9.530115e-03
9.670851e-03
9.811587e-03
9.952322e-03
1.009306e-02
1.023379e-02
1.037453e-02
1.051527e-02
1.065600e-02
1.072648e-02
1.079696e-02
1.086744e-02
1.093792e-02
1.100840e-02
1.107888e-02
1.114936e-02
1.121984e-02
1.129032e-02
1.136080e-02
1.143128e-02
1.150176e-02
1.157224e-02
1.164272e-02
1.171320e-02
1.178368e-02
1.185416e-02
1.192464e-02
1.199512e-02
1.206560e-02
1.213608e-02
1.220656e-02
1.227704e-02
1.234752e-02
1.241800e-02
1.248848e-02
1.255896e-02
1.262944e-02
1.269992e-02
1.277040e-02
1.284088e-02
1.291136e-02
1.298184e-02
1.305232e-02
1.312280e-02
1.319328e-02
1.326376e-02
1.333424e-02
1.340472e-02
1.347520e-02
1.354568e-02
1.361616e-02
1.368664e-02
1.375712e-02
1.382760e-02
1.389808e-02
1.396856e-02
1.403904e-02
1.410952e-02
1.418000e-02
1.422972e-02
1.427944e-02
1.432916e-02
1.437888e-02
1.442860e-02
1.447832e-02
1.452804e-02
1.457776e-02
1.462748e-02
1.467720e-02
1.472692e-02
1.477664e-02
1.482636e-02
1.487608e-02
1.492580e-02
1.497552e-02
1.502524e-02
1.507496e-02
1.512468e-02
1.517440e-02
1.522412e-02
1.527384e-02
1.532356e-02
1.537328e-02
1.542300e-02
1.547272e-02
1.552244e-02
1.557216e-02
1.562188e-02
1.567160e-02
1.572132e-02
1.577104e-02
1.582076e-02
1.587048e-02
1.592020e-02
1.596992e-02
1.601964e-02
1.606936e-02
1.611908e-02
1.616880e-02
1.621852e-02
1.626824e-02
1.631796e-02
1.636768e-02
1.641740e-02
1.646712e-02
1.651684e-02
1.656656e-02
1.661628e-02
1.666600e-02
1.675990e-02
1.685380e-02
1.694770e-02
1.704160e-02
1.713550e-02
1.722940e-02
1.732330e-02
1.741720e-02
1.751110e-02
1.760500e-02
1.769890e-02
1.779280e-02
1.788670e-02
1.798060e-02
1.807450e-02
1.816840e-02
1.826230e-02
1.835620e-02
1.845010e-02
1.854400e-02
1.863790e-02
1.873180e-02
1.882570e-02
1.891960e-02
1.901350e-02
1.910740e-02
1.920130e-02
1.929520e-02
1.938910e-02
1.948300e-02
1.957690e-02
1.967080e-02
1.976470e-02
1.985860e-02
1.995250e-02
2.004640e-02
2.014030e-02
2.023420e-02
2.032810e-02
2.042200e-02
2.051590e-02
2.060980e-02
2.070370e-02
2.079760e-02
2.089150e-02
2.098540e-02
2.107930e-02
2.117320e-02
2.126710e-02
2.136100e-02
2.145490e-02
2.154880e-02
2.164270e-02
2.173660e-02
2.183050e-02
2.192440e-02
2.201830e-02
2.211220e-02
2.220610e-02
2.230000e-02
2.239390e-02
2.248780e-02
2.258170e-02
2.267560e-02
2.276950e-02
2.286340e-02
2.295730e-02
2.305120e-02
2.314510e-02
2.323900e-02
2.333290e-02
2.342680e-02
2.352070e-02
2.361460e-02
2.370850e-02
2.380240e-02
2.389630e-02
2.399020e-02
2.408410e-02
2.417800e-02
2.427190e-02
2.436580e-02
2.445970e-02
2.455360e-02
2.464750e-02
2.474140e-02
2.483530e-02
2.492920e-02
2.502310e-02
2.511700e-02
2.521090e-02
2.530480e-02
2.539870e-02
2.549260e-02
2.558650e-02
2.568040e-02
2.577430e-02
2.586820e-02
2.596210e-02
2.605600e-02
2.617927e-02
2.630255e-02
2.642582e-02
2.654909e-02
2.667237e-02
2.679564e-02
2.691891e-02
2.704219e-02
2.716546e-02
2.728873e-02
2.741201e-02
2.753528e-02
2.765855e-02
2.778183e-02
2.790510e-02
2.802837e-02
2.815165e-02
2.827492e-02
2.839819e-02
2.852147e-02
2.864474e-02
2.876801e-02
2.889129e-02
2.901456e-02
2.913783e-02
2.926111e-02
2.938438e-02
2.950765e-02
2.963093e-02
2.975420e-02
2.987747e-02
3.000075e-02
3.012402e-02
3.024729e-02
3.037057e-02
3.049384e-02
3.061711e-02
3.074039e-02
3.086366e-02
3.098693e-02
3.111021e-02
3.123348e-02
3.135675e-02
3.148003e-02
3.160330e-02
3.172657e-02
3.184985e-02
3.197312e-02
3.209639e-02
3.221967e-02
3.234294e-02
3.246621e-02
3.258949e-02
3.271276e-02
3.283603e-02
3.295931e-02
3.308258e-02
3.320585e-02
3.332913e-02
3.345240e-02
3.357567e-02
3.369895e-02
3.382222e-02
3.394549e-02
3.406877e-02
3.419204e-02
3.431531e-02
3.443859e-02
3.456186e-02
3.468513e-02
3.480841e-02
3.493168e-02
3.505495e-02
3.517823e-02
3.530150e-02
3.542477e-02
3.554805e-02
3.567132e-02
3.579459e-02
3.591787e-02
3.604114e-02
3.616441e-02
3.628769e-02
3.641096e-02
3.653423e-02
3.665751e-02
3.678078e-02
3.690405e-02
3.702733e-02
3.715060e-02
3.727387e-02
3.739715e-02
3.752042e-02
3.764369e-02
3.776697e-02
3.789024e-02
3.801351e-02
3.813679e-02
3.826006e-02
3.838333e-02
3.852576e-02
3.866819e-02
3.881062e-02
3.895305e-02
3.909548e-02
3.923791e-02
3.938034e-02
3.952277e-02
3.966520e-02
3.980763e-02
3.995006e-02
4.009249e-02
4.023492e-02
4.037735e-02
4.051978e-02
4.066221e-02
4.080464e-02
4.094707e-02
4.108950e-02
4.123193e-02
4.137436e-02
4.151679e-02
4.165922e-02
4.180165e-02
4.194408e-02
4.208651e-02
4.222894e-02
4.237137e-02
4.251380e-02
4.265623e-02
4.279866e-02
4.294109e-02
4.308352e-02
4.322595e-02
4.336838e-02
4.351081e-02
4.365324e-02
4.379567e-02
4.393810e-02
4.408053e-02
4.422296e-02
4.436539e-02
4.450782e-02
4.465025e-02
4.479268e-02
4.493511e-02
4.507754e-02
4.521997e-02
4.536240e-02
4.550483e-02
4.564726e-02
4.578969e-02
4.593212e-02
4.607455e-02
4.621698e-02
4.635941e-02
4.650184e-02
4.664427e-02
4.678670e-02
4.692913e-02
4.707156e-02
4.721399e-02
4.735642e-02
4.749885e-02
4.764128e-02
4.778371e-02
4.792614e-02
4.806857e-02
4.821100e-02
4.835343e-02
4.849586e-02
4.863829e-02
4.878072e-02
4.892315e-02
4.906558e-02
4.920801e-02
4.935044e-02
4.949287e-02
4.963530e-02
4.977773e-02
4.992016e-02
5.006259e-02
5.020502e-02
5.034745e-02
5.048988e-02
5.063231e-02
5.077474e-02
5.091717e-02
5.105960e-02
5.120203e-02
5.134446e-02
5.148689e-02
5.162932e-02
5.177175e-02
5.191418e-02
5.205661e-02
5.219904e-02
5.234147e-02
5.248390e-02
5.262633e-02
5.276876e-02
5.291119e-02
5.305362e-02
5.319605e-02
5.333848e-02
5.348091e-02
5.362334e-02
5.376577e-02
5.390820e-02
5.405063e-02
5.419306e-02
5.433549e-02
5.447792e-02
5.462035e-02
5.476278e-02
5.490521e-02
5.504764e-02
5.519007e-02
5.533250e-02
5.547493e-02
5.561736e-02
5.575979e-02
5.590222e-02
5.604465e-02
5.618708e-02
5.632951e-02
5.647194e-02
5.661437e-02
5.675680e-02
5.689923e-02
5.704166e-02
5.718409e-02
5.732652e-02
5.746895e-02
5.761138e-02
5.775381e-02
5.789624e-02
5.803867e-02
5.818110e-02
5.832353e-02
5.846596e-02
5.860839e-02
5.875082e-02
5.889325e-02
5.903568e-02
5.917811e-02
5.932054e-02
5.946297e-02
5.960540e-02
5.974783e-02
5.989026e-02
6.003269e-02
6.017512e-02
6.031755e-02
6.045998e-02
6.060241e-02
6.074484e-02
6.088727e-02
6.102970e-02
6.117213e-02
6.131456e-02
6.145699e-02
6.159942e-02
6.174185e-02
6.188428e-02
6.202671e-02
6.216914e-02
6.231157e-02
6.245400e-02
6.259643e-02
6.273886e-02
6.288129e-02
6.302372e-02
6.316615e-02
6.330858e-02
6.345101e-02
6.359344e-02
6.373587e-02
6.387830e-02
6.402073e-02
6.416316e-02
6.430559e-02
6.444802e-02
6.459045e-02
6.473288e-02
6.487531e-02
6.501774e-02
6.516017e-02
6.530260e-02
6.544503e-02
6.558746e-02
6.572989e-02
6.587232e-02
6.601475e-02
6.615718e-02
6.629961e-02
6.644204e-02
6.658447e-02
6.672690e-02
6.686933e-02
6.690725e-02
6.694517e-02
6.698309e-02
6.702101e-02
6.705893e-02
6.709685e-02
6.713477e-02
6.717269e-02
6.721061e-02
6.724853e-02
6.728645e-02
6.732437e-02
6.736229e-02
6.740021e-02
6.743813e-02
6.747605e-02
6.751397e-02
6.755189e-02
6.758981e-02
6.762773e-02
6.766565e-02
6.770357e-02
6.774149e-02
6.777941e-02
6.781733e-02
6.785525e-02
6.789317e-02
6.793109e-02
6.796901e-02
6.800693e-02
6.804485e-02
6.808277e-02
6.812069e-02
6.815861e-02
6.819653e-02
6.823445e-02
6.827237e-02
6.831029e-02
6.834821e-02
6.838613e-02
6.842405e-02
6.846197e-02
6.849989e-02
6.853781e-02
6.857573e-02
6.861365e-02
6.865157e-02
6.868949e-02
6.872741e-02
6.876533e-02
6.880325e-02
6.884117e-02
6.887909e-02
6.891701e-02
6.895493e-02
6.899285e-02
6.903077e-02
6.906869e-02
6.910661e-02
6.914453e-02
6.918245e-02
6.922037e-02
6.925829e-02
6.929621e-02
6.933413e-02
6.937205e-02
6.940997e-02
6.944789e-02
6.948581e-02
6.952373e-02
6.956165e-02
6.959957e-02
6.963749e-02
6.967541e-02
6.971333e-02
6.975125e-02
6.978917e-02
6.982709e-02
6.986501e-02
6.990293e-02
6.994085e-02
6.997877e-02
7.001669e-02
7.005461e-02
7.009253e-02
7.013045e-02
7.016837e-02
7.020629e-02
7.024421e-02
7.028213e-02
7.032005e-02
7.035797e-02
7.039589e-02
7.043381e-02
7.047173e-02
7.050965e-02
7.054757e-02
7.058549e-02
7.062341e-02
7.066133e-02
7.167924e-02
7.269715e-02
7.371507e-02
7.473298e-02
7.575089e-02
7.676880e-02
7.778672e-02
7.880463e-02
7.982254e-02
8.084045e-02
8.185836e-02
8.287628e-02
8.389419e-02
8.491210e-02
8.593001e-02
8.694793e-02
8.796584e-02
8.898375e-02
9.000166e-02
9.101957e-02
9.203749e-02
9.305540e-02
9.407331e-02
9.509122e-02
9.610914e-02
9.712705e-02
9.814496e-02
9.916287e-02
1.001808e-01
1.011987e-01
1.022166e-01
1.032345e-01
1.042524e-01
1.052703e-01
1.062883e-01
1.073062e-01
1.083241e-01
1.093420e-01
1.103599e-01
1.113778e-01
1.123957e-01
1.134136e-01
1.144316e-01
1.154495e-01
1.164674e-01
1.174853e-01
1.185032e-01
1.195211e-01
1.205390e-01
1.215569e-01
1.225749e-01
1.235928e-01
1.246107e-01
1.256286e-01
1.266465e-01
1.276644e-01
1.286823e-01
1.297002e-01
1.307182e-01
1.317361e-01
1.327540e-01
1.337719e-01
1.347898e-01
1.358077e-01
1.368256e-01
1.378435e-01
1.388614e-01
1.398794e-01
1.408973e-01
1.419152e-01
1.429331e-01
1.439510e-01
1.449689e-01
1.459868e-01
1.470047e-01
1.480227e-01
1.490406e-01
1.500585e-01
1.510764e-01
1.520943e-01
1.531122e-01
1.541301e-01
1.551480e-01
1.561660e-01
1.571839e-01
1.582018e-01
1.592197e-01
1.602376e-01
1.612555e-01
1.622734e-01
1.632913e-01
1.643093e-01
1.653272e-01
1.663451e-01
1.673630e-01
1.683809e-01
1.693988e-01
1.704167e-01
1.714346e-01
1.724526e-01
1.734705e-01
1.744884e-01
1.755063e-01
1.765242e-01
1.775421e-01
1.785600e-01
1.795779e-01
1.805958e-01
1.816138e-01
1.826317e-01
1.836496e-01
1.846675e-01
1.856854e-01
1.867033e-01
1.877212e-01
1.887391e-01
1.897571e-01
1.907750e-01
1.917929e-01
1.928108e-01
1.938287e-01
1.948466e-01
1.958645e-01
1.968824e-01
1.979004e-01
1.989183e-01
1.999362e-01
2.009541e-01
2.019720e-01
2.029899e-01
2.040078e-01
2.050257e-01
2.060437e-01
2.070616e-01
2.080795e-01
2.090974e-01
2.101153e-01
2.111332e-01
2.121511e-01
2.131690e-01
2.141870e-01
2.152049e-01
2.162228e-01
2.172407e-01
2.182586e-01
2.192765e-01
2.202944e-01
2.213123e-01
2.223302e-01
2.233482e-01
2.243661e-01
2.253840e-01
2.264019e-01
2.274198e-01
2.284377e-01
2.294556e-01
2.304735e-01
2.314915e-01
2.325094e-01
2.335273e-01
2.345452e-01
2.355631e-01
2.365810e-01
2.375989e-01
2.386168e-01
2.396348e-01
2.406527e-01
2.416706e-01
2.426885e-01
2.437064e-01
2.447243e-01
2.457422e-01
2.467601e-01
2.477781e-01
2.487960e-01
2.498139e-01
2.508318e-01
2.518497e-01
2.528676e-01
2.538855e-01
2.549034e-01
2.559214e-01
2.569393e-01
2.579572e-01
2.589751e-01
2.599930e-01
2.610109e-01
2.620288e-01
2.630467e-01
2.640647e-01
2.650826e-01
2.661005e-01
2.671184e-01
2.681363e-01
2.691542e-01
2.701721e-01
2.711900e-01
2.722079e-01
2.732259e-01
2.742438e-01
2.752617e-01
2.762796e-01
2.772975e-01
2.783154e-01
2.793333e-01
2.803512e-01
2.813692e-01
2.823871e-01
2.834050e-01
2.844229e-01
2.854408e-01
2.864587e-01
2.874766e-01
2.884945e-01
2.895125e-01
2.905304e-01
2.915483e-01
2.925662e-01
2.935841e-01
2.946020e-01
2.956199e-01
2.966378e-01
2.976558e-01
2.986737e-01
2.996916e-01
3.007095e-01
3.017274e-01
3.027453e-01
3.037632e-01
3.047811e-01
3.057991e-01
3.068170e-01
3.078349e-01
3.088528e-01
3.098707e-01
3.108886e-01
3.119065e-01
3.129244e-01
3.139423e-01
3.149603e-01
3.159782e-01
3.169961e-01
3.180140e-01
3.190319e-01
3.200498e-01
3.210677e-01
3.220856e-01
3.231036e-01
3.241215e-01
3.251394e-01
3.261573e-01
3.271752e-01
3.281931e-01
3.292110e-01
3.302289e-01
3.312469e-01
3.322648e-01
3.332827e-01
3.343006e-01
3.353185e-01
3.363364e-01
3.373543e-01
3.383722e-01
3.393902e-01
3.404081e-01
3.414260e-01
3.424439e-01
3.434618e-01
3.444797e-01
3.454976e-01
3.465155e-01
3.475335e-01
3.485514e-01
3.495693e-01
3.505872e-01
3.516051e-01
3.526230e-01
3.536409e-01
3.546588e-01
3.556767e-01
3.566947e-01
3.577126e-01
3.587305e-01
3.597484e-01
3.607663e-01
3.617842e-01
3.628021e-01
3.638200e-01
3.648380e-01
3.658559e-01
3.668738e-01
3.678917e-01
3.689096e-01
3.699275e-01
3.709454e-01
3.719633e-01
3.729813e-01
3.739992e-01
3.750171e-01
3.760350e-01
3.770529e-01
3.780708e-01
3.790887e-01
3.801066e-01
3.811246e-01
3.821425e-01
3.831604e-01
3.841783e-01
3.851962e-01
3.862141e-01
3.872320e-01
3.882499e-01
3.892679e-01
3.902858e-01
3.913037e-01
3.923216e-01
3.933395e-01
3.943574e-01
3.953753e-01
3.963932e-01
3.974111e-01
3.984291e-01
3.994470e-01
4.004649e-01
4.014828e-01
4.025007e-01
4.035186e-01
4.045365e-01
4.055544e-01
4.065724e-01
4.075903e-01
4.086082e-01
4.096261e-01
4.106440e-01
4.116619e-01
4.126798e-01
4.136977e-01
4.147157e-01
4.157336e-01
4.167515e-01
4.177694e-01
4.187873e-01
4.198052e-01
4.208231e-01
4.218410e-01
4.228590e-01
4.238769e-01
4.248948e-01
4.259127e-01
4.269306e-01
4.279485e-01
4.289664e-01
4.299843e-01
4.310023e-01
4.320202e-01
4.330381e-01
4.340560e-01
4.350739e-01
4.360918e-01
4.371097e-01
4.381276e-01
4.391456e-01
4.401635e-01
4.411814e-01
4.421993e-01
4.432172e-01
4.442351e-01
4.452530e-01
4.462709e-01
4.472888e-01
4.483068e-01
4.493247e-01
4.503426e-01
4.513605e-01
4.523784e-01
4.533963e-01
4.544142e-01
4.554321e-01
4.564501e-01
4.574680e-01
4.584859e-01
4.595038e-01
4.605217e-01
4.615396e-01
4.625575e-01
4.635754e-01
4.645934e-01
4.656113e-01
4.666292e-01
4.676471e-01
4.686650e-01
4.696829e-01
4.707008e-01
4.717187e-01
4.727367e-01
4.737546e-01
4.747725e-01
4.757904e-01
4.768083e-01
4.778262e-01
4.788441e-01
4.798620e-01
4.808800e-01
4.818979e-01
4.829158e-01
4.839337e-01
4.849516e-01
4.871944e-01
4.894372e-01
4.916800e-01
4.939228e-01
4.961656e-01
4.984084e-01
5.006513e-01
5.028940e-01
5.051369e-01
5.073797e-01
5.096225e-01
5.118653e-01
5.141081e-01
5.163509e-01
5.185938e-01
5.208366e-01
5.230794e-01
5.253222e-01
5.275650e-01
5.298078e-01
5.320506e-01
5.342935e-01
5.365362e-01
5.387791e-01
5.410219e-01
5.432647e-01
5.455075e-01
5.477503e-01
5.499931e-01
5.522360e-01
5.544788e-01
5.567216e-01
5.589644e-01
5.612072e-01
5.634500e-01
5.656928e-01
5.679357e-01
5.701784e-01
5.724213e-01
5.746641e-01
5.769069e-01
5.791497e-01
5.813925e-01
5.836353e-01
5.858782e-01
5.881210e-01
5.903638e-01
5.926066e-01
5.948494e-01
5.970922e-01
5.993350e-01
6.015779e-01
6.038206e-01
6.060635e-01
6.083063e-01
6.105491e-01
6.127919e-01
6.150347e-01
6.172775e-01
6.195204e-01
6.217632e-01
6.240060e-01
6.262488e-01
6.284916e-01
6.307344e-01
6.329772e-01
6.352201e-01
6.374628e-01
6.397057e-01
6.419485e-01
6.441913e-01
6.464341e-01
6.486769e-01
6.509197e-01
6.531626e-01
6.554054e-01
6.576482e-01
6.598910e-01
6.621338e-01
6.643766e-01
6.666194e-01
6.688623e-01
6.711050e-01
6.733479e-01
6.755907e-01
6.778335e-01
6.800763e-01
6.823191e-01
6.845619e-01
6.868048e-01
6.890476e-01
6.912904e-01
6.935332e-01
6.957760e-01
6.980188e-01
7.002616e-01
7.025045e-01
7.047472e-01
7.069901e-01
7.092329e-01
7.108250e-01
7.124172e-01
7.140093e-01
7.156014e-01
7.171936e-01
7.187857e-01
7.203779e-01
7.219701e-01
7.235622e-01
7.251543e-01
7.267465e-01
7.283386e-01
7.299307e-01
7.315229e-01
7.331151e-01
7.347072e-01
7.362994e-01
7.378915e-01
7.394836e-01
7.410758e-01
7.426679e-01
7.442600e-01
7.458522e-01
7.474444e-01
7.490365e-01
7.506287e-01
7.522208e-01
7.538129e-01
7.554051e-01
7.569972e-01
7.585893e-01
7.601815e-01
7.617736e-01
7.633657e-01
7.649579e-01
7.665500e-01
7.681422e-01
7.697344e-01
7.713265e-01
7.729186e-01
7.745108e-01
7.761029e-01
7.776950e-01
7.792872e-01
7.808794e-01
7.824715e-01
7.840637e-01
7.856558e-01
7.872479e-01
7.888401e-01
7.904322e-01
7.920243e-01
7.936165e-01
7.952087e-01
7.968008e-01
7.983930e-01
7.999851e-01
8.015772e-01
8.031694e-01
8.047615e-01
8.063537e-01
8.079458e-01
8.095380e-01
8.111301e-01
8.127223e-01
8.143144e-01
8.159065e-01
8.174987e-01
8.190908e-01
8.206829e-01
8.222751e-01
8.238672e-01
8.254593e-01
8.270515e-01
8.286437e-01
8.302358e-01
8.318280e-01
8.334201e-01
8.350122e-01
8.366044e-01
8.381965e-01
8.397887e-01
8.413808e-01
8.429730e-01
8.445651e-01
8.461573e-01
8.477494e-01
8.493415e-01
8.509337e-01
8.525258e-01
8.541180e-01
8.557101e-01
8.573023e-01
8.588944e-01
8.604866e-01
8.620787e-01
8.636708e-01
8.652630e-01
8.668551e-01
8.684473e-01
8.700394e-01
8.716316e-01
8.732237e-01
8.748159e-01
8.764080e-01
8.780001e-01
8.795923e-01
8.811844e-01
8.827765e-01
8.843687e-01
8.859608e-01
8.875530e-01
8.891451e-01
8.907373e-01
8.923294e-01
8.939216e-01
8.955137e-01
8.971058e-01
8.986980e-01
9.002901e-01
9.018823e-01
9.034744e-01
9.050666e-01
9.066587e-01
9.082509e-01
9.098430e-01
9.114351e-01
9.130273e-01
9.146194e-01
9.162116e-01
9.178037e-01
9.193959e-01
9.209880e-01
9.225802e-01
9.241723e-01
9.257644e-01
9.273566e-01
9.289487e-01
9.305409e-01
9.321332e-01
9.337252e-01
9.353171e-01
9.369096e-01
9.385016e-01
9.400935e-01
9.416861e-01
9.432780e-01
9.448700e-01
9.464625e-01
9.480544e-01
9.496464e-01
9.512389e-01
9.528309e-01
9.544228e-01
9.560154e-01
9.576073e-01
9.591993e-01
9.607918e-01
9.623837e-01
9.639757e-01
9.655682e-01
9.671602e-01
9.687521e-01
9.703446e-01
9.719366e-01
9.735286e-01
9.751211e-01
9.767130e-01
9.783050e-01
9.798975e-01
9.814895e-01
9.830814e-01
9.846739e-01
9.862659e-01
9.878578e-01
9.894504e-01
9.910423e-01
9.926343e-01
9.942268e-01
9.958188e-01
9.974107e-01
9.990032e-01
1.000595e+00
1.002187e+00
1.003780e+00
1.005372e+00
1.006964e+00
1.008556e+00
1.010148e+00
1.011740e+00
1.013333e+00
1.014924e+00
1.016516e+00
1.018109e+00
1.019701e+00
1.021293e+00
1.022885e+00
1.024477e+00
1.026069e+00
1.027662e+00
1.029254e+00
1.031722e+00
1.034191e+00
1.036659e+00
1.039128e+00
1.041596e+00
1.044065e+00
1.046534e+00
1.049002e+00
1.051470e+00
1.053939e+00
1.056407e+00
1.058876e+00
1.061345e+00
1.063813e+00
1.066281e+00
1.068750e+00
1.071218e+00
1.073687e+00
1.076155e+00
1.078624e+00
1.081093e+00
1.083561e+00
1.086029e+00
1.088498e+00
1.090966e+00
1.093435e+00
1.095903e+00
1.098372e+00
1.100841e+00
1.103309e+00
1.105777e+00
1.108246e+00
1.110715e+00
1.113183e+00
1.115652e+00
1.118120e+00
1.120588e+00
1.123057e+00
1.125526e+00
1.127994e+00
1.130462e+00
1.132931e+00
1.135399e+00
1.137868e+00
1.140337e+00
1.142805e+00
1.145274e+00
1.147742e+00
1.150211e+00
1.152679e+00
1.155147e+00
1.157616e+00
1.160085e+00
1.162553e+00
1.165021e+00
1.167490e+00
1.169958e+00
1.172427e+00
1.174896e+00
1.177364e+00
1.179833e+00
1.182301e+00
1.184770e+00
1.187238e+00
1.189707e+00
1.192175e+00
1.194644e+00
1.197113e+00
1.199580e+00
1.202049e+00
1.204518e+00
1.206986e+00
1.209455e+00
1.211923e+00
1.214392e+00
1.216860e+00
1.219329e+00
1.221797e+00
1.224266e+00
1.226734e+00
1.229203e+00
1.231672e+00
1.234139e+00
1.236608e+00
1.239077e+00
1.241545e+00
1.244014e+00
1.246482e+00
1.248951e+00
1.251419e+00
1.253888e+00
1.256356e+00
1.258825e+00
1.261294e+00
1.263762e+00
1.266231e+00
1.268699e+00
1.271167e+00
1.273636e+00
1.276105e+00
1.278573e+00
1.281041e+00
1.283510e+00
1.285978e+00
1.288447e+00
1.290915e+00
1.293384e+00
1.295853e+00
1.298321e+00
1.300790e+00
1.303258e+00
1.305726e+00
1.308195e+00
1.310664e+00
1.313132e+00
1.315600e+00
1.318069e+00
1.320537e+00
1.323006e+00
1.325475e+00
1.327943e+00
1.330411e+00
1.332880e+00
1.335349e+00
1.337817e+00
1.340286e+00
1.342754e+00
1.345223e+00
1.347691e+00
1.350159e+00
1.352628e+00
1.355097e+00
1.357565e+00
1.360034e+00
1.362502e+00
1.364970e+00
1.367439e+00
1.369908e+00
1.372376e+00
1.374845e+00
1.377313e+00
1.379782e+00
1.382250e+00
1.384718e+00
1.387187e+00
1.389656e+00
1.392124e+00
1.394593e+00
1.397061e+00
1.399529e+00
1.401998e+00
1.404467e+00
1.406935e+00
1.409404e+00
1.411872e+00
1.414341e+00
1.416809e+00
1.419278e+00
1.421746e+00
1.424215e+00
1.426684e+00
1.429152e+00
1.431620e+00
1.434089e+00
1.436557e+00
1.439026e+00
1.441494e+00
1.443963e+00
1.446431e+00
1.448900e+00
1.451368e+00
1.453837e+00
1.456305e+00
1.458774e+00
1.461243e+00
1.463711e+00
1.466179e+00
1.468648e+00
1.471116e+00
1.473585e+00
1.476054e+00
1.478522e+00
1.480990e+00
1.483459e+00
1.485927e+00
1.488396e+00
1.490865e+00
1.493333e+00
1.495802e+00
1.498270e+00
1.500738e+00
1.503207e+00
1.505676e+00
1.508144e+00
1.510613e+00
1.513081e+00
1.515549e+00
1.518018e+00
1.520486e+00
1.522955e+00
1.525423e+00
1.527892e+00
1.530361e+00
1.532829e+00
1.535297e+00
1.537766e+00
1.540235e+00
1.542703e+00
1.545172e+00
1.547640e+00
1.550108e+00
1.552577e+00
1.555046e+00
1.557514e+00
1.559982e+00
1.562451e+00
1.564920e+00
1.567388e+00
1.569857e+00
1.572325e+00
1.574794e+00
1.577262e+00
1.579731e+00
1.582199e+00
1.584668e+00
1.587136e+00
1.589605e+00
1.592073e+00
1.594541e+00
1.597010e+00
1.599479e+00
1.601947e+00
1.604416e+00
1.606884e+00
1.609353e+00
1.611821e+00
1.614290e+00
1.616758e+00
1.619227e+00
1.621695e+00
1.624164e+00
1.626633e+00
1.629100e+00
1.631569e+00
1.634038e+00
1.636506e+00
1.638975e+00
1.641443e+00
1.643912e+00
1.646380e+00
1.648849e+00
1.651317e+00
1.653786e+00
1.656255e+00
1.658723e+00
1.661192e+00
1.663659e+00
1.666128e+00
1.668597e+00
1.671065e+00
1.673534e+00
1.676002e+00
1.678471e+00
1.680939e+00
1.683408e+00
1.685876e+00
1.688345e+00
1.690814e+00
1.693282e+00
1.695751e+00
1.698219e+00
1.700687e+00
1.703156e+00
1.705625e+00
1.708093e+00
1.710561e+00
1.713030e+00
1.715498e+00
1.717967e+00
1.720436e+00
1.722904e+00
1.725373e+00
1.727841e+00
1.730310e+00
1.732778e+00
1.735247e+00
1.737715e+00
1.740184e+00
1.742652e+00
1.745120e+00
1.747589e+00
1.750057e+00
1.752526e+00
1.754995e+00
1.757463e+00
1.759932e+00
1.762400e+00
1.764869e+00
1.767337e+00
1.769806e+00
1.772274e+00
1.774743e+00
1.778082e+00
1.781422e+00
1.784762e+00
1.788101e+00
1.791441e+00
1.794780e+00
1.798120e+00
1.801460e+00
1.804799e+00
1.808139e+00
1.811479e+00
1.814818e+00
1.818158e+00
1.821498e+00
1.824837e+00
1.828177e+00
1.831517e+00
1.834857e+00
1.838196e+00
1.841535e+00
1.844875e+00
1.848215e+00
1.851554e+00
1.854894e+00
1.858234e+00
1.861573e+00
1.864913e+00
1.868253e+00
1.871593e+00
1.874932e+00
1.878272e+00
1.881612e+00
1.884951e+00
1.888290e+00
1.891630e+00
1.894970e+00
1.898309e+00
1.901649e+00
1.904989e+00
1.908329e+00
1.911668e+00
1.915008e+00
1.918348e+00
1.921687e+00
1.925027e+00
1.928367e+00
1.931706e+00
1.935045e+00
1.938385e+00
1.941725e+00
1.945064e+00
1.948404e+00
1.951743e+00
1.955083e+00
1.958423e+00
1.961762e+00
1.965102e+00
1.968442e+00
1.971781e+00
1.975121e+00
1.978461e+00
1.981801e+00
1.985140e+00
1.988479e+00
1.991819e+00
1.995159e+00
1.998498e+00
2.001838e+00
2.005178e+00
2.008517e+00
2.011857e+00
2.015197e+00
2.018537e+00
2.021876e+00
2.025216e+00
2.028556e+00
2.031895e+00
2.035234e+00
2.038574e+00
2.041914e+00
2.045253e+00
2.048593e+00
2.051933e+00
2.055273e+00
2.058612e+00
2.061952e+00
2.065292e+00
2.068631e+00
2.071971e+00
2.075311e+00
2.078650e+00
2.081989e+00
2.085329e+00
2.088669e+00
2.092009e+00
2.095348e+00
2.098688e+00
2.102028e+00
2.105367e+00
2.108707e+00
2.112047e+00
2.115386e+00
2.118726e+00
2.122066e+00
2.125405e+00
2.128744e+00
2.132084e+00
2.135424e+00
2.138764e+00
2.142103e+00
2.145443e+00
2.148783e+00
2.152122e+00
2.155462e+00
2.158802e+00
2.162141e+00
2.165481e+00
2.168821e+00
2.172160e+00
2.175500e+00
2.178839e+00
2.182179e+00
2.185519e+00
2.188858e+00
2.192198e+00
2.195538e+00
2.198877e+00
2.202217e+00
2.205557e+00
2.208896e+00
2.212236e+00
2.215576e+00
2.218915e+00
2.222255e+00
2.225594e+00
2.228934e+00
2.232274e+00
2.235613e+00
2.238953e+00
2.242293e+00
2.245632e+00
2.248972e+00
2.252312e+00
2.255651e+00
2.258991e+00
2.262331e+00
2.265670e+00
2.269010e+00
2.272349e+00
2.275689e+00
2.279028e+00
2.282368e+00
2.285708e+00
2.289047e+00
2.292387e+00
2.295727e+00
2.299066e+00
2.302406e+00
2.305746e+00
2.309085e+00
2.312425e+00
2.315765e+00
2.319104e+00
2.322444e+00
2.325783e+00
2.329123e+00
2.332463e+00
2.335802e+00
2.339142e+00
2.342482e+00
2.345821e+00
2.349161e+00
2.352501e+00
2.355840e+00
2.359180e+00
2.362520e+00
2.365859e+00
2.369199e+00
2.372538e+00
2.375878e+00
2.379218e+00
2.382557e+00
2.385897e+00
2.389237e+00
2.392576e+00
2.395916e+00
2.399256e+00
2.402595e+00
2.405935e+00
2.409275e+00
2.412614e+00
2.415954e+00
2.419293e+00
2.422633e+00
2.425973e+00
2.429312e+00
2.432652e+00
2.435992e+00
2.439331e+00
2.442671e+00
2.446011e+00
2.448835e+00
2.451660e+00
2.454485e+00
2.457309e+00
2.460134e+00
2.462959e+00
2.465783e+00
2.468608e+00
2.471433e+00
2.474257e+00
2.477082e+00
2.479907e+00
2.482731e+00
2.485556e+00
2.488381e+00
2.491205e+00
2.494030e+00
2.496855e+00
2.499679e+00
2.502504e+00
2.505329e+00
2.508153e+00
2.510978e+00
2.513803e+00
2.516627e+00
2.519452e+00
2.522277e+00
2.525101e+00
2.527926e+00
2.530751e+00
2.533575e+00
2.536400e+00
2.539225e+00
2.542050e+00
2.544874e+00
2.547699e+00
2.550524e+00
2.553348e+00
2.556173e+00
2.558998e+00
2.561822e+00
2.564647e+00
2.567472e+00
2.570296e+00
2.573122e+00
2.575946e+00
2.578770e+00
2.581596e+00
2.584420e+00
2.587244e+00
2.590069e+00
2.592894e+00
2.595719e+00
2.598543e+00
2.601368e+00
2.604193e+00
2.607017e+00
2.609842e+00
2.612667e+00
2.615491e+00
2.618316e+00
2.621141e+00
2.623965e+00
2.626790e+00
2.629615e+00
2.632439e+00
2.635264e+00
2.638089e+00
2.640913e+00
2.643738e+00
2.646563e+00
2.649387e+00
2.652212e+00
2.655037e+00
2.657861e+00
2.660686e+00
2.663511e+00
2.666335e+00
2.669160e+00
2.671985e+00
2.674809e+00
2.677634e+00
2.680459e+00
2.683283e+00
2.686108e+00
2.688933e+00
2.691757e+00
2.694582e+00
2.697407e+00
2.700231e+00
2.703056e+00
2.705881e+00
2.708705e+00
2.711530e+00
2.714355e+00
2.717179e+00
2.720004e+00
2.722829e+00
2.725653e+00
2.728478e+00
2.731303e+00
2.734128e+00
2.736952e+00
2.739777e+00
2.742602e+00
2.745426e+00
2.748251e+00
2.751076e+00
2.753900e+00
2.756725e+00
2.759550e+00
2.762374e+00
2.765200e+00
2.768024e+00
2.770848e+00
2.773674e+00
2.776498e+00
2.779322e+00
2.782147e+00
2.784972e+00
2.787797e+00
2.790621e+00
2.793446e+00
2.796271e+00
2.799095e+00
2.801920e+00
2.804745e+00
2.807569e+00
2.810394e+00
2.813219e+00
2.816043e+00
2.818868e+00
2.821693e+00
2.824517e+00
2.827342e+00
2.830167e+00
2.832991e+00
2.835816e+00
2.838641e+00
2.841465e+00
2.844290e+00
2.847115e+00
2.849939e+00
2.852764e+00
2.855589e+00
2.858413e+00
2.861238e+00
2.864063e+00
2.866887e+00
2.869712e+00
2.872537e+00
2.875361e+00
2.878186e+00
2.881011e+00
2.883835e+00
2.886660e+00
2.889485e+00
2.892309e+00
2.895134e+00
2.897959e+00
2.900783e+00
2.903608e+00
2.906433e+00
2.909257e+00
2.912082e+00
2.914907e+00
2.917731e+00
2.920556e+00
2.923381e+00
2.926206e+00
2.929030e+00
2.931855e+00
2.934680e+00
2.937504e+00
2.940329e+00
2.943154e+00
2.945978e+00
2.948804e+00
2.951628e+00
2.954452e+00
2.957278e+00
2.960102e+00
2.962926e+00
2.965752e+00
2.968576e+00
2.971400e+00
2.974225e+00
2.977050e+00
2.979875e+00
2.982699e+00
2.985524e+00
2.988349e+00
2.991173e+00
2.993998e+00
2.996823e+00
2.999647e+00
3.002472e+00
3.005297e+00
3.008121e+00
3.010946e+00
3.013771e+00
3.017566e+00
3.021361e+00
3.025157e+00
3.028953e+00
3.032748e+00
3.036543e+00
3.040338e+00
3.044134e+00
3.047930e+00
3.051725e+00
3.055520e+00
3.059316e+00
3.063111e+00
3.066907e+00
3.070702e+00
3.074497e+00
3.078293e+00
3.082088e+00
3.085884e+00
3.089679e+00
3.093474e+00
3.097270e+00
3.101065e+00
3.104861e+00
3.108656e+00
3.112452e+00
3.116247e+00
3.120042e+00
3.123838e+00
3.127633e+00
3.131429e+00
3.135224e+00
3.139019e+00
3.142815e+00
3.146610e+00
3.150406e+00
3.154202e+00
3.157996e+00
3.161792e+00
3.165587e+00
3.169383e+00
3.173179e+00
3.176973e+00
3.180769e+00
3.184565e+00
3.188360e+00
3.192156e+00
3.195951e+00
3.199746e+00
3.203542e+00
3.207337e+00
3.211133e+00
3.214928e+00
3.218723e+00
3.222519e+00
3.226314e+00
3.230110e+00
3.233905e+00
3.237700e+00
3.241496e+00
3.245291e+00
3.249087e+00
3.252882e+00
3.256677e+00
3.260473e+00
3.264268e+00
3.268064e+00
3.271859e+00
3.275654e+00
3.279450e+00
3.283245e+00
3.287041e+00
3.290836e+00
3.294631e+00
3.298427e+00
3.302222e+00
3.306018e+00
3.309814e+00
3.313608e+00
3.317404e+00
3.321199e+00
3.324995e+00
3.328791e+00
3.332585e+00
3.336381e+00
3.340177e+00
3.343972e+00
3.347768e+00
3.351563e+00
3.355358e+00
3.359154e+00
3.362949e+00
3.366745e+00
3.370540e+00
3.374335e+00
3.378131e+00
3.381927e+00
3.385722e+00
3.389517e+00
3.393313e+00
3.397108e+00
3.400904e+00
3.404699e+00
3.408494e+00
3.412290e+00
3.416085e+00
3.419881e+00
3.423676e+00
3.427471e+00
3.431267e+00
3.435062e+00
3.438858e+00
3.442653e+00
3.446448e+00
3.450244e+00
3.454039e+00
3.457834e+00
3.461630e+00
3.465426e+00
3.469221e+00
3.473016e+00
3.476812e+00
3.480607e+00
3.484403e+00
3.488198e+00
3.491993e+00
3.495789e+00
3.499584e+00
3.503380e+00
3.507175e+00
3.510970e+00
3.514766e+00
3.518562e+00
3.522357e+00
3.526152e+00
3.529947e+00
3.533743e+00
3.537539e+00
3.541334e+00
3.545129e+00
3.548925e+00
3.552720e+00
3.556516e+00
3.560311e+00
3.564106e+00
3.567902e+00
3.571697e+00
3.575493e+00
3.579288e+00
3.583083e+00
3.586879e+00
3.590674e+00
3.594470e+00
3.598265e+00
3.602061e+00
3.605856e+00
3.609651e+00
3.613447e+00
3.617242e+00
3.621038e+00
3.624833e+00
3.628628e+00
3.632424e+00
3.636219e+00
3.640015e+00
3.643810e+00
3.647605e+00
3.651401e+00
3.655196e+00
3.658992e+00
3.662787e+00
3.666582e+00
3.670378e+00
3.674174e+00
3.677969e+00
3.681764e+00
3.685560e+00
3.689355e+00
3.693151e+00
3.696946e+00
3.700741e+00
3.704537e+00
3.708332e+00
3.712128e+00
3.715924e+00
3.719718e+00
3.723514e+00
3.727310e+00
3.731105e+00
3.734900e+00
3.738695e+00
3.742491e+00
3.746287e+00
3.750082e+00
3.753877e+00
3.757673e+00
3.761468e+00
3.765264e+00
3.769059e+00
3.772854e+00
3.776650e+00
3.780445e+00
3.784241e+00
3.788036e+00
3.791831e+00
3.795627e+00
3.799422e+00
3.803218e+00
3.807013e+00
3.810809e+00
3.814604e+00
3.818399e+00
3.822195e+00
3.825990e+00
3.829786e+00
3.833581e+00
3.837376e+00
3.841172e+00
3.844967e+00
3.848763e+00
3.852559e+00
3.856353e+00
3.860149e+00
3.863944e+00
3.867740e+00
3.871536e+00
3.875330e+00
3.879126e+00
3.882922e+00
3.886717e+00
3.890513e+00
3.894307e+00
3.898103e+00
3.901899e+00
3.905694e+00
3.909490e+00
3.913285e+00
3.917080e+00
3.920876e+00
3.924671e+00
3.928467e+00
3.932262e+00
3.936057e+00
3.939853e+00
3.943648e+00
3.947444e+00
3.951239e+00
3.955035e+00
3.958830e+00
3.962625e+00
3.966421e+00
3.970216e+00
3.974012e+00
3.977807e+00
3.981602e+00
3.985398e+00
3.989193e+00
3.992989e+00
3.996784e+00
4.000579e+00
4.004375e+00
4.008171e+00
4.011966e+00
4.015761e+00
4.019556e+00
4.023352e+00
4.027148e+00
4.030942e+00
4.034738e+00
4.038534e+00
4.042329e+00
4.046125e+00
4.049920e+00
4.053715e+00
4.057511e+00
4.061306e+00
4.065102e+00
4.068897e+00
4.072692e+00
4.076488e+00
4.080284e+00
4.084079e+00
4.087874e+00
4.091670e+00
4.095465e+00
4.099261e+00
4.103056e+00
4.106851e+00
4.110647e+00
4.114442e+00
4.118238e+00
4.122033e+00
4.125828e+00
4.129624e+00
4.133419e+00
4.137215e+00
4.141010e+00
4.144805e+00
4.148601e+00
4.152396e+00
4.156192e+00
4.159987e+00
4.163906e+00
4.167825e+00
4.171744e+00
4.175664e+00
4.179582e+00
4.183501e+00
4.187421e+00
4.191339e+00
4.195258e+00
4.199177e+00
4.203097e+00
4.207016e+00
4.210935e+00
4.214854e+00
4.218773e+00
4.222692e+00
4.226611e+00
4.230530e+00
4.234449e+00
4.238368e+00
4.242287e+00
4.246206e+00
4.250125e+00
4.254044e+00
4.257964e+00
4.261883e+00
4.265801e+00
4.269720e+00
4.273640e+00
4.277558e+00
4.281477e+00
4.285397e+00
4.289316e+00
4.293235e+00
4.297154e+00
4.301073e+00
4.304992e+00
4.308911e+00
4.312830e+00
4.316749e+00
4.320668e+00
4.324587e+00
4.328506e+00
4.332425e+00
4.336344e+00
4.340263e+00
4.344183e+00
4.348102e+00
4.352020e+00
4.355939e+00
4.359859e+00
4.363777e+00
4.367697e+00
4.371616e+00
4.375535e+00
4.379454e+00
4.383373e+00
4.387292e+00
4.391211e+00
4.395130e+00
4.399049e+00
4.402968e+00
4.406887e+00
4.410806e+00
4.414725e+00
4.418644e+00
4.422563e+00
4.426482e+00
4.430402e+00
4.434320e+00
4.438239e+00
4.442158e+00
4.446077e+00
4.449997e+00
4.453916e+00
4.457835e+00
4.461754e+00
4.465673e+00
4.469592e+00
4.473511e+00
4.477430e+00
4.481349e+00
4.485268e+00
4.489187e+00
4.493106e+00
4.497025e+00
4.500944e+00
4.504864e+00
4.508782e+00
4.512701e+00
4.516621e+00
4.520539e+00
4.524458e+00
4.528377e+00
4.532297e+00
4.536216e+00
4.540135e+00
4.544054e+00
4.547973e+00
4.551892e+00
4.555810e+00
4.559730e+00
4.563649e+00
4.567568e+00
4.571487e+00
4.575406e+00
4.579325e+00
4.583244e+00
4.587164e+00
4.591083e+00
4.595001e+00
4.598920e+00
4.602840e+00
4.606758e+00
4.610677e+00
4.614597e+00
4.618516e+00
4.622435e+00
4.626354e+00
4.630273e+00
4.634192e+00
4.638111e+00
4.642030e+00
4.645949e+00
4.649868e+00
4.653787e+00
4.657706e+00
4.661625e+00
4.665544e+00
4.669463e+00
4.673383e+00
4.677301e+00
4.681220e+00
4.685139e+00
4.689058e+00
4.692978e+00
4.696897e+00
4.700816e+00
4.704735e+00
4.708654e+00
4.712572e+00
4.716492e+00
4.720411e+00
4.724330e+00
4.728249e+00
4.732168e+00
4.736087e+00
4.740006e+00
4.743925e+00
4.747845e+00
4.751763e+00
4.755682e+00
4.759602e+00
4.763520e+00
4.767439e+00
4.771358e+00
4.775278e+00
4.779197e+00
4.783116e+00
4.787035e+00
4.790954e+00
4.794873e+00
4.798791e+00
4.802711e+00
4.806630e+00
4.810549e+00
4.814468e+00
4.818387e+00
4.822306e+00
4.826225e+00
4.830145e+00
4.834063e+00
4.837982e+00
4.841901e+00
4.845821e+00
4.849739e+00
4.853658e+00
4.857578e+00
4.861497e+00
4.865416e+00
4.869335e+00
4.873254e+00
4.877173e+00
4.881092e+00
4.885011e+00
4.888930e+00
4.892849e+00
4.896768e+00
4.900687e+00
4.904606e+00
4.908525e+00
4.912444e+00
4.916364e+00
4.920282e+00
4.924201e+00
4.928120e+00
4.932039e+00
4.935958e+00
4.939878e+00
4.943797e+00
4.947716e+00
4.951635e+00
4.955553e+00
4.959473e+00
4.963392e+00
4.967311e+00
4.971230e+00
4.975149e+00
4.979068e+00
4.982987e+00
4.986906e+00
4.990825e+00
4.994744e+00
4.998663e+00
5.002583e+00
5.006501e+00
5.010420e+00
5.014339e+00
5.018258e+00
5.022178e+00
5.026097e+00
5.030016e+00
5.033935e+00
5.037854e+00
5.041772e+00
5.045692e+00
5.049611e+00
5.053530e+00
5.057449e+00
5.061368e+00
5.065287e+00
5.069206e+00
5.073125e+00
5.077044e+00
5.080963e+00
5.084882e+00
5.088802e+00
5.092720e+00
5.096639e+00
5.100558e+00
5.104478e+00
5.108397e+00
5.112316e+00
5.116235e+00
5.120154e+00
5.124073e+00
5.127991e+00
5.131911e+00
5.135830e+00
5.139749e+00
5.143668e+00
5.147587e+00
5.151506e+00
5.155425e+00
5.159345e+00
5.163263e+00
5.167182e+00
5.171101e+00
5.175020e+00
5.178939e+00
5.182858e+00
5.186778e+00
5.190697e+00
5.194616e+00
5.198534e+00
5.202454e+00
5.206373e+00
5.210292e+00
5.214211e+00
5.218130e+00
5.222049e+00
5.225968e+00
5.229887e+00
5.233806e+00
5.237725e+00
5.241644e+00
5.245564e+00
5.249482e+00
5.253401e+00
5.257320e+00
5.261239e+00
5.265158e+00
5.269078e+00
5.272997e+00
5.276916e+00
5.280835e+00
5.284753e+00
5.288673e+00
5.292592e+00
5.296511e+00
5.300430e+00
5.304349e+00
5.308268e+00
5.312187e+00
5.316106e+00
5.320025e+00
5.323944e+00
5.327863e+00
5.331783e+00
5.335701e+00
5.339620e+00
5.343539e+00
5.347458e+00
5.351378e+00
5.355297e+00
5.359216e+00
5.363135e+00
5.367054e+00
5.370972e+00
5.374892e+00
5.378811e+00
5.382730e+00
5.386649e+00
5.390568e+00
5.394487e+00
5.398406e+00
5.402325e+00
5.406244e+00
5.410163e+00
5.414082e+00
5.418001e+00
5.421920e+00
5.425839e+00
5.429758e+00
5.433678e+00
5.437597e+00
5.441515e+00
5.445435e+00
5.449354e+00
5.453273e+00
5.457191e+00
5.461111e+00
5.465030e+00
5.468949e+00
5.472868e+00
5.476787e+00
5.480706e+00
5.484625e+00
5.488545e+00
5.492463e+00
5.496382e+00
5.500301e+00
5.504220e+00
5.508139e+00
5.512058e+00
5.515978e+00
5.519897e+00
5.523816e+00
5.527734e+00
5.531654e+00
5.535573e+00
5.539491e+00
5.543411e+00
5.547330e+00
5.551249e+00
5.555168e+00
5.559087e+00
5.563006e+00
5.566925e+00
5.570844e+00
5.574764e+00
5.578682e+00
5.582601e+00
5.586520e+00
5.590439e+00
5.594358e+00
5.598278e+00
5.602197e+00
5.606116e+00
5.610035e+00
5.613953e+00
5.617873e+00
5.621792e+00
5.625711e+00
5.629630e+00
5.633549e+00
5.637468e+00
5.641387e+00
5.645306e+00
5.649225e+00
5.653144e+00
5.657063e+00
5.660982e+00
5.664901e+00
5.668820e+00
5.672739e+00
5.676659e+00
5.680578e+00
5.684496e+00
5.688416e+00
5.692335e+00
5.696253e+00
5.700172e+00
5.704092e+00
5.708011e+00
5.711930e+00
5.715849e+00
5.719768e+00
5.723687e+00
5.727606e+00
5.731526e+00
5.735444e+00
5.739363e+00
5.743282e+00
5.747201e+00
5.751120e+00
5.755039e+00
5.758959e+00
5.762878e+00
5.766797e+00
5.770715e+00
5.774635e+00
5.778554e+00
5.782472e+00
5.786392e+00
5.790311e+00
5.794230e+00
5.798149e+00
5.802068e+00
5.805987e+00
5.809906e+00
5.813825e+00
5.817744e+00
5.821663e+00
5.825582e+00
5.829501e+00
5.833420e+00
5.837339e+00
5.841259e+00
5.845178e+00
5.849097e+00
5.853016e+00
5.856934e+00
5.860854e+00
5.864773e+00
5.868692e+00
5.872611e+00
5.876530e+00
5.880449e+00
5.884368e+00
5.888287e+00
5.892206e+00
5.896125e+00
5.900044e+00
5.903963e+00
5.907882e+00
5.911801e+00
5.915720e+00
5.919639e+00
5.923559e+00
5.927477e+00
5.931397e+00
5.935316e+00
5.939234e+00
5.943153e+00
5.947073e+00
5.950992e+00
5.954911e+00
5.958830e+00
5.962749e+00
5.966668e+00
5.970587e+00
5.974506e+00
5.978425e+00
5.982344e+00
5.986263e+00
5.990182e+00
5.994101e+00
5.998020e+00
6.001939e+00
6.005859e+00
6.009778e+00
6.013696e+00
6.017616e+00
6.021535e+00
6.025453e+00
6.029372e+00
6.033292e+00
6.037211e+00
6.041130e+00
6.045049e+00
6.048968e+00
6.052887e+00
6.056806e+00
6.060725e+00
6.064644e+00
6.068563e+00
6.072482e+00
6.076401e+00
6.080320e+00
6.084239e+00
6.088159e+00
6.092078e+00
6.095997e+00
6.099915e+00
6.103835e+00
6.107754e+00
6.111672e+00
6.115592e+00
6.119511e+00
6.123430e+00
6.127349e+00
6.130307e+00
6.133264e+00
6.136222e+00
6.139180e+00
6.142138e+00
6.145095e+00
6.148053e+00
6.151010e+00
6.153969e+00
6.156926e+00
6.159884e+00
6.162841e+00
6.165799e+00
6.168757e+00
6.171715e+00
6.174672e+00
6.177630e+00
6.180588e+00
6.183546e+00
6.186503e+00
6.189461e+00
6.192419e+00
6.195377e+00
6.198334e+00
6.201292e+00
6.204250e+00
6.207208e+00
6.210166e+00
6.213123e+00
6.216081e+00
6.219039e+00
6.221997e+00
6.224954e+00
6.227912e+00
6.230869e+00
6.233828e+00
6.236785e+00
6.239743e+00
6.242700e+00
6.245658e+00
6.248616e+00
6.251574e+00
6.254531e+00
6.257489e+00
6.260447e+00
6.263404e+00
6.266362e+00
6.269320e+00
6.272278e+00
6.275235e+00
6.278193e+00
6.281151e+00
6.284109e+00
6.287067e+00
6.290024e+00
6.292982e+00
6.295939e+00
6.298897e+00
6.301855e+00
6.304813e+00
6.307770e+00
6.310728e+00
6.313685e+00
6.316644e+00
6.319601e+00
6.322559e+00
6.325517e+00
6.328474e+00
6.331432e+00
6.334390e+00
6.337348e+00
6.340305e+00
6.343263e+00
6.346221e+00
6.349179e+00
6.352136e+00
6.355094e+00
6.358052e+00
6.361010e+00
6.363967e+00
6.366925e+00
6.369883e+00
6.372841e+00
6.375798e+00
6.378756e+00
6.381714e+00
6.384672e+00
6.387629e+00
6.390587e+00
6.393544e+00
6.396502e+00
6.399460e+00
6.402418e+00
6.405375e+00
6.408333e+00
6.411291e+00
6.414249e+00
6.417206e+00
6.420164e+00
6.423122e+00
6.426080e+00
6.429037e+00
6.431995e+00
6.434953e+00
6.437911e+00
6.440868e+00
6.443826e+00
6.446784e+00
6.449742e+00
6.452699e+00
6.455657e+00
6.458614e+00
6.461572e+00
6.464530e+00
6.467488e+00
6.470445e+00
6.473403e+00
6.476361e+00
6.479319e+00
6.482276e+00
6.485234e+00
6.488192e+00
6.491150e+00
6.494107e+00
6.497065e+00
6.500023e+00
6.502981e+00
6.505938e+00
6.508896e+00
6.511854e+00
6.514812e+00
6.517770e+00
6.520727e+00
6.523685e+00
6.526642e+00
6.529601e+00
6.532558e+00
6.535516e+00
6.538473e+00
6.541431e+00
6.544389e+00
6.547347e+00
6.550304e+00
6.553262e+00
6.556220e+00
6.559177e+00
6.562135e+00
6.565093e+00
6.568051e+00
6.571008e+00
6.573966e+00
6.576924e+00
6.579882e+00
6.582839e+00
6.585797e+00
6.588755e+00
6.591712e+00
6.594671e+00
6.597628e+00
6.600586e+00
6.603543e+00
6.606501e+00
6.609458e+00
6.612417e+00
6.615374e+00
6.618332e+00
6.621289e+00
6.624247e+00
6.627205e+00
6.630163e+00
6.633121e+00
6.636078e+00
6.639036e+00
6.641994e+00
6.644952e+00
6.647909e+00
6.650867e+00
6.653825e+00
6.656783e+00
6.659740e+00
6.662698e+00
6.665656e+00
6.668614e+00
6.671571e+00
6.674529e+00
6.677487e+00
6.680445e+00
6.683402e+00
6.686360e+00
6.689317e+00
6.692276e+00
6.695233e+00
6.698191e+00
6.701148e+00
6.704106e+00
6.707064e+00
6.710022e+00
6.712979e+00
6.715937e+00
6.718895e+00
6.721853e+00
6.724810e+00
6.727768e+00
6.730726e+00
6.733684e+00
6.736641e+00
6.739599e+00
6.742557e+00
6.745515e+00
6.748472e+00
6.751430e+00
6.754387e+00
6.757346e+00
6.760303e+00
6.763261e+00
6.766218e+00
6.769176e+00
6.772134e+00
6.775092e+00
6.778049e+00
6.781007e+00
6.783965e+00
6.786923e+00
6.789880e+00
6.792838e+00
6.795796e+00
6.798754e+00
6.801711e+00
6.804669e+00
6.807627e+00
6.810585e+00
6.813542e+00
6.816500e+00
6.819458e+00
6.822416e+00
6.825374e+00
6.828331e+00
6.831289e+00
6.834246e+00
6.837204e+00
6.840162e+00
6.843120e+00
6.846077e+00
6.849035e+00
6.851992e+00
6.854951e+00
6.857908e+00
6.860866e+00
6.863824e+00
6.866781e+00
6.869739e+00
6.872697e+00
6.875655e+00
6.878612e+00
6.881570e+00
6.884528e+00
6.887485e+00
6.890444e+00
6.893401e+00
6.896359e+00
6.899316e+00
6.902274e+00
6.905232e+00
6.908190e+00
6.911147e+00
6.914105e+00
6.917062e+00
6.920020e+00
6.922978e+00
6.925936e+00
6.928894e+00
6.931851e+00
6.934809e+00
6.937767e+00
6.940725e+00
6.943682e+00
6.946640e+00
6.949598e+00
6.952556e+00
6.955513e+00
6.958471e+00
6.961429e+00
6.964387e+00
6.967344e+00
6.970302e+00
6.973260e+00
6.976218e+00
6.979175e+00
6.982133e+00
6.985090e+00
6.988049e+00
6.991006e+00
6.993964e+00
6.996921e+00
6.999879e+00
7.002837e+00
7.005795e+00
7.008752e+00
7.011710e+00
7.014668e+00
7.017626e+00
7.020583e+00
7.023541e+00
7.026499e+00
7.029457e+00
7.032414e+00
7.035372e+00
7.038330e+00
7.041288e+00
7.044245e+00
7.047203e+00
7.050160e+00
7.053119e+00
7.056076e+00
7.059034e+00
7.061991e+00
7.064949e+00
7.067907e+00
7.070865e+00
7.073822e+00
7.076780e+00
7.079738e+00
7.082696e+00
7.085653e+00
7.088611e+00
7.091569e+00
7.094527e+00
7.097484e+00
7.100442e+00
7.103400e+00
7.106358e+00
7.109315e+00
7.112273e+00
7.115231e+00
7.118189e+00
7.121147e+00
7.124104e+00
7.127062e+00
7.130019e+00
7.132978e+00
7.135935e+00
7.138893e+00
7.141850e+00
7.144808e+00
7.147765e+00
7.150724e+00
7.153681e+00
7.156639e+00
7.159597e+00
7.162554e+00
7.165512e+00
7.168470e+00
7.171428e+00
7.174385e+00
7.177343e+00
7.180301e+00
7.183259e+00
7.186216e+00
7.189174e+00
7.192132e+00
7.195089e+00
7.198047e+00
7.201005e+00
7.203963e+00
7.206920e+00
7.209878e+00
7.212835e+00
7.215794e+00
7.218751e+00
7.221709e+00
7.224666e+00
7.227624e+00
7.230582e+00
7.233540e+00
7.236498e+00
7.239455e+00
7.242413e+00
7.245371e+00
7.248329e+00
7.251286e+00
7.254244e+00
7.257202e+00
7.260160e+00
7.263117e+00
7.266075e+00
7.269033e+00
7.271991e+00
7.274948e+00
7.277906e+00
7.280864e+00
7.283822e+00
7.286779e+00
7.289737e+00
7.292694e+00
7.295652e+00
7.298610e+00
7.301568e+00
7.304525e+00
7.307483e+00
7.310441e+00
7.313399e+00
7.316356e+00
7.319314e+00
7.322272e+00
7.325230e+00
7.328187e+00
7.331145e+00
7.334103e+00
7.337061e+00
7.340018e+00
7.342976e+00
7.345934e+00
7.348892e+00
7.351849e+00
7.354807e+00
7.357764e+00
7.360722e+00
7.363680e+00
7.366638e+00
7.369595e+00
7.372553e+00
7.375511e+00
7.378469e+00
7.381426e+00
7.384384e+00
7.387342e+00
7.390300e+00
7.393257e+00
7.396215e+00
7.399173e+00
7.402131e+00
7.405088e+00
7.408046e+00
7.411004e+00
7.413962e+00
7.416919e+00
7.419877e+00
7.422835e+00
7.425792e+00
7.428751e+00
7.431708e+00
7.434666e+00
7.437623e+00
7.440581e+00
7.443539e+00
7.446497e+00
7.449454e+00
7.452412e+00
7.455369e+00
7.458327e+00
7.461285e+00
7.464243e+00
7.467201e+00
7.470158e+00
7.473116e+00
7.476074e+00
7.479032e+00
7.481989e+00
7.484947e+00
7.487905e+00
7.490862e+00
7.493820e+00
7.496778e+00
7.499736e+00
7.502693e+00
7.505651e+00
7.508608e+00
7.511567e+00
7.514524e+00
7.517482e+00
7.520439e+00
7.523397e+00
7.526355e+00
7.529313e+00
7.532270e+00
7.535228e+00
7.538186e+00
7.541144e+00
7.544102e+00
7.547059e+00
7.550017e+00
7.552975e+00
7.555933e+00
7.558890e+00
7.561848e+00
7.564806e+00
7.567764e+00
7.570721e+00
7.573679e+00
7.576637e+00
7.579595e+00
7.582552e+00
7.585510e+00
7.588467e+00
7.591426e+00
7.594383e+00
7.597341e+00
7.600298e+00
7.603256e+00
7.606214e+00
7.609172e+00
7.612129e+00
7.615087e+00
7.616463e+00
7.617839e+00
7.619214e+00
7.620590e+00
7.621965e+00
7.623341e+00
7.624717e+00
7.626093e+00
7.627468e+00
7.628845e+00
7.630220e+00
7.631596e+00
7.632972e+00
7.634347e+00
7.635723e+00
7.637099e+00
7.638475e+00
7.639850e+00
7.641226e+00
7.642601e+00
7.643977e+00
7.645353e+00
7.646728e+00
7.648104e+00
7.649480e+00
7.650856e+00
7.652231e+00
7.653607e+00
7.654983e+00
7.656359e+00
7.657735e+00
7.659110e+00
7.660486e+00
7.661861e+00
7.663237e+00
7.664613e+00
7.665989e+00
7.667364e+00
7.668740e+00
7.670116e+00
7.671492e+00
7.672867e+00
7.674243e+00
7.675619e+00
7.676994e+00
7.678370e+00
7.679746e+00
7.681122e+00
7.682497e+00
7.683873e+00
7.685249e+00
7.686624e+00
7.688000e+00
7.689376e+00
7.690752e+00
7.692127e+00
7.693503e+00
7.694879e+00
7.696255e+00
7.697630e+00
7.699006e+00
7.700382e+00
7.701757e+00
7.703133e+00
7.704508e+00
7.705884e+00
7.707260e+00
7.708636e+00
7.710012e+00
7.711388e+00
7.712763e+00
7.714139e+00
7.715515e+00
7.716890e+00
7.718266e+00
7.719642e+00
7.721018e+00
7.722393e+00
7.723769e+00
7.725144e+00
7.726520e+00
7.727896e+00
7.729271e+00
7.730647e+00
7.732023e+00
7.733399e+00
7.734774e+00
7.736151e+00
7.737526e+00
7.738902e+00
7.740278e+00
7.741654e+00
7.743029e+00
7.744404e+00
7.745780e+00
7.747156e+00
7.748532e+00
7.749907e+00
7.751283e+00
7.752659e+00
7.754035e+00
7.755410e+00
7.756786e+00
7.758162e+00
7.759537e+00
7.760913e+00
7.762289e+00
7.763665e+00
7.765040e+00
7.766416e+00
7.767792e+00
7.769168e+00
7.770543e+00
7.771919e+00
7.773295e+00
7.774670e+00
7.776046e+00
7.777422e+00
7.778798e+00
7.780173e+00
7.781549e+00
7.782925e+00
7.784301e+00
7.785676e+00
7.787051e+00
7.788428e+00
7.789803e+00
7.791179e+00
7.792555e+00
7.793931e+00
7.795306e+00
7.796682e+00
7.798058e+00
7.799433e+00
7.800809e+00
7.802185e+00
7.803561e+00
7.804936e+00
7.806312e+00
7.807687e+00
7.809063e+00
7.810439e+00
7.811815e+00
7.813190e+00
7.814566e+00
7.815942e+00
7.817318e+00
7.818694e+00
7.820069e+00
7.821445e+00
7.822821e+00
7.824197e+00
7.825572e+00
7.826947e+00
7.828323e+00
7.829699e+00
7.831075e+00
7.832450e+00
7.833826e+00
7.835202e+00
7.836578e+00
7.837953e+00
7.839329e+00
7.840705e+00
7.842081e+00
7.843457e+00
7.844832e+00
7.846208e+00
7.847583e+00
7.848959e+00
7.850335e+00
7.851711e+00
7.853086e+00
7.854462e+00
7.855838e+00
7.857213e+00
7.858589e+00
7.859965e+00
7.861341e+00
7.862716e+00
7.864092e+00
7.865468e+00
7.866844e+00
7.868219e+00
7.869595e+00
7.870971e+00
7.872346e+00
7.873722e+00
7.875098e+00
7.876474e+00
7.877849e+00
7.879225e+00
7.880601e+00
7.881977e+00
7.883352e+00
7.884728e+00
7.886104e+00
7.887479e+00
7.888855e+00
7.890230e+00
7.891606e+00
7.892982e+00
7.894358e+00
7.895734e+00
7.897110e+00
7.898485e+00
7.899861e+00
7.901237e+00
7.902612e+00
7.903988e+00
7.905364e+00
7.906740e+00
7.908115e+00
7.909491e+00
7.910866e+00
7.912242e+00
7.913618e+00
7.914993e+00
7.916369e+00
7.917745e+00
7.919121e+00
7.920496e+00
7.921873e+00
7.923248e+00
7.924624e+00
7.926000e+00
7.927375e+00
7.928751e+00
7.930126e+00
7.931502e+00
7.932878e+00
7.934254e+00
7.935629e+00
7.937005e+00
7.938381e+00
7.939757e+00
7.941132e+00
7.942508e+00
7.943884e+00
7.945259e+00
7.946635e+00
7.948011e+00
7.949387e+00
7.950762e+00
7.952138e+00
7.953514e+00
7.954889e+00
7.956265e+00
7.957641e+00
7.959017e+00
7.960392e+00
7.961768e+00
7.963144e+00
7.964520e+00
7.965895e+00
7.967271e+00
7.968647e+00
7.970022e+00
7.971398e+00
7.972773e+00
7.974149e+00
7.975525e+00
7.976901e+00
7.978277e+00
7.979653e+00
7.981028e+00
7.982404e+00
7.983780e+00
7.985155e+00
7.986531e+00
7.987907e+00
7.989283e+00
7.990658e+00
7.992034e+00
7.993409e+00
7.994785e+00
7.996161e+00
7.997536e+00
7.998912e+00
8.000288e+00
8.001664e+00
8.003040e+00
8.004416e+00
8.005791e+00
8.007167e+00
8.008543e+00
8.009919e+00
8.011294e+00
8.012669e+00
8.014045e+00
8.015421e+00
8.016797e+00
8.018172e+00
8.019548e+00
8.020924e+00
8.022300e+00
8.023675e+00
8.025051e+00
8.026427e+00
8.027803e+00
8.029179e+00
8.030554e+00
8.031930e+00
8.033305e+00
8.034681e+00
8.036057e+00
8.037433e+00
8.038808e+00
8.040184e+00
8.041560e+00
8.042935e+00
8.044311e+00
8.045687e+00
8.047063e+00
8.048438e+00
8.049814e+00
8.051190e+00
8.052566e+00
8.053941e+00
8.055317e+00
8.056693e+00
8.058068e+00
8.059444e+00
8.060820e+00
8.062196e+00
8.063571e+00
8.064947e+00
8.066323e+00
8.067698e+00
8.069074e+00
8.070450e+00
8.071826e+00
8.073201e+00
8.074577e+00
8.075952e+00
8.077328e+00
8.078704e+00
8.080080e+00
8.081456e+00
8.082831e+00
8.084207e+00
8.085583e+00
8.086959e+00
8.088334e+00
8.089710e+00
8.091086e+00
8.092462e+00
8.093837e+00
8.095213e+00
8.096588e+00
8.097964e+00
8.099340e+00
8.100715e+00
8.102091e+00
8.103467e+00
8.104843e+00
8.106218e+00
8.107595e+00
8.108970e+00
8.110346e+00
8.111722e+00
8.113097e+00
8.114473e+00
8.115848e+00
8.117224e+00
8.118600e+00
8.119976e+00
8.121351e+00
8.122727e+00
8.124103e+00
8.125478e+00
8.126854e+00
8.128230e+00
8.129606e+00
8.130981e+00
8.132357e+00
8.133733e+00
8.135109e+00
8.136484e+00
8.137860e+00
8.139236e+00
8.140611e+00
8.141987e+00
8.143363e+00
8.144739e+00
8.146114e+00
8.147490e+00
8.148866e+00
8.150242e+00
8.151617e+00
8.152993e+00
8.154369e+00
8.155744e+00
8.157120e+00
8.158495e+00
8.159871e+00
8.161247e+00
8.162623e+00
8.163999e+00
8.165375e+00
8.166750e+00
8.168126e+00
8.169502e+00
8.170877e+00
8.172253e+00
8.173629e+00
8.175005e+00
8.176380e+00
8.177756e+00
8.179131e+00
8.180507e+00
8.181883e+00
8.183258e+00
8.184634e+00
8.186010e+00
8.187386e+00
8.188762e+00
8.190138e+00
8.191513e+00
8.192889e+00
8.194265e+00
8.195640e+00
8.197016e+00
8.198391e+00
8.199767e+00
8.201143e+00
8.202519e+00
8.203894e+00
8.205270e+00
8.206646e+00
8.208022e+00
8.209397e+00
8.210773e+00
8.212149e+00
8.213524e+00
8.214901e+00
8.216276e+00
8.217652e+00
8.219027e+00
8.220403e+00
8.221779e+00
8.223154e+00
8.224530e+00
8.225906e+00
8.227282e+00
8.228657e+00
8.230033e+00
8.231409e+00
8.232785e+00
8.234160e+00
8.235536e+00
8.236912e+00
8.238287e+00
8.239663e+00
8.241039e+00
8.242415e+00
8.243790e+00
8.245166e+00
8.246542e+00
8.247918e+00
8.249293e+00
8.250669e+00
8.252045e+00
8.253420e+00
8.254796e+00
8.256172e+00
8.257548e+00
8.258923e+00
8.260299e+00
8.261674e+00
8.263050e+00
8.264426e+00
8.265801e+00
8.267178e+00
8.268553e+00
8.269929e+00
8.271305e+00
8.272681e+00
8.274056e+00
8.275432e+00
8.276808e+00
