2.618000e-04
3.229873e-04
3.841747e-04
4.453620e-04
5.065493e-04
5.677367e-04
6.289240e-04
6.901113e-04
7.512987e-04
8.124860e-04
8.736733e-04
9.348607e-04
9.960480e-04
1.057236e-03
1.118422e-03
1.179610e-03
1.240798e-03
1.301984e-03
1.363172e-03
1.424360e-03
1.485546e-03
1.546734e-03
1.607922e-03
1.669108e-03
1.730296e-03
1.791484e-03
1.852670e-03
1.913858e-03
1.975046e-03
2.036232e-03
2.097420e-03
2.214699e-03
2.331978e-03
2.449257e-03
2.566536e-03
2.683815e-03
2.801094e-03
2.918373e-03
3.035652e-03
3.152931e-03
3.270210e-03
3.387489e-03
3.504768e-03
3.622047e-03
3.739326e-03
3.856605e-03
3.973884e-03
4.091163e-03
4.208442e-03
4.325721e-03
4.443000e-03
4.509510e-03
4.576020e-03
4.642530e-03
4.709040e-03
4.775550e-03
4.842060e-03
4.908570e-03
4.975080e-03
5.041590e-03
5.108100e-03
5.174610e-03
5.241120e-03
5.307630e-03
5.374140e-03
5.440650e-03
5.507160e-03
5.573670e-03
5.640180e-03
5.613573e-03
5.773200e-03
5.932827e-03
6.092453e-03
6.252080e-03
6.411707e-03
6.571333e-03
6.730960e-03
6.890587e-03
7.050213e-03
7.209840e-03
7.369467e-03
7.529093e-03
7.688720e-03
7.848347e-03
8.007973e-03
8.167600e-03
8.327227e-03
8.486853e-03
8.646480e-03
8.806107e-03
8.965733e-03
9.125360e-03
9.284987e-03
9.444613e-03
9.604240e-03
9.763867e-03
9.923493e-03
1.008312e-02
1.024275e-02
1.040237e-02
1.056200e-02
1.067486e-02
1.078772e-02
1.090058e-02
1.101344e-02
1.112630e-02
1.123916e-02
1.135202e-02
1.146488e-02
1.157774e-02
1.169060e-02
1.180346e-02
1.191632e-02
1.202918e-02
1.214204e-02
1.225490e-02
1.236776e-02
1.248062e-02
1.259348e-02
1.270634e-02
1.281920e-02
1.293206e-02
1.304492e-02
1.315778e-02
1.327064e-02
1.338350e-02
1.349636e-02
1.360922e-02
1.372208e-02
1.383494e-02
1.394780e-02
1.406066e-02
1.417352e-02
1.428638e-02
1.439924e-02
1.451210e-02
1.462496e-02
1.473782e-02
1.485068e-02
1.496354e-02
1.507640e-02
1.518926e-02
1.530212e-02
1.541498e-02
1.552784e-02
1.564070e-02
1.575356e-02
1.586642e-02
1.597928e-02
1.609214e-02
1.620500e-02
1.635334e-02
1.650168e-02
1.665002e-02
1.679836e-02
1.694670e-02
1.709504e-02
1.724338e-02
1.739172e-02
1.754006e-02
1.768840e-02
1.783674e-02
1.798508e-02
1.813342e-02
1.828176e-02
1.843010e-02
1.857844e-02
1.872678e-02
1.887512e-02
1.902346e-02
1.917180e-02
1.932014e-02
1.946848e-02
1.961682e-02
1.976516e-02
1.991350e-02
2.006184e-02
2.021018e-02
2.035852e-02
2.050686e-02
2.065520e-02
2.080354e-02
2.095188e-02
2.110022e-02
2.124856e-02
2.139690e-02
2.154524e-02
2.169358e-02
2.184192e-02
2.199026e-02
2.213860e-02
2.228694e-02
2.243528e-02
2.258362e-02
2.273196e-02
2.288030e-02
2.302864e-02
2.317698e-02
2.332532e-02
2.347366e-02
2.362200e-02
2.360658e-02
2.359116e-02
2.357574e-02
2.356032e-02
2.354490e-02
2.352948e-02
2.351406e-02
2.349864e-02
2.348322e-02
2.346780e-02
2.345238e-02
2.343696e-02
2.342154e-02
2.340612e-02
2.339070e-02
2.337528e-02
2.335986e-02
2.334444e-02
2.332902e-02
2.331360e-02
2.329818e-02
2.328276e-02
2.326734e-02
2.325192e-02
2.323650e-02
2.322108e-02
2.320566e-02
2.319024e-02
2.317482e-02
2.315940e-02
2.314398e-02
2.312856e-02
2.311314e-02
2.309772e-02
2.308230e-02
2.306688e-02
2.305146e-02
2.303604e-02
2.302062e-02
2.300520e-02
2.298978e-02
2.297436e-02
2.295894e-02
2.294352e-02
2.292810e-02
2.291268e-02
2.289726e-02
2.288184e-02
2.286642e-02
2.285100e-02
2.283558e-02
2.282016e-02
2.280474e-02
2.278932e-02
2.277390e-02
2.275848e-02
2.274306e-02
2.272764e-02
2.271222e-02
2.269680e-02
2.268138e-02
2.266596e-02
2.265054e-02
2.263512e-02
2.261970e-02
2.260428e-02
2.258886e-02
2.257344e-02
2.255802e-02
2.254260e-02
2.252718e-02
2.251176e-02
2.249634e-02
2.248092e-02
2.246550e-02
2.245008e-02
2.243466e-02
2.241924e-02
2.240382e-02
2.238840e-02
2.237298e-02
2.235756e-02
2.234214e-02
2.232672e-02
2.231130e-02
2.229588e-02
2.228046e-02
2.226504e-02
2.224962e-02
2.223420e-02
2.221878e-02
2.220336e-02
2.218794e-02
2.217252e-02
2.215710e-02
2.214168e-02
2.212626e-02
2.211084e-02
2.209542e-02
2.208000e-02
2.218715e-02
2.229430e-02
2.240145e-02
2.250860e-02
2.261575e-02
2.272290e-02
2.283005e-02
2.293720e-02
2.304435e-02
2.315150e-02
2.325865e-02
2.336580e-02
2.347295e-02
2.358010e-02
2.368725e-02
2.379440e-02
2.390155e-02
2.400870e-02
2.411585e-02
2.422300e-02
2.433015e-02
2.443730e-02
2.454445e-02
2.465160e-02
2.475875e-02
2.486590e-02
2.497305e-02
2.508020e-02
2.518735e-02
2.529450e-02
2.540165e-02
2.550880e-02
2.561595e-02
2.572310e-02
2.583025e-02
2.593740e-02
2.604455e-02
2.615170e-02
2.625885e-02
2.636600e-02
2.647315e-02
2.658030e-02
2.668745e-02
2.679460e-02
2.690175e-02
2.700890e-02
2.711605e-02
2.722320e-02
2.733035e-02
2.743750e-02
2.754465e-02
2.765180e-02
2.775895e-02
2.786610e-02
2.797325e-02
2.808040e-02
2.818755e-02
2.829470e-02
2.840185e-02
2.850900e-02
2.861615e-02
2.872330e-02
2.883045e-02
2.893760e-02
2.904475e-02
2.915190e-02
2.925905e-02
2.936620e-02
2.947335e-02
2.958050e-02
2.968765e-02
2.979480e-02
2.990195e-02
3.000910e-02
3.011625e-02
3.022340e-02
3.033055e-02
3.043770e-02
3.054485e-02
3.065200e-02
3.075915e-02
3.086630e-02
3.097345e-02
3.108060e-02
3.118775e-02
3.129490e-02
3.140205e-02
3.150920e-02
3.161635e-02
3.172350e-02
3.183065e-02
3.193780e-02
3.204495e-02
3.215210e-02
3.225925e-02
3.236640e-02
3.247355e-02
3.258070e-02
3.268785e-02
3.279500e-02
3.292114e-02
3.304728e-02
3.317342e-02
3.329956e-02
3.342570e-02
3.355184e-02
3.367798e-02
3.380412e-02
3.393026e-02
3.405640e-02
3.418254e-02
3.430868e-02
3.443482e-02
3.456096e-02
3.468710e-02
3.481324e-02
3.493938e-02
3.506552e-02
3.519166e-02
3.531780e-02
3.544394e-02
3.557008e-02
3.569622e-02
3.582236e-02
3.594850e-02
3.607464e-02
3.620078e-02
3.632692e-02
3.645306e-02
3.657920e-02
3.670534e-02
3.683148e-02
3.695762e-02
3.708376e-02
3.720990e-02
3.733604e-02
3.746218e-02
3.758832e-02
3.771446e-02
3.784060e-02
3.796674e-02
3.809288e-02
3.821902e-02
3.834516e-02
3.847130e-02
3.859744e-02
3.872358e-02
3.884972e-02
3.897586e-02
3.910200e-02
3.922814e-02
3.935428e-02
3.948042e-02
3.960656e-02
3.973270e-02
3.985884e-02
3.998498e-02
4.011112e-02
4.023726e-02
4.036340e-02
4.048954e-02
4.061568e-02
4.074182e-02
4.086796e-02
4.099410e-02
4.112024e-02
4.124638e-02
4.137252e-02
4.149866e-02
4.162480e-02
4.175094e-02
4.187708e-02
4.200322e-02
4.212936e-02
4.225550e-02
4.238164e-02
4.250778e-02
4.263392e-02
4.276006e-02
4.288620e-02
4.301234e-02
4.313848e-02
4.326462e-02
4.339076e-02
4.351690e-02
4.364304e-02
4.376918e-02
4.389532e-02
4.402146e-02
4.414760e-02
4.427374e-02
4.439988e-02
4.452602e-02
4.465216e-02
4.477830e-02
4.490444e-02
4.503058e-02
4.515672e-02
4.528286e-02
4.540900e-02
4.553514e-02
4.566128e-02
4.578742e-02
4.591356e-02
4.603970e-02
4.616584e-02
4.629198e-02
4.641812e-02
4.654426e-02
4.667040e-02
4.679654e-02
4.692268e-02
4.704882e-02
4.717496e-02
4.730110e-02
4.742724e-02
4.755338e-02
4.767952e-02
4.780566e-02
4.793180e-02
4.805794e-02
4.818408e-02
4.831022e-02
4.843636e-02
4.856250e-02
4.868864e-02
4.881478e-02
4.894092e-02
4.906706e-02
4.919320e-02
4.931934e-02
4.944548e-02
4.957162e-02
4.969776e-02
4.982390e-02
4.995004e-02
5.007618e-02
5.020232e-02
5.032846e-02
5.045460e-02
5.058074e-02
5.070688e-02
5.083302e-02
5.095916e-02
5.108530e-02
5.121144e-02
5.133758e-02
5.146372e-02
5.158986e-02
5.171600e-02
5.184214e-02
5.196828e-02
5.209442e-02
5.222056e-02
5.234670e-02
5.247284e-02
5.259898e-02
5.272512e-02
5.285126e-02
5.297740e-02
5.310354e-02
5.322968e-02
5.335582e-02
5.348196e-02
5.360810e-02
5.373424e-02
5.386038e-02
5.398652e-02
5.411266e-02
5.423880e-02
5.436494e-02
5.449108e-02
5.461722e-02
5.474336e-02
5.486950e-02
5.499564e-02
5.512178e-02
5.524792e-02
5.537406e-02
5.550020e-02
5.562634e-02
5.575248e-02
5.587862e-02
5.600476e-02
5.613090e-02
5.625704e-02
5.638318e-02
5.650932e-02
5.663546e-02
5.676160e-02
5.688774e-02
5.701388e-02
5.714002e-02
5.726616e-02
5.739230e-02
5.751844e-02
5.764458e-02
5.777072e-02
5.789686e-02
5.802300e-02
5.824445e-02
5.846590e-02
5.868735e-02
5.890880e-02
5.913025e-02
5.935170e-02
5.957315e-02
5.979460e-02
6.001605e-02
6.023750e-02
6.045895e-02
6.068040e-02
6.090185e-02
6.112330e-02
6.134475e-02
6.156620e-02
6.178765e-02
6.200910e-02
6.223055e-02
6.245200e-02
6.267345e-02
6.289490e-02
6.311635e-02
6.333780e-02
6.355925e-02
6.378070e-02
6.400215e-02
6.422360e-02
6.444505e-02
6.466650e-02
6.488795e-02
6.510940e-02
6.533085e-02
6.555230e-02
6.577375e-02
6.599520e-02
6.621665e-02
6.643810e-02
6.665955e-02
6.688100e-02
6.710245e-02
6.732390e-02
6.754535e-02
6.776680e-02
6.798825e-02
6.820970e-02
6.843115e-02
6.865260e-02
6.887405e-02
6.909550e-02
6.931695e-02
6.953840e-02
6.975985e-02
6.998130e-02
7.020275e-02
7.042420e-02
7.064565e-02
7.086710e-02
7.108855e-02
7.131000e-02
7.153145e-02
7.175290e-02
7.197435e-02
7.219580e-02
7.241725e-02
7.263870e-02
7.286015e-02
7.308160e-02
7.330305e-02
7.352450e-02
7.374595e-02
7.396740e-02
7.418885e-02
7.441030e-02
7.463175e-02
7.485320e-02
7.507465e-02
7.529610e-02
7.551755e-02
7.573900e-02
7.596045e-02
7.618190e-02
7.640335e-02
7.662480e-02
7.684625e-02
7.706770e-02
7.728915e-02
7.751060e-02
7.773205e-02
7.795350e-02
7.817495e-02
7.839640e-02
7.861785e-02
7.883930e-02
7.906075e-02
7.928220e-02
7.950365e-02
7.972510e-02
7.994655e-02
8.016800e-02
8.116310e-02
8.215819e-02
8.315329e-02
8.414838e-02
8.514348e-02
8.613857e-02
8.713367e-02
8.812877e-02
8.912386e-02
9.011896e-02
9.111405e-02
9.210915e-02
9.310425e-02
9.409934e-02
9.509444e-02
9.608953e-02
9.708463e-02
9.807972e-02
9.907482e-02
1.000699e-01
1.010650e-01
1.020601e-01
1.030552e-01
1.040503e-01
1.050454e-01
1.060405e-01
1.070356e-01
1.080307e-01
1.090258e-01
1.100209e-01
1.110160e-01
1.120111e-01
1.130062e-01
1.140013e-01
1.149964e-01
1.159914e-01
1.169865e-01
1.179816e-01
1.189767e-01
1.199718e-01
1.209669e-01
1.219620e-01
1.229571e-01
1.239522e-01
1.249473e-01
1.259424e-01
1.269375e-01
1.279326e-01
1.289277e-01
1.299228e-01
1.309179e-01
1.319130e-01
1.329081e-01
1.339032e-01
1.348983e-01
1.358934e-01
1.368885e-01
1.378836e-01
1.388787e-01
1.398737e-01
1.408688e-01
1.418639e-01
1.428590e-01
1.438541e-01
1.448492e-01
1.458443e-01
1.468394e-01
1.478345e-01
1.488296e-01
1.498247e-01
1.508198e-01
1.518149e-01
1.528100e-01
1.538051e-01
1.548002e-01
1.557953e-01
1.567904e-01
1.577855e-01
1.587806e-01
1.597757e-01
1.607708e-01
1.617659e-01
1.627610e-01
1.637560e-01
1.647511e-01
1.657462e-01
1.667413e-01
1.677364e-01
1.687315e-01
1.697266e-01
1.707217e-01
1.717168e-01
1.727119e-01
1.737070e-01
1.747021e-01
1.756972e-01
1.766923e-01
1.776874e-01
1.786825e-01
1.796776e-01
1.806727e-01
1.816678e-01
1.826629e-01
1.836580e-01
1.846531e-01
1.856482e-01
1.866433e-01
1.876383e-01
1.886334e-01
1.896285e-01
1.906236e-01
1.916187e-01
1.926138e-01
1.936089e-01
1.946040e-01
1.955991e-01
1.965942e-01
1.975893e-01
1.985844e-01
1.995795e-01
2.005746e-01
2.015697e-01
2.025648e-01
2.035599e-01
2.045550e-01
2.055501e-01
2.065452e-01
2.075403e-01
2.085354e-01
2.095305e-01
2.105256e-01
2.115206e-01
2.125157e-01
2.135108e-01
2.145059e-01
2.155010e-01
2.164961e-01
2.174912e-01
2.184863e-01
2.194814e-01
2.204765e-01
2.214716e-01
2.224667e-01
2.234618e-01
2.244569e-01
2.254520e-01
2.264471e-01
2.274422e-01
2.284373e-01
2.294324e-01
2.304275e-01
2.314226e-01
2.324177e-01
2.334128e-01
2.344079e-01
2.354029e-01
2.363980e-01
2.373931e-01
2.383882e-01
2.393833e-01
2.403784e-01
2.413735e-01
2.423686e-01
2.433637e-01
2.443588e-01
2.453539e-01
2.463490e-01
2.473441e-01
2.483392e-01
2.493343e-01
2.503294e-01
2.513245e-01
2.523196e-01
2.533147e-01
2.543098e-01
2.553049e-01
2.563000e-01
2.572951e-01
2.582902e-01
2.592852e-01
2.602803e-01
2.612754e-01
2.622705e-01
2.632656e-01
2.642607e-01
2.652558e-01
2.662509e-01
2.672460e-01
2.682411e-01
2.692362e-01
2.702313e-01
2.712264e-01
2.722215e-01
2.732166e-01
2.742117e-01
2.752068e-01
2.762019e-01
2.771970e-01
2.781921e-01
2.791872e-01
2.801823e-01
2.811774e-01
2.821725e-01
2.831675e-01
2.841626e-01
2.851577e-01
2.861528e-01
2.871479e-01
2.881430e-01
2.891381e-01
2.901332e-01
2.911283e-01
2.921234e-01
2.931185e-01
2.941136e-01
2.951087e-01
2.961038e-01
2.970989e-01
2.980940e-01
2.990891e-01
3.000842e-01
3.010793e-01
3.020744e-01
3.030695e-01
3.040646e-01
3.050597e-01
3.060548e-01
3.070498e-01
3.080449e-01
3.090400e-01
3.100351e-01
3.110302e-01
3.120253e-01
3.130204e-01
3.140155e-01
3.150106e-01
3.160057e-01
3.170008e-01
3.179959e-01
3.189910e-01
3.199861e-01
3.209812e-01
3.219763e-01
3.229714e-01
3.239665e-01
3.249616e-01
3.259567e-01
3.269518e-01
3.279469e-01
3.289420e-01
3.299371e-01
3.309321e-01
3.319272e-01
3.329223e-01
3.339174e-01
3.349125e-01
3.359076e-01
3.369027e-01
3.378978e-01
3.388929e-01
3.398880e-01
3.408831e-01
3.418782e-01
3.428733e-01
3.438684e-01
3.448635e-01
3.458586e-01
3.468537e-01
3.478488e-01
3.488439e-01
3.498390e-01
3.508341e-01
3.518292e-01
3.528243e-01
3.538194e-01
3.548144e-01
3.558095e-01
3.568046e-01
3.577997e-01
3.587948e-01
3.597899e-01
3.607850e-01
3.617801e-01
3.627752e-01
3.637703e-01
3.647654e-01
3.657605e-01
3.667556e-01
3.677507e-01
3.687458e-01
3.697409e-01
3.707360e-01
3.717311e-01
3.727262e-01
3.737213e-01
3.747164e-01
3.757115e-01
3.767066e-01
3.777017e-01
3.786967e-01
3.796918e-01
3.806869e-01
3.816820e-01
3.826771e-01
3.836722e-01
3.846673e-01
3.856624e-01
3.866575e-01
3.876526e-01
3.886477e-01
3.896428e-01
3.906379e-01
3.916330e-01
3.926281e-01
3.936232e-01
3.946183e-01
3.956134e-01
3.966085e-01
3.976036e-01
3.985987e-01
3.995938e-01
4.005889e-01
4.015840e-01
4.025790e-01
4.035741e-01
4.045692e-01
4.055643e-01
4.065594e-01
4.075545e-01
4.085496e-01
4.095447e-01
4.105398e-01
4.115349e-01
4.125300e-01
4.135251e-01
4.145202e-01
4.155153e-01
4.165104e-01
4.175055e-01
4.185006e-01
4.194957e-01
4.204908e-01
4.214859e-01
4.224810e-01
4.234761e-01
4.244712e-01
4.254663e-01
4.264613e-01
4.274564e-01
4.284515e-01
4.294466e-01
4.304417e-01
4.314368e-01
4.324319e-01
4.334270e-01
4.344221e-01
4.354172e-01
4.364123e-01
4.374074e-01
4.384025e-01
4.393976e-01
4.403927e-01
4.413878e-01
4.423829e-01
4.433780e-01
4.443731e-01
4.453682e-01
4.463633e-01
4.473584e-01
4.483535e-01
4.493486e-01
4.503436e-01
4.513387e-01
4.523338e-01
4.533289e-01
4.543240e-01
4.553191e-01
4.563142e-01
4.573093e-01
4.583044e-01
4.592995e-01
4.602946e-01
4.612897e-01
4.622848e-01
4.632799e-01
4.642750e-01
4.652701e-01
4.662652e-01
4.672603e-01
4.682554e-01
4.692505e-01
4.702456e-01
4.712407e-01
4.722358e-01
4.732309e-01
4.742259e-01
4.752210e-01
4.762161e-01
4.772112e-01
4.782063e-01
4.792014e-01
4.801965e-01
4.811916e-01
4.821867e-01
4.831818e-01
4.841769e-01
4.851720e-01
4.871104e-01
4.890487e-01
4.909871e-01
4.929254e-01
4.948638e-01
4.968022e-01
4.987405e-01
5.006789e-01
5.026172e-01
5.045556e-01
5.064940e-01
5.084323e-01
5.103707e-01
5.123090e-01
5.142474e-01
5.161858e-01
5.181241e-01
5.200625e-01
5.220008e-01
5.239392e-01
5.258776e-01
5.278159e-01
5.297543e-01
5.316926e-01
5.336310e-01
5.355694e-01
5.375077e-01
5.394461e-01
5.413844e-01
5.433228e-01
5.452612e-01
5.471995e-01
5.491379e-01
5.510762e-01
5.530146e-01
5.549530e-01
5.568913e-01
5.588297e-01
5.607680e-01
5.627064e-01
5.646448e-01
5.665831e-01
5.685215e-01
5.704598e-01
5.723982e-01
5.743366e-01
5.762749e-01
5.782133e-01
5.801516e-01
5.820900e-01
5.840284e-01
5.859667e-01
5.879051e-01
5.898434e-01
5.917818e-01
5.937202e-01
5.956585e-01
5.975969e-01
5.995352e-01
6.014736e-01
6.034120e-01
6.053503e-01
6.072887e-01
6.092270e-01
6.111654e-01
6.131038e-01
6.150421e-01
6.169805e-01
6.189188e-01
6.208572e-01
6.227956e-01
6.247339e-01
6.266723e-01
6.286106e-01
6.305490e-01
6.324874e-01
6.344257e-01
6.363641e-01
6.383024e-01
6.402408e-01
6.421792e-01
6.441175e-01
6.460559e-01
6.479942e-01
6.499326e-01
6.518710e-01
6.538093e-01
6.557477e-01
6.576860e-01
6.596244e-01
6.615628e-01
6.635011e-01
6.654395e-01
6.673778e-01
6.693162e-01
6.712546e-01
6.731929e-01
6.751313e-01
6.770696e-01
6.790080e-01
6.812243e-01
6.834407e-01
6.856570e-01
6.878733e-01
6.900897e-01
6.923060e-01
6.945223e-01
6.967387e-01
6.989550e-01
7.011714e-01
7.033877e-01
7.056040e-01
7.078204e-01
7.100367e-01
7.122531e-01
7.144694e-01
7.166858e-01
7.189021e-01
7.211184e-01
7.233348e-01
7.255511e-01
7.277674e-01
7.299838e-01
7.322001e-01
7.344164e-01
7.366328e-01
7.388491e-01
7.410655e-01
7.432818e-01
7.454982e-01
7.477145e-01
7.499309e-01
7.521472e-01
7.543635e-01
7.565799e-01
7.587962e-01
7.610125e-01
7.632289e-01
7.654452e-01
7.676615e-01
7.698779e-01
7.720942e-01
7.743105e-01
7.765269e-01
7.787432e-01
7.809595e-01
7.831759e-01
7.853922e-01
7.876085e-01
7.898249e-01
7.920412e-01
7.942576e-01
7.964739e-01
7.986903e-01
8.009066e-01
8.031230e-01
8.053393e-01
8.075556e-01
8.097720e-01
8.119883e-01
8.142046e-01
8.164210e-01
8.186373e-01
8.208536e-01
8.230700e-01
8.252863e-01
8.275027e-01
8.297190e-01
8.319354e-01
8.341517e-01
8.363680e-01
8.385844e-01
8.408007e-01
8.430171e-01
8.452334e-01
8.474497e-01
8.496661e-01
8.518824e-01
8.540987e-01
8.563151e-01
8.585314e-01
8.607477e-01
8.629641e-01
8.651804e-01
8.673967e-01
8.696131e-01
8.718294e-01
8.740457e-01
8.762621e-01
8.784784e-01
8.806948e-01
8.829111e-01
8.851275e-01
8.873438e-01
8.895601e-01
8.917765e-01
8.939928e-01
8.962092e-01
8.984255e-01
9.006418e-01
9.028582e-01
9.050745e-01
9.072908e-01
9.095072e-01
9.117235e-01
9.139399e-01
9.161562e-01
9.183725e-01
9.205889e-01
9.228052e-01
9.250216e-01
9.272379e-01
9.294543e-01
9.316706e-01
9.338869e-01
9.361033e-01
9.383196e-01
9.405359e-01
9.427523e-01
9.449686e-01
9.471849e-01
9.494013e-01
9.516176e-01
9.538339e-01
9.560503e-01
9.582666e-01
9.604829e-01
9.626993e-01
9.649156e-01
9.671320e-01
9.693483e-01
9.715646e-01
9.737810e-01
9.759973e-01
9.782137e-01
9.804300e-01
9.826464e-01
9.848627e-01
9.870790e-01
9.892956e-01
9.915117e-01
9.937278e-01
9.959446e-01
9.981607e-01
1.000377e+00
1.002594e+00
1.004810e+00
1.007026e+00
1.009243e+00
1.011459e+00
1.013675e+00
1.015892e+00
1.018108e+00
1.020324e+00
1.022541e+00
1.024757e+00
1.026973e+00
1.029190e+00
1.031406e+00
1.033622e+00
1.035839e+00
1.038055e+00
1.040271e+00
1.042488e+00
1.044704e+00
1.046920e+00
1.049137e+00
1.051353e+00
1.053569e+00
1.055786e+00
1.058002e+00
1.060218e+00
1.062435e+00
1.064651e+00
1.066867e+00
1.069084e+00
1.071300e+00
1.073516e+00
1.075733e+00
1.077949e+00
1.080165e+00
1.082382e+00
1.084598e+00
1.086814e+00
1.089031e+00
1.091247e+00
1.093463e+00
1.095680e+00
1.097896e+00
1.100112e+00
1.102329e+00
1.104545e+00
1.106761e+00
1.108978e+00
1.111194e+00
1.113410e+00
1.115627e+00
1.117843e+00
1.120059e+00
1.122276e+00
1.124492e+00
1.126860e+00
1.129227e+00
1.131596e+00
1.133964e+00
1.136331e+00
1.138699e+00
1.141067e+00
1.143435e+00
1.145803e+00
1.148171e+00
1.150538e+00
1.152906e+00
1.155274e+00
1.157642e+00
1.160010e+00
1.162378e+00
1.164746e+00
1.167114e+00
1.169481e+00
1.171849e+00
1.174217e+00
1.176585e+00
1.178953e+00
1.181321e+00
1.183689e+00
1.186057e+00
1.188425e+00
1.190792e+00
1.193160e+00
1.195528e+00
1.197896e+00
1.200264e+00
1.202632e+00
1.204999e+00
1.207367e+00
1.209736e+00
1.212103e+00
1.214471e+00
1.216839e+00
1.219206e+00
1.221575e+00
1.223943e+00
1.226310e+00
1.228678e+00
1.231046e+00
1.233414e+00
1.235782e+00
1.238149e+00
1.240517e+00
1.242885e+00
1.245253e+00
1.247621e+00
1.249989e+00
1.252357e+00
1.254725e+00
1.257093e+00
1.259460e+00
1.261828e+00
1.264196e+00
1.266564e+00
1.268932e+00
1.271300e+00
1.273668e+00
1.276036e+00
1.278404e+00
1.280771e+00
1.283139e+00
1.285507e+00
1.287875e+00
1.290243e+00
1.292611e+00
1.294978e+00
1.297347e+00
1.299715e+00
1.302082e+00
1.304450e+00
1.306817e+00
1.309185e+00
1.311554e+00
1.313921e+00
1.316289e+00
1.318657e+00
1.321025e+00
1.323393e+00
1.325761e+00
1.328128e+00
1.330496e+00
1.332864e+00
1.335232e+00
1.337600e+00
1.339968e+00
1.342336e+00
1.344704e+00
1.347072e+00
1.349439e+00
1.351807e+00
1.354175e+00
1.356543e+00
1.358911e+00
1.361279e+00
1.363647e+00
1.366015e+00
1.368383e+00
1.370750e+00
1.373118e+00
1.375486e+00
1.377854e+00
1.380222e+00
1.382589e+00
1.384957e+00
1.387326e+00
1.389693e+00
1.392061e+00
1.394429e+00
1.396796e+00
1.399165e+00
1.401533e+00
1.403900e+00
1.406268e+00
1.408636e+00
1.411004e+00
1.413372e+00
1.415740e+00
1.418107e+00
1.420475e+00
1.422843e+00
1.425211e+00
1.427579e+00
1.429947e+00
1.432315e+00
1.434683e+00
1.437051e+00
1.439418e+00
1.441786e+00
1.444154e+00
1.446522e+00
1.448890e+00
1.451258e+00
1.453626e+00
1.455994e+00
1.458361e+00
1.460729e+00
1.463097e+00
1.465465e+00
1.467833e+00
1.470201e+00
1.472568e+00
1.474936e+00
1.477305e+00
1.479672e+00
1.482040e+00
1.484408e+00
1.486775e+00
1.489144e+00
1.491512e+00
1.493879e+00
1.496247e+00
1.498615e+00
1.500983e+00
1.503351e+00
1.505719e+00
1.508086e+00
1.510454e+00
1.512822e+00
1.515190e+00
1.517558e+00
1.519926e+00
1.522294e+00
1.524662e+00
1.527029e+00
1.529397e+00
1.531765e+00
1.534133e+00
1.536501e+00
1.538869e+00
1.541237e+00
1.543605e+00
1.545973e+00
1.548340e+00
1.550708e+00
1.553076e+00
1.555444e+00
1.557812e+00
1.560180e+00
1.562547e+00
1.564915e+00
1.567284e+00
1.569651e+00
1.572019e+00
1.574387e+00
1.576754e+00
1.579123e+00
1.581491e+00
1.583858e+00
1.586226e+00
1.588594e+00
1.590962e+00
1.593330e+00
1.595697e+00
1.598065e+00
1.600433e+00
1.602801e+00
1.605169e+00
1.607537e+00
1.609905e+00
1.612273e+00
1.614641e+00
1.617008e+00
1.619376e+00
1.621744e+00
1.624112e+00
1.626480e+00
1.628848e+00
1.631216e+00
1.633584e+00
1.635952e+00
1.638319e+00
1.640687e+00
1.643055e+00
1.645423e+00
1.647791e+00
1.650159e+00
1.652526e+00
1.654895e+00
1.657263e+00
1.659630e+00
1.661998e+00
1.664365e+00
1.666733e+00
1.669102e+00
1.671469e+00
1.673837e+00
1.676205e+00
1.678573e+00
1.680941e+00
1.683309e+00
1.685676e+00
1.688044e+00
1.690412e+00
1.692780e+00
1.695148e+00
1.697516e+00
1.699884e+00
1.702252e+00
1.704620e+00
1.706987e+00
1.709355e+00
1.711723e+00
1.714091e+00
1.716459e+00
1.718827e+00
1.721195e+00
1.723563e+00
1.725931e+00
1.728298e+00
1.730666e+00
1.733034e+00
1.735402e+00
1.737770e+00
1.740137e+00
1.742505e+00
1.744874e+00
1.747241e+00
1.749609e+00
1.751977e+00
1.754344e+00
1.756713e+00
1.759081e+00
1.761448e+00
1.763816e+00
1.766184e+00
1.768552e+00
1.770920e+00
1.773288e+00
1.775655e+00
1.778023e+00
1.780391e+00
1.782759e+00
1.785127e+00
1.787495e+00
1.789863e+00
1.792231e+00
1.794599e+00
1.796966e+00
1.799334e+00
1.801702e+00
1.804070e+00
1.806438e+00
1.808806e+00
1.811174e+00
1.813542e+00
1.815909e+00
1.818277e+00
1.820645e+00
1.823013e+00
1.825381e+00
1.827749e+00
1.830116e+00
1.832484e+00
1.834853e+00
1.837220e+00
1.839588e+00
1.843191e+00
1.846795e+00
1.850398e+00
1.854001e+00
1.857604e+00
1.861207e+00
1.864811e+00
1.868414e+00
1.872017e+00
1.875620e+00
1.879223e+00
1.882826e+00
1.886430e+00
1.890033e+00
1.893636e+00
1.897239e+00
1.900842e+00
1.904446e+00
1.908049e+00
1.911652e+00
1.915255e+00
1.918858e+00
1.922461e+00
1.926065e+00
1.929668e+00
1.933271e+00
1.936875e+00
1.940478e+00
1.944081e+00
1.947684e+00
1.951287e+00
1.954891e+00
1.958494e+00
1.962097e+00
1.965700e+00
1.969303e+00
1.972906e+00
1.976510e+00
1.980113e+00
1.983717e+00
1.987320e+00
1.990923e+00
1.994526e+00
1.998129e+00
2.001732e+00
2.005335e+00
2.008938e+00
2.012541e+00
2.016145e+00
2.019748e+00
2.023352e+00
2.026955e+00
2.030558e+00
2.034161e+00
2.037764e+00
2.041367e+00
2.044971e+00
2.048574e+00
2.052177e+00
2.055780e+00
2.059383e+00
2.062987e+00
2.066590e+00
2.070193e+00
2.073797e+00
2.077400e+00
2.081003e+00
2.084606e+00
2.088209e+00
2.091812e+00
2.095416e+00
2.099018e+00
2.102622e+00
2.106225e+00
2.109828e+00
2.113432e+00
2.117035e+00
2.120638e+00
2.124241e+00
2.127844e+00
2.131447e+00
2.135051e+00
2.138654e+00
2.142257e+00
2.145860e+00
2.149463e+00
2.153067e+00
2.156670e+00
2.160273e+00
2.163877e+00
2.167480e+00
2.171083e+00
2.174686e+00
2.178289e+00
2.181893e+00
2.185496e+00
2.189099e+00
2.192702e+00
2.196305e+00
2.199908e+00
2.203512e+00
2.207115e+00
2.210718e+00
2.214321e+00
2.217924e+00
2.221527e+00
2.225131e+00
2.228734e+00
2.232337e+00
2.235940e+00
2.239543e+00
2.243147e+00
2.246750e+00
2.250353e+00
2.253957e+00
2.257560e+00
2.261163e+00
2.264766e+00
2.268369e+00
2.271973e+00
2.275576e+00
2.279179e+00
2.282782e+00
2.286385e+00
2.289988e+00
2.293592e+00
2.297195e+00
2.300798e+00
2.304402e+00
2.308004e+00
2.311608e+00
2.315211e+00
2.318814e+00
2.322417e+00
2.326020e+00
2.329623e+00
2.333227e+00
2.336830e+00
2.340433e+00
2.344037e+00
2.347640e+00
2.351243e+00
2.354846e+00
2.358449e+00
2.362053e+00
2.365656e+00
2.369259e+00
2.372862e+00
2.376465e+00
2.380068e+00
2.383672e+00
2.387275e+00
2.390879e+00
2.394482e+00
2.398085e+00
2.401688e+00
2.405291e+00
2.408894e+00
2.412497e+00
2.416100e+00
2.419703e+00
2.423307e+00
2.426910e+00
2.430514e+00
2.434117e+00
2.437720e+00
2.441323e+00
2.444926e+00
2.448529e+00
2.452133e+00
2.455736e+00
2.459339e+00
2.462942e+00
2.466545e+00
2.470149e+00
2.473752e+00
2.477355e+00
2.480959e+00
2.484562e+00
2.488165e+00
2.491768e+00
2.495371e+00
2.498974e+00
2.502578e+00
2.506181e+00
2.509784e+00
2.513387e+00
2.516990e+00
2.520594e+00
2.524197e+00
2.527800e+00
2.531403e+00
2.535006e+00
2.538609e+00
2.542213e+00
2.545816e+00
2.549419e+00
2.553022e+00
2.556625e+00
2.560229e+00
2.563832e+00
2.567092e+00
2.570353e+00
2.573614e+00
2.576874e+00
2.580135e+00
2.583395e+00
2.586656e+00
2.589917e+00
2.593177e+00
2.596437e+00
2.599698e+00
2.602958e+00
2.606219e+00
2.609480e+00
2.612740e+00
2.616001e+00
2.619261e+00
2.622522e+00
2.625782e+00
2.629042e+00
2.632304e+00
2.635564e+00
2.638824e+00
2.642085e+00
2.645345e+00
2.648606e+00
2.651867e+00
2.655127e+00
2.658387e+00
2.661648e+00
2.664909e+00
2.668169e+00
2.671430e+00
2.674690e+00
2.677951e+00
2.681212e+00
2.684472e+00
2.687732e+00
2.690993e+00
2.694253e+00
2.697514e+00
2.700775e+00
2.704035e+00
2.707296e+00
2.710556e+00
2.713817e+00
2.717077e+00
2.720338e+00
2.723599e+00
2.726859e+00
2.730119e+00
2.733380e+00
2.736640e+00
2.739901e+00
2.743162e+00
2.746422e+00
2.749682e+00
2.752943e+00
2.756204e+00
2.759464e+00
2.762725e+00
2.765985e+00
2.769246e+00
2.772507e+00
2.775767e+00
2.779027e+00
2.782288e+00
2.785548e+00
2.788809e+00
2.792070e+00
2.795330e+00
2.798591e+00
2.801851e+00
2.805112e+00
2.808372e+00
2.811633e+00
2.814894e+00
2.818154e+00
2.821415e+00
2.824675e+00
2.827935e+00
2.831196e+00
2.834457e+00
2.837717e+00
2.840977e+00
2.844238e+00
2.847499e+00
2.850759e+00
2.854020e+00
2.857280e+00
2.860541e+00
2.863802e+00
2.867062e+00
2.870322e+00
2.873583e+00
2.876843e+00
2.880104e+00
2.883365e+00
2.886625e+00
2.889886e+00
2.893146e+00
2.896407e+00
2.899667e+00
2.902928e+00
2.906189e+00
2.909449e+00
2.912710e+00
2.915970e+00
2.919230e+00
2.922491e+00
2.925752e+00
2.929012e+00
2.932273e+00
2.935533e+00
2.938794e+00
2.942055e+00
2.945315e+00
2.948575e+00
2.951836e+00
2.955097e+00
2.958357e+00
2.961617e+00
2.964878e+00
2.968138e+00
2.971399e+00
2.974660e+00
2.977920e+00
2.981181e+00
2.984441e+00
2.987702e+00
2.990962e+00
2.994223e+00
2.997484e+00
3.000744e+00
3.004005e+00
3.007265e+00
3.010525e+00
3.013786e+00
3.017047e+00
3.020307e+00
3.023568e+00
3.026828e+00
3.030089e+00
3.033350e+00
3.036610e+00
3.039870e+00
3.043131e+00
3.046392e+00
3.049652e+00
3.052913e+00
3.056173e+00
3.059433e+00
3.062694e+00
3.065955e+00
3.069215e+00
3.072476e+00
3.075736e+00
3.078997e+00
3.082257e+00
3.085518e+00
3.088779e+00
3.092039e+00
3.095300e+00
3.098560e+00
3.101820e+00
3.105081e+00
3.108342e+00
3.111602e+00
3.114863e+00
3.118123e+00
3.121384e+00
3.124645e+00
3.127905e+00
3.131165e+00
3.134426e+00
3.137687e+00
3.140947e+00
3.144208e+00
3.147468e+00
3.150728e+00
3.153990e+00
3.157250e+00
3.160510e+00
3.163771e+00
3.167031e+00
3.170292e+00
3.173552e+00
3.176813e+00
3.180074e+00
3.183334e+00
3.186595e+00
3.189855e+00
3.193115e+00
3.196376e+00
3.199637e+00
3.202897e+00
3.206158e+00
3.209418e+00
3.212679e+00
3.215940e+00
3.219200e+00
3.222943e+00
3.226686e+00
3.230430e+00
3.234173e+00
3.237916e+00
3.241660e+00
3.245402e+00
3.249146e+00
3.252889e+00
3.256632e+00
3.260376e+00
3.264119e+00
3.267862e+00
3.271605e+00
3.275349e+00
3.279092e+00
3.282835e+00
3.286578e+00
3.290322e+00
3.294065e+00
3.297808e+00
3.301551e+00
3.305295e+00
3.309038e+00
3.312781e+00
3.316525e+00
3.320267e+00
3.324011e+00
3.327754e+00
3.331497e+00
3.335241e+00
3.338984e+00
3.342727e+00
3.346470e+00
3.350214e+00
3.353957e+00
3.357700e+00
3.361443e+00
3.365187e+00
3.368929e+00
3.372673e+00
3.376417e+00
3.380159e+00
3.383903e+00
3.387646e+00
3.391389e+00
3.395132e+00
3.398876e+00
3.402619e+00
3.406362e+00
3.410105e+00
3.413849e+00
3.417592e+00
3.421335e+00
3.425079e+00
3.428822e+00
3.432565e+00
3.436308e+00
3.440052e+00
3.443795e+00
3.447538e+00
3.451281e+00
3.455024e+00
3.458768e+00
3.462511e+00
3.466254e+00
3.469998e+00
3.473741e+00
3.477484e+00
3.481227e+00
3.484970e+00
3.488714e+00
3.492457e+00
3.496200e+00
3.499944e+00
3.503686e+00
3.507430e+00
3.511173e+00
3.514916e+00
3.518660e+00
3.522403e+00
3.526146e+00
3.529889e+00
3.533632e+00
3.537376e+00
3.541119e+00
3.544862e+00
3.548606e+00
3.552349e+00
3.556092e+00
3.559835e+00
3.563578e+00
3.567322e+00
3.571065e+00
3.574808e+00
3.578551e+00
3.582295e+00
3.586038e+00
3.589781e+00
3.593525e+00
3.597268e+00
3.601011e+00
3.604754e+00
3.608498e+00
3.612241e+00
3.615984e+00
3.619727e+00
3.623471e+00
3.627213e+00
3.630957e+00
3.634701e+00
3.638443e+00
3.642187e+00
3.645930e+00
3.649673e+00
3.653416e+00
3.657160e+00
3.660903e+00
3.664646e+00
3.668389e+00
3.672133e+00
3.675876e+00
3.679619e+00
3.683363e+00
3.687105e+00
3.690849e+00
3.694592e+00
3.698335e+00
3.702079e+00
3.705822e+00
3.709565e+00
3.713308e+00
3.717052e+00
3.720795e+00
3.724538e+00
3.728281e+00
3.732025e+00
3.735768e+00
3.739511e+00
3.743254e+00
3.746998e+00
3.750741e+00
3.754484e+00
3.758228e+00
3.761970e+00
3.765714e+00
3.769457e+00
3.773200e+00
3.776944e+00
3.780687e+00
3.784430e+00
3.788173e+00
3.791916e+00
3.795660e+00
3.799403e+00
3.803146e+00
3.806890e+00
3.810632e+00
3.814376e+00
3.818119e+00
3.821862e+00
3.825606e+00
3.829349e+00
3.833092e+00
3.836835e+00
3.840579e+00
3.844322e+00
3.848065e+00
3.851808e+00
3.855552e+00
3.859295e+00
3.863038e+00
3.866781e+00
3.870525e+00
3.874268e+00
3.878011e+00
3.881755e+00
3.885497e+00
3.889241e+00
3.892984e+00
3.896727e+00
3.900471e+00
3.904214e+00
3.907957e+00
3.911700e+00
3.915444e+00
3.919187e+00
3.922930e+00
3.926673e+00
3.930417e+00
3.934159e+00
3.937903e+00
3.941647e+00
3.945389e+00
3.949133e+00
3.952876e+00
3.956619e+00
3.960362e+00
3.964106e+00
3.967849e+00
3.971592e+00
3.975335e+00
3.979079e+00
3.982822e+00
3.986565e+00
3.990309e+00
3.994052e+00
3.997795e+00
4.001538e+00
4.005282e+00
4.009025e+00
4.012768e+00
4.016511e+00
4.020254e+00
4.023998e+00
4.027741e+00
4.031484e+00
4.035228e+00
4.038971e+00
4.042714e+00
4.046457e+00
4.050200e+00
4.053944e+00
4.057687e+00
4.061430e+00
4.065174e+00
4.068916e+00
4.072660e+00
4.076403e+00
4.080146e+00
4.083890e+00
4.087633e+00
4.091376e+00
4.095119e+00
4.098862e+00
4.102606e+00
4.106349e+00
4.110092e+00
4.113836e+00
4.117579e+00
4.121322e+00
4.125065e+00
4.128808e+00
4.132552e+00
4.136295e+00
4.140038e+00
4.143781e+00
4.147525e+00
4.151268e+00
4.155011e+00
4.158755e+00
4.162498e+00
4.166241e+00
4.169984e+00
4.173728e+00
4.177471e+00
4.181214e+00
4.184957e+00
4.188701e+00
4.192443e+00
4.196187e+00
4.199931e+00
4.203673e+00
4.207417e+00
4.211160e+00
4.214903e+00
4.218646e+00
4.222390e+00
4.226133e+00
4.229876e+00
4.233619e+00
4.237363e+00
4.241106e+00
4.244849e+00
4.248593e+00
4.252335e+00
4.256079e+00
4.259822e+00
4.263565e+00
4.267309e+00
4.271052e+00
4.274795e+00
4.278538e+00
4.282282e+00
4.286025e+00
4.289768e+00
4.293511e+00
4.297255e+00
4.300998e+00
4.304741e+00
4.308484e+00
4.312228e+00
4.315971e+00
4.319714e+00
4.323458e+00
4.327200e+00
4.330944e+00
4.334687e+00
4.338430e+00
4.342174e+00
4.345917e+00
4.349660e+00
4.353781e+00
4.357902e+00
4.362023e+00
4.366145e+00
4.370266e+00
4.374387e+00
4.378508e+00
4.382629e+00
4.386750e+00
4.390871e+00
4.394992e+00
4.399114e+00
4.403234e+00
4.407356e+00
4.411477e+00
4.415598e+00
4.419719e+00
4.423840e+00
4.427961e+00
4.432082e+00
4.436203e+00
4.440325e+00
4.444445e+00
4.448567e+00
4.452688e+00
4.456809e+00
4.460930e+00
4.465051e+00
4.469172e+00
4.473293e+00
4.477414e+00
4.481536e+00
4.485657e+00
4.489778e+00
4.493899e+00
4.498020e+00
4.502141e+00
4.506262e+00
4.510384e+00
4.514505e+00
4.518626e+00
4.522747e+00
4.526868e+00
4.530989e+00
4.535110e+00
4.539231e+00
4.543353e+00
4.547474e+00
4.551595e+00
4.555716e+00
4.559837e+00
4.563958e+00
4.568079e+00
4.572200e+00
4.576322e+00
4.580442e+00
4.584564e+00
4.588684e+00
4.592806e+00
4.596927e+00
4.601048e+00
4.605169e+00
4.609290e+00
4.613411e+00
4.617532e+00
4.621653e+00
4.625775e+00
4.629896e+00
4.634017e+00
4.638138e+00
4.642259e+00
4.646380e+00
4.650501e+00
4.654623e+00
4.658744e+00
4.662865e+00
4.666986e+00
4.671107e+00
4.675228e+00
4.679349e+00
4.683470e+00
4.687592e+00
4.691713e+00
4.695834e+00
4.699955e+00
4.704076e+00
4.708197e+00
4.712318e+00
4.716439e+00
4.720561e+00
4.724681e+00
4.728803e+00
4.732923e+00
4.737045e+00
4.741166e+00
4.745287e+00
4.749408e+00
4.753529e+00
4.757650e+00
4.761771e+00
4.765892e+00
4.770014e+00
4.774135e+00
4.778256e+00
4.782377e+00
4.786498e+00
4.790619e+00
4.794740e+00
4.798862e+00
4.802983e+00
4.807104e+00
4.811225e+00
4.815346e+00
4.819467e+00
4.823588e+00
4.827710e+00
4.831831e+00
4.835952e+00
4.840073e+00
4.844194e+00
4.848315e+00
4.852436e+00
4.856558e+00
4.860678e+00
4.864800e+00
4.868920e+00
4.873042e+00
4.877162e+00
4.881284e+00
4.885405e+00
4.889526e+00
4.893647e+00
4.897768e+00
4.901889e+00
4.906010e+00
4.910132e+00
4.914253e+00
4.918374e+00
4.922495e+00
4.926616e+00
4.930737e+00
4.934858e+00
4.938980e+00
4.943101e+00
4.947222e+00
4.951343e+00
4.955464e+00
4.959585e+00
4.963706e+00
4.967828e+00
4.971949e+00
4.976070e+00
4.980191e+00
4.984312e+00
4.988433e+00
4.992554e+00
4.996675e+00
5.000797e+00
5.004917e+00
5.009039e+00
5.013159e+00
5.017281e+00
5.021402e+00
5.025523e+00
5.029644e+00
5.033765e+00
5.037886e+00
5.042007e+00
5.046128e+00
5.050250e+00
5.054371e+00
5.058492e+00
5.062613e+00
5.066734e+00
5.070855e+00
5.074976e+00
5.079097e+00
5.083219e+00
5.087340e+00
5.091461e+00
5.095582e+00
5.099703e+00
5.103824e+00
5.107945e+00
5.112067e+00
5.116188e+00
5.120309e+00
5.124430e+00
5.128551e+00
5.132672e+00
5.136793e+00
5.140914e+00
5.145036e+00
5.149156e+00
5.153278e+00
5.157398e+00
5.161520e+00
5.165641e+00
5.169762e+00
5.173883e+00
5.178004e+00
5.182125e+00
5.186246e+00
5.190367e+00
5.194489e+00
5.198610e+00
5.202731e+00
5.206852e+00
5.210973e+00
5.215094e+00
5.219215e+00
5.223336e+00
5.227458e+00
5.231579e+00
5.235700e+00
5.239821e+00
5.243942e+00
5.248063e+00
5.252184e+00
5.256306e+00
5.260427e+00
5.264548e+00
5.268669e+00
5.272790e+00
5.276911e+00
5.281032e+00
5.285153e+00
5.289275e+00
5.293395e+00
5.297517e+00
5.301638e+00
5.305759e+00
5.309880e+00
5.314001e+00
5.318122e+00
5.322243e+00
5.326364e+00
5.330486e+00
5.334606e+00
5.338728e+00
5.342849e+00
5.346970e+00
5.351091e+00
5.355212e+00
5.359333e+00
5.363454e+00
5.367575e+00
5.371697e+00
5.375818e+00
5.379939e+00
5.384060e+00
5.388181e+00
5.392302e+00
5.396423e+00
5.400545e+00
5.404666e+00
5.408787e+00
5.412908e+00
5.417029e+00
5.421150e+00
5.425271e+00
5.429392e+00
5.433514e+00
5.437634e+00
5.441756e+00
5.445877e+00
5.449998e+00
5.454119e+00
5.458240e+00
5.462361e+00
5.466482e+00
5.470603e+00
5.474725e+00
5.478845e+00
5.482967e+00
5.487088e+00
5.491209e+00
5.495330e+00
5.499451e+00
5.503572e+00
5.507693e+00
5.511814e+00
5.515936e+00
5.520057e+00
5.524178e+00
5.528299e+00
5.532420e+00
5.536541e+00
5.540662e+00
5.544784e+00
5.548905e+00
5.553026e+00
5.557147e+00
5.561268e+00
5.565389e+00
5.569510e+00
5.573631e+00
5.577753e+00
5.581874e+00
5.585995e+00
5.590116e+00
5.594237e+00
5.598358e+00
5.602479e+00
5.606600e+00
5.610722e+00
5.614842e+00
5.618964e+00
5.623084e+00
5.627206e+00
5.631327e+00
5.635448e+00
5.639569e+00
5.643690e+00
5.647811e+00
5.651932e+00
5.656053e+00
5.660175e+00
5.664296e+00
5.668417e+00
5.672538e+00
5.676659e+00
5.680780e+00
5.684901e+00
5.689023e+00
5.693144e+00
5.697265e+00
5.701386e+00
5.705507e+00
5.709628e+00
5.713749e+00
5.717870e+00
5.721992e+00
5.726113e+00
5.730234e+00
5.734355e+00
5.738476e+00
5.742597e+00
5.746718e+00
5.750839e+00
5.754961e+00
5.759081e+00
5.763203e+00
5.767323e+00
5.771445e+00
5.775566e+00
5.779687e+00
5.783808e+00
5.787929e+00
5.792050e+00
5.796171e+00
5.800292e+00
5.804414e+00
5.808535e+00
5.812656e+00
5.816777e+00
5.820898e+00
5.825019e+00
5.829140e+00
5.833262e+00
5.837383e+00
5.841504e+00
5.845625e+00
5.849746e+00
5.853867e+00
5.857988e+00
5.862110e+00
5.866231e+00
5.870352e+00
5.874473e+00
5.878594e+00
5.882715e+00
5.886836e+00
5.890958e+00
5.895078e+00
5.899200e+00
5.903320e+00
5.907442e+00
5.911562e+00
5.915684e+00
5.919805e+00
5.923926e+00
5.928047e+00
5.932168e+00
5.936289e+00
5.940410e+00
5.944532e+00
5.948653e+00
5.952774e+00
5.956895e+00
5.961016e+00
5.965137e+00
5.969258e+00
5.973380e+00
5.977501e+00
5.981622e+00
5.985743e+00
5.989864e+00
5.993985e+00
5.998106e+00
6.002228e+00
6.006349e+00
6.010470e+00
6.014591e+00
6.018712e+00
6.022833e+00
6.026954e+00
6.031075e+00
6.035197e+00
6.039317e+00
6.043439e+00
6.047559e+00
6.051681e+00
6.055802e+00
6.059923e+00
6.064044e+00
6.068165e+00
6.072286e+00
6.076407e+00
6.080528e+00
6.084650e+00
6.088771e+00
6.092892e+00
6.097013e+00
6.101134e+00
6.105255e+00
6.109376e+00
6.113497e+00
6.117619e+00
6.121740e+00
6.125861e+00
6.129982e+00
6.134103e+00
6.138224e+00
6.142345e+00
6.146467e+00
6.150588e+00
6.154709e+00
6.158830e+00
6.162951e+00
6.167072e+00
6.171193e+00
6.175314e+00
6.179436e+00
6.183556e+00
6.187678e+00
6.191798e+00
6.195920e+00
6.200041e+00
6.204162e+00
6.208283e+00
6.212404e+00
6.216525e+00
6.220646e+00
6.224767e+00
6.228889e+00
6.233010e+00
6.237131e+00
6.241252e+00
6.245373e+00
6.249494e+00
6.253615e+00
6.257736e+00
6.261858e+00
6.265979e+00
6.270100e+00
6.274221e+00
6.278342e+00
6.282463e+00
6.286584e+00
6.290706e+00
6.294827e+00
6.298948e+00
6.303069e+00
6.307190e+00
6.311311e+00
6.315432e+00
6.319553e+00
6.323675e+00
6.327795e+00
6.331917e+00
6.336038e+00
6.340159e+00
6.344280e+00
6.348401e+00
6.352522e+00
6.356643e+00
6.360764e+00
6.364886e+00
6.369006e+00
6.373128e+00
6.377249e+00
6.381370e+00
6.385491e+00
6.389612e+00
6.393733e+00
6.397854e+00
6.401975e+00
6.406097e+00
6.410218e+00
6.414339e+00
6.418460e+00
6.420259e+00
6.422058e+00
6.423856e+00
6.425655e+00
6.427453e+00
6.429252e+00
6.431050e+00
6.432850e+00
6.434648e+00
6.436447e+00
6.438245e+00
6.440044e+00
6.441843e+00
6.443642e+00
6.445441e+00
6.447239e+00
6.449038e+00
6.450836e+00
6.452635e+00
6.454433e+00
6.456232e+00
6.458031e+00
6.459830e+00
6.461628e+00
6.463427e+00
6.465226e+00
6.467025e+00
6.468824e+00
6.470622e+00
6.472421e+00
6.474219e+00
6.476018e+00
6.477816e+00
6.479615e+00
6.481414e+00
6.483213e+00
6.485011e+00
6.486810e+00
6.488609e+00
6.490408e+00
6.492207e+00
6.494005e+00
6.495804e+00
6.497602e+00
6.499401e+00
6.501199e+00
6.502998e+00
6.504797e+00
6.506596e+00
6.508394e+00
6.510193e+00
6.511992e+00
6.513790e+00
6.515590e+00
6.517388e+00
6.519187e+00
6.520985e+00
6.522784e+00
6.524582e+00
6.526381e+00
6.528180e+00
6.529979e+00
6.531777e+00
6.533576e+00
6.535375e+00
6.537173e+00
6.538972e+00
6.540770e+00
6.542570e+00
6.544368e+00
6.546167e+00
6.547965e+00
6.549764e+00
6.551563e+00
6.553362e+00
6.555160e+00
6.556959e+00
6.558758e+00
6.560556e+00
6.562355e+00
6.564153e+00
6.565952e+00
6.567751e+00
6.569550e+00
6.571348e+00
6.573147e+00
6.574946e+00
6.576745e+00
6.578543e+00
6.580342e+00
6.582141e+00
6.583939e+00
6.585738e+00
6.587536e+00
6.589335e+00
6.591134e+00
6.592933e+00
6.594731e+00
6.596530e+00
6.598329e+00
6.600128e+00
6.601926e+00
6.603725e+00
6.605524e+00
6.607322e+00
6.609121e+00
6.610919e+00
6.612718e+00
6.614517e+00
6.616316e+00
6.618114e+00
6.619913e+00
6.621712e+00
6.623510e+00
6.625309e+00
6.627108e+00
6.628907e+00
6.630705e+00
6.632504e+00
6.634302e+00
6.636101e+00
6.637900e+00
6.639699e+00
6.641497e+00
6.643296e+00
6.645095e+00
6.646893e+00
6.648692e+00
6.650490e+00
6.652290e+00
6.654088e+00
6.655887e+00
6.657685e+00
6.659484e+00
6.661283e+00
6.663082e+00
6.664880e+00
6.666679e+00
6.668478e+00
6.670276e+00
6.672075e+00
6.673873e+00
6.675672e+00
6.677471e+00
6.679270e+00
6.681068e+00
6.682867e+00
6.684666e+00
6.686465e+00
6.688263e+00
6.690062e+00
6.691861e+00
6.693659e+00
6.695458e+00
6.697256e+00
6.699055e+00
6.700854e+00
6.702653e+00
6.704451e+00
6.706250e+00
6.708049e+00
6.709848e+00
6.711646e+00
6.713445e+00
6.715244e+00
6.717042e+00
6.718841e+00
6.720639e+00
6.722438e+00
6.724237e+00
6.726036e+00
6.727834e+00
6.729633e+00
6.731432e+00
6.733230e+00
6.735029e+00
6.736828e+00
6.738627e+00
6.740425e+00
6.742224e+00
6.744022e+00
6.745821e+00
6.747620e+00
6.749419e+00
6.751217e+00
6.753016e+00
6.754815e+00
6.756613e+00
6.758412e+00
6.760210e+00
6.762010e+00
6.763808e+00
6.765607e+00
6.767405e+00
6.769204e+00
6.771003e+00
6.772802e+00
6.774600e+00
6.776399e+00
6.778198e+00
6.779996e+00
6.781795e+00
6.783593e+00
6.785392e+00
6.787191e+00
6.788990e+00
6.790788e+00
6.792587e+00
6.794386e+00
6.796185e+00
6.797983e+00
6.799782e+00
6.801581e+00
6.803379e+00
6.805178e+00
6.806976e+00
6.808775e+00
6.810574e+00
6.812372e+00
6.814171e+00
6.815970e+00
6.817769e+00
6.819568e+00
6.821366e+00
6.823165e+00
6.824964e+00
6.826762e+00
6.828561e+00
6.830359e+00
6.832158e+00
6.833957e+00
6.835755e+00
6.837554e+00
6.839353e+00
6.841152e+00
6.842950e+00
6.844749e+00
6.846548e+00
6.848347e+00
6.850145e+00
6.851944e+00
6.853742e+00
6.855541e+00
6.857340e+00
6.859138e+00
6.860937e+00
6.862736e+00
6.864535e+00
6.866333e+00
6.868132e+00
6.869930e+00
6.871730e+00
6.873528e+00
6.875327e+00
6.877125e+00
6.878924e+00
6.880723e+00
6.882522e+00
6.884320e+00
6.886119e+00
6.887918e+00
6.889716e+00
6.891515e+00
6.893313e+00
6.895112e+00
6.896911e+00
6.898710e+00
6.900508e+00
6.902307e+00
6.904106e+00
6.905905e+00
6.907703e+00
6.909502e+00
6.911301e+00
6.913099e+00
6.914898e+00
6.916696e+00
6.918495e+00
6.920294e+00
6.922092e+00
6.923891e+00
6.925690e+00
6.927489e+00
6.929288e+00
6.931086e+00
6.932885e+00
6.934684e+00
6.936482e+00
6.938281e+00
6.940079e+00
6.941878e+00
6.943677e+00
6.945475e+00
6.947274e+00
6.949073e+00
6.950872e+00
6.952670e+00
6.954469e+00
6.956268e+00
6.958067e+00
6.959865e+00
6.961664e+00
6.963462e+00
6.965261e+00
6.967060e+00
6.968858e+00
6.970657e+00
6.972456e+00
6.974255e+00
6.976053e+00
6.977852e+00
6.979650e+00
6.981450e+00
6.983248e+00
6.985047e+00
6.986845e+00
6.988644e+00
6.990443e+00
6.992241e+00
6.994040e+00
6.995839e+00
6.997638e+00
6.999436e+00
7.001235e+00
7.003033e+00
7.004832e+00
7.006631e+00
7.008430e+00
7.010228e+00
7.012027e+00
7.013826e+00
7.015624e+00
7.017423e+00
7.019222e+00
7.021021e+00
7.022819e+00
7.024618e+00
7.026416e+00
7.028215e+00
7.030014e+00
7.031812e+00
7.033611e+00
7.035410e+00
7.037209e+00
7.039007e+00
7.040806e+00
7.042605e+00
7.044404e+00
7.046202e+00
7.048001e+00
7.049799e+00
7.051598e+00
7.053397e+00
7.055195e+00
7.056994e+00
7.058793e+00
7.060592e+00
7.062390e+00
7.064189e+00
7.065988e+00
7.067787e+00
7.069585e+00
7.071384e+00
7.073182e+00
7.074981e+00
7.076780e+00
7.078578e+00
7.080377e+00
7.082176e+00
7.083975e+00
7.085773e+00
7.087572e+00
7.089370e+00
7.091170e+00
7.092968e+00
7.094767e+00
7.096565e+00
7.098364e+00
7.100163e+00
7.101961e+00
7.103760e+00
7.105559e+00
7.107358e+00
7.109156e+00
7.110955e+00
7.112753e+00
7.114552e+00
7.116351e+00
7.118150e+00
7.119948e+00
7.121747e+00
7.123546e+00
7.125344e+00
7.127143e+00
7.128942e+00
7.130741e+00
7.132539e+00
7.134338e+00
7.136136e+00
7.137935e+00
7.139734e+00
7.141532e+00
7.143331e+00
7.145130e+00
7.146929e+00
7.148727e+00
7.150526e+00
7.152325e+00
7.154124e+00
7.155922e+00
7.157721e+00
7.159519e+00
7.161318e+00
7.163117e+00
7.164915e+00
7.166714e+00
7.168513e+00
7.170312e+00
7.172110e+00
7.173909e+00
7.175708e+00
7.177507e+00
7.179305e+00
7.181104e+00
7.182902e+00
7.184701e+00
7.186500e+00
7.188298e+00
7.190097e+00
7.191896e+00
7.193695e+00
7.195493e+00
7.197292e+00
7.199090e+00
7.200890e+00
7.202688e+00
7.204487e+00
7.206285e+00
7.208084e+00
7.209883e+00
7.211681e+00
7.213480e+00
7.215279e+00
7.217078e+00
7.218876e+00
7.220675e+00
7.222473e+00
7.224272e+00
7.226070e+00
7.227870e+00
7.229668e+00
7.231467e+00
7.233266e+00
7.235064e+00
7.236863e+00
7.238662e+00
7.240461e+00
7.242259e+00
7.244058e+00
7.245856e+00
7.247655e+00
7.249453e+00
7.251252e+00
7.253051e+00
7.254850e+00
7.256649e+00
7.258447e+00
7.260246e+00
7.262045e+00
7.263844e+00
7.265642e+00
7.267441e+00
7.269239e+00
7.271038e+00
7.272836e+00
7.274635e+00
7.276434e+00
7.278233e+00
7.280032e+00
7.281830e+00
7.283629e+00
7.285428e+00
7.287227e+00
7.289025e+00
7.290824e+00
7.292622e+00
7.294421e+00
7.296219e+00
7.298018e+00
7.299817e+00
7.301616e+00
7.303415e+00
7.305213e+00
7.307012e+00
7.308810e+00
7.310610e+00
7.312408e+00
7.314207e+00
7.316005e+00
7.317804e+00
7.319602e+00
7.321401e+00
7.323200e+00
7.325000e+00
7.326801e+00
7.328602e+00
7.330403e+00
7.332203e+00
7.334004e+00
7.335804e+00
7.337605e+00
7.339406e+00
7.341207e+00
7.343007e+00
7.344807e+00
7.346608e+00
7.348409e+00
7.350210e+00
7.352010e+00
7.353811e+00
7.355611e+00
7.357412e+00
7.359213e+00
7.361013e+00
7.362814e+00
7.364614e+00
7.366415e+00
7.368216e+00
7.370016e+00
7.371817e+00
7.373618e+00
7.375418e+00
7.377219e+00
7.379019e+00
7.380820e+00
7.382621e+00
7.384421e+00
7.386222e+00
7.388022e+00
7.389824e+00
7.391624e+00
7.393425e+00
7.395225e+00
7.397026e+00
7.398827e+00
7.400627e+00
7.402428e+00
7.404228e+00
7.406029e+00
7.407830e+00
7.409630e+00
7.411431e+00
7.413232e+00
7.415032e+00
7.416832e+00
7.418633e+00
7.420434e+00
7.422235e+00
7.424035e+00
7.425836e+00
7.427636e+00
7.429437e+00
7.431238e+00
7.433039e+00
7.434839e+00
7.436639e+00
7.438440e+00
7.440241e+00
7.442042e+00
7.443842e+00
7.445643e+00
7.447443e+00
7.449244e+00
7.451045e+00
7.452845e+00
7.454646e+00
7.456446e+00
7.458247e+00
7.460048e+00
7.461848e+00
7.463649e+00
7.465450e+00
7.467250e+00
7.469051e+00
7.470851e+00
7.472652e+00
7.474453e+00
7.476253e+00
7.478054e+00
7.479854e+00
7.481656e+00
7.483456e+00
7.485257e+00
7.487057e+00
7.488858e+00
7.490659e+00
7.492459e+00
7.494260e+00
7.496060e+00
7.497861e+00
7.499662e+00
7.501462e+00
7.503263e+00
7.505064e+00
7.506864e+00
7.508665e+00
7.510465e+00
7.512266e+00
7.514067e+00
7.515867e+00
7.517668e+00
7.519468e+00
7.521269e+00
7.523070e+00
7.524871e+00
7.526671e+00
7.528471e+00
7.530272e+00
7.532073e+00
7.533874e+00
7.535674e+00
7.537475e+00
7.539275e+00
7.541076e+00
7.542877e+00
7.544677e+00
7.546478e+00
7.548278e+00
7.550079e+00
7.551880e+00
7.553680e+00
7.555481e+00
7.557282e+00
7.559082e+00
7.560883e+00
7.562683e+00
7.564484e+00
7.566285e+00
7.568085e+00
7.569886e+00
7.571686e+00
7.573488e+00
7.575288e+00
7.577089e+00
7.578889e+00
7.580690e+00
7.582491e+00
7.584291e+00
7.586092e+00
7.587892e+00
7.589693e+00
7.591494e+00
7.593294e+00
7.595095e+00
7.596896e+00
7.598696e+00
7.600497e+00
7.602297e+00
7.604098e+00
7.605899e+00
7.607699e+00
7.609500e+00
7.611300e+00
7.613101e+00
7.614902e+00
7.616703e+00
7.618503e+00
7.620303e+00
7.622104e+00
7.623905e+00
7.625706e+00
7.627506e+00
7.629307e+00
7.631107e+00
7.632908e+00
7.634709e+00
7.636509e+00
7.638310e+00
7.640110e+00
7.641911e+00
7.643712e+00
7.645512e+00
7.647313e+00
7.649114e+00
7.650914e+00
7.652715e+00
7.654515e+00
7.656316e+00
7.658117e+00
7.659917e+00
7.661718e+00
7.663518e+00
7.665320e+00
7.667120e+00
7.668921e+00
7.670721e+00
7.672522e+00
7.674323e+00
7.676123e+00
7.677924e+00
7.679724e+00
7.681525e+00
7.683326e+00
7.685126e+00
7.686927e+00
7.688728e+00
7.690528e+00
7.692329e+00
7.694129e+00
7.695930e+00
7.697731e+00
7.699531e+00
7.701332e+00
7.703132e+00
7.704933e+00
7.706734e+00
7.708535e+00
7.710335e+00
7.712135e+00
7.713936e+00
7.715737e+00
7.717538e+00
7.719338e+00
7.721139e+00
7.722939e+00
7.724740e+00
7.726541e+00
7.728342e+00
7.730142e+00
7.731942e+00
7.733743e+00
7.735544e+00
7.737345e+00
7.739145e+00
7.740946e+00
7.742746e+00
7.744547e+00
7.746348e+00
7.748149e+00
7.749949e+00
7.751749e+00
7.753550e+00
7.755350e+00
7.757152e+00
7.758952e+00
7.760753e+00
7.762553e+00
7.764354e+00
7.766155e+00
7.767955e+00
7.769756e+00
7.771556e+00
7.773357e+00
7.775158e+00
7.776958e+00
7.778759e+00
7.780560e+00
7.782360e+00
7.784161e+00
7.785961e+00
7.787762e+00
7.789563e+00
7.791363e+00
7.793164e+00
7.794964e+00
7.796766e+00
7.798566e+00
7.800367e+00
7.802167e+00
7.803967e+00
7.805768e+00
7.807569e+00
7.809370e+00
7.811170e+00
7.812971e+00
7.814771e+00
7.816572e+00
7.818373e+00
7.820174e+00
7.821974e+00
7.823774e+00
7.825575e+00
7.827376e+00
7.829177e+00
7.830977e+00
7.832778e+00
7.834578e+00
7.836379e+00
7.838180e+00
7.839981e+00
7.841781e+00
7.843581e+00
7.845382e+00
7.847183e+00
7.848984e+00
7.850784e+00
7.852585e+00
7.854385e+00
7.856186e+00
7.857987e+00
7.859787e+00
7.861588e+00
7.863388e+00
7.865189e+00
7.866990e+00
7.868790e+00
7.870591e+00
7.872392e+00
7.874192e+00
7.875993e+00
7.877793e+00
7.879594e+00
7.881395e+00
7.883195e+00
7.884996e+00
7.886796e+00
7.888598e+00
7.890398e+00
7.892199e+00
7.893999e+00
7.895800e+00
7.897601e+00
7.899401e+00
7.901202e+00
7.903002e+00
7.904803e+00
7.906604e+00
7.908404e+00
7.910205e+00
7.912006e+00
7.913806e+00
7.915607e+00
7.917407e+00
7.919208e+00
7.921009e+00
7.922809e+00
7.924610e+00
7.926410e+00
7.928211e+00
7.930012e+00
7.931813e+00
7.933613e+00
7.935413e+00
7.937214e+00
7.939015e+00
7.940816e+00
7.942616e+00
7.944417e+00
7.946217e+00
7.948018e+00
7.949819e+00
7.951619e+00
7.953420e+00
7.955220e+00
7.957021e+00
7.958822e+00
7.960622e+00
7.962423e+00
7.964224e+00
7.966024e+00
7.967825e+00
7.969625e+00
7.971426e+00
7.973227e+00
7.975027e+00
7.976828e+00
7.978628e+00
7.980430e+00
7.982230e+00
7.984031e+00
7.985831e+00
7.987632e+00
7.989433e+00
7.991233e+00
7.993034e+00
7.994834e+00
7.996635e+00
7.998436e+00
8.000236e+00
8.002037e+00
8.003838e+00
8.005638e+00
8.007439e+00
8.009239e+00
8.011040e+00
8.012841e+00
8.014641e+00
8.016442e+00
8.018242e+00
8.020043e+00
8.021844e+00
8.023645e+00
8.025445e+00
8.027245e+00
8.029046e+00
8.030847e+00
8.032648e+00
8.034448e+00
8.036249e+00
8.038049e+00
8.039850e+00
8.041651e+00
8.043451e+00
8.045252e+00
8.047052e+00
8.048853e+00
8.050654e+00
8.052454e+00
8.054255e+00
8.056056e+00
8.057856e+00
8.059657e+00
8.061457e+00
8.063258e+00
8.065059e+00
8.066859e+00
8.068660e+00
8.070460e+00
8.072262e+00
8.074062e+00
8.075863e+00
8.077663e+00
8.079464e+00
8.081265e+00
8.083065e+00
8.084866e+00
8.086666e+00
8.088467e+00
8.090268e+00
8.092068e+00
8.093869e+00
8.095670e+00
8.097470e+00
8.099271e+00
8.101071e+00
8.102872e+00
8.104673e+00
8.106473e+00
8.108274e+00
8.110074e+00
8.111875e+00
8.113676e+00
8.115477e+00
8.117277e+00
8.119077e+00
8.120878e+00
8.122679e+00
8.124480e+00
8.126280e+00
8.128081e+00
8.129881e+00
8.131682e+00
8.133483e+00
8.135284e+00
8.137084e+00
8.138884e+00
8.140685e+00
8.142486e+00
8.144286e+00
8.146087e+00
8.147888e+00
8.149688e+00
8.151489e+00
8.153289e+00
8.155090e+00
8.156891e+00
8.158691e+00
8.160492e+00
8.162292e+00
8.164094e+00
8.165894e+00
8.167695e+00
8.169495e+00
8.171296e+00
8.173097e+00
8.174897e+00
8.176698e+00
8.178498e+00
8.180299e+00
8.182100e+00
8.183900e+00
8.185701e+00
8.187502e+00
8.189302e+00
