2.368333e-04
2.995506e-04
3.622678e-04
4.249850e-04
4.877022e-04
5.504194e-04
6.131367e-04
6.758539e-04
7.385711e-04
8.012883e-04
8.640056e-04
9.267228e-04
9.894400e-04
1.052158e-03
1.114874e-03
1.177592e-03
1.240309e-03
1.303026e-03
1.365743e-03
1.428461e-03
1.491178e-03
1.553895e-03
1.616613e-03
1.679329e-03
1.742047e-03
1.804764e-03
1.867481e-03
1.930198e-03
1.992916e-03
2.055632e-03
2.118350e-03
2.235807e-03
2.353265e-03
2.470723e-03
2.588180e-03
2.705638e-03
2.823095e-03
2.940552e-03
3.058010e-03
3.175468e-03
3.292925e-03
3.410383e-03
3.527840e-03
3.645297e-03
3.762755e-03
3.880213e-03
3.997670e-03
4.115128e-03
4.232585e-03
4.350042e-03
4.467500e-03
4.534400e-03
4.601300e-03
4.668200e-03
4.735100e-03
4.802000e-03
4.868900e-03
4.935800e-03
5.002700e-03
5.069600e-03
5.136500e-03
5.203400e-03
5.270300e-03
5.337200e-03
5.404100e-03
5.471000e-03
5.537900e-03
5.604800e-03
5.671700e-03
5.645294e-03
5.805500e-03
5.965706e-03
6.125911e-03
6.286117e-03
6.446322e-03
6.606528e-03
6.766733e-03
6.926939e-03
7.087144e-03
7.247350e-03
7.407556e-03
7.567761e-03
7.727967e-03
7.888172e-03
8.048378e-03
8.208583e-03
8.368789e-03
8.528994e-03
8.689200e-03
8.849406e-03
9.009611e-03
9.169817e-03
9.330022e-03
9.490228e-03
9.650433e-03
9.810639e-03
9.970844e-03
1.013105e-02
1.029126e-02
1.045146e-02
1.061167e-02
1.072435e-02
1.083703e-02
1.094972e-02
1.106240e-02
1.117508e-02
1.128777e-02
1.140045e-02
1.151313e-02
1.162582e-02
1.173850e-02
1.185118e-02
1.196387e-02
1.207655e-02
1.218923e-02
1.230192e-02
1.241460e-02
1.252728e-02
1.263997e-02
1.275265e-02
1.286533e-02
1.297802e-02
1.309070e-02
1.320338e-02
1.331607e-02
1.342875e-02
1.354143e-02
1.365412e-02
1.376680e-02
1.387948e-02
1.399217e-02
1.410485e-02
1.421753e-02
1.433022e-02
1.444290e-02
1.455558e-02
1.466827e-02
1.478095e-02
1.489363e-02
1.500632e-02
1.511900e-02
1.523168e-02
1.534437e-02
1.545705e-02
1.556973e-02
1.568242e-02
1.579510e-02
1.590778e-02
1.602047e-02
1.613315e-02
1.624583e-02
1.639442e-02
1.654300e-02
1.669158e-02
1.684017e-02
1.698875e-02
1.713733e-02
1.728592e-02
1.743450e-02
1.758308e-02
1.773167e-02
1.788025e-02
1.802883e-02
1.817742e-02
1.832600e-02
1.847458e-02
1.862317e-02
1.877175e-02
1.892033e-02
1.906892e-02
1.921750e-02
1.936608e-02
1.951467e-02
1.966325e-02
1.981183e-02
1.996042e-02
2.010900e-02
2.025758e-02
2.040617e-02
2.055475e-02
2.070333e-02
2.085192e-02
2.100050e-02
2.114908e-02
2.129767e-02
2.144625e-02
2.159483e-02
2.174342e-02
2.189200e-02
2.204058e-02
2.218917e-02
2.233775e-02
2.248633e-02
2.263492e-02
2.278350e-02
2.293208e-02
2.308067e-02
2.322925e-02
2.337783e-02
2.352642e-02
2.367500e-02
2.365852e-02
2.364203e-02
2.362555e-02
2.360907e-02
2.359258e-02
2.357610e-02
2.355962e-02
2.354313e-02
2.352665e-02
2.351017e-02
2.349368e-02
2.347720e-02
2.346072e-02
2.344423e-02
2.342775e-02
2.341127e-02
2.339478e-02
2.337830e-02
2.336182e-02
2.334533e-02
2.332885e-02
2.331237e-02
2.329588e-02
2.327940e-02
2.326292e-02
2.324643e-02
2.322995e-02
2.321347e-02
2.319698e-02
2.318050e-02
2.316402e-02
2.314753e-02
2.313105e-02
2.311457e-02
2.309808e-02
2.308160e-02
2.306512e-02
2.304863e-02
2.303215e-02
2.301567e-02
2.299918e-02
2.298270e-02
2.296622e-02
2.294973e-02
2.293325e-02
2.291677e-02
2.290028e-02
2.288380e-02
2.286732e-02
2.285083e-02
2.283435e-02
2.281787e-02
2.280138e-02
2.278490e-02
2.276842e-02
2.275193e-02
2.273545e-02
2.271897e-02
2.270248e-02
2.268600e-02
2.266952e-02
2.265303e-02
2.263655e-02
2.262007e-02
2.260358e-02
2.258710e-02
2.257062e-02
2.255413e-02
2.253765e-02
2.252117e-02
2.250468e-02
2.248820e-02
2.247172e-02
2.245523e-02
2.243875e-02
2.242227e-02
2.240578e-02
2.238930e-02
2.237282e-02
2.235633e-02
2.233985e-02
2.232337e-02
2.230688e-02
2.229040e-02
2.227392e-02
2.225743e-02
2.224095e-02
2.222447e-02
2.220798e-02
2.219150e-02
2.217502e-02
2.215853e-02
2.214205e-02
2.212557e-02
2.210908e-02
2.209260e-02
2.207612e-02
2.205963e-02
2.204315e-02
2.202667e-02
2.213461e-02
2.224255e-02
2.235049e-02
2.245843e-02
2.256637e-02
2.267432e-02
2.278226e-02
2.289020e-02
2.299814e-02
2.310608e-02
2.321403e-02
2.332197e-02
2.342991e-02
2.353785e-02
2.364579e-02
2.375373e-02
2.386167e-02
2.396962e-02
2.407756e-02
2.418550e-02
2.429344e-02
2.440138e-02
2.450932e-02
2.461727e-02
2.472521e-02
2.483315e-02
2.494109e-02
2.504903e-02
2.515697e-02
2.526492e-02
2.537286e-02
2.548080e-02
2.558874e-02
2.569668e-02
2.580463e-02
2.591257e-02
2.602051e-02
2.612845e-02
2.623639e-02
2.634433e-02
2.645228e-02
2.656022e-02
2.666816e-02
2.677610e-02
2.688404e-02
2.699198e-02
2.709993e-02
2.720787e-02
2.731581e-02
2.742375e-02
2.753169e-02
2.763963e-02
2.774758e-02
2.785552e-02
2.796346e-02
2.807140e-02
2.817934e-02
2.828728e-02
2.839522e-02
2.850317e-02
2.861111e-02
2.871905e-02
2.882699e-02
2.893493e-02
2.904287e-02
2.915082e-02
2.925876e-02
2.936670e-02
2.947464e-02
2.958258e-02
2.969052e-02
2.979847e-02
2.990641e-02
3.001435e-02
3.012229e-02
3.023023e-02
3.033817e-02
3.044612e-02
3.055406e-02
3.066200e-02
3.076994e-02
3.087788e-02
3.098583e-02
3.109377e-02
3.120171e-02
3.130965e-02
3.141759e-02
3.152553e-02
3.163348e-02
3.174142e-02
3.184936e-02
3.195730e-02
3.206524e-02
3.217318e-02
3.228113e-02
3.238907e-02
3.249701e-02
3.260495e-02
3.271289e-02
3.282083e-02
3.294720e-02
3.307357e-02
3.319993e-02
3.332630e-02
3.345267e-02
3.357903e-02
3.370540e-02
3.383177e-02
3.395813e-02
3.408450e-02
3.421087e-02
3.433723e-02
3.446360e-02
3.458997e-02
3.471633e-02
3.484270e-02
3.496907e-02
3.509543e-02
3.522180e-02
3.534817e-02
3.547453e-02
3.560090e-02
3.572727e-02
3.585363e-02
3.598000e-02
3.610637e-02
3.623273e-02
3.635910e-02
3.648547e-02
3.661183e-02
3.673820e-02
3.686457e-02
3.699093e-02
3.711730e-02
3.724367e-02
3.737003e-02
3.749640e-02
3.762277e-02
3.774913e-02
3.787550e-02
3.800187e-02
3.812823e-02
3.825460e-02
3.838097e-02
3.850733e-02
3.863370e-02
3.876007e-02
3.888643e-02
3.901280e-02
3.913917e-02
3.926553e-02
3.939190e-02
3.951827e-02
3.964463e-02
3.977100e-02
3.989737e-02
4.002373e-02
4.015010e-02
4.027647e-02
4.040283e-02
4.052920e-02
4.065557e-02
4.078193e-02
4.090830e-02
4.103467e-02
4.116103e-02
4.128740e-02
4.141377e-02
4.154013e-02
4.166650e-02
4.179287e-02
4.191923e-02
4.204560e-02
4.217197e-02
4.229833e-02
4.242470e-02
4.255107e-02
4.267743e-02
4.280380e-02
4.293017e-02
4.305653e-02
4.318290e-02
4.330927e-02
4.343563e-02
4.356200e-02
4.368837e-02
4.381473e-02
4.394110e-02
4.406747e-02
4.419383e-02
4.432020e-02
4.444657e-02
4.457293e-02
4.469930e-02
4.482567e-02
4.495203e-02
4.507840e-02
4.520477e-02
4.533113e-02
4.545750e-02
4.558387e-02
4.571023e-02
4.583660e-02
4.596297e-02
4.608933e-02
4.621570e-02
4.634207e-02
4.646843e-02
4.659480e-02
4.672117e-02
4.684753e-02
4.697390e-02
4.710027e-02
4.722663e-02
4.735300e-02
4.747937e-02
4.760573e-02
4.773210e-02
4.785847e-02
4.798483e-02
4.811120e-02
4.823757e-02
4.836393e-02
4.849030e-02
4.861667e-02
4.874303e-02
4.886940e-02
4.899577e-02
4.912213e-02
4.924850e-02
4.937487e-02
4.950123e-02
4.962760e-02
4.975397e-02
4.988033e-02
5.000670e-02
5.013307e-02
5.025943e-02
5.038580e-02
5.051217e-02
5.063853e-02
5.076490e-02
5.089127e-02
5.101763e-02
5.114400e-02
5.127037e-02
5.139673e-02
5.152310e-02
5.164947e-02
5.177583e-02
5.190220e-02
5.202857e-02
5.215493e-02
5.228130e-02
5.240767e-02
5.253403e-02
5.266040e-02
5.278677e-02
5.291313e-02
5.303950e-02
5.316587e-02
5.329223e-02
5.341860e-02
5.354497e-02
5.367133e-02
5.379770e-02
5.392407e-02
5.405043e-02
5.417680e-02
5.430317e-02
5.442953e-02
5.455590e-02
5.468227e-02
5.480863e-02
5.493500e-02
5.506137e-02
5.518773e-02
5.531410e-02
5.544047e-02
5.556683e-02
5.569320e-02
5.581957e-02
5.594593e-02
5.607230e-02
5.619867e-02
5.632503e-02
5.645140e-02
5.657777e-02
5.670413e-02
5.683050e-02
5.695687e-02
5.708323e-02
5.720960e-02
5.733597e-02
5.746233e-02
5.758870e-02
5.771507e-02
5.784143e-02
5.796780e-02
5.809417e-02
5.831729e-02
5.854042e-02
5.876354e-02
5.898667e-02
5.920979e-02
5.943292e-02
5.965604e-02
5.987917e-02
6.010229e-02
6.032542e-02
6.054854e-02
6.077167e-02
6.099479e-02
6.121792e-02
6.144104e-02
6.166417e-02
6.188729e-02
6.211042e-02
6.233354e-02
6.255667e-02
6.277979e-02
6.300292e-02
6.322604e-02
6.344917e-02
6.367229e-02
6.389542e-02
6.411854e-02
6.434167e-02
6.456479e-02
6.478792e-02
6.501104e-02
6.523417e-02
6.545729e-02
6.568042e-02
6.590354e-02
6.612667e-02
6.634979e-02
6.657292e-02
6.679604e-02
6.701917e-02
6.724229e-02
6.746542e-02
6.768854e-02
6.791167e-02
6.813479e-02
6.835792e-02
6.858104e-02
6.880417e-02
6.902729e-02
6.925042e-02
6.947354e-02
6.969667e-02
6.991979e-02
7.014292e-02
7.036604e-02
7.058917e-02
7.081229e-02
7.103542e-02
7.125854e-02
7.148167e-02
7.170479e-02
7.192792e-02
7.215104e-02
7.237417e-02
7.259729e-02
7.282042e-02
7.304354e-02
7.326667e-02
7.348979e-02
7.371292e-02
7.393604e-02
7.415917e-02
7.438229e-02
7.460542e-02
7.482854e-02
7.505167e-02
7.527479e-02
7.549792e-02
7.572104e-02
7.594417e-02
7.616729e-02
7.639042e-02
7.661354e-02
7.683667e-02
7.705979e-02
7.728292e-02
7.750604e-02
7.772917e-02
7.795229e-02
7.817542e-02
7.839854e-02
7.862167e-02
7.884479e-02
7.906792e-02
7.929104e-02
7.951417e-02
7.973729e-02
7.996042e-02
8.018354e-02
8.040667e-02
8.140210e-02
8.239752e-02
8.339295e-02
8.438838e-02
8.538381e-02
8.637923e-02
8.737466e-02
8.837009e-02
8.936552e-02
9.036094e-02
9.135637e-02
9.235180e-02
9.334723e-02
9.434265e-02
9.533808e-02
9.633351e-02
9.732893e-02
9.832436e-02
9.931979e-02
1.003152e-01
1.013106e-01
1.023061e-01
1.033015e-01
1.042969e-01
1.052924e-01
1.062878e-01
1.072832e-01
1.082786e-01
1.092741e-01
1.102695e-01
1.112649e-01
1.122603e-01
1.132558e-01
1.142512e-01
1.152466e-01
1.162421e-01
1.172375e-01
1.182329e-01
1.192283e-01
1.202238e-01
1.212192e-01
1.222146e-01
1.232100e-01
1.242055e-01
1.252009e-01
1.261963e-01
1.271918e-01
1.281872e-01
1.291826e-01
1.301780e-01
1.311735e-01
1.321689e-01
1.331643e-01
1.341597e-01
1.351552e-01
1.361506e-01
1.371460e-01
1.381415e-01
1.391369e-01
1.401323e-01
1.411277e-01
1.421232e-01
1.431186e-01
1.441140e-01
1.451094e-01
1.461049e-01
1.471003e-01
1.480957e-01
1.490912e-01
1.500866e-01
1.510820e-01
1.520774e-01
1.530729e-01
1.540683e-01
1.550637e-01
1.560591e-01
1.570546e-01
1.580500e-01
1.590454e-01
1.600409e-01
1.610363e-01
1.620317e-01
1.630271e-01
1.640226e-01
1.650180e-01
1.660134e-01
1.670088e-01
1.680043e-01
1.689997e-01
1.699951e-01
1.709906e-01
1.719860e-01
1.729814e-01
1.739768e-01
1.749723e-01
1.759677e-01
1.769631e-01
1.779585e-01
1.789540e-01
1.799494e-01
1.809448e-01
1.819403e-01
1.829357e-01
1.839311e-01
1.849265e-01
1.859220e-01
1.869174e-01
1.879128e-01
1.889083e-01
1.899037e-01
1.908991e-01
1.918945e-01
1.928900e-01
1.938854e-01
1.948808e-01
1.958762e-01
1.968717e-01
1.978671e-01
1.988625e-01
1.998580e-01
2.008534e-01
2.018488e-01
2.028442e-01
2.038397e-01
2.048351e-01
2.058305e-01
2.068259e-01
2.078214e-01
2.088168e-01
2.098122e-01
2.108077e-01
2.118031e-01
2.127985e-01
2.137939e-01
2.147894e-01
2.157848e-01
2.167802e-01
2.177756e-01
2.187711e-01
2.197665e-01
2.207619e-01
2.217574e-01
2.227528e-01
2.237482e-01
2.247436e-01
2.257391e-01
2.267345e-01
2.277299e-01
2.287253e-01
2.297208e-01
2.307162e-01
2.317116e-01
2.327071e-01
2.337025e-01
2.346979e-01
2.356933e-01
2.366888e-01
2.376842e-01
2.386796e-01
2.396750e-01
2.406705e-01
2.416659e-01
2.426613e-01
2.436568e-01
2.446522e-01
2.456476e-01
2.466430e-01
2.476385e-01
2.486339e-01
2.496293e-01
2.506247e-01
2.516202e-01
2.526156e-01
2.536110e-01
2.546065e-01
2.556019e-01
2.565973e-01
2.575927e-01
2.585882e-01
2.595836e-01
2.605790e-01
2.615744e-01
2.625699e-01
2.635653e-01
2.645607e-01
2.655562e-01
2.665516e-01
2.675470e-01
2.685424e-01
2.695379e-01
2.705333e-01
2.715287e-01
2.725241e-01
2.735196e-01
2.745150e-01
2.755104e-01
2.765059e-01
2.775013e-01
2.784967e-01
2.794921e-01
2.804876e-01
2.814830e-01
2.824784e-01
2.834738e-01
2.844693e-01
2.854647e-01
2.864601e-01
2.874556e-01
2.884510e-01
2.894464e-01
2.904418e-01
2.914373e-01
2.924327e-01
2.934281e-01
2.944235e-01
2.954190e-01
2.964144e-01
2.974098e-01
2.984053e-01
2.994007e-01
3.003961e-01
3.013915e-01
3.023870e-01
3.033824e-01
3.043778e-01
3.053733e-01
3.063687e-01
3.073641e-01
3.083595e-01
3.093550e-01
3.103504e-01
3.113458e-01
3.123412e-01
3.133367e-01
3.143321e-01
3.153275e-01
3.163230e-01
3.173184e-01
3.183138e-01
3.193092e-01
3.203047e-01
3.213001e-01
3.222955e-01
3.232909e-01
3.242864e-01
3.252818e-01
3.262772e-01
3.272727e-01
3.282681e-01
3.292635e-01
3.302589e-01
3.312544e-01
3.322498e-01
3.332452e-01
3.342406e-01
3.352361e-01
3.362315e-01
3.372269e-01
3.382224e-01
3.392178e-01
3.402132e-01
3.412086e-01
3.422041e-01
3.431995e-01
3.441949e-01
3.451903e-01
3.461858e-01
3.471812e-01
3.481766e-01
3.491721e-01
3.501675e-01
3.511629e-01
3.521583e-01
3.531538e-01
3.541492e-01
3.551446e-01
3.561400e-01
3.571355e-01
3.581309e-01
3.591263e-01
3.601218e-01
3.611172e-01
3.621126e-01
3.631080e-01
3.641035e-01
3.650989e-01
3.660943e-01
3.670897e-01
3.680852e-01
3.690806e-01
3.700760e-01
3.710715e-01
3.720669e-01
3.730623e-01
3.740577e-01
3.750532e-01
3.760486e-01
3.770440e-01
3.780394e-01
3.790349e-01
3.800303e-01
3.810257e-01
3.820212e-01
3.830166e-01
3.840120e-01
3.850074e-01
3.860029e-01
3.869983e-01
3.879937e-01
3.889891e-01
3.899846e-01
3.909800e-01
3.919754e-01
3.929709e-01
3.939663e-01
3.949617e-01
3.959571e-01
3.969526e-01
3.979480e-01
3.989434e-01
3.999388e-01
4.009343e-01
4.019297e-01
4.029251e-01
4.039206e-01
4.049160e-01
4.059114e-01
4.069068e-01
4.079023e-01
4.088977e-01
4.098931e-01
4.108885e-01
4.118840e-01
4.128794e-01
4.138748e-01
4.148703e-01
4.158657e-01
4.168611e-01
4.178565e-01
4.188520e-01
4.198474e-01
4.208428e-01
4.218382e-01
4.228337e-01
4.238291e-01
4.248245e-01
4.258200e-01
4.268154e-01
4.278108e-01
4.288062e-01
4.298017e-01
4.307971e-01
4.317925e-01
4.327880e-01
4.337834e-01
4.347788e-01
4.357742e-01
4.367697e-01
4.377651e-01
4.387605e-01
4.397559e-01
4.407514e-01
4.417468e-01
4.427422e-01
4.437377e-01
4.447331e-01
4.457285e-01
4.467239e-01
4.477194e-01
4.487148e-01
4.497102e-01
4.507056e-01
4.517011e-01
4.526965e-01
4.536919e-01
4.546874e-01
4.556828e-01
4.566782e-01
4.576736e-01
4.586691e-01
4.596645e-01
4.606599e-01
4.616553e-01
4.626508e-01
4.636462e-01
4.646416e-01
4.656371e-01
4.666325e-01
4.676279e-01
4.686233e-01
4.696188e-01
4.706142e-01
4.716096e-01
4.726050e-01
4.736005e-01
4.745959e-01
4.755913e-01
4.765868e-01
4.775822e-01
4.785776e-01
4.795730e-01
4.805685e-01
4.815639e-01
4.825593e-01
4.835547e-01
4.845502e-01
4.855456e-01
4.875045e-01
4.894634e-01
4.914223e-01
4.933812e-01
4.953402e-01
4.972991e-01
4.992580e-01
5.012169e-01
5.031759e-01
5.051348e-01
5.070937e-01
5.090526e-01
5.110115e-01
5.129705e-01
5.149294e-01
5.168883e-01
5.188472e-01
5.208062e-01
5.227651e-01
5.247240e-01
5.266829e-01
5.286418e-01
5.306008e-01
5.325597e-01
5.345186e-01
5.364775e-01
5.384365e-01
5.403954e-01
5.423543e-01
5.443132e-01
5.462721e-01
5.482311e-01
5.501900e-01
5.521489e-01
5.541078e-01
5.560668e-01
5.580257e-01
5.599846e-01
5.619435e-01
5.639024e-01
5.658614e-01
5.678203e-01
5.697792e-01
5.717381e-01
5.736971e-01
5.756560e-01
5.776149e-01
5.795738e-01
5.815327e-01
5.834917e-01
5.854506e-01
5.874095e-01
5.893684e-01
5.913274e-01
5.932863e-01
5.952452e-01
5.972041e-01
5.991630e-01
6.011220e-01
6.030809e-01
6.050398e-01
6.069987e-01
6.089577e-01
6.109166e-01
6.128755e-01
6.148344e-01
6.167933e-01
6.187523e-01
6.207112e-01
6.226701e-01
6.246290e-01
6.265880e-01
6.285469e-01
6.305058e-01
6.324647e-01
6.344236e-01
6.363826e-01
6.383415e-01
6.403004e-01
6.422593e-01
6.442183e-01
6.461772e-01
6.481361e-01
6.500950e-01
6.520539e-01
6.540129e-01
6.559718e-01
6.579307e-01
6.598896e-01
6.618486e-01
6.638075e-01
6.657664e-01
6.677253e-01
6.696842e-01
6.716432e-01
6.736021e-01
6.755610e-01
6.775199e-01
6.794789e-01
6.814378e-01
6.836390e-01
6.858403e-01
6.880415e-01
6.902428e-01
6.924441e-01
6.946453e-01
6.968465e-01
6.990479e-01
7.012491e-01
7.034503e-01
7.056516e-01
7.078528e-01
7.100541e-01
7.122553e-01
7.144566e-01
7.166578e-01
7.188591e-01
7.210604e-01
7.232616e-01
7.254629e-01
7.276641e-01
7.298654e-01
7.320667e-01
7.342679e-01
7.364691e-01
7.386704e-01
7.408716e-01
7.430729e-01
7.452742e-01
7.474754e-01
7.496766e-01
7.518780e-01
7.540792e-01
7.562804e-01
7.584817e-01
7.606829e-01
7.628842e-01
7.650855e-01
7.672867e-01
7.694879e-01
7.716893e-01
7.738905e-01
7.760917e-01
7.782930e-01
7.804943e-01
7.826955e-01
7.848968e-01
7.870980e-01
7.892992e-01
7.915005e-01
7.937018e-01
7.959030e-01
7.981043e-01
8.003056e-01
8.025068e-01
8.047081e-01
8.069093e-01
8.091106e-01
8.113118e-01
8.135130e-01
8.157143e-01
8.179156e-01
8.201168e-01
8.223181e-01
8.245194e-01
8.267206e-01
8.289218e-01
8.311231e-01
8.333244e-01
8.355256e-01
8.377269e-01
8.399281e-01
8.421293e-01
8.443307e-01
8.465319e-01
8.487331e-01
8.509344e-01
8.531357e-01
8.553369e-01
8.575382e-01
8.597394e-01
8.619407e-01
8.641419e-01
8.663432e-01
8.685444e-01
8.707457e-01
8.729470e-01
8.751482e-01
8.773495e-01
8.795507e-01
8.817520e-01
8.839532e-01
8.861545e-01
8.883557e-01
8.905570e-01
8.927582e-01
8.949595e-01
8.971608e-01
8.993620e-01
9.015632e-01
9.037645e-01
9.059658e-01
9.081670e-01
9.103683e-01
9.125695e-01
9.147708e-01
9.169721e-01
9.191733e-01
9.213745e-01
9.235758e-01
9.257771e-01
9.279783e-01
9.301796e-01
9.323808e-01
9.345821e-01
9.367834e-01
9.389846e-01
9.411858e-01
9.433871e-01
9.455884e-01
9.477896e-01
9.499909e-01
9.521921e-01
9.543934e-01
9.565946e-01
9.587959e-01
9.609971e-01
9.631984e-01
9.653996e-01
9.676009e-01
9.698022e-01
9.720034e-01
9.742047e-01
9.764059e-01
9.786072e-01
9.808084e-01
9.830097e-01
9.852109e-01
9.874122e-01
9.896137e-01
9.918147e-01
9.940158e-01
9.962174e-01
9.984185e-01
1.000620e+00
1.002821e+00
1.005022e+00
1.007223e+00
1.009425e+00
1.011626e+00
1.013827e+00
1.016029e+00
1.018230e+00
1.020431e+00
1.022632e+00
1.024834e+00
1.027035e+00
1.029236e+00
1.031437e+00
1.033638e+00
1.035840e+00
1.038041e+00
1.040242e+00
1.042444e+00
1.044645e+00
1.046846e+00
1.049047e+00
1.051249e+00
1.053450e+00
1.055651e+00
1.057853e+00
1.060053e+00
1.062255e+00
1.064456e+00
1.066657e+00
1.068859e+00
1.071060e+00
1.073261e+00
1.075462e+00
1.077664e+00
1.079865e+00
1.082066e+00
1.084267e+00
1.086469e+00
1.088670e+00
1.090871e+00
1.093072e+00
1.095274e+00
1.097475e+00
1.099676e+00
1.101878e+00
1.104079e+00
1.106280e+00
1.108481e+00
1.110683e+00
1.112884e+00
1.115085e+00
1.117286e+00
1.119487e+00
1.121689e+00
1.123890e+00
1.126260e+00
1.128629e+00
1.130999e+00
1.133369e+00
1.135738e+00
1.138108e+00
1.140478e+00
1.142847e+00
1.145217e+00
1.147587e+00
1.149956e+00
1.152326e+00
1.154695e+00
1.157065e+00
1.159435e+00
1.161804e+00
1.164174e+00
1.166543e+00
1.168913e+00
1.171283e+00
1.173653e+00
1.176022e+00
1.178392e+00
1.180761e+00
1.183131e+00
1.185501e+00
1.187870e+00
1.190240e+00
1.192609e+00
1.194980e+00
1.197349e+00
1.199719e+00
1.202088e+00
1.204457e+00
1.206827e+00
1.209197e+00
1.211567e+00
1.213936e+00
1.216306e+00
1.218675e+00
1.221045e+00
1.223415e+00
1.225784e+00
1.228154e+00
1.230524e+00
1.232894e+00
1.235263e+00
1.237632e+00
1.240002e+00
1.242372e+00
1.244741e+00
1.247111e+00
1.249481e+00
1.251850e+00
1.254220e+00
1.256590e+00
1.258959e+00
1.261329e+00
1.263699e+00
1.266068e+00
1.268438e+00
1.270808e+00
1.273177e+00
1.275547e+00
1.277917e+00
1.280286e+00
1.282656e+00
1.285026e+00
1.287395e+00
1.289765e+00
1.292135e+00
1.294504e+00
1.296874e+00
1.299244e+00
1.301613e+00
1.303983e+00
1.306352e+00
1.308722e+00
1.311092e+00
1.313461e+00
1.315831e+00
1.318201e+00
1.320570e+00
1.322940e+00
1.325310e+00
1.327679e+00
1.330049e+00
1.332418e+00
1.334788e+00
1.337158e+00
1.339527e+00
1.341897e+00
1.344266e+00
1.346636e+00
1.349006e+00
1.351376e+00
1.353745e+00
1.356114e+00
1.358484e+00
1.360854e+00
1.363224e+00
1.365593e+00
1.367963e+00
1.370332e+00
1.372702e+00
1.375072e+00
1.377441e+00
1.379811e+00
1.382180e+00
1.384550e+00
1.386920e+00
1.389289e+00
1.391659e+00
1.394029e+00
1.396398e+00
1.398768e+00
1.401138e+00
1.403507e+00
1.405877e+00
1.408247e+00
1.410616e+00
1.412986e+00
1.415356e+00
1.417725e+00
1.420095e+00
1.422465e+00
1.424834e+00
1.427204e+00
1.429574e+00
1.431943e+00
1.434313e+00
1.436683e+00
1.439052e+00
1.441422e+00
1.443792e+00
1.446161e+00
1.448531e+00
1.450900e+00
1.453270e+00
1.455640e+00
1.458009e+00
1.460379e+00
1.462749e+00
1.465118e+00
1.467488e+00
1.469858e+00
1.472227e+00
1.474596e+00
1.476967e+00
1.479336e+00
1.481706e+00
1.484075e+00
1.486445e+00
1.488815e+00
1.491184e+00
1.493554e+00
1.495923e+00
1.498293e+00
1.500662e+00
1.503032e+00
1.505402e+00
1.507771e+00
1.510141e+00
1.512511e+00
1.514881e+00
1.517250e+00
1.519620e+00
1.521989e+00
1.524359e+00
1.526729e+00
1.529098e+00
1.531468e+00
1.533837e+00
1.536207e+00
1.538577e+00
1.540946e+00
1.543316e+00
1.545686e+00
1.548055e+00
1.550425e+00
1.552795e+00
1.555164e+00
1.557534e+00
1.559904e+00
1.562273e+00
1.564643e+00
1.567013e+00
1.569382e+00
1.571752e+00
1.574122e+00
1.576491e+00
1.578861e+00
1.581231e+00
1.583600e+00
1.585970e+00
1.588340e+00
1.590709e+00
1.593079e+00
1.595448e+00
1.597818e+00
1.600188e+00
1.602557e+00
1.604927e+00
1.607297e+00
1.609666e+00
1.612036e+00
1.614405e+00
1.616775e+00
1.619145e+00
1.621514e+00
1.623884e+00
1.626253e+00
1.628623e+00
1.630993e+00
1.633363e+00
1.635732e+00
1.638102e+00
1.640471e+00
1.642841e+00
1.645211e+00
1.647580e+00
1.649950e+00
1.652319e+00
1.654689e+00
1.657059e+00
1.659428e+00
1.661798e+00
1.664167e+00
1.666537e+00
1.668907e+00
1.671277e+00
1.673646e+00
1.676016e+00
1.678385e+00
1.680755e+00
1.683125e+00
1.685494e+00
1.687864e+00
1.690234e+00
1.692603e+00
1.694973e+00
1.697343e+00
1.699712e+00
1.702082e+00
1.704452e+00
1.706821e+00
1.709191e+00
1.711561e+00
1.713930e+00
1.716300e+00
1.718670e+00
1.721039e+00
1.723409e+00
1.725779e+00
1.728148e+00
1.730518e+00
1.732887e+00
1.735257e+00
1.737627e+00
1.739996e+00
1.742366e+00
1.744736e+00
1.747105e+00
1.749475e+00
1.751845e+00
1.754214e+00
1.756584e+00
1.758954e+00
1.761323e+00
1.763693e+00
1.766062e+00
1.768432e+00
1.770802e+00
1.773171e+00
1.775541e+00
1.777910e+00
1.780280e+00
1.782650e+00
1.785020e+00
1.787389e+00
1.789759e+00
1.792128e+00
1.794498e+00
1.796868e+00
1.799237e+00
1.801607e+00
1.803976e+00
1.806346e+00
1.808716e+00
1.811085e+00
1.813455e+00
1.815824e+00
1.818194e+00
1.820564e+00
1.822933e+00
1.825303e+00
1.827673e+00
1.830042e+00
1.832412e+00
1.834782e+00
1.837151e+00
1.839521e+00
1.843109e+00
1.846698e+00
1.850286e+00
1.853874e+00
1.857463e+00
1.861051e+00
1.864640e+00
1.868228e+00
1.871816e+00
1.875405e+00
1.878993e+00
1.882581e+00
1.886170e+00
1.889758e+00
1.893345e+00
1.896934e+00
1.900522e+00
1.904111e+00
1.907699e+00
1.911287e+00
1.914876e+00
1.918464e+00
1.922052e+00
1.925641e+00
1.929229e+00
1.932817e+00
1.936406e+00
1.939994e+00
1.943583e+00
1.947171e+00
1.950759e+00
1.954348e+00
1.957936e+00
1.961524e+00
1.965113e+00
1.968701e+00
1.972289e+00
1.975877e+00
1.979466e+00
1.983054e+00
1.986642e+00
1.990231e+00
1.993819e+00
1.997407e+00
2.000995e+00
2.004584e+00
2.008172e+00
2.011760e+00
2.015349e+00
2.018937e+00
2.022526e+00
2.026114e+00
2.029702e+00
2.033291e+00
2.036879e+00
2.040467e+00
2.044056e+00
2.047644e+00
2.051232e+00
2.054820e+00
2.058409e+00
2.061997e+00
2.065585e+00
2.069174e+00
2.072762e+00
2.076350e+00
2.079938e+00
2.083527e+00
2.087115e+00
2.090703e+00
2.094292e+00
2.097880e+00
2.101469e+00
2.105057e+00
2.108645e+00
2.112234e+00
2.115822e+00
2.119410e+00
2.122998e+00
2.126587e+00
2.130175e+00
2.133763e+00
2.137352e+00
2.140940e+00
2.144528e+00
2.148116e+00
2.151705e+00
2.155293e+00
2.158881e+00
2.162470e+00
2.166058e+00
2.169646e+00
2.173235e+00
2.176823e+00
2.180412e+00
2.184000e+00
2.187588e+00
2.191177e+00
2.194765e+00
2.198353e+00
2.201941e+00
2.205529e+00
2.209118e+00
2.212706e+00
2.216294e+00
2.219883e+00
2.223471e+00
2.227059e+00
2.230648e+00
2.234236e+00
2.237824e+00
2.241413e+00
2.245001e+00
2.248589e+00
2.252178e+00
2.255766e+00
2.259354e+00
2.262943e+00
2.266531e+00
2.270120e+00
2.273708e+00
2.277296e+00
2.280885e+00
2.284473e+00
2.288061e+00
2.291650e+00
2.295238e+00
2.298826e+00
2.302415e+00
2.306002e+00
2.309591e+00
2.313179e+00
2.316767e+00
2.320356e+00
2.323944e+00
2.327532e+00
2.331121e+00
2.334709e+00
2.338297e+00
2.341886e+00
2.345474e+00
2.349063e+00
2.352651e+00
2.356239e+00
2.359828e+00
2.363416e+00
2.367004e+00
2.370593e+00
2.374181e+00
2.377769e+00
2.381358e+00
2.384946e+00
2.388534e+00
2.392122e+00
2.395711e+00
2.399299e+00
2.402887e+00
2.406475e+00
2.410064e+00
2.413652e+00
2.417240e+00
2.420829e+00
2.424417e+00
2.428006e+00
2.431594e+00
2.435182e+00
2.438771e+00
2.442359e+00
2.445947e+00
2.449536e+00
2.453124e+00
2.456712e+00
2.460301e+00
2.463889e+00
2.467477e+00
2.471065e+00
2.474654e+00
2.478242e+00
2.481830e+00
2.485418e+00
2.489007e+00
2.492595e+00
2.496183e+00
2.499772e+00
2.503360e+00
2.506949e+00
2.510537e+00
2.514125e+00
2.517714e+00
2.521302e+00
2.524890e+00
2.528479e+00
2.532067e+00
2.535655e+00
2.539243e+00
2.542832e+00
2.546420e+00
2.550008e+00
2.553597e+00
2.557185e+00
2.560773e+00
2.564032e+00
2.567292e+00
2.570551e+00
2.573810e+00
2.577070e+00
2.580329e+00
2.583588e+00
2.586848e+00
2.590107e+00
2.593366e+00
2.596626e+00
2.599885e+00
2.603144e+00
2.606404e+00
2.609662e+00
2.612922e+00
2.616181e+00
2.619440e+00
2.622700e+00
2.625959e+00
2.629219e+00
2.632477e+00
2.635736e+00
2.638996e+00
2.642255e+00
2.645514e+00
2.648774e+00
2.652033e+00
2.655292e+00
2.658552e+00
2.661811e+00
2.665070e+00
2.668330e+00
2.671589e+00
2.674848e+00
2.678108e+00
2.681367e+00
2.684626e+00
2.687886e+00
2.691145e+00
2.694404e+00
2.697663e+00
2.700922e+00
2.704182e+00
2.707441e+00
2.710700e+00
2.713960e+00
2.717219e+00
2.720478e+00
2.723737e+00
2.726996e+00
2.730256e+00
2.733515e+00
2.736774e+00
2.740034e+00
2.743293e+00
2.746552e+00
2.749812e+00
2.753071e+00
2.756330e+00
2.759590e+00
2.762849e+00
2.766108e+00
2.769368e+00
2.772626e+00
2.775886e+00
2.779145e+00
2.782404e+00
2.785664e+00
2.788923e+00
2.792182e+00
2.795441e+00
2.798701e+00
2.801960e+00
2.805219e+00
2.808479e+00
2.811738e+00
2.814997e+00
2.818257e+00
2.821516e+00
2.824775e+00
2.828035e+00
2.831294e+00
2.834553e+00
2.837812e+00
2.841072e+00
2.844331e+00
2.847590e+00
2.850850e+00
2.854109e+00
2.857368e+00
2.860627e+00
2.863886e+00
2.867146e+00
2.870405e+00
2.873664e+00
2.876924e+00
2.880183e+00
2.883442e+00
2.886701e+00
2.889961e+00
2.893220e+00
2.896479e+00
2.899739e+00
2.902998e+00
2.906257e+00
2.909517e+00
2.912776e+00
2.916035e+00
2.919294e+00
2.922554e+00
2.925813e+00
2.929072e+00
2.932332e+00
2.935590e+00
2.938850e+00
2.942109e+00
2.945368e+00
2.948628e+00
2.951887e+00
2.955146e+00
2.958406e+00
2.961665e+00
2.964924e+00
2.968183e+00
2.971443e+00
2.974702e+00
2.977961e+00
2.981221e+00
2.984480e+00
2.987739e+00
2.990999e+00
2.994258e+00
2.997517e+00
3.000776e+00
3.004036e+00
3.007295e+00
3.010554e+00
3.013814e+00
3.017073e+00
3.020332e+00
3.023591e+00
3.026850e+00
3.030110e+00
3.033369e+00
3.036628e+00
3.039888e+00
3.043147e+00
3.046406e+00
3.049666e+00
3.052925e+00
3.056184e+00
3.059443e+00
3.062703e+00
3.065962e+00
3.069221e+00
3.072481e+00
3.075740e+00
3.078999e+00
3.082258e+00
3.085518e+00
3.088777e+00
3.092036e+00
3.095296e+00
3.098555e+00
3.101814e+00
3.105073e+00
3.108332e+00
3.111592e+00
3.114851e+00
3.118110e+00
3.121370e+00
3.124629e+00
3.127888e+00
3.131148e+00
3.134407e+00
3.137666e+00
3.140926e+00
3.144185e+00
3.147444e+00
3.150704e+00
3.153963e+00
3.157222e+00
3.160481e+00
3.163740e+00
3.167000e+00
3.170259e+00
3.173518e+00
3.176778e+00
3.180036e+00
3.183296e+00
3.186555e+00
3.189814e+00
3.193074e+00
3.196333e+00
3.199592e+00
3.202852e+00
3.206111e+00
3.209370e+00
3.212630e+00
3.215889e+00
3.219630e+00
3.223370e+00
3.227111e+00
3.230852e+00
3.234593e+00
3.238334e+00
3.242074e+00
3.245815e+00
3.249556e+00
3.253297e+00
3.257038e+00
3.260779e+00
3.264519e+00
3.268260e+00
3.272001e+00
3.275742e+00
3.279482e+00
3.283223e+00
3.286964e+00
3.290705e+00
3.294445e+00
3.298186e+00
3.301927e+00
3.305668e+00
3.309409e+00
3.313150e+00
3.316890e+00
3.320631e+00
3.324371e+00
3.328112e+00
3.331853e+00
3.335594e+00
3.339335e+00
3.343076e+00
3.346816e+00
3.350557e+00
3.354298e+00
3.358039e+00
3.361779e+00
3.365520e+00
3.369261e+00
3.373002e+00
3.376742e+00
3.380483e+00
3.384224e+00
3.387965e+00
3.391706e+00
3.395447e+00
3.399187e+00
3.402928e+00
3.406669e+00
3.410410e+00
3.414150e+00
3.417891e+00
3.421632e+00
3.425373e+00
3.429113e+00
3.432854e+00
3.436595e+00
3.440336e+00
3.444077e+00
3.447817e+00
3.451558e+00
3.455299e+00
3.459039e+00
3.462780e+00
3.466522e+00
3.470262e+00
3.474003e+00
3.477744e+00
3.481484e+00
3.485225e+00
3.488966e+00
3.492707e+00
3.496448e+00
3.500188e+00
3.503929e+00
3.507670e+00
3.511411e+00
3.515152e+00
3.518892e+00
3.522633e+00
3.526374e+00
3.530114e+00
3.533856e+00
3.537597e+00
3.541337e+00
3.545078e+00
3.548819e+00
3.552559e+00
3.556300e+00
3.560041e+00
3.563782e+00
3.567523e+00
3.571263e+00
3.575004e+00
3.578745e+00
3.582486e+00
3.586227e+00
3.589968e+00
3.593708e+00
3.597449e+00
3.601189e+00
3.604931e+00
3.608671e+00
3.612412e+00
3.616153e+00
3.619894e+00
3.623634e+00
3.627375e+00
3.631116e+00
3.634857e+00
3.638598e+00
3.642338e+00
3.646079e+00
3.649820e+00
3.653560e+00
3.657301e+00
3.661042e+00
3.664783e+00
3.668524e+00
3.672265e+00
3.676005e+00
3.679746e+00
3.683487e+00
3.687228e+00
3.690968e+00
3.694709e+00
3.698450e+00
3.702191e+00
3.705931e+00
3.709672e+00
3.713413e+00
3.717154e+00
3.720895e+00
3.724635e+00
3.728376e+00
3.732117e+00
3.735858e+00
3.739599e+00
3.743339e+00
3.747080e+00
3.750821e+00
3.754562e+00
3.758302e+00
3.762043e+00
3.765784e+00
3.769525e+00
3.773266e+00
3.777006e+00
3.780747e+00
3.784488e+00
3.788228e+00
3.791969e+00
3.795711e+00
3.799451e+00
3.803192e+00
3.806932e+00
3.810673e+00
3.814414e+00
3.818155e+00
3.821896e+00
3.825637e+00
3.829377e+00
3.833118e+00
3.836859e+00
3.840600e+00
3.844341e+00
3.848081e+00
3.851822e+00
3.855563e+00
3.859303e+00
3.863044e+00
3.866786e+00
3.870526e+00
3.874267e+00
3.878008e+00
3.881748e+00
3.885489e+00
3.889230e+00
3.892971e+00
3.896712e+00
3.900452e+00
3.904193e+00
3.907934e+00
3.911675e+00
3.915416e+00
3.919157e+00
3.922897e+00
3.926638e+00
3.930378e+00
3.934119e+00
3.937860e+00
3.941601e+00
3.945342e+00
3.949083e+00
3.952823e+00
3.956564e+00
3.960305e+00
3.964046e+00
3.967787e+00
3.971527e+00
3.975268e+00
3.979009e+00
3.982750e+00
3.986490e+00
3.990231e+00
3.993972e+00
3.997713e+00
4.001454e+00
4.005194e+00
4.008935e+00
4.012676e+00
4.016417e+00
4.020157e+00
4.023898e+00
4.027639e+00
4.031380e+00
4.035120e+00
4.038861e+00
4.042602e+00
4.046343e+00
4.050084e+00
4.053824e+00
4.057565e+00
4.061306e+00
4.065047e+00
4.068788e+00
4.072528e+00
4.076269e+00
4.080010e+00
4.083750e+00
4.087491e+00
4.091232e+00
4.094973e+00
4.098714e+00
4.102455e+00
4.106195e+00
4.109936e+00
4.113677e+00
4.117418e+00
4.121158e+00
4.124899e+00
4.128640e+00
4.132381e+00
4.136121e+00
4.139862e+00
4.143603e+00
4.147344e+00
4.151085e+00
4.154826e+00
4.158566e+00
4.162307e+00
4.166048e+00
4.169789e+00
4.173530e+00
4.177270e+00
4.181011e+00
4.184752e+00
4.188492e+00
4.192233e+00
4.195975e+00
4.199715e+00
4.203456e+00
4.207196e+00
4.210937e+00
4.214678e+00
4.218419e+00
4.222160e+00
4.225901e+00
4.229641e+00
4.233382e+00
4.237123e+00
4.240864e+00
4.244605e+00
4.248345e+00
4.252086e+00
4.255827e+00
4.259567e+00
4.263308e+00
4.267049e+00
4.270790e+00
4.274531e+00
4.278272e+00
4.282012e+00
4.285753e+00
4.289494e+00
4.293235e+00
4.296976e+00
4.300716e+00
4.304457e+00
4.308198e+00
4.311939e+00
4.315679e+00
4.319420e+00
4.323161e+00
4.326902e+00
4.330642e+00
4.334383e+00
4.338124e+00
4.341865e+00
4.345606e+00
4.349722e+00
4.353839e+00
4.357956e+00
4.362073e+00
4.366190e+00
4.370306e+00
4.374423e+00
4.378540e+00
4.382656e+00
4.386773e+00
4.390890e+00
4.395007e+00
4.399123e+00
4.403240e+00
4.407357e+00
4.411473e+00
4.415590e+00
4.419707e+00
4.423824e+00
4.427941e+00
4.432057e+00
4.436174e+00
4.440291e+00
4.444407e+00
4.448525e+00
4.452641e+00
4.456758e+00
4.460875e+00
4.464992e+00
4.469108e+00
4.473225e+00
4.477342e+00
4.481459e+00
4.485576e+00
4.489692e+00
4.493809e+00
4.497925e+00
4.502042e+00
4.506159e+00
4.510276e+00
4.514393e+00
4.518509e+00
4.522626e+00
4.526743e+00
4.530859e+00
4.534976e+00
4.539093e+00
4.543210e+00
4.547326e+00
4.551443e+00
4.555560e+00
4.559677e+00
4.563794e+00
4.567910e+00
4.572027e+00
4.576144e+00
4.580261e+00
4.584377e+00
4.588494e+00
4.592611e+00
4.596728e+00
4.600845e+00
4.604961e+00
4.609078e+00
4.613194e+00
4.617311e+00
4.621428e+00
4.625545e+00
4.629662e+00
4.633778e+00
4.637895e+00
4.642012e+00
4.646128e+00
4.650246e+00
4.654362e+00
4.658479e+00
4.662596e+00
4.666712e+00
4.670829e+00
4.674946e+00
4.679063e+00
4.683180e+00
4.687296e+00
4.691413e+00
4.695530e+00
4.699646e+00
4.703763e+00
4.707880e+00
4.711997e+00
4.716114e+00
4.720230e+00
4.724347e+00
4.728463e+00
4.732580e+00
4.736698e+00
4.740814e+00
4.744931e+00
4.749047e+00
4.753164e+00
4.757281e+00
4.761398e+00
4.765515e+00
4.769631e+00
4.773748e+00
4.777865e+00
4.781982e+00
4.786098e+00
4.790215e+00
4.794332e+00
4.798449e+00
4.802566e+00
4.806682e+00
4.810799e+00
4.814915e+00
4.819032e+00
4.823150e+00
4.827266e+00
4.831383e+00
4.835499e+00
4.839616e+00
4.843733e+00
4.847849e+00
4.851967e+00
4.856083e+00
4.860200e+00
4.864317e+00
4.868433e+00
4.872550e+00
4.876667e+00
4.880784e+00
4.884901e+00
4.889017e+00
4.893134e+00
4.897251e+00
4.901367e+00
4.905485e+00
4.909601e+00
4.913718e+00
4.917835e+00
4.921951e+00
4.926068e+00
4.930184e+00
4.934302e+00
4.938419e+00
4.942535e+00
4.946652e+00
4.950768e+00
4.954885e+00
4.959002e+00
4.963119e+00
4.967236e+00
4.971352e+00
4.975469e+00
4.979586e+00
4.983702e+00
4.987819e+00
4.991936e+00
4.996053e+00
5.000170e+00
5.004287e+00
5.008403e+00
5.012520e+00
5.016637e+00
5.020754e+00
5.024870e+00
5.028987e+00
5.033104e+00
5.037220e+00
5.041337e+00
5.045454e+00
5.049571e+00
5.053688e+00
5.057804e+00
5.061921e+00
5.066038e+00
5.070154e+00
5.074271e+00
5.078388e+00
5.082505e+00
5.086621e+00
5.090738e+00
5.094855e+00
5.098972e+00
5.103088e+00
5.107206e+00
5.111322e+00
5.115439e+00
5.119556e+00
5.123672e+00
5.127789e+00
5.131906e+00
5.136023e+00
5.140140e+00
5.144256e+00
5.148373e+00
5.152489e+00
5.156606e+00
5.160723e+00
5.164840e+00
5.168957e+00
5.173073e+00
5.177190e+00
5.181307e+00
5.185423e+00
5.189540e+00
5.193657e+00
5.197774e+00
5.201891e+00
5.206007e+00
5.210124e+00
5.214241e+00
5.218358e+00
5.222475e+00
5.226591e+00
5.230708e+00
5.234825e+00
5.238941e+00
5.243058e+00
5.247175e+00
5.251292e+00
5.255409e+00
5.259525e+00
5.263642e+00
5.267759e+00
5.271875e+00
5.275992e+00
5.280109e+00
5.284226e+00
5.288342e+00
5.292459e+00
5.296576e+00
5.300693e+00
5.304809e+00
5.308926e+00
5.313043e+00
5.317160e+00
5.321277e+00
5.325393e+00
5.329510e+00
5.333627e+00
5.337744e+00
5.341861e+00
5.345977e+00
5.350094e+00
5.354211e+00
5.358327e+00
5.362444e+00
5.366561e+00
5.370678e+00
5.374794e+00
5.378911e+00
5.383028e+00
5.387144e+00
5.391261e+00
5.395378e+00
5.399495e+00
5.403612e+00
5.407728e+00
5.411845e+00
5.415962e+00
5.420078e+00
5.424196e+00
5.428312e+00
5.432429e+00
5.436546e+00
5.440663e+00
5.444779e+00
5.448896e+00
5.453013e+00
5.457130e+00
5.461246e+00
5.465363e+00
5.469480e+00
5.473596e+00
5.477713e+00
5.481830e+00
5.485947e+00
5.490063e+00
5.494180e+00
5.498297e+00
5.502414e+00
5.506530e+00
5.510647e+00
5.514764e+00
5.518881e+00
5.522997e+00
5.527114e+00
5.531231e+00
5.535348e+00
5.539465e+00
5.543582e+00
5.547698e+00
5.551815e+00
5.555932e+00
5.560048e+00
5.564165e+00
5.568282e+00
5.572399e+00
5.576516e+00
5.580632e+00
5.584749e+00
5.588865e+00
5.592982e+00
5.597099e+00
5.601216e+00
5.605333e+00
5.609449e+00
5.613566e+00
5.617683e+00
5.621799e+00
5.625916e+00
5.630033e+00
5.634150e+00
5.638267e+00
5.642383e+00
5.646500e+00
5.650617e+00
5.654734e+00
5.658851e+00
5.662967e+00
5.667084e+00
5.671201e+00
5.675317e+00
5.679434e+00
5.683551e+00
5.687668e+00
5.691785e+00
5.695901e+00
5.700018e+00
5.704134e+00
5.708251e+00
5.712368e+00
5.716485e+00
5.720602e+00
5.724718e+00
5.728835e+00
5.732952e+00
5.737069e+00
5.741186e+00
5.745302e+00
5.749419e+00
5.753536e+00
5.757653e+00
5.761769e+00
5.765886e+00
5.770003e+00
5.774120e+00
5.778237e+00
5.782353e+00
5.786470e+00
5.790586e+00
5.794703e+00
5.798821e+00
5.802937e+00
5.807054e+00
5.811170e+00
5.815287e+00
5.819404e+00
5.823520e+00
5.827638e+00
5.831754e+00
5.835871e+00
5.839988e+00
5.844104e+00
5.848221e+00
5.852338e+00
5.856455e+00
5.860572e+00
5.864688e+00
5.868805e+00
5.872922e+00
5.877038e+00
5.881155e+00
5.885272e+00
5.889389e+00
5.893506e+00
5.897622e+00
5.901739e+00
5.905855e+00
5.909973e+00
5.914090e+00
5.918206e+00
5.922323e+00
5.926439e+00
5.930556e+00
5.934673e+00
5.938790e+00
5.942907e+00
5.947023e+00
5.951140e+00
5.955257e+00
5.959373e+00
5.963490e+00
5.967607e+00
5.971724e+00
5.975841e+00
5.979958e+00
5.984074e+00
5.988191e+00
5.992307e+00
5.996425e+00
6.000541e+00
6.004658e+00
6.008775e+00
6.012891e+00
6.017008e+00
6.021124e+00
6.025242e+00
6.029359e+00
6.033475e+00
6.037592e+00
6.041709e+00
6.045825e+00
6.049942e+00
6.054059e+00
6.058176e+00
6.062292e+00
6.066409e+00
6.070526e+00
6.074643e+00
6.078759e+00
6.082877e+00
6.086993e+00
6.091110e+00
6.095227e+00
6.099343e+00
6.103460e+00
6.107577e+00
6.111694e+00
6.115811e+00
6.119927e+00
6.124044e+00
6.128160e+00
6.132277e+00
6.136394e+00
6.140511e+00
6.144628e+00
6.148744e+00
6.152861e+00
6.156978e+00
6.161094e+00
6.165211e+00
6.169328e+00
6.173445e+00
6.177562e+00
6.181678e+00
6.185795e+00
6.189912e+00
6.194029e+00
6.198146e+00
6.202262e+00
6.206379e+00
6.210496e+00
6.214612e+00
6.218729e+00
6.222846e+00
6.226963e+00
6.231080e+00
6.235196e+00
6.239313e+00
6.243429e+00
6.247546e+00
6.251663e+00
6.255780e+00
6.259897e+00
6.264013e+00
6.268130e+00
6.272247e+00
6.276364e+00
6.280480e+00
6.284597e+00
6.288714e+00
6.292831e+00
6.296948e+00
6.301064e+00
6.305181e+00
6.309298e+00
6.313415e+00
6.317532e+00
6.321648e+00
6.325765e+00
6.329882e+00
6.333998e+00
6.338115e+00
6.342232e+00
6.346349e+00
6.350465e+00
6.354582e+00
6.358699e+00
6.362815e+00
6.366932e+00
6.371049e+00
6.375166e+00
6.379283e+00
6.383399e+00
6.387516e+00
6.391633e+00
6.395749e+00
6.399867e+00
6.403983e+00
6.408100e+00
6.412217e+00
6.414029e+00
6.415841e+00
6.417652e+00
6.419464e+00
6.421276e+00
6.423088e+00
6.424899e+00
6.426711e+00
6.428523e+00
6.430335e+00
6.432147e+00
6.433959e+00
6.435771e+00
6.437582e+00
6.439394e+00
6.441206e+00
6.443018e+00
6.444830e+00
6.446642e+00
6.448453e+00
6.450265e+00
6.452077e+00
6.453889e+00
6.455700e+00
6.457512e+00
6.459324e+00
6.461136e+00
6.462948e+00
6.464760e+00
6.466572e+00
6.468383e+00
6.470195e+00
6.472007e+00
6.473819e+00
6.475631e+00
6.477443e+00
6.479254e+00
6.481066e+00
6.482878e+00
6.484690e+00
6.486502e+00
6.488313e+00
6.490125e+00
6.491937e+00
6.493749e+00
6.495561e+00
6.497372e+00
6.499184e+00
6.500996e+00
6.502808e+00
6.504620e+00
6.506432e+00
6.508244e+00
6.510056e+00
6.511867e+00
6.513679e+00
6.515491e+00
6.517303e+00
6.519114e+00
6.520926e+00
6.522738e+00
6.524550e+00
6.526362e+00
6.528174e+00
6.529985e+00
6.531797e+00
6.533609e+00
6.535421e+00
6.537233e+00
6.539045e+00
6.540857e+00
6.542668e+00
6.544480e+00
6.546292e+00
6.548104e+00
6.549915e+00
6.551727e+00
6.553539e+00
6.555351e+00
6.557163e+00
6.558974e+00
6.560786e+00
6.562598e+00
6.564411e+00
6.566222e+00
6.568034e+00
6.569846e+00
6.571658e+00
6.573469e+00
6.575281e+00
6.577093e+00
6.578905e+00
6.580717e+00
6.582528e+00
6.584340e+00
6.586152e+00
6.587964e+00
6.589776e+00
6.591587e+00
6.593400e+00
6.595212e+00
6.597023e+00
6.598835e+00
6.600647e+00
6.602459e+00
6.604271e+00
6.606082e+00
6.607894e+00
6.609706e+00
6.611518e+00
6.613329e+00
6.615141e+00
6.616953e+00
6.618765e+00
6.620577e+00
6.622389e+00
6.624201e+00
6.626013e+00
6.627825e+00
6.629636e+00
6.631448e+00
6.633260e+00
6.635072e+00
6.636883e+00
6.638695e+00
6.640507e+00
6.642319e+00
6.644130e+00
6.645942e+00
6.647755e+00
6.649567e+00
6.651378e+00
6.653190e+00
6.655002e+00
6.656814e+00
6.658626e+00
6.660437e+00
6.662249e+00
6.664061e+00
6.665873e+00
6.667684e+00
6.669496e+00
6.671308e+00
6.673120e+00
6.674932e+00
6.676744e+00
6.678556e+00
6.680368e+00
6.682180e+00
6.683991e+00
6.685803e+00
6.687615e+00
6.689427e+00
6.691238e+00
6.693050e+00
6.694862e+00
6.696674e+00
6.698486e+00
6.700297e+00
6.702109e+00
6.703921e+00
6.705733e+00
6.707545e+00
6.709357e+00
6.711169e+00
6.712981e+00
6.714792e+00
6.716604e+00
6.718416e+00
6.720228e+00
6.722040e+00
6.723851e+00
6.725663e+00
6.727475e+00
6.729287e+00
6.731098e+00
6.732910e+00
6.734722e+00
6.736534e+00
6.738346e+00
6.740158e+00
6.741970e+00
6.743781e+00
6.745593e+00
6.747405e+00
6.749217e+00
6.751029e+00
6.752841e+00
6.754652e+00
6.756464e+00
6.758276e+00
6.760088e+00
6.761900e+00
6.763711e+00
6.765523e+00
6.767335e+00
6.769147e+00
6.770959e+00
6.772771e+00
6.774583e+00
6.776394e+00
6.778206e+00
6.780018e+00
6.781830e+00
6.783642e+00
6.785453e+00
6.787265e+00
6.789077e+00
6.790889e+00
6.792701e+00
6.794512e+00
6.796324e+00
6.798136e+00
6.799948e+00
6.801760e+00
6.803572e+00
6.805383e+00
6.807195e+00
6.809007e+00
6.810819e+00
6.812631e+00
6.814443e+00
6.816255e+00
6.818066e+00
6.819878e+00
6.821690e+00
6.823502e+00
6.825313e+00
6.827125e+00
6.828937e+00
6.830749e+00
6.832561e+00
6.834373e+00
6.836184e+00
6.837996e+00
6.839808e+00
6.841620e+00
6.843432e+00
6.845244e+00
6.847056e+00
6.848867e+00
6.850679e+00
6.852491e+00
6.854303e+00
6.856114e+00
6.857926e+00
6.859738e+00
6.861550e+00
6.863362e+00
6.865174e+00
6.866986e+00
6.868798e+00
6.870610e+00
6.872421e+00
6.874233e+00
6.876045e+00
6.877857e+00
6.879669e+00
6.881480e+00
6.883292e+00
6.885104e+00
6.886916e+00
6.888727e+00
6.890539e+00
6.892351e+00
6.894163e+00
6.895975e+00
6.897787e+00
6.899599e+00
6.901411e+00
6.903223e+00
6.905034e+00
6.906846e+00
6.908658e+00
6.910470e+00
6.912281e+00
6.914093e+00
6.915905e+00
6.917717e+00
6.919528e+00
6.921340e+00
6.923153e+00
6.924965e+00
6.926777e+00
6.928588e+00
6.930400e+00
6.932212e+00
6.934024e+00
6.935835e+00
6.937647e+00
6.939459e+00
6.941271e+00
6.943082e+00
6.944894e+00
6.946706e+00
6.948518e+00
6.950330e+00
6.952142e+00
6.953954e+00
6.955766e+00
6.957578e+00
6.959389e+00
6.961201e+00
6.963013e+00
6.964825e+00
6.966636e+00
6.968448e+00
6.970260e+00
6.972072e+00
6.973884e+00
6.975695e+00
6.977507e+00
6.979319e+00
6.981131e+00
6.982943e+00
6.984755e+00
6.986567e+00
6.988379e+00
6.990190e+00
6.992002e+00
6.993814e+00
6.995626e+00
6.997438e+00
6.999249e+00
7.001061e+00
7.002873e+00
7.004685e+00
7.006497e+00
7.008309e+00
7.010120e+00
7.011932e+00
7.013744e+00
7.015556e+00
7.017368e+00
7.019180e+00
7.020992e+00
7.022803e+00
7.024615e+00
7.026427e+00
7.028239e+00
7.030050e+00
7.031862e+00
7.033674e+00
7.035486e+00
7.037298e+00
7.039110e+00
7.040921e+00
7.042733e+00
7.044545e+00
7.046357e+00
7.048169e+00
7.049981e+00
7.051793e+00
7.053604e+00
7.055416e+00
7.057228e+00
7.059040e+00
7.060851e+00
7.062663e+00
7.064475e+00
7.066287e+00
7.068099e+00
7.069910e+00
7.071722e+00
7.073534e+00
7.075346e+00
7.077158e+00
7.078970e+00
7.080782e+00
7.082593e+00
7.084405e+00
7.086217e+00
7.088029e+00
7.089841e+00
7.091653e+00
7.093464e+00
7.095276e+00
7.097088e+00
7.098900e+00
7.100712e+00
7.102523e+00
7.104335e+00
7.106147e+00
7.107959e+00
7.109771e+00
7.111583e+00
7.113395e+00
7.115206e+00
7.117018e+00
7.118830e+00
7.120642e+00
7.122454e+00
7.124265e+00
7.126077e+00
7.127889e+00
7.129701e+00
7.131513e+00
7.133324e+00
7.135136e+00
7.136948e+00
7.138760e+00
7.140572e+00
7.142384e+00
7.144196e+00
7.146008e+00
7.147819e+00
7.149631e+00
7.151443e+00
7.153255e+00
7.155066e+00
7.156878e+00
7.158690e+00
7.160502e+00
7.162314e+00
7.164125e+00
7.165937e+00
7.167749e+00
7.169561e+00
7.171373e+00
7.173185e+00
7.174997e+00
7.176809e+00
7.178620e+00
7.180432e+00
7.182244e+00
7.184056e+00
7.185868e+00
7.187679e+00
7.189491e+00
7.191303e+00
7.193115e+00
7.194926e+00
7.196738e+00
7.198550e+00
7.200363e+00
7.202174e+00
7.203986e+00
7.205798e+00
7.207610e+00
7.209422e+00
7.211233e+00
7.213045e+00
7.214857e+00
7.216669e+00
7.218480e+00
7.220292e+00
7.222104e+00
7.223916e+00
7.225727e+00
7.227540e+00
7.229352e+00
7.231164e+00
7.232976e+00
7.234787e+00
7.236599e+00
7.238411e+00
7.240223e+00
7.242034e+00
7.243846e+00
7.245658e+00
7.247470e+00
7.249281e+00
7.251093e+00
7.252905e+00
7.254717e+00
7.256529e+00
7.258341e+00
7.260153e+00
7.261965e+00
7.263777e+00
7.265588e+00
7.267400e+00
7.269212e+00
7.271024e+00
7.272835e+00
7.274647e+00
7.276459e+00
7.278271e+00
7.280083e+00
7.281894e+00
7.283707e+00
7.285519e+00
7.287330e+00
7.289142e+00
7.290954e+00
7.292766e+00
7.294578e+00
7.296389e+00
7.298201e+00
7.300013e+00
7.301825e+00
7.303637e+00
7.305448e+00
7.307260e+00
7.309072e+00
7.310884e+00
7.312696e+00
7.314508e+00
7.316320e+00
7.318131e+00
7.319943e+00
7.321755e+00
7.323567e+00
7.325375e+00
7.327185e+00
7.328994e+00
7.330804e+00
7.332613e+00
7.334422e+00
7.336232e+00
7.338041e+00
7.339850e+00
7.341660e+00
7.343468e+00
7.345278e+00
7.347087e+00
7.348896e+00
7.350706e+00
7.352515e+00
7.354324e+00
7.356133e+00
7.357943e+00
7.359752e+00
7.361561e+00
7.363371e+00
7.365179e+00
7.366989e+00
7.368798e+00
7.370608e+00
7.372417e+00
7.374226e+00
7.376035e+00
7.377845e+00
7.379654e+00
7.381463e+00
7.383272e+00
7.385081e+00
7.386891e+00
7.388700e+00
7.390510e+00
7.392319e+00
7.394128e+00
7.395937e+00
7.397747e+00
7.399556e+00
7.401365e+00
7.403174e+00
7.404983e+00
7.406793e+00
7.408602e+00
7.410412e+00
7.412220e+00
7.414030e+00
7.415839e+00
7.417648e+00
7.419458e+00
7.421266e+00
7.423076e+00
7.424885e+00
7.426695e+00
7.428504e+00
7.430313e+00
7.432123e+00
7.433932e+00
7.435741e+00
7.437550e+00
7.439359e+00
7.441169e+00
7.442978e+00
7.444787e+00
7.446597e+00
7.448406e+00
7.450215e+00
7.452024e+00
7.453833e+00
7.455643e+00
7.457452e+00
7.459262e+00
7.461070e+00
7.462880e+00
7.464689e+00
7.466499e+00
7.468307e+00
7.470117e+00
7.471926e+00
7.473735e+00
7.475545e+00
7.477354e+00
7.479163e+00
7.480972e+00
7.482782e+00
7.484591e+00
7.486400e+00
7.488210e+00
7.490019e+00
7.491828e+00
7.493637e+00
7.495446e+00
7.497256e+00
7.499065e+00
7.500874e+00
7.502684e+00
7.504493e+00
7.506303e+00
7.508111e+00
7.509921e+00
7.511730e+00
7.513539e+00
7.515349e+00
7.517158e+00
7.518967e+00
7.520776e+00
7.522586e+00
7.524395e+00
7.526204e+00
7.528013e+00
7.529822e+00
7.531632e+00
7.533441e+00
7.535250e+00
7.537059e+00
7.538869e+00
7.540678e+00
7.542488e+00
7.544297e+00
7.546106e+00
7.547915e+00
7.549724e+00
7.551534e+00
7.553343e+00
7.555152e+00
7.556961e+00
7.558771e+00
7.560580e+00
7.562390e+00
7.564198e+00
7.566008e+00
7.567817e+00
7.569626e+00
7.571436e+00
7.573245e+00
7.575054e+00
7.576863e+00
7.578673e+00
7.580482e+00
7.582291e+00
7.584101e+00
7.585909e+00
7.587719e+00
7.589528e+00
7.591337e+00
7.593147e+00
7.594956e+00
7.596765e+00
7.598575e+00
7.600384e+00
7.602193e+00
7.604002e+00
7.605811e+00
7.607621e+00
7.609430e+00
7.611240e+00
7.613048e+00
7.614858e+00
7.616667e+00
7.618477e+00
7.620286e+00
7.622095e+00
7.623904e+00
7.625713e+00
7.627523e+00
7.629332e+00
7.631141e+00
7.632950e+00
7.634760e+00
7.636569e+00
7.638378e+00
7.640188e+00
7.641996e+00
7.643806e+00
7.645615e+00
7.647425e+00
7.649234e+00
7.651043e+00
7.652852e+00
7.654662e+00
7.656471e+00
7.658280e+00
7.660089e+00
7.661899e+00
7.663708e+00
7.665517e+00
7.667327e+00
7.669136e+00
7.670945e+00
7.672754e+00
7.674564e+00
7.676373e+00
7.678182e+00
7.679992e+00
7.681800e+00
7.683610e+00
7.685419e+00
7.687228e+00
7.689038e+00
7.690847e+00
7.692656e+00
7.694466e+00
7.696275e+00
7.698084e+00
7.699893e+00
7.701702e+00
7.703512e+00
7.705321e+00
7.707130e+00
7.708940e+00
7.710749e+00
7.712558e+00
7.714367e+00
7.716176e+00
7.717986e+00
7.719795e+00
7.721604e+00
7.723414e+00
7.725223e+00
7.727032e+00
7.728841e+00
7.730651e+00
7.732460e+00
7.734269e+00
7.736079e+00
7.737887e+00
7.739697e+00
7.741506e+00
7.743316e+00
7.745125e+00
7.746934e+00
7.748743e+00
7.750553e+00
7.752362e+00
7.754171e+00
7.755980e+00
7.757789e+00
7.759599e+00
7.761408e+00
7.763218e+00
7.765027e+00
7.766836e+00
7.768645e+00
7.770454e+00
7.772264e+00
7.774073e+00
7.775882e+00
7.777691e+00
7.779501e+00
7.781310e+00
7.783120e+00
7.784928e+00
7.786738e+00
7.788547e+00
7.790356e+00
7.792166e+00
7.793975e+00
7.795784e+00
7.797593e+00
7.799403e+00
7.801212e+00
7.803021e+00
7.804831e+00
7.806639e+00
7.808449e+00
7.810258e+00
7.812067e+00
7.813877e+00
7.815686e+00
7.817495e+00
7.819305e+00
7.821114e+00
7.822923e+00
7.824732e+00
7.826541e+00
7.828351e+00
7.830160e+00
7.831970e+00
7.833778e+00
7.835588e+00
7.837397e+00
7.839207e+00
7.841016e+00
7.842825e+00
7.844634e+00
7.846443e+00
7.848253e+00
7.850062e+00
7.851871e+00
7.853680e+00
7.855490e+00
7.857299e+00
7.859109e+00
7.860918e+00
7.862726e+00
7.864536e+00
7.866345e+00
7.868155e+00
7.869964e+00
7.871773e+00
7.873582e+00
7.875392e+00
7.877201e+00
7.879010e+00
7.880819e+00
7.882629e+00
7.884438e+00
7.886247e+00
7.888057e+00
7.889865e+00
7.891675e+00
7.893484e+00
7.895294e+00
7.897103e+00
7.898912e+00
7.900721e+00
7.902530e+00
7.904340e+00
7.906149e+00
7.907958e+00
7.909768e+00
7.911577e+00
7.913386e+00
7.915196e+00
7.917005e+00
7.918814e+00
7.920623e+00
7.922432e+00
7.924242e+00
7.926051e+00
7.927860e+00
7.929669e+00
7.931479e+00
7.933288e+00
7.935098e+00
7.936906e+00
7.938716e+00
7.940525e+00
7.942334e+00
7.944144e+00
7.945953e+00
7.947762e+00
7.949571e+00
7.951381e+00
7.953190e+00
7.954999e+00
7.956809e+00
7.958617e+00
7.960427e+00
7.962236e+00
7.964046e+00
7.965855e+00
7.967664e+00
7.969473e+00
7.971283e+00
7.973092e+00
7.974901e+00
7.976710e+00
7.978519e+00
7.980329e+00
7.982138e+00
7.983948e+00
7.985756e+00
7.987566e+00
7.989375e+00
7.991185e+00
7.992994e+00
7.994803e+00
7.996612e+00
7.998421e+00
8.000231e+00
8.002040e+00
8.003849e+00
8.005658e+00
8.007468e+00
8.009277e+00
8.011086e+00
8.012896e+00
8.014704e+00
8.016514e+00
8.018323e+00
8.020133e+00
8.021942e+00
8.023751e+00
8.025560e+00
8.027370e+00
8.029179e+00
8.030988e+00
8.032797e+00
8.034607e+00
8.036416e+00
8.038225e+00
8.040035e+00
8.041844e+00
8.043653e+00
8.045462e+00
8.047272e+00
8.049081e+00
8.050890e+00
8.052700e+00
8.054508e+00
8.056318e+00
8.058127e+00
8.059936e+00
8.061746e+00
8.063555e+00
8.065364e+00
8.067173e+00
8.068983e+00
8.070792e+00
8.072601e+00
8.074410e+00
8.076220e+00
8.078029e+00
8.079839e+00
8.081647e+00
8.083457e+00
8.085266e+00
8.087075e+00
8.088885e+00
8.090694e+00
8.092503e+00
8.094312e+00
8.096122e+00
8.097931e+00
8.099740e+00
8.101549e+00
8.103359e+00
8.105168e+00
8.106977e+00
8.108787e+00
8.110595e+00
8.112405e+00
8.114214e+00
8.116024e+00
8.117833e+00
8.119642e+00
8.121451e+00
8.123260e+00
8.125070e+00
8.126879e+00
8.128688e+00
8.130498e+00
8.132307e+00
8.134116e+00
8.135926e+00
8.137735e+00
8.139544e+00
8.141353e+00
8.143162e+00
8.144972e+00
8.146781e+00
8.148590e+00
8.150399e+00
8.152209e+00
8.154018e+00
8.155827e+00
8.157636e+00
8.159446e+00
8.161255e+00
8.163064e+00
8.164874e+00
8.166682e+00
8.168492e+00
8.170301e+00
8.172111e+00
8.173920e+00
8.175729e+00
8.177539e+00
8.179347e+00
8.181157e+00
8.182966e+00
8.184775e+00
8.186585e+00
8.188394e+00
8.190203e+00
8.192013e+00
8.193822e+00
