3.866333e-04
4.401712e-04
4.937091e-04
5.472470e-04
6.007849e-04
6.543228e-04
7.078607e-04
7.613985e-04
8.149365e-04
8.684743e-04
9.220122e-04
9.755501e-04
1.029088e-03
1.082626e-03
1.136164e-03
1.189702e-03
1.243240e-03
1.296777e-03
1.350315e-03
1.403853e-03
1.457391e-03
1.510929e-03
1.564467e-03
1.618005e-03
1.671543e-03
1.725081e-03
1.778618e-03
1.832156e-03
1.885694e-03
1.939232e-03
1.992770e-03
2.109156e-03
2.225543e-03
2.341930e-03
2.458316e-03
2.574703e-03
2.691089e-03
2.807475e-03
2.923862e-03
3.040248e-03
3.156635e-03
3.273021e-03
3.389408e-03
3.505794e-03
3.622181e-03
3.738568e-03
3.854954e-03
3.971341e-03
4.087727e-03
4.204113e-03
4.320500e-03
4.385060e-03
4.449620e-03
4.514180e-03
4.578740e-03
4.643300e-03
4.707860e-03
4.772420e-03
4.836980e-03
4.901540e-03
4.966100e-03
5.030660e-03
5.095220e-03
5.159780e-03
5.224340e-03
5.288900e-03
5.353460e-03
5.418020e-03
5.482580e-03
5.454968e-03
5.611700e-03
5.768432e-03
5.925164e-03
6.081897e-03
6.238629e-03
6.395361e-03
6.552093e-03
6.708826e-03
6.865558e-03
7.022290e-03
7.179022e-03
7.335754e-03
7.492487e-03
7.649219e-03
7.805951e-03
7.962683e-03
8.119416e-03
8.276148e-03
8.432880e-03
8.589612e-03
8.746344e-03
8.903077e-03
9.059809e-03
9.216541e-03
9.373273e-03
9.530006e-03
9.686738e-03
9.843470e-03
1.000020e-02
1.015693e-02
1.031367e-02
1.042741e-02
1.054115e-02
1.065490e-02
1.076864e-02
1.088238e-02
1.099613e-02
1.110987e-02
1.122361e-02
1.133736e-02
1.145110e-02
1.156484e-02
1.167859e-02
1.179233e-02
1.190607e-02
1.201982e-02
1.213356e-02
1.224730e-02
1.236105e-02
1.247479e-02
1.258853e-02
1.270228e-02
1.281602e-02
1.292976e-02
1.304351e-02
1.315725e-02
1.327099e-02
1.338474e-02
1.349848e-02
1.361222e-02
1.372597e-02
1.383971e-02
1.395345e-02
1.406720e-02
1.418094e-02
1.429468e-02
1.440843e-02
1.452217e-02
1.463591e-02
1.474966e-02
1.486340e-02
1.497714e-02
1.509089e-02
1.520463e-02
1.531837e-02
1.543212e-02
1.554586e-02
1.565960e-02
1.577335e-02
1.588709e-02
1.600083e-02
1.614796e-02
1.629508e-02
1.644220e-02
1.658933e-02
1.673645e-02
1.688357e-02
1.703070e-02
1.717782e-02
1.732494e-02
1.747207e-02
1.761919e-02
1.776631e-02
1.791344e-02
1.806056e-02
1.820768e-02
1.835481e-02
1.850193e-02
1.864905e-02
1.879618e-02
1.894330e-02
1.909042e-02
1.923755e-02
1.938467e-02
1.953179e-02
1.967892e-02
1.982604e-02
1.997316e-02
2.012029e-02
2.026741e-02
2.041453e-02
2.056166e-02
2.070878e-02
2.085590e-02
2.100303e-02
2.115015e-02
2.129727e-02
2.144440e-02
2.159152e-02
2.173864e-02
2.188577e-02
2.203289e-02
2.218001e-02
2.232714e-02
2.247426e-02
2.262138e-02
2.276851e-02
2.291563e-02
2.306275e-02
2.320988e-02
2.335700e-02
2.334690e-02
2.333679e-02
2.332669e-02
2.331659e-02
2.330648e-02
2.329638e-02
2.328628e-02
2.327617e-02
2.326607e-02
2.325597e-02
2.324586e-02
2.323576e-02
2.322566e-02
2.321555e-02
2.320545e-02
2.319535e-02
2.318524e-02
2.317514e-02
2.316504e-02
2.315493e-02
2.314483e-02
2.313473e-02
2.312462e-02
2.311452e-02
2.310442e-02
2.309431e-02
2.308421e-02
2.307411e-02
2.306400e-02
2.305390e-02
2.304380e-02
2.303369e-02
2.302359e-02
2.301349e-02
2.300338e-02
2.299328e-02
2.298318e-02
2.297307e-02
2.296297e-02
2.295287e-02
2.294276e-02
2.293266e-02
2.292256e-02
2.291245e-02
2.290235e-02
2.289225e-02
2.288214e-02
2.287204e-02
2.286194e-02
2.285183e-02
2.284173e-02
2.283163e-02
2.282152e-02
2.281142e-02
2.280132e-02
2.279121e-02
2.278111e-02
2.277101e-02
2.276090e-02
2.275080e-02
2.274070e-02
2.273059e-02
2.272049e-02
2.271039e-02
2.270028e-02
2.269018e-02
2.268008e-02
2.266997e-02
2.265987e-02
2.264977e-02
2.263966e-02
2.262956e-02
2.261946e-02
2.260935e-02
2.259925e-02
2.258915e-02
2.257904e-02
2.256894e-02
2.255884e-02
2.254873e-02
2.253863e-02
2.252853e-02
2.251842e-02
2.250832e-02
2.249822e-02
2.248811e-02
2.247801e-02
2.246791e-02
2.245780e-02
2.244770e-02
2.243760e-02
2.242749e-02
2.241739e-02
2.240729e-02
2.239718e-02
2.238708e-02
2.237698e-02
2.236687e-02
2.235677e-02
2.234667e-02
2.244986e-02
2.255305e-02
2.265624e-02
2.275943e-02
2.286262e-02
2.296582e-02
2.306901e-02
2.317220e-02
2.327539e-02
2.337858e-02
2.348177e-02
2.358497e-02
2.368816e-02
2.379135e-02
2.389454e-02
2.399773e-02
2.410092e-02
2.420412e-02
2.430731e-02
2.441050e-02
2.451369e-02
2.461688e-02
2.472008e-02
2.482327e-02
2.492646e-02
2.502965e-02
2.513284e-02
2.523603e-02
2.533922e-02
2.544242e-02
2.554561e-02
2.564880e-02
2.575199e-02
2.585518e-02
2.595838e-02
2.606157e-02
2.616476e-02
2.626795e-02
2.637114e-02
2.647433e-02
2.657753e-02
2.668072e-02
2.678391e-02
2.688710e-02
2.699029e-02
2.709348e-02
2.719668e-02
2.729987e-02
2.740306e-02
2.750625e-02
2.760944e-02
2.771263e-02
2.781582e-02
2.791902e-02
2.802221e-02
2.812540e-02
2.822859e-02
2.833178e-02
2.843498e-02
2.853817e-02
2.864136e-02
2.874455e-02
2.884774e-02
2.895093e-02
2.905413e-02
2.915732e-02
2.926051e-02
2.936370e-02
2.946689e-02
2.957008e-02
2.967327e-02
2.977647e-02
2.987966e-02
2.998285e-02
3.008604e-02
3.018923e-02
3.029242e-02
3.039562e-02
3.049881e-02
3.060200e-02
3.070519e-02
3.080838e-02
3.091158e-02
3.101477e-02
3.111796e-02
3.122115e-02
3.132434e-02
3.142753e-02
3.153073e-02
3.163392e-02
3.173711e-02
3.184030e-02
3.194349e-02
3.204668e-02
3.214988e-02
3.225307e-02
3.235626e-02
3.245945e-02
3.256264e-02
3.266583e-02
3.279084e-02
3.291585e-02
3.304085e-02
3.316586e-02
3.329087e-02
3.341587e-02
3.354088e-02
3.366589e-02
3.379089e-02
3.391590e-02
3.404091e-02
3.416591e-02
3.429092e-02
3.441593e-02
3.454093e-02
3.466594e-02
3.479095e-02
3.491595e-02
3.504096e-02
3.516597e-02
3.529097e-02
3.541598e-02
3.554099e-02
3.566599e-02
3.579100e-02
3.591601e-02
3.604101e-02
3.616602e-02
3.629103e-02
3.641603e-02
3.654104e-02
3.666605e-02
3.679105e-02
3.691606e-02
3.704107e-02
3.716607e-02
3.729108e-02
3.741609e-02
3.754109e-02
3.766610e-02
3.779111e-02
3.791611e-02
3.804112e-02
3.816613e-02
3.829113e-02
3.841614e-02
3.854115e-02
3.866615e-02
3.879116e-02
3.891617e-02
3.904117e-02
3.916618e-02
3.929119e-02
3.941619e-02
3.954120e-02
3.966621e-02
3.979121e-02
3.991622e-02
4.004123e-02
4.016623e-02
4.029124e-02
4.041625e-02
4.054125e-02
4.066626e-02
4.079127e-02
4.091627e-02
4.104128e-02
4.116629e-02
4.129129e-02
4.141630e-02
4.154131e-02
4.166631e-02
4.179132e-02
4.191633e-02
4.204133e-02
4.216634e-02
4.229135e-02
4.241635e-02
4.254136e-02
4.266637e-02
4.279137e-02
4.291638e-02
4.304139e-02
4.316639e-02
4.329140e-02
4.341641e-02
4.354141e-02
4.366642e-02
4.379143e-02
4.391643e-02
4.404144e-02
4.416645e-02
4.429145e-02
4.441646e-02
4.454147e-02
4.466647e-02
4.479148e-02
4.491649e-02
4.504149e-02
4.516650e-02
4.529151e-02
4.541651e-02
4.554152e-02
4.566653e-02
4.579153e-02
4.591654e-02
4.604155e-02
4.616655e-02
4.629156e-02
4.641657e-02
4.654157e-02
4.666658e-02
4.679159e-02
4.691659e-02
4.704160e-02
4.716661e-02
4.729161e-02
4.741662e-02
4.754163e-02
4.766663e-02
4.779164e-02
4.791665e-02
4.804165e-02
4.816666e-02
4.829167e-02
4.841667e-02
4.854168e-02
4.866669e-02
4.879169e-02
4.891670e-02
4.904171e-02
4.916671e-02
4.929172e-02
4.941673e-02
4.954173e-02
4.966674e-02
4.979175e-02
4.991675e-02
5.004176e-02
5.016677e-02
5.029177e-02
5.041678e-02
5.054179e-02
5.066679e-02
5.079180e-02
5.091681e-02
5.104181e-02
5.116682e-02
5.129183e-02
5.141683e-02
5.154184e-02
5.166685e-02
5.179185e-02
5.191686e-02
5.204187e-02
5.216687e-02
5.229188e-02
5.241689e-02
5.254189e-02
5.266690e-02
5.279191e-02
5.291691e-02
5.304192e-02
5.316693e-02
5.329193e-02
5.341694e-02
5.354195e-02
5.366695e-02
5.379196e-02
5.391697e-02
5.404197e-02
5.416698e-02
5.429199e-02
5.441699e-02
5.454200e-02
5.466701e-02
5.479201e-02
5.491702e-02
5.504203e-02
5.516703e-02
5.529204e-02
5.541705e-02
5.554205e-02
5.566706e-02
5.579207e-02
5.591707e-02
5.604208e-02
5.616709e-02
5.629209e-02
5.641710e-02
5.654211e-02
5.666711e-02
5.679212e-02
5.691713e-02
5.704213e-02
5.716714e-02
5.729215e-02
5.741715e-02
5.754216e-02
5.766717e-02
5.788024e-02
5.809332e-02
5.830639e-02
5.851947e-02
5.873254e-02
5.894562e-02
5.915869e-02
5.937177e-02
5.958484e-02
5.979792e-02
6.001099e-02
6.022407e-02
6.043714e-02
6.065022e-02
6.086329e-02
6.107637e-02
6.128944e-02
6.150252e-02
6.171559e-02
6.192867e-02
6.214174e-02
6.235482e-02
6.256789e-02
6.278097e-02
6.299404e-02
6.320712e-02
6.342019e-02
6.363327e-02
6.384634e-02
6.405942e-02
6.427249e-02
6.448557e-02
6.469864e-02
6.491172e-02
6.512479e-02
6.533787e-02
6.555094e-02
6.576402e-02
6.597709e-02
6.619017e-02
6.640324e-02
6.661632e-02
6.682939e-02
6.704247e-02
6.725554e-02
6.746862e-02
6.768169e-02
6.789477e-02
6.810784e-02
6.832092e-02
6.853399e-02
6.874707e-02
6.896014e-02
6.917322e-02
6.938629e-02
6.959937e-02
6.981244e-02
7.002552e-02
7.023859e-02
7.045167e-02
7.066474e-02
7.087782e-02
7.109089e-02
7.130397e-02
7.151704e-02
7.173012e-02
7.194319e-02
7.215627e-02
7.236934e-02
7.258242e-02
7.279549e-02
7.300857e-02
7.322164e-02
7.343472e-02
7.364779e-02
7.386087e-02
7.407394e-02
7.428702e-02
7.450009e-02
7.471317e-02
7.492624e-02
7.513932e-02
7.535239e-02
7.556547e-02
7.577854e-02
7.599162e-02
7.620469e-02
7.641777e-02
7.663084e-02
7.684392e-02
7.705699e-02
7.727007e-02
7.748314e-02
7.769622e-02
7.790929e-02
7.812237e-02
7.833544e-02
7.854852e-02
7.876159e-02
7.897467e-02
7.996811e-02
8.096155e-02
8.195499e-02
8.294842e-02
8.394186e-02
8.493530e-02
8.592874e-02
8.692218e-02
8.791562e-02
8.890906e-02
8.990250e-02
9.089593e-02
9.188937e-02
9.288281e-02
9.387625e-02
9.486969e-02
9.586313e-02
9.685657e-02
9.785000e-02
9.884344e-02
9.983688e-02
1.008303e-01
1.018238e-01
1.028172e-01
1.038106e-01
1.048041e-01
1.057975e-01
1.067910e-01
1.077844e-01
1.087778e-01
1.097713e-01
1.107647e-01
1.117581e-01
1.127516e-01
1.137450e-01
1.147385e-01
1.157319e-01
1.167253e-01
1.177188e-01
1.187122e-01
1.197057e-01
1.206991e-01
1.216925e-01
1.226860e-01
1.236794e-01
1.246728e-01
1.256663e-01
1.266597e-01
1.276532e-01
1.286466e-01
1.296400e-01
1.306335e-01
1.316269e-01
1.326204e-01
1.336138e-01
1.346072e-01
1.356007e-01
1.365941e-01
1.375876e-01
1.385810e-01
1.395744e-01
1.405679e-01
1.415613e-01
1.425547e-01
1.435482e-01
1.445416e-01
1.455351e-01
1.465285e-01
1.475219e-01
1.485154e-01
1.495088e-01
1.505023e-01
1.514957e-01
1.524891e-01
1.534826e-01
1.544760e-01
1.554694e-01
1.564629e-01
1.574563e-01
1.584498e-01
1.594432e-01
1.604366e-01
1.614301e-01
1.624235e-01
1.634170e-01
1.644104e-01
1.654038e-01
1.663973e-01
1.673907e-01
1.683841e-01
1.693776e-01
1.703710e-01
1.713645e-01
1.723579e-01
1.733513e-01
1.743448e-01
1.753382e-01
1.763317e-01
1.773251e-01
1.783185e-01
1.793120e-01
1.803054e-01
1.812989e-01
1.822923e-01
1.832857e-01
1.842792e-01
1.852726e-01
1.862660e-01
1.872595e-01
1.882529e-01
1.892464e-01
1.902398e-01
1.912332e-01
1.922267e-01
1.932201e-01
1.942136e-01
1.952070e-01
1.962004e-01
1.971939e-01
1.981873e-01
1.991807e-01
2.001742e-01
2.011676e-01
2.021611e-01
2.031545e-01
2.041479e-01
2.051414e-01
2.061348e-01
2.071283e-01
2.081217e-01
2.091151e-01
2.101086e-01
2.111020e-01
2.120954e-01
2.130889e-01
2.140823e-01
2.150758e-01
2.160692e-01
2.170626e-01
2.180561e-01
2.190495e-01
2.200430e-01
2.210364e-01
2.220298e-01
2.230233e-01
2.240167e-01
2.250102e-01
2.260036e-01
2.269970e-01
2.279905e-01
2.289839e-01
2.299773e-01
2.309708e-01
2.319642e-01
2.329577e-01
2.339511e-01
2.349445e-01
2.359380e-01
2.369314e-01
2.379249e-01
2.389183e-01
2.399117e-01
2.409052e-01
2.418986e-01
2.428920e-01
2.438855e-01
2.448789e-01
2.458724e-01
2.468658e-01
2.478592e-01
2.488527e-01
2.498461e-01
2.508396e-01
2.518330e-01
2.528264e-01
2.538199e-01
2.548133e-01
2.558067e-01
2.568002e-01
2.577936e-01
2.587871e-01
2.597805e-01
2.607739e-01
2.617674e-01
2.627608e-01
2.637543e-01
2.647477e-01
2.657411e-01
2.667346e-01
2.677280e-01
2.687215e-01
2.697149e-01
2.707083e-01
2.717018e-01
2.726952e-01
2.736886e-01
2.746821e-01
2.756755e-01
2.766690e-01
2.776624e-01
2.786558e-01
2.796493e-01
2.806427e-01
2.816362e-01
2.826296e-01
2.836230e-01
2.846165e-01
2.856099e-01
2.866033e-01
2.875968e-01
2.885902e-01
2.895837e-01
2.905771e-01
2.915705e-01
2.925640e-01
2.935574e-01
2.945509e-01
2.955443e-01
2.965377e-01
2.975312e-01
2.985246e-01
2.995180e-01
3.005115e-01
3.015049e-01
3.024984e-01
3.034918e-01
3.044852e-01
3.054787e-01
3.064721e-01
3.074656e-01
3.084590e-01
3.094524e-01
3.104459e-01
3.114393e-01
3.124328e-01
3.134262e-01
3.144196e-01
3.154131e-01
3.164065e-01
3.173999e-01
3.183934e-01
3.193868e-01
3.203803e-01
3.213737e-01
3.223671e-01
3.233606e-01
3.243540e-01
3.253475e-01
3.263409e-01
3.273343e-01
3.283278e-01
3.293212e-01
3.303146e-01
3.313081e-01
3.323015e-01
3.332950e-01
3.342884e-01
3.352818e-01
3.362753e-01
3.372687e-01
3.382622e-01
3.392556e-01
3.402490e-01
3.412425e-01
3.422359e-01
3.432294e-01
3.442228e-01
3.452162e-01
3.462097e-01
3.472031e-01
3.481965e-01
3.491900e-01
3.501834e-01
3.511769e-01
3.521703e-01
3.531637e-01
3.541572e-01
3.551506e-01
3.561441e-01
3.571375e-01
3.581309e-01
3.591244e-01
3.601178e-01
3.611112e-01
3.621047e-01
3.630981e-01
3.640916e-01
3.650850e-01
3.660784e-01
3.670719e-01
3.680653e-01
3.690588e-01
3.700522e-01
3.710456e-01
3.720391e-01
3.730325e-01
3.740259e-01
3.750194e-01
3.760128e-01
3.770063e-01
3.779997e-01
3.789931e-01
3.799866e-01
3.809800e-01
3.819735e-01
3.829669e-01
3.839603e-01
3.849538e-01
3.859472e-01
3.869407e-01
3.879341e-01
3.889275e-01
3.899210e-01
3.909144e-01
3.919078e-01
3.929013e-01
3.938947e-01
3.948882e-01
3.958816e-01
3.968750e-01
3.978685e-01
3.988619e-01
3.998554e-01
4.008488e-01
4.018422e-01
4.028357e-01
4.038291e-01
4.048225e-01
4.058160e-01
4.068094e-01
4.078029e-01
4.087963e-01
4.097897e-01
4.107832e-01
4.117766e-01
4.127701e-01
4.137635e-01
4.147569e-01
4.157504e-01
4.167438e-01
4.177372e-01
4.187307e-01
4.197241e-01
4.207176e-01
4.217110e-01
4.227044e-01
4.236979e-01
4.246913e-01
4.256848e-01
4.266782e-01
4.276716e-01
4.286651e-01
4.296585e-01
4.306520e-01
4.316454e-01
4.326388e-01
4.336323e-01
4.346257e-01
4.356191e-01
4.366126e-01
4.376060e-01
4.385995e-01
4.395929e-01
4.405863e-01
4.415798e-01
4.425732e-01
4.435667e-01
4.445601e-01
4.455535e-01
4.465470e-01
4.475404e-01
4.485338e-01
4.495273e-01
4.505207e-01
4.515142e-01
4.525076e-01
4.535010e-01
4.544945e-01
4.554879e-01
4.564814e-01
4.574748e-01
4.584682e-01
4.594617e-01
4.604551e-01
4.614485e-01
4.624420e-01
4.634354e-01
4.644289e-01
4.654223e-01
4.664157e-01
4.674092e-01
4.684026e-01
4.693961e-01
4.703895e-01
4.713829e-01
4.723764e-01
4.733698e-01
4.743633e-01
4.753567e-01
4.763501e-01
4.773436e-01
4.783370e-01
4.793304e-01
4.803239e-01
4.813173e-01
4.823108e-01
4.833042e-01
4.851398e-01
4.869753e-01
4.888109e-01
4.906464e-01
4.924820e-01
4.943175e-01
4.961531e-01
4.979886e-01
4.998242e-01
5.016597e-01
5.034953e-01
5.053308e-01
5.071664e-01
5.090019e-01
5.108375e-01
5.126730e-01
5.145086e-01
5.163441e-01
5.181797e-01
5.200152e-01
5.218507e-01
5.236863e-01
5.255218e-01
5.273574e-01
5.291929e-01
5.310285e-01
5.328640e-01
5.346996e-01
5.365351e-01
5.383707e-01
5.402062e-01
5.420418e-01
5.438773e-01
5.457129e-01
5.475484e-01
5.493840e-01
5.512195e-01
5.530551e-01
5.548906e-01
5.567262e-01
5.585617e-01
5.603973e-01
5.622328e-01
5.640684e-01
5.659039e-01
5.677395e-01
5.695750e-01
5.714106e-01
5.732461e-01
5.750817e-01
5.769172e-01
5.787528e-01
5.805883e-01
5.824239e-01
5.842594e-01
5.860950e-01
5.879305e-01
5.897661e-01
5.916016e-01
5.934372e-01
5.952727e-01
5.971083e-01
5.989438e-01
6.007794e-01
6.026149e-01
6.044504e-01
6.062860e-01
6.081215e-01
6.099571e-01
6.117926e-01
6.136282e-01
6.154637e-01
6.172993e-01
6.191348e-01
6.209704e-01
6.228059e-01
6.246415e-01
6.264770e-01
6.283126e-01
6.301481e-01
6.319837e-01
6.338192e-01
6.356548e-01
6.374903e-01
6.393259e-01
6.411614e-01
6.429970e-01
6.448325e-01
6.466681e-01
6.485036e-01
6.503392e-01
6.521747e-01
6.540103e-01
6.558458e-01
6.576814e-01
6.595169e-01
6.613525e-01
6.631880e-01
6.650236e-01
6.668591e-01
6.691508e-01
6.714426e-01
6.737344e-01
6.760261e-01
6.783179e-01
6.806097e-01
6.829014e-01
6.851932e-01
6.874849e-01
6.897767e-01
6.920684e-01
6.943602e-01
6.966519e-01
6.989437e-01
7.012355e-01
7.035272e-01
7.058190e-01
7.081107e-01
7.104025e-01
7.126942e-01
7.149860e-01
7.172777e-01
7.195695e-01
7.218612e-01
7.241530e-01
7.264448e-01
7.287365e-01
7.310283e-01
7.333200e-01
7.356118e-01
7.379035e-01
7.401953e-01
7.424870e-01
7.447788e-01
7.470706e-01
7.493623e-01
7.516541e-01
7.539458e-01
7.562376e-01
7.585293e-01
7.608211e-01
7.631128e-01
7.654046e-01
7.676964e-01
7.699881e-01
7.722799e-01
7.745717e-01
7.768634e-01
7.791551e-01
7.814469e-01
7.837386e-01
7.860304e-01
7.883222e-01
7.906139e-01
7.929056e-01
7.951975e-01
7.974892e-01
7.997809e-01
8.020727e-01
8.043644e-01
8.066562e-01
8.089480e-01
8.112397e-01
8.135314e-01
8.158233e-01
8.181150e-01
8.204067e-01
8.226985e-01
8.249903e-01
8.272820e-01
8.295738e-01
8.318655e-01
8.341572e-01
8.364491e-01
8.387408e-01
8.410325e-01
8.433243e-01
8.456161e-01
8.479078e-01
8.501996e-01
8.524913e-01
8.547831e-01
8.570748e-01
8.593666e-01
8.616583e-01
8.639501e-01
8.662419e-01
8.685336e-01
8.708254e-01
8.731171e-01
8.754089e-01
8.777006e-01
8.799924e-01
8.822841e-01
8.845759e-01
8.868677e-01
8.891594e-01
8.914512e-01
8.937429e-01
8.960347e-01
8.983264e-01
9.006182e-01
9.029099e-01
9.052017e-01
9.074935e-01
9.097852e-01
9.120770e-01
9.143687e-01
9.166605e-01
9.189522e-01
9.212440e-01
9.235357e-01
9.258275e-01
9.281192e-01
9.304110e-01
9.327028e-01
9.349945e-01
9.372863e-01
9.395780e-01
9.418698e-01
9.441615e-01
9.464533e-01
9.487450e-01
9.510368e-01
9.533286e-01
9.556203e-01
9.579121e-01
9.602039e-01
9.624956e-01
9.647874e-01
9.670791e-01
9.693708e-01
9.716626e-01
9.739544e-01
9.762461e-01
9.785379e-01
9.808297e-01
9.831214e-01
9.854131e-01
9.877051e-01
9.899967e-01
9.922882e-01
9.945803e-01
9.968719e-01
9.991635e-01
1.001456e+00
1.003747e+00
1.006039e+00
1.008331e+00
1.010623e+00
1.012914e+00
1.015206e+00
1.017498e+00
1.019789e+00
1.022081e+00
1.024373e+00
1.026665e+00
1.028957e+00
1.031248e+00
1.033540e+00
1.035832e+00
1.038124e+00
1.040415e+00
1.042707e+00
1.044999e+00
1.047290e+00
1.049582e+00
1.051874e+00
1.054166e+00
1.056458e+00
1.058750e+00
1.061041e+00
1.063333e+00
1.065625e+00
1.067916e+00
1.070208e+00
1.072500e+00
1.074792e+00
1.077083e+00
1.079375e+00
1.081667e+00
1.083959e+00
1.086251e+00
1.088542e+00
1.090834e+00
1.093126e+00
1.095417e+00
1.097709e+00
1.100001e+00
1.102293e+00
1.104585e+00
1.106876e+00
1.109168e+00
1.111460e+00
1.113752e+00
1.116043e+00
1.118335e+00
1.120627e+00
1.122918e+00
1.125210e+00
1.127502e+00
1.129861e+00
1.132220e+00
1.134579e+00
1.136938e+00
1.139297e+00
1.141656e+00
1.144015e+00
1.146374e+00
1.148733e+00
1.151092e+00
1.153451e+00
1.155810e+00
1.158169e+00
1.160528e+00
1.162887e+00
1.165246e+00
1.167605e+00
1.169964e+00
1.172323e+00
1.174682e+00
1.177041e+00
1.179400e+00
1.181759e+00
1.184118e+00
1.186477e+00
1.188836e+00
1.191195e+00
1.193554e+00
1.195913e+00
1.198273e+00
1.200631e+00
1.202990e+00
1.205349e+00
1.207708e+00
1.210067e+00
1.212427e+00
1.214785e+00
1.217144e+00
1.219503e+00
1.221862e+00
1.224222e+00
1.226581e+00
1.228939e+00
1.231298e+00
1.233657e+00
1.236017e+00
1.238376e+00
1.240734e+00
1.243093e+00
1.245452e+00
1.247811e+00
1.250171e+00
1.252530e+00
1.254888e+00
1.257247e+00
1.259606e+00
1.261965e+00
1.264325e+00
1.266684e+00
1.269042e+00
1.271401e+00
1.273760e+00
1.276119e+00
1.278479e+00
1.280838e+00
1.283196e+00
1.285555e+00
1.287915e+00
1.290274e+00
1.292633e+00
1.294992e+00
1.297350e+00
1.299710e+00
1.302069e+00
1.304428e+00
1.306787e+00
1.309145e+00
1.311504e+00
1.313864e+00
1.316222e+00
1.318582e+00
1.320941e+00
1.323299e+00
1.325659e+00
1.328018e+00
1.330377e+00
1.332736e+00
1.335095e+00
1.337454e+00
1.339813e+00
1.342172e+00
1.344531e+00
1.346890e+00
1.349249e+00
1.351608e+00
1.353967e+00
1.356326e+00
1.358685e+00
1.361044e+00
1.363403e+00
1.365762e+00
1.368121e+00
1.370480e+00
1.372839e+00
1.375198e+00
1.377557e+00
1.379916e+00
1.382275e+00
1.384634e+00
1.386993e+00
1.389352e+00
1.391711e+00
1.394070e+00
1.396429e+00
1.398788e+00
1.401147e+00
1.403506e+00
1.405865e+00
1.408224e+00
1.410583e+00
1.412942e+00
1.415301e+00
1.417660e+00
1.420019e+00
1.422378e+00
1.424737e+00
1.427096e+00
1.429455e+00
1.431814e+00
1.434173e+00
1.436532e+00
1.438891e+00
1.441250e+00
1.443609e+00
1.445968e+00
1.448327e+00
1.450686e+00
1.453045e+00
1.455404e+00
1.457763e+00
1.460122e+00
1.462481e+00
1.464841e+00
1.467199e+00
1.469558e+00
1.471917e+00
1.474276e+00
1.476635e+00
1.478995e+00
1.481353e+00
1.483712e+00
1.486071e+00
1.488430e+00
1.490789e+00
1.493149e+00
1.495507e+00
1.497866e+00
1.500225e+00
1.502584e+00
1.504943e+00
1.507303e+00
1.509661e+00
1.512020e+00
1.514379e+00
1.516738e+00
1.519098e+00
1.521456e+00
1.523815e+00
1.526174e+00
1.528533e+00
1.530892e+00
1.533252e+00
1.535610e+00
1.537969e+00
1.540328e+00
1.542687e+00
1.545046e+00
1.547406e+00
1.549764e+00
1.552123e+00
1.554483e+00
1.556841e+00
1.559201e+00
1.561560e+00
1.563918e+00
1.566277e+00
1.568637e+00
1.570995e+00
1.573355e+00
1.575714e+00
1.578072e+00
1.580432e+00
1.582791e+00
1.585149e+00
1.587509e+00
1.589868e+00
1.592227e+00
1.594586e+00
1.596944e+00
1.599304e+00
1.601663e+00
1.604021e+00
1.606381e+00
1.608740e+00
1.611098e+00
1.613458e+00
1.615817e+00
1.618176e+00
1.620535e+00
1.622894e+00
1.625252e+00
1.627612e+00
1.629971e+00
1.632330e+00
1.634689e+00
1.637048e+00
1.639406e+00
1.641766e+00
1.644125e+00
1.646484e+00
1.648843e+00
1.651202e+00
1.653561e+00
1.655920e+00
1.658279e+00
1.660638e+00
1.662997e+00
1.665355e+00
1.667715e+00
1.670074e+00
1.672433e+00
1.674792e+00
1.677151e+00
1.679509e+00
1.681869e+00
1.684228e+00
1.686587e+00
1.688946e+00
1.691305e+00
1.693664e+00
1.696023e+00
1.698382e+00
1.700741e+00
1.703100e+00
1.705459e+00
1.707818e+00
1.710177e+00
1.712536e+00
1.714895e+00
1.717254e+00
1.719613e+00
1.721972e+00
1.724331e+00
1.726690e+00
1.729049e+00
1.731408e+00
1.733767e+00
1.736126e+00
1.738485e+00
1.740844e+00
1.743203e+00
1.745562e+00
1.747921e+00
1.750280e+00
1.752639e+00
1.754998e+00
1.757357e+00
1.759716e+00
1.762075e+00
1.764434e+00
1.766793e+00
1.769152e+00
1.771511e+00
1.773870e+00
1.776229e+00
1.778588e+00
1.780947e+00
1.783306e+00
1.785665e+00
1.788025e+00
1.790383e+00
1.792742e+00
1.795101e+00
1.797460e+00
1.799819e+00
1.802179e+00
1.804537e+00
1.806896e+00
1.809255e+00
1.811614e+00
1.813973e+00
1.816332e+00
1.818691e+00
1.821051e+00
1.823409e+00
1.825768e+00
1.828128e+00
1.830486e+00
1.832845e+00
1.835205e+00
1.837563e+00
1.839922e+00
1.843600e+00
1.847278e+00
1.850955e+00
1.854633e+00
1.858311e+00
1.861988e+00
1.865666e+00
1.869344e+00
1.873021e+00
1.876699e+00
1.880377e+00
1.884054e+00
1.887732e+00
1.891409e+00
1.895086e+00
1.898764e+00
1.902442e+00
1.906120e+00
1.909797e+00
1.913475e+00
1.917153e+00
1.920830e+00
1.924508e+00
1.928186e+00
1.931863e+00
1.935540e+00
1.939218e+00
1.942896e+00
1.946574e+00
1.950251e+00
1.953929e+00
1.957607e+00
1.961284e+00
1.964962e+00
1.968640e+00
1.972317e+00
1.975995e+00
1.979672e+00
1.983350e+00
1.987028e+00
1.990705e+00
1.994383e+00
1.998061e+00
2.001738e+00
2.005415e+00
2.009093e+00
2.012771e+00
2.016448e+00
2.020126e+00
2.023804e+00
2.027482e+00
2.031159e+00
2.034836e+00
2.038514e+00
2.042192e+00
2.045869e+00
2.049547e+00
2.053225e+00
2.056902e+00
2.060580e+00
2.064258e+00
2.067936e+00
2.071613e+00
2.075291e+00
2.078968e+00
2.082646e+00
2.086323e+00
2.090001e+00
2.093679e+00
2.097356e+00
2.101034e+00
2.104711e+00
2.108389e+00
2.112067e+00
2.115744e+00
2.119422e+00
2.123100e+00
2.126777e+00
2.130455e+00
2.134132e+00
2.137810e+00
2.141488e+00
2.145165e+00
2.148843e+00
2.152521e+00
2.156198e+00
2.159876e+00
2.163554e+00
2.167231e+00
2.170909e+00
2.174586e+00
2.178264e+00
2.181942e+00
2.185619e+00
2.189297e+00
2.192975e+00
2.196652e+00
2.200330e+00
2.204008e+00
2.207685e+00
2.211363e+00
2.215040e+00
2.218718e+00
2.222396e+00
2.226073e+00
2.229750e+00
2.233428e+00
2.237106e+00
2.240784e+00
2.244461e+00
2.248139e+00
2.251817e+00
2.255494e+00
2.259172e+00
2.262850e+00
2.266527e+00
2.270204e+00
2.273882e+00
2.277560e+00
2.281238e+00
2.284915e+00
2.288593e+00
2.292271e+00
2.295948e+00
2.299626e+00
2.303304e+00
2.306981e+00
2.310659e+00
2.314337e+00
2.318014e+00
2.321692e+00
2.325369e+00
2.329046e+00
2.332724e+00
2.336402e+00
2.340079e+00
2.343757e+00
2.347435e+00
2.351112e+00
2.354790e+00
2.358468e+00
2.362146e+00
2.365823e+00
2.369500e+00
2.373178e+00
2.376856e+00
2.380533e+00
2.384211e+00
2.387889e+00
2.391566e+00
2.395244e+00
2.398922e+00
2.402600e+00
2.406277e+00
2.409955e+00
2.413633e+00
2.417310e+00
2.420987e+00
2.424665e+00
2.428342e+00
2.432020e+00
2.435698e+00
2.439375e+00
2.443053e+00
2.446731e+00
2.450408e+00
2.454086e+00
2.457764e+00
2.461441e+00
2.465119e+00
2.468796e+00
2.472474e+00
2.476152e+00
2.479829e+00
2.483507e+00
2.487185e+00
2.490862e+00
2.494540e+00
2.498218e+00
2.501895e+00
2.505573e+00
2.509251e+00
2.512928e+00
2.516606e+00
2.520283e+00
2.523961e+00
2.527638e+00
2.531316e+00
2.534994e+00
2.538671e+00
2.542349e+00
2.546027e+00
2.549704e+00
2.553382e+00
2.557060e+00
2.560737e+00
2.564415e+00
2.568092e+00
2.571770e+00
2.575448e+00
2.579125e+00
2.582392e+00
2.585659e+00
2.588926e+00
2.592192e+00
2.595460e+00
2.598726e+00
2.601993e+00
2.605260e+00
2.608527e+00
2.611794e+00
2.615061e+00
2.618327e+00
2.621594e+00
2.624861e+00
2.628128e+00
2.631394e+00
2.634661e+00
2.637928e+00
2.641195e+00
2.644461e+00
2.647729e+00
2.650995e+00
2.654262e+00
2.657529e+00
2.660796e+00
2.664062e+00
2.667330e+00
2.670596e+00
2.673863e+00
2.677130e+00
2.680397e+00
2.683663e+00
2.686931e+00
2.690197e+00
2.693464e+00
2.696731e+00
2.699997e+00
2.703264e+00
2.706531e+00
2.709798e+00
2.713065e+00
2.716332e+00
2.719598e+00
2.722865e+00
2.726132e+00
2.729399e+00
2.732666e+00
2.735933e+00
2.739200e+00
2.742466e+00
2.745733e+00
2.749000e+00
2.752267e+00
2.755533e+00
2.758801e+00
2.762067e+00
2.765333e+00
2.768601e+00
2.771867e+00
2.775134e+00
2.778401e+00
2.781668e+00
2.784935e+00
2.788202e+00
2.791468e+00
2.794735e+00
2.798002e+00
2.801269e+00
2.804536e+00
2.807803e+00
2.811069e+00
2.814336e+00
2.817603e+00
2.820870e+00
2.824137e+00
2.827404e+00
2.830670e+00
2.833937e+00
2.837204e+00
2.840471e+00
2.843737e+00
2.847004e+00
2.850271e+00
2.853538e+00
2.856804e+00
2.860072e+00
2.863338e+00
2.866605e+00
2.869872e+00
2.873139e+00
2.876406e+00
2.879673e+00
2.882939e+00
2.886206e+00
2.889473e+00
2.892740e+00
2.896006e+00
2.899274e+00
2.902540e+00
2.905807e+00
2.909074e+00
2.912341e+00
2.915607e+00
2.918874e+00
2.922141e+00
2.925408e+00
2.928675e+00
2.931942e+00
2.935208e+00
2.938475e+00
2.941742e+00
2.945009e+00
2.948276e+00
2.951543e+00
2.954809e+00
2.958077e+00
2.961343e+00
2.964610e+00
2.967876e+00
2.971143e+00
2.974410e+00
2.977677e+00
2.980944e+00
2.984210e+00
2.987477e+00
2.990744e+00
2.994011e+00
2.997278e+00
3.000545e+00
3.003812e+00
3.007078e+00
3.010345e+00
3.013612e+00
3.016879e+00
3.020146e+00
3.023413e+00
3.026679e+00
3.029946e+00
3.033213e+00
3.036479e+00
3.039747e+00
3.043013e+00
3.046280e+00
3.049547e+00
3.052814e+00
3.056080e+00
3.059348e+00
3.062614e+00
3.065881e+00
3.069148e+00
3.072415e+00
3.075681e+00
3.078948e+00
3.082215e+00
3.085482e+00
3.088749e+00
3.092016e+00
3.095283e+00
3.098549e+00
3.101816e+00
3.105083e+00
3.108349e+00
3.111616e+00
3.114883e+00
3.118150e+00
3.121417e+00
3.124684e+00
3.127950e+00
3.131218e+00
3.134484e+00
3.137751e+00
3.141018e+00
3.144285e+00
3.147551e+00
3.150819e+00
3.154085e+00
3.157352e+00
3.160619e+00
3.163886e+00
3.167152e+00
3.170420e+00
3.173686e+00
3.176953e+00
3.180220e+00
3.183486e+00
3.186753e+00
3.190020e+00
3.193287e+00
3.196554e+00
3.199820e+00
3.203087e+00
3.206354e+00
3.209621e+00
3.212888e+00
3.216155e+00
3.219421e+00
3.222689e+00
3.225955e+00
3.229222e+00
3.232489e+00
3.235756e+00
3.239511e+00
3.243266e+00
3.247022e+00
3.250778e+00
3.254533e+00
3.258289e+00
3.262044e+00
3.265800e+00
3.269555e+00
3.273311e+00
3.277067e+00
3.280822e+00
3.284578e+00
3.288333e+00
3.292089e+00
3.295844e+00
3.299600e+00
3.303355e+00
3.307111e+00
3.310867e+00
3.314622e+00
3.318377e+00
3.322134e+00
3.325889e+00
3.329644e+00
3.333400e+00
3.337155e+00
3.340911e+00
3.344667e+00
3.348422e+00
3.352178e+00
3.355933e+00
3.359689e+00
3.363444e+00
3.367200e+00
3.370956e+00
3.374711e+00
3.378466e+00
3.382222e+00
3.385977e+00
3.389733e+00
3.393489e+00
3.397244e+00
3.401000e+00
3.404756e+00
3.408511e+00
3.412266e+00
3.416022e+00
3.419778e+00
3.423533e+00
3.427288e+00
3.431044e+00
3.434800e+00
3.438555e+00
3.442311e+00
3.446067e+00
3.449822e+00
3.453578e+00
3.457333e+00
3.461089e+00
3.464844e+00
3.468600e+00
3.472355e+00
3.476111e+00
3.479866e+00
3.483622e+00
3.487378e+00
3.491133e+00
3.494889e+00
3.498644e+00
3.502400e+00
3.506155e+00
3.509911e+00
3.513666e+00
3.517422e+00
3.521177e+00
3.524933e+00
3.528689e+00
3.532444e+00
3.536200e+00
3.539955e+00
3.543711e+00
3.547466e+00
3.551222e+00
3.554978e+00
3.558733e+00
3.562488e+00
3.566244e+00
3.570000e+00
3.573755e+00
3.577511e+00
3.581266e+00
3.585022e+00
3.588778e+00
3.592533e+00
3.596288e+00
3.600044e+00
3.603800e+00
3.607555e+00
3.611311e+00
3.615066e+00
3.618822e+00
3.622577e+00
3.626333e+00
3.630089e+00
3.633844e+00
3.637600e+00
3.641355e+00
3.645110e+00
3.648866e+00
3.652622e+00
3.656377e+00
3.660133e+00
3.663888e+00
3.667644e+00
3.671400e+00
3.675155e+00
3.678911e+00
3.682666e+00
3.686422e+00
3.690177e+00
3.693933e+00
3.697689e+00
3.701444e+00
3.705199e+00
3.708955e+00
3.712711e+00
3.716466e+00
3.720222e+00
3.723978e+00
3.727733e+00
3.731488e+00
3.735244e+00
3.738999e+00
3.742755e+00
3.746511e+00
3.750266e+00
3.754022e+00
3.757777e+00
3.761533e+00
3.765288e+00
3.769044e+00
3.772800e+00
3.776555e+00
3.780310e+00
3.784066e+00
3.787821e+00
3.791577e+00
3.795333e+00
3.799088e+00
3.802844e+00
3.806600e+00
3.810355e+00
3.814110e+00
3.817867e+00
3.821622e+00
3.825377e+00
3.829132e+00
3.832888e+00
3.836644e+00
3.840399e+00
3.844155e+00
3.847911e+00
3.851666e+00
3.855422e+00
3.859177e+00
3.862933e+00
3.866689e+00
3.870444e+00
3.874199e+00
3.877955e+00
3.881710e+00
3.885466e+00
3.889222e+00
3.892977e+00
3.896733e+00
3.900488e+00
3.904244e+00
3.907999e+00
3.911755e+00
3.915511e+00
3.919266e+00
3.923021e+00
3.926777e+00
3.930533e+00
3.934288e+00
3.938044e+00
3.941800e+00
3.945555e+00
3.949310e+00
3.953066e+00
3.956822e+00
3.960577e+00
3.964333e+00
3.968088e+00
3.971844e+00
3.975599e+00
3.979355e+00
3.983111e+00
3.986866e+00
3.990622e+00
3.994377e+00
3.998132e+00
4.001888e+00
4.005644e+00
4.009399e+00
4.013155e+00
4.016910e+00
4.020666e+00
4.024422e+00
4.028177e+00
4.031933e+00
4.035688e+00
4.039444e+00
4.043199e+00
4.046954e+00
4.050710e+00
4.054466e+00
4.058221e+00
4.061977e+00
4.065733e+00
4.069488e+00
4.073244e+00
4.076999e+00
4.080755e+00
4.084510e+00
4.088266e+00
4.092021e+00
4.095777e+00
4.099533e+00
4.103288e+00
4.107043e+00
4.110799e+00
4.114555e+00
4.118310e+00
4.122066e+00
4.125822e+00
4.129577e+00
4.133332e+00
4.137088e+00
4.140843e+00
4.144599e+00
4.148355e+00
4.152110e+00
4.155866e+00
4.159621e+00
4.163377e+00
4.167132e+00
4.170888e+00
4.174644e+00
4.178399e+00
4.182154e+00
4.185910e+00
4.189665e+00
4.193421e+00
4.197177e+00
4.200932e+00
4.204688e+00
4.208444e+00
4.212199e+00
4.215954e+00
4.219711e+00
4.223466e+00
4.227221e+00
4.230976e+00
4.234732e+00
4.238488e+00
4.242243e+00
4.245999e+00
4.249755e+00
4.253510e+00
4.257266e+00
4.261021e+00
4.264777e+00
4.268533e+00
4.272288e+00
4.276043e+00
4.279799e+00
4.283554e+00
4.287310e+00
4.291066e+00
4.294821e+00
4.298577e+00
4.302332e+00
4.306088e+00
4.309843e+00
4.313599e+00
4.317355e+00
4.321110e+00
4.324865e+00
4.328621e+00
4.332377e+00
4.336132e+00
4.339888e+00
4.343644e+00
4.347399e+00
4.351154e+00
4.354910e+00
4.358666e+00
4.362421e+00
4.366177e+00
4.369932e+00
4.374075e+00
4.378218e+00
4.382361e+00
4.386504e+00
4.390647e+00
4.394790e+00
4.398933e+00
4.403076e+00
4.407218e+00
4.411361e+00
4.415504e+00
4.419647e+00
4.423790e+00
4.427933e+00
4.432076e+00
4.436219e+00
4.440362e+00
4.444505e+00
4.448648e+00
4.452790e+00
4.456933e+00
4.461076e+00
4.465219e+00
4.469362e+00
4.473505e+00
4.477648e+00
4.481791e+00
4.485934e+00
4.490077e+00
4.494219e+00
4.498363e+00
4.502506e+00
4.506649e+00
4.510792e+00
4.514934e+00
4.519077e+00
4.523220e+00
4.527363e+00
4.531506e+00
4.535649e+00
4.539792e+00
4.543935e+00
4.548078e+00
4.552220e+00
4.556363e+00
4.560506e+00
4.564649e+00
4.568793e+00
4.572935e+00
4.577078e+00
4.581221e+00
4.585364e+00
4.589507e+00
4.593650e+00
4.597793e+00
4.601936e+00
4.606079e+00
4.610221e+00
4.614364e+00
4.618507e+00
4.622650e+00
4.626793e+00
4.630936e+00
4.635079e+00
4.639222e+00
4.643365e+00
4.647508e+00
4.651651e+00
4.655794e+00
4.659936e+00
4.664079e+00
4.668222e+00
4.672365e+00
4.676508e+00
4.680651e+00
4.684794e+00
4.688937e+00
4.693080e+00
4.697222e+00
4.701365e+00
4.705509e+00
4.709652e+00
4.713795e+00
4.717937e+00
4.722080e+00
4.726223e+00
4.730366e+00
4.734509e+00
4.738652e+00
4.742795e+00
4.746938e+00
4.751081e+00
4.755223e+00
4.759366e+00
4.763510e+00
4.767652e+00
4.771795e+00
4.775938e+00
4.780081e+00
4.784224e+00
4.788367e+00
4.792510e+00
4.796653e+00
4.800796e+00
4.804938e+00
4.809081e+00
4.813224e+00
4.817367e+00
4.821511e+00
4.825653e+00
4.829796e+00
4.833939e+00
4.838082e+00
4.842224e+00
4.846367e+00
4.850511e+00
4.854654e+00
4.858797e+00
4.862939e+00
4.867082e+00
4.871225e+00
4.875368e+00
4.879511e+00
4.883654e+00
4.887797e+00
4.891940e+00
4.896083e+00
4.900225e+00
4.904369e+00
4.908512e+00
4.912654e+00
4.916797e+00
4.920940e+00
4.925083e+00
4.929226e+00
4.933369e+00
4.937512e+00
4.941655e+00
4.945798e+00
4.949940e+00
4.954083e+00
4.958226e+00
4.962370e+00
4.966513e+00
4.970655e+00
4.974798e+00
4.978941e+00
4.983084e+00
4.987226e+00
4.991370e+00
4.995513e+00
4.999656e+00
5.003799e+00
5.007941e+00
5.012084e+00
5.016227e+00
5.020370e+00
5.024513e+00
5.028656e+00
5.032799e+00
5.036942e+00
5.041085e+00
5.045228e+00
5.049371e+00
5.053514e+00
5.057656e+00
5.061800e+00
5.065942e+00
5.070085e+00
5.074228e+00
5.078371e+00
5.082514e+00
5.086657e+00
5.090800e+00
5.094943e+00
5.099086e+00
5.103229e+00
5.107372e+00
5.111515e+00
5.115657e+00
5.119800e+00
5.123943e+00
5.128086e+00
5.132229e+00
5.136372e+00
5.140515e+00
5.144658e+00
5.148801e+00
5.152943e+00
5.157086e+00
5.161229e+00
5.165373e+00
5.169516e+00
5.173658e+00
5.177801e+00
5.181944e+00
5.186087e+00
5.190230e+00
5.194373e+00
5.198516e+00
5.202659e+00
5.206802e+00
5.210944e+00
5.215087e+00
5.219230e+00
5.223373e+00
5.227516e+00
5.231659e+00
5.235802e+00
5.239945e+00
5.244088e+00
5.248231e+00
5.252374e+00
5.256517e+00
5.260659e+00
5.264802e+00
5.268945e+00
5.273088e+00
5.277231e+00
5.281374e+00
5.285517e+00
5.289660e+00
5.293803e+00
5.297946e+00
5.302088e+00
5.306231e+00
5.310375e+00
5.314518e+00
5.318660e+00
5.322803e+00
5.326946e+00
5.331089e+00
5.335232e+00
5.339375e+00
5.343518e+00
5.347661e+00
5.351804e+00
5.355947e+00
5.360089e+00
5.364232e+00
5.368375e+00
5.372518e+00
5.376661e+00
5.380804e+00
5.384947e+00
5.389090e+00
5.393233e+00
5.397376e+00
5.401519e+00
5.405661e+00
5.409804e+00
5.413947e+00
5.418090e+00
5.422233e+00
5.426376e+00
5.430519e+00
5.434662e+00
5.438805e+00
5.442948e+00
5.447090e+00
5.451233e+00
5.455377e+00
5.459520e+00
5.463662e+00
5.467805e+00
5.471948e+00
5.476091e+00
5.480234e+00
5.484377e+00
5.488520e+00
5.492663e+00
5.496806e+00
5.500949e+00
5.505091e+00
5.509234e+00
5.513377e+00
5.517520e+00
5.521663e+00
5.525806e+00
5.529949e+00
5.534092e+00
5.538235e+00
5.542378e+00
5.546521e+00
5.550664e+00
5.554806e+00
5.558950e+00
5.563092e+00
5.567235e+00
5.571378e+00
5.575521e+00
5.579664e+00
5.583807e+00
5.587950e+00
5.592093e+00
5.596236e+00
5.600379e+00
5.604522e+00
5.608665e+00
5.612807e+00
5.616950e+00
5.621093e+00
5.625236e+00
5.629379e+00
5.633522e+00
5.637665e+00
5.641808e+00
5.645951e+00
5.650093e+00
5.654236e+00
5.658379e+00
5.662523e+00
5.666666e+00
5.670808e+00
5.674951e+00
5.679094e+00
5.683237e+00
5.687380e+00
5.691523e+00
5.695666e+00
5.699809e+00
5.703952e+00
5.708094e+00
5.712237e+00
5.716380e+00
5.720523e+00
5.724666e+00
5.728809e+00
5.732952e+00
5.737095e+00
5.741238e+00
5.745381e+00
5.749524e+00
5.753667e+00
5.757809e+00
5.761952e+00
5.766095e+00
5.770238e+00
5.774381e+00
5.778524e+00
5.782667e+00
5.786810e+00
5.790953e+00
5.795095e+00
5.799238e+00
5.803382e+00
5.807525e+00
5.811668e+00
5.815810e+00
5.819953e+00
5.824096e+00
5.828239e+00
5.832382e+00
5.836525e+00
5.840668e+00
5.844811e+00
5.848954e+00
5.853096e+00
5.857239e+00
5.861383e+00
5.865525e+00
5.869668e+00
5.873811e+00
5.877954e+00
5.882097e+00
5.886240e+00
5.890383e+00
5.894526e+00
5.898669e+00
5.902811e+00
5.906954e+00
5.911097e+00
5.915240e+00
5.919384e+00
5.923526e+00
5.927669e+00
5.931812e+00
5.935955e+00
5.940097e+00
5.944241e+00
5.948384e+00
5.952527e+00
5.956670e+00
5.960812e+00
5.964955e+00
5.969098e+00
5.973241e+00
5.977384e+00
5.981527e+00
5.985670e+00
5.989813e+00
5.993956e+00
5.998098e+00
6.002242e+00
6.006385e+00
6.010527e+00
6.014671e+00
6.018813e+00
6.022956e+00
6.027099e+00
6.031242e+00
6.035385e+00
6.039528e+00
6.043671e+00
6.047813e+00
6.051957e+00
6.056099e+00
6.060243e+00
6.064386e+00
6.068528e+00
6.072671e+00
6.076814e+00
6.080957e+00
6.085100e+00
6.089243e+00
6.093386e+00
6.097529e+00
6.101672e+00
6.105814e+00
6.109957e+00
6.114100e+00
6.118244e+00
6.122387e+00
6.126529e+00
6.130672e+00
6.134815e+00
6.138958e+00
6.143101e+00
6.147244e+00
6.151387e+00
6.155530e+00
6.159673e+00
6.163815e+00
6.167958e+00
6.172101e+00
6.176244e+00
6.180387e+00
6.184530e+00
6.188673e+00
6.192816e+00
6.196959e+00
6.201102e+00
6.205245e+00
6.209388e+00
6.213530e+00
6.217673e+00
6.221816e+00
6.225959e+00
6.230102e+00
6.234245e+00
6.238388e+00
6.242531e+00
6.246674e+00
6.250816e+00
6.254959e+00
6.259102e+00
6.263246e+00
6.267389e+00
6.271531e+00
6.275674e+00
6.279817e+00
6.283960e+00
6.288103e+00
6.292246e+00
6.296389e+00
6.300532e+00
6.304675e+00
6.308817e+00
6.312960e+00
6.317103e+00
6.321246e+00
6.325389e+00
6.329532e+00
6.333675e+00
6.337818e+00
6.341961e+00
6.346104e+00
6.350247e+00
6.354390e+00
6.358532e+00
6.362675e+00
6.366818e+00
6.370961e+00
6.375104e+00
6.379247e+00
6.383390e+00
6.387533e+00
6.391676e+00
6.395819e+00
6.399961e+00
6.404104e+00
6.408248e+00
6.412391e+00
6.416533e+00
6.420676e+00
6.424819e+00
6.428962e+00
6.433105e+00
6.437248e+00
6.441391e+00
6.445534e+00
6.449677e+00
6.451410e+00
6.453143e+00
6.454875e+00
6.456608e+00
6.458342e+00
6.460075e+00
6.461807e+00
6.463541e+00
6.465274e+00
6.467007e+00
6.468739e+00
6.470472e+00
6.472206e+00
6.473939e+00
6.475672e+00
6.477404e+00
6.479137e+00
6.480870e+00
6.482603e+00
6.484336e+00
6.486069e+00
6.487802e+00
6.489536e+00
6.491268e+00
6.493001e+00
6.494734e+00
6.496467e+00
6.498200e+00
6.499933e+00
6.501666e+00
6.503399e+00
6.505132e+00
6.506865e+00
6.508598e+00
6.510331e+00
6.512064e+00
6.513797e+00
6.515530e+00
6.517263e+00
6.518996e+00
6.520729e+00
6.522462e+00
6.524195e+00
6.525928e+00
6.527661e+00
6.529394e+00
6.531127e+00
6.532860e+00
6.534593e+00
6.536325e+00
6.538058e+00
6.539792e+00
6.541525e+00
6.543258e+00
6.544991e+00
6.546724e+00
6.548457e+00
6.550190e+00
6.551922e+00
6.553656e+00
6.555389e+00
6.557122e+00
6.558854e+00
6.560587e+00
6.562320e+00
6.564053e+00
6.565787e+00
6.567519e+00
6.569253e+00
6.570986e+00
6.572719e+00
6.574451e+00
6.576184e+00
6.577917e+00
6.579651e+00
6.581383e+00
6.583116e+00
6.584849e+00
6.586582e+00
6.588315e+00
6.590048e+00
6.591781e+00
6.593514e+00
6.595248e+00
6.596980e+00
6.598713e+00
6.600446e+00
6.602179e+00
6.603912e+00
6.605645e+00
6.607378e+00
6.609111e+00
6.610844e+00
6.612577e+00
6.614310e+00
6.616043e+00
6.617776e+00
6.619509e+00
6.621242e+00
6.622975e+00
6.624708e+00
6.626441e+00
6.628174e+00
6.629907e+00
6.631640e+00
6.633373e+00
6.635106e+00
6.636839e+00
6.638572e+00
6.640305e+00
6.642037e+00
6.643770e+00
6.645503e+00
6.647237e+00
6.648970e+00
6.650703e+00
6.652436e+00
6.654169e+00
6.655902e+00
6.657634e+00
6.659367e+00
6.661101e+00
6.662834e+00
6.664566e+00
6.666299e+00
6.668032e+00
6.669765e+00
6.671498e+00
6.673231e+00
6.674965e+00
6.676698e+00
6.678431e+00
6.680163e+00
6.681896e+00
6.683629e+00
6.685362e+00
6.687095e+00
6.688828e+00
6.690561e+00
6.692294e+00
6.694027e+00
6.695760e+00
6.697493e+00
6.699226e+00
6.700960e+00
6.702692e+00
6.704425e+00
6.706158e+00
6.707891e+00
6.709624e+00
6.711357e+00
6.713090e+00
6.714823e+00
6.716556e+00
6.718289e+00
6.720022e+00
6.721755e+00
6.723488e+00
6.725220e+00
6.726954e+00
6.728687e+00
6.730420e+00
6.732153e+00
6.733886e+00
6.735619e+00
6.737352e+00
6.739084e+00
6.740818e+00
6.742551e+00
6.744284e+00
6.746017e+00
6.747749e+00
6.749482e+00
6.751215e+00
6.752949e+00
6.754681e+00
6.756415e+00
6.758148e+00
6.759881e+00
6.761613e+00
6.763346e+00
6.765079e+00
6.766813e+00
6.768546e+00
6.770278e+00
6.772011e+00
6.773744e+00
6.775477e+00
6.777210e+00
6.778943e+00
6.780676e+00
6.782410e+00
6.784142e+00
6.785875e+00
6.787608e+00
6.789341e+00
6.791074e+00
6.792807e+00
6.794540e+00
6.796273e+00
6.798006e+00
6.799739e+00
6.801472e+00
6.803205e+00
6.804938e+00
6.806671e+00
6.808404e+00
6.810137e+00
6.811870e+00
6.813603e+00
6.815336e+00
6.817069e+00
6.818802e+00
6.820535e+00
6.822268e+00
6.824001e+00
6.825734e+00
6.827467e+00
6.829199e+00
6.830932e+00
6.832665e+00
6.834399e+00
6.836132e+00
6.837865e+00
6.839598e+00
6.841331e+00
6.843064e+00
6.844796e+00
6.846529e+00
6.848263e+00
6.849996e+00
6.851728e+00
6.853461e+00
6.855194e+00
6.856927e+00
6.858660e+00
6.860393e+00
6.862127e+00
6.863860e+00
6.865593e+00
6.867325e+00
6.869058e+00
6.870791e+00
6.872524e+00
6.874257e+00
6.875990e+00
6.877723e+00
6.879456e+00
6.881189e+00
6.882922e+00
6.884655e+00
6.886388e+00
6.888122e+00
6.889854e+00
6.891587e+00
6.893320e+00
6.895053e+00
6.896786e+00
6.898519e+00
6.900252e+00
6.901985e+00
6.903718e+00
6.905451e+00
6.907184e+00
6.908917e+00
6.910650e+00
6.912383e+00
6.914116e+00
6.915849e+00
6.917582e+00
6.919315e+00
6.921048e+00
6.922781e+00
6.924514e+00
6.926247e+00
6.927979e+00
6.929713e+00
6.931446e+00
6.933179e+00
6.934911e+00
6.936644e+00
6.938378e+00
6.940111e+00
6.941844e+00
6.943577e+00
6.945310e+00
6.947043e+00
6.948776e+00
6.950508e+00
6.952241e+00
6.953974e+00
6.955708e+00
6.957440e+00
6.959173e+00
6.960906e+00
6.962639e+00
6.964372e+00
6.966105e+00
6.967838e+00
6.969572e+00
6.971305e+00
6.973037e+00
6.974770e+00
6.976503e+00
6.978236e+00
6.979969e+00
6.981702e+00
6.983435e+00
6.985168e+00
6.986901e+00
6.988634e+00
6.990367e+00
6.992100e+00
6.993833e+00
6.995566e+00
6.997299e+00
6.999032e+00
7.000765e+00
7.002498e+00
7.004231e+00
7.005964e+00
7.007697e+00
7.009430e+00
7.011163e+00
7.012896e+00
7.014629e+00
7.016362e+00
7.018095e+00
7.019828e+00
7.021561e+00
7.023294e+00
7.025027e+00
7.026760e+00
7.028493e+00
7.030226e+00
7.031959e+00
7.033691e+00
7.035425e+00
7.037158e+00
7.038891e+00
7.040623e+00
7.042356e+00
7.044090e+00
7.045823e+00
7.047555e+00
7.049289e+00
7.051022e+00
7.052755e+00
7.054488e+00
7.056220e+00
7.057953e+00
7.059686e+00
7.061420e+00
7.063152e+00
7.064885e+00
7.066618e+00
7.068351e+00
7.070084e+00
7.071817e+00
7.073550e+00
7.075283e+00
7.077017e+00
7.078749e+00
7.080482e+00
7.082215e+00
7.083948e+00
7.085681e+00
7.087414e+00
7.089147e+00
7.090880e+00
7.092613e+00
7.094346e+00
7.096079e+00
7.097812e+00
7.099545e+00
7.101278e+00
7.103011e+00
7.104744e+00
7.106477e+00
7.108210e+00
7.109943e+00
7.111676e+00
7.113409e+00
7.115141e+00
7.116875e+00
7.118608e+00
7.120341e+00
7.122074e+00
7.123807e+00
7.125540e+00
7.127273e+00
7.129006e+00
7.130739e+00
7.132472e+00
7.134205e+00
7.135938e+00
7.137670e+00
7.139403e+00
7.141136e+00
7.142870e+00
7.144603e+00
7.146335e+00
7.148068e+00
7.149802e+00
7.151535e+00
7.153267e+00
7.155000e+00
7.156734e+00
7.158467e+00
7.160199e+00
7.161932e+00
7.163665e+00
7.165398e+00
7.167131e+00
7.168864e+00
7.170597e+00
7.172330e+00
7.174063e+00
7.175796e+00
7.177529e+00
7.179262e+00
7.180995e+00
7.182728e+00
7.184461e+00
7.186194e+00
7.187927e+00
7.189660e+00
7.191393e+00
7.193126e+00
7.194859e+00
7.196592e+00
7.198325e+00
7.200058e+00
7.201791e+00
7.203524e+00
7.205257e+00
7.206990e+00
7.208723e+00
7.210456e+00
7.212189e+00
7.213922e+00
7.215655e+00
7.217388e+00
7.219121e+00
7.220853e+00
7.222586e+00
7.224320e+00
7.226053e+00
7.227785e+00
7.229519e+00
7.231252e+00
7.232985e+00
7.234718e+00
7.236450e+00
7.238184e+00
7.239917e+00
7.241650e+00
7.243382e+00
7.245115e+00
7.246848e+00
7.248581e+00
7.250314e+00
7.252047e+00
7.253780e+00
7.255514e+00
7.257247e+00
7.258979e+00
7.260712e+00
7.262445e+00
7.264179e+00
7.265911e+00
7.267644e+00
7.269377e+00
7.271110e+00
7.272843e+00
7.274576e+00
7.276309e+00
7.278042e+00
7.279775e+00
7.281508e+00
7.283241e+00
7.284974e+00
7.286707e+00
7.288440e+00
7.290173e+00
7.291906e+00
7.293639e+00
7.295372e+00
7.297105e+00
7.298838e+00
7.300571e+00
7.302304e+00
7.304037e+00
7.305770e+00
7.307503e+00
7.309236e+00
7.310969e+00
7.312702e+00
7.314435e+00
7.316168e+00
7.317901e+00
7.319634e+00
7.321367e+00
7.323124e+00
7.324882e+00
7.326639e+00
7.328397e+00
7.330154e+00
7.331911e+00
7.333669e+00
7.335426e+00
7.337184e+00
7.338942e+00
7.340699e+00
7.342456e+00
7.344214e+00
7.345971e+00
7.347729e+00
7.349486e+00
7.351244e+00
7.353001e+00
7.354758e+00
7.356516e+00
7.358273e+00
7.360031e+00
7.361788e+00
7.363546e+00
7.365303e+00
7.367061e+00
7.368818e+00
7.370576e+00
7.372333e+00
7.374091e+00
7.375848e+00
7.377605e+00
7.379363e+00
7.381120e+00
7.382878e+00
7.384635e+00
7.386393e+00
7.388150e+00
7.389908e+00
7.391665e+00
7.393423e+00
7.395180e+00
7.396937e+00
7.398695e+00
7.400452e+00
7.402210e+00
7.403967e+00
7.405725e+00
7.407482e+00
7.409240e+00
7.410997e+00
7.412754e+00
7.414512e+00
7.416269e+00
7.418027e+00
7.419784e+00
7.421542e+00
7.423299e+00
7.425057e+00
7.426814e+00
7.428572e+00
7.430329e+00
7.432086e+00
7.433844e+00
7.435601e+00
7.437359e+00
7.439116e+00
7.440874e+00
7.442631e+00
7.444389e+00
7.446146e+00
7.447903e+00
7.449661e+00
7.451418e+00
7.453176e+00
7.454933e+00
7.456691e+00
7.458448e+00
7.460206e+00
7.461963e+00
7.463721e+00
7.465478e+00
7.467236e+00
7.468993e+00
7.470750e+00
7.472508e+00
7.474265e+00
7.476023e+00
7.477780e+00
7.479538e+00
7.481295e+00
7.483053e+00
7.484810e+00
7.486568e+00
7.488325e+00
7.490083e+00
7.491840e+00
7.493598e+00
7.495355e+00
7.497112e+00
7.498870e+00
7.500627e+00
7.502385e+00
7.504142e+00
7.505899e+00
7.507657e+00
7.509415e+00
7.511173e+00
7.512930e+00
7.514687e+00
7.516445e+00
7.518202e+00
7.519959e+00
7.521717e+00
7.523474e+00
7.525232e+00
7.526989e+00
7.528746e+00
7.530504e+00
7.532261e+00
7.534020e+00
7.535777e+00
7.537534e+00
7.539292e+00
7.541049e+00
7.542807e+00
7.544564e+00
7.546321e+00
7.548079e+00
7.549836e+00
7.551594e+00
7.553351e+00
7.555108e+00
7.556866e+00
7.558624e+00
7.560381e+00
7.562139e+00
7.563896e+00
7.565654e+00
7.567411e+00
7.569169e+00
7.570926e+00
7.572683e+00
7.574441e+00
7.576198e+00
7.577955e+00
7.579713e+00
7.581471e+00
7.583228e+00
7.584986e+00
7.586743e+00
7.588501e+00
7.590258e+00
7.592015e+00
7.593773e+00
7.595530e+00
7.597288e+00
7.599045e+00
7.600803e+00
7.602560e+00
7.604317e+00
7.606075e+00
7.607833e+00
7.609590e+00
7.611347e+00
7.613105e+00
7.614862e+00
7.616620e+00
7.618377e+00
7.620135e+00
7.621892e+00
7.623650e+00
7.625407e+00
7.627164e+00
7.628922e+00
7.630679e+00
7.632437e+00
7.634194e+00
7.635952e+00
7.637709e+00
7.639467e+00
7.641224e+00
7.642982e+00
7.644739e+00
7.646496e+00
7.648254e+00
7.650011e+00
7.651769e+00
7.653526e+00
7.655284e+00
7.657041e+00
7.658799e+00
7.660556e+00
7.662314e+00
7.664071e+00
7.665828e+00
7.667586e+00
7.669343e+00
7.671101e+00
7.672858e+00
7.674616e+00
7.676373e+00
7.678131e+00
7.679888e+00
7.681646e+00
7.683403e+00
7.685160e+00
7.686918e+00
7.688675e+00
7.690433e+00
7.692190e+00
7.693948e+00
7.695705e+00
7.697463e+00
7.699220e+00
7.700977e+00
7.702735e+00
7.704492e+00
7.706250e+00
7.708008e+00
7.709765e+00
7.711522e+00
7.713280e+00
7.715037e+00
7.716795e+00
7.718552e+00
7.720309e+00
7.722067e+00
7.723824e+00
7.725582e+00
7.727339e+00
7.729097e+00
7.730855e+00
7.732612e+00
7.734370e+00
7.736127e+00
7.737884e+00
7.739642e+00
7.741399e+00
7.743156e+00
7.744914e+00
7.746671e+00
7.748429e+00
7.750186e+00
7.751944e+00
7.753701e+00
7.755459e+00
7.757217e+00
7.758974e+00
7.760731e+00
7.762489e+00
7.764246e+00
7.766004e+00
7.767761e+00
7.769518e+00
7.771276e+00
7.773033e+00
7.774791e+00
7.776548e+00
7.778306e+00
7.780064e+00
7.781821e+00
7.783579e+00
7.785336e+00
7.787093e+00
7.788851e+00
7.790608e+00
7.792365e+00
7.794123e+00
7.795880e+00
7.797638e+00
7.799395e+00
7.801152e+00
7.802911e+00
7.804668e+00
7.806426e+00
7.808183e+00
7.809940e+00
7.811698e+00
7.813455e+00
7.815213e+00
7.816970e+00
7.818727e+00
7.820485e+00
7.822242e+00
7.824000e+00
7.825757e+00
7.827515e+00
7.829272e+00
7.831030e+00
7.832787e+00
7.834545e+00
7.836302e+00
7.838060e+00
7.839817e+00
7.841575e+00
7.843332e+00
7.845089e+00
7.846847e+00
7.848604e+00
7.850361e+00
7.852119e+00
7.853877e+00
7.855634e+00
7.857392e+00
7.859149e+00
7.860907e+00
7.862664e+00
7.864421e+00
7.866179e+00
7.867936e+00
7.869694e+00
7.871451e+00
7.873209e+00
7.874966e+00
7.876724e+00
7.878481e+00
7.880239e+00
7.881996e+00
7.883753e+00
7.885511e+00
7.887268e+00
7.889026e+00
7.890783e+00
7.892541e+00
7.894298e+00
7.896056e+00
7.897813e+00
7.899570e+00
7.901328e+00
7.903085e+00
7.904843e+00
7.906600e+00
7.908358e+00
7.910115e+00
7.911873e+00
7.913630e+00
7.915388e+00
7.917145e+00
7.918902e+00
7.920660e+00
7.922417e+00
7.924175e+00
7.925932e+00
7.927690e+00
7.929447e+00
7.931205e+00
7.932962e+00
7.934720e+00
7.936477e+00
7.938234e+00
7.939992e+00
7.941749e+00
7.943507e+00
7.945264e+00
7.947022e+00
7.948779e+00
7.950537e+00
7.952294e+00
7.954052e+00
7.955809e+00
7.957566e+00
7.959324e+00
7.961081e+00
7.962839e+00
7.964596e+00
7.966354e+00
7.968111e+00
7.969869e+00
7.971626e+00
7.973383e+00
7.975141e+00
7.976899e+00
7.978656e+00
7.980414e+00
7.982171e+00
7.983928e+00
7.985686e+00
7.987443e+00
7.989201e+00
7.990958e+00
7.992715e+00
7.994473e+00
7.996230e+00
7.997988e+00
7.999746e+00
8.001503e+00
8.003261e+00
8.005018e+00
8.006776e+00
8.008533e+00
8.010290e+00
8.012048e+00
8.013805e+00
8.015562e+00
8.017320e+00
8.019077e+00
8.020835e+00
8.022592e+00
8.024350e+00
8.026108e+00
8.027865e+00
8.029623e+00
8.031380e+00
8.033137e+00
8.034895e+00
8.036652e+00
8.038410e+00
8.040167e+00
8.041924e+00
8.043682e+00
8.045439e+00
8.047197e+00
8.048955e+00
8.050712e+00
8.052470e+00
8.054227e+00
8.055985e+00
8.057742e+00
8.059499e+00
8.061257e+00
8.063014e+00
8.064772e+00
8.066529e+00
8.068286e+00
8.070044e+00
8.071802e+00
8.073559e+00
8.075317e+00
8.077074e+00
8.078832e+00
8.080589e+00
8.082346e+00
8.084104e+00
8.085861e+00
8.087619e+00
8.089376e+00
8.091133e+00
8.092891e+00
8.094648e+00
8.096406e+00
8.098163e+00
8.099921e+00
8.101678e+00
8.103436e+00
8.105193e+00
8.106951e+00
8.108708e+00
8.110466e+00
8.112223e+00
8.113981e+00
8.115738e+00
8.117495e+00
8.119253e+00
8.121010e+00
8.122768e+00
8.124525e+00
8.126283e+00
8.128040e+00
8.129798e+00
8.131555e+00
8.133312e+00
8.135070e+00
8.136827e+00
8.138585e+00
8.140342e+00
8.142100e+00
8.143857e+00
8.145615e+00
8.147372e+00
8.149130e+00
8.150887e+00
8.152644e+00
8.154402e+00
8.156159e+00
8.157917e+00
8.159674e+00
8.161432e+00
8.163189e+00
8.164947e+00
8.166704e+00
