4.365667e-04
4.870447e-04
5.375229e-04
5.880010e-04
6.384791e-04
6.889573e-04
7.394353e-04
7.899134e-04
8.403916e-04
8.908697e-04
9.413477e-04
9.918259e-04
1.042304e-03
1.092782e-03
1.143260e-03
1.193738e-03
1.244217e-03
1.294694e-03
1.345173e-03
1.395651e-03
1.446129e-03
1.496607e-03
1.547085e-03
1.597563e-03
1.648041e-03
1.698520e-03
1.748997e-03
1.799476e-03
1.849954e-03
1.900432e-03
1.950910e-03
2.066940e-03
2.182969e-03
2.298999e-03
2.415028e-03
2.531057e-03
2.647087e-03
2.763116e-03
2.879146e-03
2.995176e-03
3.111205e-03
3.227235e-03
3.343264e-03
3.459293e-03
3.575323e-03
3.691352e-03
3.807382e-03
3.923412e-03
4.039441e-03
4.155470e-03
4.271500e-03
4.335280e-03
4.399060e-03
4.462840e-03
4.526620e-03
4.590400e-03
4.654180e-03
4.717960e-03
4.781740e-03
4.845520e-03
4.909300e-03
4.973080e-03
5.036860e-03
5.100640e-03
5.164420e-03
5.228200e-03
5.291980e-03
5.355760e-03
5.419540e-03
5.391525e-03
5.547100e-03
5.702675e-03
5.858249e-03
6.013823e-03
6.169398e-03
6.324972e-03
6.480547e-03
6.636121e-03
6.791695e-03
6.947270e-03
7.102845e-03
7.258419e-03
7.413993e-03
7.569568e-03
7.725142e-03
7.880717e-03
8.036291e-03
8.191865e-03
8.347440e-03
8.503015e-03
8.658589e-03
8.814163e-03
8.969738e-03
9.125312e-03
9.280887e-03
9.436461e-03
9.592035e-03
9.747610e-03
9.903185e-03
1.005876e-02
1.021433e-02
1.032843e-02
1.044253e-02
1.055662e-02
1.067072e-02
1.078482e-02
1.089891e-02
1.101301e-02
1.112711e-02
1.124120e-02
1.135530e-02
1.146940e-02
1.158349e-02
1.169759e-02
1.181169e-02
1.192578e-02
1.203988e-02
1.215398e-02
1.226807e-02
1.238217e-02
1.249627e-02
1.261036e-02
1.272446e-02
1.283856e-02
1.295265e-02
1.306675e-02
1.318085e-02
1.329494e-02
1.340904e-02
1.352314e-02
1.363723e-02
1.375133e-02
1.386543e-02
1.397952e-02
1.409362e-02
1.420772e-02
1.432181e-02
1.443591e-02
1.455001e-02
1.466410e-02
1.477820e-02
1.489230e-02
1.500639e-02
1.512049e-02
1.523459e-02
1.534868e-02
1.546278e-02
1.557688e-02
1.569097e-02
1.580507e-02
1.591917e-02
1.606580e-02
1.621244e-02
1.635908e-02
1.650571e-02
1.665235e-02
1.679899e-02
1.694562e-02
1.709226e-02
1.723890e-02
1.738553e-02
1.753217e-02
1.767881e-02
1.782544e-02
1.797208e-02
1.811872e-02
1.826535e-02
1.841199e-02
1.855863e-02
1.870526e-02
1.885190e-02
1.899854e-02
1.914517e-02
1.929181e-02
1.943845e-02
1.958508e-02
1.973172e-02
1.987836e-02
2.002499e-02
2.017163e-02
2.031827e-02
2.046490e-02
2.061154e-02
2.075818e-02
2.090481e-02
2.105145e-02
2.119809e-02
2.134472e-02
2.149136e-02
2.163800e-02
2.178463e-02
2.193127e-02
2.207791e-02
2.222454e-02
2.237118e-02
2.251782e-02
2.266445e-02
2.281109e-02
2.295773e-02
2.310436e-02
2.325100e-02
2.324302e-02
2.323505e-02
2.322707e-02
2.321909e-02
2.321112e-02
2.320314e-02
2.319516e-02
2.318719e-02
2.317921e-02
2.317123e-02
2.316326e-02
2.315528e-02
2.314730e-02
2.313933e-02
2.313135e-02
2.312337e-02
2.311540e-02
2.310742e-02
2.309944e-02
2.309147e-02
2.308349e-02
2.307551e-02
2.306754e-02
2.305956e-02
2.305158e-02
2.304361e-02
2.303563e-02
2.302765e-02
2.301968e-02
2.301170e-02
2.300372e-02
2.299575e-02
2.298777e-02
2.297979e-02
2.297182e-02
2.296384e-02
2.295586e-02
2.294789e-02
2.293991e-02
2.293193e-02
2.292396e-02
2.291598e-02
2.290800e-02
2.290003e-02
2.289205e-02
2.288407e-02
2.287610e-02
2.286812e-02
2.286014e-02
2.285217e-02
2.284419e-02
2.283621e-02
2.282824e-02
2.282026e-02
2.281228e-02
2.280431e-02
2.279633e-02
2.278835e-02
2.278038e-02
2.277240e-02
2.276442e-02
2.275645e-02
2.274847e-02
2.274049e-02
2.273252e-02
2.272454e-02
2.271656e-02
2.270859e-02
2.270061e-02
2.269263e-02
2.268466e-02
2.267668e-02
2.266870e-02
2.266073e-02
2.265275e-02
2.264477e-02
2.263680e-02
2.262882e-02
2.262084e-02
2.261287e-02
2.260489e-02
2.259691e-02
2.258894e-02
2.258096e-02
2.257298e-02
2.256501e-02
2.255703e-02
2.254905e-02
2.254108e-02
2.253310e-02
2.252512e-02
2.251715e-02
2.250917e-02
2.250119e-02
2.249322e-02
2.248524e-02
2.247726e-02
2.246929e-02
2.246131e-02
2.245333e-02
2.255494e-02
2.265655e-02
2.275816e-02
2.285977e-02
2.296137e-02
2.306298e-02
2.316459e-02
2.326620e-02
2.336781e-02
2.346942e-02
2.357103e-02
2.367263e-02
2.377424e-02
2.387585e-02
2.397746e-02
2.407907e-02
2.418068e-02
2.428228e-02
2.438389e-02
2.448550e-02
2.458711e-02
2.468872e-02
2.479032e-02
2.489193e-02
2.499354e-02
2.509515e-02
2.519676e-02
2.529837e-02
2.539997e-02
2.550158e-02
2.560319e-02
2.570480e-02
2.580641e-02
2.590802e-02
2.600963e-02
2.611123e-02
2.621284e-02
2.631445e-02
2.641606e-02
2.651767e-02
2.661928e-02
2.672088e-02
2.682249e-02
2.692410e-02
2.702571e-02
2.712732e-02
2.722893e-02
2.733053e-02
2.743214e-02
2.753375e-02
2.763536e-02
2.773697e-02
2.783858e-02
2.794018e-02
2.804179e-02
2.814340e-02
2.824501e-02
2.834662e-02
2.844823e-02
2.854983e-02
2.865144e-02
2.875305e-02
2.885466e-02
2.895627e-02
2.905788e-02
2.915948e-02
2.926109e-02
2.936270e-02
2.946431e-02
2.956592e-02
2.966753e-02
2.976913e-02
2.987074e-02
2.997235e-02
3.007396e-02
3.017557e-02
3.027717e-02
3.037878e-02
3.048039e-02
3.058200e-02
3.068361e-02
3.078522e-02
3.088682e-02
3.098843e-02
3.109004e-02
3.119165e-02
3.129326e-02
3.139487e-02
3.149648e-02
3.159808e-02
3.169969e-02
3.180130e-02
3.190291e-02
3.200452e-02
3.210612e-02
3.220773e-02
3.230934e-02
3.241095e-02
3.251256e-02
3.261417e-02
3.273872e-02
3.286327e-02
3.298783e-02
3.311238e-02
3.323693e-02
3.336149e-02
3.348604e-02
3.361059e-02
3.373515e-02
3.385970e-02
3.398425e-02
3.410881e-02
3.423336e-02
3.435791e-02
3.448247e-02
3.460702e-02
3.473157e-02
3.485613e-02
3.498068e-02
3.510523e-02
3.522979e-02
3.535434e-02
3.547889e-02
3.560345e-02
3.572800e-02
3.585255e-02
3.597711e-02
3.610166e-02
3.622621e-02
3.635077e-02
3.647532e-02
3.659987e-02
3.672443e-02
3.684898e-02
3.697353e-02
3.709809e-02
3.722264e-02
3.734719e-02
3.747175e-02
3.759630e-02
3.772085e-02
3.784541e-02
3.796996e-02
3.809451e-02
3.821907e-02
3.834362e-02
3.846817e-02
3.859273e-02
3.871728e-02
3.884183e-02
3.896639e-02
3.909094e-02
3.921549e-02
3.934005e-02
3.946460e-02
3.958915e-02
3.971371e-02
3.983826e-02
3.996281e-02
4.008737e-02
4.021192e-02
4.033647e-02
4.046103e-02
4.058558e-02
4.071013e-02
4.083469e-02
4.095924e-02
4.108379e-02
4.120835e-02
4.133290e-02
4.145745e-02
4.158201e-02
4.170656e-02
4.183111e-02
4.195567e-02
4.208022e-02
4.220477e-02
4.232933e-02
4.245388e-02
4.257843e-02
4.270299e-02
4.282754e-02
4.295209e-02
4.307665e-02
4.320120e-02
4.332575e-02
4.345031e-02
4.357486e-02
4.369941e-02
4.382397e-02
4.394852e-02
4.407307e-02
4.419763e-02
4.432218e-02
4.444673e-02
4.457129e-02
4.469584e-02
4.482039e-02
4.494495e-02
4.506950e-02
4.519405e-02
4.531861e-02
4.544316e-02
4.556771e-02
4.569227e-02
4.581682e-02
4.594137e-02
4.606593e-02
4.619048e-02
4.631503e-02
4.643959e-02
4.656414e-02
4.668869e-02
4.681325e-02
4.693780e-02
4.706235e-02
4.718691e-02
4.731146e-02
4.743601e-02
4.756057e-02
4.768512e-02
4.780967e-02
4.793423e-02
4.805878e-02
4.818333e-02
4.830789e-02
4.843244e-02
4.855699e-02
4.868155e-02
4.880610e-02
4.893065e-02
4.905521e-02
4.917976e-02
4.930431e-02
4.942887e-02
4.955342e-02
4.967797e-02
4.980253e-02
4.992708e-02
5.005163e-02
5.017619e-02
5.030074e-02
5.042529e-02
5.054985e-02
5.067440e-02
5.079895e-02
5.092351e-02
5.104806e-02
5.117261e-02
5.129717e-02
5.142172e-02
5.154627e-02
5.167083e-02
5.179538e-02
5.191993e-02
5.204449e-02
5.216904e-02
5.229359e-02
5.241815e-02
5.254270e-02
5.266725e-02
5.279181e-02
5.291636e-02
5.304091e-02
5.316547e-02
5.329002e-02
5.341457e-02
5.353913e-02
5.366368e-02
5.378823e-02
5.391279e-02
5.403734e-02
5.416189e-02
5.428645e-02
5.441100e-02
5.453555e-02
5.466011e-02
5.478466e-02
5.490921e-02
5.503377e-02
5.515832e-02
5.528287e-02
5.540743e-02
5.553198e-02
5.565653e-02
5.578109e-02
5.590564e-02
5.603019e-02
5.615475e-02
5.627930e-02
5.640385e-02
5.652841e-02
5.665296e-02
5.677751e-02
5.690207e-02
5.702662e-02
5.715117e-02
5.727573e-02
5.740028e-02
5.752483e-02
5.773456e-02
5.794428e-02
5.815401e-02
5.836373e-02
5.857346e-02
5.878318e-02
5.899291e-02
5.920263e-02
5.941236e-02
5.962208e-02
5.983181e-02
6.004153e-02
6.025126e-02
6.046098e-02
6.067071e-02
6.088043e-02
6.109016e-02
6.129988e-02
6.150961e-02
6.171933e-02
6.192906e-02
6.213878e-02
6.234851e-02
6.255823e-02
6.276796e-02
6.297768e-02
6.318741e-02
6.339713e-02
6.360686e-02
6.381658e-02
6.402631e-02
6.423603e-02
6.444576e-02
6.465548e-02
6.486521e-02
6.507493e-02
6.528466e-02
6.549438e-02
6.570411e-02
6.591383e-02
6.612356e-02
6.633328e-02
6.654301e-02
6.675273e-02
6.696246e-02
6.717218e-02
6.738191e-02
6.759163e-02
6.780136e-02
6.801108e-02
6.822081e-02
6.843053e-02
6.864026e-02
6.884998e-02
6.905971e-02
6.926943e-02
6.947916e-02
6.968888e-02
6.989861e-02
7.010833e-02
7.031806e-02
7.052778e-02
7.073751e-02
7.094723e-02
7.115696e-02
7.136668e-02
7.157641e-02
7.178613e-02
7.199586e-02
7.220558e-02
7.241531e-02
7.262503e-02
7.283476e-02
7.304448e-02
7.325421e-02
7.346393e-02
7.367366e-02
7.388338e-02
7.409311e-02
7.430283e-02
7.451256e-02
7.472228e-02
7.493201e-02
7.514173e-02
7.535146e-02
7.556118e-02
7.577091e-02
7.598063e-02
7.619036e-02
7.640008e-02
7.660981e-02
7.681953e-02
7.702926e-02
7.723898e-02
7.744871e-02
7.765843e-02
7.786816e-02
7.807788e-02
7.828761e-02
7.849733e-02
7.949011e-02
8.048288e-02
8.147566e-02
8.246843e-02
8.346121e-02
8.445399e-02
8.544676e-02
8.643954e-02
8.743231e-02
8.842509e-02
8.941786e-02
9.041064e-02
9.140342e-02
9.239619e-02
9.338897e-02
9.438174e-02
9.537452e-02
9.636730e-02
9.736007e-02
9.835285e-02
9.934562e-02
1.003384e-01
1.013312e-01
1.023240e-01
1.033167e-01
1.043095e-01
1.053023e-01
1.062951e-01
1.072878e-01
1.082806e-01
1.092734e-01
1.102662e-01
1.112589e-01
1.122517e-01
1.132445e-01
1.142373e-01
1.152300e-01
1.162228e-01
1.172156e-01
1.182084e-01
1.192011e-01
1.201939e-01
1.211867e-01
1.221795e-01
1.231722e-01
1.241650e-01
1.251578e-01
1.261506e-01
1.271433e-01
1.281361e-01
1.291289e-01
1.301217e-01
1.311144e-01
1.321072e-01
1.331000e-01
1.340928e-01
1.350856e-01
1.360783e-01
1.370711e-01
1.380639e-01
1.390567e-01
1.400494e-01
1.410422e-01
1.420350e-01
1.430278e-01
1.440205e-01
1.450133e-01
1.460061e-01
1.469989e-01
1.479916e-01
1.489844e-01
1.499772e-01
1.509700e-01
1.519627e-01
1.529555e-01
1.539483e-01
1.549411e-01
1.559338e-01
1.569266e-01
1.579194e-01
1.589122e-01
1.599049e-01
1.608977e-01
1.618905e-01
1.628833e-01
1.638761e-01
1.648688e-01
1.658616e-01
1.668544e-01
1.678472e-01
1.688399e-01
1.698327e-01
1.708255e-01
1.718183e-01
1.728110e-01
1.738038e-01
1.747966e-01
1.757894e-01
1.767821e-01
1.777749e-01
1.787677e-01
1.797605e-01
1.807532e-01
1.817460e-01
1.827388e-01
1.837316e-01
1.847243e-01
1.857171e-01
1.867099e-01
1.877027e-01
1.886954e-01
1.896882e-01
1.906810e-01
1.916738e-01
1.926666e-01
1.936593e-01
1.946521e-01
1.956449e-01
1.966377e-01
1.976304e-01
1.986232e-01
1.996160e-01
2.006088e-01
2.016015e-01
2.025943e-01
2.035871e-01
2.045799e-01
2.055726e-01
2.065654e-01
2.075582e-01
2.085510e-01
2.095437e-01
2.105365e-01
2.115293e-01
2.125221e-01
2.135148e-01
2.145076e-01
2.155004e-01
2.164932e-01
2.174859e-01
2.184787e-01
2.194715e-01
2.204643e-01
2.214571e-01
2.224498e-01
2.234426e-01
2.244354e-01
2.254282e-01
2.264209e-01
2.274137e-01
2.284065e-01
2.293993e-01
2.303920e-01
2.313848e-01
2.323776e-01
2.333704e-01
2.343631e-01
2.353559e-01
2.363487e-01
2.373415e-01
2.383342e-01
2.393270e-01
2.403198e-01
2.413126e-01
2.423053e-01
2.432981e-01
2.442909e-01
2.452837e-01
2.462764e-01
2.472692e-01
2.482620e-01
2.492548e-01
2.502476e-01
2.512403e-01
2.522331e-01
2.532259e-01
2.542187e-01
2.552114e-01
2.562042e-01
2.571970e-01
2.581898e-01
2.591825e-01
2.601753e-01
2.611681e-01
2.621609e-01
2.631536e-01
2.641464e-01
2.651392e-01
2.661320e-01
2.671247e-01
2.681175e-01
2.691103e-01
2.701031e-01
2.710958e-01
2.720886e-01
2.730814e-01
2.740742e-01
2.750669e-01
2.760597e-01
2.770525e-01
2.780453e-01
2.790381e-01
2.800308e-01
2.810236e-01
2.820164e-01
2.830092e-01
2.840019e-01
2.849947e-01
2.859875e-01
2.869803e-01
2.879730e-01
2.889658e-01
2.899586e-01
2.909514e-01
2.919441e-01
2.929369e-01
2.939297e-01
2.949225e-01
2.959152e-01
2.969080e-01
2.979008e-01
2.988936e-01
2.998863e-01
3.008791e-01
3.018719e-01
3.028647e-01
3.038574e-01
3.048502e-01
3.058430e-01
3.068358e-01
3.078286e-01
3.088213e-01
3.098141e-01
3.108069e-01
3.117997e-01
3.127924e-01
3.137852e-01
3.147780e-01
3.157708e-01
3.167635e-01
3.177563e-01
3.187491e-01
3.197419e-01
3.207346e-01
3.217274e-01
3.227202e-01
3.237130e-01
3.247057e-01
3.256985e-01
3.266913e-01
3.276841e-01
3.286768e-01
3.296696e-01
3.306624e-01
3.316552e-01
3.326479e-01
3.336407e-01
3.346335e-01
3.356263e-01
3.366191e-01
3.376118e-01
3.386046e-01
3.395974e-01
3.405902e-01
3.415829e-01
3.425757e-01
3.435685e-01
3.445613e-01
3.455540e-01
3.465468e-01
3.475396e-01
3.485324e-01
3.495251e-01
3.505179e-01
3.515107e-01
3.525035e-01
3.534962e-01
3.544890e-01
3.554818e-01
3.564746e-01
3.574673e-01
3.584601e-01
3.594529e-01
3.604457e-01
3.614384e-01
3.624312e-01
3.634240e-01
3.644168e-01
3.654095e-01
3.664023e-01
3.673951e-01
3.683879e-01
3.693807e-01
3.703734e-01
3.713662e-01
3.723590e-01
3.733518e-01
3.743445e-01
3.753373e-01
3.763301e-01
3.773229e-01
3.783156e-01
3.793084e-01
3.803012e-01
3.812940e-01
3.822867e-01
3.832795e-01
3.842723e-01
3.852651e-01
3.862578e-01
3.872506e-01
3.882434e-01
3.892362e-01
3.902289e-01
3.912217e-01
3.922145e-01
3.932073e-01
3.942000e-01
3.951928e-01
3.961856e-01
3.971784e-01
3.981712e-01
3.991639e-01
4.001567e-01
4.011495e-01
4.021423e-01
4.031350e-01
4.041278e-01
4.051206e-01
4.061134e-01
4.071061e-01
4.080989e-01
4.090917e-01
4.100845e-01
4.110772e-01
4.120700e-01
4.130628e-01
4.140556e-01
4.150483e-01
4.160411e-01
4.170339e-01
4.180267e-01
4.190194e-01
4.200122e-01
4.210050e-01
4.219978e-01
4.229905e-01
4.239833e-01
4.249761e-01
4.259689e-01
4.269617e-01
4.279544e-01
4.289472e-01
4.299400e-01
4.309328e-01
4.319255e-01
4.329183e-01
4.339111e-01
4.349039e-01
4.358966e-01
4.368894e-01
4.378822e-01
4.388750e-01
4.398677e-01
4.408605e-01
4.418533e-01
4.428461e-01
4.438388e-01
4.448316e-01
4.458244e-01
4.468172e-01
4.478099e-01
4.488027e-01
4.497955e-01
4.507883e-01
4.517810e-01
4.527738e-01
4.537666e-01
4.547594e-01
4.557522e-01
4.567449e-01
4.577377e-01
4.587305e-01
4.597233e-01
4.607160e-01
4.617088e-01
4.627016e-01
4.636944e-01
4.646871e-01
4.656799e-01
4.666727e-01
4.676655e-01
4.686582e-01
4.696510e-01
4.706438e-01
4.716366e-01
4.726293e-01
4.736221e-01
4.746149e-01
4.756077e-01
4.766004e-01
4.775932e-01
4.785860e-01
4.795788e-01
4.805715e-01
4.815643e-01
4.825571e-01
4.843515e-01
4.861460e-01
4.879404e-01
4.897348e-01
4.915292e-01
4.933237e-01
4.951181e-01
4.969125e-01
4.987069e-01
5.005014e-01
5.022958e-01
5.040902e-01
5.058846e-01
5.076791e-01
5.094735e-01
5.112679e-01
5.130623e-01
5.148568e-01
5.166512e-01
5.184456e-01
5.202400e-01
5.220344e-01
5.238289e-01
5.256233e-01
5.274177e-01
5.292121e-01
5.310066e-01
5.328010e-01
5.345954e-01
5.363898e-01
5.381843e-01
5.399787e-01
5.417731e-01
5.435675e-01
5.453620e-01
5.471564e-01
5.489508e-01
5.507452e-01
5.525397e-01
5.543341e-01
5.561285e-01
5.579229e-01
5.597174e-01
5.615118e-01
5.633062e-01
5.651006e-01
5.668951e-01
5.686895e-01
5.704839e-01
5.722783e-01
5.740728e-01
5.758672e-01
5.776616e-01
5.794560e-01
5.812505e-01
5.830449e-01
5.848393e-01
5.866337e-01
5.884282e-01
5.902226e-01
5.920170e-01
5.938114e-01
5.956059e-01
5.974003e-01
5.991947e-01
6.009891e-01
6.027835e-01
6.045780e-01
6.063724e-01
6.081668e-01
6.099612e-01
6.117557e-01
6.135501e-01
6.153445e-01
6.171389e-01
6.189334e-01
6.207278e-01
6.225222e-01
6.243166e-01
6.261111e-01
6.279055e-01
6.296999e-01
6.314943e-01
6.332888e-01
6.350832e-01
6.368776e-01
6.386720e-01
6.404665e-01
6.422609e-01
6.440553e-01
6.458497e-01
6.476442e-01
6.494386e-01
6.512330e-01
6.530274e-01
6.548219e-01
6.566163e-01
6.584107e-01
6.602051e-01
6.619996e-01
6.643214e-01
6.666434e-01
6.689653e-01
6.712872e-01
6.736092e-01
6.759311e-01
6.782530e-01
6.805750e-01
6.828969e-01
6.852188e-01
6.875407e-01
6.898626e-01
6.921845e-01
6.945065e-01
6.968284e-01
6.991503e-01
7.014723e-01
7.037942e-01
7.061161e-01
7.084380e-01
7.107599e-01
7.130818e-01
7.154038e-01
7.177257e-01
7.200476e-01
7.223696e-01
7.246914e-01
7.270134e-01
7.293353e-01
7.316572e-01
7.339791e-01
7.363011e-01
7.386230e-01
7.409449e-01
7.432669e-01
7.455887e-01
7.479107e-01
7.502326e-01
7.525545e-01
7.548764e-01
7.571984e-01
7.595203e-01
7.618422e-01
7.641642e-01
7.664861e-01
7.688080e-01
7.711300e-01
7.734518e-01
7.757737e-01
7.780957e-01
7.804176e-01
7.827395e-01
7.850615e-01
7.873834e-01
7.897053e-01
7.920273e-01
7.943491e-01
7.966711e-01
7.989930e-01
8.013149e-01
8.036368e-01
8.059588e-01
8.082807e-01
8.106026e-01
8.129246e-01
8.152464e-01
8.175684e-01
8.198903e-01
8.222122e-01
8.245341e-01
8.268561e-01
8.291780e-01
8.314999e-01
8.338219e-01
8.361437e-01
8.384657e-01
8.407876e-01
8.431095e-01
8.454314e-01
8.477534e-01
8.500753e-01
8.523972e-01
8.547191e-01
8.570410e-01
8.593630e-01
8.616849e-01
8.640068e-01
8.663287e-01
8.686507e-01
8.709726e-01
8.732945e-01
8.756164e-01
8.779384e-01
8.802603e-01
8.825822e-01
8.849041e-01
8.872260e-01
8.895480e-01
8.918699e-01
8.941918e-01
8.965137e-01
8.988357e-01
9.011576e-01
9.034795e-01
9.058014e-01
9.081234e-01
9.104453e-01
9.127672e-01
9.150891e-01
9.174110e-01
9.197330e-01
9.220549e-01
9.243768e-01
9.266987e-01
9.290207e-01
9.313426e-01
9.336645e-01
9.359864e-01
9.383083e-01
9.406303e-01
9.429522e-01
9.452741e-01
9.475960e-01
9.499180e-01
9.522399e-01
9.545618e-01
9.568837e-01
9.592057e-01
9.615276e-01
9.638495e-01
9.661714e-01
9.684933e-01
9.708153e-01
9.731372e-01
9.754591e-01
9.777810e-01
9.801030e-01
9.824249e-01
9.847468e-01
9.870689e-01
9.893907e-01
9.917124e-01
9.940346e-01
9.963564e-01
9.986781e-01
1.001000e+00
1.003322e+00
1.005644e+00
1.007966e+00
1.010288e+00
1.012610e+00
1.014932e+00
1.017254e+00
1.019575e+00
1.021898e+00
1.024220e+00
1.026541e+00
1.028864e+00
1.031185e+00
1.033507e+00
1.035829e+00
1.038151e+00
1.040473e+00
1.042795e+00
1.045117e+00
1.047438e+00
1.049761e+00
1.052083e+00
1.054404e+00
1.056727e+00
1.059049e+00
1.061370e+00
1.063692e+00
1.066014e+00
1.068336e+00
1.070658e+00
1.072980e+00
1.075302e+00
1.077624e+00
1.079946e+00
1.082267e+00
1.084590e+00
1.086912e+00
1.089233e+00
1.091555e+00
1.093877e+00
1.096199e+00
1.098521e+00
1.100843e+00
1.103165e+00
1.105487e+00
1.107809e+00
1.110130e+00
1.112453e+00
1.114775e+00
1.117096e+00
1.119419e+00
1.121740e+00
1.124062e+00
1.126384e+00
1.128706e+00
1.131062e+00
1.133417e+00
1.135773e+00
1.138128e+00
1.140483e+00
1.142839e+00
1.145194e+00
1.147549e+00
1.149905e+00
1.152261e+00
1.154616e+00
1.156972e+00
1.159327e+00
1.161683e+00
1.164038e+00
1.166393e+00
1.168749e+00
1.171104e+00
1.173460e+00
1.175815e+00
1.178171e+00
1.180526e+00
1.182882e+00
1.185237e+00
1.187593e+00
1.189948e+00
1.192304e+00
1.194659e+00
1.197014e+00
1.199370e+00
1.201725e+00
1.204081e+00
1.206436e+00
1.208791e+00
1.211147e+00
1.213503e+00
1.215858e+00
1.218214e+00
1.220569e+00
1.222924e+00
1.225280e+00
1.227636e+00
1.229991e+00
1.232346e+00
1.234702e+00
1.237057e+00
1.239413e+00
1.241768e+00
1.244124e+00
1.246479e+00
1.248834e+00
1.251190e+00
1.253546e+00
1.255901e+00
1.258256e+00
1.260612e+00
1.262967e+00
1.265323e+00
1.267679e+00
1.270034e+00
1.272389e+00
1.274745e+00
1.277100e+00
1.279456e+00
1.281811e+00
1.284166e+00
1.286522e+00
1.288878e+00
1.291233e+00
1.293589e+00
1.295944e+00
1.298299e+00
1.300655e+00
1.303011e+00
1.305366e+00
1.307721e+00
1.310076e+00
1.312432e+00
1.314788e+00
1.317143e+00
1.319499e+00
1.321854e+00
1.324209e+00
1.326565e+00
1.328921e+00
1.331276e+00
1.333631e+00
1.335987e+00
1.338342e+00
1.340698e+00
1.343053e+00
1.345409e+00
1.347764e+00
1.350120e+00
1.352475e+00
1.354831e+00
1.357186e+00
1.359541e+00
1.361897e+00
1.364253e+00
1.366608e+00
1.368963e+00
1.371319e+00
1.373674e+00
1.376030e+00
1.378385e+00
1.380741e+00
1.383096e+00
1.385451e+00
1.387807e+00
1.390163e+00
1.392518e+00
1.394873e+00
1.397229e+00
1.399584e+00
1.401940e+00
1.404296e+00
1.406651e+00
1.409006e+00
1.411362e+00
1.413717e+00
1.416073e+00
1.418428e+00
1.420783e+00
1.423139e+00
1.425495e+00
1.427850e+00
1.430206e+00
1.432561e+00
1.434916e+00
1.437272e+00
1.439627e+00
1.441983e+00
1.444338e+00
1.446694e+00
1.449049e+00
1.451405e+00
1.453760e+00
1.456116e+00
1.458471e+00
1.460826e+00
1.463182e+00
1.465538e+00
1.467893e+00
1.470248e+00
1.472604e+00
1.474959e+00
1.477314e+00
1.479671e+00
1.482026e+00
1.484381e+00
1.486737e+00
1.489092e+00
1.491448e+00
1.493803e+00
1.496158e+00
1.498514e+00
1.500869e+00
1.503224e+00
1.505580e+00
1.507936e+00
1.510291e+00
1.512647e+00
1.515002e+00
1.517358e+00
1.519713e+00
1.522068e+00
1.524424e+00
1.526779e+00
1.529135e+00
1.531490e+00
1.533846e+00
1.536201e+00
1.538557e+00
1.540912e+00
1.543268e+00
1.545623e+00
1.547979e+00
1.550334e+00
1.552689e+00
1.555045e+00
1.557400e+00
1.559756e+00
1.562112e+00
1.564467e+00
1.566822e+00
1.569178e+00
1.571533e+00
1.573889e+00
1.576244e+00
1.578599e+00
1.580955e+00
1.583311e+00
1.585666e+00
1.588022e+00
1.590377e+00
1.592733e+00
1.595088e+00
1.597443e+00
1.599799e+00
1.602154e+00
1.604509e+00
1.606865e+00
1.609221e+00
1.611576e+00
1.613932e+00
1.616287e+00
1.618643e+00
1.620998e+00
1.623354e+00
1.625709e+00
1.628064e+00
1.630420e+00
1.632775e+00
1.635131e+00
1.637486e+00
1.639841e+00
1.642197e+00
1.644553e+00
1.646908e+00
1.649264e+00
1.651619e+00
1.653974e+00
1.656330e+00
1.658686e+00
1.661041e+00
1.663396e+00
1.665751e+00
1.668107e+00
1.670463e+00
1.672818e+00
1.675174e+00
1.677529e+00
1.679884e+00
1.682240e+00
1.684596e+00
1.686951e+00
1.689306e+00
1.691662e+00
1.694017e+00
1.696373e+00
1.698729e+00
1.701084e+00
1.703439e+00
1.705795e+00
1.708150e+00
1.710506e+00
1.712861e+00
1.715216e+00
1.717572e+00
1.719928e+00
1.722283e+00
1.724639e+00
1.726994e+00
1.729349e+00
1.731705e+00
1.734060e+00
1.736416e+00
1.738771e+00
1.741126e+00
1.743482e+00
1.745838e+00
1.748193e+00
1.750549e+00
1.752904e+00
1.755259e+00
1.757615e+00
1.759971e+00
1.762326e+00
1.764681e+00
1.767037e+00
1.769392e+00
1.771748e+00
1.774104e+00
1.776459e+00
1.778814e+00
1.781170e+00
1.783525e+00
1.785881e+00
1.788236e+00
1.790591e+00
1.792947e+00
1.795302e+00
1.797658e+00
1.800013e+00
1.802369e+00
1.804724e+00
1.807080e+00
1.809435e+00
1.811791e+00
1.814146e+00
1.816501e+00
1.818857e+00
1.821213e+00
1.823568e+00
1.825923e+00
1.828279e+00
1.830634e+00
1.832990e+00
1.835346e+00
1.837701e+00
1.840056e+00
1.843763e+00
1.847471e+00
1.851178e+00
1.854886e+00
1.858593e+00
1.862301e+00
1.866008e+00
1.869716e+00
1.873423e+00
1.877131e+00
1.880838e+00
1.884545e+00
1.888253e+00
1.891960e+00
1.895667e+00
1.899374e+00
1.903082e+00
1.906789e+00
1.910497e+00
1.914204e+00
1.917912e+00
1.921619e+00
1.925326e+00
1.929034e+00
1.932741e+00
1.936448e+00
1.940156e+00
1.943863e+00
1.947571e+00
1.951278e+00
1.954985e+00
1.958693e+00
1.962400e+00
1.966108e+00
1.969815e+00
1.973523e+00
1.977230e+00
1.980938e+00
1.984645e+00
1.988352e+00
1.992060e+00
1.995767e+00
1.999475e+00
2.003181e+00
2.006889e+00
2.010596e+00
2.014304e+00
2.018011e+00
2.021719e+00
2.025426e+00
2.029134e+00
2.032841e+00
2.036548e+00
2.040256e+00
2.043963e+00
2.047670e+00
2.051378e+00
2.055085e+00
2.058792e+00
2.062500e+00
2.066207e+00
2.069915e+00
2.073622e+00
2.077330e+00
2.081037e+00
2.084744e+00
2.088452e+00
2.092159e+00
2.095867e+00
2.099574e+00
2.103282e+00
2.106988e+00
2.110696e+00
2.114403e+00
2.118111e+00
2.121818e+00
2.125526e+00
2.129233e+00
2.132940e+00
2.136648e+00
2.140355e+00
2.144063e+00
2.147770e+00
2.151478e+00
2.155185e+00
2.158892e+00
2.162600e+00
2.166307e+00
2.170014e+00
2.173722e+00
2.177429e+00
2.181136e+00
2.184844e+00
2.188551e+00
2.192259e+00
2.195966e+00
2.199674e+00
2.203381e+00
2.207089e+00
2.210796e+00
2.214503e+00
2.218210e+00
2.221918e+00
2.225625e+00
2.229332e+00
2.233040e+00
2.236747e+00
2.240455e+00
2.244162e+00
2.247870e+00
2.251577e+00
2.255285e+00
2.258992e+00
2.262699e+00
2.266407e+00
2.270114e+00
2.273821e+00
2.277529e+00
2.281236e+00
2.284944e+00
2.288651e+00
2.292358e+00
2.296066e+00
2.299773e+00
2.303481e+00
2.307188e+00
2.310896e+00
2.314603e+00
2.318311e+00
2.322017e+00
2.325725e+00
2.329432e+00
2.333139e+00
2.336847e+00
2.340554e+00
2.344262e+00
2.347969e+00
2.351677e+00
2.355384e+00
2.359092e+00
2.362799e+00
2.366507e+00
2.370214e+00
2.373921e+00
2.377629e+00
2.381336e+00
2.385043e+00
2.388751e+00
2.392458e+00
2.396165e+00
2.399873e+00
2.403580e+00
2.407288e+00
2.410995e+00
2.414703e+00
2.418410e+00
2.422117e+00
2.425824e+00
2.429532e+00
2.433239e+00
2.436946e+00
2.440654e+00
2.444361e+00
2.448069e+00
2.451776e+00
2.455484e+00
2.459191e+00
2.462899e+00
2.466606e+00
2.470314e+00
2.474021e+00
2.477728e+00
2.481436e+00
2.485143e+00
2.488851e+00
2.492558e+00
2.496265e+00
2.499973e+00
2.503680e+00
2.507387e+00
2.511095e+00
2.514802e+00
2.518509e+00
2.522217e+00
2.525924e+00
2.529632e+00
2.533339e+00
2.537046e+00
2.540754e+00
2.544461e+00
2.548168e+00
2.551876e+00
2.555583e+00
2.559291e+00
2.562998e+00
2.566706e+00
2.570413e+00
2.574120e+00
2.577828e+00
2.581535e+00
2.585243e+00
2.588512e+00
2.591782e+00
2.595051e+00
2.598320e+00
2.601590e+00
2.604859e+00
2.608128e+00
2.611398e+00
2.614667e+00
2.617936e+00
2.621206e+00
2.624475e+00
2.627744e+00
2.631014e+00
2.634282e+00
2.637552e+00
2.640821e+00
2.644090e+00
2.647360e+00
2.650629e+00
2.653899e+00
2.657168e+00
2.660437e+00
2.663707e+00
2.666976e+00
2.670245e+00
2.673515e+00
2.676784e+00
2.680053e+00
2.683323e+00
2.686592e+00
2.689861e+00
2.693131e+00
2.696400e+00
2.699669e+00
2.702939e+00
2.706208e+00
2.709477e+00
2.712747e+00
2.716016e+00
2.719285e+00
2.722555e+00
2.725824e+00
2.729093e+00
2.732363e+00
2.735632e+00
2.738901e+00
2.742171e+00
2.745440e+00
2.748709e+00
2.751978e+00
2.755248e+00
2.758517e+00
2.761786e+00
2.765056e+00
2.768325e+00
2.771594e+00
2.774864e+00
2.778133e+00
2.781402e+00
2.784672e+00
2.787941e+00
2.791210e+00
2.794480e+00
2.797749e+00
2.801018e+00
2.804288e+00
2.807557e+00
2.810826e+00
2.814096e+00
2.817365e+00
2.820634e+00
2.823904e+00
2.827173e+00
2.830442e+00
2.833712e+00
2.836981e+00
2.840250e+00
2.843520e+00
2.846789e+00
2.850058e+00
2.853328e+00
2.856597e+00
2.859866e+00
2.863135e+00
2.866405e+00
2.869674e+00
2.872944e+00
2.876213e+00
2.879482e+00
2.882752e+00
2.886021e+00
2.889290e+00
2.892560e+00
2.895829e+00
2.899098e+00
2.902367e+00
2.905637e+00
2.908906e+00
2.912175e+00
2.915445e+00
2.918714e+00
2.921983e+00
2.925253e+00
2.928522e+00
2.931791e+00
2.935061e+00
2.938330e+00
2.941599e+00
2.944869e+00
2.948138e+00
2.951407e+00
2.954677e+00
2.957946e+00
2.961215e+00
2.964485e+00
2.967754e+00
2.971023e+00
2.974293e+00
2.977562e+00
2.980831e+00
2.984101e+00
2.987370e+00
2.990639e+00
2.993909e+00
2.997178e+00
3.000447e+00
3.003717e+00
3.006986e+00
3.010256e+00
3.013525e+00
3.016794e+00
3.020064e+00
3.023333e+00
3.026602e+00
3.029872e+00
3.033141e+00
3.036410e+00
3.039680e+00
3.042949e+00
3.046218e+00
3.049487e+00
3.052756e+00
3.056026e+00
3.059295e+00
3.062564e+00
3.065834e+00
3.069103e+00
3.072372e+00
3.075642e+00
3.078911e+00
3.082180e+00
3.085450e+00
3.088719e+00
3.091989e+00
3.095258e+00
3.098527e+00
3.101797e+00
3.105066e+00
3.108335e+00
3.111605e+00
3.114874e+00
3.118143e+00
3.121413e+00
3.124682e+00
3.127951e+00
3.131221e+00
3.134490e+00
3.137760e+00
3.141029e+00
3.144298e+00
3.147568e+00
3.150837e+00
3.154106e+00
3.157376e+00
3.160645e+00
3.163914e+00
3.167184e+00
3.170453e+00
3.173722e+00
3.176992e+00
3.180261e+00
3.183530e+00
3.186799e+00
3.190068e+00
3.193338e+00
3.196607e+00
3.199876e+00
3.203146e+00
3.206415e+00
3.209684e+00
3.212954e+00
3.216223e+00
3.219492e+00
3.222762e+00
3.226031e+00
3.229301e+00
3.232570e+00
3.235839e+00
3.239109e+00
3.242378e+00
3.246138e+00
3.249898e+00
3.253659e+00
3.257420e+00
3.261180e+00
3.264941e+00
3.268701e+00
3.272461e+00
3.276222e+00
3.279983e+00
3.283743e+00
3.287504e+00
3.291264e+00
3.295024e+00
3.298785e+00
3.302545e+00
3.306306e+00
3.310066e+00
3.313827e+00
3.317587e+00
3.321347e+00
3.325108e+00
3.328869e+00
3.332629e+00
3.336390e+00
3.340150e+00
3.343910e+00
3.347671e+00
3.351431e+00
3.355192e+00
3.358953e+00
3.362713e+00
3.366473e+00
3.370234e+00
3.373994e+00
3.377755e+00
3.381516e+00
3.385276e+00
3.389036e+00
3.392796e+00
3.396557e+00
3.400318e+00
3.404078e+00
3.407839e+00
3.411599e+00
3.415359e+00
3.419120e+00
3.422881e+00
3.426641e+00
3.430402e+00
3.434162e+00
3.437922e+00
3.441683e+00
3.445443e+00
3.449204e+00
3.452965e+00
3.456725e+00
3.460485e+00
3.464246e+00
3.468006e+00
3.471767e+00
3.475527e+00
3.479288e+00
3.483048e+00
3.486808e+00
3.490569e+00
3.494330e+00
3.498090e+00
3.501851e+00
3.505611e+00
3.509371e+00
3.513132e+00
3.516892e+00
3.520653e+00
3.524414e+00
3.528174e+00
3.531934e+00
3.535695e+00
3.539455e+00
3.543216e+00
3.546976e+00
3.550737e+00
3.554497e+00
3.558257e+00
3.562018e+00
3.565779e+00
3.569539e+00
3.573300e+00
3.577060e+00
3.580820e+00
3.584581e+00
3.588341e+00
3.592102e+00
3.595863e+00
3.599623e+00
3.603383e+00
3.607144e+00
3.610904e+00
3.614665e+00
3.618426e+00
3.622186e+00
3.625946e+00
3.629706e+00
3.633467e+00
3.637228e+00
3.640988e+00
3.644749e+00
3.648509e+00
3.652269e+00
3.656030e+00
3.659791e+00
3.663551e+00
3.667312e+00
3.671072e+00
3.674832e+00
3.678593e+00
3.682353e+00
3.686114e+00
3.689874e+00
3.693635e+00
3.697395e+00
3.701156e+00
3.704916e+00
3.708677e+00
3.712437e+00
3.716198e+00
3.719958e+00
3.723718e+00
3.727479e+00
3.731240e+00
3.735000e+00
3.738760e+00
3.742521e+00
3.746281e+00
3.750042e+00
3.753802e+00
3.757563e+00
3.761323e+00
3.765084e+00
3.768844e+00
3.772605e+00
3.776365e+00
3.780126e+00
3.783886e+00
3.787646e+00
3.791407e+00
3.795167e+00
3.798928e+00
3.802689e+00
3.806449e+00
3.810209e+00
3.813970e+00
3.817730e+00
3.821491e+00
3.825252e+00
3.829012e+00
3.832772e+00
3.836532e+00
3.840293e+00
3.844054e+00
3.847814e+00
3.851575e+00
3.855335e+00
3.859095e+00
3.862856e+00
3.866617e+00
3.870377e+00
3.874138e+00
3.877898e+00
3.881658e+00
3.885419e+00
3.889179e+00
3.892940e+00
3.896701e+00
3.900461e+00
3.904221e+00
3.907982e+00
3.911742e+00
3.915503e+00
3.919263e+00
3.923024e+00
3.926784e+00
3.930544e+00
3.934305e+00
3.938066e+00
3.941826e+00
3.945587e+00
3.949347e+00
3.953107e+00
3.956868e+00
3.960628e+00
3.964389e+00
3.968150e+00
3.971910e+00
3.975670e+00
3.979431e+00
3.983191e+00
3.986952e+00
3.990713e+00
3.994473e+00
3.998233e+00
4.001993e+00
4.005754e+00
4.009515e+00
4.013275e+00
4.017036e+00
4.020796e+00
4.024556e+00
4.028317e+00
4.032078e+00
4.035838e+00
4.039599e+00
4.043359e+00
4.047119e+00
4.050880e+00
4.054640e+00
4.058401e+00
4.062162e+00
4.065922e+00
4.069682e+00
4.073443e+00
4.077203e+00
4.080964e+00
4.084724e+00
4.088485e+00
4.092245e+00
4.096005e+00
4.099766e+00
4.103526e+00
4.107287e+00
4.111048e+00
4.114808e+00
4.118568e+00
4.122329e+00
4.126089e+00
4.129850e+00
4.133611e+00
4.137371e+00
4.141131e+00
4.144892e+00
4.148652e+00
4.152412e+00
4.156173e+00
4.159934e+00
4.163694e+00
4.167454e+00
4.171215e+00
4.174975e+00
4.178736e+00
4.182497e+00
4.186257e+00
4.190017e+00
4.193778e+00
4.197538e+00
4.201299e+00
4.205060e+00
4.208820e+00
4.212580e+00
4.216341e+00
4.220101e+00
4.223861e+00
4.227623e+00
4.231383e+00
4.235143e+00
4.238903e+00
4.242664e+00
4.246424e+00
4.250185e+00
4.253946e+00
4.257706e+00
4.261466e+00
4.265227e+00
4.268987e+00
4.272748e+00
4.276509e+00
4.280269e+00
4.284029e+00
4.287790e+00
4.291550e+00
4.295311e+00
4.299071e+00
4.302832e+00
4.306592e+00
4.310353e+00
4.314113e+00
4.317873e+00
4.321634e+00
4.325395e+00
4.329155e+00
4.332915e+00
4.336676e+00
4.340436e+00
4.344197e+00
4.347957e+00
4.351718e+00
4.355478e+00
4.359239e+00
4.362999e+00
4.366760e+00
4.370520e+00
4.374281e+00
4.378041e+00
4.382193e+00
4.386344e+00
4.390496e+00
4.394648e+00
4.398800e+00
4.402951e+00
4.407103e+00
4.411254e+00
4.415406e+00
4.419557e+00
4.423709e+00
4.427861e+00
4.432012e+00
4.436164e+00
4.440316e+00
4.444467e+00
4.448619e+00
4.452771e+00
4.456922e+00
4.461074e+00
4.465225e+00
4.469377e+00
4.473529e+00
4.477680e+00
4.481832e+00
4.485984e+00
4.490135e+00
4.494287e+00
4.498439e+00
4.502590e+00
4.506742e+00
4.510894e+00
4.515045e+00
4.519197e+00
4.523348e+00
4.527500e+00
4.531651e+00
4.535803e+00
4.539955e+00
4.544107e+00
4.548259e+00
4.552410e+00
4.556562e+00
4.560713e+00
4.564865e+00
4.569016e+00
4.573168e+00
4.577320e+00
4.581471e+00
4.585623e+00
4.589774e+00
4.593926e+00
4.598078e+00
4.602230e+00
4.606381e+00
4.610533e+00
4.614685e+00
4.618836e+00
4.622988e+00
4.627139e+00
4.631291e+00
4.635443e+00
4.639594e+00
4.643746e+00
4.647897e+00
4.652049e+00
4.656201e+00
4.660353e+00
4.664504e+00
4.668656e+00
4.672807e+00
4.676959e+00
4.681110e+00
4.685262e+00
4.689414e+00
4.693566e+00
4.697717e+00
4.701869e+00
4.706020e+00
4.710172e+00
4.714324e+00
4.718476e+00
4.722627e+00
4.726779e+00
4.730930e+00
4.735082e+00
4.739233e+00
4.743385e+00
4.747537e+00
4.751689e+00
4.755840e+00
4.759992e+00
4.764143e+00
4.768295e+00
4.772447e+00
4.776598e+00
4.780750e+00
4.784901e+00
4.789053e+00
4.793205e+00
4.797356e+00
4.801509e+00
4.805660e+00
4.809812e+00
4.813963e+00
4.818115e+00
4.822266e+00
4.826418e+00
4.830570e+00
4.834721e+00
4.838873e+00
4.843024e+00
4.847176e+00
4.851327e+00
4.855479e+00
4.859632e+00
4.863783e+00
4.867935e+00
4.872086e+00
4.876238e+00
4.880389e+00
4.884541e+00
4.888693e+00
4.892844e+00
4.896996e+00
4.901147e+00
4.905299e+00
4.909450e+00
4.913603e+00
4.917754e+00
4.921906e+00
4.926057e+00
4.930209e+00
4.934361e+00
4.938512e+00
4.942664e+00
4.946816e+00
4.950967e+00
4.955119e+00
4.959270e+00
4.963422e+00
4.967573e+00
4.971726e+00
4.975877e+00
4.980029e+00
4.984180e+00
4.988332e+00
4.992483e+00
4.996635e+00
5.000787e+00
5.004939e+00
5.009090e+00
5.013242e+00
5.017393e+00
5.021545e+00
5.025696e+00
5.029848e+00
5.034000e+00
5.038152e+00
5.042303e+00
5.046455e+00
5.050606e+00
5.054758e+00
5.058910e+00
5.063062e+00
5.067213e+00
5.071365e+00
5.075516e+00
5.079668e+00
5.083820e+00
5.087971e+00
5.092123e+00
5.096274e+00
5.100426e+00
5.104578e+00
5.108729e+00
5.112881e+00
5.117033e+00
5.121185e+00
5.125336e+00
5.129488e+00
5.133639e+00
5.137791e+00
5.141942e+00
5.146094e+00
5.150246e+00
5.154397e+00
5.158549e+00
5.162700e+00
5.166852e+00
5.171004e+00
5.175156e+00
5.179308e+00
5.183459e+00
5.187611e+00
5.191762e+00
5.195914e+00
5.200065e+00
5.204217e+00
5.208369e+00
5.212520e+00
5.216672e+00
5.220823e+00
5.224975e+00
5.229127e+00
5.233279e+00
5.237430e+00
5.241582e+00
5.245733e+00
5.249885e+00
5.254037e+00
5.258188e+00
5.262340e+00
5.266492e+00
5.270643e+00
5.274795e+00
5.278946e+00
5.283098e+00
5.287250e+00
5.291402e+00
5.295553e+00
5.299705e+00
5.303856e+00
5.308008e+00
5.312159e+00
5.316311e+00
5.320463e+00
5.324615e+00
5.328766e+00
5.332918e+00
5.337070e+00
5.341221e+00
5.345373e+00
5.349524e+00
5.353676e+00
5.357828e+00
5.361979e+00
5.366131e+00
5.370282e+00
5.374434e+00
5.378586e+00
5.382738e+00
5.386889e+00
5.391041e+00
5.395193e+00
5.399344e+00
5.403496e+00
5.407647e+00
5.411799e+00
5.415950e+00
5.420102e+00
5.424254e+00
5.428405e+00
5.432557e+00
5.436709e+00
5.440861e+00
5.445012e+00
5.449164e+00
5.453315e+00
5.457467e+00
5.461619e+00
5.465770e+00
5.469922e+00
5.474073e+00
5.478225e+00
5.482377e+00
5.486528e+00
5.490680e+00
5.494832e+00
5.498984e+00
5.503135e+00
5.507287e+00
5.511438e+00
5.515590e+00
5.519741e+00
5.523893e+00
5.528045e+00
5.532196e+00
5.536348e+00
5.540500e+00
5.544651e+00
5.548803e+00
5.552955e+00
5.557106e+00
5.561258e+00
5.565410e+00
5.569561e+00
5.573713e+00
5.577864e+00
5.582016e+00
5.586168e+00
5.590320e+00
5.594471e+00
5.598623e+00
5.602774e+00
5.606926e+00
5.611078e+00
5.615229e+00
5.619381e+00
5.623532e+00
5.627684e+00
5.631835e+00
5.635987e+00
5.640139e+00
5.644291e+00
5.648443e+00
5.652594e+00
5.656746e+00
5.660897e+00
5.665049e+00
5.669200e+00
5.673352e+00
5.677504e+00
5.681655e+00
5.685807e+00
5.689958e+00
5.694110e+00
5.698262e+00
5.702414e+00
5.706565e+00
5.710717e+00
5.714869e+00
5.719020e+00
5.723172e+00
5.727323e+00
5.731475e+00
5.735627e+00
5.739778e+00
5.743930e+00
5.748081e+00
5.752233e+00
5.756385e+00
5.760537e+00
5.764688e+00
5.768840e+00
5.772991e+00
5.777143e+00
5.781295e+00
5.785446e+00
5.789598e+00
5.793750e+00
5.797901e+00
5.802053e+00
5.806204e+00
5.810356e+00
5.814508e+00
5.818660e+00
5.822811e+00
5.826963e+00
5.831114e+00
5.835266e+00
5.839417e+00
5.843570e+00
5.847721e+00
5.851873e+00
5.856024e+00
5.860176e+00
5.864327e+00
5.868479e+00
5.872631e+00
5.876782e+00
5.880934e+00
5.885086e+00
5.889237e+00
5.893389e+00
5.897540e+00
5.901693e+00
5.905844e+00
5.909996e+00
5.914147e+00
5.918299e+00
5.922450e+00
5.926602e+00
5.930754e+00
5.934905e+00
5.939057e+00
5.943208e+00
5.947360e+00
5.951511e+00
5.955664e+00
5.959816e+00
5.963967e+00
5.968119e+00
5.972270e+00
5.976422e+00
5.980573e+00
5.984725e+00
5.988877e+00
5.993028e+00
5.997180e+00
6.001331e+00
6.005483e+00
6.009634e+00
6.013787e+00
6.017938e+00
6.022090e+00
6.026242e+00
6.030393e+00
6.034545e+00
6.038696e+00
6.042848e+00
6.047000e+00
6.051151e+00
6.055303e+00
6.059454e+00
6.063606e+00
6.067757e+00
6.071910e+00
6.076061e+00
6.080213e+00
6.084364e+00
6.088516e+00
6.092667e+00
6.096819e+00
6.100971e+00
6.105123e+00
6.109274e+00
6.113426e+00
6.117577e+00
6.121729e+00
6.125881e+00
6.130032e+00
6.134184e+00
6.138336e+00
6.142487e+00
6.146639e+00
6.150790e+00
6.154942e+00
6.159094e+00
6.163246e+00
6.167397e+00
6.171549e+00
6.175700e+00
6.179852e+00
6.184004e+00
6.188155e+00
6.192307e+00
6.196458e+00
6.200610e+00
6.204762e+00
6.208913e+00
6.213065e+00
6.217217e+00
6.221369e+00
6.225520e+00
6.229672e+00
6.233823e+00
6.237975e+00
6.242127e+00
6.246278e+00
6.250430e+00
6.254581e+00
6.258733e+00
6.262884e+00
6.267036e+00
6.271188e+00
6.275340e+00
6.279492e+00
6.283643e+00
6.287795e+00
6.291946e+00
6.296098e+00
6.300249e+00
6.304401e+00
6.308553e+00
6.312704e+00
6.316856e+00
6.321007e+00
6.325159e+00
6.329311e+00
6.333463e+00
6.337614e+00
6.341766e+00
6.345918e+00
6.350069e+00
6.354221e+00
6.358372e+00
6.362524e+00
6.366676e+00
6.370827e+00
6.374979e+00
6.379131e+00
6.383282e+00
6.387434e+00
6.391586e+00
6.395737e+00
6.399889e+00
6.404040e+00
6.408192e+00
6.412343e+00
6.416495e+00
6.420647e+00
6.424799e+00
6.428950e+00
6.433102e+00
6.437254e+00
6.441405e+00
6.445557e+00
6.449709e+00
6.453860e+00
6.458012e+00
6.462163e+00
6.463870e+00
6.465577e+00
6.467283e+00
6.468990e+00
6.470697e+00
6.472404e+00
6.474110e+00
6.475817e+00
6.477524e+00
6.479231e+00
6.480937e+00
6.482644e+00
6.484350e+00
6.486057e+00
6.487764e+00
6.489470e+00
6.491177e+00
6.492884e+00
6.494591e+00
6.496297e+00
6.498004e+00
6.499711e+00
6.501418e+00
6.503124e+00
6.504831e+00
6.506538e+00
6.508244e+00
6.509951e+00
6.511658e+00
6.513364e+00
6.515071e+00
6.516778e+00
6.518484e+00
6.520191e+00
6.521898e+00
6.523605e+00
6.525311e+00
6.527018e+00
6.528725e+00
6.530432e+00
6.532138e+00
6.533845e+00
6.535551e+00
6.537258e+00
6.538965e+00
6.540671e+00
6.542378e+00
6.544085e+00
6.545792e+00
6.547498e+00
6.549205e+00
6.550912e+00
6.552618e+00
6.554326e+00
6.556032e+00
6.557739e+00
6.559445e+00
6.561152e+00
6.562858e+00
6.564565e+00
6.566272e+00
6.567979e+00
6.569685e+00
6.571392e+00
6.573099e+00
6.574805e+00
6.576512e+00
6.578219e+00
6.579926e+00
6.581633e+00
6.583339e+00
6.585046e+00
6.586752e+00
6.588459e+00
6.590166e+00
6.591872e+00
6.593579e+00
6.595286e+00
6.596993e+00
6.598699e+00
6.600406e+00
6.602112e+00
6.603819e+00
6.605527e+00
6.607233e+00
6.608940e+00
6.610646e+00
6.612353e+00
6.614059e+00
6.615766e+00
6.617473e+00
6.619180e+00
6.620887e+00
6.622593e+00
6.624300e+00
6.626006e+00
6.627713e+00
6.629420e+00
6.631126e+00
6.632834e+00
6.634540e+00
6.636247e+00
6.637953e+00
6.639660e+00
6.641367e+00
6.643074e+00
6.644780e+00
6.646487e+00
6.648194e+00
6.649900e+00
6.651607e+00
6.653313e+00
6.655020e+00
6.656727e+00
6.658434e+00
6.660141e+00
6.661847e+00
6.663554e+00
6.665261e+00
6.666967e+00
6.668674e+00
6.670381e+00
6.672088e+00
6.673794e+00
6.675501e+00
6.677207e+00
6.678914e+00
6.680620e+00
6.682327e+00
6.684035e+00
6.685741e+00
6.687448e+00
6.689154e+00
6.690861e+00
6.692568e+00
6.694275e+00
6.695981e+00
6.697688e+00
6.699395e+00
6.701101e+00
6.702808e+00
6.704514e+00
6.706221e+00
6.707928e+00
6.709635e+00
6.711342e+00
6.713048e+00
6.714755e+00
6.716462e+00
6.718168e+00
6.719875e+00
6.721582e+00
6.723289e+00
6.724995e+00
6.726702e+00
6.728408e+00
6.730115e+00
6.731822e+00
6.733528e+00
6.735235e+00
6.736942e+00
6.738649e+00
6.740355e+00
6.742062e+00
6.743769e+00
6.745476e+00
6.747182e+00
6.748889e+00
6.750596e+00
6.752302e+00
6.754009e+00
6.755715e+00
6.757422e+00
6.759129e+00
6.760836e+00
6.762542e+00
6.764249e+00
6.765956e+00
6.767663e+00
6.769369e+00
6.771076e+00
6.772783e+00
6.774490e+00
6.776196e+00
6.777903e+00
6.779609e+00
6.781316e+00
6.783023e+00
6.784729e+00
6.786436e+00
6.788143e+00
6.789850e+00
6.791556e+00
6.793263e+00
6.794970e+00
6.796677e+00
6.798383e+00
6.800090e+00
6.801797e+00
6.803503e+00
6.805210e+00
6.806916e+00
6.808623e+00
6.810330e+00
6.812037e+00
6.813743e+00
6.815450e+00
6.817157e+00
6.818864e+00
6.820571e+00
6.822277e+00
6.823984e+00
6.825690e+00
6.827397e+00
6.829104e+00
6.830810e+00
6.832517e+00
6.834224e+00
6.835930e+00
6.837637e+00
6.839344e+00
6.841051e+00
6.842758e+00
6.844464e+00
6.846171e+00
6.847878e+00
6.849584e+00
6.851291e+00
6.852997e+00
6.854704e+00
6.856411e+00
6.858117e+00
6.859824e+00
6.861531e+00
6.863238e+00
6.864944e+00
6.866651e+00
6.868358e+00
6.870065e+00
6.871772e+00
6.873478e+00
6.875185e+00
6.876891e+00
6.878598e+00
6.880304e+00
6.882011e+00
6.883718e+00
6.885425e+00
6.887132e+00
6.888838e+00
6.890545e+00
6.892252e+00
6.893959e+00
6.895665e+00
6.897372e+00
6.899079e+00
6.900785e+00
6.902492e+00
6.904198e+00
6.905905e+00
6.907612e+00
6.909319e+00
6.911025e+00
6.912732e+00
6.914439e+00
6.916145e+00
6.917852e+00
6.919559e+00
6.921266e+00
6.922973e+00
6.924679e+00
6.926386e+00
6.928092e+00
6.929799e+00
6.931506e+00
6.933212e+00
6.934919e+00
6.936626e+00
6.938333e+00
6.940039e+00
6.941746e+00
6.943453e+00
6.945160e+00
6.946867e+00
6.948573e+00
6.950280e+00
6.951986e+00
6.953693e+00
6.955399e+00
6.957106e+00
6.958813e+00
6.960520e+00
6.962226e+00
6.963933e+00
6.965640e+00
6.967346e+00
6.969053e+00
6.970760e+00
6.972467e+00
6.974174e+00
6.975880e+00
6.977587e+00
6.979293e+00
6.981000e+00
6.982707e+00
6.984413e+00
6.986120e+00
6.987827e+00
6.989534e+00
6.991240e+00
6.992947e+00
6.994653e+00
6.996361e+00
6.998067e+00
6.999774e+00
7.001481e+00
7.003187e+00
7.004894e+00
7.006600e+00
7.008307e+00
7.010014e+00
7.011721e+00
7.013428e+00
7.015134e+00
7.016841e+00
7.018547e+00
7.020254e+00
7.021961e+00
7.023668e+00
7.025374e+00
7.027081e+00
7.028788e+00
7.030494e+00
7.032201e+00
7.033908e+00
7.035615e+00
7.037321e+00
7.039028e+00
7.040735e+00
7.042441e+00
7.044148e+00
7.045854e+00
7.047562e+00
7.049268e+00
7.050975e+00
7.052682e+00
7.054388e+00
7.056095e+00
7.057802e+00
7.059508e+00
7.061215e+00
7.062922e+00
7.064629e+00
7.066335e+00
7.068042e+00
7.069748e+00
7.071455e+00
7.073161e+00
7.074869e+00
7.076575e+00
7.078282e+00
7.079989e+00
7.081695e+00
7.083402e+00
7.085109e+00
7.086816e+00
7.088522e+00
7.090229e+00
7.091936e+00
7.093642e+00
7.095349e+00
7.097055e+00
7.098762e+00
7.100469e+00
7.102176e+00
7.103882e+00
7.105589e+00
7.107296e+00
7.109003e+00
7.110709e+00
7.112416e+00
7.114123e+00
7.115829e+00
7.117536e+00
7.119243e+00
7.120949e+00
7.122656e+00
7.124363e+00
7.126070e+00
7.127776e+00
7.129483e+00
7.131190e+00
7.132896e+00
7.134603e+00
7.136310e+00
7.138017e+00
7.139723e+00
7.141430e+00
7.143136e+00
7.144843e+00
7.146550e+00
7.148256e+00
7.149963e+00
7.151670e+00
7.153377e+00
7.155083e+00
7.156790e+00
7.158497e+00
7.160204e+00
7.161910e+00
7.163617e+00
7.165324e+00
7.167030e+00
7.168737e+00
7.170443e+00
7.172150e+00
7.173857e+00
7.175564e+00
7.177270e+00
7.178977e+00
7.180684e+00
7.182391e+00
7.184097e+00
7.185804e+00
7.187511e+00
7.189218e+00
7.190924e+00
7.192631e+00
7.194337e+00
7.196044e+00
7.197751e+00
7.199457e+00
7.201164e+00
7.202871e+00
7.204578e+00
7.206284e+00
7.207991e+00
7.209698e+00
7.211405e+00
7.213112e+00
7.214818e+00
7.216525e+00
7.218231e+00
7.219938e+00
7.221644e+00
7.223351e+00
7.225058e+00
7.226765e+00
7.228471e+00
7.230178e+00
7.231885e+00
7.233592e+00
7.235299e+00
7.237005e+00
7.238712e+00
7.240419e+00
7.242125e+00
7.243832e+00
7.245538e+00
7.247245e+00
7.248952e+00
7.250658e+00
7.252365e+00
7.254072e+00
7.255779e+00
7.257486e+00
7.259192e+00
7.260899e+00
7.262606e+00
7.264313e+00
7.266019e+00
7.267726e+00
7.269432e+00
7.271139e+00
7.272845e+00
7.274552e+00
7.276259e+00
7.277966e+00
7.279673e+00
7.281379e+00
7.283086e+00
7.284793e+00
7.286500e+00
7.288206e+00
7.289913e+00
7.291620e+00
7.293326e+00
7.295033e+00
7.296739e+00
7.298446e+00
7.300153e+00
7.301860e+00
7.303566e+00
7.305273e+00
7.306980e+00
7.308687e+00
7.310393e+00
7.312100e+00
7.313807e+00
7.315513e+00
7.317220e+00
7.318927e+00
7.320633e+00
7.322373e+00
7.324114e+00
7.325854e+00
7.327594e+00
7.329334e+00
7.331074e+00
7.332815e+00
7.334555e+00
7.336295e+00
7.338036e+00
7.339775e+00
7.341516e+00
7.343256e+00
7.344996e+00
7.346736e+00
7.348476e+00
7.350217e+00
7.351957e+00
7.353697e+00
7.355437e+00
7.357177e+00
7.358918e+00
7.360657e+00
7.362398e+00
7.364138e+00
7.365878e+00
7.367619e+00
7.369359e+00
7.371099e+00
7.372839e+00
7.374579e+00
7.376319e+00
7.378060e+00
7.379799e+00
7.381540e+00
7.383280e+00
7.385021e+00
7.386761e+00
7.388501e+00
7.390241e+00
7.391981e+00
7.393722e+00
7.395461e+00
7.397202e+00
7.398942e+00
7.400682e+00
7.402422e+00
7.404163e+00
7.405902e+00
7.407643e+00
7.409383e+00
7.411123e+00
7.412864e+00
7.414603e+00
7.416344e+00
7.418084e+00
7.419824e+00
7.421564e+00
7.423305e+00
7.425045e+00
7.426785e+00
7.428525e+00
7.430265e+00
7.432005e+00
7.433746e+00
7.435486e+00
7.437226e+00
7.438967e+00
7.440706e+00
7.442447e+00
7.444187e+00
7.445927e+00
7.447667e+00
7.449407e+00
7.451148e+00
7.452888e+00
7.454628e+00
7.456368e+00
7.458109e+00
7.459848e+00
7.461589e+00
7.463329e+00
7.465069e+00
7.466809e+00
7.468549e+00
7.470290e+00
7.472030e+00
7.473770e+00
7.475510e+00
7.477250e+00
7.478991e+00
7.480731e+00
7.482471e+00
7.484211e+00
7.485951e+00
7.487692e+00
7.489432e+00
7.491172e+00
7.492912e+00
7.494652e+00
7.496393e+00
7.498133e+00
7.499873e+00
7.501613e+00
7.503353e+00
7.505094e+00
7.506833e+00
7.508574e+00
7.510314e+00
7.512054e+00
7.513795e+00
7.515535e+00
7.517275e+00
7.519015e+00
7.520755e+00
7.522495e+00
7.524236e+00
7.525975e+00
7.527716e+00
7.529456e+00
7.531197e+00
7.532937e+00
7.534677e+00
7.536417e+00
7.538157e+00
7.539898e+00
7.541637e+00
7.543378e+00
7.545118e+00
7.546858e+00
7.548598e+00
7.550339e+00
7.552078e+00
7.553819e+00
7.555559e+00
7.557299e+00
7.559040e+00
7.560779e+00
7.562520e+00
7.564260e+00
7.566001e+00
7.567740e+00
7.569481e+00
7.571221e+00
7.572961e+00
7.574701e+00
7.576441e+00
7.578182e+00
7.579922e+00
7.581662e+00
7.583402e+00
7.585143e+00
7.586882e+00
7.588623e+00
7.590363e+00
7.592103e+00
7.593843e+00
7.595583e+00
7.597324e+00
7.599064e+00
7.600804e+00
7.602544e+00
7.604285e+00
7.606025e+00
7.607765e+00
7.609505e+00
7.611245e+00
7.612985e+00
7.614726e+00
7.616466e+00
7.618206e+00
7.619946e+00
7.621686e+00
7.623426e+00
7.625167e+00
7.626906e+00
7.628647e+00
7.630387e+00
7.632127e+00
7.633868e+00
7.635608e+00
7.637348e+00
7.639088e+00
7.640828e+00
7.642568e+00
7.644309e+00
7.646049e+00
7.647789e+00
7.649529e+00
7.651270e+00
7.653010e+00
7.654750e+00
7.656490e+00
7.658230e+00
7.659971e+00
7.661710e+00
7.663451e+00
7.665191e+00
7.666931e+00
7.668671e+00
7.670412e+00
7.672152e+00
7.673892e+00
7.675632e+00
7.677373e+00
7.679113e+00
7.680852e+00
7.682593e+00
7.684333e+00
7.686074e+00
7.687813e+00
7.689554e+00
7.691294e+00
7.693034e+00
7.694774e+00
7.696514e+00
7.698254e+00
7.699995e+00
7.701735e+00
7.703475e+00
7.705216e+00
7.706955e+00
7.708696e+00
7.710436e+00
7.712177e+00
7.713916e+00
7.715656e+00
7.717397e+00
7.719137e+00
7.720877e+00
7.722617e+00
7.724358e+00
7.726098e+00
7.727838e+00
7.729578e+00
7.731319e+00
7.733058e+00
7.734799e+00
7.736539e+00
7.738279e+00
7.740019e+00
7.741759e+00
7.743500e+00
7.745240e+00
7.746980e+00
7.748720e+00
7.750460e+00
7.752201e+00
7.753941e+00
7.755681e+00
7.757421e+00
7.759161e+00
7.760902e+00
7.762642e+00
7.764382e+00
7.766122e+00
7.767862e+00
7.769602e+00
7.771343e+00
7.773083e+00
7.774823e+00
7.776563e+00
7.778304e+00
7.780044e+00
7.781784e+00
7.783524e+00
7.785264e+00
7.787004e+00
7.788744e+00
7.790485e+00
7.792225e+00
7.793965e+00
7.795705e+00
7.797446e+00
7.799186e+00
7.800926e+00
7.802666e+00
7.804406e+00
7.806147e+00
7.807886e+00
7.809627e+00
7.811367e+00
7.813107e+00
7.814847e+00
7.816588e+00
7.818328e+00
7.820068e+00
7.821808e+00
7.823548e+00
7.825289e+00
7.827029e+00
7.828769e+00
7.830509e+00
7.832250e+00
7.833989e+00
7.835730e+00
7.837470e+00
7.839210e+00
7.840950e+00
7.842690e+00
7.844431e+00
7.846171e+00
7.847911e+00
7.849651e+00
7.851392e+00
7.853131e+00
7.854872e+00
7.856612e+00
7.858352e+00
7.860092e+00
7.861832e+00
7.863573e+00
7.865313e+00
7.867053e+00
7.868793e+00
7.870534e+00
7.872274e+00
7.874014e+00
7.875754e+00
7.877494e+00
7.879234e+00
7.880975e+00
7.882715e+00
7.884455e+00
7.886195e+00
7.887935e+00
7.889676e+00
7.891416e+00
7.893156e+00
7.894896e+00
7.896636e+00
7.898377e+00
7.900117e+00
7.901857e+00
7.903597e+00
7.905337e+00
7.907078e+00
7.908818e+00
7.910558e+00
7.912298e+00
7.914038e+00
7.915778e+00
7.917519e+00
7.919259e+00
7.920999e+00
7.922739e+00
7.924480e+00
7.926220e+00
7.927960e+00
7.929700e+00
7.931440e+00
7.933181e+00
7.934920e+00
7.936661e+00
7.938401e+00
7.940141e+00
7.941881e+00
7.943622e+00
7.945362e+00
7.947102e+00
7.948842e+00
7.950582e+00
7.952323e+00
7.954062e+00
7.955803e+00
7.957543e+00
7.959283e+00
7.961023e+00
7.962764e+00
7.964504e+00
7.966244e+00
7.967984e+00
7.969724e+00
7.971465e+00
7.973205e+00
7.974945e+00
7.976685e+00
7.978426e+00
7.980165e+00
7.981906e+00
7.983646e+00
7.985386e+00
7.987126e+00
7.988866e+00
7.990607e+00
7.992347e+00
7.994087e+00
7.995827e+00
7.997568e+00
7.999308e+00
8.001048e+00
8.002788e+00
8.004528e+00
8.006268e+00
8.008008e+00
8.009749e+00
8.011489e+00
8.013229e+00
8.014969e+00
8.016710e+00
8.018450e+00
8.020190e+00
8.021930e+00
8.023670e+00
8.025410e+00
8.027151e+00
8.028891e+00
8.030631e+00
8.032371e+00
8.034111e+00
8.035851e+00
8.037592e+00
8.039332e+00
8.041072e+00
8.042812e+00
8.044553e+00
8.046293e+00
8.048033e+00
8.049773e+00
8.051513e+00
8.053254e+00
8.054993e+00
8.056734e+00
8.058474e+00
8.060214e+00
8.061954e+00
8.063695e+00
8.065435e+00
8.067175e+00
8.068915e+00
8.070656e+00
8.072396e+00
8.074135e+00
8.075876e+00
8.077616e+00
8.079357e+00
8.081096e+00
8.082837e+00
8.084577e+00
8.086317e+00
8.088057e+00
8.089797e+00
8.091538e+00
8.093278e+00
8.095018e+00
8.096758e+00
8.098499e+00
8.100238e+00
8.101979e+00
8.103719e+00
8.105460e+00
8.107199e+00
8.108939e+00
8.110680e+00
8.112420e+00
8.114160e+00
8.115900e+00
8.117641e+00
8.119381e+00
8.121121e+00
8.122861e+00
8.124601e+00
8.126341e+00
8.128082e+00
8.129822e+00
8.131562e+00
8.133302e+00
8.135042e+00
8.136783e+00
8.138523e+00
8.140263e+00
8.142003e+00
8.143743e+00
8.145484e+00
8.147224e+00
8.148964e+00
8.150704e+00
8.152444e+00
8.154185e+00
8.155925e+00
8.157665e+00
