3.980816e-04
4.964678e-04
5.948539e-04
6.932401e-04
7.916264e-04
8.900123e-04
9.883986e-04
1.086785e-03
1.185171e-03
1.283557e-03
1.381943e-03
1.480330e-03
1.578716e-03
1.677102e-03
1.775488e-03
1.873874e-03
1.972261e-03
2.070646e-03
2.169033e-03
2.267419e-03
2.365805e-03
2.464191e-03
2.562577e-03
2.660963e-03
2.759350e-03
2.857736e-03
2.956122e-03
3.054508e-03
3.152895e-03
3.251280e-03
3.349667e-03
3.413333e-03
3.477000e-03
3.540667e-03
3.604333e-03
3.668000e-03
3.731667e-03
3.795333e-03
3.859000e-03
3.922667e-03
3.986333e-03
4.050000e-03
4.113667e-03
4.177333e-03
4.241000e-03
4.304667e-03
4.368333e-03
4.432000e-03
4.495667e-03
4.559333e-03
4.623000e-03
4.721027e-03
4.819053e-03
4.917080e-03
5.015107e-03
5.113133e-03
5.211160e-03
5.309187e-03
5.407213e-03
5.505240e-03
5.603267e-03
5.701293e-03
5.799320e-03
5.897347e-03
5.995373e-03
6.093400e-03
6.191427e-03
6.289453e-03
6.387480e-03
6.432584e-03
6.583533e-03
6.734482e-03
6.885431e-03
7.036380e-03
7.187329e-03
7.338278e-03
7.489227e-03
7.640176e-03
7.791124e-03
7.942073e-03
8.093022e-03
8.243971e-03
8.394920e-03
8.545869e-03
8.696818e-03
8.847767e-03
8.998716e-03
9.149664e-03
9.300613e-03
9.451562e-03
9.602510e-03
9.753460e-03
9.904410e-03
1.005536e-02
1.020631e-02
1.035726e-02
1.050820e-02
1.065915e-02
1.081010e-02
1.096105e-02
1.111200e-02
1.119796e-02
1.128392e-02
1.136988e-02
1.145584e-02
1.154180e-02
1.162776e-02
1.171372e-02
1.179968e-02
1.188564e-02
1.197160e-02
1.205756e-02
1.214352e-02
1.222948e-02
1.231544e-02
1.240140e-02
1.248736e-02
1.257332e-02
1.265928e-02
1.274524e-02
1.283120e-02
1.291716e-02
1.300312e-02
1.308908e-02
1.317504e-02
1.326100e-02
1.334696e-02
1.343292e-02
1.351888e-02
1.360484e-02
1.369080e-02
1.377676e-02
1.386272e-02
1.394868e-02
1.403464e-02
1.412060e-02
1.420656e-02
1.429252e-02
1.437848e-02
1.446444e-02
1.455040e-02
1.463636e-02
1.472232e-02
1.480828e-02
1.489424e-02
1.498020e-02
1.506616e-02
1.515212e-02
1.523808e-02
1.532404e-02
1.541000e-02
1.550904e-02
1.560808e-02
1.570712e-02
1.580616e-02
1.590520e-02
1.600424e-02
1.610328e-02
1.620232e-02
1.630136e-02
1.640040e-02
1.649944e-02
1.659848e-02
1.669752e-02
1.679656e-02
1.689560e-02
1.699464e-02
1.709368e-02
1.719272e-02
1.729176e-02
1.739080e-02
1.748984e-02
1.758888e-02
1.768792e-02
1.778696e-02
1.788600e-02
1.798504e-02
1.808408e-02
1.818312e-02
1.828216e-02
1.838120e-02
1.848024e-02
1.857928e-02
1.867832e-02
1.877736e-02
1.887640e-02
1.897544e-02
1.907448e-02
1.917352e-02
1.927256e-02
1.937160e-02
1.947064e-02
1.956968e-02
1.966872e-02
1.976776e-02
1.986680e-02
1.996584e-02
2.006488e-02
2.016392e-02
2.026296e-02
2.036200e-02
2.040790e-02
2.045380e-02
2.049970e-02
2.054560e-02
2.059150e-02
2.063740e-02
2.068330e-02
2.072920e-02
2.077510e-02
2.082100e-02
2.086690e-02
2.091280e-02
2.095870e-02
2.100460e-02
2.105050e-02
2.109640e-02
2.114230e-02
2.118820e-02
2.123410e-02
2.128000e-02
2.132590e-02
2.137180e-02
2.141770e-02
2.146360e-02
2.150950e-02
2.155540e-02
2.160130e-02
2.164720e-02
2.169310e-02
2.173900e-02
2.178490e-02
2.183080e-02
2.187670e-02
2.192260e-02
2.196850e-02
2.201440e-02
2.206030e-02
2.210620e-02
2.215210e-02
2.219800e-02
2.224390e-02
2.228980e-02
2.233570e-02
2.238160e-02
2.242750e-02
2.247340e-02
2.251930e-02
2.256520e-02
2.261110e-02
2.265700e-02
2.270290e-02
2.274880e-02
2.279470e-02
2.284060e-02
2.288650e-02
2.293240e-02
2.297830e-02
2.302420e-02
2.307010e-02
2.311600e-02
2.316190e-02
2.320780e-02
2.325370e-02
2.329960e-02
2.334550e-02
2.339140e-02
2.343730e-02
2.348320e-02
2.352910e-02
2.357500e-02
2.362090e-02
2.366680e-02
2.371270e-02
2.375860e-02
2.380450e-02
2.385040e-02
2.389630e-02
2.394220e-02
2.398810e-02
2.403400e-02
2.407990e-02
2.412580e-02
2.417170e-02
2.421760e-02
2.426350e-02
2.430940e-02
2.435530e-02
2.440120e-02
2.444710e-02
2.449300e-02
2.453890e-02
2.458480e-02
2.463070e-02
2.467660e-02
2.472250e-02
2.476840e-02
2.481430e-02
2.486020e-02
2.490610e-02
2.495200e-02
2.507331e-02
2.519463e-02
2.531594e-02
2.543725e-02
2.555857e-02
2.567988e-02
2.580119e-02
2.592251e-02
2.604382e-02
2.616513e-02
2.628645e-02
2.640776e-02
2.652907e-02
2.665039e-02
2.677170e-02
2.689301e-02
2.701433e-02
2.713564e-02
2.725695e-02
2.737827e-02
2.749958e-02
2.762089e-02
2.774221e-02
2.786352e-02
2.798483e-02
2.810615e-02
2.822746e-02
2.834877e-02
2.847009e-02
2.859140e-02
2.871271e-02
2.883403e-02
2.895534e-02
2.907665e-02
2.919797e-02
2.931928e-02
2.944059e-02
2.956191e-02
2.968322e-02
2.980453e-02
2.992585e-02
3.004716e-02
3.016847e-02
3.028979e-02
3.041110e-02
3.053241e-02
3.065373e-02
3.077504e-02
3.089635e-02
3.101767e-02
3.113898e-02
3.126029e-02
3.138161e-02
3.150292e-02
3.162423e-02
3.174555e-02
3.186686e-02
3.198817e-02
3.210949e-02
3.223080e-02
3.235211e-02
3.247343e-02
3.259474e-02
3.271605e-02
3.283737e-02
3.295868e-02
3.307999e-02
3.320131e-02
3.332262e-02
3.344393e-02
3.356525e-02
3.368656e-02
3.380787e-02
3.392919e-02
3.405050e-02
3.417181e-02
3.429313e-02
3.441444e-02
3.453575e-02
3.465707e-02
3.477838e-02
3.489969e-02
3.502101e-02
3.514232e-02
3.526363e-02
3.538495e-02
3.550626e-02
3.562757e-02
3.574889e-02
3.587020e-02
3.599151e-02
3.611283e-02
3.623414e-02
3.635545e-02
3.647677e-02
3.659808e-02
3.671939e-02
3.684071e-02
3.696202e-02
3.708333e-02
3.722024e-02
3.735715e-02
3.749406e-02
3.763097e-02
3.776788e-02
3.790479e-02
3.804170e-02
3.817861e-02
3.831552e-02
3.845243e-02
3.858934e-02
3.872625e-02
3.886316e-02
3.900007e-02
3.913698e-02
3.927389e-02
3.941080e-02
3.954771e-02
3.968462e-02
3.982153e-02
3.995844e-02
4.009535e-02
4.023226e-02
4.036917e-02
4.050608e-02
4.064299e-02
4.077990e-02
4.091681e-02
4.105372e-02
4.119063e-02
4.132754e-02
4.146445e-02
4.160136e-02
4.173827e-02
4.187518e-02
4.201209e-02
4.214900e-02
4.228591e-02
4.242282e-02
4.255973e-02
4.269664e-02
4.283355e-02
4.297046e-02
4.310737e-02
4.324428e-02
4.338119e-02
4.351810e-02
4.365501e-02
4.379192e-02
4.392883e-02
4.406574e-02
4.420265e-02
4.433956e-02
4.447647e-02
4.461338e-02
4.475029e-02
4.488720e-02
4.502411e-02
4.516102e-02
4.529793e-02
4.543484e-02
4.557175e-02
4.570866e-02
4.584557e-02
4.598248e-02
4.611939e-02
4.625630e-02
4.639321e-02
4.653012e-02
4.666703e-02
4.680394e-02
4.694085e-02
4.707776e-02
4.721467e-02
4.735158e-02
4.748849e-02
4.762540e-02
4.776231e-02
4.789922e-02
4.803613e-02
4.817304e-02
4.830995e-02
4.844686e-02
4.858377e-02
4.872068e-02
4.885759e-02
4.899450e-02
4.913141e-02
4.926832e-02
4.940523e-02
4.954214e-02
4.967905e-02
4.981596e-02
4.995287e-02
5.008978e-02
5.022669e-02
5.036360e-02
5.050051e-02
5.063742e-02
5.077433e-02
5.091124e-02
5.104815e-02
5.118506e-02
5.132197e-02
5.145888e-02
5.159579e-02
5.173270e-02
5.186961e-02
5.200652e-02
5.214343e-02
5.228034e-02
5.241725e-02
5.255416e-02
5.269107e-02
5.282798e-02
5.296489e-02
5.310180e-02
5.323871e-02
5.337562e-02
5.351253e-02
5.364944e-02
5.378635e-02
5.392326e-02
5.406017e-02
5.419708e-02
5.433399e-02
5.447090e-02
5.460781e-02
5.474472e-02
5.488163e-02
5.501854e-02
5.515545e-02
5.529236e-02
5.542927e-02
5.556618e-02
5.570309e-02
5.584000e-02
5.597691e-02
5.611382e-02
5.625073e-02
5.638764e-02
5.652455e-02
5.666146e-02
5.679837e-02
5.693528e-02
5.707219e-02
5.720910e-02
5.734601e-02
5.748292e-02
5.761983e-02
5.775674e-02
5.789365e-02
5.803056e-02
5.816747e-02
5.830438e-02
5.844129e-02
5.857820e-02
5.871511e-02
5.885202e-02
5.898893e-02
5.912584e-02
5.926275e-02
5.939966e-02
5.953657e-02
5.967348e-02
5.981039e-02
5.994730e-02
6.008421e-02
6.022112e-02
6.035803e-02
6.049494e-02
6.063185e-02
6.076876e-02
6.090567e-02
6.104258e-02
6.117949e-02
6.131640e-02
6.145331e-02
6.159022e-02
6.172713e-02
6.186404e-02
6.200095e-02
6.213786e-02
6.227477e-02
6.241168e-02
6.254859e-02
6.268550e-02
6.282241e-02
6.295932e-02
6.309623e-02
6.323314e-02
6.337005e-02
6.350696e-02
6.364387e-02
6.378078e-02
6.391769e-02
6.405460e-02
6.419151e-02
6.432842e-02
6.446533e-02
6.455257e-02
6.463981e-02
6.472705e-02
6.481429e-02
6.490153e-02
6.498877e-02
6.507601e-02
6.516325e-02
6.525049e-02
6.533773e-02
6.542497e-02
6.551221e-02
6.559945e-02
6.568669e-02
6.577393e-02
6.586117e-02
6.594841e-02
6.603565e-02
6.612289e-02
6.621013e-02
6.629737e-02
6.638461e-02
6.647185e-02
6.655909e-02
6.664633e-02
6.673357e-02
6.682081e-02
6.690805e-02
6.699529e-02
6.708253e-02
6.716977e-02
6.725701e-02
6.734425e-02
6.743149e-02
6.751873e-02
6.760597e-02
6.769321e-02
6.778045e-02
6.786769e-02
6.795493e-02
6.804217e-02
6.812941e-02
6.821665e-02
6.830389e-02
6.839113e-02
6.847837e-02
6.856561e-02
6.865285e-02
6.874009e-02
6.882733e-02
6.891457e-02
6.900181e-02
6.908905e-02
6.917629e-02
6.926353e-02
6.935077e-02
6.943801e-02
6.952525e-02
6.961249e-02
6.969973e-02
6.978697e-02
6.987421e-02
6.996145e-02
7.004869e-02
7.013593e-02
7.022317e-02
7.031041e-02
7.039765e-02
7.048489e-02
7.057213e-02
7.065937e-02
7.074661e-02
7.083385e-02
7.092109e-02
7.100833e-02
7.109557e-02
7.118281e-02
7.127005e-02
7.135729e-02
7.144453e-02
7.153177e-02
7.161901e-02
7.170625e-02
7.179349e-02
7.188073e-02
7.196797e-02
7.205521e-02
7.214245e-02
7.222969e-02
7.231693e-02
7.240417e-02
7.249141e-02
7.257865e-02
7.266589e-02
7.275313e-02
7.284037e-02
7.292761e-02
7.301485e-02
7.310209e-02
7.318933e-02
7.423278e-02
7.527623e-02
7.631968e-02
7.736312e-02
7.840657e-02
7.945002e-02
8.049347e-02
8.153692e-02
8.258037e-02
8.362382e-02
8.466726e-02
8.571071e-02
8.675416e-02
8.779761e-02
8.884106e-02
8.988451e-02
9.092796e-02
9.197140e-02
9.301485e-02
9.405830e-02
9.510175e-02
9.614520e-02
9.718865e-02
9.823210e-02
9.927554e-02
1.003190e-01
1.013624e-01
1.024059e-01
1.034493e-01
1.044928e-01
1.055362e-01
1.065797e-01
1.076231e-01
1.086666e-01
1.097100e-01
1.107535e-01
1.117969e-01
1.128404e-01
1.138838e-01
1.149273e-01
1.159707e-01
1.170142e-01
1.180576e-01
1.191011e-01
1.201445e-01
1.211880e-01
1.222314e-01
1.232749e-01
1.243183e-01
1.253618e-01
1.264052e-01
1.274487e-01
1.284921e-01
1.295356e-01
1.305790e-01
1.316225e-01
1.326659e-01
1.337093e-01
1.347528e-01
1.357962e-01
1.368397e-01
1.378831e-01
1.389266e-01
1.399700e-01
1.410135e-01
1.420569e-01
1.431004e-01
1.441438e-01
1.451873e-01
1.462307e-01
1.472742e-01
1.483176e-01
1.493611e-01
1.504045e-01
1.514480e-01
1.524914e-01
1.535349e-01
1.545783e-01
1.556218e-01
1.566652e-01
1.577087e-01
1.587521e-01
1.597956e-01
1.608390e-01
1.618825e-01
1.629259e-01
1.639694e-01
1.650128e-01
1.660563e-01
1.670997e-01
1.681432e-01
1.691866e-01
1.702300e-01
1.712735e-01
1.723169e-01
1.733604e-01
1.744038e-01
1.754473e-01
1.764907e-01
1.775342e-01
1.785776e-01
1.796211e-01
1.806645e-01
1.817080e-01
1.827514e-01
1.837949e-01
1.848383e-01
1.858818e-01
1.869252e-01
1.879687e-01
1.890121e-01
1.900556e-01
1.910990e-01
1.921425e-01
1.931859e-01
1.942294e-01
1.952728e-01
1.963163e-01
1.973597e-01
1.984032e-01
1.994466e-01
2.004901e-01
2.015335e-01
2.025770e-01
2.036204e-01
2.046639e-01
2.057073e-01
2.067507e-01
2.077942e-01
2.088376e-01
2.098811e-01
2.109245e-01
2.119680e-01
2.130114e-01
2.140549e-01
2.150983e-01
2.161418e-01
2.171852e-01
2.182287e-01
2.192721e-01
2.203156e-01
2.213590e-01
2.224025e-01
2.234459e-01
2.244894e-01
2.255328e-01
2.265763e-01
2.276197e-01
2.286632e-01
2.297066e-01
2.307501e-01
2.317935e-01
2.328370e-01
2.338804e-01
2.349239e-01
2.359673e-01
2.370108e-01
2.380542e-01
2.390977e-01
2.401411e-01
2.411846e-01
2.422280e-01
2.432714e-01
2.443149e-01
2.453583e-01
2.464018e-01
2.474452e-01
2.484887e-01
2.495321e-01
2.505756e-01
2.516190e-01
2.526625e-01
2.537059e-01
2.547494e-01
2.557928e-01
2.568363e-01
2.578797e-01
2.589232e-01
2.599666e-01
2.610101e-01
2.620535e-01
2.630970e-01
2.641404e-01
2.651839e-01
2.662273e-01
2.672708e-01
2.683142e-01
2.693577e-01
2.704011e-01
2.714446e-01
2.724880e-01
2.735315e-01
2.745749e-01
2.756184e-01
2.766618e-01
2.777053e-01
2.787487e-01
2.797921e-01
2.808356e-01
2.818790e-01
2.829225e-01
2.839659e-01
2.850094e-01
2.860528e-01
2.870963e-01
2.881397e-01
2.891832e-01
2.902266e-01
2.912701e-01
2.923135e-01
2.933570e-01
2.944004e-01
2.954439e-01
2.964873e-01
2.975308e-01
2.985742e-01
2.996177e-01
3.006611e-01
3.017046e-01
3.027480e-01
3.037915e-01
3.048349e-01
3.058784e-01
3.069218e-01
3.079653e-01
3.090087e-01
3.100522e-01
3.110956e-01
3.121391e-01
3.131825e-01
3.142260e-01
3.152694e-01
3.163128e-01
3.173563e-01
3.183997e-01
3.194432e-01
3.204866e-01
3.215301e-01
3.225735e-01
3.236170e-01
3.246604e-01
3.257039e-01
3.267473e-01
3.277908e-01
3.288342e-01
3.298777e-01
3.309211e-01
3.319646e-01
3.330080e-01
3.340515e-01
3.350949e-01
3.361384e-01
3.371818e-01
3.382253e-01
3.392687e-01
3.403122e-01
3.413556e-01
3.423991e-01
3.434425e-01
3.444860e-01
3.455294e-01
3.465729e-01
3.476163e-01
3.486598e-01
3.497032e-01
3.507467e-01
3.517901e-01
3.528335e-01
3.538770e-01
3.549204e-01
3.559639e-01
3.570073e-01
3.580508e-01
3.590942e-01
3.601377e-01
3.611811e-01
3.622246e-01
3.632680e-01
3.643115e-01
3.653549e-01
3.663984e-01
3.674418e-01
3.684853e-01
3.695287e-01
3.705722e-01
3.716156e-01
3.726591e-01
3.737025e-01
3.747460e-01
3.757894e-01
3.768329e-01
3.778763e-01
3.789198e-01
3.799632e-01
3.810067e-01
3.820501e-01
3.830936e-01
3.841370e-01
3.851805e-01
3.862239e-01
3.872674e-01
3.883108e-01
3.893542e-01
3.903977e-01
3.914411e-01
3.924846e-01
3.935280e-01
3.945715e-01
3.956149e-01
3.966584e-01
3.977018e-01
3.987453e-01
3.997887e-01
4.008322e-01
4.018756e-01
4.029191e-01
4.039625e-01
4.050060e-01
4.060494e-01
4.070929e-01
4.081363e-01
4.091798e-01
4.102232e-01
4.112667e-01
4.123101e-01
4.133536e-01
4.143970e-01
4.154405e-01
4.164839e-01
4.175274e-01
4.185708e-01
4.196143e-01
4.206577e-01
4.217012e-01
4.227446e-01
4.237881e-01
4.248315e-01
4.258749e-01
4.269184e-01
4.279618e-01
4.290053e-01
4.300487e-01
4.310922e-01
4.321356e-01
4.331791e-01
4.342225e-01
4.352660e-01
4.363094e-01
4.373529e-01
4.383963e-01
4.394398e-01
4.404832e-01
4.415267e-01
4.425701e-01
4.436136e-01
4.446570e-01
4.457005e-01
4.467439e-01
4.477874e-01
4.488308e-01
4.498743e-01
4.509177e-01
4.519612e-01
4.530046e-01
4.540481e-01
4.550915e-01
4.561350e-01
4.571784e-01
4.582219e-01
4.592653e-01
4.603088e-01
4.613522e-01
4.623956e-01
4.634391e-01
4.644825e-01
4.655260e-01
4.665694e-01
4.676129e-01
4.686563e-01
4.696998e-01
4.707432e-01
4.717867e-01
4.728301e-01
4.738736e-01
4.749170e-01
4.759605e-01
4.770039e-01
4.780474e-01
4.790908e-01
4.801343e-01
4.811777e-01
4.822212e-01
4.832646e-01
4.843081e-01
4.853515e-01
4.863950e-01
4.874384e-01
4.884819e-01
4.895253e-01
4.905688e-01
4.916122e-01
4.926557e-01
4.936991e-01
4.947426e-01
4.957860e-01
4.968295e-01
4.978729e-01
5.005104e-01
5.031478e-01
5.057853e-01
5.084228e-01
5.110603e-01
5.136977e-01
5.163352e-01
5.189727e-01
5.216102e-01
5.242476e-01
5.268851e-01
5.295226e-01
5.321601e-01
5.347975e-01
5.374350e-01
5.400725e-01
5.427100e-01
5.453474e-01
5.479849e-01
5.506224e-01
5.532599e-01
5.558974e-01
5.585348e-01
5.611723e-01
5.638098e-01
5.664473e-01
5.690847e-01
5.717222e-01
5.743597e-01
5.769972e-01
5.796346e-01
5.822721e-01
5.849096e-01
5.875471e-01
5.901845e-01
5.928220e-01
5.954595e-01
5.980970e-01
6.007344e-01
6.033719e-01
6.060094e-01
6.086469e-01
6.112843e-01
6.139218e-01
6.165593e-01
6.191968e-01
6.218342e-01
6.244717e-01
6.271092e-01
6.297467e-01
6.323841e-01
6.350216e-01
6.376591e-01
6.402966e-01
6.429340e-01
6.455715e-01
6.482090e-01
6.508465e-01
6.534839e-01
6.561214e-01
6.587589e-01
6.613964e-01
6.640338e-01
6.666713e-01
6.693088e-01
6.719463e-01
6.745838e-01
6.772212e-01
6.798587e-01
6.824962e-01
6.851337e-01
6.877711e-01
6.904086e-01
6.930461e-01
6.956836e-01
6.983210e-01
7.009585e-01
7.035960e-01
7.062335e-01
7.088709e-01
7.115084e-01
7.141459e-01
7.167834e-01
7.194208e-01
7.220583e-01
7.246958e-01
7.273333e-01
7.299707e-01
7.326082e-01
7.352457e-01
7.378832e-01
7.405206e-01
7.431581e-01
7.457956e-01
7.484331e-01
7.510705e-01
7.537080e-01
7.563455e-01
7.589830e-01
7.616204e-01
7.633239e-01
7.650275e-01
7.667309e-01
7.684344e-01
7.701380e-01
7.718414e-01
7.735449e-01
7.752485e-01
7.769519e-01
7.786554e-01
7.803590e-01
7.820624e-01
7.837659e-01
7.854695e-01
7.871729e-01
7.888764e-01
7.905800e-01
7.922834e-01
7.939869e-01
7.956905e-01
7.973940e-01
7.990974e-01
8.008010e-01
8.025045e-01
8.042079e-01
8.059115e-01
8.076150e-01
8.093184e-01
8.110220e-01
8.127255e-01
8.144289e-01
8.161325e-01
8.178360e-01
8.195394e-01
8.212430e-01
8.229465e-01
8.246499e-01
8.263535e-01
8.280570e-01
8.297604e-01
8.314640e-01
8.331675e-01
8.348709e-01
8.365745e-01
8.382780e-01
8.399814e-01
8.416850e-01
8.433885e-01
8.450919e-01
8.467955e-01
8.484990e-01
8.502024e-01
8.519060e-01
8.536095e-01
8.553129e-01
8.570165e-01
8.587200e-01
8.604234e-01
8.621270e-01
8.638305e-01
8.655339e-01
8.672375e-01
8.689410e-01
8.706444e-01
8.723480e-01
8.740515e-01
8.757549e-01
8.774585e-01
8.791620e-01
8.808654e-01
8.825690e-01
8.842725e-01
8.859759e-01
8.876795e-01
8.893830e-01
8.910864e-01
8.927900e-01
8.944935e-01
8.961969e-01
8.979005e-01
8.996040e-01
9.013074e-01
9.030110e-01
9.047145e-01
9.064179e-01
9.081215e-01
9.098250e-01
9.115284e-01
9.132320e-01
9.149355e-01
9.166389e-01
9.183425e-01
9.200460e-01
9.217494e-01
9.234530e-01
9.251565e-01
9.268599e-01
9.285635e-01
9.302670e-01
9.319704e-01
9.336740e-01
9.353775e-01
9.370809e-01
9.387845e-01
9.404880e-01
9.421914e-01
9.438950e-01
9.455985e-01
9.473019e-01
9.490055e-01
9.507090e-01
9.524124e-01
9.541160e-01
9.558195e-01
9.575229e-01
9.592265e-01
9.609300e-01
9.626334e-01
9.643370e-01
9.660405e-01
9.677439e-01
9.694475e-01
9.711510e-01
9.728544e-01
9.745580e-01
9.762615e-01
9.779649e-01
9.796685e-01
9.813720e-01
9.830754e-01
9.847790e-01
9.864825e-01
9.881859e-01
9.898895e-01
9.915930e-01
9.932964e-01
9.950000e-01
9.967035e-01
9.984070e-01
1.000111e+00
1.001814e+00
1.003517e+00
1.005221e+00
1.006924e+00
1.008628e+00
1.010332e+00
1.012035e+00
1.013738e+00
1.015442e+00
1.017145e+00
1.018849e+00
1.020553e+00
1.022256e+00
1.023959e+00
1.025663e+00
1.027366e+00
1.029070e+00
1.030774e+00
1.032477e+00
1.034180e+00
1.035884e+00
1.037587e+00
1.039291e+00
1.040995e+00
1.042698e+00
1.044401e+00
1.046105e+00
1.047808e+00
1.049512e+00
1.051216e+00
1.052919e+00
1.054622e+00
1.056326e+00
1.058029e+00
1.059733e+00
1.061437e+00
1.063140e+00
1.064843e+00
1.066547e+00
1.068250e+00
1.069954e+00
1.071658e+00
1.073361e+00
1.075064e+00
1.076768e+00
1.078471e+00
1.080175e+00
1.081879e+00
1.083582e+00
1.085285e+00
1.086989e+00
1.088692e+00
1.090396e+00
1.092100e+00
1.093803e+00
1.095506e+00
1.097210e+00
1.098913e+00
1.100617e+00
1.102321e+00
1.104024e+00
1.106452e+00
1.108880e+00
1.111308e+00
1.113737e+00
1.116164e+00
1.118593e+00
1.121021e+00
1.123449e+00
1.125877e+00
1.128306e+00
1.130733e+00
1.133161e+00
1.135590e+00
1.138017e+00
1.140446e+00
1.142873e+00
1.145302e+00
1.147730e+00
1.150158e+00
1.152586e+00
1.155015e+00
1.157442e+00
1.159870e+00
1.162299e+00
1.164726e+00
1.167155e+00
1.169583e+00
1.172011e+00
1.174439e+00
1.176868e+00
1.179295e+00
1.181724e+00
1.184152e+00
1.186580e+00
1.189008e+00
1.191436e+00
1.193864e+00
1.196292e+00
1.198721e+00
1.201148e+00
1.203577e+00
1.206005e+00
1.208433e+00
1.210861e+00
1.213290e+00
1.215717e+00
1.218145e+00
1.220573e+00
1.223001e+00
1.225430e+00
1.227857e+00
1.230286e+00
1.232714e+00
1.235142e+00
1.237570e+00
1.239999e+00
1.242426e+00
1.244854e+00
1.247283e+00
1.249710e+00
1.252139e+00
1.254567e+00
1.256995e+00
1.259423e+00
1.261852e+00
1.264279e+00
1.266708e+00
1.269136e+00
1.271563e+00
1.273992e+00
1.276420e+00
1.278848e+00
1.281276e+00
1.283705e+00
1.286132e+00
1.288561e+00
1.290988e+00
1.293417e+00
1.295845e+00
1.298273e+00
1.300701e+00
1.303129e+00
1.305557e+00
1.307985e+00
1.310414e+00
1.312841e+00
1.315270e+00
1.317698e+00
1.320126e+00
1.322554e+00
1.324983e+00
1.327410e+00
1.329838e+00
1.332267e+00
1.334694e+00
1.337123e+00
1.339551e+00
1.341979e+00
1.344407e+00
1.346836e+00
1.349263e+00
1.351692e+00
1.354120e+00
1.356547e+00
1.358976e+00
1.361403e+00
1.363832e+00
1.366260e+00
1.368688e+00
1.371116e+00
1.373545e+00
1.375972e+00
1.378401e+00
1.380829e+00
1.383256e+00
1.385685e+00
1.388113e+00
1.390541e+00
1.392969e+00
1.395398e+00
1.397825e+00
1.400254e+00
1.402682e+00
1.405110e+00
1.407538e+00
1.409966e+00
1.412394e+00
1.414822e+00
1.417251e+00
1.419678e+00
1.422107e+00
1.424535e+00
1.426963e+00
1.429391e+00
1.431820e+00
1.434247e+00
1.436675e+00
1.439103e+00
1.441531e+00
1.443960e+00
1.446387e+00
1.448816e+00
1.451244e+00
1.453672e+00
1.456100e+00
1.458529e+00
1.460956e+00
1.463385e+00
1.465813e+00
1.468240e+00
1.470669e+00
1.473097e+00
1.475525e+00
1.477953e+00
1.480382e+00
1.482809e+00
1.485238e+00
1.487666e+00
1.490094e+00
1.492522e+00
1.494950e+00
1.497378e+00
1.499806e+00
1.502235e+00
1.504662e+00
1.507091e+00
1.509518e+00
1.511947e+00
1.514375e+00
1.516803e+00
1.519231e+00
1.521659e+00
1.524087e+00
1.526515e+00
1.528944e+00
1.531371e+00
1.533800e+00
1.536228e+00
1.538656e+00
1.541084e+00
1.543513e+00
1.545940e+00
1.548368e+00
1.550797e+00
1.553224e+00
1.555653e+00
1.558081e+00
1.560509e+00
1.562937e+00
1.565366e+00
1.567793e+00
1.570222e+00
1.572650e+00
1.575078e+00
1.577506e+00
1.579934e+00
1.582362e+00
1.584790e+00
1.587218e+00
1.589646e+00
1.592075e+00
1.594502e+00
1.596931e+00
1.599359e+00
1.601787e+00
1.604215e+00
1.606643e+00
1.609071e+00
1.611499e+00
1.613928e+00
1.616355e+00
1.618784e+00
1.621212e+00
1.623640e+00
1.626068e+00
1.628497e+00
1.630924e+00
1.633352e+00
1.635781e+00
1.638208e+00
1.640637e+00
1.643065e+00
1.645493e+00
1.647921e+00
1.650350e+00
1.652777e+00
1.655206e+00
1.657633e+00
1.660061e+00
1.662490e+00
1.664917e+00
1.667346e+00
1.669774e+00
1.672202e+00
1.674630e+00
1.677059e+00
1.679486e+00
1.681915e+00
1.684343e+00
1.686771e+00
1.689199e+00
1.691627e+00
1.694055e+00
1.696483e+00
1.698912e+00
1.701339e+00
1.703768e+00
1.706196e+00
1.708624e+00
1.711052e+00
1.713481e+00
1.715908e+00
1.718336e+00
1.720765e+00
1.723192e+00
1.725621e+00
1.728048e+00
1.730477e+00
1.732905e+00
1.735333e+00
1.737761e+00
1.740190e+00
1.742617e+00
1.745045e+00
1.747474e+00
1.749901e+00
1.752330e+00
1.754758e+00
1.757186e+00
1.759614e+00
1.762043e+00
1.764470e+00
1.766899e+00
1.769327e+00
1.771754e+00
1.774183e+00
1.776611e+00
1.779039e+00
1.781467e+00
1.783896e+00
1.786323e+00
1.788752e+00
1.791180e+00
1.793608e+00
1.796036e+00
1.798464e+00
1.800892e+00
1.803320e+00
1.805748e+00
1.808176e+00
1.810605e+00
1.813032e+00
1.815461e+00
1.817889e+00
1.820317e+00
1.822745e+00
1.825173e+00
1.827601e+00
1.830029e+00
1.832458e+00
1.834885e+00
1.837314e+00
1.840411e+00
1.843508e+00
1.846605e+00
1.849702e+00
1.852800e+00
1.855896e+00
1.858994e+00
1.862091e+00
1.865188e+00
1.868285e+00
1.871382e+00
1.874479e+00
1.877577e+00
1.880674e+00
1.883770e+00
1.886868e+00
1.889965e+00
1.893063e+00
1.896159e+00
1.899256e+00
1.902354e+00
1.905451e+00
1.908547e+00
1.911645e+00
1.914742e+00
1.917839e+00
1.920937e+00
1.924033e+00
1.927131e+00
1.930228e+00
1.933325e+00
1.936422e+00
1.939519e+00
1.942616e+00
1.945714e+00
1.948810e+00
1.951907e+00
1.955005e+00
1.958102e+00
1.961200e+00
1.964296e+00
1.967393e+00
1.970491e+00
1.973588e+00
1.976684e+00
1.979782e+00
1.982879e+00
1.985976e+00
1.989073e+00
1.992170e+00
1.995268e+00
1.998365e+00
2.001462e+00
2.004559e+00
2.007656e+00
2.010753e+00
2.013851e+00
2.016947e+00
2.020044e+00
2.023142e+00
2.026239e+00
2.029336e+00
2.032433e+00
2.035530e+00
2.038628e+00
2.041725e+00
2.044821e+00
2.047919e+00
2.051016e+00
2.054113e+00
2.057210e+00
2.060307e+00
2.063405e+00
2.066502e+00
2.069598e+00
2.072696e+00
2.075793e+00
2.078890e+00
2.081988e+00
2.085084e+00
2.088181e+00
2.091279e+00
2.094376e+00
2.097473e+00
2.100570e+00
2.103667e+00
2.106765e+00
2.109861e+00
2.112958e+00
2.116056e+00
2.119153e+00
2.122250e+00
2.125347e+00
2.128444e+00
2.131542e+00
2.134639e+00
2.137735e+00
2.140833e+00
2.143930e+00
2.147027e+00
2.150124e+00
2.153221e+00
2.156318e+00
2.159416e+00
2.162513e+00
2.165609e+00
2.168707e+00
2.171804e+00
2.174902e+00
2.177998e+00
2.181095e+00
2.184193e+00
2.187290e+00
2.190386e+00
2.193484e+00
2.196581e+00
2.199678e+00
2.202776e+00
2.205872e+00
2.208970e+00
2.212067e+00
2.215164e+00
2.218261e+00
2.221358e+00
2.224455e+00
2.227553e+00
2.230649e+00
2.233746e+00
2.236844e+00
2.239941e+00
2.243038e+00
2.246135e+00
2.249232e+00
2.252330e+00
2.255427e+00
2.258523e+00
2.261621e+00
2.264718e+00
2.267815e+00
2.270912e+00
2.274009e+00
2.277107e+00
2.280204e+00
2.283301e+00
2.286398e+00
2.289495e+00
2.292592e+00
2.295690e+00
2.298786e+00
2.301883e+00
2.304981e+00
2.308078e+00
2.311175e+00
2.314272e+00
2.317369e+00
2.320467e+00
2.323564e+00
2.326660e+00
2.329758e+00
2.332855e+00
2.335952e+00
2.339049e+00
2.342146e+00
2.345244e+00
2.348341e+00
2.351437e+00
2.354535e+00
2.357632e+00
2.360729e+00
2.363826e+00
2.366923e+00
2.370020e+00
2.373118e+00
2.376215e+00
2.379312e+00
2.382409e+00
2.385506e+00
2.388604e+00
2.391700e+00
2.394797e+00
2.397895e+00
2.400992e+00
2.404089e+00
2.407186e+00
2.410283e+00
2.413381e+00
2.416478e+00
2.419574e+00
2.422672e+00
2.425769e+00
2.428866e+00
2.431963e+00
2.435060e+00
2.438157e+00
2.441255e+00
2.444351e+00
2.447449e+00
2.450546e+00
2.453643e+00
2.456741e+00
2.459837e+00
2.463055e+00
2.466273e+00
2.469491e+00
2.472708e+00
2.475927e+00
2.479144e+00
2.482362e+00
2.485580e+00
2.488798e+00
2.492015e+00
2.495234e+00
2.498451e+00
2.501669e+00
2.504887e+00
2.508105e+00
2.511323e+00
2.514540e+00
2.517759e+00
2.520976e+00
2.524194e+00
2.527412e+00
2.530630e+00
2.533847e+00
2.537066e+00
2.540283e+00
2.543501e+00
2.546719e+00
2.549937e+00
2.553154e+00
2.556373e+00
2.559590e+00
2.562808e+00
2.566026e+00
2.569244e+00
2.572461e+00
2.575680e+00
2.578897e+00
2.582115e+00
2.585333e+00
2.588551e+00
2.591768e+00
2.594987e+00
2.598204e+00
2.601422e+00
2.604640e+00
2.607858e+00
2.611075e+00
2.614294e+00
2.617511e+00
2.620729e+00
2.623946e+00
2.627165e+00
2.630382e+00
2.633600e+00
2.636818e+00
2.640036e+00
2.643254e+00
2.646472e+00
2.649690e+00
2.652907e+00
2.656126e+00
2.659343e+00
2.662561e+00
2.665779e+00
2.668997e+00
2.672214e+00
2.675433e+00
2.678650e+00
2.681868e+00
2.685086e+00
2.688304e+00
2.691521e+00
2.694740e+00
2.697957e+00
2.701175e+00
2.704393e+00
2.707611e+00
2.710828e+00
2.714047e+00
2.717264e+00
2.720482e+00
2.723700e+00
2.726918e+00
2.730135e+00
2.733353e+00
2.736571e+00
2.739789e+00
2.743006e+00
2.746225e+00
2.749442e+00
2.752660e+00
2.755878e+00
2.759096e+00
2.762313e+00
2.765532e+00
2.768749e+00
2.771967e+00
2.775185e+00
2.778403e+00
2.781621e+00
2.784839e+00
2.788057e+00
2.791274e+00
2.794493e+00
2.797710e+00
2.800928e+00
2.804146e+00
2.807364e+00
2.810581e+00
2.813800e+00
2.817017e+00
2.820235e+00
2.823453e+00
2.826671e+00
2.829888e+00
2.833107e+00
2.836324e+00
2.839542e+00
2.842759e+00
2.845978e+00
2.849195e+00
2.852413e+00
2.855631e+00
2.858849e+00
2.862066e+00
2.865285e+00
2.868502e+00
2.871720e+00
2.874938e+00
2.878156e+00
2.881373e+00
2.884592e+00
2.887809e+00
2.891027e+00
2.894245e+00
2.897463e+00
2.900680e+00
2.903899e+00
2.907116e+00
2.910334e+00
2.913553e+00
2.916770e+00
2.919988e+00
2.923206e+00
2.926424e+00
2.929641e+00
2.932860e+00
2.936077e+00
2.939295e+00
2.942513e+00
2.945731e+00
2.948948e+00
2.952166e+00
2.955384e+00
2.958602e+00
2.961819e+00
2.965038e+00
2.968255e+00
2.971473e+00
2.974691e+00
2.977909e+00
2.981126e+00
2.984345e+00
2.987562e+00
2.990780e+00
2.993998e+00
2.997216e+00
3.000433e+00
3.003652e+00
3.006869e+00
3.010087e+00
3.013305e+00
3.016523e+00
3.019740e+00
3.022959e+00
3.026176e+00
3.029394e+00
3.032612e+00
3.035830e+00
3.039047e+00
3.042266e+00
3.045483e+00
3.048701e+00
3.051920e+00
3.055137e+00
3.058355e+00
3.061572e+00
3.064791e+00
3.068008e+00
3.071226e+00
3.074444e+00
3.077662e+00
3.080879e+00
3.084098e+00
3.087315e+00
3.090533e+00
3.093751e+00
3.096969e+00
3.100186e+00
3.103405e+00
3.106622e+00
3.110282e+00
3.113941e+00
3.117601e+00
3.121261e+00
3.124920e+00
3.128580e+00
3.132239e+00
3.135899e+00
3.139559e+00
3.143217e+00
3.146877e+00
3.150537e+00
3.154196e+00
3.157856e+00
3.161516e+00
3.165175e+00
3.168835e+00
3.172494e+00
3.176154e+00
3.179814e+00
3.183473e+00
3.187133e+00
3.190792e+00
3.194451e+00
3.198111e+00
3.201771e+00
3.205430e+00
3.209090e+00
3.212749e+00
3.216409e+00
3.220069e+00
3.223728e+00
3.227388e+00
3.231048e+00
3.234707e+00
3.238366e+00
3.242026e+00
3.245685e+00
3.249345e+00
3.253004e+00
3.256664e+00
3.260324e+00
3.263983e+00
3.267643e+00
3.271303e+00
3.274962e+00
3.278622e+00
3.282282e+00
3.285940e+00
3.289600e+00
3.293259e+00
3.296919e+00
3.300579e+00
3.304238e+00
3.307898e+00
3.311558e+00
3.315217e+00
3.318877e+00
3.322537e+00
3.326196e+00
3.329856e+00
3.333514e+00
3.337174e+00
3.340834e+00
3.344493e+00
3.348153e+00
3.351813e+00
3.355472e+00
3.359132e+00
3.362792e+00
3.366451e+00
3.370111e+00
3.373770e+00
3.377430e+00
3.381089e+00
3.384748e+00
3.388408e+00
3.392068e+00
3.395727e+00
3.399387e+00
3.403046e+00
3.406706e+00
3.410366e+00
3.414025e+00
3.417685e+00
3.421345e+00
3.425004e+00
3.428663e+00
3.432323e+00
3.435982e+00
3.439642e+00
3.443301e+00
3.446961e+00
3.450621e+00
3.454280e+00
3.457940e+00
3.461600e+00
3.465259e+00
3.468919e+00
3.472578e+00
3.476237e+00
3.479897e+00
3.483556e+00
3.487216e+00
3.490876e+00
3.494535e+00
3.498195e+00
3.501855e+00
3.505514e+00
3.509174e+00
3.512834e+00
3.516493e+00
3.520152e+00
3.523811e+00
3.527471e+00
3.531131e+00
3.534790e+00
3.538450e+00
3.542110e+00
3.545769e+00
3.549429e+00
3.553089e+00
3.556748e+00
3.560408e+00
3.564067e+00
3.567726e+00
3.571386e+00
3.575045e+00
3.578705e+00
3.582365e+00
3.586024e+00
3.589684e+00
3.593344e+00
3.597003e+00
3.600663e+00
3.604322e+00
3.607982e+00
3.611642e+00
3.615300e+00
3.618960e+00
3.622620e+00
3.626279e+00
3.629939e+00
3.633599e+00
3.637258e+00
3.640918e+00
3.644577e+00
3.648237e+00
3.651897e+00
3.655556e+00
3.659216e+00
3.662875e+00
3.666534e+00
3.670194e+00
3.673854e+00
3.677513e+00
3.681173e+00
3.684832e+00
3.688492e+00
3.692152e+00
3.695811e+00
3.699471e+00
3.703131e+00
3.706790e+00
3.710449e+00
3.714109e+00
3.717768e+00
3.721428e+00
3.725087e+00
3.728747e+00
3.732407e+00
3.736066e+00
3.739726e+00
3.743386e+00
3.747045e+00
3.750705e+00
3.754365e+00
3.758023e+00
3.761683e+00
3.765342e+00
3.769002e+00
3.772662e+00
3.776321e+00
3.779981e+00
3.783641e+00
3.787300e+00
3.790960e+00
3.794620e+00
3.798279e+00
3.801939e+00
3.805597e+00
3.809257e+00
3.812917e+00
3.816576e+00
3.820236e+00
3.823896e+00
3.827555e+00
3.831215e+00
3.834875e+00
3.838534e+00
3.842194e+00
3.845853e+00
3.849513e+00
3.853172e+00
3.856831e+00
3.860491e+00
3.864151e+00
3.867810e+00
3.871470e+00
3.875130e+00
3.878789e+00
3.882449e+00
3.886108e+00
3.889768e+00
3.893428e+00
3.897087e+00
3.900746e+00
3.904406e+00
3.908065e+00
3.911725e+00
3.915385e+00
3.919044e+00
3.922704e+00
3.926363e+00
3.930023e+00
3.933683e+00
3.937342e+00
3.941002e+00
3.944662e+00
3.948320e+00
3.951980e+00
3.955639e+00
3.959299e+00
3.962959e+00
3.966618e+00
3.970278e+00
3.973938e+00
3.977597e+00
3.981257e+00
3.984917e+00
3.988576e+00
3.992236e+00
3.995894e+00
3.999554e+00
4.003214e+00
4.006873e+00
4.010533e+00
4.014193e+00
4.017852e+00
4.021512e+00
4.025172e+00
4.028831e+00
4.032491e+00
4.036150e+00
4.039810e+00
4.043469e+00
4.047128e+00
4.050788e+00
4.054448e+00
4.058107e+00
4.061767e+00
4.065427e+00
4.069086e+00
4.072746e+00
4.076405e+00
4.080065e+00
4.083725e+00
4.087384e+00
4.091043e+00
4.094703e+00
4.098362e+00
4.102022e+00
4.105682e+00
4.109341e+00
4.113001e+00
4.116660e+00
4.120320e+00
4.123980e+00
4.127639e+00
4.131299e+00
4.134959e+00
4.138617e+00
4.142277e+00
4.145937e+00
4.149596e+00
4.153256e+00
4.156915e+00
4.160575e+00
4.164235e+00
4.167894e+00
4.171554e+00
4.175214e+00
4.178873e+00
4.182533e+00
4.186192e+00
4.189851e+00
4.193511e+00
4.197170e+00
4.200830e+00
4.204490e+00
4.208149e+00
4.211809e+00
4.215782e+00
4.219754e+00
4.223727e+00
4.227701e+00
4.231673e+00
4.235646e+00
4.239619e+00
4.243592e+00
4.247564e+00
4.251537e+00
4.255511e+00
4.259484e+00
4.263456e+00
4.267429e+00
4.271402e+00
4.275374e+00
4.279347e+00
4.283321e+00
4.287294e+00
4.291266e+00
4.295239e+00
4.299212e+00
4.303184e+00
4.307157e+00
4.311131e+00
4.315104e+00
4.319076e+00
4.323049e+00
4.327022e+00
4.330995e+00
4.334967e+00
4.338941e+00
4.342914e+00
4.346886e+00
4.350859e+00
4.354832e+00
4.358805e+00
4.362777e+00
4.366751e+00
4.370724e+00
4.374696e+00
4.378669e+00
4.382642e+00
4.386615e+00
4.390587e+00
4.394561e+00
4.398534e+00
4.402506e+00
4.406479e+00
4.410452e+00
4.414425e+00
4.418397e+00
4.422371e+00
4.426344e+00
4.430317e+00
4.434289e+00
4.438262e+00
4.442235e+00
4.446207e+00
4.450181e+00
4.454154e+00
4.458127e+00
4.462099e+00
4.466072e+00
4.470045e+00
4.474017e+00
4.477991e+00
4.481964e+00
4.485937e+00
4.489909e+00
4.493882e+00
4.497855e+00
4.501828e+00
4.505801e+00
4.509774e+00
4.513747e+00
4.517719e+00
4.521692e+00
4.525665e+00
4.529638e+00
4.533611e+00
4.537584e+00
4.541557e+00
4.545529e+00
4.549502e+00
4.553475e+00
4.557448e+00
4.561421e+00
4.565394e+00
4.569367e+00
4.573339e+00
4.577312e+00
4.581285e+00
4.585258e+00
4.589231e+00
4.593204e+00
4.597177e+00
4.601150e+00
4.605122e+00
4.609095e+00
4.613068e+00
4.617041e+00
4.621014e+00
4.624987e+00
4.628960e+00
4.632932e+00
4.636905e+00
4.640878e+00
4.644851e+00
4.648824e+00
4.652797e+00
4.656770e+00
4.660742e+00
4.664715e+00
4.668688e+00
4.672661e+00
4.676634e+00
4.680607e+00
4.684580e+00
4.688552e+00
4.692525e+00
4.696498e+00
4.700472e+00
4.704444e+00
4.708417e+00
4.712390e+00
4.716362e+00
4.720335e+00
4.724309e+00
4.728282e+00
4.732254e+00
4.736227e+00
4.740200e+00
4.744172e+00
4.748145e+00
4.752119e+00
4.756092e+00
4.760064e+00
4.764037e+00
4.768010e+00
4.771983e+00
4.775955e+00
4.779929e+00
4.783902e+00
4.787874e+00
4.791847e+00
4.795820e+00
4.799793e+00
4.803765e+00
4.807739e+00
4.811712e+00
4.815684e+00
4.819657e+00
4.823630e+00
4.827603e+00
4.831575e+00
4.835549e+00
4.839522e+00
4.843494e+00
4.847467e+00
4.851440e+00
4.855413e+00
4.859385e+00
4.863359e+00
4.867332e+00
4.871305e+00
4.875277e+00
4.879250e+00
4.883223e+00
4.887195e+00
4.891169e+00
4.895142e+00
4.899115e+00
4.903087e+00
4.907060e+00
4.911033e+00
4.915005e+00
4.918979e+00
4.922952e+00
4.926925e+00
4.930897e+00
4.934870e+00
4.938843e+00
4.942816e+00
4.946789e+00
4.950762e+00
4.954735e+00
4.958707e+00
4.962680e+00
4.966653e+00
4.970626e+00
4.974599e+00
4.978572e+00
4.982545e+00
4.986517e+00
4.990490e+00
4.994463e+00
4.998436e+00
5.002409e+00
5.006382e+00
5.010355e+00
5.014327e+00
5.018300e+00
5.022273e+00
5.026246e+00
5.030219e+00
5.034192e+00
5.038165e+00
5.042138e+00
5.046110e+00
5.050083e+00
5.054056e+00
5.058029e+00
5.062002e+00
5.065975e+00
5.069948e+00
5.073920e+00
5.077893e+00
5.081866e+00
5.085839e+00
5.089812e+00
5.093785e+00
5.097758e+00
5.101730e+00
5.105703e+00
5.109676e+00
5.113649e+00
5.117622e+00
5.121595e+00
5.125568e+00
5.129540e+00
5.133513e+00
5.137486e+00
5.141460e+00
5.145432e+00
5.149405e+00
5.153378e+00
5.157350e+00
5.161323e+00
5.165296e+00
5.169270e+00
5.173242e+00
5.177215e+00
5.181188e+00
5.185160e+00
5.189133e+00
5.193106e+00
5.197080e+00
5.201052e+00
5.205025e+00
5.208998e+00
5.212971e+00
5.216943e+00
5.220916e+00
5.224890e+00
5.228862e+00
5.232835e+00
5.236808e+00
5.240781e+00
5.244753e+00
5.248726e+00
5.252700e+00
5.256672e+00
5.260645e+00
5.264618e+00
5.268591e+00
5.272563e+00
5.276536e+00
5.280510e+00
5.284482e+00
5.288455e+00
5.292428e+00
5.296401e+00
5.300373e+00
5.304346e+00
5.308320e+00
5.312293e+00
5.316265e+00
5.320238e+00
5.324211e+00
5.328183e+00
5.332156e+00
5.336130e+00
5.340103e+00
5.344075e+00
5.348048e+00
5.352021e+00
5.355993e+00
5.359966e+00
5.363940e+00
5.367913e+00
5.371885e+00
5.375858e+00
5.379831e+00
5.383803e+00
5.387776e+00
5.391750e+00
5.395723e+00
5.399695e+00
5.403668e+00
5.407641e+00
5.411614e+00
5.415586e+00
5.419560e+00
5.423533e+00
5.427505e+00
5.431478e+00
5.435451e+00
5.439424e+00
5.443396e+00
5.447370e+00
5.451343e+00
5.455315e+00
5.459288e+00
5.463261e+00
5.467234e+00
5.471206e+00
5.475180e+00
5.479153e+00
5.483126e+00
5.487098e+00
5.491071e+00
5.495044e+00
5.499016e+00
5.502990e+00
5.506963e+00
5.510936e+00
5.514908e+00
5.518881e+00
5.522854e+00
5.526826e+00
5.530800e+00
5.534773e+00
5.538746e+00
5.542718e+00
5.546691e+00
5.550664e+00
5.554636e+00
5.558610e+00
5.562583e+00
5.566556e+00
5.570528e+00
5.574501e+00
5.578474e+00
5.582447e+00
5.586420e+00
5.590393e+00
5.594366e+00
5.598338e+00
5.602311e+00
5.606284e+00
5.610257e+00
5.614230e+00
5.618203e+00
5.622176e+00
5.626148e+00
5.630121e+00
5.634094e+00
5.638067e+00
5.642040e+00
5.646013e+00
5.649986e+00
5.653958e+00
5.657931e+00
5.661904e+00
5.665877e+00
5.669850e+00
5.673823e+00
5.677796e+00
5.681769e+00
5.685741e+00
5.689714e+00
5.693687e+00
5.697660e+00
5.701633e+00
5.705606e+00
5.709579e+00
5.713551e+00
5.717524e+00
5.721498e+00
5.725470e+00
5.729443e+00
5.733416e+00
5.737389e+00
5.741361e+00
5.745334e+00
5.749308e+00
5.753281e+00
5.757253e+00
5.761226e+00
5.765199e+00
5.769171e+00
5.773144e+00
5.777118e+00
5.781091e+00
5.785063e+00
5.789036e+00
5.793009e+00
5.796981e+00
5.800954e+00
5.804928e+00
5.808901e+00
5.812873e+00
5.816846e+00
5.820819e+00
5.824791e+00
5.828764e+00
5.832738e+00
5.836711e+00
5.840683e+00
5.844656e+00
5.848629e+00
5.852602e+00
5.856574e+00
5.860548e+00
5.864521e+00
5.868493e+00
5.872466e+00
5.876439e+00
5.880412e+00
5.884384e+00
5.888358e+00
5.892331e+00
5.896303e+00
5.900276e+00
5.904249e+00
5.908222e+00
5.912194e+00
5.916168e+00
5.920141e+00
5.924113e+00
5.928086e+00
5.932059e+00
5.936032e+00
5.940004e+00
5.943978e+00
5.947951e+00
5.951924e+00
5.955896e+00
5.959869e+00
5.963842e+00
5.967814e+00
5.971788e+00
5.975761e+00
5.979734e+00
5.983706e+00
5.987679e+00
5.991652e+00
5.995624e+00
5.999598e+00
6.003571e+00
6.007544e+00
6.011516e+00
6.015489e+00
6.019462e+00
6.023435e+00
6.027408e+00
6.031381e+00
6.035354e+00
6.039326e+00
6.043299e+00
6.047272e+00
6.051245e+00
6.055218e+00
6.059191e+00
6.063164e+00
6.067136e+00
6.071109e+00
6.075082e+00
6.079055e+00
6.083028e+00
6.087001e+00
6.090974e+00
6.094946e+00
6.098919e+00
6.102892e+00
6.106865e+00
6.110838e+00
6.114811e+00
6.118784e+00
6.122757e+00
6.126729e+00
6.130702e+00
6.134675e+00
6.138648e+00
6.142621e+00
6.146594e+00
6.150567e+00
6.154539e+00
6.158512e+00
6.162485e+00
6.166458e+00
6.170431e+00
6.174404e+00
6.178377e+00
6.182349e+00
6.186322e+00
6.190295e+00
6.194268e+00
6.198241e+00
6.202214e+00
6.206187e+00
6.208432e+00
6.210678e+00
6.212923e+00
6.215169e+00
6.217414e+00
6.219660e+00
6.221905e+00
6.224150e+00
6.226396e+00
6.228642e+00
6.230887e+00
6.233132e+00
6.235378e+00
6.237624e+00
6.239869e+00
6.242114e+00
6.244360e+00
6.246606e+00
6.248851e+00
6.251096e+00
6.253342e+00
6.255587e+00
6.257833e+00
6.260078e+00
6.262324e+00
6.264569e+00
6.266815e+00
6.269061e+00
6.271305e+00
6.273551e+00
6.275797e+00
6.278043e+00
6.280287e+00
6.282533e+00
6.284779e+00
6.287024e+00
6.289269e+00
6.291515e+00
6.293761e+00
6.296006e+00
6.298252e+00
6.300497e+00
6.302743e+00
6.304988e+00
6.307234e+00
6.309479e+00
6.311724e+00
6.313970e+00
6.316216e+00
6.318461e+00
6.320706e+00
6.322952e+00
6.325198e+00
6.327443e+00
6.329688e+00
6.331934e+00
6.334180e+00
6.336425e+00
6.338670e+00
6.340916e+00
6.343161e+00
6.345407e+00
6.347652e+00
6.349898e+00
6.352143e+00
6.354389e+00
6.356635e+00
6.358879e+00
6.361125e+00
6.363371e+00
6.365617e+00
6.367861e+00
6.370107e+00
6.372353e+00
6.374598e+00
6.376843e+00
6.379089e+00
6.381335e+00
6.383580e+00
6.385826e+00
6.388071e+00
6.390317e+00
6.392562e+00
6.394808e+00
6.397053e+00
6.399298e+00
6.401544e+00
6.403790e+00
6.406035e+00
6.408280e+00
6.410526e+00
6.412772e+00
6.415017e+00
6.417262e+00
6.419508e+00
6.421754e+00
6.423999e+00
6.426244e+00
6.428490e+00
6.430735e+00
6.432981e+00
6.435226e+00
6.437472e+00
6.439717e+00
6.441963e+00
6.444209e+00
6.446453e+00
6.448699e+00
6.450945e+00
6.453191e+00
6.455435e+00
6.457681e+00
6.459927e+00
6.462172e+00
6.464417e+00
6.466663e+00
6.468909e+00
6.471154e+00
6.473400e+00
6.475645e+00
6.477891e+00
6.480136e+00
6.482382e+00
6.484627e+00
6.486872e+00
6.489118e+00
6.491364e+00
6.493609e+00
6.495854e+00
6.498100e+00
6.500346e+00
6.502591e+00
6.504836e+00
6.507082e+00
6.509328e+00
6.511573e+00
6.513818e+00
6.516064e+00
6.518309e+00
6.520555e+00
6.522800e+00
6.525046e+00
6.527291e+00
6.529537e+00
6.531783e+00
6.534027e+00
6.536273e+00
6.538519e+00
6.540765e+00
6.543009e+00
6.545255e+00
6.547501e+00
6.549746e+00
6.551991e+00
6.554237e+00
6.556483e+00
6.558728e+00
6.560974e+00
6.563219e+00
6.565464e+00
6.567710e+00
6.569956e+00
6.572201e+00
6.574446e+00
6.576692e+00
6.578938e+00
6.581183e+00
6.583428e+00
6.585674e+00
6.587920e+00
6.590165e+00
6.592410e+00
6.594656e+00
6.596902e+00
6.599147e+00
6.601392e+00
6.603638e+00
6.605883e+00
6.608129e+00
6.610374e+00
6.612620e+00
6.614865e+00
6.617111e+00
6.619357e+00
6.621601e+00
6.623847e+00
6.626093e+00
6.628339e+00
6.630583e+00
6.632829e+00
6.635075e+00
6.637320e+00
6.639565e+00
6.641811e+00
6.644057e+00
6.646302e+00
6.648548e+00
6.650793e+00
6.653038e+00
6.655284e+00
6.657530e+00
6.659775e+00
6.662020e+00
6.664266e+00
6.666512e+00
6.668757e+00
6.671002e+00
6.673248e+00
6.675494e+00
6.677739e+00
6.679984e+00
6.682230e+00
6.684476e+00
6.686721e+00
6.688966e+00
6.691212e+00
6.693457e+00
6.695703e+00
6.697948e+00
6.700194e+00
6.702439e+00
6.704685e+00
6.706931e+00
6.709175e+00
6.711421e+00
6.713667e+00
6.715913e+00
6.718157e+00
6.720403e+00
6.722649e+00
6.724894e+00
6.727139e+00
6.729385e+00
6.731631e+00
6.733876e+00
6.736122e+00
6.738367e+00
6.740612e+00
6.742858e+00
6.745104e+00
6.747349e+00
6.749594e+00
6.751840e+00
6.754086e+00
6.756331e+00
6.758576e+00
6.760822e+00
6.763068e+00
6.765313e+00
6.767558e+00
6.769804e+00
6.772050e+00
6.774295e+00
6.776540e+00
6.778786e+00
6.781031e+00
6.783277e+00
6.785523e+00
6.787768e+00
6.790013e+00
6.792259e+00
6.794505e+00
6.796749e+00
6.798995e+00
6.801241e+00
6.803487e+00
6.805731e+00
6.807977e+00
6.810223e+00
6.812468e+00
6.814714e+00
6.816959e+00
6.819205e+00
6.821450e+00
6.823696e+00
6.825941e+00
6.828186e+00
6.830432e+00
6.832678e+00
6.834923e+00
6.837168e+00
6.839414e+00
6.841660e+00
6.843905e+00
6.846150e+00
6.848396e+00
6.850642e+00
6.852887e+00
6.855132e+00
6.857378e+00
6.859624e+00
6.861869e+00
6.864114e+00
6.866360e+00
6.868605e+00
6.870851e+00
6.873097e+00
6.875342e+00
6.877587e+00
6.879833e+00
6.882079e+00
6.884323e+00
6.886569e+00
6.888815e+00
6.891061e+00
6.893305e+00
6.895551e+00
6.897797e+00
6.900042e+00
6.902288e+00
6.904533e+00
6.906779e+00
6.909024e+00
6.911270e+00
6.913515e+00
6.915760e+00
6.918006e+00
6.920252e+00
6.922497e+00
6.924742e+00
6.926988e+00
6.929234e+00
6.931479e+00
6.933724e+00
6.935970e+00
6.938216e+00
6.940461e+00
6.942706e+00
6.944952e+00
6.947198e+00
6.949443e+00
6.951688e+00
6.953934e+00
6.956179e+00
6.958425e+00
6.960671e+00
6.962916e+00
6.965161e+00
6.967407e+00
6.969653e+00
6.971897e+00
6.974143e+00
6.976389e+00
6.978635e+00
6.980879e+00
6.983125e+00
6.985371e+00
6.987616e+00
6.989862e+00
6.992107e+00
6.994353e+00
6.996598e+00
6.998844e+00
7.001089e+00
7.003334e+00
7.005580e+00
7.007826e+00
7.010071e+00
7.012316e+00
7.014562e+00
7.016808e+00
7.019053e+00
7.021298e+00
7.023544e+00
7.025790e+00
7.028035e+00
7.030280e+00
7.032526e+00
7.034771e+00
7.037017e+00
7.039262e+00
7.041508e+00
7.043753e+00
7.045999e+00
7.048245e+00
7.050490e+00
7.052735e+00
7.054981e+00
7.057227e+00
7.059471e+00
7.061717e+00
7.063963e+00
7.066209e+00
7.068453e+00
7.070699e+00
7.072945e+00
7.075190e+00
7.077436e+00
7.079681e+00
7.081927e+00
7.084172e+00
7.086418e+00
7.088663e+00
7.090908e+00
7.093154e+00
7.095400e+00
7.097645e+00
7.099890e+00
7.102136e+00
7.104382e+00
7.106627e+00
7.108872e+00
7.111118e+00
7.113364e+00
7.115609e+00
7.117854e+00
7.120100e+00
7.122345e+00
7.124591e+00
7.126836e+00
7.129082e+00
7.131327e+00
7.133573e+00
7.135819e+00
7.138064e+00
7.140309e+00
7.142555e+00
7.144801e+00
7.147045e+00
7.149291e+00
7.151537e+00
7.153783e+00
7.156027e+00
7.158273e+00
7.160519e+00
7.162764e+00
7.165010e+00
7.167255e+00
7.169501e+00
7.171746e+00
7.173992e+00
7.176237e+00
7.178482e+00
7.180728e+00
7.182974e+00
7.185219e+00
7.187464e+00
7.189710e+00
7.191956e+00
7.194201e+00
7.196446e+00
7.198692e+00
7.200938e+00
7.203183e+00
7.205428e+00
7.207674e+00
7.209919e+00
7.212165e+00
7.214410e+00
7.216656e+00
7.218901e+00
7.221147e+00
7.223393e+00
7.225638e+00
7.227883e+00
7.230129e+00
7.232375e+00
7.234619e+00
7.236865e+00
7.239111e+00
7.241357e+00
7.243601e+00
7.245847e+00
7.248093e+00
7.250338e+00
7.252584e+00
7.254829e+00
7.257075e+00
7.259320e+00
7.261566e+00
7.263811e+00
7.266056e+00
7.268302e+00
7.270548e+00
7.272793e+00
7.275038e+00
7.277284e+00
7.279530e+00
7.281775e+00
7.284020e+00
7.286266e+00
7.288512e+00
7.290757e+00
7.293002e+00
7.295248e+00
7.297493e+00
7.299739e+00
7.301984e+00
7.304230e+00
7.306475e+00
7.308721e+00
7.310967e+00
7.313211e+00
7.315457e+00
7.317703e+00
7.319949e+00
7.322193e+00
7.324439e+00
7.326685e+00
7.328931e+00
7.331175e+00
7.333421e+00
7.335667e+00
7.337760e+00
7.339855e+00
7.341949e+00
7.344044e+00
7.346137e+00
7.348232e+00
7.350326e+00
7.352421e+00
7.354514e+00
7.356609e+00
7.358703e+00
7.360796e+00
7.362891e+00
7.364985e+00
7.367080e+00
7.369173e+00
7.371268e+00
7.373362e+00
7.375457e+00
7.377550e+00
7.379644e+00
7.381739e+00
7.383833e+00
7.385927e+00
7.388021e+00
7.390116e+00
7.392209e+00
7.394304e+00
7.396398e+00
7.398493e+00
7.400586e+00
7.402680e+00
7.404775e+00
7.406869e+00
7.408963e+00
7.411057e+00
7.413152e+00
7.415245e+00
7.417340e+00
7.419434e+00
7.421529e+00
7.423622e+00
7.425716e+00
7.427811e+00
7.429905e+00
7.431999e+00
7.434093e+00
7.436188e+00
7.438282e+00
7.440376e+00
7.442470e+00
7.444564e+00
7.446658e+00
7.448752e+00
7.450847e+00
7.452941e+00
7.455035e+00
7.457129e+00
7.459224e+00
7.461318e+00
7.463412e+00
7.465506e+00
7.467600e+00
7.469695e+00
7.471788e+00
7.473883e+00
7.475977e+00
7.478071e+00
7.480165e+00
7.482260e+00
7.484354e+00
7.486447e+00
7.488542e+00
7.490636e+00
7.492731e+00
7.494824e+00
7.496919e+00
7.499013e+00
7.501107e+00
7.503201e+00
7.505296e+00
7.507390e+00
7.509483e+00
7.511578e+00
7.513672e+00
7.515767e+00
7.517860e+00
7.519955e+00
7.522049e+00
7.524144e+00
7.526237e+00
7.528332e+00
7.530426e+00
7.532519e+00
7.534614e+00
7.536708e+00
7.538803e+00
7.540896e+00
7.542991e+00
7.545085e+00
7.547180e+00
7.549273e+00
7.551367e+00
7.553462e+00
7.555556e+00
7.557650e+00
7.559744e+00
7.561839e+00
7.563932e+00
7.566027e+00
7.568121e+00
7.570216e+00
7.572309e+00
7.574403e+00
7.576498e+00
7.578592e+00
7.580686e+00
7.582780e+00
7.584875e+00
7.586969e+00
7.589063e+00
7.591157e+00
7.593252e+00
7.595345e+00
7.597439e+00
7.599534e+00
7.601628e+00
7.603722e+00
7.605816e+00
7.607911e+00
7.610005e+00
7.612099e+00
7.614193e+00
7.616287e+00
7.618381e+00
7.620475e+00
7.622570e+00
7.624664e+00
7.626758e+00
7.628852e+00
7.630947e+00
7.633041e+00
7.635135e+00
7.637229e+00
7.639323e+00
7.641418e+00
7.643511e+00
7.645606e+00
7.647700e+00
7.649794e+00
7.651888e+00
7.653983e+00
7.656077e+00
7.658170e+00
7.660265e+00
7.662359e+00
7.664454e+00
7.666547e+00
7.668642e+00
7.670736e+00
7.672831e+00
7.674924e+00
7.677019e+00
7.679113e+00
7.681206e+00
7.683301e+00
7.685395e+00
7.687490e+00
7.689583e+00
7.691678e+00
7.693772e+00
7.695867e+00
7.697960e+00
7.700055e+00
7.702149e+00
7.704243e+00
7.706337e+00
7.708431e+00
7.710526e+00
7.712619e+00
7.714714e+00
7.716808e+00
7.718903e+00
7.720996e+00
7.723090e+00
7.725185e+00
7.727279e+00
7.729373e+00
7.731467e+00
7.733562e+00
7.735655e+00
7.737750e+00
7.739844e+00
7.741939e+00
7.744032e+00
7.746126e+00
7.748221e+00
7.750315e+00
7.752409e+00
7.754503e+00
7.756598e+00
7.758692e+00
7.760786e+00
7.762880e+00
7.764975e+00
7.767068e+00
7.769162e+00
7.771257e+00
7.773351e+00
7.775445e+00
7.777539e+00
7.779634e+00
7.781728e+00
7.783822e+00
7.785916e+00
7.788010e+00
7.790105e+00
7.792198e+00
7.794293e+00
7.796387e+00
7.798481e+00
7.800575e+00
7.802670e+00
7.804764e+00
7.806858e+00
7.808952e+00
7.811046e+00
7.813141e+00
7.815234e+00
7.817329e+00
7.819423e+00
7.821517e+00
7.823611e+00
7.825706e+00
7.827800e+00
7.829894e+00
7.831988e+00
7.834082e+00
7.836177e+00
7.838270e+00
7.840365e+00
7.842459e+00
7.844554e+00
7.846647e+00
7.848742e+00
7.850836e+00
7.852929e+00
7.855024e+00
7.857118e+00
7.859213e+00
7.861306e+00
7.863401e+00
7.865495e+00
7.867590e+00
7.869683e+00
7.871778e+00
7.873872e+00
7.875966e+00
7.878060e+00
7.880154e+00
7.882249e+00
7.884342e+00
7.886437e+00
7.888531e+00
7.890626e+00
7.892719e+00
7.894813e+00
7.896908e+00
7.899002e+00
7.901096e+00
7.903190e+00
7.905285e+00
7.907379e+00
7.909473e+00
7.911567e+00
7.913662e+00
7.915755e+00
7.917849e+00
7.919944e+00
7.922038e+00
7.924132e+00
7.926226e+00
7.928321e+00
7.930415e+00
7.932509e+00
7.934603e+00
7.936698e+00
7.938791e+00
7.940885e+00
7.942980e+00
7.945074e+00
7.947168e+00
7.949262e+00
7.951357e+00
7.953451e+00
7.955545e+00
7.957639e+00
7.959733e+00
7.961828e+00
7.963921e+00
7.966016e+00
7.968110e+00
7.970204e+00
7.972298e+00
7.974393e+00
7.976487e+00
7.978581e+00
7.980675e+00
7.982769e+00
7.984864e+00
7.986957e+00
7.989052e+00
7.991146e+00
7.993241e+00
7.995334e+00
7.997429e+00
7.999523e+00
8.001617e+00
8.003711e+00
8.005805e+00
8.007900e+00
8.009993e+00
8.012088e+00
8.014182e+00
8.016277e+00
8.018370e+00
8.020465e+00
8.022559e+00
8.024653e+00
8.026747e+00
8.028841e+00
8.030936e+00
8.033029e+00
8.035124e+00
8.037218e+00
8.039313e+00
8.041406e+00
8.043501e+00
8.045595e+00
8.047689e+00
8.049783e+00
8.051877e+00
8.053972e+00
8.056065e+00
8.058160e+00
8.060254e+00
8.062349e+00
8.064442e+00
8.066537e+00
8.068631e+00
8.070725e+00
8.072819e+00
8.074913e+00
8.077008e+00
8.079102e+00
8.081196e+00
8.083290e+00
8.085385e+00
8.087478e+00
8.089572e+00
8.091667e+00
8.093761e+00
8.095855e+00
8.097949e+00
8.100044e+00
8.102138e+00
8.104232e+00
8.106326e+00
8.108421e+00
8.110515e+00
8.112608e+00
8.114703e+00
8.116797e+00
8.118891e+00
8.120985e+00
8.123080e+00
8.125174e+00
8.127268e+00
8.129362e+00
8.131456e+00
8.133551e+00
8.135644e+00
8.137739e+00
8.139833e+00
8.141928e+00
8.144021e+00
8.146116e+00
8.148210e+00
8.150304e+00
8.152398e+00
8.154492e+00
8.156587e+00
8.158680e+00
8.160775e+00
8.162869e+00
8.164964e+00
8.167057e+00
8.169152e+00
8.171246e+00
8.173340e+00
8.175434e+00
8.177528e+00
8.179623e+00
8.181716e+00
8.183811e+00
8.185905e+00
8.188000e+00
8.190093e+00
8.192188e+00
8.194282e+00
8.196376e+00
8.198470e+00
8.200564e+00
8.202659e+00
8.204752e+00
8.206847e+00
8.208941e+00
8.211036e+00
8.213129e+00
8.215224e+00
8.217318e+00
8.219412e+00
8.221506e+00
8.223600e+00
8.225695e+00
8.227789e+00
8.229883e+00
8.231977e+00
8.234072e+00
8.236165e+00
8.238260e+00
8.240354e+00
8.242448e+00
8.244542e+00
8.246636e+00
8.248731e+00
8.250825e+00
8.252919e+00
8.255013e+00
8.257108e+00
8.259202e+00
8.261295e+00
8.263390e+00
8.265484e+00
8.267578e+00
8.269672e+00
8.271767e+00
8.273861e+00
8.275955e+00
8.278049e+00
8.280144e+00
8.282238e+00
8.284331e+00
8.286426e+00
8.288520e+00
8.290614e+00
8.292708e+00
8.294803e+00
8.296897e+00
8.298991e+00
8.301085e+00
8.303179e+00
8.305274e+00
8.307367e+00
8.309462e+00
8.311556e+00
8.313651e+00
8.315744e+00
8.317839e+00
8.319933e+00
8.322027e+00
8.324121e+00
8.326215e+00
8.328310e+00
8.330403e+00
8.332498e+00
8.334592e+00
8.336687e+00
8.338780e+00
8.340875e+00
8.342969e+00
