5.364333e-04
5.807918e-04
6.251505e-04
6.695090e-04
7.138675e-04
7.582262e-04
8.025847e-04
8.469432e-04
8.913018e-04
9.356603e-04
9.800188e-04
1.024378e-03
1.068736e-03
1.113095e-03
1.157453e-03
1.201812e-03
1.246170e-03
1.290529e-03
1.334887e-03
1.379246e-03
1.423604e-03
1.467963e-03
1.512322e-03
1.556680e-03
1.601039e-03
1.645397e-03
1.689756e-03
1.734114e-03
1.778473e-03
1.822831e-03
1.867190e-03
1.982506e-03
2.097821e-03
2.213136e-03
2.328452e-03
2.443768e-03
2.559083e-03
2.674398e-03
2.789714e-03
2.905030e-03
3.020345e-03
3.135660e-03
3.250976e-03
3.366291e-03
3.481607e-03
3.596922e-03
3.712238e-03
3.827554e-03
3.942869e-03
4.058185e-03
4.173500e-03
4.235720e-03
4.297940e-03
4.360160e-03
4.422380e-03
4.484600e-03
4.546820e-03
4.609040e-03
4.671260e-03
4.733480e-03
4.795700e-03
4.857920e-03
4.920140e-03
4.982360e-03
5.044580e-03
5.106800e-03
5.169020e-03
5.231240e-03
5.293460e-03
5.264641e-03
5.417900e-03
5.571159e-03
5.724418e-03
5.877677e-03
6.030936e-03
6.184194e-03
6.337453e-03
6.490712e-03
6.643971e-03
6.797230e-03
6.950489e-03
7.103748e-03
7.257007e-03
7.410266e-03
7.563524e-03
7.716783e-03
7.870042e-03
8.023301e-03
8.176560e-03
8.329819e-03
8.483078e-03
8.636337e-03
8.789596e-03
8.942854e-03
9.096113e-03
9.249372e-03
9.402631e-03
9.555890e-03
9.709149e-03
9.862408e-03
1.001567e-02
1.013047e-02
1.024527e-02
1.036008e-02
1.047488e-02
1.058968e-02
1.070449e-02
1.081929e-02
1.093409e-02
1.104890e-02
1.116370e-02
1.127850e-02
1.139331e-02
1.150811e-02
1.162291e-02
1.173772e-02
1.185252e-02
1.196732e-02
1.208213e-02
1.219693e-02
1.231173e-02
1.242654e-02
1.254134e-02
1.265614e-02
1.277095e-02
1.288575e-02
1.300055e-02
1.311536e-02
1.323016e-02
1.334496e-02
1.345977e-02
1.357457e-02
1.368937e-02
1.380418e-02
1.391898e-02
1.403378e-02
1.414859e-02
1.426339e-02
1.437819e-02
1.449300e-02
1.460780e-02
1.472260e-02
1.483741e-02
1.495221e-02
1.506701e-02
1.518182e-02
1.529662e-02
1.541142e-02
1.552623e-02
1.564103e-02
1.575583e-02
1.590150e-02
1.604716e-02
1.619282e-02
1.633849e-02
1.648415e-02
1.662981e-02
1.677548e-02
1.692114e-02
1.706680e-02
1.721247e-02
1.735813e-02
1.750379e-02
1.764946e-02
1.779512e-02
1.794078e-02
1.808645e-02
1.823211e-02
1.837777e-02
1.852344e-02
1.866910e-02
1.881476e-02
1.896043e-02
1.910609e-02
1.925175e-02
1.939742e-02
1.954308e-02
1.968874e-02
1.983441e-02
1.998007e-02
2.012573e-02
2.027140e-02
2.041706e-02
2.056272e-02
2.070839e-02
2.085405e-02
2.099971e-02
2.114538e-02
2.129104e-02
2.143670e-02
2.158237e-02
2.172803e-02
2.187369e-02
2.201936e-02
2.216502e-02
2.231068e-02
2.245635e-02
2.260201e-02
2.274767e-02
2.289334e-02
2.303900e-02
2.303528e-02
2.303155e-02
2.302783e-02
2.302411e-02
2.302038e-02
2.301666e-02
2.301294e-02
2.300921e-02
2.300549e-02
2.300177e-02
2.299804e-02
2.299432e-02
2.299060e-02
2.298687e-02
2.298315e-02
2.297943e-02
2.297570e-02
2.297198e-02
2.296826e-02
2.296453e-02
2.296081e-02
2.295709e-02
2.295336e-02
2.294964e-02
2.294592e-02
2.294219e-02
2.293847e-02
2.293475e-02
2.293102e-02
2.292730e-02
2.292358e-02
2.291985e-02
2.291613e-02
2.291241e-02
2.290868e-02
2.290496e-02
2.290124e-02
2.289751e-02
2.289379e-02
2.289007e-02
2.288634e-02
2.288262e-02
2.287890e-02
2.287517e-02
2.287145e-02
2.286773e-02
2.286400e-02
2.286028e-02
2.285656e-02
2.285283e-02
2.284911e-02
2.284539e-02
2.284166e-02
2.283794e-02
2.283422e-02
2.283049e-02
2.282677e-02
2.282305e-02
2.281932e-02
2.281560e-02
2.281188e-02
2.280815e-02
2.280443e-02
2.280071e-02
2.279698e-02
2.279326e-02
2.278954e-02
2.278581e-02
2.278209e-02
2.277837e-02
2.277464e-02
2.277092e-02
2.276720e-02
2.276347e-02
2.275975e-02
2.275603e-02
2.275230e-02
2.274858e-02
2.274486e-02
2.274113e-02
2.273741e-02
2.273369e-02
2.272996e-02
2.272624e-02
2.272252e-02
2.271879e-02
2.271507e-02
2.271135e-02
2.270762e-02
2.270390e-02
2.270018e-02
2.269645e-02
2.269273e-02
2.268901e-02
2.268528e-02
2.268156e-02
2.267784e-02
2.267411e-02
2.267039e-02
2.266667e-02
2.276511e-02
2.286355e-02
2.296199e-02
2.306043e-02
2.315887e-02
2.325732e-02
2.335576e-02
2.345420e-02
2.355264e-02
2.365108e-02
2.374953e-02
2.384797e-02
2.394641e-02
2.404485e-02
2.414329e-02
2.424173e-02
2.434018e-02
2.443862e-02
2.453706e-02
2.463550e-02
2.473394e-02
2.483238e-02
2.493083e-02
2.502927e-02
2.512771e-02
2.522615e-02
2.532459e-02
2.542303e-02
2.552147e-02
2.561992e-02
2.571836e-02
2.581680e-02
2.591524e-02
2.601368e-02
2.611212e-02
2.621057e-02
2.630901e-02
2.640745e-02
2.650589e-02
2.660433e-02
2.670278e-02
2.680122e-02
2.689966e-02
2.699810e-02
2.709654e-02
2.719498e-02
2.729342e-02
2.739187e-02
2.749031e-02
2.758875e-02
2.768719e-02
2.778563e-02
2.788407e-02
2.798252e-02
2.808096e-02
2.817940e-02
2.827784e-02
2.837628e-02
2.847472e-02
2.857317e-02
2.867161e-02
2.877005e-02
2.886849e-02
2.896693e-02
2.906538e-02
2.916382e-02
2.926226e-02
2.936070e-02
2.945914e-02
2.955758e-02
2.965602e-02
2.975447e-02
2.985291e-02
2.995135e-02
3.004979e-02
3.014823e-02
3.024667e-02
3.034512e-02
3.044356e-02
3.054200e-02
3.064044e-02
3.073888e-02
3.083733e-02
3.093577e-02
3.103421e-02
3.113265e-02
3.123109e-02
3.132953e-02
3.142797e-02
3.152642e-02
3.162486e-02
3.172330e-02
3.182174e-02
3.192018e-02
3.201863e-02
3.211707e-02
3.221551e-02
3.231395e-02
3.241239e-02
3.251083e-02
3.263448e-02
3.275813e-02
3.288177e-02
3.300542e-02
3.312907e-02
3.325271e-02
3.337636e-02
3.350001e-02
3.362365e-02
3.374730e-02
3.387095e-02
3.399459e-02
3.411824e-02
3.424189e-02
3.436553e-02
3.448918e-02
3.461283e-02
3.473647e-02
3.486012e-02
3.498377e-02
3.510741e-02
3.523106e-02
3.535471e-02
3.547835e-02
3.560200e-02
3.572565e-02
3.584929e-02
3.597294e-02
3.609659e-02
3.622023e-02
3.634388e-02
3.646753e-02
3.659117e-02
3.671482e-02
3.683847e-02
3.696211e-02
3.708576e-02
3.720941e-02
3.733305e-02
3.745670e-02
3.758035e-02
3.770399e-02
3.782764e-02
3.795129e-02
3.807493e-02
3.819858e-02
3.832223e-02
3.844587e-02
3.856952e-02
3.869317e-02
3.881681e-02
3.894046e-02
3.906411e-02
3.918775e-02
3.931140e-02
3.943505e-02
3.955869e-02
3.968234e-02
3.980599e-02
3.992963e-02
4.005328e-02
4.017693e-02
4.030057e-02
4.042422e-02
4.054787e-02
4.067151e-02
4.079516e-02
4.091881e-02
4.104245e-02
4.116610e-02
4.128975e-02
4.141339e-02
4.153704e-02
4.166069e-02
4.178433e-02
4.190798e-02
4.203163e-02
4.215527e-02
4.227892e-02
4.240257e-02
4.252621e-02
4.264986e-02
4.277351e-02
4.289715e-02
4.302080e-02
4.314445e-02
4.326809e-02
4.339174e-02
4.351539e-02
4.363903e-02
4.376268e-02
4.388633e-02
4.400997e-02
4.413362e-02
4.425727e-02
4.438091e-02
4.450456e-02
4.462821e-02
4.475185e-02
4.487550e-02
4.499915e-02
4.512279e-02
4.524644e-02
4.537009e-02
4.549373e-02
4.561738e-02
4.574103e-02
4.586467e-02
4.598832e-02
4.611197e-02
4.623561e-02
4.635926e-02
4.648291e-02
4.660655e-02
4.673020e-02
4.685385e-02
4.697749e-02
4.710114e-02
4.722479e-02
4.734843e-02
4.747208e-02
4.759573e-02
4.771937e-02
4.784302e-02
4.796667e-02
4.809031e-02
4.821396e-02
4.833761e-02
4.846125e-02
4.858490e-02
4.870855e-02
4.883219e-02
4.895584e-02
4.907949e-02
4.920313e-02
4.932678e-02
4.945043e-02
4.957407e-02
4.969772e-02
4.982137e-02
4.994501e-02
5.006866e-02
5.019231e-02
5.031595e-02
5.043960e-02
5.056325e-02
5.068689e-02
5.081054e-02
5.093419e-02
5.105783e-02
5.118148e-02
5.130513e-02
5.142877e-02
5.155242e-02
5.167607e-02
5.179971e-02
5.192336e-02
5.204701e-02
5.217065e-02
5.229430e-02
5.241795e-02
5.254159e-02
5.266524e-02
5.278889e-02
5.291253e-02
5.303618e-02
5.315983e-02
5.328347e-02
5.340712e-02
5.353077e-02
5.365441e-02
5.377806e-02
5.390171e-02
5.402535e-02
5.414900e-02
5.427265e-02
5.439629e-02
5.451994e-02
5.464359e-02
5.476723e-02
5.489088e-02
5.501453e-02
5.513817e-02
5.526182e-02
5.538547e-02
5.550911e-02
5.563276e-02
5.575641e-02
5.588005e-02
5.600370e-02
5.612735e-02
5.625099e-02
5.637464e-02
5.649829e-02
5.662193e-02
5.674558e-02
5.686923e-02
5.699287e-02
5.711652e-02
5.724017e-02
5.744319e-02
5.764622e-02
5.784924e-02
5.805227e-02
5.825529e-02
5.845832e-02
5.866134e-02
5.886437e-02
5.906739e-02
5.927042e-02
5.947344e-02
5.967647e-02
5.987949e-02
6.008252e-02
6.028554e-02
6.048857e-02
6.069159e-02
6.089462e-02
6.109764e-02
6.130067e-02
6.150369e-02
6.170672e-02
6.190974e-02
6.211277e-02
6.231579e-02
6.251882e-02
6.272184e-02
6.292487e-02
6.312789e-02
6.333092e-02
6.353394e-02
6.373697e-02
6.393999e-02
6.414302e-02
6.434604e-02
6.454907e-02
6.475209e-02
6.495512e-02
6.515814e-02
6.536117e-02
6.556419e-02
6.576722e-02
6.597024e-02
6.617327e-02
6.637629e-02
6.657932e-02
6.678234e-02
6.698537e-02
6.718839e-02
6.739142e-02
6.759444e-02
6.779747e-02
6.800049e-02
6.820352e-02
6.840654e-02
6.860957e-02
6.881259e-02
6.901562e-02
6.921864e-02
6.942167e-02
6.962469e-02
6.982772e-02
7.003074e-02
7.023377e-02
7.043679e-02
7.063982e-02
7.084284e-02
7.104587e-02
7.124889e-02
7.145192e-02
7.165494e-02
7.185797e-02
7.206099e-02
7.226402e-02
7.246704e-02
7.267007e-02
7.287309e-02
7.307612e-02
7.327914e-02
7.348217e-02
7.368519e-02
7.388822e-02
7.409124e-02
7.429427e-02
7.449729e-02
7.470032e-02
7.490334e-02
7.510637e-02
7.530939e-02
7.551242e-02
7.571544e-02
7.591847e-02
7.612149e-02
7.632452e-02
7.652754e-02
7.673057e-02
7.693359e-02
7.713662e-02
7.733964e-02
7.754267e-02
7.853412e-02
7.952557e-02
8.051702e-02
8.150847e-02
8.249992e-02
8.349137e-02
8.448282e-02
8.547427e-02
8.646572e-02
8.745717e-02
8.844862e-02
8.944007e-02
9.043152e-02
9.142297e-02
9.241442e-02
9.340587e-02
9.439732e-02
9.538877e-02
9.638022e-02
9.737167e-02
9.836312e-02
9.935457e-02
1.003460e-01
1.013375e-01
1.023289e-01
1.033204e-01
1.043118e-01
1.053033e-01
1.062947e-01
1.072862e-01
1.082776e-01
1.092691e-01
1.102605e-01
1.112520e-01
1.122434e-01
1.132349e-01
1.142263e-01
1.152178e-01
1.162092e-01
1.172007e-01
1.181921e-01
1.191836e-01
1.201750e-01
1.211665e-01
1.221579e-01
1.231494e-01
1.241408e-01
1.251323e-01
1.261237e-01
1.271152e-01
1.281066e-01
1.290981e-01
1.300895e-01
1.310810e-01
1.320724e-01
1.330639e-01
1.340553e-01
1.350468e-01
1.360382e-01
1.370297e-01
1.380211e-01
1.390126e-01
1.400040e-01
1.409955e-01
1.419869e-01
1.429784e-01
1.439698e-01
1.449613e-01
1.459527e-01
1.469442e-01
1.479356e-01
1.489271e-01
1.499185e-01
1.509100e-01
1.519014e-01
1.528929e-01
1.538843e-01
1.548758e-01
1.558672e-01
1.568587e-01
1.578501e-01
1.588416e-01
1.598330e-01
1.608245e-01
1.618159e-01
1.628074e-01
1.637988e-01
1.647903e-01
1.657817e-01
1.667732e-01
1.677646e-01
1.687561e-01
1.697475e-01
1.707390e-01
1.717304e-01
1.727219e-01
1.737133e-01
1.747048e-01
1.756962e-01
1.766877e-01
1.776791e-01
1.786706e-01
1.796620e-01
1.806535e-01
1.816449e-01
1.826364e-01
1.836278e-01
1.846193e-01
1.856107e-01
1.866022e-01
1.875936e-01
1.885851e-01
1.895765e-01
1.905680e-01
1.915594e-01
1.925509e-01
1.935423e-01
1.945338e-01
1.955252e-01
1.965167e-01
1.975081e-01
1.984996e-01
1.994910e-01
2.004825e-01
2.014739e-01
2.024654e-01
2.034568e-01
2.044483e-01
2.054397e-01
2.064312e-01
2.074226e-01
2.084141e-01
2.094055e-01
2.103970e-01
2.113884e-01
2.123799e-01
2.133713e-01
2.143628e-01
2.153542e-01
2.163457e-01
2.173371e-01
2.183286e-01
2.193200e-01
2.203115e-01
2.213029e-01
2.222944e-01
2.232858e-01
2.242773e-01
2.252687e-01
2.262602e-01
2.272516e-01
2.282431e-01
2.292346e-01
2.302260e-01
2.312175e-01
2.322089e-01
2.332004e-01
2.341918e-01
2.351833e-01
2.361747e-01
2.371662e-01
2.381576e-01
2.391491e-01
2.401405e-01
2.411320e-01
2.421234e-01
2.431149e-01
2.441063e-01
2.450978e-01
2.460892e-01
2.470807e-01
2.480721e-01
2.490636e-01
2.500550e-01
2.510465e-01
2.520379e-01
2.530294e-01
2.540208e-01
2.550123e-01
2.560037e-01
2.569952e-01
2.579866e-01
2.589781e-01
2.599695e-01
2.609610e-01
2.619524e-01
2.629439e-01
2.639353e-01
2.649268e-01
2.659182e-01
2.669097e-01
2.679011e-01
2.688926e-01
2.698840e-01
2.708755e-01
2.718669e-01
2.728584e-01
2.738498e-01
2.748413e-01
2.758327e-01
2.768242e-01
2.778156e-01
2.788071e-01
2.797985e-01
2.807900e-01
2.817814e-01
2.827729e-01
2.837643e-01
2.847558e-01
2.857472e-01
2.867387e-01
2.877301e-01
2.887216e-01
2.897130e-01
2.907045e-01
2.916959e-01
2.926874e-01
2.936788e-01
2.946703e-01
2.956617e-01
2.966532e-01
2.976446e-01
2.986361e-01
2.996275e-01
3.006190e-01
3.016104e-01
3.026019e-01
3.035933e-01
3.045848e-01
3.055762e-01
3.065677e-01
3.075591e-01
3.085506e-01
3.095420e-01
3.105335e-01
3.115249e-01
3.125164e-01
3.135078e-01
3.144993e-01
3.154907e-01
3.164822e-01
3.174736e-01
3.184651e-01
3.194565e-01
3.204480e-01
3.214394e-01
3.224309e-01
3.234223e-01
3.244138e-01
3.254052e-01
3.263967e-01
3.273881e-01
3.283796e-01
3.293710e-01
3.303625e-01
3.313539e-01
3.323454e-01
3.333368e-01
3.343283e-01
3.353197e-01
3.363112e-01
3.373026e-01
3.382941e-01
3.392855e-01
3.402770e-01
3.412684e-01
3.422599e-01
3.432513e-01
3.442428e-01
3.452342e-01
3.462257e-01
3.472171e-01
3.482086e-01
3.492000e-01
3.501915e-01
3.511829e-01
3.521744e-01
3.531658e-01
3.541573e-01
3.551487e-01
3.561402e-01
3.571316e-01
3.581231e-01
3.591145e-01
3.601060e-01
3.610974e-01
3.620889e-01
3.630803e-01
3.640718e-01
3.650632e-01
3.660547e-01
3.670461e-01
3.680376e-01
3.690290e-01
3.700205e-01
3.710119e-01
3.720034e-01
3.729948e-01
3.739863e-01
3.749777e-01
3.759692e-01
3.769606e-01
3.779521e-01
3.789435e-01
3.799350e-01
3.809264e-01
3.819179e-01
3.829093e-01
3.839008e-01
3.848922e-01
3.858837e-01
3.868751e-01
3.878666e-01
3.888580e-01
3.898495e-01
3.908409e-01
3.918324e-01
3.928238e-01
3.938153e-01
3.948067e-01
3.957982e-01
3.967896e-01
3.977811e-01
3.987725e-01
3.997640e-01
4.007554e-01
4.017469e-01
4.027383e-01
4.037298e-01
4.047212e-01
4.057127e-01
4.067041e-01
4.076956e-01
4.086870e-01
4.096785e-01
4.106699e-01
4.116614e-01
4.126528e-01
4.136443e-01
4.146357e-01
4.156272e-01
4.166186e-01
4.176101e-01
4.186015e-01
4.195930e-01
4.205844e-01
4.215759e-01
4.225673e-01
4.235588e-01
4.245502e-01
4.255417e-01
4.265331e-01
4.275246e-01
4.285160e-01
4.295075e-01
4.304989e-01
4.314904e-01
4.324818e-01
4.334733e-01
4.344647e-01
4.354562e-01
4.364476e-01
4.374391e-01
4.384305e-01
4.394220e-01
4.404134e-01
4.414049e-01
4.423963e-01
4.433878e-01
4.443792e-01
4.453707e-01
4.463621e-01
4.473536e-01
4.483450e-01
4.493365e-01
4.503279e-01
4.513194e-01
4.523108e-01
4.533023e-01
4.542937e-01
4.552852e-01
4.562766e-01
4.572681e-01
4.582595e-01
4.592510e-01
4.602424e-01
4.612339e-01
4.622253e-01
4.632168e-01
4.642082e-01
4.651997e-01
4.661911e-01
4.671826e-01
4.681740e-01
4.691655e-01
4.701569e-01
4.711484e-01
4.721398e-01
4.731313e-01
4.741227e-01
4.751142e-01
4.761056e-01
4.770971e-01
4.780885e-01
4.790800e-01
4.800714e-01
4.810629e-01
4.827751e-01
4.844872e-01
4.861994e-01
4.879116e-01
4.896238e-01
4.913359e-01
4.930481e-01
4.947603e-01
4.964725e-01
4.981846e-01
4.998968e-01
5.016090e-01
5.033212e-01
5.050333e-01
5.067455e-01
5.084577e-01
5.101699e-01
5.118820e-01
5.135942e-01
5.153064e-01
5.170186e-01
5.187308e-01
5.204429e-01
5.221551e-01
5.238673e-01
5.255795e-01
5.272916e-01
5.290038e-01
5.307160e-01
5.324282e-01
5.341403e-01
5.358525e-01
5.375647e-01
5.392769e-01
5.409890e-01
5.427012e-01
5.444134e-01
5.461256e-01
5.478377e-01
5.495499e-01
5.512621e-01
5.529743e-01
5.546864e-01
5.563986e-01
5.581108e-01
5.598230e-01
5.615351e-01
5.632473e-01
5.649595e-01
5.666717e-01
5.683838e-01
5.700960e-01
5.718082e-01
5.735204e-01
5.752325e-01
5.769447e-01
5.786569e-01
5.803691e-01
5.820812e-01
5.837934e-01
5.855056e-01
5.872178e-01
5.889299e-01
5.906421e-01
5.923543e-01
5.940665e-01
5.957787e-01
5.974908e-01
5.992030e-01
6.009152e-01
6.026274e-01
6.043395e-01
6.060517e-01
6.077639e-01
6.094761e-01
6.111882e-01
6.129004e-01
6.146126e-01
6.163248e-01
6.180369e-01
6.197491e-01
6.214613e-01
6.231735e-01
6.248856e-01
6.265978e-01
6.283100e-01
6.300222e-01
6.317343e-01
6.334465e-01
6.351587e-01
6.368709e-01
6.385830e-01
6.402952e-01
6.420074e-01
6.437196e-01
6.454317e-01
6.471439e-01
6.488561e-01
6.505683e-01
6.522804e-01
6.546627e-01
6.570450e-01
6.594272e-01
6.618095e-01
6.641917e-01
6.665740e-01
6.689562e-01
6.713385e-01
6.737207e-01
6.761030e-01
6.784853e-01
6.808675e-01
6.832498e-01
6.856320e-01
6.880143e-01
6.903965e-01
6.927788e-01
6.951610e-01
6.975433e-01
6.999256e-01
7.023079e-01
7.046901e-01
7.070724e-01
7.094546e-01
7.118368e-01
7.142191e-01
7.166014e-01
7.189836e-01
7.213659e-01
7.237482e-01
7.261304e-01
7.285127e-01
7.308949e-01
7.332772e-01
7.356594e-01
7.380417e-01
7.404239e-01
7.428062e-01
7.451885e-01
7.475707e-01
7.499530e-01
7.523352e-01
7.547175e-01
7.570997e-01
7.594820e-01
7.618642e-01
7.642465e-01
7.666288e-01
7.690110e-01
7.713933e-01
7.737755e-01
7.761578e-01
7.785400e-01
7.809223e-01
7.833045e-01
7.856868e-01
7.880691e-01
7.904513e-01
7.928336e-01
7.952158e-01
7.975981e-01
7.999803e-01
8.023626e-01
8.047448e-01
8.071271e-01
8.095094e-01
8.118916e-01
8.142739e-01
8.166562e-01
8.190384e-01
8.214206e-01
8.238029e-01
8.261851e-01
8.285674e-01
8.309497e-01
8.333319e-01
8.357142e-01
8.380965e-01
8.404787e-01
8.428610e-01
8.452432e-01
8.476255e-01
8.500077e-01
8.523900e-01
8.547722e-01
8.571545e-01
8.595368e-01
8.619190e-01
8.643013e-01
8.666835e-01
8.690658e-01
8.714481e-01
8.738303e-01
8.762125e-01
8.785948e-01
8.809771e-01
8.833593e-01
8.857416e-01
8.881238e-01
8.905061e-01
8.928884e-01
8.952706e-01
8.976528e-01
9.000352e-01
9.024174e-01
9.047996e-01
9.071819e-01
9.095641e-01
9.119464e-01
9.143287e-01
9.167109e-01
9.190931e-01
9.214755e-01
9.238577e-01
9.262399e-01
9.286222e-01
9.310045e-01
9.333867e-01
9.357690e-01
9.381512e-01
9.405334e-01
9.429158e-01
9.452980e-01
9.476802e-01
9.500625e-01
9.524448e-01
9.548270e-01
9.572093e-01
9.595915e-01
9.619738e-01
9.643561e-01
9.667383e-01
9.691205e-01
9.715028e-01
9.738851e-01
9.762673e-01
9.786496e-01
9.810318e-01
9.834141e-01
9.857965e-01
9.881786e-01
9.905607e-01
9.929433e-01
9.953254e-01
9.977075e-01
1.000090e+00
1.002472e+00
1.004854e+00
1.007237e+00
1.009619e+00
1.012001e+00
1.014384e+00
1.016765e+00
1.019148e+00
1.021530e+00
1.023912e+00
1.026295e+00
1.028677e+00
1.031059e+00
1.033441e+00
1.035824e+00
1.038206e+00
1.040588e+00
1.042971e+00
1.045353e+00
1.047735e+00
1.050117e+00
1.052499e+00
1.054882e+00
1.057264e+00
1.059646e+00
1.062028e+00
1.064411e+00
1.066793e+00
1.069175e+00
1.071558e+00
1.073940e+00
1.076322e+00
1.078704e+00
1.081086e+00
1.083469e+00
1.085851e+00
1.088233e+00
1.090616e+00
1.092998e+00
1.095380e+00
1.097762e+00
1.100145e+00
1.102527e+00
1.104909e+00
1.107292e+00
1.109673e+00
1.112056e+00
1.114438e+00
1.116820e+00
1.119203e+00
1.121585e+00
1.123967e+00
1.126349e+00
1.128732e+00
1.131114e+00
1.133462e+00
1.135810e+00
1.138159e+00
1.140508e+00
1.142856e+00
1.145204e+00
1.147553e+00
1.149901e+00
1.152250e+00
1.154598e+00
1.156946e+00
1.159294e+00
1.161643e+00
1.163991e+00
1.166340e+00
1.168688e+00
1.171036e+00
1.173385e+00
1.175733e+00
1.178082e+00
1.180430e+00
1.182778e+00
1.185126e+00
1.187475e+00
1.189823e+00
1.192172e+00
1.194520e+00
1.196868e+00
1.199217e+00
1.201566e+00
1.203914e+00
1.206262e+00
1.208611e+00
1.210959e+00
1.213307e+00
1.215656e+00
1.218004e+00
1.220352e+00
1.222701e+00
1.225049e+00
1.227398e+00
1.229746e+00
1.232094e+00
1.234443e+00
1.236791e+00
1.239140e+00
1.241488e+00
1.243836e+00
1.246184e+00
1.248533e+00
1.250881e+00
1.253230e+00
1.255578e+00
1.257926e+00
1.260275e+00
1.262623e+00
1.264972e+00
1.267320e+00
1.269668e+00
1.272016e+00
1.274365e+00
1.276713e+00
1.279062e+00
1.281410e+00
1.283759e+00
1.286107e+00
1.288455e+00
1.290804e+00
1.293152e+00
1.295500e+00
1.297849e+00
1.300197e+00
1.302546e+00
1.304894e+00
1.307242e+00
1.309591e+00
1.311939e+00
1.314287e+00
1.316636e+00
1.318984e+00
1.321332e+00
1.323681e+00
1.326029e+00
1.328378e+00
1.330726e+00
1.333074e+00
1.335423e+00
1.337771e+00
1.340120e+00
1.342468e+00
1.344817e+00
1.347164e+00
1.349513e+00
1.351861e+00
1.354210e+00
1.356558e+00
1.358907e+00
1.361255e+00
1.363603e+00
1.365952e+00
1.368300e+00
1.370649e+00
1.372997e+00
1.375345e+00
1.377693e+00
1.380042e+00
1.382390e+00
1.384739e+00
1.387087e+00
1.389435e+00
1.391784e+00
1.394132e+00
1.396481e+00
1.398829e+00
1.401177e+00
1.403526e+00
1.405874e+00
1.408222e+00
1.410571e+00
1.412919e+00
1.415267e+00
1.417616e+00
1.419965e+00
1.422313e+00
1.424661e+00
1.427009e+00
1.429358e+00
1.431706e+00
1.434055e+00
1.436403e+00
1.438751e+00
1.441100e+00
1.443448e+00
1.445797e+00
1.448145e+00
1.450493e+00
1.452841e+00
1.455190e+00
1.457538e+00
1.459887e+00
1.462235e+00
1.464583e+00
1.466932e+00
1.469280e+00
1.471629e+00
1.473977e+00
1.476325e+00
1.478674e+00
1.481022e+00
1.483370e+00
1.485719e+00
1.488067e+00
1.490415e+00
1.492764e+00
1.495113e+00
1.497461e+00
1.499809e+00
1.502158e+00
1.504506e+00
1.506854e+00
1.509203e+00
1.511551e+00
1.513899e+00
1.516248e+00
1.518596e+00
1.520945e+00
1.523293e+00
1.525641e+00
1.527990e+00
1.530338e+00
1.532687e+00
1.535035e+00
1.537383e+00
1.539731e+00
1.542080e+00
1.544428e+00
1.546777e+00
1.549125e+00
1.551473e+00
1.553822e+00
1.556171e+00
1.558519e+00
1.560867e+00
1.563215e+00
1.565563e+00
1.567912e+00
1.570261e+00
1.572609e+00
1.574957e+00
1.577306e+00
1.579654e+00
1.582003e+00
1.584351e+00
1.586699e+00
1.589047e+00
1.591396e+00
1.593744e+00
1.596093e+00
1.598441e+00
1.600789e+00
1.603138e+00
1.605486e+00
1.607835e+00
1.610183e+00
1.612531e+00
1.614879e+00
1.617228e+00
1.619576e+00
1.621925e+00
1.624273e+00
1.626621e+00
1.628970e+00
1.631318e+00
1.633667e+00
1.636015e+00
1.638364e+00
1.640712e+00
1.643060e+00
1.645409e+00
1.647757e+00
1.650105e+00
1.652454e+00
1.654802e+00
1.657151e+00
1.659499e+00
1.661847e+00
1.664196e+00
1.666544e+00
1.668892e+00
1.671241e+00
1.673589e+00
1.675937e+00
1.678286e+00
1.680634e+00
1.682983e+00
1.685331e+00
1.687679e+00
1.690028e+00
1.692376e+00
1.694725e+00
1.697073e+00
1.699421e+00
1.701769e+00
1.704118e+00
1.706466e+00
1.708815e+00
1.711163e+00
1.713512e+00
1.715860e+00
1.718208e+00
1.720557e+00
1.722905e+00
1.725253e+00
1.727602e+00
1.729950e+00
1.732298e+00
1.734647e+00
1.736995e+00
1.739344e+00
1.741692e+00
1.744040e+00
1.746389e+00
1.748737e+00
1.751085e+00
1.753434e+00
1.755782e+00
1.758131e+00
1.760479e+00
1.762827e+00
1.765176e+00
1.767524e+00
1.769872e+00
1.772221e+00
1.774569e+00
1.776917e+00
1.779266e+00
1.781614e+00
1.783963e+00
1.786311e+00
1.788660e+00
1.791008e+00
1.793356e+00
1.795705e+00
1.798053e+00
1.800402e+00
1.802750e+00
1.805098e+00
1.807446e+00
1.809795e+00
1.812143e+00
1.814492e+00
1.816840e+00
1.819188e+00
1.821537e+00
1.823885e+00
1.826234e+00
1.828582e+00
1.830930e+00
1.833278e+00
1.835627e+00
1.837975e+00
1.840324e+00
1.844091e+00
1.847858e+00
1.851625e+00
1.855391e+00
1.859159e+00
1.862925e+00
1.866693e+00
1.870459e+00
1.874226e+00
1.877993e+00
1.881760e+00
1.885527e+00
1.889294e+00
1.893061e+00
1.896827e+00
1.900595e+00
1.904361e+00
1.908129e+00
1.911895e+00
1.915662e+00
1.919429e+00
1.923196e+00
1.926963e+00
1.930730e+00
1.934497e+00
1.938264e+00
1.942031e+00
1.945798e+00
1.949565e+00
1.953332e+00
1.957099e+00
1.960866e+00
1.964633e+00
1.968399e+00
1.972167e+00
1.975933e+00
1.979700e+00
1.983467e+00
1.987234e+00
1.991002e+00
1.994768e+00
1.998535e+00
2.002302e+00
2.006069e+00
2.009835e+00
2.013603e+00
2.017369e+00
2.021136e+00
2.024903e+00
2.028670e+00
2.032437e+00
2.036204e+00
2.039971e+00
2.043738e+00
2.047505e+00
2.051272e+00
2.055039e+00
2.058806e+00
2.062573e+00
2.066340e+00
2.070107e+00
2.073874e+00
2.077641e+00
2.081408e+00
2.085175e+00
2.088942e+00
2.092708e+00
2.096476e+00
2.100242e+00
2.104009e+00
2.107776e+00
2.111543e+00
2.115310e+00
2.119077e+00
2.122843e+00
2.126611e+00
2.130377e+00
2.134144e+00
2.137912e+00
2.141678e+00
2.145445e+00
2.149212e+00
2.152979e+00
2.156746e+00
2.160513e+00
2.164280e+00
2.168047e+00
2.171814e+00
2.175581e+00
2.179348e+00
2.183115e+00
2.186882e+00
2.190649e+00
2.194416e+00
2.198183e+00
2.201950e+00
2.205716e+00
2.209484e+00
2.213250e+00
2.217017e+00
2.220784e+00
2.224551e+00
2.228317e+00
2.232085e+00
2.235852e+00
2.239618e+00
2.243386e+00
2.247152e+00
2.250920e+00
2.254686e+00
2.258453e+00
2.262220e+00
2.265987e+00
2.269754e+00
2.273521e+00
2.277288e+00
2.281055e+00
2.284822e+00
2.288589e+00
2.292356e+00
2.296123e+00
2.299890e+00
2.303657e+00
2.307424e+00
2.311190e+00
2.314958e+00
2.318724e+00
2.322491e+00
2.326258e+00
2.330025e+00
2.333792e+00
2.337559e+00
2.341326e+00
2.345093e+00
2.348860e+00
2.352626e+00
2.356394e+00
2.360160e+00
2.363927e+00
2.367694e+00
2.371461e+00
2.375228e+00
2.378995e+00
2.382762e+00
2.386529e+00
2.390296e+00
2.394063e+00
2.397830e+00
2.401597e+00
2.405364e+00
2.409131e+00
2.412898e+00
2.416665e+00
2.420432e+00
2.424198e+00
2.427966e+00
2.431733e+00
2.435499e+00
2.439266e+00
2.443033e+00
2.446800e+00
2.450567e+00
2.454334e+00
2.458101e+00
2.461868e+00
2.465634e+00
2.469402e+00
2.473168e+00
2.476935e+00
2.480702e+00
2.484469e+00
2.488236e+00
2.492003e+00
2.495770e+00
2.499537e+00
2.503304e+00
2.507071e+00
2.510838e+00
2.514605e+00
2.518372e+00
2.522139e+00
2.525906e+00
2.529673e+00
2.533440e+00
2.537207e+00
2.540974e+00
2.544740e+00
2.548507e+00
2.552274e+00
2.556041e+00
2.559808e+00
2.563575e+00
2.567342e+00
2.571108e+00
2.574876e+00
2.578642e+00
2.582410e+00
2.586177e+00
2.589943e+00
2.593711e+00
2.597477e+00
2.600751e+00
2.604026e+00
2.607300e+00
2.610574e+00
2.613849e+00
2.617123e+00
2.620398e+00
2.623672e+00
2.626946e+00
2.630221e+00
2.633495e+00
2.636769e+00
2.640044e+00
2.643318e+00
2.646593e+00
2.649867e+00
2.653141e+00
2.656416e+00
2.659690e+00
2.662964e+00
2.666239e+00
2.669513e+00
2.672787e+00
2.676062e+00
2.679336e+00
2.682610e+00
2.685885e+00
2.689159e+00
2.692433e+00
2.695708e+00
2.698982e+00
2.702256e+00
2.705531e+00
2.708805e+00
2.712080e+00
2.715354e+00
2.718628e+00
2.721903e+00
2.725177e+00
2.728451e+00
2.731726e+00
2.735000e+00
2.738274e+00
2.741549e+00
2.744823e+00
2.748097e+00
2.751372e+00
2.754646e+00
2.757921e+00
2.761195e+00
2.764469e+00
2.767744e+00
2.771018e+00
2.774292e+00
2.777567e+00
2.780841e+00
2.784115e+00
2.787390e+00
2.790664e+00
2.793938e+00
2.797213e+00
2.800487e+00
2.803762e+00
2.807036e+00
2.810310e+00
2.813585e+00
2.816859e+00
2.820133e+00
2.823408e+00
2.826682e+00
2.829956e+00
2.833231e+00
2.836505e+00
2.839780e+00
2.843054e+00
2.846328e+00
2.849603e+00
2.852877e+00
2.856151e+00
2.859426e+00
2.862700e+00
2.865974e+00
2.869249e+00
2.872523e+00
2.875797e+00
2.879072e+00
2.882346e+00
2.885620e+00
2.888895e+00
2.892169e+00
2.895443e+00
2.898718e+00
2.901992e+00
2.905266e+00
2.908541e+00
2.911815e+00
2.915090e+00
2.918364e+00
2.921638e+00
2.924913e+00
2.928187e+00
2.931462e+00
2.934736e+00
2.938010e+00
2.941285e+00
2.944559e+00
2.947833e+00
2.951108e+00
2.954382e+00
2.957656e+00
2.960931e+00
2.964205e+00
2.967479e+00
2.970754e+00
2.974028e+00
2.977303e+00
2.980577e+00
2.983851e+00
2.987125e+00
2.990400e+00
2.993674e+00
2.996948e+00
3.000223e+00
3.003497e+00
3.006771e+00
3.010046e+00
3.013320e+00
3.016594e+00
3.019869e+00
3.023143e+00
3.026417e+00
3.029692e+00
3.032966e+00
3.036240e+00
3.039515e+00
3.042789e+00
3.046063e+00
3.049338e+00
3.052612e+00
3.055887e+00
3.059162e+00
3.062436e+00
3.065710e+00
3.068985e+00
3.072259e+00
3.075533e+00
3.078808e+00
3.082082e+00
3.085356e+00
3.088631e+00
3.091905e+00
3.095179e+00
3.098453e+00
3.101728e+00
3.105002e+00
3.108276e+00
3.111551e+00
3.114825e+00
3.118099e+00
3.121374e+00
3.124648e+00
3.127922e+00
3.131197e+00
3.134471e+00
3.137745e+00
3.141020e+00
3.144294e+00
3.147568e+00
3.150843e+00
3.154117e+00
3.157391e+00
3.160666e+00
3.163940e+00
3.167214e+00
3.170489e+00
3.173763e+00
3.177037e+00
3.180312e+00
3.183586e+00
3.186860e+00
3.190135e+00
3.193409e+00
3.196684e+00
3.199959e+00
3.203233e+00
3.206507e+00
3.209781e+00
3.213056e+00
3.216330e+00
3.219604e+00
3.222879e+00
3.226153e+00
3.229427e+00
3.232702e+00
3.235976e+00
3.239250e+00
3.242525e+00
3.245799e+00
3.249073e+00
3.252348e+00
3.255622e+00
3.259393e+00
3.263163e+00
3.266933e+00
3.270704e+00
3.274474e+00
3.278244e+00
3.282014e+00
3.285785e+00
3.289555e+00
3.293325e+00
3.297096e+00
3.300866e+00
3.304636e+00
3.308407e+00
3.312177e+00
3.315948e+00
3.319718e+00
3.323488e+00
3.327258e+00
3.331029e+00
3.334799e+00
3.338569e+00
3.342340e+00
3.346110e+00
3.349880e+00
3.353651e+00
3.357421e+00
3.361191e+00
3.364962e+00
3.368732e+00
3.372502e+00
3.376272e+00
3.380043e+00
3.383813e+00
3.387584e+00
3.391354e+00
3.395124e+00
3.398894e+00
3.402665e+00
3.406435e+00
3.410206e+00
3.413976e+00
3.417746e+00
3.421516e+00
3.425287e+00
3.429057e+00
3.432827e+00
3.436598e+00
3.440368e+00
3.444138e+00
3.447908e+00
3.451679e+00
3.455449e+00
3.459220e+00
3.462990e+00
3.466760e+00
3.470530e+00
3.474301e+00
3.478071e+00
3.481842e+00
3.485612e+00
3.489382e+00
3.493152e+00
3.496923e+00
3.500693e+00
3.504463e+00
3.508234e+00
3.512004e+00
3.515774e+00
3.519545e+00
3.523315e+00
3.527085e+00
3.530856e+00
3.534626e+00
3.538396e+00
3.542166e+00
3.545937e+00
3.549707e+00
3.553478e+00
3.557248e+00
3.561018e+00
3.564788e+00
3.568559e+00
3.572329e+00
3.576100e+00
3.579870e+00
3.583640e+00
3.587410e+00
3.591181e+00
3.594951e+00
3.598721e+00
3.602492e+00
3.606262e+00
3.610032e+00
3.613802e+00
3.617573e+00
3.621343e+00
3.625114e+00
3.628884e+00
3.632654e+00
3.636424e+00
3.640195e+00
3.643965e+00
3.647736e+00
3.651506e+00
3.655276e+00
3.659046e+00
3.662817e+00
3.666587e+00
3.670357e+00
3.674128e+00
3.677898e+00
3.681668e+00
3.685438e+00
3.689209e+00
3.692979e+00
3.696750e+00
3.700520e+00
3.704291e+00
3.708060e+00
3.711831e+00
3.715601e+00
3.719372e+00
3.723142e+00
3.726912e+00
3.730682e+00
3.734453e+00
3.738223e+00
3.741994e+00
3.745764e+00
3.749534e+00
3.753305e+00
3.757075e+00
3.760845e+00
3.764615e+00
3.768386e+00
3.772156e+00
3.775927e+00
3.779696e+00
3.783467e+00
3.787237e+00
3.791008e+00
3.794778e+00
3.798549e+00
3.802319e+00
3.806089e+00
3.809859e+00
3.813630e+00
3.817400e+00
3.821170e+00
3.824941e+00
3.828711e+00
3.832481e+00
3.836251e+00
3.840022e+00
3.843792e+00
3.847563e+00
3.851333e+00
3.855103e+00
3.858873e+00
3.862644e+00
3.866414e+00
3.870185e+00
3.873955e+00
3.877725e+00
3.881495e+00
3.885266e+00
3.889036e+00
3.892806e+00
3.896577e+00
3.900347e+00
3.904117e+00
3.907887e+00
3.911658e+00
3.915428e+00
3.919199e+00
3.922969e+00
3.926739e+00
3.930509e+00
3.934280e+00
3.938050e+00
3.941821e+00
3.945591e+00
3.949361e+00
3.953131e+00
3.956902e+00
3.960672e+00
3.964443e+00
3.968213e+00
3.971983e+00
3.975753e+00
3.979524e+00
3.983294e+00
3.987064e+00
3.990835e+00
3.994605e+00
3.998375e+00
4.002145e+00
4.005916e+00
4.009686e+00
4.013457e+00
4.017227e+00
4.020997e+00
4.024767e+00
4.028538e+00
4.032308e+00
4.036079e+00
4.039849e+00
4.043619e+00
4.047389e+00
4.051160e+00
4.054930e+00
4.058700e+00
4.062471e+00
4.066241e+00
4.070011e+00
4.073781e+00
4.077552e+00
4.081322e+00
4.085093e+00
4.088863e+00
4.092633e+00
4.096403e+00
4.100174e+00
4.103944e+00
4.107715e+00
4.111485e+00
4.115255e+00
4.119026e+00
4.122796e+00
4.126566e+00
4.130336e+00
4.134107e+00
4.137877e+00
4.141647e+00
4.145418e+00
4.149188e+00
4.152958e+00
4.156729e+00
4.160499e+00
4.164269e+00
4.168040e+00
4.171810e+00
4.175580e+00
4.179351e+00
4.183121e+00
4.186891e+00
4.190662e+00
4.194432e+00
4.198202e+00
4.201973e+00
4.205743e+00
4.209513e+00
4.213283e+00
4.217054e+00
4.220824e+00
4.224594e+00
4.228365e+00
4.232135e+00
4.235905e+00
4.239676e+00
4.243446e+00
4.247216e+00
4.250987e+00
4.254757e+00
4.258527e+00
4.262298e+00
4.266068e+00
4.269838e+00
4.273609e+00
4.277379e+00
4.281149e+00
4.284920e+00
4.288690e+00
4.292460e+00
4.296230e+00
4.300001e+00
4.303771e+00
4.307541e+00
4.311312e+00
4.315083e+00
4.318852e+00
4.322623e+00
4.326393e+00
4.330163e+00
4.333934e+00
4.337704e+00
4.341474e+00
4.345245e+00
4.349015e+00
4.352785e+00
4.356556e+00
4.360326e+00
4.364097e+00
4.367867e+00
4.371637e+00
4.375407e+00
4.379177e+00
4.382948e+00
4.386719e+00
4.390488e+00
4.394259e+00
4.398428e+00
4.402597e+00
4.406766e+00
4.410935e+00
4.415104e+00
4.419273e+00
4.423442e+00
4.427612e+00
4.431780e+00
4.435950e+00
4.440119e+00
4.444288e+00
4.448457e+00
4.452626e+00
4.456795e+00
4.460964e+00
4.465133e+00
4.469302e+00
4.473472e+00
4.477640e+00
4.481810e+00
4.485979e+00
4.490147e+00
4.494317e+00
4.498486e+00
4.502655e+00
4.506824e+00
4.510993e+00
4.515162e+00
4.519331e+00
4.523500e+00
4.527669e+00
4.531839e+00
4.536008e+00
4.540177e+00
4.544346e+00
4.548515e+00
4.552684e+00
4.556853e+00
4.561022e+00
4.565191e+00
4.569360e+00
4.573529e+00
4.577698e+00
4.581867e+00
4.586037e+00
4.590206e+00
4.594375e+00
4.598544e+00
4.602713e+00
4.606882e+00
4.611051e+00
4.615220e+00
4.619389e+00
4.623559e+00
4.627727e+00
4.631896e+00
4.636065e+00
4.640234e+00
4.644404e+00
4.648573e+00
4.652742e+00
4.656911e+00
4.661080e+00
4.665249e+00
4.669418e+00
4.673587e+00
4.677756e+00
4.681926e+00
4.686094e+00
4.690264e+00
4.694432e+00
4.698602e+00
4.702771e+00
4.706940e+00
4.711109e+00
4.715278e+00
4.719447e+00
4.723616e+00
4.727785e+00
4.731954e+00
4.736123e+00
4.740293e+00
4.744461e+00
4.748631e+00
4.752799e+00
4.756969e+00
4.761138e+00
4.765307e+00
4.769476e+00
4.773645e+00
4.777814e+00
4.781983e+00
4.786152e+00
4.790322e+00
4.794491e+00
4.798660e+00
4.802829e+00
4.806998e+00
4.811166e+00
4.815336e+00
4.819505e+00
4.823674e+00
4.827843e+00
4.832012e+00
4.836181e+00
4.840350e+00
4.844519e+00
4.848689e+00
4.852858e+00
4.857027e+00
4.861196e+00
4.865365e+00
4.869534e+00
4.873703e+00
4.877872e+00
4.882041e+00
4.886210e+00
4.890379e+00
4.894548e+00
4.898717e+00
4.902886e+00
4.907056e+00
4.911225e+00
4.915394e+00
4.919563e+00
4.923732e+00
4.927901e+00
4.932070e+00
4.936240e+00
4.940408e+00
4.944578e+00
4.948746e+00
4.952915e+00
4.957084e+00
4.961254e+00
4.965423e+00
4.969592e+00
4.973761e+00
4.977930e+00
4.982099e+00
4.986268e+00
4.990437e+00
4.994607e+00
4.998775e+00
5.002945e+00
5.007113e+00
5.011283e+00
5.015451e+00
5.019621e+00
5.023790e+00
5.027959e+00
5.032128e+00
5.036297e+00
5.040466e+00
5.044635e+00
5.048805e+00
5.052974e+00
5.057142e+00
5.061312e+00
5.065480e+00
5.069650e+00
5.073819e+00
5.077988e+00
5.082157e+00
5.086326e+00
5.090495e+00
5.094664e+00
5.098833e+00
5.103002e+00
5.107172e+00
5.111341e+00
5.115510e+00
5.119679e+00
5.123848e+00
5.128017e+00
5.132186e+00
5.136355e+00
5.140524e+00
5.144693e+00
5.148862e+00
5.153031e+00
5.157200e+00
5.161370e+00
5.165539e+00
5.169708e+00
5.173877e+00
5.178046e+00
5.182215e+00
5.186384e+00
5.190553e+00
5.194722e+00
5.198891e+00
5.203060e+00
5.207229e+00
5.211398e+00
5.215567e+00
5.219737e+00
5.223906e+00
5.228075e+00
5.232244e+00
5.236413e+00
5.240582e+00
5.244751e+00
5.248920e+00
5.253089e+00
5.257259e+00
5.261427e+00
5.265597e+00
5.269765e+00
5.273934e+00
5.278104e+00
5.282273e+00
5.286442e+00
5.290611e+00
5.294780e+00
5.298949e+00
5.303118e+00
5.307287e+00
5.311456e+00
5.315626e+00
5.319794e+00
5.323964e+00
5.328133e+00
5.332302e+00
5.336471e+00
5.340640e+00
5.344809e+00
5.348978e+00
5.353147e+00
5.357316e+00
5.361485e+00
5.365654e+00
5.369824e+00
5.373993e+00
5.378161e+00
5.382331e+00
5.386500e+00
5.390669e+00
5.394838e+00
5.399007e+00
5.403176e+00
5.407345e+00
5.411514e+00
5.415683e+00
5.419852e+00
5.424021e+00
5.428191e+00
5.432360e+00
5.436529e+00
5.440698e+00
5.444867e+00
5.449036e+00
5.453205e+00
5.457374e+00
5.461543e+00
5.465712e+00
5.469881e+00
5.474051e+00
5.478219e+00
5.482388e+00
5.486558e+00
5.490727e+00
5.494896e+00
5.499065e+00
5.503234e+00
5.507403e+00
5.511572e+00
5.515741e+00
5.519910e+00
5.524079e+00
5.528248e+00
5.532418e+00
5.536586e+00
5.540756e+00
5.544925e+00
5.549094e+00
5.553263e+00
5.557432e+00
5.561601e+00
5.565770e+00
5.569939e+00
5.574108e+00
5.578278e+00
5.582447e+00
5.586615e+00
5.590785e+00
5.594953e+00
5.599123e+00
5.603292e+00
5.607461e+00
5.611630e+00
5.615799e+00
5.619968e+00
5.624137e+00
5.628306e+00
5.632475e+00
5.636645e+00
5.640814e+00
5.644983e+00
5.649152e+00
5.653321e+00
5.657490e+00
5.661659e+00
5.665828e+00
5.669997e+00
5.674166e+00
5.678335e+00
5.682504e+00
5.686673e+00
5.690843e+00
5.695012e+00
5.699181e+00
5.703350e+00
5.707519e+00
5.711688e+00
5.715857e+00
5.720026e+00
5.724195e+00
5.728365e+00
5.732533e+00
5.736702e+00
5.740871e+00
5.745040e+00
5.749210e+00
5.753379e+00
5.757548e+00
5.761717e+00
5.765886e+00
5.770055e+00
5.774224e+00
5.778393e+00
5.782562e+00
5.786732e+00
5.790900e+00
5.795070e+00
5.799238e+00
5.803407e+00
5.807577e+00
5.811746e+00
5.815915e+00
5.820084e+00
5.824253e+00
5.828422e+00
5.832591e+00
5.836761e+00
5.840929e+00
5.845099e+00
5.849267e+00
5.853437e+00
5.857605e+00
5.861775e+00
5.865944e+00
5.870113e+00
5.874282e+00
5.878451e+00
5.882620e+00
5.886789e+00
5.890958e+00
5.895128e+00
5.899297e+00
5.903466e+00
5.907634e+00
5.911804e+00
5.915972e+00
5.920142e+00
5.924311e+00
5.928480e+00
5.932649e+00
5.936818e+00
5.940987e+00
5.945156e+00
5.949325e+00
5.953495e+00
5.957664e+00
5.961833e+00
5.966002e+00
5.970171e+00
5.974340e+00
5.978509e+00
5.982678e+00
5.986847e+00
5.991016e+00
5.995185e+00
5.999354e+00
6.003523e+00
6.007693e+00
6.011862e+00
6.016031e+00
6.020200e+00
6.024369e+00
6.028538e+00
6.032707e+00
6.036876e+00
6.041046e+00
6.045214e+00
6.049384e+00
6.053552e+00
6.057721e+00
6.061890e+00
6.066060e+00
6.070229e+00
6.074398e+00
6.078567e+00
6.082736e+00
6.086905e+00
6.091074e+00
6.095243e+00
6.099413e+00
6.103581e+00
6.107751e+00
6.111919e+00
6.116089e+00
6.120258e+00
6.124427e+00
6.128596e+00
6.132765e+00
6.136934e+00
6.141103e+00
6.145272e+00
6.149441e+00
6.153611e+00
6.157780e+00
6.161948e+00
6.166118e+00
6.170286e+00
6.174456e+00
6.178625e+00
6.182794e+00
6.186963e+00
6.191132e+00
6.195301e+00
6.199470e+00
6.203639e+00
6.207808e+00
6.211978e+00
6.216147e+00
6.220316e+00
6.224485e+00
6.228653e+00
6.232823e+00
6.236992e+00
6.241161e+00
6.245330e+00
6.249499e+00
6.253668e+00
6.257837e+00
6.262006e+00
6.266175e+00
6.270345e+00
6.274514e+00
6.278683e+00
6.282852e+00
6.287021e+00
6.291190e+00
6.295359e+00
6.299528e+00
6.303697e+00
6.307866e+00
6.312035e+00
6.316204e+00
6.320373e+00
6.324543e+00
6.328712e+00
6.332881e+00
6.337050e+00
6.341219e+00
6.345388e+00
6.349557e+00
6.353726e+00
6.357895e+00
6.362065e+00
6.366233e+00
6.370402e+00
6.374572e+00
6.378740e+00
6.382910e+00
6.387079e+00
6.391248e+00
6.395417e+00
6.399586e+00
6.403755e+00
6.407924e+00
6.412093e+00
6.416262e+00
6.420432e+00
6.424600e+00
6.428770e+00
6.432939e+00
6.437108e+00
6.441277e+00
6.445446e+00
6.449615e+00
6.453784e+00
6.457953e+00
6.462122e+00
6.466291e+00
6.470460e+00
6.474629e+00
6.478799e+00
6.482967e+00
6.487137e+00
6.488791e+00
6.490445e+00
6.492099e+00
6.493753e+00
6.495407e+00
6.497061e+00
6.498715e+00
6.500370e+00
6.502024e+00
6.503678e+00
6.505332e+00
6.506986e+00
6.508641e+00
6.510295e+00
6.511949e+00
6.513603e+00
6.515257e+00
6.516911e+00
6.518565e+00
6.520219e+00
6.521873e+00
6.523527e+00
6.525182e+00
6.526836e+00
6.528490e+00
6.530144e+00
6.531799e+00
6.533453e+00
6.535106e+00
6.536761e+00
6.538415e+00
6.540069e+00
6.541723e+00
6.543377e+00
6.545031e+00
6.546685e+00
6.548339e+00
6.549993e+00
6.551648e+00
6.553302e+00
6.554957e+00
6.556610e+00
6.558265e+00
6.559919e+00
6.561573e+00
6.563227e+00
6.564881e+00
6.566535e+00
6.568189e+00
6.569843e+00
6.571497e+00
6.573151e+00
6.574806e+00
6.576460e+00
6.578114e+00
6.579768e+00
6.581423e+00
6.583077e+00
6.584731e+00
6.586385e+00
6.588039e+00
6.589693e+00
6.591347e+00
6.593001e+00
6.594655e+00
6.596310e+00
6.597964e+00
6.599617e+00
6.601272e+00
6.602926e+00
6.604581e+00
6.606234e+00
6.607889e+00
6.609543e+00
6.611197e+00
6.612851e+00
6.614505e+00
6.616159e+00
6.617813e+00
6.619468e+00
6.621121e+00
6.622776e+00
6.624430e+00
6.626084e+00
6.627738e+00
6.629392e+00
6.631047e+00
6.632701e+00
6.634355e+00
6.636009e+00
6.637663e+00
6.639317e+00
6.640971e+00
6.642625e+00
6.644279e+00
6.645934e+00
6.647588e+00
6.649241e+00
6.650896e+00
6.652550e+00
6.654205e+00
6.655858e+00
6.657513e+00
6.659167e+00
6.660821e+00
6.662475e+00
6.664129e+00
6.665783e+00
6.667437e+00
6.669092e+00
6.670745e+00
6.672400e+00
6.674054e+00
6.675708e+00
6.677362e+00
6.679016e+00
6.680671e+00
6.682325e+00
6.683979e+00
6.685633e+00
6.687287e+00
6.688941e+00
6.690595e+00
6.692249e+00
6.693903e+00
6.695558e+00
6.697212e+00
6.698866e+00
6.700520e+00
6.702174e+00
6.703829e+00
6.705483e+00
6.707137e+00
6.708791e+00
6.710445e+00
6.712099e+00
6.713753e+00
6.715407e+00
6.717061e+00
6.718716e+00
6.720369e+00
6.722024e+00
6.723678e+00
6.725332e+00
6.726987e+00
6.728640e+00
6.730295e+00
6.731949e+00
6.733603e+00
6.735257e+00
6.736911e+00
6.738565e+00
6.740219e+00
6.741873e+00
6.743527e+00
6.745182e+00
6.746836e+00
6.748490e+00
6.750144e+00
6.751798e+00
6.753453e+00
6.755107e+00
6.756761e+00
6.758415e+00
6.760069e+00
6.761723e+00
6.763377e+00
6.765031e+00
6.766685e+00
6.768340e+00
6.769994e+00
6.771648e+00
6.773302e+00
6.774956e+00
6.776610e+00
6.778264e+00
6.779919e+00
6.781573e+00
6.783227e+00
6.784881e+00
6.786535e+00
6.788189e+00
6.789843e+00
6.791498e+00
6.793151e+00
6.794806e+00
6.796460e+00
6.798114e+00
6.799768e+00
6.801422e+00
6.803077e+00
6.804731e+00
6.806385e+00
6.808039e+00
6.809693e+00
6.811347e+00
6.813002e+00
6.814655e+00
6.816309e+00
6.817964e+00
6.819618e+00
6.821272e+00
6.822926e+00
6.824580e+00
6.826234e+00
6.827889e+00
6.829543e+00
6.831197e+00
6.832851e+00
6.834505e+00
6.836159e+00
6.837813e+00
6.839468e+00
6.841122e+00
6.842775e+00
6.844430e+00
6.846084e+00
6.847738e+00
6.849392e+00
6.851046e+00
6.852700e+00
6.854355e+00
6.856009e+00
6.857663e+00
6.859317e+00
6.860971e+00
6.862626e+00
6.864279e+00
6.865934e+00
6.867588e+00
6.869242e+00
6.870896e+00
6.872550e+00
6.874204e+00
6.875858e+00
6.877513e+00
6.879167e+00
6.880821e+00
6.882475e+00
6.884129e+00
6.885783e+00
6.887437e+00
6.889092e+00
6.890746e+00
6.892400e+00
6.894054e+00
6.895708e+00
6.897362e+00
6.899016e+00
6.900670e+00
6.902324e+00
6.903979e+00
6.905633e+00
6.907287e+00
6.908941e+00
6.910595e+00
6.912250e+00
6.913904e+00
6.915558e+00
6.917212e+00
6.918866e+00
6.920520e+00
6.922174e+00
6.923828e+00
6.925482e+00
6.927137e+00
6.928791e+00
6.930445e+00
6.932099e+00
6.933753e+00
6.935408e+00
6.937061e+00
6.938716e+00
6.940370e+00
6.942024e+00
6.943678e+00
6.945332e+00
6.946986e+00
6.948640e+00
6.950294e+00
6.951948e+00
6.953603e+00
6.955257e+00
6.956911e+00
6.958565e+00
6.960219e+00
6.961874e+00
6.963528e+00
6.965182e+00
6.966836e+00
6.968490e+00
6.970144e+00
6.971798e+00
6.973452e+00
6.975106e+00
6.976761e+00
6.978415e+00
6.980069e+00
6.981723e+00
6.983377e+00
6.985032e+00
6.986685e+00
6.988340e+00
6.989994e+00
6.991648e+00
6.993302e+00
6.994956e+00
6.996610e+00
6.998264e+00
6.999919e+00
7.001572e+00
7.003227e+00
7.004881e+00
7.006536e+00
7.008189e+00
7.009843e+00
7.011498e+00
7.013152e+00
7.014806e+00
7.016460e+00
7.018114e+00
7.019768e+00
7.021422e+00
7.023076e+00
7.024730e+00
7.026385e+00
7.028039e+00
7.029693e+00
7.031347e+00
7.033002e+00
7.034656e+00
7.036309e+00
7.037964e+00
7.039618e+00
7.041272e+00
7.042926e+00
7.044580e+00
7.046234e+00
7.047888e+00
7.049543e+00
7.051196e+00
7.052851e+00
7.054505e+00
7.056160e+00
7.057813e+00
7.059468e+00
7.061122e+00
7.062776e+00
7.064430e+00
7.066084e+00
7.067738e+00
7.069392e+00
7.071046e+00
7.072700e+00
7.074354e+00
7.076009e+00
7.077663e+00
7.079317e+00
7.080971e+00
7.082626e+00
7.084280e+00
7.085934e+00
7.087588e+00
7.089242e+00
7.090896e+00
7.092550e+00
7.094204e+00
7.095858e+00
7.097512e+00
7.099167e+00
7.100820e+00
7.102475e+00
7.104129e+00
7.105784e+00
7.107438e+00
7.109092e+00
7.110746e+00
7.112400e+00
7.114054e+00
7.115708e+00
7.117362e+00
7.119016e+00
7.120671e+00
7.122324e+00
7.123978e+00
7.125633e+00
7.127287e+00
7.128941e+00
7.130595e+00
7.132250e+00
7.133904e+00
7.135558e+00
7.137212e+00
7.138866e+00
7.140520e+00
7.142174e+00
7.143828e+00
7.145482e+00
7.147137e+00
7.148791e+00
7.150445e+00
7.152099e+00
7.153753e+00
7.155408e+00
7.157062e+00
7.158716e+00
7.160370e+00
7.162024e+00
7.163678e+00
7.165332e+00
7.166986e+00
7.168640e+00
7.170295e+00
7.171949e+00
7.173603e+00
7.175257e+00
7.176911e+00
7.178565e+00
7.180219e+00
7.181874e+00
7.183528e+00
7.185182e+00
7.186836e+00
7.188490e+00
7.190144e+00
7.191798e+00
7.193453e+00
7.195106e+00
7.196761e+00
7.198415e+00
7.200069e+00
7.201723e+00
7.203377e+00
7.205031e+00
7.206686e+00
7.208340e+00
7.209994e+00
7.211648e+00
7.213302e+00
7.214956e+00
7.216610e+00
7.218264e+00
7.219919e+00
7.221573e+00
7.223227e+00
7.224881e+00
7.226535e+00
7.228189e+00
7.229843e+00
7.231498e+00
7.233152e+00
7.234806e+00
7.236460e+00
7.238114e+00
7.239768e+00
7.241422e+00
7.243077e+00
7.244730e+00
7.246385e+00
7.248039e+00
7.249693e+00
7.251347e+00
7.253001e+00
7.254655e+00
7.256310e+00
7.257964e+00
7.259618e+00
7.261272e+00
7.262926e+00
7.264580e+00
7.266234e+00
7.267888e+00
7.269543e+00
7.271197e+00
7.272851e+00
7.274505e+00
7.276159e+00
7.277813e+00
7.279467e+00
7.281121e+00
7.282776e+00
7.284430e+00
7.286084e+00
7.287738e+00
7.289392e+00
7.291046e+00
7.292701e+00
7.294354e+00
7.296009e+00
7.297663e+00
7.299317e+00
7.300971e+00
7.302625e+00
7.304279e+00
7.305933e+00
7.307588e+00
7.309242e+00
7.310896e+00
7.312550e+00
7.314205e+00
7.315858e+00
7.317512e+00
7.319167e+00
7.320872e+00
7.322578e+00
7.324283e+00
7.325990e+00
7.327695e+00
7.329401e+00
7.331106e+00
7.332812e+00
7.334518e+00
7.336223e+00
7.337929e+00
7.339634e+00
7.341340e+00
7.343046e+00
7.344752e+00
7.346457e+00
7.348163e+00
7.349868e+00
7.351574e+00
7.353280e+00
7.354985e+00
7.356691e+00
7.358397e+00
7.360102e+00
7.361808e+00
7.363514e+00
7.365219e+00
7.366925e+00
7.368630e+00
7.370337e+00
7.372042e+00
7.373748e+00
7.375453e+00
7.377159e+00
7.378865e+00
7.380570e+00
7.382276e+00
7.383981e+00
7.385687e+00
7.387393e+00
7.389099e+00
7.390804e+00
7.392510e+00
7.394215e+00
7.395921e+00
7.397627e+00
7.399333e+00
7.401038e+00
7.402744e+00
7.404450e+00
7.406155e+00
7.407860e+00
7.409566e+00
7.411272e+00
7.412978e+00
7.414683e+00
7.416389e+00
7.418095e+00
7.419800e+00
7.421506e+00
7.423212e+00
7.424917e+00
7.426623e+00
7.428329e+00
7.430034e+00
7.431740e+00
7.433445e+00
7.435151e+00
7.436857e+00
7.438563e+00
7.440268e+00
7.441973e+00
7.443680e+00
7.445385e+00
7.447091e+00
7.448796e+00
7.450502e+00
7.452208e+00
7.453913e+00
7.455619e+00
7.457325e+00
7.459030e+00
7.460736e+00
7.462442e+00
7.464147e+00
7.465853e+00
7.467558e+00
7.469265e+00
7.470970e+00
7.472676e+00
7.474381e+00
7.476087e+00
7.477793e+00
7.479498e+00
7.481204e+00
7.482909e+00
7.484615e+00
7.486321e+00
7.488027e+00
7.489732e+00
7.491438e+00
7.493143e+00
7.494849e+00
7.496555e+00
7.498260e+00
7.499966e+00
7.501672e+00
7.503378e+00
7.505083e+00
7.506789e+00
7.508494e+00
7.510200e+00
7.511905e+00
7.513611e+00
7.515317e+00
7.517023e+00
7.518728e+00
7.520434e+00
7.522140e+00
7.523845e+00
7.525551e+00
7.527256e+00
7.528962e+00
7.530668e+00
7.532373e+00
7.534079e+00
7.535785e+00
7.537490e+00
7.539196e+00
7.540902e+00
7.542608e+00
7.544313e+00
7.546019e+00
7.547724e+00
7.549430e+00
7.551136e+00
7.552841e+00
7.554547e+00
7.556253e+00
7.557958e+00
7.559664e+00
7.561370e+00
7.563075e+00
7.564781e+00
7.566486e+00
7.568192e+00
7.569898e+00
7.571604e+00
7.573309e+00
7.575015e+00
7.576720e+00
7.578426e+00
7.580132e+00
7.581837e+00
7.583543e+00
7.585248e+00
7.586955e+00
7.588660e+00
7.590366e+00
7.592071e+00
7.593777e+00
7.595483e+00
7.597188e+00
7.598894e+00
7.600599e+00
7.602305e+00
7.604011e+00
7.605717e+00
7.607422e+00
7.609128e+00
7.610833e+00
7.612540e+00
7.614245e+00
7.615951e+00
7.617656e+00
7.619362e+00
7.621068e+00
7.622773e+00
7.624479e+00
7.626184e+00
7.627890e+00
7.629596e+00
7.631302e+00
7.633007e+00
7.634713e+00
7.636418e+00
7.638124e+00
7.639830e+00
7.641535e+00
7.643241e+00
7.644946e+00
7.646653e+00
7.648358e+00
7.650064e+00
7.651769e+00
7.653475e+00
7.655181e+00
7.656886e+00
7.658592e+00
7.660298e+00
7.662003e+00
7.663709e+00
7.665415e+00
7.667120e+00
7.668826e+00
7.670531e+00
7.672237e+00
7.673943e+00
7.675648e+00
7.677354e+00
7.679060e+00
7.680765e+00
7.682471e+00
7.684177e+00
7.685883e+00
7.687588e+00
7.689294e+00
7.690999e+00
7.692705e+00
7.694411e+00
7.696116e+00
7.697822e+00
7.699528e+00
7.701233e+00
7.702939e+00
7.704645e+00
7.706350e+00
7.708056e+00
7.709761e+00
7.711468e+00
7.713173e+00
7.714878e+00
7.716584e+00
7.718290e+00
7.719996e+00
7.721701e+00
7.723407e+00
7.725112e+00
7.726818e+00
7.728523e+00
7.730230e+00
7.731935e+00
7.733641e+00
7.735346e+00
7.737052e+00
7.738758e+00
7.740463e+00
7.742169e+00
7.743874e+00
7.745580e+00
7.747286e+00
7.748992e+00
7.750697e+00
7.752403e+00
7.754108e+00
7.755815e+00
7.757520e+00
7.759226e+00
7.760931e+00
7.762637e+00
7.764343e+00
7.766048e+00
7.767754e+00
7.769459e+00
7.771165e+00
7.772871e+00
7.774576e+00
7.776282e+00
7.777988e+00
7.779693e+00
7.781399e+00
7.783105e+00
7.784810e+00
7.786516e+00
7.788221e+00
7.789928e+00
7.791633e+00
7.793338e+00
7.795044e+00
7.796750e+00
7.798456e+00
7.800161e+00
7.801867e+00
7.803573e+00
7.805278e+00
7.806984e+00
7.808690e+00
7.810395e+00
7.812101e+00
7.813806e+00
7.815512e+00
7.817218e+00
7.818923e+00
7.820629e+00
7.822335e+00
7.824041e+00
7.825746e+00
7.827451e+00
7.829158e+00
7.830863e+00
7.832568e+00
7.834274e+00
7.835980e+00
7.837686e+00
7.839391e+00
7.841097e+00
7.842803e+00
7.844508e+00
7.846214e+00
7.847920e+00
7.849625e+00
7.851331e+00
7.853036e+00
7.854743e+00
7.856448e+00
7.858153e+00
7.859859e+00
7.861565e+00
7.863271e+00
7.864976e+00
7.866682e+00
7.868387e+00
7.870093e+00
7.871799e+00
7.873505e+00
7.875210e+00
7.876916e+00
7.878621e+00
7.880327e+00
7.882033e+00
7.883738e+00
7.885444e+00
7.887149e+00
7.888855e+00
7.890561e+00
7.892267e+00
7.893972e+00
7.895678e+00
7.897383e+00
7.899089e+00
7.900795e+00
7.902501e+00
7.904206e+00
7.905911e+00
7.907618e+00
7.909323e+00
7.911029e+00
7.912734e+00
7.914440e+00
7.916146e+00
7.917851e+00
7.919557e+00
7.921263e+00
7.922968e+00
7.924674e+00
7.926380e+00
7.928086e+00
7.929791e+00
7.931496e+00
7.933202e+00
7.934908e+00
7.936613e+00
7.938319e+00
7.940025e+00
7.941731e+00
7.943436e+00
7.945142e+00
7.946848e+00
7.948553e+00
7.950259e+00
7.951964e+00
7.953670e+00
7.955376e+00
7.957081e+00
7.958787e+00
7.960493e+00
7.962198e+00
7.963904e+00
7.965610e+00
7.967315e+00
7.969021e+00
7.970726e+00
7.972433e+00
7.974138e+00
7.975844e+00
7.977549e+00
7.979255e+00
7.980961e+00
7.982666e+00
7.984372e+00
7.986077e+00
7.987783e+00
7.989489e+00
7.991195e+00
7.992900e+00
7.994606e+00
7.996311e+00
7.998018e+00
7.999723e+00
8.001428e+00
8.003134e+00
8.004839e+00
8.006546e+00
8.008251e+00
8.009957e+00
8.011662e+00
8.013368e+00
8.015074e+00
8.016780e+00
8.018485e+00
8.020191e+00
8.021896e+00
8.023602e+00
8.025308e+00
8.027013e+00
8.028719e+00
8.030424e+00
8.032131e+00
8.033836e+00
8.035542e+00
8.037247e+00
8.038953e+00
8.040659e+00
8.042364e+00
8.044070e+00
8.045776e+00
8.047481e+00
8.049186e+00
8.050893e+00
8.052598e+00
8.054304e+00
8.056009e+00
8.057715e+00
8.059421e+00
8.061126e+00
8.062832e+00
8.064538e+00
8.066243e+00
8.067949e+00
8.069655e+00
8.071361e+00
8.073066e+00
8.074771e+00
8.076477e+00
8.078183e+00
8.079889e+00
8.081594e+00
8.083300e+00
8.085006e+00
8.086711e+00
8.088417e+00
8.090123e+00
8.091828e+00
8.093534e+00
8.095239e+00
8.096945e+00
8.098651e+00
8.100356e+00
8.102062e+00
8.103768e+00
8.105473e+00
8.107179e+00
8.108885e+00
8.110590e+00
8.112296e+00
8.114001e+00
8.115708e+00
8.117413e+00
8.119119e+00
8.120824e+00
8.122530e+00
8.124236e+00
8.125941e+00
8.127647e+00
8.129352e+00
8.131058e+00
8.132764e+00
8.134470e+00
8.136175e+00
8.137881e+00
8.139586e+00
