3.410918e-04
4.445554e-04
5.480190e-04
6.514826e-04
7.549463e-04
8.584097e-04
9.618734e-04
1.065337e-03
1.168801e-03
1.272264e-03
1.375728e-03
1.479192e-03
1.582655e-03
1.686119e-03
1.789582e-03
1.893046e-03
1.996510e-03
2.099973e-03
2.203437e-03
2.306900e-03
2.410364e-03
2.513828e-03
2.617291e-03
2.720754e-03
2.824219e-03
2.927682e-03
3.031145e-03
3.134609e-03
3.238073e-03
3.341536e-03
3.445000e-03
3.508700e-03
3.572400e-03
3.636100e-03
3.699800e-03
3.763500e-03
3.827200e-03
3.890900e-03
3.954600e-03
4.018300e-03
4.082000e-03
4.145700e-03
4.209400e-03
4.273100e-03
4.336800e-03
4.400500e-03
4.464200e-03
4.527900e-03
4.591600e-03
4.655300e-03
4.719000e-03
4.810980e-03
4.902960e-03
4.994940e-03
5.086920e-03
5.178900e-03
5.270880e-03
5.362860e-03
5.454840e-03
5.546820e-03
5.638800e-03
5.730780e-03
5.822760e-03
5.914740e-03
6.006720e-03
6.098700e-03
6.190680e-03
6.282660e-03
6.374640e-03
6.409353e-03
6.558600e-03
6.707847e-03
6.857093e-03
7.006340e-03
7.155587e-03
7.304833e-03
7.454080e-03
7.603327e-03
7.752573e-03
7.901820e-03
8.051067e-03
8.200313e-03
8.349560e-03
8.498807e-03
8.648053e-03
8.797300e-03
8.946547e-03
9.095793e-03
9.245040e-03
9.394287e-03
9.543532e-03
9.692780e-03
9.842028e-03
9.991272e-03
1.014052e-02
1.028977e-02
1.043901e-02
1.058826e-02
1.073751e-02
1.088675e-02
1.103600e-02
1.111938e-02
1.120276e-02
1.128614e-02
1.136952e-02
1.145290e-02
1.153628e-02
1.161966e-02
1.170304e-02
1.178642e-02
1.186980e-02
1.195318e-02
1.203656e-02
1.211994e-02
1.220332e-02
1.228670e-02
1.237008e-02
1.245346e-02
1.253684e-02
1.262022e-02
1.270360e-02
1.278698e-02
1.287036e-02
1.295374e-02
1.303712e-02
1.312050e-02
1.320388e-02
1.328726e-02
1.337064e-02
1.345402e-02
1.353740e-02
1.362078e-02
1.370416e-02
1.378754e-02
1.387092e-02
1.395430e-02
1.403768e-02
1.412106e-02
1.420444e-02
1.428782e-02
1.437120e-02
1.445458e-02
1.453796e-02
1.462134e-02
1.470472e-02
1.478810e-02
1.487148e-02
1.495486e-02
1.503824e-02
1.512162e-02
1.520500e-02
1.529582e-02
1.538664e-02
1.547746e-02
1.556828e-02
1.565910e-02
1.574992e-02
1.584074e-02
1.593156e-02
1.602238e-02
1.611320e-02
1.620402e-02
1.629484e-02
1.638566e-02
1.647648e-02
1.656730e-02
1.665812e-02
1.674894e-02
1.683976e-02
1.693058e-02
1.702140e-02
1.711222e-02
1.720304e-02
1.729386e-02
1.738468e-02
1.747550e-02
1.756632e-02
1.765714e-02
1.774796e-02
1.783878e-02
1.792960e-02
1.802042e-02
1.811124e-02
1.820206e-02
1.829288e-02
1.838370e-02
1.847452e-02
1.856534e-02
1.865616e-02
1.874698e-02
1.883780e-02
1.892862e-02
1.901944e-02
1.911026e-02
1.920108e-02
1.929190e-02
1.938272e-02
1.947354e-02
1.956436e-02
1.965518e-02
1.974600e-02
1.979990e-02
1.985380e-02
1.990770e-02
1.996160e-02
2.001550e-02
2.006940e-02
2.012330e-02
2.017720e-02
2.023110e-02
2.028500e-02
2.033890e-02
2.039280e-02
2.044670e-02
2.050060e-02
2.055450e-02
2.060840e-02
2.066230e-02
2.071620e-02
2.077010e-02
2.082400e-02
2.087790e-02
2.093180e-02
2.098570e-02
2.103960e-02
2.109350e-02
2.114740e-02
2.120130e-02
2.125520e-02
2.130910e-02
2.136300e-02
2.141690e-02
2.147080e-02
2.152470e-02
2.157860e-02
2.163250e-02
2.168640e-02
2.174030e-02
2.179420e-02
2.184810e-02
2.190200e-02
2.195590e-02
2.200980e-02
2.206370e-02
2.211760e-02
2.217150e-02
2.222540e-02
2.227930e-02
2.233320e-02
2.238710e-02
2.244100e-02
2.249490e-02
2.254880e-02
2.260270e-02
2.265660e-02
2.271050e-02
2.276440e-02
2.281830e-02
2.287220e-02
2.292610e-02
2.298000e-02
2.303390e-02
2.308780e-02
2.314170e-02
2.319560e-02
2.324950e-02
2.330340e-02
2.335730e-02
2.341120e-02
2.346510e-02
2.351900e-02
2.357290e-02
2.362680e-02
2.368070e-02
2.373460e-02
2.378850e-02
2.384240e-02
2.389630e-02
2.395020e-02
2.400410e-02
2.405800e-02
2.411190e-02
2.416580e-02
2.421970e-02
2.427360e-02
2.432750e-02
2.438140e-02
2.443530e-02
2.448920e-02
2.454310e-02
2.459700e-02
2.465090e-02
2.470480e-02
2.475870e-02
2.481260e-02
2.486650e-02
2.492040e-02
2.497430e-02
2.502820e-02
2.508210e-02
2.513600e-02
2.525764e-02
2.537928e-02
2.550092e-02
2.562256e-02
2.574420e-02
2.586584e-02
2.598748e-02
2.610912e-02
2.623076e-02
2.635240e-02
2.647404e-02
2.659568e-02
2.671732e-02
2.683896e-02
2.696060e-02
2.708224e-02
2.720388e-02
2.732552e-02
2.744716e-02
2.756880e-02
2.769044e-02
2.781208e-02
2.793372e-02
2.805536e-02
2.817700e-02
2.829864e-02
2.842028e-02
2.854192e-02
2.866356e-02
2.878520e-02
2.890684e-02
2.902848e-02
2.915012e-02
2.927176e-02
2.939340e-02
2.951504e-02
2.963668e-02
2.975832e-02
2.987996e-02
3.000160e-02
3.012324e-02
3.024488e-02
3.036652e-02
3.048816e-02
3.060980e-02
3.073144e-02
3.085308e-02
3.097472e-02
3.109636e-02
3.121800e-02
3.133964e-02
3.146128e-02
3.158292e-02
3.170456e-02
3.182620e-02
3.194784e-02
3.206948e-02
3.219112e-02
3.231276e-02
3.243440e-02
3.255604e-02
3.267768e-02
3.279932e-02
3.292096e-02
3.304260e-02
3.316424e-02
3.328588e-02
3.340752e-02
3.352916e-02
3.365080e-02
3.377244e-02
3.389408e-02
3.401572e-02
3.413736e-02
3.425900e-02
3.438064e-02
3.450228e-02
3.462392e-02
3.474556e-02
3.486720e-02
3.498884e-02
3.511048e-02
3.523212e-02
3.535376e-02
3.547540e-02
3.559704e-02
3.571868e-02
3.584032e-02
3.596196e-02
3.608360e-02
3.620524e-02
3.632688e-02
3.644852e-02
3.657016e-02
3.669180e-02
3.681344e-02
3.693508e-02
3.705672e-02
3.717836e-02
3.730000e-02
3.743783e-02
3.757566e-02
3.771349e-02
3.785132e-02
3.798915e-02
3.812698e-02
3.826481e-02
3.840264e-02
3.854047e-02
3.867830e-02
3.881613e-02
3.895396e-02
3.909179e-02
3.922962e-02
3.936745e-02
3.950528e-02
3.964311e-02
3.978094e-02
3.991877e-02
4.005660e-02
4.019443e-02
4.033226e-02
4.047009e-02
4.060792e-02
4.074575e-02
4.088358e-02
4.102141e-02
4.115924e-02
4.129707e-02
4.143490e-02
4.157273e-02
4.171056e-02
4.184839e-02
4.198622e-02
4.212405e-02
4.226188e-02
4.239971e-02
4.253754e-02
4.267537e-02
4.281320e-02
4.295103e-02
4.308886e-02
4.322669e-02
4.336452e-02
4.350235e-02
4.364018e-02
4.377801e-02
4.391584e-02
4.405367e-02
4.419150e-02
4.432933e-02
4.446716e-02
4.460499e-02
4.474282e-02
4.488065e-02
4.501848e-02
4.515631e-02
4.529414e-02
4.543197e-02
4.556980e-02
4.570763e-02
4.584546e-02
4.598329e-02
4.612112e-02
4.625895e-02
4.639678e-02
4.653461e-02
4.667244e-02
4.681027e-02
4.694810e-02
4.708593e-02
4.722376e-02
4.736159e-02
4.749942e-02
4.763725e-02
4.777508e-02
4.791291e-02
4.805074e-02
4.818857e-02
4.832640e-02
4.846423e-02
4.860206e-02
4.873989e-02
4.887772e-02
4.901555e-02
4.915338e-02
4.929121e-02
4.942904e-02
4.956687e-02
4.970470e-02
4.984253e-02
4.998036e-02
5.011819e-02
5.025602e-02
5.039385e-02
5.053168e-02
5.066951e-02
5.080734e-02
5.094517e-02
5.108300e-02
5.122083e-02
5.135866e-02
5.149649e-02
5.163432e-02
5.177215e-02
5.190998e-02
5.204781e-02
5.218564e-02
5.232347e-02
5.246130e-02
5.259913e-02
5.273696e-02
5.287479e-02
5.301262e-02
5.315045e-02
5.328828e-02
5.342611e-02
5.356394e-02
5.370177e-02
5.383960e-02
5.397743e-02
5.411526e-02
5.425309e-02
5.439092e-02
5.452875e-02
5.466658e-02
5.480441e-02
5.494224e-02
5.508007e-02
5.521790e-02
5.535573e-02
5.549356e-02
5.563139e-02
5.576922e-02
5.590705e-02
5.604488e-02
5.618271e-02
5.632054e-02
5.645837e-02
5.659620e-02
5.673403e-02
5.687186e-02
5.700969e-02
5.714752e-02
5.728535e-02
5.742318e-02
5.756101e-02
5.769884e-02
5.783667e-02
5.797450e-02
5.811233e-02
5.825016e-02
5.838799e-02
5.852582e-02
5.866365e-02
5.880148e-02
5.893931e-02
5.907714e-02
5.921497e-02
5.935280e-02
5.949063e-02
5.962846e-02
5.976629e-02
5.990412e-02
6.004195e-02
6.017978e-02
6.031761e-02
6.045544e-02
6.059327e-02
6.073110e-02
6.086893e-02
6.100676e-02
6.114459e-02
6.128242e-02
6.142025e-02
6.155808e-02
6.169591e-02
6.183374e-02
6.197157e-02
6.210940e-02
6.224723e-02
6.238506e-02
6.252289e-02
6.266072e-02
6.279855e-02
6.293638e-02
6.307421e-02
6.321204e-02
6.334987e-02
6.348770e-02
6.362553e-02
6.376336e-02
6.390119e-02
6.403902e-02
6.417685e-02
6.431468e-02
6.445251e-02
6.459034e-02
6.472817e-02
6.486600e-02
6.494502e-02
6.502404e-02
6.510306e-02
6.518208e-02
6.526110e-02
6.534012e-02
6.541914e-02
6.549816e-02
6.557718e-02
6.565620e-02
6.573522e-02
6.581424e-02
6.589326e-02
6.597228e-02
6.605130e-02
6.613032e-02
6.620934e-02
6.628836e-02
6.636738e-02
6.644640e-02
6.652542e-02
6.660444e-02
6.668346e-02
6.676248e-02
6.684150e-02
6.692052e-02
6.699954e-02
6.707856e-02
6.715758e-02
6.723660e-02
6.731562e-02
6.739464e-02
6.747366e-02
6.755268e-02
6.763170e-02
6.771072e-02
6.778974e-02
6.786876e-02
6.794778e-02
6.802680e-02
6.810582e-02
6.818484e-02
6.826386e-02
6.834288e-02
6.842190e-02
6.850092e-02
6.857994e-02
6.865896e-02
6.873798e-02
6.881700e-02
6.889602e-02
6.897504e-02
6.905406e-02
6.913308e-02
6.921210e-02
6.929112e-02
6.937014e-02
6.944916e-02
6.952818e-02
6.960720e-02
6.968622e-02
6.976524e-02
6.984426e-02
6.992328e-02
7.000230e-02
7.008132e-02
7.016034e-02
7.023936e-02
7.031838e-02
7.039740e-02
7.047642e-02
7.055544e-02
7.063446e-02
7.071348e-02
7.079250e-02
7.087152e-02
7.095054e-02
7.102956e-02
7.110858e-02
7.118760e-02
7.126662e-02
7.134564e-02
7.142466e-02
7.150368e-02
7.158270e-02
7.166172e-02
7.174074e-02
7.181976e-02
7.189878e-02
7.197780e-02
7.205682e-02
7.213584e-02
7.221486e-02
7.229388e-02
7.237290e-02
7.245192e-02
7.253094e-02
7.260996e-02
7.268898e-02
7.276800e-02
7.381340e-02
7.485880e-02
7.590420e-02
7.694961e-02
7.799501e-02
7.904041e-02
8.008581e-02
8.113121e-02
8.217661e-02
8.322201e-02
8.426742e-02
8.531282e-02
8.635822e-02
8.740362e-02
8.844902e-02
8.949442e-02
9.053983e-02
9.158523e-02
9.263063e-02
9.367603e-02
9.472143e-02
9.576683e-02
9.681223e-02
9.785764e-02
9.890304e-02
9.994844e-02
1.009938e-01
1.020392e-01
1.030846e-01
1.041300e-01
1.051754e-01
1.062208e-01
1.072662e-01
1.083117e-01
1.093571e-01
1.104025e-01
1.114479e-01
1.124933e-01
1.135387e-01
1.145841e-01
1.156295e-01
1.166749e-01
1.177203e-01
1.187657e-01
1.198111e-01
1.208565e-01
1.219019e-01
1.229473e-01
1.239927e-01
1.250381e-01
1.260835e-01
1.271289e-01
1.281743e-01
1.292197e-01
1.302651e-01
1.313105e-01
1.323559e-01
1.334013e-01
1.344467e-01
1.354921e-01
1.365375e-01
1.375829e-01
1.386283e-01
1.396737e-01
1.407191e-01
1.417645e-01
1.428099e-01
1.438553e-01
1.449007e-01
1.459461e-01
1.469915e-01
1.480369e-01
1.490823e-01
1.501277e-01
1.511731e-01
1.522185e-01
1.532639e-01
1.543093e-01
1.553547e-01
1.564001e-01
1.574455e-01
1.584909e-01
1.595363e-01
1.605817e-01
1.616271e-01
1.626725e-01
1.637179e-01
1.647633e-01
1.658087e-01
1.668541e-01
1.678995e-01
1.689449e-01
1.699903e-01
1.710357e-01
1.720811e-01
1.731265e-01
1.741719e-01
1.752173e-01
1.762627e-01
1.773081e-01
1.783535e-01
1.793990e-01
1.804444e-01
1.814898e-01
1.825352e-01
1.835806e-01
1.846260e-01
1.856714e-01
1.867168e-01
1.877622e-01
1.888076e-01
1.898530e-01
1.908984e-01
1.919438e-01
1.929892e-01
1.940346e-01
1.950800e-01
1.961254e-01
1.971708e-01
1.982162e-01
1.992616e-01
2.003070e-01
2.013524e-01
2.023978e-01
2.034432e-01
2.044886e-01
2.055340e-01
2.065794e-01
2.076248e-01
2.086702e-01
2.097156e-01
2.107610e-01
2.118064e-01
2.128518e-01
2.138972e-01
2.149426e-01
2.159880e-01
2.170334e-01
2.180788e-01
2.191242e-01
2.201696e-01
2.212150e-01
2.222604e-01
2.233058e-01
2.243512e-01
2.253966e-01
2.264420e-01
2.274874e-01
2.285328e-01
2.295782e-01
2.306236e-01
2.316690e-01
2.327144e-01
2.337598e-01
2.348052e-01
2.358506e-01
2.368960e-01
2.379414e-01
2.389868e-01
2.400322e-01
2.410776e-01
2.421230e-01
2.431684e-01
2.442138e-01
2.452592e-01
2.463046e-01
2.473500e-01
2.483954e-01
2.494408e-01
2.504863e-01
2.515317e-01
2.525771e-01
2.536225e-01
2.546679e-01
2.557133e-01
2.567587e-01
2.578041e-01
2.588495e-01
2.598949e-01
2.609403e-01
2.619857e-01
2.630311e-01
2.640765e-01
2.651219e-01
2.661673e-01
2.672127e-01
2.682581e-01
2.693035e-01
2.703489e-01
2.713943e-01
2.724397e-01
2.734851e-01
2.745305e-01
2.755759e-01
2.766213e-01
2.776667e-01
2.787121e-01
2.797575e-01
2.808029e-01
2.818483e-01
2.828937e-01
2.839391e-01
2.849845e-01
2.860299e-01
2.870753e-01
2.881207e-01
2.891661e-01
2.902115e-01
2.912569e-01
2.923023e-01
2.933477e-01
2.943931e-01
2.954385e-01
2.964839e-01
2.975293e-01
2.985747e-01
2.996201e-01
3.006655e-01
3.017109e-01
3.027563e-01
3.038017e-01
3.048471e-01
3.058925e-01
3.069379e-01
3.079833e-01
3.090287e-01
3.100741e-01
3.111195e-01
3.121649e-01
3.132103e-01
3.142557e-01
3.153011e-01
3.163465e-01
3.173919e-01
3.184373e-01
3.194827e-01
3.205281e-01
3.215736e-01
3.226190e-01
3.236644e-01
3.247098e-01
3.257552e-01
3.268006e-01
3.278460e-01
3.288914e-01
3.299368e-01
3.309822e-01
3.320276e-01
3.330730e-01
3.341184e-01
3.351638e-01
3.362092e-01
3.372546e-01
3.383000e-01
3.393454e-01
3.403908e-01
3.414362e-01
3.424816e-01
3.435270e-01
3.445724e-01
3.456178e-01
3.466632e-01
3.477086e-01
3.487540e-01
3.497994e-01
3.508448e-01
3.518902e-01
3.529356e-01
3.539810e-01
3.550264e-01
3.560718e-01
3.571172e-01
3.581626e-01
3.592080e-01
3.602534e-01
3.612988e-01
3.623442e-01
3.633896e-01
3.644350e-01
3.654804e-01
3.665258e-01
3.675712e-01
3.686166e-01
3.696620e-01
3.707074e-01
3.717528e-01
3.727982e-01
3.738436e-01
3.748890e-01
3.759344e-01
3.769798e-01
3.780252e-01
3.790706e-01
3.801160e-01
3.811614e-01
3.822068e-01
3.832522e-01
3.842976e-01
3.853430e-01
3.863884e-01
3.874338e-01
3.884792e-01
3.895246e-01
3.905700e-01
3.916154e-01
3.926609e-01
3.937063e-01
3.947517e-01
3.957971e-01
3.968425e-01
3.978879e-01
3.989333e-01
3.999787e-01
4.010241e-01
4.020695e-01
4.031149e-01
4.041603e-01
4.052057e-01
4.062511e-01
4.072965e-01
4.083419e-01
4.093873e-01
4.104327e-01
4.114781e-01
4.125235e-01
4.135689e-01
4.146143e-01
4.156597e-01
4.167051e-01
4.177505e-01
4.187959e-01
4.198413e-01
4.208867e-01
4.219321e-01
4.229775e-01
4.240229e-01
4.250683e-01
4.261137e-01
4.271591e-01
4.282045e-01
4.292499e-01
4.302953e-01
4.313407e-01
4.323861e-01
4.334315e-01
4.344769e-01
4.355223e-01
4.365677e-01
4.376131e-01
4.386585e-01
4.397039e-01
4.407493e-01
4.417947e-01
4.428401e-01
4.438855e-01
4.449309e-01
4.459763e-01
4.470217e-01
4.480671e-01
4.491125e-01
4.501579e-01
4.512033e-01
4.522487e-01
4.532941e-01
4.543395e-01
4.553849e-01
4.564303e-01
4.574757e-01
4.585211e-01
4.595665e-01
4.606119e-01
4.616573e-01
4.627027e-01
4.637482e-01
4.647936e-01
4.658390e-01
4.668844e-01
4.679298e-01
4.689752e-01
4.700206e-01
4.710660e-01
4.721114e-01
4.731568e-01
4.742022e-01
4.752476e-01
4.762930e-01
4.773384e-01
4.783838e-01
4.794292e-01
4.804746e-01
4.815200e-01
4.825654e-01
4.836108e-01
4.846562e-01
4.857016e-01
4.867470e-01
4.877924e-01
4.888378e-01
4.898832e-01
4.909286e-01
4.919740e-01
4.930194e-01
4.940648e-01
4.951102e-01
4.961556e-01
4.972010e-01
4.982464e-01
5.009045e-01
5.035625e-01
5.062206e-01
5.088786e-01
5.115366e-01
5.141947e-01
5.168527e-01
5.195107e-01
5.221688e-01
5.248268e-01
5.274849e-01
5.301429e-01
5.328009e-01
5.354590e-01
5.381170e-01
5.407750e-01
5.434331e-01
5.460911e-01
5.487492e-01
5.514072e-01
5.540652e-01
5.567233e-01
5.593813e-01
5.620394e-01
5.646974e-01
5.673554e-01
5.700135e-01
5.726715e-01
5.753295e-01
5.779876e-01
5.806456e-01
5.833037e-01
5.859617e-01
5.886197e-01
5.912778e-01
5.939358e-01
5.965938e-01
5.992519e-01
6.019099e-01
6.045680e-01
6.072260e-01
6.098840e-01
6.125421e-01
6.152001e-01
6.178581e-01
6.205162e-01
6.231742e-01
6.258323e-01
6.284903e-01
6.311483e-01
6.338064e-01
6.364644e-01
6.391224e-01
6.417805e-01
6.444385e-01
6.470966e-01
6.497546e-01
6.524126e-01
6.550707e-01
6.577287e-01
6.603867e-01
6.630448e-01
6.657028e-01
6.683609e-01
6.710189e-01
6.736769e-01
6.763350e-01
6.789930e-01
6.816511e-01
6.843091e-01
6.869671e-01
6.896252e-01
6.922832e-01
6.949412e-01
6.975993e-01
7.002573e-01
7.029154e-01
7.055734e-01
7.082314e-01
7.108895e-01
7.135475e-01
7.162055e-01
7.188636e-01
7.215216e-01
7.241797e-01
7.268377e-01
7.294957e-01
7.321538e-01
7.348118e-01
7.374698e-01
7.401279e-01
7.427859e-01
7.454440e-01
7.481020e-01
7.507600e-01
7.534181e-01
7.560761e-01
7.587341e-01
7.613922e-01
7.640502e-01
7.657386e-01
7.674271e-01
7.691155e-01
7.708039e-01
7.724923e-01
7.741807e-01
7.758691e-01
7.775576e-01
7.792460e-01
7.809344e-01
7.826228e-01
7.843112e-01
7.859996e-01
7.876881e-01
7.893765e-01
7.910649e-01
7.927533e-01
7.944417e-01
7.961301e-01
7.978186e-01
7.995070e-01
8.011954e-01
8.028838e-01
8.045722e-01
8.062606e-01
8.079491e-01
8.096375e-01
8.113259e-01
8.130143e-01
8.147027e-01
8.163911e-01
8.180796e-01
8.197680e-01
8.214564e-01
8.231448e-01
8.248332e-01
8.265216e-01
8.282101e-01
8.298985e-01
8.315869e-01
8.332753e-01
8.349637e-01
8.366521e-01
8.383406e-01
8.400290e-01
8.417174e-01
8.434058e-01
8.450942e-01
8.467826e-01
8.484711e-01
8.501595e-01
8.518479e-01
8.535363e-01
8.552247e-01
8.569131e-01
8.586016e-01
8.602900e-01
8.619784e-01
8.636668e-01
8.653552e-01
8.670436e-01
8.687321e-01
8.704205e-01
8.721089e-01
8.737973e-01
8.754857e-01
8.771741e-01
8.788626e-01
8.805510e-01
8.822394e-01
8.839278e-01
8.856162e-01
8.873046e-01
8.889931e-01
8.906815e-01
8.923699e-01
8.940583e-01
8.957467e-01
8.974351e-01
8.991236e-01
9.008120e-01
9.025004e-01
9.041888e-01
9.058772e-01
9.075656e-01
9.092541e-01
9.109425e-01
9.126309e-01
9.143194e-01
9.160077e-01
9.176961e-01
9.193846e-01
9.210730e-01
9.227614e-01
9.244499e-01
9.261382e-01
9.278266e-01
9.295151e-01
9.312035e-01
9.328919e-01
9.345804e-01
9.362687e-01
9.379571e-01
9.396456e-01
9.413340e-01
9.430224e-01
9.447109e-01
9.463992e-01
9.480876e-01
9.497761e-01
9.514645e-01
9.531529e-01
9.548414e-01
9.565297e-01
9.582181e-01
9.599066e-01
9.615950e-01
9.632834e-01
9.649719e-01
9.666602e-01
9.683486e-01
9.700371e-01
9.717255e-01
9.734139e-01
9.751024e-01
9.767907e-01
9.784791e-01
9.801676e-01
9.818560e-01
9.835444e-01
9.852329e-01
9.869212e-01
9.886096e-01
9.902981e-01
9.919865e-01
9.936749e-01
9.953634e-01
9.970517e-01
9.987401e-01
1.000429e+00
1.002117e+00
1.003805e+00
1.005494e+00
1.007182e+00
1.008870e+00
1.010559e+00
1.012247e+00
1.013936e+00
1.015625e+00
1.017313e+00
1.019001e+00
1.020690e+00
1.022378e+00
1.024066e+00
1.025755e+00
1.027443e+00
1.029131e+00
1.030820e+00
1.032508e+00
1.034197e+00
1.035886e+00
1.037574e+00
1.039262e+00
1.040951e+00
1.042639e+00
1.044327e+00
1.046016e+00
1.047704e+00
1.049392e+00
1.051081e+00
1.052769e+00
1.054458e+00
1.056147e+00
1.057835e+00
1.059523e+00
1.061212e+00
1.062900e+00
1.064588e+00
1.066277e+00
1.067965e+00
1.069653e+00
1.071342e+00
1.073030e+00
1.074719e+00
1.076408e+00
1.078096e+00
1.079784e+00
1.081473e+00
1.083161e+00
1.084849e+00
1.086538e+00
1.088226e+00
1.089914e+00
1.091603e+00
1.093292e+00
1.094980e+00
1.096669e+00
1.098357e+00
1.100045e+00
1.101734e+00
1.103422e+00
1.105852e+00
1.108281e+00
1.110712e+00
1.113142e+00
1.115571e+00
1.118001e+00
1.120432e+00
1.122861e+00
1.125291e+00
1.127721e+00
1.130151e+00
1.132581e+00
1.135011e+00
1.137440e+00
1.139870e+00
1.142300e+00
1.144730e+00
1.147160e+00
1.149589e+00
1.152020e+00
1.154450e+00
1.156879e+00
1.159309e+00
1.161739e+00
1.164169e+00
1.166599e+00
1.169029e+00
1.171458e+00
1.173889e+00
1.176319e+00
1.178748e+00
1.181178e+00
1.183609e+00
1.186038e+00
1.188468e+00
1.190898e+00
1.193327e+00
1.195758e+00
1.198188e+00
1.200617e+00
1.203047e+00
1.205478e+00
1.207907e+00
1.210337e+00
1.212767e+00
1.215197e+00
1.217627e+00
1.220056e+00
1.222486e+00
1.224916e+00
1.227346e+00
1.229776e+00
1.232206e+00
1.234635e+00
1.237066e+00
1.239496e+00
1.241925e+00
1.244355e+00
1.246785e+00
1.249215e+00
1.251645e+00
1.254075e+00
1.256504e+00
1.258935e+00
1.261365e+00
1.263794e+00
1.266224e+00
1.268655e+00
1.271084e+00
1.273514e+00
1.275944e+00
1.278373e+00
1.280804e+00
1.283234e+00
1.285663e+00
1.288093e+00
1.290523e+00
1.292953e+00
1.295383e+00
1.297812e+00
1.300242e+00
1.302673e+00
1.305102e+00
1.307532e+00
1.309962e+00
1.312392e+00
1.314822e+00
1.317252e+00
1.319681e+00
1.322112e+00
1.324542e+00
1.326971e+00
1.329401e+00
1.331831e+00
1.334261e+00
1.336691e+00
1.339121e+00
1.341550e+00
1.343981e+00
1.346411e+00
1.348840e+00
1.351270e+00
1.353700e+00
1.356130e+00
1.358560e+00
1.360989e+00
1.363419e+00
1.365850e+00
1.368279e+00
1.370709e+00
1.373139e+00
1.375569e+00
1.377999e+00
1.380429e+00
1.382858e+00
1.385288e+00
1.387719e+00
1.390148e+00
1.392578e+00
1.395008e+00
1.397438e+00
1.399868e+00
1.402298e+00
1.404727e+00
1.407158e+00
1.409588e+00
1.412017e+00
1.414447e+00
1.416877e+00
1.419307e+00
1.421737e+00
1.424167e+00
1.426596e+00
1.429027e+00
1.431457e+00
1.433886e+00
1.436316e+00
1.438745e+00
1.441176e+00
1.443606e+00
1.446035e+00
1.448465e+00
1.450896e+00
1.453325e+00
1.455755e+00
1.458185e+00
1.460615e+00
1.463045e+00
1.465475e+00
1.467904e+00
1.470334e+00
1.472765e+00
1.475194e+00
1.477624e+00
1.480054e+00
1.482484e+00
1.484914e+00
1.487344e+00
1.489773e+00
1.492204e+00
1.494634e+00
1.497063e+00
1.499493e+00
1.501923e+00
1.504353e+00
1.506783e+00
1.509212e+00
1.511642e+00
1.514073e+00
1.516502e+00
1.518932e+00
1.521362e+00
1.523791e+00
1.526222e+00
1.528652e+00
1.531081e+00
1.533511e+00
1.535942e+00
1.538371e+00
1.540801e+00
1.543231e+00
1.545661e+00
1.548091e+00
1.550521e+00
1.552950e+00
1.555380e+00
1.557811e+00
1.560240e+00
1.562670e+00
1.565100e+00
1.567530e+00
1.569960e+00
1.572390e+00
1.574819e+00
1.577249e+00
1.579680e+00
1.582109e+00
1.584539e+00
1.586968e+00
1.589399e+00
1.591829e+00
1.594258e+00
1.596688e+00
1.599119e+00
1.601548e+00
1.603978e+00
1.606408e+00
1.608837e+00
1.611268e+00
1.613698e+00
1.616127e+00
1.618557e+00
1.620988e+00
1.623417e+00
1.625847e+00
1.628277e+00
1.630707e+00
1.633137e+00
1.635567e+00
1.637996e+00
1.640426e+00
1.642857e+00
1.645286e+00
1.647716e+00
1.650146e+00
1.652576e+00
1.655006e+00
1.657435e+00
1.659865e+00
1.662295e+00
1.664725e+00
1.667155e+00
1.669585e+00
1.672014e+00
1.674445e+00
1.676875e+00
1.679304e+00
1.681734e+00
1.684165e+00
1.686594e+00
1.689024e+00
1.691454e+00
1.693883e+00
1.696314e+00
1.698744e+00
1.701173e+00
1.703603e+00
1.706034e+00
1.708463e+00
1.710893e+00
1.713323e+00
1.715752e+00
1.718183e+00
1.720613e+00
1.723042e+00
1.725472e+00
1.727902e+00
1.730332e+00
1.732762e+00
1.735191e+00
1.737622e+00
1.740052e+00
1.742481e+00
1.744911e+00
1.747341e+00
1.749771e+00
1.752201e+00
1.754631e+00
1.757060e+00
1.759491e+00
1.761921e+00
1.764350e+00
1.766780e+00
1.769211e+00
1.771640e+00
1.774070e+00
1.776500e+00
1.778929e+00
1.781360e+00
1.783790e+00
1.786219e+00
1.788649e+00
1.791080e+00
1.793509e+00
1.795939e+00
1.798369e+00
1.800798e+00
1.803229e+00
1.805658e+00
1.808088e+00
1.810518e+00
1.812948e+00
1.815378e+00
1.817808e+00
1.820237e+00
1.822668e+00
1.825098e+00
1.827527e+00
1.829957e+00
1.832387e+00
1.834817e+00
1.837247e+00
1.840329e+00
1.843412e+00
1.846494e+00
1.849575e+00
1.852658e+00
1.855740e+00
1.858823e+00
1.861905e+00
1.864987e+00
1.868070e+00
1.871152e+00
1.874234e+00
1.877316e+00
1.880398e+00
1.883480e+00
1.886563e+00
1.889645e+00
1.892728e+00
1.895810e+00
1.898892e+00
1.901974e+00
1.905056e+00
1.908138e+00
1.911221e+00
1.914303e+00
1.917385e+00
1.920468e+00
1.923550e+00
1.926633e+00
1.929714e+00
1.932796e+00
1.935879e+00
1.938961e+00
1.942043e+00
1.945126e+00
1.948208e+00
1.951290e+00
1.954373e+00
1.957454e+00
1.960537e+00
1.963619e+00
1.966701e+00
1.969784e+00
1.972866e+00
1.975948e+00
1.979031e+00
1.982112e+00
1.985194e+00
1.988277e+00
1.991359e+00
1.994442e+00
1.997524e+00
2.000606e+00
2.003689e+00
2.006771e+00
2.009852e+00
2.012935e+00
2.016017e+00
2.019099e+00
2.022182e+00
2.025264e+00
2.028347e+00
2.031429e+00
2.034511e+00
2.037593e+00
2.040675e+00
2.043757e+00
2.046840e+00
2.049922e+00
2.053004e+00
2.056087e+00
2.059169e+00
2.062251e+00
2.065333e+00
2.068415e+00
2.071498e+00
2.074580e+00
2.077662e+00
2.080745e+00
2.083827e+00
2.086909e+00
2.089991e+00
2.093073e+00
2.096156e+00
2.099238e+00
2.102320e+00
2.105403e+00
2.108485e+00
2.111567e+00
2.114649e+00
2.117731e+00
2.120813e+00
2.123896e+00
2.126978e+00
2.130061e+00
2.133143e+00
2.136225e+00
2.139308e+00
2.142389e+00
2.145471e+00
2.148554e+00
2.151636e+00
2.154718e+00
2.157801e+00
2.160883e+00
2.163965e+00
2.167048e+00
2.170129e+00
2.173212e+00
2.176294e+00
2.179376e+00
2.182459e+00
2.185541e+00
2.188623e+00
2.191706e+00
2.194787e+00
2.197869e+00
2.200952e+00
2.204034e+00
2.207117e+00
2.210199e+00
2.213281e+00
2.216364e+00
2.219446e+00
2.222527e+00
2.225610e+00
2.228692e+00
2.231774e+00
2.234857e+00
2.237939e+00
2.241022e+00
2.244104e+00
2.247186e+00
2.250268e+00
2.253350e+00
2.256432e+00
2.259515e+00
2.262597e+00
2.265679e+00
2.268762e+00
2.271844e+00
2.274926e+00
2.278008e+00
2.281090e+00
2.284173e+00
2.287255e+00
2.290337e+00
2.293420e+00
2.296502e+00
2.299584e+00
2.302666e+00
2.305748e+00
2.308831e+00
2.311913e+00
2.314995e+00
2.318078e+00
2.321160e+00
2.324242e+00
2.327325e+00
2.330406e+00
2.333488e+00
2.336571e+00
2.339653e+00
2.342736e+00
2.345818e+00
2.348900e+00
2.351983e+00
2.355064e+00
2.358146e+00
2.361229e+00
2.364311e+00
2.367393e+00
2.370476e+00
2.373558e+00
2.376641e+00
2.379723e+00
2.382804e+00
2.385887e+00
2.388969e+00
2.392051e+00
2.395134e+00
2.398216e+00
2.401298e+00
2.404381e+00
2.407463e+00
2.410545e+00
2.413627e+00
2.416709e+00
2.419792e+00
2.422874e+00
2.425956e+00
2.429039e+00
2.432121e+00
2.435202e+00
2.438285e+00
2.441367e+00
2.444450e+00
2.447532e+00
2.450614e+00
2.453697e+00
2.456779e+00
2.459995e+00
2.463212e+00
2.466428e+00
2.469645e+00
2.472862e+00
2.476078e+00
2.479294e+00
2.482512e+00
2.485728e+00
2.488944e+00
2.492161e+00
2.495378e+00
2.498594e+00
2.501811e+00
2.505027e+00
2.508244e+00
2.511460e+00
2.514677e+00
2.517894e+00
2.521110e+00
2.524327e+00
2.527543e+00
2.530760e+00
2.533977e+00
2.537193e+00
2.540409e+00
2.543627e+00
2.546843e+00
2.550059e+00
2.553276e+00
2.556493e+00
2.559709e+00
2.562926e+00
2.566142e+00
2.569359e+00
2.572576e+00
2.575792e+00
2.579008e+00
2.582226e+00
2.585442e+00
2.588658e+00
2.591875e+00
2.595092e+00
2.598308e+00
2.601525e+00
2.604741e+00
2.607958e+00
2.611175e+00
2.614391e+00
2.617607e+00
2.620824e+00
2.624041e+00
2.627257e+00
2.630473e+00
2.633691e+00
2.636907e+00
2.640123e+00
2.643341e+00
2.646557e+00
2.649773e+00
2.652990e+00
2.656207e+00
2.659423e+00
2.662640e+00
2.665856e+00
2.669073e+00
2.672290e+00
2.675506e+00
2.678722e+00
2.681940e+00
2.685156e+00
2.688372e+00
2.691589e+00
2.694806e+00
2.698022e+00
2.701239e+00
2.704455e+00
2.707672e+00
2.710889e+00
2.714105e+00
2.717321e+00
2.720539e+00
2.723755e+00
2.726971e+00
2.730187e+00
2.733405e+00
2.736621e+00
2.739837e+00
2.743054e+00
2.746271e+00
2.749487e+00
2.752704e+00
2.755920e+00
2.759137e+00
2.762354e+00
2.765570e+00
2.768787e+00
2.772004e+00
2.775220e+00
2.778436e+00
2.781654e+00
2.784870e+00
2.788086e+00
2.791303e+00
2.794520e+00
2.797736e+00
2.800953e+00
2.804169e+00
2.807386e+00
2.810603e+00
2.813819e+00
2.817035e+00
2.820253e+00
2.823469e+00
2.826685e+00
2.829902e+00
2.833119e+00
2.836335e+00
2.839551e+00
2.842768e+00
2.845985e+00
2.849201e+00
2.852418e+00
2.855634e+00
2.858851e+00
2.862068e+00
2.865284e+00
2.868500e+00
2.871718e+00
2.874934e+00
2.878150e+00
2.881367e+00
2.884584e+00
2.887800e+00
2.891017e+00
2.894233e+00
2.897450e+00
2.900667e+00
2.903883e+00
2.907100e+00
2.910317e+00
2.913533e+00
2.916749e+00
2.919967e+00
2.923183e+00
2.926399e+00
2.929616e+00
2.932833e+00
2.936049e+00
2.939266e+00
2.942482e+00
2.945699e+00
2.948915e+00
2.952132e+00
2.955348e+00
2.958565e+00
2.961782e+00
2.964998e+00
2.968214e+00
2.971432e+00
2.974648e+00
2.977864e+00
2.981081e+00
2.984298e+00
2.987514e+00
2.990731e+00
2.993947e+00
2.997164e+00
3.000381e+00
3.003597e+00
3.006813e+00
3.010031e+00
3.013247e+00
3.016463e+00
3.019680e+00
3.022897e+00
3.026113e+00
3.029330e+00
3.032546e+00
3.035763e+00
3.038980e+00
3.042196e+00
3.045413e+00
3.048630e+00
3.051846e+00
3.055062e+00
3.058279e+00
3.061496e+00
3.064712e+00
3.067928e+00
3.071146e+00
3.074362e+00
3.077578e+00
3.080795e+00
3.084012e+00
3.087228e+00
3.090445e+00
3.093661e+00
3.096878e+00
3.100095e+00
3.103311e+00
3.106969e+00
3.110625e+00
3.114282e+00
3.117940e+00
3.121596e+00
3.125254e+00
3.128910e+00
3.132568e+00
3.136225e+00
3.139882e+00
3.143539e+00
3.147197e+00
3.150853e+00
3.154511e+00
3.158168e+00
3.161824e+00
3.165482e+00
3.169138e+00
3.172796e+00
3.176453e+00
3.180110e+00
3.183767e+00
3.187425e+00
3.191081e+00
3.194739e+00
3.198396e+00
3.202053e+00
3.205710e+00
3.209366e+00
3.213024e+00
3.216681e+00
3.220338e+00
3.223995e+00
3.227653e+00
3.231309e+00
3.234967e+00
3.238624e+00
3.242281e+00
3.245938e+00
3.249595e+00
3.253252e+00
3.256909e+00
3.260566e+00
3.264223e+00
3.267881e+00
3.271537e+00
3.275195e+00
3.278852e+00
3.282509e+00
3.286166e+00
3.289823e+00
3.293480e+00
3.297138e+00
3.300794e+00
3.304451e+00
3.308109e+00
3.311765e+00
3.315423e+00
3.319080e+00
3.322737e+00
3.326394e+00
3.330051e+00
3.333708e+00
3.337366e+00
3.341022e+00
3.344680e+00
3.348337e+00
3.351993e+00
3.355651e+00
3.359308e+00
3.362965e+00
3.366622e+00
3.370279e+00
3.373936e+00
3.377594e+00
3.381250e+00
3.384908e+00
3.388565e+00
3.392222e+00
3.395879e+00
3.399535e+00
3.403193e+00
3.406850e+00
3.410507e+00
3.414164e+00
3.417822e+00
3.421478e+00
3.425136e+00
3.428793e+00
3.432450e+00
3.436107e+00
3.439764e+00
3.443421e+00
3.447078e+00
3.450735e+00
3.454392e+00
3.458050e+00
3.461706e+00
3.465364e+00
3.469021e+00
3.472678e+00
3.476335e+00
3.479992e+00
3.483649e+00
3.487307e+00
3.490963e+00
3.494620e+00
3.498278e+00
3.501934e+00
3.505592e+00
3.509249e+00
3.512906e+00
3.516563e+00
3.520220e+00
3.523877e+00
3.527535e+00
3.531191e+00
3.534849e+00
3.538506e+00
3.542162e+00
3.545820e+00
3.549477e+00
3.553134e+00
3.556791e+00
3.560448e+00
3.564105e+00
3.567763e+00
3.571419e+00
3.575077e+00
3.578734e+00
3.582391e+00
3.586048e+00
3.589705e+00
3.593362e+00
3.597019e+00
3.600676e+00
3.604333e+00
3.607991e+00
3.611647e+00
3.615305e+00
3.618962e+00
3.622619e+00
3.626276e+00
3.629934e+00
3.633590e+00
3.637247e+00
3.640904e+00
3.644561e+00
3.648219e+00
3.651875e+00
3.655533e+00
3.659190e+00
3.662847e+00
3.666504e+00
3.670162e+00
3.673818e+00
3.677476e+00
3.681132e+00
3.684789e+00
3.688447e+00
3.692103e+00
3.695761e+00
3.699418e+00
3.703075e+00
3.706732e+00
3.710390e+00
3.714046e+00
3.717704e+00
3.721360e+00
3.725018e+00
3.728675e+00
3.732331e+00
3.735989e+00
3.739646e+00
3.743303e+00
3.746960e+00
3.750618e+00
3.754274e+00
3.757932e+00
3.761588e+00
3.765246e+00
3.768903e+00
3.772560e+00
3.776217e+00
3.779874e+00
3.783531e+00
3.787188e+00
3.790846e+00
3.794502e+00
3.798160e+00
3.801816e+00
3.805474e+00
3.809131e+00
3.812788e+00
3.816445e+00
3.820103e+00
3.823759e+00
3.827416e+00
3.831074e+00
3.834730e+00
3.838388e+00
3.842044e+00
3.845702e+00
3.849359e+00
3.853016e+00
3.856673e+00
3.860331e+00
3.863987e+00
3.867645e+00
3.871302e+00
3.874958e+00
3.878616e+00
3.882272e+00
3.885930e+00
3.889587e+00
3.893244e+00
3.896901e+00
3.900559e+00
3.904215e+00
3.907873e+00
3.911530e+00
3.915187e+00
3.918844e+00
3.922500e+00
3.926158e+00
3.929815e+00
3.933472e+00
3.937129e+00
3.940787e+00
3.944443e+00
3.948101e+00
3.951757e+00
3.955415e+00
3.959072e+00
3.962729e+00
3.966386e+00
3.970043e+00
3.973700e+00
3.977357e+00
3.981015e+00
3.984671e+00
3.988329e+00
3.991985e+00
3.995643e+00
3.999300e+00
4.002957e+00
4.006614e+00
4.010272e+00
4.013928e+00
4.017585e+00
4.021243e+00
4.024899e+00
4.028557e+00
4.032213e+00
4.035871e+00
4.039528e+00
4.043185e+00
4.046842e+00
4.050500e+00
4.054156e+00
4.057814e+00
4.061471e+00
4.065127e+00
4.068785e+00
4.072441e+00
4.076099e+00
4.079756e+00
4.083413e+00
4.087070e+00
4.090728e+00
4.094384e+00
4.098042e+00
4.101699e+00
4.105356e+00
4.109013e+00
4.112669e+00
4.116327e+00
4.119984e+00
4.123641e+00
4.127298e+00
4.130956e+00
4.134612e+00
4.138270e+00
4.141927e+00
4.145584e+00
4.149241e+00
4.152898e+00
4.156555e+00
4.160212e+00
4.163869e+00
4.167526e+00
4.171184e+00
4.174840e+00
4.178498e+00
4.182155e+00
4.185812e+00
4.189469e+00
4.193126e+00
4.196783e+00
4.200441e+00
4.204097e+00
4.207754e+00
4.211723e+00
4.215691e+00
4.219660e+00
4.223629e+00
4.227597e+00
4.231566e+00
4.235534e+00
4.239502e+00
4.243471e+00
4.247439e+00
4.251408e+00
4.255377e+00
4.259345e+00
4.263313e+00
4.267282e+00
4.271250e+00
4.275219e+00
4.279188e+00
4.283156e+00
4.287125e+00
4.291093e+00
4.295061e+00
4.299030e+00
4.302998e+00
4.306967e+00
4.310936e+00
4.314904e+00
4.318873e+00
4.322841e+00
4.326809e+00
4.330778e+00
4.334747e+00
4.338715e+00
4.342684e+00
4.346652e+00
4.350620e+00
4.354589e+00
4.358557e+00
4.362526e+00
4.366495e+00
4.370463e+00
4.374432e+00
4.378400e+00
4.382368e+00
4.386337e+00
4.390306e+00
4.394274e+00
4.398243e+00
4.402211e+00
4.406179e+00
4.410148e+00
4.414116e+00
4.418086e+00
4.422054e+00
4.426022e+00
4.429991e+00
4.433959e+00
4.437927e+00
4.441896e+00
4.445865e+00
4.449833e+00
4.453802e+00
4.457770e+00
4.461739e+00
4.465707e+00
4.469675e+00
4.473645e+00
4.477613e+00
4.481581e+00
4.485550e+00
4.489518e+00
4.493486e+00
4.497455e+00
4.501424e+00
4.505392e+00
4.509361e+00
4.513329e+00
4.517298e+00
4.521266e+00
4.525234e+00
4.529204e+00
4.533172e+00
4.537140e+00
4.541109e+00
4.545077e+00
4.549045e+00
4.553014e+00
4.556983e+00
4.560952e+00
4.564920e+00
4.568888e+00
4.572857e+00
4.576825e+00
4.580793e+00
4.584763e+00
4.588731e+00
4.592699e+00
4.596668e+00
4.600636e+00
4.604604e+00
4.608573e+00
4.612542e+00
4.616511e+00
4.620479e+00
4.624447e+00
4.628416e+00
4.632384e+00
4.636352e+00
4.640322e+00
4.644290e+00
4.648258e+00
4.652227e+00
4.656195e+00
4.660164e+00
4.664132e+00
4.668101e+00
4.672070e+00
4.676038e+00
4.680006e+00
4.683975e+00
4.687943e+00
4.691911e+00
4.695881e+00
4.699849e+00
4.703817e+00
4.707786e+00
4.711754e+00
4.715723e+00
4.719692e+00
4.723660e+00
4.727629e+00
4.731597e+00
4.735565e+00
4.739534e+00
4.743502e+00
4.747471e+00
4.751440e+00
4.755408e+00
4.759377e+00
4.763345e+00
4.767313e+00
4.771282e+00
4.775251e+00
4.779219e+00
4.783188e+00
4.787156e+00
4.791124e+00
4.795093e+00
4.799061e+00
4.803030e+00
4.806999e+00
4.810967e+00
4.814936e+00
4.818904e+00
4.822872e+00
4.826841e+00
4.830810e+00
4.834778e+00
4.838747e+00
4.842715e+00
4.846683e+00
4.850652e+00
4.854620e+00
4.858590e+00
4.862558e+00
4.866526e+00
4.870495e+00
4.874463e+00
4.878431e+00
4.882400e+00
4.886369e+00
4.890337e+00
4.894306e+00
4.898274e+00
4.902242e+00
4.906211e+00
4.910179e+00
4.914149e+00
4.918117e+00
4.922085e+00
4.926054e+00
4.930022e+00
4.933990e+00
4.937959e+00
4.941928e+00
4.945896e+00
4.949865e+00
4.953833e+00
4.957802e+00
4.961770e+00
4.965738e+00
4.969708e+00
4.973676e+00
4.977644e+00
4.981613e+00
4.985581e+00
4.989549e+00
4.993518e+00
4.997487e+00
5.001456e+00
5.005424e+00
5.009392e+00
5.013361e+00
5.017329e+00
5.021297e+00
5.025267e+00
5.029235e+00
5.033203e+00
5.037172e+00
5.041140e+00
5.045108e+00
5.049077e+00
5.053046e+00
5.057015e+00
5.060983e+00
5.064951e+00
5.068920e+00
5.072888e+00
5.076856e+00
5.080826e+00
5.084794e+00
5.088762e+00
5.092731e+00
5.096699e+00
5.100668e+00
5.104636e+00
5.108605e+00
5.112574e+00
5.116542e+00
5.120510e+00
5.124479e+00
5.128447e+00
5.132415e+00
5.136385e+00
5.140353e+00
5.144321e+00
5.148290e+00
5.152258e+00
5.156227e+00
5.160195e+00
5.164164e+00
5.168133e+00
5.172101e+00
5.176069e+00
5.180038e+00
5.184006e+00
5.187974e+00
5.191944e+00
5.195912e+00
5.199881e+00
5.203849e+00
5.207817e+00
5.211786e+00
5.215754e+00
5.219723e+00
5.223692e+00
5.227660e+00
5.231628e+00
5.235597e+00
5.239565e+00
5.243533e+00
5.247503e+00
5.251471e+00
5.255440e+00
5.259408e+00
5.263376e+00
5.267345e+00
5.271313e+00
5.275282e+00
5.279251e+00
5.283219e+00
5.287187e+00
5.291156e+00
5.295124e+00
5.299093e+00
5.303062e+00
5.307030e+00
5.310999e+00
5.314967e+00
5.318935e+00
5.322904e+00
5.326872e+00
5.330841e+00
5.334810e+00
5.338778e+00
5.342746e+00
5.346715e+00
5.350683e+00
5.354652e+00
5.358621e+00
5.362589e+00
5.366558e+00
5.370526e+00
5.374494e+00
5.378463e+00
5.382431e+00
5.386400e+00
5.390369e+00
5.394337e+00
5.398306e+00
5.402274e+00
5.406242e+00
5.410211e+00
5.414180e+00
5.418148e+00
5.422117e+00
5.426085e+00
5.430053e+00
5.434022e+00
5.437990e+00
5.441960e+00
5.445928e+00
5.449896e+00
5.453865e+00
5.457833e+00
5.461801e+00
5.465770e+00
5.469739e+00
5.473707e+00
5.477676e+00
5.481644e+00
5.485612e+00
5.489581e+00
5.493549e+00
5.497519e+00
5.501487e+00
5.505455e+00
5.509424e+00
5.513392e+00
5.517360e+00
5.521329e+00
5.525298e+00
5.529266e+00
5.533235e+00
5.537203e+00
5.541172e+00
5.545140e+00
5.549108e+00
5.553078e+00
5.557046e+00
5.561014e+00
5.564983e+00
5.568951e+00
5.572919e+00
5.576888e+00
5.580857e+00
5.584825e+00
5.588794e+00
5.592762e+00
5.596731e+00
5.600699e+00
5.604667e+00
5.608637e+00
5.612605e+00
5.616573e+00
5.620542e+00
5.624510e+00
5.628478e+00
5.632447e+00
5.636416e+00
5.640385e+00
5.644353e+00
5.648321e+00
5.652290e+00
5.656258e+00
5.660226e+00
5.664196e+00
5.668164e+00
5.672132e+00
5.676101e+00
5.680069e+00
5.684037e+00
5.688006e+00
5.691975e+00
5.695944e+00
5.699912e+00
5.703880e+00
5.707849e+00
5.711817e+00
5.715786e+00
5.719755e+00
5.723723e+00
5.727691e+00
5.731660e+00
5.735628e+00
5.739597e+00
5.743566e+00
5.747534e+00
5.751503e+00
5.755471e+00
5.759439e+00
5.763408e+00
5.767376e+00
5.771345e+00
5.775314e+00
5.779282e+00
5.783251e+00
5.787219e+00
5.791187e+00
5.795156e+00
5.799125e+00
5.803093e+00
5.807062e+00
5.811030e+00
5.814998e+00
5.818967e+00
5.822935e+00
5.826904e+00
5.830873e+00
5.834841e+00
5.838810e+00
5.842778e+00
5.846746e+00
5.850715e+00
5.854684e+00
5.858652e+00
5.862621e+00
5.866589e+00
5.870557e+00
5.874526e+00
5.878494e+00
5.882464e+00
5.886432e+00
5.890400e+00
5.894369e+00
5.898337e+00
5.902305e+00
5.906274e+00
5.910243e+00
5.914211e+00
5.918180e+00
5.922148e+00
5.926116e+00
5.930085e+00
5.934053e+00
5.938023e+00
5.941991e+00
5.945959e+00
5.949928e+00
5.953896e+00
5.957864e+00
5.961833e+00
5.965802e+00
5.969770e+00
5.973739e+00
5.977707e+00
5.981676e+00
5.985644e+00
5.989612e+00
5.993582e+00
5.997550e+00
6.001518e+00
6.005487e+00
6.009455e+00
6.013423e+00
6.017392e+00
6.021361e+00
6.025329e+00
6.029298e+00
6.033266e+00
6.037235e+00
6.041203e+00
6.045171e+00
6.049141e+00
6.053109e+00
6.057077e+00
6.061046e+00
6.065014e+00
6.068982e+00
6.072951e+00
6.076920e+00
6.080889e+00
6.084857e+00
6.088825e+00
6.092794e+00
6.096762e+00
6.100730e+00
6.104700e+00
6.108668e+00
6.112636e+00
6.116605e+00
6.120573e+00
6.124541e+00
6.128510e+00
6.132479e+00
6.136448e+00
6.140416e+00
6.144384e+00
6.148353e+00
6.152321e+00
6.156289e+00
6.160259e+00
6.164227e+00
6.168195e+00
6.172164e+00
6.176132e+00
6.180101e+00
6.184069e+00
6.188038e+00
6.192007e+00
6.195975e+00
6.199943e+00
6.202202e+00
6.204461e+00
6.206719e+00
6.208978e+00
6.211237e+00
6.213495e+00
6.215753e+00
6.218012e+00
6.220271e+00
6.222530e+00
6.224788e+00
6.227047e+00
6.229305e+00
6.231564e+00
6.233823e+00
6.236081e+00
6.238340e+00
6.240599e+00
6.242858e+00
6.245116e+00
6.247374e+00
6.249633e+00
6.251892e+00
6.254150e+00
6.256409e+00
6.258668e+00
6.260927e+00
6.263185e+00
6.265443e+00
6.267702e+00
6.269961e+00
6.272220e+00
6.274478e+00
6.276737e+00
6.278995e+00
6.281254e+00
6.283512e+00
6.285771e+00
6.288030e+00
6.290289e+00
6.292548e+00
6.294805e+00
6.297064e+00
6.299323e+00
6.301582e+00
6.303840e+00
6.306099e+00
6.308358e+00
6.310616e+00
6.312874e+00
6.315133e+00
6.317392e+00
6.319651e+00
6.321910e+00
6.324168e+00
6.326426e+00
6.328685e+00
6.330944e+00
6.333202e+00
6.335461e+00
6.337720e+00
6.339979e+00
6.342236e+00
6.344495e+00
6.346754e+00
6.349013e+00
6.351272e+00
6.353530e+00
6.355789e+00
6.358047e+00
6.360306e+00
6.362564e+00
6.364823e+00
6.367082e+00
6.369341e+00
6.371599e+00
6.373857e+00
6.376116e+00
6.378375e+00
6.380634e+00
6.382892e+00
6.385151e+00
6.387410e+00
6.389668e+00
6.391926e+00
6.394185e+00
6.396444e+00
6.398703e+00
6.400961e+00
6.403220e+00
6.405478e+00
6.407737e+00
6.409996e+00
6.412254e+00
6.414513e+00
6.416772e+00
6.419031e+00
6.421289e+00
6.423547e+00
6.425806e+00
6.428065e+00
6.430323e+00
6.432582e+00
6.434841e+00
6.437100e+00
6.439358e+00
6.441616e+00
6.443875e+00
6.446134e+00
6.448393e+00
6.450651e+00
6.452910e+00
6.455168e+00
6.457427e+00
6.459685e+00
6.461944e+00
6.464203e+00
6.466462e+00
6.468721e+00
6.470978e+00
6.473237e+00
6.475496e+00
6.477755e+00
6.480013e+00
6.482272e+00
6.484531e+00
6.486789e+00
6.489047e+00
6.491306e+00
6.493565e+00
6.495824e+00
6.498083e+00
6.500341e+00
6.502599e+00
6.504858e+00
6.507117e+00
6.509375e+00
6.511634e+00
6.513893e+00
6.516152e+00
6.518409e+00
6.520668e+00
6.522927e+00
6.525186e+00
6.527445e+00
6.529703e+00
6.531962e+00
6.534220e+00
6.536479e+00
6.538737e+00
6.540996e+00
6.543255e+00
6.545514e+00
6.547772e+00
6.550030e+00
6.552289e+00
6.554548e+00
6.556807e+00
6.559065e+00
6.561324e+00
6.563583e+00
6.565841e+00
6.568099e+00
6.570358e+00
6.572617e+00
6.574876e+00
6.577134e+00
6.579393e+00
6.581651e+00
6.583910e+00
6.586169e+00
6.588427e+00
6.590686e+00
6.592945e+00
6.595204e+00
6.597461e+00
6.599720e+00
6.601979e+00
6.604238e+00
6.606496e+00
6.608755e+00
6.611014e+00
6.613272e+00
6.615531e+00
6.617789e+00
6.620048e+00
6.622307e+00
6.624566e+00
6.626824e+00
6.629083e+00
6.631341e+00
6.633600e+00
6.635858e+00
6.638117e+00
6.640376e+00
6.642635e+00
6.644894e+00
6.647151e+00
6.649410e+00
6.651669e+00
6.653928e+00
6.656186e+00
6.658445e+00
6.660704e+00
6.662962e+00
6.665220e+00
6.667479e+00
6.669738e+00
6.671997e+00
6.674256e+00
6.676514e+00
6.678772e+00
6.681031e+00
6.683290e+00
6.685548e+00
6.687807e+00
6.690066e+00
6.692325e+00
6.694582e+00
6.696841e+00
6.699100e+00
6.701359e+00
6.703618e+00
6.705876e+00
6.708135e+00
6.710393e+00
6.712652e+00
6.714910e+00
6.717169e+00
6.719428e+00
6.721687e+00
6.723945e+00
6.726203e+00
6.728462e+00
6.730721e+00
6.732980e+00
6.735238e+00
6.737497e+00
6.739756e+00
6.742014e+00
6.744272e+00
6.746531e+00
6.748790e+00
6.751049e+00
6.753307e+00
6.755566e+00
6.757824e+00
6.760083e+00
6.762342e+00
6.764600e+00
6.766859e+00
6.769118e+00
6.771377e+00
6.773634e+00
6.775893e+00
6.778152e+00
6.780411e+00
6.782670e+00
6.784928e+00
6.787187e+00
6.789445e+00
6.791704e+00
6.793962e+00
6.796221e+00
6.798480e+00
6.800739e+00
6.802997e+00
6.805256e+00
6.807514e+00
6.809773e+00
6.812032e+00
6.814290e+00
6.816549e+00
6.818808e+00
6.821067e+00
6.823324e+00
6.825583e+00
6.827842e+00
6.830101e+00
6.832359e+00
6.834618e+00
6.836877e+00
6.839135e+00
6.841394e+00
6.843652e+00
6.845911e+00
6.848170e+00
6.850429e+00
6.852687e+00
6.854945e+00
6.857204e+00
6.859463e+00
6.861721e+00
6.863980e+00
6.866239e+00
6.868498e+00
6.870756e+00
6.873014e+00
6.875273e+00
6.877532e+00
6.879791e+00
6.882049e+00
6.884308e+00
6.886566e+00
6.888825e+00
6.891083e+00
6.893342e+00
6.895601e+00
6.897860e+00
6.900119e+00
6.902376e+00
6.904635e+00
6.906894e+00
6.909153e+00
6.911411e+00
6.913670e+00
6.915929e+00
6.918187e+00
6.920445e+00
6.922704e+00
6.924963e+00
6.927222e+00
6.929481e+00
6.931739e+00
6.933997e+00
6.936256e+00
6.938515e+00
6.940773e+00
6.943032e+00
6.945291e+00
6.947550e+00
6.949807e+00
6.952066e+00
6.954325e+00
6.956584e+00
6.958843e+00
6.961101e+00
6.963360e+00
6.965618e+00
6.967877e+00
6.970135e+00
6.972394e+00
6.974653e+00
6.976912e+00
6.979170e+00
6.981429e+00
6.983687e+00
6.985946e+00
6.988205e+00
6.990463e+00
6.992722e+00
6.994981e+00
6.997240e+00
6.999497e+00
7.001756e+00
7.004015e+00
7.006274e+00
7.008532e+00
7.010791e+00
7.013050e+00
7.015308e+00
7.017567e+00
7.019825e+00
7.022084e+00
7.024343e+00
7.026602e+00
7.028860e+00
7.031118e+00
7.033377e+00
7.035636e+00
7.037894e+00
7.040153e+00
7.042412e+00
7.044671e+00
7.046929e+00
7.049187e+00
7.051446e+00
7.053705e+00
7.055964e+00
7.058222e+00
7.060481e+00
7.062739e+00
7.064998e+00
7.067256e+00
7.069515e+00
7.071774e+00
7.074033e+00
7.076292e+00
7.078549e+00
7.080808e+00
7.083067e+00
7.085326e+00
7.087584e+00
7.089843e+00
7.092102e+00
7.094360e+00
7.096618e+00
7.098877e+00
7.101136e+00
7.103395e+00
7.105654e+00
7.107912e+00
7.110170e+00
7.112429e+00
7.114688e+00
7.116946e+00
7.119205e+00
7.121464e+00
7.123723e+00
7.125980e+00
7.128239e+00
7.130498e+00
7.132757e+00
7.135016e+00
7.137274e+00
7.139533e+00
7.141791e+00
7.144050e+00
7.146308e+00
7.148567e+00
7.150826e+00
7.153085e+00
7.155343e+00
7.157601e+00
7.159860e+00
7.162119e+00
7.164378e+00
7.166636e+00
7.168895e+00
7.171154e+00
7.173412e+00
7.175670e+00
7.177929e+00
7.180188e+00
7.182447e+00
7.184705e+00
7.186964e+00
7.189223e+00
7.191481e+00
7.193740e+00
7.195998e+00
7.198257e+00
7.200516e+00
7.202775e+00
7.205033e+00
7.207291e+00
7.209550e+00
7.211809e+00
7.214067e+00
7.216326e+00
7.218585e+00
7.220844e+00
7.223102e+00
7.225360e+00
7.227619e+00
7.229878e+00
7.232137e+00
7.234395e+00
7.236654e+00
7.238912e+00
7.241171e+00
7.243429e+00
7.245688e+00
7.247947e+00
7.250206e+00
7.252465e+00
7.254722e+00
7.256981e+00
7.259240e+00
7.261499e+00
7.263757e+00
7.266016e+00
7.268275e+00
7.270533e+00
7.272791e+00
7.275050e+00
7.277309e+00
7.279568e+00
7.281827e+00
7.284085e+00
7.286343e+00
7.288602e+00
7.290861e+00
7.293119e+00
7.295378e+00
7.297637e+00
7.299896e+00
7.302153e+00
7.304412e+00
7.306671e+00
7.308930e+00
7.311189e+00
7.313447e+00
7.315706e+00
7.317964e+00
7.320223e+00
7.322481e+00
7.324740e+00
7.326999e+00
7.329258e+00
7.331516e+00
7.333774e+00
7.336033e+00
7.338136e+00
7.340239e+00
7.342341e+00
7.344445e+00
7.346547e+00
7.348651e+00
7.350753e+00
7.352856e+00
7.354959e+00
7.357062e+00
7.359164e+00
7.361267e+00
7.363370e+00
7.365472e+00
7.367576e+00
7.369678e+00
7.371782e+00
7.373884e+00
7.375987e+00
7.378090e+00
7.380192e+00
7.382295e+00
7.384398e+00
7.386501e+00
7.388603e+00
7.390707e+00
7.392809e+00
7.394913e+00
7.397015e+00
7.399118e+00
7.401221e+00
7.403323e+00
7.405426e+00
7.407529e+00
7.409632e+00
7.411735e+00
7.413838e+00
7.415940e+00
7.418044e+00
7.420146e+00
7.422249e+00
7.424352e+00
7.426454e+00
7.428557e+00
7.430660e+00
7.432763e+00
7.434866e+00
7.436969e+00
7.439071e+00
7.441175e+00
7.443277e+00
7.445379e+00
7.447483e+00
7.449585e+00
7.451688e+00
7.453791e+00
7.455894e+00
7.457997e+00
7.460100e+00
7.462202e+00
7.464306e+00
7.466408e+00
7.468510e+00
7.470614e+00
7.472716e+00
7.474819e+00
7.476922e+00
7.479025e+00
7.481128e+00
7.483231e+00
7.485333e+00
7.487436e+00
7.489539e+00
7.491641e+00
7.493745e+00
7.495847e+00
7.497951e+00
7.500053e+00
7.502156e+00
7.504259e+00
7.506362e+00
7.508464e+00
7.510567e+00
7.512670e+00
7.514772e+00
7.516876e+00
7.518978e+00
7.521082e+00
7.523184e+00
7.525287e+00
7.527390e+00
7.529493e+00
7.531595e+00
7.533698e+00
7.535801e+00
7.537903e+00
7.540007e+00
7.542109e+00
7.544213e+00
7.546315e+00
7.548418e+00
7.550521e+00
7.552623e+00
7.554726e+00
7.556829e+00
7.558932e+00
7.561035e+00
7.563138e+00
7.565240e+00
7.567344e+00
7.569446e+00
7.571549e+00
7.573652e+00
7.575754e+00
7.577857e+00
7.579960e+00
7.582063e+00
7.584166e+00
7.586269e+00
7.588371e+00
7.590475e+00
7.592577e+00
7.594680e+00
7.596783e+00
7.598885e+00
7.600988e+00
7.603091e+00
7.605194e+00
7.607297e+00
7.609400e+00
7.611502e+00
7.613606e+00
7.615708e+00
7.617810e+00
7.619914e+00
7.622016e+00
7.624119e+00
7.626222e+00
7.628325e+00
7.630428e+00
7.632531e+00
7.634633e+00
7.636737e+00
7.638839e+00
7.640941e+00
7.643045e+00
7.645147e+00
7.647251e+00
7.649353e+00
7.651456e+00
7.653559e+00
7.655662e+00
7.657764e+00
7.659867e+00
7.661970e+00
7.664072e+00
7.666176e+00
7.668278e+00
7.670382e+00
7.672484e+00
7.674587e+00
7.676690e+00
7.678793e+00
7.680895e+00
7.682998e+00
7.685101e+00
7.687203e+00
7.689307e+00
7.691409e+00
7.693513e+00
7.695615e+00
7.697718e+00
7.699821e+00
7.701924e+00
7.704026e+00
7.706129e+00
7.708232e+00
7.710334e+00
7.712438e+00
7.714540e+00
7.716644e+00
7.718746e+00
7.720849e+00
7.722952e+00
7.725054e+00
7.727157e+00
7.729260e+00
7.731363e+00
7.733466e+00
7.735569e+00
7.737671e+00
7.739775e+00
7.741877e+00
7.743980e+00
7.746083e+00
7.748185e+00
7.750288e+00
7.752391e+00
7.754494e+00
7.756597e+00
7.758700e+00
7.760802e+00
7.762906e+00
7.765008e+00
7.767111e+00
7.769214e+00
7.771316e+00
7.773419e+00
7.775522e+00
7.777625e+00
7.779728e+00
7.781831e+00
7.783933e+00
7.786037e+00
7.788139e+00
7.790241e+00
7.792345e+00
7.794447e+00
7.796550e+00
7.798653e+00
7.800756e+00
7.802859e+00
7.804962e+00
7.807064e+00
7.809168e+00
7.811270e+00
7.813372e+00
7.815476e+00
7.817578e+00
7.819682e+00
7.821784e+00
7.823887e+00
7.825990e+00
7.828093e+00
7.830195e+00
7.832299e+00
7.834401e+00
7.836503e+00
7.838607e+00
7.840709e+00
7.842813e+00
7.844915e+00
7.847018e+00
7.849121e+00
7.851224e+00
7.853326e+00
7.855429e+00
7.857532e+00
7.859634e+00
7.861738e+00
7.863840e+00
7.865944e+00
7.868046e+00
7.870149e+00
7.872252e+00
7.874355e+00
7.876457e+00
7.878560e+00
7.880663e+00
7.882765e+00
7.884869e+00
7.886971e+00
7.889075e+00
7.891177e+00
7.893280e+00
7.895383e+00
7.897485e+00
7.899588e+00
7.901691e+00
7.903794e+00
7.905897e+00
7.908000e+00
7.910102e+00
7.912206e+00
7.914308e+00
7.916411e+00
7.918514e+00
7.920616e+00
7.922719e+00
7.924822e+00
7.926925e+00
7.929028e+00
7.931131e+00
7.933233e+00
7.935337e+00
7.937439e+00
7.939542e+00
7.941645e+00
7.943747e+00
7.945850e+00
7.947953e+00
7.950056e+00
7.952159e+00
7.954262e+00
7.956364e+00
7.958468e+00
7.960570e+00
7.962672e+00
7.964776e+00
7.966878e+00
7.968981e+00
7.971084e+00
7.973187e+00
7.975290e+00
7.977393e+00
7.979495e+00
7.981599e+00
7.983701e+00
7.985803e+00
7.987907e+00
7.990009e+00
7.992113e+00
7.994215e+00
7.996318e+00
7.998421e+00
8.000524e+00
8.002626e+00
8.004730e+00
8.006832e+00
8.008934e+00
8.011038e+00
8.013140e+00
8.015244e+00
8.017346e+00
8.019449e+00
8.021552e+00
8.023655e+00
8.025757e+00
8.027860e+00
8.029963e+00
8.032065e+00
8.034169e+00
8.036271e+00
8.038375e+00
8.040477e+00
8.042580e+00
8.044683e+00
8.046786e+00
8.048888e+00
8.050991e+00
8.053094e+00
8.055197e+00
8.057300e+00
8.059402e+00
8.061506e+00
8.063608e+00
8.065711e+00
8.067814e+00
8.069917e+00
8.072019e+00
8.074122e+00
8.076225e+00
8.078328e+00
8.080431e+00
8.082533e+00
8.084637e+00
8.086739e+00
8.088842e+00
8.090945e+00
8.093047e+00
8.095150e+00
8.097253e+00
8.099356e+00
8.101459e+00
8.103562e+00
8.105664e+00
8.107768e+00
8.109870e+00
8.111973e+00
8.114076e+00
8.116178e+00
8.118281e+00
8.120384e+00
8.122487e+00
8.124590e+00
8.126693e+00
8.128795e+00
8.130899e+00
8.133001e+00
8.135103e+00
8.137207e+00
8.139309e+00
8.141413e+00
8.143515e+00
8.145618e+00
8.147721e+00
8.149824e+00
8.151926e+00
8.154030e+00
8.156132e+00
8.158234e+00
8.160338e+00
8.162440e+00
8.164544e+00
8.166646e+00
8.168749e+00
8.170852e+00
8.172955e+00
8.175057e+00
8.177161e+00
8.179263e+00
8.181365e+00
8.183469e+00
8.185571e+00
8.187675e+00
8.189777e+00
8.191880e+00
8.193983e+00
8.196086e+00
8.198188e+00
8.200291e+00
8.202394e+00
8.204497e+00
8.206600e+00
8.208702e+00
8.210806e+00
8.212908e+00
8.215011e+00
8.217114e+00
8.219217e+00
8.221319e+00
8.223422e+00
8.225525e+00
8.227628e+00
8.229731e+00
8.231833e+00
8.233937e+00
8.236039e+00
8.238142e+00
8.240245e+00
8.242348e+00
8.244450e+00
8.246553e+00
8.248656e+00
8.250759e+00
8.252862e+00
8.254964e+00
8.257068e+00
8.259170e+00
8.261273e+00
8.263376e+00
8.265478e+00
8.267581e+00
8.269684e+00
8.271787e+00
8.273890e+00
8.275993e+00
8.278095e+00
8.280199e+00
8.282301e+00
8.284404e+00
8.286507e+00
8.288609e+00
8.290713e+00
8.292815e+00
8.294918e+00
8.297021e+00
8.299124e+00
8.301226e+00
8.303330e+00
8.305432e+00
8.307534e+00
8.309638e+00
8.311740e+00
8.313844e+00
8.315946e+00
8.318049e+00
8.320152e+00
8.322255e+00
8.324357e+00
8.326461e+00
8.328563e+00
8.330665e+00
8.332769e+00
8.334871e+00
8.336975e+00
8.339077e+00
8.341180e+00
8.343283e+00
8.345386e+00
8.347488e+00
