1.120000e-04
1.823667e-04
2.527333e-04
3.231000e-04
3.934667e-04
4.638333e-04
5.342000e-04
6.045667e-04
6.749333e-04
7.453000e-04
8.156667e-04
8.860333e-04
9.564000e-04
1.026767e-03
1.097133e-03
1.167500e-03
1.237867e-03
1.308233e-03
1.378600e-03
1.448967e-03
1.519333e-03
1.589700e-03
1.660067e-03
1.730433e-03
1.800800e-03
1.871167e-03
1.941533e-03
2.011900e-03
2.082267e-03
2.152633e-03
2.223000e-03
2.341350e-03
2.459700e-03
2.578050e-03
2.696400e-03
2.814750e-03
2.933100e-03
3.051450e-03
3.169800e-03
3.288150e-03
3.406500e-03
3.524850e-03
3.643200e-03
3.761550e-03
3.879900e-03
3.998250e-03
4.116600e-03
4.234950e-03
4.353300e-03
4.471650e-03
4.590000e-03
4.658850e-03
4.727700e-03
4.796550e-03
4.865400e-03
4.934250e-03
5.003100e-03
5.071950e-03
5.140800e-03
5.209650e-03
5.278500e-03
5.347350e-03
5.416200e-03
5.485050e-03
5.553900e-03
5.622750e-03
5.691600e-03
5.760450e-03
5.829300e-03
5.803900e-03
5.967000e-03
6.130100e-03
6.293200e-03
6.456300e-03
6.619400e-03
6.782500e-03
6.945600e-03
7.108700e-03
7.271800e-03
7.434900e-03
7.598000e-03
7.761100e-03
7.924200e-03
8.087300e-03
8.250400e-03
8.413500e-03
8.576600e-03
8.739700e-03
8.902800e-03
9.065900e-03
9.229000e-03
9.392100e-03
9.555200e-03
9.718300e-03
9.881400e-03
1.004450e-02
1.020760e-02
1.037070e-02
1.053380e-02
1.069690e-02
1.086000e-02
1.097180e-02
1.108360e-02
1.119540e-02
1.130720e-02
1.141900e-02
1.153080e-02
1.164260e-02
1.175440e-02
1.186620e-02
1.197800e-02
1.208980e-02
1.220160e-02
1.231340e-02
1.242520e-02
1.253700e-02
1.264880e-02
1.276060e-02
1.287240e-02
1.298420e-02
1.309600e-02
1.320780e-02
1.331960e-02
1.343140e-02
1.354320e-02
1.365500e-02
1.376680e-02
1.387860e-02
1.399040e-02
1.410220e-02
1.421400e-02
1.432580e-02
1.443760e-02
1.454940e-02
1.466120e-02
1.477300e-02
1.488480e-02
1.499660e-02
1.510840e-02
1.522020e-02
1.533200e-02
1.544380e-02
1.555560e-02
1.566740e-02
1.577920e-02
1.589100e-02
1.600280e-02
1.611460e-02
1.622640e-02
1.633820e-02
1.645000e-02
1.659980e-02
1.674960e-02
1.689940e-02
1.704920e-02
1.719900e-02
1.734880e-02
1.749860e-02
1.764840e-02
1.779820e-02
1.794800e-02
1.809780e-02
1.824760e-02
1.839740e-02
1.854720e-02
1.869700e-02
1.884680e-02
1.899660e-02
1.914640e-02
1.929620e-02
1.944600e-02
1.959580e-02
1.974560e-02
1.989540e-02
2.004520e-02
2.019500e-02
2.034480e-02
2.049460e-02
2.064440e-02
2.079420e-02
2.094400e-02
2.109380e-02
2.124360e-02
2.139340e-02
2.154320e-02
2.169300e-02
2.184280e-02
2.199260e-02
2.214240e-02
2.229220e-02
2.244200e-02
2.259180e-02
2.274160e-02
2.289140e-02
2.304120e-02
2.319100e-02
2.334080e-02
2.349060e-02
2.364040e-02
2.379020e-02
2.394000e-02
2.391820e-02
2.389640e-02
2.387460e-02
2.385280e-02
2.383100e-02
2.380920e-02
2.378740e-02
2.376560e-02
2.374380e-02
2.372200e-02
2.370020e-02
2.367840e-02
2.365660e-02
2.363480e-02
2.361300e-02
2.359120e-02
2.356940e-02
2.354760e-02
2.352580e-02
2.350400e-02
2.348220e-02
2.346040e-02
2.343860e-02
2.341680e-02
2.339500e-02
2.337320e-02
2.335140e-02
2.332960e-02
2.330780e-02
2.328600e-02
2.326420e-02
2.324240e-02
2.322060e-02
2.319880e-02
2.317700e-02
2.315520e-02
2.313340e-02
2.311160e-02
2.308980e-02
2.306800e-02
2.304620e-02
2.302440e-02
2.300260e-02
2.298080e-02
2.295900e-02
2.293720e-02
2.291540e-02
2.289360e-02
2.287180e-02
2.285000e-02
2.282820e-02
2.280640e-02
2.278460e-02
2.276280e-02
2.274100e-02
2.271920e-02
2.269740e-02
2.267560e-02
2.265380e-02
2.263200e-02
2.261020e-02
2.258840e-02
2.256660e-02
2.254480e-02
2.252300e-02
2.250120e-02
2.247940e-02
2.245760e-02
2.243580e-02
2.241400e-02
2.239220e-02
2.237040e-02
2.234860e-02
2.232680e-02
2.230500e-02
2.228320e-02
2.226140e-02
2.223960e-02
2.221780e-02
2.219600e-02
2.217420e-02
2.215240e-02
2.213060e-02
2.210880e-02
2.208700e-02
2.206520e-02
2.204340e-02
2.202160e-02
2.199980e-02
2.197800e-02
2.195620e-02
2.193440e-02
2.191260e-02
2.189080e-02
2.186900e-02
2.184720e-02
2.182540e-02
2.180360e-02
2.178180e-02
2.176000e-02
2.187190e-02
2.198380e-02
2.209570e-02
2.220760e-02
2.231950e-02
2.243140e-02
2.254330e-02
2.265520e-02
2.276710e-02
2.287900e-02
2.299090e-02
2.310280e-02
2.321470e-02
2.332660e-02
2.343850e-02
2.355040e-02
2.366230e-02
2.377420e-02
2.388610e-02
2.399800e-02
2.410990e-02
2.422180e-02
2.433370e-02
2.444560e-02
2.455750e-02
2.466940e-02
2.478130e-02
2.489320e-02
2.500510e-02
2.511700e-02
2.522890e-02
2.534080e-02
2.545270e-02
2.556460e-02
2.567650e-02
2.578840e-02
2.590030e-02
2.601220e-02
2.612410e-02
2.623600e-02
2.634790e-02
2.645980e-02
2.657170e-02
2.668360e-02
2.679550e-02
2.690740e-02
2.701930e-02
2.713120e-02
2.724310e-02
2.735500e-02
2.746690e-02
2.757880e-02
2.769070e-02
2.780260e-02
2.791450e-02
2.802640e-02
2.813830e-02
2.825020e-02
2.836210e-02
2.847400e-02
2.858590e-02
2.869780e-02
2.880970e-02
2.892160e-02
2.903350e-02
2.914540e-02
2.925730e-02
2.936920e-02
2.948110e-02
2.959300e-02
2.970490e-02
2.981680e-02
2.992870e-02
3.004060e-02
3.015250e-02
3.026440e-02
3.037630e-02
3.048820e-02
3.060010e-02
3.071200e-02
3.082390e-02
3.093580e-02
3.104770e-02
3.115960e-02
3.127150e-02
3.138340e-02
3.149530e-02
3.160720e-02
3.171910e-02
3.183100e-02
3.194290e-02
3.205480e-02
3.216670e-02
3.227860e-02
3.239050e-02
3.250240e-02
3.261430e-02
3.272620e-02
3.283810e-02
3.295000e-02
3.307750e-02
3.320500e-02
3.333250e-02
3.346000e-02
3.358750e-02
3.371500e-02
3.384250e-02
3.397000e-02
3.409750e-02
3.422500e-02
3.435250e-02
3.448000e-02
3.460750e-02
3.473500e-02
3.486250e-02
3.499000e-02
3.511750e-02
3.524500e-02
3.537250e-02
3.550000e-02
3.562750e-02
3.575500e-02
3.588250e-02
3.601000e-02
3.613750e-02
3.626500e-02
3.639250e-02
3.652000e-02
3.664750e-02
3.677500e-02
3.690250e-02
3.703000e-02
3.715750e-02
3.728500e-02
3.741250e-02
3.754000e-02
3.766750e-02
3.779500e-02
3.792250e-02
3.805000e-02
3.817750e-02
3.830500e-02
3.843250e-02
3.856000e-02
3.868750e-02
3.881500e-02
3.894250e-02
3.907000e-02
3.919750e-02
3.932500e-02
3.945250e-02
3.958000e-02
3.970750e-02
3.983500e-02
3.996250e-02
4.009000e-02
4.021750e-02
4.034500e-02
4.047250e-02
4.060000e-02
4.072750e-02
4.085500e-02
4.098250e-02
4.111000e-02
4.123750e-02
4.136500e-02
4.149250e-02
4.162000e-02
4.174750e-02
4.187500e-02
4.200250e-02
4.213000e-02
4.225750e-02
4.238500e-02
4.251250e-02
4.264000e-02
4.276750e-02
4.289500e-02
4.302250e-02
4.315000e-02
4.327750e-02
4.340500e-02
4.353250e-02
4.366000e-02
4.378750e-02
4.391500e-02
4.404250e-02
4.417000e-02
4.429750e-02
4.442500e-02
4.455250e-02
4.468000e-02
4.480750e-02
4.493500e-02
4.506250e-02
4.519000e-02
4.531750e-02
4.544500e-02
4.557250e-02
4.570000e-02
4.582750e-02
4.595500e-02
4.608250e-02
4.621000e-02
4.633750e-02
4.646500e-02
4.659250e-02
4.672000e-02
4.684750e-02
4.697500e-02
4.710250e-02
4.723000e-02
4.735750e-02
4.748500e-02
4.761250e-02
4.774000e-02
4.786750e-02
4.799500e-02
4.812250e-02
4.825000e-02
4.837750e-02
4.850500e-02
4.863250e-02
4.876000e-02
4.888750e-02
4.901500e-02
4.914250e-02
4.927000e-02
4.939750e-02
4.952500e-02
4.965250e-02
4.978000e-02
4.990750e-02
5.003500e-02
5.016250e-02
5.029000e-02
5.041750e-02
5.054500e-02
5.067250e-02
5.080000e-02
5.092750e-02
5.105500e-02
5.118250e-02
5.131000e-02
5.143750e-02
5.156500e-02
5.169250e-02
5.182000e-02
5.194750e-02
5.207500e-02
5.220250e-02
5.233000e-02
5.245750e-02
5.258500e-02
5.271250e-02
5.284000e-02
5.296750e-02
5.309500e-02
5.322250e-02
5.335000e-02
5.347750e-02
5.360500e-02
5.373250e-02
5.386000e-02
5.398750e-02
5.411500e-02
5.424250e-02
5.437000e-02
5.449750e-02
5.462500e-02
5.475250e-02
5.488000e-02
5.500750e-02
5.513500e-02
5.526250e-02
5.539000e-02
5.551750e-02
5.564500e-02
5.577250e-02
5.590000e-02
5.602750e-02
5.615500e-02
5.628250e-02
5.641000e-02
5.653750e-02
5.666500e-02
5.679250e-02
5.692000e-02
5.704750e-02
5.717500e-02
5.730250e-02
5.743000e-02
5.755750e-02
5.768500e-02
5.781250e-02
5.794000e-02
5.806750e-02
5.819500e-02
5.832250e-02
5.845000e-02
5.868150e-02
5.891300e-02
5.914450e-02
5.937600e-02
5.960750e-02
5.983900e-02
6.007050e-02
6.030200e-02
6.053350e-02
6.076500e-02
6.099650e-02
6.122800e-02
6.145950e-02
6.169100e-02
6.192250e-02
6.215400e-02
6.238550e-02
6.261700e-02
6.284850e-02
6.308000e-02
6.331150e-02
6.354300e-02
6.377450e-02
6.400600e-02
6.423750e-02
6.446900e-02
6.470050e-02
6.493200e-02
6.516350e-02
6.539500e-02
6.562650e-02
6.585800e-02
6.608950e-02
6.632100e-02
6.655250e-02
6.678400e-02
6.701550e-02
6.724700e-02
6.747850e-02
6.771000e-02
6.794150e-02
6.817300e-02
6.840450e-02
6.863600e-02
6.886750e-02
6.909900e-02
6.933050e-02
6.956200e-02
6.979350e-02
7.002500e-02
7.025650e-02
7.048800e-02
7.071950e-02
7.095100e-02
7.118250e-02
7.141400e-02
7.164550e-02
7.187700e-02
7.210850e-02
7.234000e-02
7.257150e-02
7.280300e-02
7.303450e-02
7.326600e-02
7.349750e-02
7.372900e-02
7.396050e-02
7.419200e-02
7.442350e-02
7.465500e-02
7.488650e-02
7.511800e-02
7.534950e-02
7.558100e-02
7.581250e-02
7.604400e-02
7.627550e-02
7.650700e-02
7.673850e-02
7.697000e-02
7.720150e-02
7.743300e-02
7.766450e-02
7.789600e-02
7.812750e-02
7.835900e-02
7.859050e-02
7.882200e-02
7.905350e-02
7.928500e-02
7.951650e-02
7.974800e-02
7.997950e-02
8.021100e-02
8.044250e-02
8.067400e-02
8.090550e-02
8.113700e-02
8.136850e-02
8.160000e-02
8.259708e-02
8.359417e-02
8.459125e-02
8.558834e-02
8.658542e-02
8.758251e-02
8.857959e-02
8.957667e-02
9.057376e-02
9.157084e-02
9.256793e-02
9.356501e-02
9.456210e-02
9.555918e-02
9.655626e-02
9.755335e-02
9.855043e-02
9.954752e-02
1.005446e-01
1.015417e-01
1.025388e-01
1.035359e-01
1.045329e-01
1.055300e-01
1.065271e-01
1.075242e-01
1.085213e-01
1.095184e-01
1.105154e-01
1.115125e-01
1.125096e-01
1.135067e-01
1.145038e-01
1.155009e-01
1.164979e-01
1.174950e-01
1.184921e-01
1.194892e-01
1.204863e-01
1.214834e-01
1.224805e-01
1.234775e-01
1.244746e-01
1.254717e-01
1.264688e-01
1.274659e-01
1.284630e-01
1.294600e-01
1.304571e-01
1.314542e-01
1.324513e-01
1.334484e-01
1.344455e-01
1.354426e-01
1.364396e-01
1.374367e-01
1.384338e-01
1.394309e-01
1.404280e-01
1.414251e-01
1.424221e-01
1.434192e-01
1.444163e-01
1.454134e-01
1.464105e-01
1.474076e-01
1.484046e-01
1.494017e-01
1.503988e-01
1.513959e-01
1.523930e-01
1.533901e-01
1.543872e-01
1.553842e-01
1.563813e-01
1.573784e-01
1.583755e-01
1.593726e-01
1.603697e-01
1.613667e-01
1.623638e-01
1.633609e-01
1.643580e-01
1.653551e-01
1.663522e-01
1.673492e-01
1.683463e-01
1.693434e-01
1.703405e-01
1.713376e-01
1.723347e-01
1.733318e-01
1.743288e-01
1.753259e-01
1.763230e-01
1.773201e-01
1.783172e-01
1.793143e-01
1.803113e-01
1.813084e-01
1.823055e-01
1.833026e-01
1.842997e-01
1.852968e-01
1.862938e-01
1.872909e-01
1.882880e-01
1.892851e-01
1.902822e-01
1.912793e-01
1.922764e-01
1.932734e-01
1.942705e-01
1.952676e-01
1.962647e-01
1.972618e-01
1.982589e-01
1.992559e-01
2.002530e-01
2.012501e-01
2.022472e-01
2.032443e-01
2.042414e-01
2.052385e-01
2.062355e-01
2.072326e-01
2.082297e-01
2.092268e-01
2.102239e-01
2.112210e-01
2.122180e-01
2.132151e-01
2.142122e-01
2.152093e-01
2.162064e-01
2.172035e-01
2.182005e-01
2.191976e-01
2.201947e-01
2.211918e-01
2.221889e-01
2.231860e-01
2.241831e-01
2.251801e-01
2.261772e-01
2.271743e-01
2.281714e-01
2.291685e-01
2.301656e-01
2.311626e-01
2.321597e-01
2.331568e-01
2.341539e-01
2.351510e-01
2.361481e-01
2.371451e-01
2.381422e-01
2.391393e-01
2.401364e-01
2.411335e-01
2.421306e-01
2.431277e-01
2.441247e-01
2.451218e-01
2.461189e-01
2.471160e-01
2.481131e-01
2.491102e-01
2.501072e-01
2.511043e-01
2.521014e-01
2.530985e-01
2.540956e-01
2.550927e-01
2.560897e-01
2.570868e-01
2.580839e-01
2.590810e-01
2.600781e-01
2.610752e-01
2.620723e-01
2.630693e-01
2.640664e-01
2.650635e-01
2.660606e-01
2.670577e-01
2.680548e-01
2.690518e-01
2.700489e-01
2.710460e-01
2.720431e-01
2.730402e-01
2.740373e-01
2.750343e-01
2.760314e-01
2.770285e-01
2.780256e-01
2.790227e-01
2.800198e-01
2.810169e-01
2.820139e-01
2.830110e-01
2.840081e-01
2.850052e-01
2.860023e-01
2.869994e-01
2.879964e-01
2.889935e-01
2.899906e-01
2.909877e-01
2.919848e-01
2.929819e-01
2.939790e-01
2.949760e-01
2.959731e-01
2.969702e-01
2.979673e-01
2.989644e-01
2.999615e-01
3.009585e-01
3.019556e-01
3.029527e-01
3.039498e-01
3.049469e-01
3.059440e-01
3.069410e-01
3.079381e-01
3.089352e-01
3.099323e-01
3.109294e-01
3.119265e-01
3.129236e-01
3.139206e-01
3.149177e-01
3.159148e-01
3.169119e-01
3.179090e-01
3.189061e-01
3.199031e-01
3.209002e-01
3.218973e-01
3.228944e-01
3.238915e-01
3.248886e-01
3.258856e-01
3.268827e-01
3.278798e-01
3.288769e-01
3.298740e-01
3.308711e-01
3.318682e-01
3.328652e-01
3.338623e-01
3.348594e-01
3.358565e-01
3.368536e-01
3.378507e-01
3.388477e-01
3.398448e-01
3.408419e-01
3.418390e-01
3.428361e-01
3.438332e-01
3.448302e-01
3.458273e-01
3.468244e-01
3.478215e-01
3.488186e-01
3.498157e-01
3.508128e-01
3.518098e-01
3.528069e-01
3.538040e-01
3.548011e-01
3.557982e-01
3.567953e-01
3.577923e-01
3.587894e-01
3.597865e-01
3.607836e-01
3.617807e-01
3.627778e-01
3.637748e-01
3.647719e-01
3.657690e-01
3.667661e-01
3.677632e-01
3.687603e-01
3.697574e-01
3.707544e-01
3.717515e-01
3.727486e-01
3.737457e-01
3.747428e-01
3.757399e-01
3.767369e-01
3.777340e-01
3.787311e-01
3.797282e-01
3.807253e-01
3.817224e-01
3.827195e-01
3.837165e-01
3.847136e-01
3.857107e-01
3.867078e-01
3.877049e-01
3.887020e-01
3.896990e-01
3.906961e-01
3.916932e-01
3.926903e-01
3.936874e-01
3.946845e-01
3.956815e-01
3.966786e-01
3.976757e-01
3.986728e-01
3.996699e-01
4.006670e-01
4.016641e-01
4.026611e-01
4.036582e-01
4.046553e-01
4.056524e-01
4.066495e-01
4.076466e-01
4.086436e-01
4.096407e-01
4.106378e-01
4.116349e-01
4.126320e-01
4.136291e-01
4.146261e-01
4.156232e-01
4.166203e-01
4.176174e-01
4.186145e-01
4.196116e-01
4.206087e-01
4.216057e-01
4.226028e-01
4.235999e-01
4.245970e-01
4.255941e-01
4.265912e-01
4.275882e-01
4.285853e-01
4.295824e-01
4.305795e-01
4.315766e-01
4.325737e-01
4.335707e-01
4.345678e-01
4.355649e-01
4.365620e-01
4.375591e-01
4.385562e-01
4.395533e-01
4.405503e-01
4.415474e-01
4.425445e-01
4.435416e-01
4.445387e-01
4.455358e-01
4.465328e-01
4.475299e-01
4.485270e-01
4.495241e-01
4.505212e-01
4.515183e-01
4.525154e-01
4.535124e-01
4.545095e-01
4.555066e-01
4.565037e-01
4.575008e-01
4.584979e-01
4.594949e-01
4.604920e-01
4.614891e-01
4.624862e-01
4.634833e-01
4.644804e-01
4.654774e-01
4.664745e-01
4.674716e-01
4.684687e-01
4.694658e-01
4.704629e-01
4.714600e-01
4.724570e-01
4.734541e-01
4.744512e-01
4.754483e-01
4.764454e-01
4.774425e-01
4.784395e-01
4.794366e-01
4.804337e-01
4.814308e-01
4.824279e-01
4.834250e-01
4.844220e-01
4.854191e-01
4.864162e-01
4.874133e-01
4.894751e-01
4.915368e-01
4.935985e-01
4.956603e-01
4.977220e-01
4.997837e-01
5.018455e-01
5.039072e-01
5.059689e-01
5.080307e-01
5.100924e-01
5.121541e-01
5.142159e-01
5.162776e-01
5.183393e-01
5.204011e-01
5.224628e-01
5.245245e-01
5.265863e-01
5.286480e-01
5.307097e-01
5.327715e-01
5.348332e-01
5.368949e-01
5.389567e-01
5.410184e-01
5.430801e-01
5.451419e-01
5.472036e-01
5.492653e-01
5.513271e-01
5.533888e-01
5.554505e-01
5.575123e-01
5.595740e-01
5.616357e-01
5.636975e-01
5.657592e-01
5.678209e-01
5.698827e-01
5.719444e-01
5.740061e-01
5.760679e-01
5.781296e-01
5.801913e-01
5.822531e-01
5.843148e-01
5.863765e-01
5.884383e-01
5.905000e-01
5.925617e-01
5.946235e-01
5.966852e-01
5.987469e-01
6.008087e-01
6.028704e-01
6.049321e-01
6.069939e-01
6.090556e-01
6.111173e-01
6.131791e-01
6.152408e-01
6.173025e-01
6.193643e-01
6.214260e-01
6.234877e-01
6.255495e-01
6.276112e-01
6.296729e-01
6.317347e-01
6.337964e-01
6.358581e-01
6.379199e-01
6.399816e-01
6.420433e-01
6.441051e-01
6.461668e-01
6.482285e-01
6.502903e-01
6.523520e-01
6.544137e-01
6.564755e-01
6.585372e-01
6.605989e-01
6.626607e-01
6.647224e-01
6.667841e-01
6.688459e-01
6.709076e-01
6.729693e-01
6.750311e-01
6.770928e-01
6.791545e-01
6.812163e-01
6.832780e-01
6.853397e-01
6.874015e-01
6.894632e-01
6.915249e-01
6.935867e-01
6.957125e-01
6.978384e-01
6.999642e-01
7.020900e-01
7.042159e-01
7.063417e-01
7.084675e-01
7.105934e-01
7.127192e-01
7.148450e-01
7.169709e-01
7.190967e-01
7.212225e-01
7.233484e-01
7.254742e-01
7.276000e-01
7.297259e-01
7.318517e-01
7.339776e-01
7.361034e-01
7.382293e-01
7.403551e-01
7.424810e-01
7.446068e-01
7.467326e-01
7.488585e-01
7.509843e-01
7.531101e-01
7.552360e-01
7.573618e-01
7.594876e-01
7.616135e-01
7.637393e-01
7.658651e-01
7.679910e-01
7.701168e-01
7.722426e-01
7.743685e-01
7.764943e-01
7.786201e-01
7.807460e-01
7.828718e-01
7.849977e-01
7.871235e-01
7.892494e-01
7.913752e-01
7.935011e-01
7.956269e-01
7.977527e-01
7.998786e-01
8.020044e-01
8.041302e-01
8.062561e-01
8.083819e-01
8.105077e-01
8.126336e-01
8.147594e-01
8.168852e-01
8.190111e-01
8.211369e-01
8.232627e-01
8.253886e-01
8.275144e-01
8.296402e-01
8.317661e-01
8.338919e-01
8.360178e-01
8.381436e-01
8.402695e-01
8.423953e-01
8.445211e-01
8.466470e-01
8.487728e-01
8.508987e-01
8.530245e-01
8.551503e-01
8.572762e-01
8.594020e-01
8.615278e-01
8.636537e-01
8.657795e-01
8.679053e-01
8.700312e-01
8.721570e-01
8.742828e-01
8.764087e-01
8.785345e-01
8.806603e-01
8.827862e-01
8.849120e-01
8.870379e-01
8.891637e-01
8.912896e-01
8.934154e-01
8.955412e-01
8.976671e-01
8.997929e-01
9.019188e-01
9.040446e-01
9.061704e-01
9.082963e-01
9.104221e-01
9.125479e-01
9.146738e-01
9.167996e-01
9.189254e-01
9.210513e-01
9.231771e-01
9.253029e-01
9.274288e-01
9.295546e-01
9.316804e-01
9.338063e-01
9.359321e-01
9.380580e-01
9.401838e-01
9.423097e-01
9.444355e-01
9.465613e-01
9.486872e-01
9.508130e-01
9.529389e-01
9.550647e-01
9.571905e-01
9.593164e-01
9.614422e-01
9.635680e-01
9.656939e-01
9.678197e-01
9.699455e-01
9.720714e-01
9.741972e-01
9.763230e-01
9.784489e-01
9.805747e-01
9.827005e-01
9.848264e-01
9.869522e-01
9.890781e-01
9.912041e-01
9.933298e-01
9.954554e-01
9.975816e-01
9.997073e-01
1.001833e+00
1.003959e+00
1.006085e+00
1.008210e+00
1.010337e+00
1.012462e+00
1.014588e+00
1.016714e+00
1.018840e+00
1.020965e+00
1.023092e+00
1.025217e+00
1.027343e+00
1.029469e+00
1.031595e+00
1.033720e+00
1.035847e+00
1.037972e+00
1.040098e+00
1.042224e+00
1.044350e+00
1.046475e+00
1.048602e+00
1.050727e+00
1.052853e+00
1.054979e+00
1.057105e+00
1.059230e+00
1.061357e+00
1.063482e+00
1.065608e+00
1.067734e+00
1.069860e+00
1.071986e+00
1.074112e+00
1.076237e+00
1.078363e+00
1.080489e+00
1.082615e+00
1.084741e+00
1.086867e+00
1.088992e+00
1.091118e+00
1.093244e+00
1.095370e+00
1.097496e+00
1.099622e+00
1.101747e+00
1.103873e+00
1.105999e+00
1.108125e+00
1.110251e+00
1.112377e+00
1.114502e+00
1.116628e+00
1.118754e+00
1.120880e+00
1.123259e+00
1.125637e+00
1.128016e+00
1.130394e+00
1.132772e+00
1.135151e+00
1.137530e+00
1.139908e+00
1.142287e+00
1.144665e+00
1.147043e+00
1.149422e+00
1.151801e+00
1.154179e+00
1.156558e+00
1.158936e+00
1.161314e+00
1.163693e+00
1.166071e+00
1.168450e+00
1.170829e+00
1.173207e+00
1.175585e+00
1.177964e+00
1.180342e+00
1.182721e+00
1.185100e+00
1.187478e+00
1.189856e+00
1.192235e+00
1.194613e+00
1.196992e+00
1.199371e+00
1.201749e+00
1.204127e+00
1.206506e+00
1.208884e+00
1.211263e+00
1.213642e+00
1.216020e+00
1.218399e+00
1.220777e+00
1.223155e+00
1.225534e+00
1.227913e+00
1.230291e+00
1.232670e+00
1.235048e+00
1.237426e+00
1.239805e+00
1.242183e+00
1.244562e+00
1.246941e+00
1.249319e+00
1.251697e+00
1.254076e+00
1.256454e+00
1.258833e+00
1.261212e+00
1.263590e+00
1.265968e+00
1.268347e+00
1.270725e+00
1.273104e+00
1.275483e+00
1.277861e+00
1.280239e+00
1.282618e+00
1.284996e+00
1.287375e+00
1.289754e+00
1.292132e+00
1.294511e+00
1.296889e+00
1.299267e+00
1.301646e+00
1.304024e+00
1.306403e+00
1.308782e+00
1.311160e+00
1.313538e+00
1.315917e+00
1.318295e+00
1.320674e+00
1.323053e+00
1.325431e+00
1.327809e+00
1.330188e+00
1.332566e+00
1.334945e+00
1.337324e+00
1.339702e+00
1.342080e+00
1.344459e+00
1.346837e+00
1.349216e+00
1.351595e+00
1.353973e+00
1.356351e+00
1.358730e+00
1.361108e+00
1.363487e+00
1.365866e+00
1.368244e+00
1.370622e+00
1.373001e+00
1.375379e+00
1.377758e+00
1.380136e+00
1.382515e+00
1.384894e+00
1.387272e+00
1.389650e+00
1.392029e+00
1.394407e+00
1.396786e+00
1.399165e+00
1.401543e+00
1.403921e+00
1.406300e+00
1.408678e+00
1.411057e+00
1.413436e+00
1.415814e+00
1.418192e+00
1.420571e+00
1.422949e+00
1.425328e+00
1.427707e+00
1.430085e+00
1.432463e+00
1.434842e+00
1.437220e+00
1.439599e+00
1.441978e+00
1.444356e+00
1.446734e+00
1.449113e+00
1.451491e+00
1.453870e+00
1.456248e+00
1.458627e+00
1.461006e+00
1.463384e+00
1.465762e+00
1.468141e+00
1.470519e+00
1.472898e+00
1.475277e+00
1.477655e+00
1.480033e+00
1.482412e+00
1.484790e+00
1.487169e+00
1.489548e+00
1.491926e+00
1.494304e+00
1.496683e+00
1.499061e+00
1.501440e+00
1.503819e+00
1.506197e+00
1.508575e+00
1.510954e+00
1.513332e+00
1.515711e+00
1.518089e+00
1.520468e+00
1.522846e+00
1.525225e+00
1.527603e+00
1.529982e+00
1.532360e+00
1.534739e+00
1.537117e+00
1.539496e+00
1.541874e+00
1.544253e+00
1.546631e+00
1.549010e+00
1.551389e+00
1.553767e+00
1.556145e+00
1.558524e+00
1.560902e+00
1.563281e+00
1.565660e+00
1.568038e+00
1.570416e+00
1.572795e+00
1.575173e+00
1.577552e+00
1.579931e+00
1.582309e+00
1.584687e+00
1.587066e+00
1.589444e+00
1.591823e+00
1.594201e+00
1.596580e+00
1.598958e+00
1.601336e+00
1.603715e+00
1.606094e+00
1.608472e+00
1.610851e+00
1.613229e+00
1.615608e+00
1.617986e+00
1.620365e+00
1.622743e+00
1.625122e+00
1.627500e+00
1.629879e+00
1.632257e+00
1.634636e+00
1.637014e+00
1.639393e+00
1.641772e+00
1.644150e+00
1.646528e+00
1.648907e+00
1.651285e+00
1.653664e+00
1.656043e+00
1.658421e+00
1.660799e+00
1.663177e+00
1.665556e+00
1.667935e+00
1.670313e+00
1.672692e+00
1.675070e+00
1.677448e+00
1.679827e+00
1.682206e+00
1.684584e+00
1.686963e+00
1.689341e+00
1.691720e+00
1.694098e+00
1.696477e+00
1.698855e+00
1.701234e+00
1.703612e+00
1.705991e+00
1.708369e+00
1.710748e+00
1.713126e+00
1.715505e+00
1.717884e+00
1.720262e+00
1.722640e+00
1.725019e+00
1.727397e+00
1.729776e+00
1.732154e+00
1.734533e+00
1.736911e+00
1.739289e+00
1.741668e+00
1.744047e+00
1.746425e+00
1.748804e+00
1.751182e+00
1.753560e+00
1.755939e+00
1.758318e+00
1.760696e+00
1.763075e+00
1.765453e+00
1.767831e+00
1.770210e+00
1.772589e+00
1.774967e+00
1.777346e+00
1.779724e+00
1.782103e+00
1.784481e+00
1.786860e+00
1.789238e+00
1.791617e+00
1.793995e+00
1.796374e+00
1.798752e+00
1.801131e+00
1.803509e+00
1.805888e+00
1.808266e+00
1.810645e+00
1.813023e+00
1.815401e+00
1.817780e+00
1.820159e+00
1.822537e+00
1.824916e+00
1.827294e+00
1.829672e+00
1.832051e+00
1.834430e+00
1.836808e+00
1.839187e+00
1.842700e+00
1.846215e+00
1.849728e+00
1.853242e+00
1.856756e+00
1.860270e+00
1.863784e+00
1.867298e+00
1.870812e+00
1.874326e+00
1.877840e+00
1.881353e+00
1.884868e+00
1.888381e+00
1.891895e+00
1.895409e+00
1.898923e+00
1.902437e+00
1.905951e+00
1.909464e+00
1.912979e+00
1.916492e+00
1.920006e+00
1.923520e+00
1.927034e+00
1.930548e+00
1.934062e+00
1.937576e+00
1.941090e+00
1.944604e+00
1.948117e+00
1.951632e+00
1.955145e+00
1.958659e+00
1.962173e+00
1.965687e+00
1.969201e+00
1.972715e+00
1.976229e+00
1.979743e+00
1.983257e+00
1.986770e+00
1.990285e+00
1.993798e+00
1.997312e+00
2.000826e+00
2.004340e+00
2.007853e+00
2.011368e+00
2.014881e+00
2.018396e+00
2.021909e+00
2.025423e+00
2.028937e+00
2.032451e+00
2.035965e+00
2.039479e+00
2.042993e+00
2.046506e+00
2.050021e+00
2.053534e+00
2.057049e+00
2.060562e+00
2.064076e+00
2.067590e+00
2.071104e+00
2.074618e+00
2.078132e+00
2.081646e+00
2.085159e+00
2.088674e+00
2.092187e+00
2.095701e+00
2.099215e+00
2.102729e+00
2.106243e+00
2.109757e+00
2.113270e+00
2.116785e+00
2.120298e+00
2.123812e+00
2.127326e+00
2.130840e+00
2.134354e+00
2.137868e+00
2.141382e+00
2.144896e+00
2.148410e+00
2.151923e+00
2.155438e+00
2.158951e+00
2.162465e+00
2.165979e+00
2.169493e+00
2.173007e+00
2.176521e+00
2.180035e+00
2.183549e+00
2.187063e+00
2.190576e+00
2.194090e+00
2.197604e+00
2.201118e+00
2.204632e+00
2.208146e+00
2.211659e+00
2.215174e+00
2.218687e+00
2.222202e+00
2.225715e+00
2.229229e+00
2.232743e+00
2.236257e+00
2.239771e+00
2.243285e+00
2.246799e+00
2.250312e+00
2.253827e+00
2.257340e+00
2.260855e+00
2.264368e+00
2.267882e+00
2.271396e+00
2.274910e+00
2.278424e+00
2.281938e+00
2.285452e+00
2.288965e+00
2.292480e+00
2.295993e+00
2.299507e+00
2.303021e+00
2.306535e+00
2.310049e+00
2.313563e+00
2.317076e+00
2.320591e+00
2.324104e+00
2.327618e+00
2.331132e+00
2.334646e+00
2.338160e+00
2.341674e+00
2.345188e+00
2.348702e+00
2.352216e+00
2.355729e+00
2.359244e+00
2.362757e+00
2.366271e+00
2.369785e+00
2.373299e+00
2.376813e+00
2.380327e+00
2.383841e+00
2.387355e+00
2.390869e+00
2.394382e+00
2.397896e+00
2.401410e+00
2.404924e+00
2.408438e+00
2.411952e+00
2.415466e+00
2.418980e+00
2.422493e+00
2.426008e+00
2.429521e+00
2.433035e+00
2.436549e+00
2.440063e+00
2.443577e+00
2.447091e+00
2.450605e+00
2.454119e+00
2.457633e+00
2.461146e+00
2.464661e+00
2.468174e+00
2.471688e+00
2.475202e+00
2.478716e+00
2.482230e+00
2.485744e+00
2.489258e+00
2.492772e+00
2.496285e+00
2.499799e+00
2.503313e+00
2.506827e+00
2.510341e+00
2.513855e+00
2.517369e+00
2.520882e+00
2.524397e+00
2.527910e+00
2.531425e+00
2.534938e+00
2.538452e+00
2.541966e+00
2.545480e+00
2.548733e+00
2.551986e+00
2.555239e+00
2.558492e+00
2.561745e+00
2.564998e+00
2.568251e+00
2.571504e+00
2.574757e+00
2.578010e+00
2.581263e+00
2.584516e+00
2.587769e+00
2.591022e+00
2.594275e+00
2.597528e+00
2.600781e+00
2.604034e+00
2.607287e+00
2.610540e+00
2.613793e+00
2.617046e+00
2.620299e+00
2.623552e+00
2.626805e+00
2.630058e+00
2.633311e+00
2.636564e+00
2.639817e+00
2.643070e+00
2.646323e+00
2.649576e+00
2.652829e+00
2.656082e+00
2.659335e+00
2.662588e+00
2.665841e+00
2.669094e+00
2.672347e+00
2.675600e+00
2.678853e+00
2.682106e+00
2.685359e+00
2.688612e+00
2.691865e+00
2.695118e+00
2.698371e+00
2.701624e+00
2.704877e+00
2.708130e+00
2.711383e+00
2.714636e+00
2.717889e+00
2.721142e+00
2.724395e+00
2.727648e+00
2.730901e+00
2.734154e+00
2.737407e+00
2.740660e+00
2.743913e+00
2.747166e+00
2.750419e+00
2.753672e+00
2.756925e+00
2.760178e+00
2.763431e+00
2.766684e+00
2.769937e+00
2.773190e+00
2.776443e+00
2.779696e+00
2.782949e+00
2.786202e+00
2.789455e+00
2.792708e+00
2.795961e+00
2.799214e+00
2.802467e+00
2.805720e+00
2.808973e+00
2.812226e+00
2.815479e+00
2.818732e+00
2.821985e+00
2.825238e+00
2.828491e+00
2.831744e+00
2.834997e+00
2.838250e+00
2.841503e+00
2.844756e+00
2.848009e+00
2.851262e+00
2.854515e+00
2.857768e+00
2.861021e+00
2.864274e+00
2.867527e+00
2.870780e+00
2.874033e+00
2.877286e+00
2.880539e+00
2.883792e+00
2.887045e+00
2.890298e+00
2.893551e+00
2.896804e+00
2.900057e+00
2.903310e+00
2.906563e+00
2.909816e+00
2.913069e+00
2.916322e+00
2.919575e+00
2.922829e+00
2.926081e+00
2.929334e+00
2.932587e+00
2.935840e+00
2.939093e+00
2.942346e+00
2.945599e+00
2.948852e+00
2.952105e+00
2.955358e+00
2.958611e+00
2.961864e+00
2.965117e+00
2.968370e+00
2.971623e+00
2.974876e+00
2.978129e+00
2.981382e+00
2.984635e+00
2.987888e+00
2.991141e+00
2.994394e+00
2.997647e+00
3.000900e+00
3.004154e+00
3.007406e+00
3.010659e+00
3.013913e+00
3.017165e+00
3.020418e+00
3.023672e+00
3.026924e+00
3.030177e+00
3.033431e+00
3.036683e+00
3.039936e+00
3.043189e+00
3.046442e+00
3.049695e+00
3.052948e+00
3.056201e+00
3.059454e+00
3.062707e+00
3.065960e+00
3.069213e+00
3.072466e+00
3.075719e+00
3.078972e+00
3.082225e+00
3.085478e+00
3.088731e+00
3.091984e+00
3.095238e+00
3.098490e+00
3.101743e+00
3.104997e+00
3.108249e+00
3.111502e+00
3.114756e+00
3.118008e+00
3.121261e+00
3.124515e+00
3.127767e+00
3.131020e+00
3.134274e+00
3.137526e+00
3.140779e+00
3.144033e+00
3.147285e+00
3.150538e+00
3.153791e+00
3.157044e+00
3.160297e+00
3.163550e+00
3.166803e+00
3.170056e+00
3.173309e+00
3.176562e+00
3.179815e+00
3.183068e+00
3.186322e+00
3.189574e+00
3.192827e+00
3.196081e+00
3.199333e+00
3.203062e+00
3.206790e+00
3.210519e+00
3.214248e+00
3.217976e+00
3.221704e+00
3.225432e+00
3.229161e+00
3.232890e+00
3.236618e+00
3.240347e+00
3.244075e+00
3.247803e+00
3.251532e+00
3.255261e+00
3.258989e+00
3.262718e+00
3.266446e+00
3.270174e+00
3.273903e+00
3.277631e+00
3.281360e+00
3.285089e+00
3.288817e+00
3.292545e+00
3.296274e+00
3.300002e+00
3.303731e+00
3.307459e+00
3.311188e+00
3.314916e+00
3.318644e+00
3.322373e+00
3.326102e+00
3.329830e+00
3.333559e+00
3.337287e+00
3.341015e+00
3.344744e+00
3.348472e+00
3.352201e+00
3.355930e+00
3.359658e+00
3.363386e+00
3.367115e+00
3.370843e+00
3.374572e+00
3.378301e+00
3.382029e+00
3.385757e+00
3.389485e+00
3.393214e+00
3.396943e+00
3.400671e+00
3.404400e+00
3.408128e+00
3.411856e+00
3.415585e+00
3.419314e+00
3.423042e+00
3.426771e+00
3.430499e+00
3.434227e+00
3.437956e+00
3.441684e+00
3.445413e+00
3.449142e+00
3.452870e+00
3.456598e+00
3.460327e+00
3.464055e+00
3.467784e+00
3.471512e+00
3.475241e+00
3.478969e+00
3.482697e+00
3.486426e+00
3.490155e+00
3.493883e+00
3.497612e+00
3.501340e+00
3.505068e+00
3.508797e+00
3.512525e+00
3.516254e+00
3.519983e+00
3.523711e+00
3.527439e+00
3.531168e+00
3.534896e+00
3.538625e+00
3.542353e+00
3.546082e+00
3.549810e+00
3.553538e+00
3.557267e+00
3.560996e+00
3.564724e+00
3.568453e+00
3.572181e+00
3.575909e+00
3.579638e+00
3.583366e+00
3.587095e+00
3.590824e+00
3.594552e+00
3.598280e+00
3.602009e+00
3.605737e+00
3.609466e+00
3.613195e+00
3.616923e+00
3.620651e+00
3.624379e+00
3.628108e+00
3.631837e+00
3.635565e+00
3.639294e+00
3.643022e+00
3.646750e+00
3.650479e+00
3.654208e+00
3.657936e+00
3.661665e+00
3.665393e+00
3.669121e+00
3.672850e+00
3.676578e+00
3.680307e+00
3.684036e+00
3.687764e+00
3.691492e+00
3.695221e+00
3.698949e+00
3.702678e+00
3.706406e+00
3.710135e+00
3.713863e+00
3.717591e+00
3.721320e+00
3.725049e+00
3.728777e+00
3.732506e+00
3.736234e+00
3.739962e+00
3.743691e+00
3.747419e+00
3.751148e+00
3.754877e+00
3.758605e+00
3.762333e+00
3.766062e+00
3.769790e+00
3.773519e+00
3.777248e+00
3.780976e+00
3.784704e+00
3.788432e+00
3.792161e+00
3.795890e+00
3.799618e+00
3.803347e+00
3.807075e+00
3.810803e+00
3.814532e+00
3.818261e+00
3.821989e+00
3.825718e+00
3.829446e+00
3.833174e+00
3.836903e+00
3.840631e+00
3.844360e+00
3.848089e+00
3.851817e+00
3.855545e+00
3.859274e+00
3.863002e+00
3.866731e+00
3.870459e+00
3.874188e+00
3.877916e+00
3.881644e+00
3.885373e+00
3.889102e+00
3.892830e+00
3.896559e+00
3.900287e+00
3.904015e+00
3.907744e+00
3.911472e+00
3.915201e+00
3.918930e+00
3.922658e+00
3.926386e+00
3.930115e+00
3.933843e+00
3.937572e+00
3.941301e+00
3.945029e+00
3.948757e+00
3.952485e+00
3.956214e+00
3.959943e+00
3.963671e+00
3.967400e+00
3.971128e+00
3.974856e+00
3.978585e+00
3.982314e+00
3.986042e+00
3.989771e+00
3.993499e+00
3.997227e+00
4.000956e+00
4.004684e+00
4.008413e+00
4.012142e+00
4.015870e+00
4.019598e+00
4.023327e+00
4.027055e+00
4.030784e+00
4.034512e+00
4.038241e+00
4.041969e+00
4.045697e+00
4.049426e+00
4.053155e+00
4.056883e+00
4.060612e+00
4.064340e+00
4.068068e+00
4.071797e+00
4.075525e+00
4.079254e+00
4.082983e+00
4.086711e+00
4.090439e+00
4.094168e+00
4.097896e+00
4.101625e+00
4.105353e+00
4.109082e+00
4.112810e+00
4.116538e+00
4.120267e+00
4.123996e+00
4.127724e+00
4.131453e+00
4.135181e+00
4.138909e+00
4.142638e+00
4.146366e+00
4.150095e+00
4.153824e+00
4.157552e+00
4.161280e+00
4.165009e+00
4.168737e+00
4.172466e+00
4.176195e+00
4.179923e+00
4.183651e+00
4.187379e+00
4.191108e+00
4.194837e+00
4.198565e+00
4.202294e+00
4.206022e+00
4.209750e+00
4.213479e+00
4.217208e+00
4.220936e+00
4.224665e+00
4.228393e+00
4.232121e+00
4.235850e+00
4.239578e+00
4.243307e+00
4.247036e+00
4.250764e+00
4.254492e+00
4.258221e+00
4.261949e+00
4.265678e+00
4.269406e+00
4.273135e+00
4.276863e+00
4.280591e+00
4.284320e+00
4.288049e+00
4.291777e+00
4.295506e+00
4.299234e+00
4.302962e+00
4.306691e+00
4.310419e+00
4.314148e+00
4.317877e+00
4.321605e+00
4.325333e+00
4.329428e+00
4.333523e+00
4.337618e+00
4.341713e+00
4.345808e+00
4.349903e+00
4.353998e+00
4.358093e+00
4.362188e+00
4.366283e+00
4.370378e+00
4.374473e+00
4.378568e+00
4.382663e+00
4.386758e+00
4.390852e+00
4.394947e+00
4.399043e+00
4.403138e+00
4.407232e+00
4.411327e+00
4.415422e+00
4.419517e+00
4.423612e+00
4.427707e+00
4.431802e+00
4.435897e+00
4.439992e+00
4.444087e+00
4.448182e+00
4.452277e+00
4.456372e+00
4.460467e+00
4.464562e+00
4.468657e+00
4.472752e+00
4.476846e+00
4.480941e+00
4.485037e+00
4.489132e+00
4.493227e+00
4.497321e+00
4.501416e+00
4.505511e+00
4.509606e+00
4.513701e+00
4.517796e+00
4.521891e+00
4.525986e+00
4.530081e+00
4.534176e+00
4.538271e+00
4.542366e+00
4.546461e+00
4.550556e+00
4.554651e+00
4.558746e+00
4.562840e+00
4.566935e+00
4.571031e+00
4.575126e+00
4.579221e+00
4.583315e+00
4.587410e+00
4.591505e+00
4.595600e+00
4.599695e+00
4.603790e+00
4.607885e+00
4.611980e+00
4.616075e+00
4.620170e+00
4.624265e+00
4.628360e+00
4.632455e+00
4.636550e+00
4.640645e+00
4.644740e+00
4.648834e+00
4.652929e+00
4.657025e+00
4.661120e+00
4.665215e+00
4.669309e+00
4.673404e+00
4.677499e+00
4.681594e+00
4.685689e+00
4.689784e+00
4.693879e+00
4.697974e+00
4.702069e+00
4.706164e+00
4.710259e+00
4.714354e+00
4.718449e+00
4.722544e+00
4.726639e+00
4.730734e+00
4.734828e+00
4.738923e+00
4.743019e+00
4.747114e+00
4.751209e+00
4.755303e+00
4.759398e+00
4.763493e+00
4.767588e+00
4.771684e+00
4.775778e+00
4.779873e+00
4.783968e+00
4.788063e+00
4.792158e+00
4.796253e+00
4.800348e+00
4.804443e+00
4.808538e+00
4.812633e+00
4.816728e+00
4.820822e+00
4.824917e+00
4.829013e+00
4.833108e+00
4.837203e+00
4.841297e+00
4.845392e+00
4.849487e+00
4.853583e+00
4.857678e+00
4.861772e+00
4.865867e+00
4.869962e+00
4.874057e+00
4.878152e+00
4.882247e+00
4.886342e+00
4.890437e+00
4.894532e+00
4.898627e+00
4.902722e+00
4.906816e+00
4.910912e+00
4.915007e+00
4.919102e+00
4.923197e+00
4.927291e+00
4.931386e+00
4.935481e+00
4.939577e+00
4.943672e+00
4.947766e+00
4.951861e+00
4.955956e+00
4.960051e+00
4.964146e+00
4.968241e+00
4.972336e+00
4.976431e+00
4.980526e+00
4.984621e+00
4.988716e+00
4.992811e+00
4.996906e+00
5.001001e+00
5.005096e+00
5.009191e+00
5.013285e+00
5.017380e+00
5.021475e+00
5.025571e+00
5.029666e+00
5.033760e+00
5.037855e+00
5.041950e+00
5.046045e+00
5.050140e+00
5.054235e+00
5.058330e+00
5.062425e+00
5.066520e+00
5.070615e+00
5.074710e+00
5.078805e+00
5.082900e+00
5.086995e+00
5.091090e+00
5.095185e+00
5.099279e+00
5.103374e+00
5.107469e+00
5.111565e+00
5.115660e+00
5.119754e+00
5.123849e+00
5.127944e+00
5.132039e+00
5.136134e+00
5.140229e+00
5.144324e+00
5.148419e+00
5.152514e+00
5.156609e+00
5.160704e+00
5.164799e+00
5.168894e+00
5.172989e+00
5.177084e+00
5.181179e+00
5.185273e+00
5.189368e+00
5.193463e+00
5.197559e+00
5.201654e+00
5.205748e+00
5.209843e+00
5.213938e+00
5.218033e+00
5.222128e+00
5.226223e+00
5.230318e+00
5.234413e+00
5.238508e+00
5.242603e+00
5.246698e+00
5.250793e+00
5.254888e+00
5.258983e+00
5.263078e+00
5.267173e+00
5.271268e+00
5.275362e+00
5.279457e+00
5.283553e+00
5.287648e+00
5.291742e+00
5.295837e+00
5.299932e+00
5.304027e+00
5.308122e+00
5.312217e+00
5.316312e+00
5.320407e+00
5.324502e+00
5.328597e+00
5.332692e+00
5.336787e+00
5.340882e+00
5.344977e+00
5.349072e+00
5.353167e+00
5.357262e+00
5.361356e+00
5.365451e+00
5.369547e+00
5.373642e+00
5.377736e+00
5.381831e+00
5.385926e+00
5.390021e+00
5.394116e+00
5.398211e+00
5.402306e+00
5.406401e+00
5.410496e+00
5.414591e+00
5.418686e+00
5.422781e+00
5.426876e+00
5.430971e+00
5.435066e+00
5.439161e+00
5.443256e+00
5.447350e+00
5.451445e+00
5.455541e+00
5.459636e+00
5.463730e+00
5.467825e+00
5.471920e+00
5.476015e+00
5.480110e+00
5.484205e+00
5.488300e+00
5.492395e+00
5.496490e+00
5.500585e+00
5.504680e+00
5.508775e+00
5.512870e+00
5.516965e+00
5.521060e+00
5.525155e+00
5.529250e+00
5.533344e+00
5.537439e+00
5.541535e+00
5.545630e+00
5.549725e+00
5.553819e+00
5.557914e+00
5.562009e+00
5.566104e+00
5.570199e+00
5.574294e+00
5.578389e+00
5.582484e+00
5.586579e+00
5.590674e+00
5.594769e+00
5.598864e+00
5.602959e+00
5.607054e+00
5.611149e+00
5.615244e+00
5.619338e+00
5.623433e+00
5.627529e+00
5.631624e+00
5.635719e+00
5.639813e+00
5.643908e+00
5.648003e+00
5.652098e+00
5.656193e+00
5.660288e+00
5.664383e+00
5.668478e+00
5.672573e+00
5.676668e+00
5.680763e+00
5.684858e+00
5.688953e+00
5.693048e+00
5.697143e+00
5.701238e+00
5.705332e+00
5.709427e+00
5.713523e+00
5.717618e+00
5.721713e+00
5.725807e+00
5.729902e+00
5.733997e+00
5.738092e+00
5.742188e+00
5.746282e+00
5.750377e+00
5.754472e+00
5.758567e+00
5.762662e+00
5.766757e+00
5.770852e+00
5.774947e+00
5.779042e+00
5.783137e+00
5.787232e+00
5.791326e+00
5.795421e+00
5.799517e+00
5.803612e+00
5.807707e+00
5.811801e+00
5.815896e+00
5.819991e+00
5.824086e+00
5.828182e+00
5.832276e+00
5.836371e+00
5.840466e+00
5.844561e+00
5.848656e+00
5.852751e+00
5.856846e+00
5.860941e+00
5.865036e+00
5.869131e+00
5.873226e+00
5.877320e+00
5.881416e+00
5.885511e+00
5.889606e+00
5.893701e+00
5.897795e+00
5.901890e+00
5.905985e+00
5.910081e+00
5.914176e+00
5.918270e+00
5.922365e+00
5.926460e+00
5.930555e+00
5.934650e+00
5.938745e+00
5.942840e+00
5.946935e+00
5.951030e+00
5.955125e+00
5.959220e+00
5.963314e+00
5.967410e+00
5.971505e+00
5.975600e+00
5.979695e+00
5.983789e+00
5.987884e+00
5.991979e+00
5.996075e+00
6.000170e+00
6.004264e+00
6.008359e+00
6.012454e+00
6.016549e+00
6.020644e+00
6.024739e+00
6.028834e+00
6.032929e+00
6.037024e+00
6.041119e+00
6.045214e+00
6.049309e+00
6.053404e+00
6.057499e+00
6.061594e+00
6.065689e+00
6.069783e+00
6.073878e+00
6.077973e+00
6.082069e+00
6.086164e+00
6.090258e+00
6.094353e+00
6.098448e+00
6.102543e+00
6.106638e+00
6.110733e+00
6.114828e+00
6.118923e+00
6.123018e+00
6.127113e+00
6.131208e+00
6.135303e+00
6.139398e+00
6.143493e+00
6.147588e+00
6.151683e+00
6.155777e+00
6.159872e+00
6.163967e+00
6.168063e+00
6.172158e+00
6.176252e+00
6.180347e+00
6.184442e+00
6.188537e+00
6.192632e+00
6.196727e+00
6.200822e+00
6.204917e+00
6.209012e+00
6.213107e+00
6.217202e+00
6.221297e+00
6.225392e+00
6.229487e+00
6.233582e+00
6.237677e+00
6.241771e+00
6.245866e+00
6.249961e+00
6.254057e+00
6.258152e+00
6.262246e+00
6.266341e+00
6.270436e+00
6.274531e+00
6.278626e+00
6.282721e+00
6.286816e+00
6.290911e+00
6.295006e+00
6.299101e+00
6.303196e+00
6.307291e+00
6.311386e+00
6.315481e+00
6.319576e+00
6.323671e+00
6.327766e+00
6.331860e+00
6.335955e+00
6.340051e+00
6.344146e+00
6.348240e+00
6.352335e+00
6.356430e+00
6.360525e+00
6.364620e+00
6.368715e+00
6.372810e+00
6.376905e+00
6.381000e+00
6.382878e+00
6.384755e+00
6.386632e+00
6.388510e+00
6.390388e+00
6.392265e+00
6.394142e+00
6.396020e+00
6.397898e+00
6.399776e+00
6.401653e+00
6.403530e+00
6.405408e+00
6.407286e+00
6.409163e+00
6.411040e+00
6.412918e+00
6.414796e+00
6.416673e+00
6.418550e+00
6.420428e+00
6.422306e+00
6.424184e+00
6.426061e+00
6.427938e+00
6.429816e+00
6.431694e+00
6.433571e+00
6.435448e+00
6.437326e+00
6.439204e+00
6.441081e+00
6.442958e+00
6.444836e+00
6.446714e+00
6.448591e+00
6.450468e+00
6.452346e+00
6.454224e+00
6.456102e+00
6.457979e+00
6.459856e+00
6.461734e+00
6.463612e+00
6.465489e+00
6.467366e+00
6.469244e+00
6.471122e+00
6.472999e+00
6.474876e+00
6.476754e+00
6.478632e+00
6.480509e+00
6.482387e+00
6.484264e+00
6.486142e+00
6.488020e+00
6.489897e+00
6.491774e+00
6.493652e+00
6.495530e+00
6.497407e+00
6.499284e+00
6.501162e+00
6.503040e+00
6.504917e+00
6.506795e+00
6.508672e+00
6.510550e+00
6.512428e+00
6.514305e+00
6.516182e+00
6.518060e+00
6.519938e+00
6.521815e+00
6.523692e+00
6.525570e+00
6.527448e+00
6.529325e+00
6.531203e+00
6.533080e+00
6.534958e+00
6.536835e+00
6.538713e+00
6.540590e+00
6.542468e+00
6.544346e+00
6.546223e+00
6.548100e+00
6.549978e+00
6.551856e+00
6.553733e+00
6.555611e+00
6.557488e+00
6.559366e+00
6.561243e+00
6.563121e+00
6.564998e+00
6.566876e+00
6.568754e+00
6.570631e+00
6.572508e+00
6.574386e+00
6.576264e+00
6.578141e+00
6.580019e+00
6.581896e+00
6.583774e+00
6.585651e+00
6.587529e+00
6.589406e+00
6.591284e+00
6.593161e+00
6.595039e+00
6.596916e+00
6.598794e+00
6.600672e+00
6.602549e+00
6.604427e+00
6.606304e+00
6.608182e+00
6.610059e+00
6.611937e+00
6.613814e+00
6.615692e+00
6.617569e+00
6.619447e+00
6.621324e+00
6.623202e+00
6.625080e+00
6.626957e+00
6.628835e+00
6.630712e+00
6.632590e+00
6.634467e+00
6.636345e+00
6.638222e+00
6.640100e+00
6.641977e+00
6.643855e+00
6.645732e+00
6.647610e+00
6.649487e+00
6.651365e+00
6.653243e+00
6.655120e+00
6.656998e+00
6.658875e+00
6.660753e+00
6.662630e+00
6.664508e+00
6.666385e+00
6.668263e+00
6.670140e+00
6.672018e+00
6.673895e+00
6.675773e+00
6.677651e+00
6.679528e+00
6.681405e+00
6.683283e+00
6.685161e+00
6.687038e+00
6.688916e+00
6.690793e+00
6.692671e+00
6.694548e+00
6.696426e+00
6.698303e+00
6.700181e+00
6.702059e+00
6.703936e+00
6.705813e+00
6.707691e+00
6.709569e+00
6.711446e+00
6.713324e+00
6.715201e+00
6.717079e+00
6.718956e+00
6.720834e+00
6.722711e+00
6.724589e+00
6.726467e+00
6.728344e+00
6.730221e+00
6.732099e+00
6.733977e+00
6.735854e+00
6.737731e+00
6.739609e+00
6.741487e+00
6.743364e+00
6.745242e+00
6.747119e+00
6.748997e+00
6.750875e+00
6.752752e+00
6.754629e+00
6.756507e+00
6.758385e+00
6.760262e+00
6.762139e+00
6.764017e+00
6.765895e+00
6.767772e+00
6.769650e+00
6.771527e+00
6.773405e+00
6.775283e+00
6.777160e+00
6.779037e+00
6.780915e+00
6.782793e+00
6.784670e+00
6.786547e+00
6.788425e+00
6.790303e+00
6.792180e+00
6.794057e+00
6.795935e+00
6.797813e+00
6.799691e+00
6.801568e+00
6.803445e+00
6.805323e+00
6.807201e+00
6.809078e+00
6.810955e+00
6.812833e+00
6.814711e+00
6.816588e+00
6.818465e+00
6.820343e+00
6.822221e+00
6.824098e+00
6.825976e+00
6.827853e+00
6.829731e+00
6.831609e+00
6.833486e+00
6.835363e+00
6.837241e+00
6.839119e+00
6.840996e+00
6.842873e+00
6.844751e+00
6.846629e+00
6.848506e+00
6.850383e+00
6.852261e+00
6.854139e+00
6.856017e+00
6.857894e+00
6.859771e+00
6.861649e+00
6.863527e+00
6.865404e+00
6.867281e+00
6.869159e+00
6.871037e+00
6.872914e+00
6.874791e+00
6.876669e+00
6.878547e+00
6.880424e+00
6.882302e+00
6.884179e+00
6.886057e+00
6.887935e+00
6.889812e+00
6.891689e+00
6.893567e+00
6.895445e+00
6.897322e+00
6.899199e+00
6.901077e+00
6.902955e+00
6.904832e+00
6.906709e+00
6.908587e+00
6.910465e+00
6.912343e+00
6.914220e+00
6.916097e+00
6.917975e+00
6.919853e+00
6.921730e+00
6.923607e+00
6.925485e+00
6.927363e+00
6.929240e+00
6.931117e+00
6.932995e+00
6.934873e+00
6.936750e+00
6.938628e+00
6.940505e+00
6.942383e+00
6.944261e+00
6.946138e+00
6.948015e+00
6.949893e+00
6.951771e+00
6.953648e+00
6.955525e+00
6.957403e+00
6.959281e+00
6.961158e+00
6.963036e+00
6.964913e+00
6.966791e+00
6.968669e+00
6.970546e+00
6.972423e+00
6.974301e+00
6.976179e+00
6.978056e+00
6.979933e+00
6.981811e+00
6.983689e+00
6.985566e+00
6.987444e+00
6.989321e+00
6.991199e+00
6.993076e+00
6.994954e+00
6.996831e+00
6.998709e+00
7.000587e+00
7.002464e+00
7.004341e+00
7.006219e+00
7.008097e+00
7.009974e+00
7.011852e+00
7.013729e+00
7.015607e+00
7.017484e+00
7.019362e+00
7.021239e+00
7.023117e+00
7.024995e+00
7.026872e+00
7.028749e+00
7.030627e+00
7.032505e+00
7.034382e+00
7.036260e+00
7.038137e+00
7.040015e+00
7.041892e+00
7.043770e+00
7.045647e+00
7.047525e+00
7.049402e+00
7.051280e+00
7.053157e+00
7.055035e+00
7.056913e+00
7.058790e+00
7.060668e+00
7.062545e+00
7.064423e+00
7.066300e+00
7.068178e+00
7.070055e+00
7.071933e+00
7.073810e+00
7.075688e+00
7.077565e+00
7.079443e+00
7.081320e+00
7.083198e+00
7.085076e+00
7.086953e+00
7.088831e+00
7.090708e+00
7.092586e+00
7.094463e+00
7.096341e+00
7.098218e+00
7.100096e+00
7.101973e+00
7.103851e+00
7.105728e+00
7.107606e+00
7.109484e+00
7.111361e+00
7.113239e+00
7.115116e+00
7.116994e+00
7.118871e+00
7.120749e+00
7.122626e+00
7.124504e+00
7.126381e+00
7.128259e+00
7.130136e+00
7.132014e+00
7.133892e+00
7.135769e+00
7.137646e+00
7.139524e+00
7.141402e+00
7.143279e+00
7.145157e+00
7.147034e+00
7.148912e+00
7.150789e+00
7.152667e+00
7.154544e+00
7.156422e+00
7.158300e+00
7.160177e+00
7.162054e+00
7.163932e+00
7.165810e+00
7.167687e+00
7.169565e+00
7.171442e+00
7.173320e+00
7.175197e+00
7.177075e+00
7.178952e+00
7.180830e+00
7.182708e+00
7.184585e+00
7.186462e+00
7.188340e+00
7.190218e+00
7.192095e+00
7.193972e+00
7.195850e+00
7.197728e+00
7.199605e+00
7.201483e+00
7.203360e+00
7.205238e+00
7.207116e+00
7.208993e+00
7.210870e+00
7.212748e+00
7.214626e+00
7.216503e+00
7.218380e+00
7.220258e+00
7.222136e+00
7.224013e+00
7.225891e+00
7.227768e+00
7.229646e+00
7.231524e+00
7.233401e+00
7.235278e+00
7.237156e+00
7.239034e+00
7.240911e+00
7.242788e+00
7.244666e+00
7.246544e+00
7.248421e+00
7.250298e+00
7.252176e+00
7.254054e+00
7.255932e+00
7.257809e+00
7.259686e+00
7.261564e+00
7.263442e+00
7.265319e+00
7.267196e+00
7.269074e+00
7.270952e+00
7.272829e+00
7.274706e+00
7.276584e+00
7.278462e+00
7.280339e+00
7.282216e+00
7.284094e+00
7.285972e+00
7.287850e+00
7.289727e+00
7.291604e+00
7.293482e+00
7.295360e+00
7.297237e+00
7.299114e+00
7.300992e+00
7.302870e+00
7.304747e+00
7.306624e+00
7.308502e+00
7.310380e+00
7.312258e+00
7.314135e+00
7.316012e+00
7.317890e+00
7.319768e+00
7.321645e+00
7.323522e+00
7.325400e+00
7.327252e+00
7.329105e+00
7.330957e+00
7.332810e+00
7.334662e+00
7.336515e+00
7.338367e+00
7.340220e+00
7.342072e+00
7.343925e+00
7.345777e+00
7.347629e+00
7.349482e+00
7.351334e+00
7.353187e+00
7.355039e+00
7.356892e+00
7.358744e+00
7.360596e+00
7.362449e+00
7.364301e+00
7.366154e+00
7.368006e+00
7.369858e+00
7.371711e+00
7.373563e+00
7.375416e+00
7.377268e+00
7.379120e+00
7.380973e+00
7.382825e+00
7.384678e+00
7.386530e+00
7.388382e+00
7.390235e+00
7.392087e+00
7.393940e+00
7.395792e+00
7.397645e+00
7.399497e+00
7.401350e+00
7.403202e+00
7.405054e+00
7.406907e+00
7.408759e+00
7.410612e+00
7.412464e+00
7.414317e+00
7.416169e+00
7.418022e+00
7.419874e+00
7.421726e+00
7.423579e+00
7.425431e+00
7.427284e+00
7.429136e+00
7.430989e+00
7.432841e+00
7.434694e+00
7.436546e+00
7.438399e+00
7.440251e+00
7.442103e+00
7.443956e+00
7.445808e+00
7.447661e+00
7.449513e+00
7.451366e+00
7.453218e+00
7.455071e+00
7.456923e+00
7.458775e+00
7.460628e+00
7.462480e+00
7.464333e+00
7.466185e+00
7.468037e+00
7.469890e+00
7.471742e+00
7.473594e+00
7.475447e+00
7.477299e+00
7.479152e+00
7.481004e+00
7.482856e+00
7.484709e+00
7.486561e+00
7.488414e+00
7.490266e+00
7.492119e+00
7.493971e+00
7.495824e+00
7.497676e+00
7.499528e+00
7.501381e+00
7.503233e+00
7.505086e+00
7.506938e+00
7.508791e+00
7.510643e+00
7.512496e+00
7.514348e+00
7.516200e+00
7.518053e+00
7.519905e+00
7.521758e+00
7.523610e+00
7.525463e+00
7.527315e+00
7.529168e+00
7.531020e+00
7.532873e+00
7.534725e+00
7.536577e+00
7.538430e+00
7.540282e+00
7.542135e+00
7.543987e+00
7.545840e+00
7.547692e+00
7.549545e+00
7.551397e+00
7.553249e+00
7.555102e+00
7.556954e+00
7.558807e+00
7.560659e+00
7.562511e+00
7.564364e+00
7.566216e+00
7.568069e+00
7.569921e+00
7.571773e+00
7.573626e+00
7.575478e+00
7.577331e+00
7.579183e+00
7.581035e+00
7.582888e+00
7.584740e+00
7.586593e+00
7.588445e+00
7.590298e+00
7.592150e+00
7.594002e+00
7.595855e+00
7.597707e+00
7.599560e+00
7.601412e+00
7.603265e+00
7.605117e+00
7.606970e+00
7.608822e+00
7.610674e+00
7.612527e+00
7.614379e+00
7.616232e+00
7.618084e+00
7.619937e+00
7.621789e+00
7.623642e+00
7.625494e+00
7.627347e+00
7.629199e+00
7.631051e+00
7.632904e+00
7.634756e+00
7.636609e+00
7.638461e+00
7.640314e+00
7.642166e+00
7.644019e+00
7.645871e+00
7.647723e+00
7.649576e+00
7.651428e+00
7.653281e+00
7.655133e+00
7.656985e+00
7.658838e+00
7.660690e+00
7.662543e+00
7.664395e+00
7.666247e+00
7.668100e+00
7.669952e+00
7.671805e+00
7.673657e+00
7.675509e+00
7.677362e+00
7.679214e+00
7.681067e+00
7.682919e+00
7.684772e+00
7.686624e+00
7.688476e+00
7.690329e+00
7.692181e+00
7.694034e+00
7.695886e+00
7.697739e+00
7.699591e+00
7.701444e+00
7.703296e+00
7.705149e+00
7.707001e+00
7.708853e+00
7.710706e+00
7.712558e+00
7.714411e+00
7.716263e+00
7.718116e+00
7.719968e+00
7.721821e+00
7.723673e+00
7.725525e+00
7.727378e+00
7.729230e+00
7.731083e+00
7.732935e+00
7.734788e+00
7.736640e+00
7.738493e+00
7.740345e+00
7.742198e+00
7.744050e+00
7.745902e+00
7.747755e+00
7.749607e+00
7.751460e+00
7.753312e+00
7.755164e+00
7.757017e+00
7.758869e+00
7.760722e+00
7.762574e+00
7.764426e+00
7.766279e+00
7.768131e+00
7.769983e+00
7.771836e+00
7.773688e+00
7.775541e+00
7.777393e+00
7.779246e+00
7.781098e+00
7.782950e+00
7.784803e+00
7.786655e+00
7.788508e+00
7.790360e+00
7.792213e+00
7.794065e+00
7.795918e+00
7.797770e+00
7.799623e+00
7.801475e+00
7.803327e+00
7.805180e+00
7.807032e+00
7.808885e+00
7.810737e+00
7.812590e+00
7.814442e+00
7.816295e+00
7.818147e+00
7.819999e+00
7.821852e+00
7.823704e+00
7.825557e+00
7.827409e+00
7.829262e+00
7.831114e+00
7.832967e+00
7.834819e+00
7.836672e+00
7.838524e+00
7.840376e+00
7.842229e+00
7.844081e+00
7.845934e+00
7.847786e+00
7.849638e+00
7.851491e+00
7.853343e+00
7.855196e+00
7.857048e+00
7.858900e+00
7.860753e+00
7.862605e+00
7.864458e+00
7.866310e+00
7.868162e+00
7.870015e+00
7.871867e+00
7.873720e+00
7.875572e+00
7.877424e+00
7.879277e+00
7.881129e+00
7.882982e+00
7.884834e+00
7.886687e+00
7.888539e+00
7.890392e+00
7.892244e+00
7.894097e+00
7.895949e+00
7.897801e+00
7.899654e+00
7.901506e+00
7.903359e+00
7.905211e+00
7.907064e+00
7.908916e+00
7.910769e+00
7.912621e+00
7.914474e+00
7.916326e+00
7.918178e+00
7.920031e+00
7.921883e+00
7.923736e+00
7.925588e+00
7.927441e+00
7.929293e+00
7.931146e+00
7.932998e+00
7.934850e+00
7.936703e+00
7.938555e+00
7.940408e+00
7.942260e+00
7.944112e+00
7.945965e+00
7.947817e+00
7.949670e+00
7.951522e+00
7.953374e+00
7.955227e+00
7.957079e+00
7.958932e+00
7.960784e+00
7.962636e+00
7.964489e+00
7.966341e+00
7.968194e+00
7.970046e+00
7.971899e+00
7.973751e+00
7.975603e+00
7.977456e+00
7.979308e+00
7.981161e+00
7.983013e+00
7.984866e+00
7.986718e+00
7.988571e+00
7.990423e+00
7.992275e+00
7.994128e+00
7.995980e+00
7.997833e+00
7.999685e+00
8.001538e+00
8.003390e+00
8.005243e+00
8.007095e+00
8.008948e+00
8.010800e+00
8.012652e+00
8.014505e+00
8.016357e+00
8.018210e+00
8.020062e+00
8.021915e+00
8.023767e+00
8.025620e+00
8.027472e+00
8.029324e+00
8.031177e+00
8.033029e+00
8.034882e+00
8.036734e+00
8.038587e+00
8.040439e+00
8.042291e+00
8.044144e+00
8.045996e+00
8.047849e+00
8.049701e+00
8.051553e+00
8.053406e+00
8.055258e+00
8.057110e+00
8.058963e+00
8.060815e+00
8.062668e+00
8.064520e+00
8.066373e+00
8.068225e+00
8.070077e+00
8.071930e+00
8.073782e+00
8.075635e+00
8.077487e+00
8.079340e+00
8.081192e+00
8.083045e+00
8.084897e+00
8.086749e+00
8.088602e+00
8.090454e+00
8.092307e+00
8.094159e+00
8.096012e+00
8.097864e+00
8.099717e+00
8.101569e+00
8.103422e+00
8.105274e+00
8.107126e+00
8.108979e+00
8.110831e+00
8.112684e+00
8.114536e+00
8.116389e+00
8.118241e+00
8.120094e+00
8.121946e+00
8.123799e+00
8.125651e+00
8.127503e+00
8.129356e+00
8.131208e+00
8.133061e+00
8.134913e+00
8.136765e+00
8.138618e+00
8.140470e+00
8.142323e+00
8.144175e+00
8.146027e+00
8.147880e+00
8.149732e+00
8.151585e+00
8.153437e+00
8.155289e+00
8.157142e+00
8.158994e+00
8.160847e+00
8.162699e+00
8.164551e+00
8.166404e+00
8.168256e+00
8.170109e+00
8.171961e+00
8.173814e+00
8.175666e+00
8.177519e+00
8.179371e+00
8.181223e+00
8.183076e+00
8.184928e+00
8.186781e+00
8.188633e+00
8.190486e+00
8.192338e+00
8.194191e+00
8.196043e+00
8.197896e+00
8.199748e+00
8.201600e+00
8.203453e+00
8.205305e+00
8.207158e+00
8.209010e+00
8.210863e+00
8.212715e+00
8.214568e+00
8.216420e+00
