1.2589e-08   0.0000e+00   0.0000e+00   0.0000e+00   0.0000e+00   0.0000e+00   0.0000e+00   0.0000e+00   0.0000e+00   0.0000e+00   0.0000e+00
1.5849e-08   0.0000e+00   0.0000e+00   0.0000e+00   0.0000e+00   0.0000e+00   0.0000e+00   0.0000e+00   0.0000e+00   0.0000e+00   0.0000e+00
1.9953e-08   0.0000e+00   0.0000e+00   0.0000e+00   0.0000e+00   0.0000e+00   0.0000e+00   0.0000e+00   0.0000e+00   0.0000e+00   0.0000e+00
2.5119e-08   0.0000e+00   0.0000e+00   0.0000e+00   0.0000e+00   0.0000e+00   0.0000e+00   7.5948e+20   0.0000e+00   0.0000e+00   7.5948e+20
3.1623e-08   0.0000e+00   0.0000e+00   0.0000e+00   0.0000e+00   0.0000e+00   0.0000e+00   6.0330e+20   0.0000e+00   0.0000e+00   6.0330e+20
3.9811e-08   1.2973e+20   0.0000e+00   0.0000e+00   3.7340e+21   0.0000e+00   0.0000e+00   4.7923e+20   0.0000e+00   0.0000e+00   4.3430e+21
5.0119e-08   1.0304e+20   0.0000e+00   0.0000e+00   2.9197e+21   1.5804e+20   0.0000e+00   3.4521e+20   0.0000e+00   0.0000e+00   3.5260e+21
6.3096e-08   8.1849e+19   0.0000e+00   0.0000e+00   2.2829e+21   2.5107e+20   0.0000e+00   2.4867e+20   0.0000e+00   0.0000e+00   2.8645e+21
7.9433e-08   1.1264e+20   0.0000e+00   0.0000e+00   1.7851e+21   9.9722e+19   0.0000e+00   2.4019e+20   0.0000e+00   0.0000e+00   2.2376e+21
1.0000e-07   1.5502e+20   0.0000e+00   0.0000e+00   1.3958e+21   2.7803e+19   0.0000e+00   1.8239e+20   0.0000e+00   3.2708e+19   1.7937e+21
1.2589e-07   2.1334e+20   0.0000e+00   0.0000e+00   1.0914e+21   7.7528e+18   0.0000e+00   1.3850e+20   6.9215e+19   2.5978e+19   1.5462e+21
1.5849e-07   8.4710e+19   0.0000e+00   0.0000e+00   8.5337e+20   1.0666e+19   0.0000e+00   9.6647e+19   6.1108e+19   2.0633e+19   1.1271e+21
1.9953e-07   1.6301e+20   0.0000e+00   5.2331e+14   6.6727e+20   1.4675e+19   5.3473e+20   6.7437e+19   5.3951e+19   1.6390e+19   1.5175e+21
2.5119e-07   3.1369e+20   4.8453e+19   5.8225e+14   5.2175e+20   4.1684e+18   3.9005e+20   1.3881e+20   4.7632e+19   1.3019e+19   1.4776e+21
3.1623e-07   3.0324e+20   2.8389e+19   6.4784e+14   3.8171e+20   2.2502e+17   2.8452e+20   1.0476e+20   4.2053e+19   6.4799e+18   1.1514e+21
3.9811e-07   2.9314e+20   1.6633e+19   7.2080e+14   2.7925e+20   5.4146e+17   2.0754e+20   1.1248e+20   3.7127e+19   5.1468e+18   9.5186e+20
5.0119e-07   8.8976e+19   9.7455e+18   1.5144e+15   2.0430e+20   4.1855e+15   1.5139e+20   1.2076e+20   3.3074e+19   4.0882e+18   6.1234e+20
6.3096e-07   1.4135e+20   5.7100e+18   1.9156e+15   1.3246e+20   9.9874e+15   9.0150e+19   8.8164e+19   2.9464e+19   2.4977e+18   4.8980e+20
7.9433e-07   1.5679e+20   1.9039e+18   2.4231e+15   8.5876e+19   4.3571e+13   5.3683e+19   6.4366e+19   2.6248e+19   1.5260e+18   3.9040e+20
1.0000e-06   6.6718e+19   6.3484e+17   4.6379e+15   4.1526e+19   1.3103e+09   1.8688e+19   2.1528e+19   2.4313e+19   1.6858e+18   1.7510e+20
1.2589e-06   6.4512e+19   4.1418e+16   5.5382e+15   2.8977e+19   1.5848e-03   5.1790e+18   8.5501e+18   1.8991e+19   1.8623e+18   1.2812e+20
1.5849e-06   1.5095e+19   9.8753e+15   6.6132e+15   2.0220e+19   3.7756e-03   2.2283e+18   1.0674e+19   1.4834e+19   2.0573e+18   6.5124e+19
1.9953e-06   1.3441e+19   2.3540e+15   7.5967e+15   1.4109e+19   9.9993e-04   9.5858e+17   1.3325e+19   9.6907e+18   6.0754e+17   5.2142e+19
2.5119e-06   1.1969e+19   5.8839e+15   8.7264e+15   9.8453e+18   0.0000e+00   3.8625e+17   6.2977e+18   6.5962e+18   1.2564e+18   3.6365e+19
3.1623e-06   4.7543e+18   1.5713e+16   1.3181e+16   5.6292e+18   0.0000e+00   1.5564e+17   7.6978e+18   4.4899e+18   6.9448e+17   2.3450e+19
3.9811e-06   5.9788e+18   3.2918e+16   1.3647e+16   3.2186e+18   0.0000e+00   5.8400e+16   2.7515e+18   2.4689e+18   4.2490e+17   1.4948e+19
5.0119e-06   2.0748e+18   3.7441e+16   1.4129e+16   9.4043e+17   0.0000e+00   2.1913e+16   3.7499e+18   1.5902e+18   2.8719e+17   8.7160e+18
6.3096e-06   6.4654e+17   4.2585e+16   1.6646e+16   3.5739e+17   0.0000e+00   2.9738e+15   1.5686e+18   1.0242e+18   2.6360e+17   3.9225e+18
7.9433e-06   2.2250e+17   5.3649e+16   1.6761e+16   1.3582e+17   0.0000e+00   2.3330e+14   8.3877e+17   4.7978e+17   1.1181e+17   1.8593e+18
1.0000e-05   9.7138e+16   5.2537e+16   1.4124e+16   1.3467e+16   0.0000e+00   6.9166e+12   3.4073e+17   1.8582e+17   6.1102e+16   7.6492e+17
1.2589e-05   4.9425e+16   4.1284e+16   1.0466e+16   5.7721e+14   0.0000e+00   4.9437e+11   1.9544e+17   9.0239e+16   2.5570e+16   4.1300e+17
1.5849e-05   2.6972e+16   3.0445e+16   7.7551e+15   7.0014e+12   0.0000e+00   3.5334e+10   6.3040e+16   4.3822e+16   1.5792e+16   1.8783e+17
1.9953e-05   1.5168e+16   2.2450e+16   4.3256e+15   2.2723e+11   0.0000e+00   4.6136e+07   1.1189e+16   9.2915e+15   6.2025e+15   6.8627e+16
2.5119e-05   8.0462e+15   1.5004e+16   1.9070e+15   7.3747e+09   0.0000e+00   2.3348e+12   1.1777e+15   1.2777e+15   1.6456e+15   2.9061e+16
3.1623e-05   3.5489e+15   9.9497e+15   6.5012e+14   8.6027e+04   0.0000e+00   8.4351e+11   5.6480e+13   9.8301e+13   3.7816e+14   1.4683e+16
3.9811e-05   1.1387e+15   5.7987e+15   1.6605e+14   4.5731e-06   0.0000e+00   6.8184e+10   8.2687e+11   3.3104e+12   7.0676e+13   7.1783e+15
5.0119e-05   2.3676e+14   2.6105e+15   3.0074e+13   5.0076e-38   0.0000e+00   2.0325e+10   1.6754e+09   3.0597e+10   9.0351e+12   2.8864e+15
6.3096e-05   2.8778e+13   8.3758e+14   3.3664e+12   0.0000e+00   0.0000e+00   3.3467e+07   8.2244e+04   2.8328e+07   6.2767e+11   8.7035e+14
7.9433e-05   1.7301e+12   1.7975e+14   1.7930e+11   0.0000e+00   0.0000e+00   5.9345e-02   1.2464e-03   3.5639e+02   1.7678e+10   1.8168e+14
1.0000e-04   3.7502e+10   2.3427e+13   3.0122e+09   0.0000e+00   0.0000e+00   0.0000e+00   1.5341e-21   1.6820e-07   1.2570e+08   2.3468e+13
1.2589e-04   1.6479e+08   1.5550e+12   7.9422e+06   0.0000e+00   0.0000e+00   0.0000e+00   0.0000e+00   7.2124e-31   8.7651e+04   1.5552e+12
1.5849e-04   4.4756e+04   3.8696e+10   7.6613e+02   0.0000e+00   0.0000e+00   0.0000e+00   0.0000e+00   0.0000e+00   6.8476e-01   3.8696e+10
1.9953e-04   4.2752e-02   2.1120e+08   7.1457e-05   0.0000e+00   0.0000e+00   0.0000e+00   0.0000e+00   0.0000e+00   2.3290e-10   2.1120e+08
2.5119e-04   2.5861e-14   8.8387e+04   1.5883e-19   0.0000e+00   0.0000e+00   0.0000e+00   0.0000e+00   0.0000e+00   2.4016e-32   8.8387e+04
3.1623e-04   0.0000e+00   2.6830e-01   0.0000e+00   0.0000e+00   0.0000e+00   0.0000e+00   0.0000e+00   0.0000e+00   0.0000e+00   2.6830e-01
3.9811e-04   0.0000e+00   1.2797e-11   0.0000e+00   0.0000e+00   0.0000e+00   0.0000e+00   0.0000e+00   0.0000e+00   0.0000e+00   1.2797e-11
5.0119e-04   0.0000e+00   3.6490e-36   0.0000e+00   0.0000e+00   0.0000e+00   0.0000e+00   0.0000e+00   0.0000e+00   0.0000e+00   3.6490e-36
6.3096e-04   0.0000e+00   0.0000e+00   0.0000e+00   0.0000e+00   0.0000e+00   0.0000e+00   0.0000e+00   0.0000e+00   0.0000e+00   0.0000e+00
7.9433e-04   0.0000e+00   0.0000e+00   0.0000e+00   0.0000e+00   0.0000e+00   0.0000e+00   0.0000e+00   0.0000e+00   0.0000e+00   0.0000e+00
