5.800000e-01
5.803332e-01
5.806668e-01
5.810000e-01
5.813332e-01
5.816668e-01
5.820000e-01
5.823332e-01
5.826668e-01
5.830000e-01
5.833332e-01
5.836668e-01
5.840000e-01
5.843332e-01
5.846668e-01
5.850000e-01
5.853332e-01
5.856668e-01
5.860000e-01
5.863332e-01
5.866668e-01
5.870000e-01
5.873332e-01
5.876668e-01
5.880000e-01
5.883332e-01
5.886668e-01
5.890000e-01
5.893332e-01
5.896668e-01
5.900000e-01
5.900000e-01
5.900000e-01
5.900000e-01
5.900000e-01
5.900000e-01
5.900000e-01
5.900000e-01
5.900000e-01
5.900000e-01
5.900000e-01
5.900000e-01
5.900000e-01
5.900000e-01
5.900000e-01
5.900000e-01
5.900000e-01
5.900000e-01
5.900000e-01
5.900000e-01
5.900000e-01
5.903250e-01
5.906500e-01
5.909750e-01
5.913000e-01
5.916250e-01
5.919500e-01
5.922750e-01
5.926000e-01
5.929250e-01
5.932500e-01
5.935750e-01
5.939000e-01
5.942250e-01
5.945500e-01
5.948750e-01
5.952000e-01
5.955250e-01
5.958500e-01
5.961668e-01
5.965000e-01
5.968332e-01
5.971668e-01
5.975000e-01
5.978332e-01
5.981668e-01
5.985000e-01
5.988332e-01
5.991668e-01
5.995000e-01
5.998332e-01
6.001668e-01
6.005000e-01
6.008332e-01
6.011668e-01
6.015000e-01
6.018332e-01
6.021668e-01
6.025000e-01
6.028332e-01
6.031668e-01
6.035000e-01
6.038332e-01
6.041668e-01
6.045000e-01
6.048332e-01
6.051668e-01
6.055000e-01
6.058332e-01
6.061668e-01
6.065000e-01
6.067600e-01
6.070200e-01
6.072800e-01
6.075400e-01
6.078000e-01
6.080600e-01
6.083200e-01
6.085800e-01
6.088400e-01
6.091000e-01
6.093600e-01
6.096200e-01
6.098800e-01
6.101400e-01
6.104000e-01
6.106600e-01
6.109200e-01
6.111800e-01
6.114400e-01
6.117000e-01
6.119600e-01
6.122200e-01
6.124800e-01
6.127400e-01
6.130000e-01
6.132600e-01
6.135200e-01
6.137800e-01
6.140400e-01
6.143000e-01
6.145600e-01
6.148200e-01
6.150800e-01
6.153400e-01
6.156000e-01
6.158600e-01
6.161200e-01
6.163800e-01
6.166400e-01
6.169000e-01
6.171600e-01
6.174200e-01
6.176800e-01
6.179400e-01
6.182000e-01
6.184600e-01
6.187200e-01
6.189800e-01
6.192400e-01
6.195000e-01
6.197700e-01
6.200400e-01
6.203100e-01
6.205800e-01
6.208500e-01
6.211200e-01
6.213900e-01
6.216600e-01
6.219300e-01
6.222000e-01
6.224700e-01
6.227400e-01
6.230100e-01
6.232800e-01
6.235500e-01
6.238200e-01
6.240900e-01
6.243600e-01
6.246300e-01
6.249000e-01
6.251700e-01
6.254400e-01
6.257100e-01
6.259800e-01
6.262500e-01
6.265200e-01
6.267900e-01
6.270600e-01
6.273300e-01
6.276000e-01
6.278700e-01
6.281400e-01
6.284100e-01
6.286800e-01
6.289500e-01
6.292200e-01
6.294900e-01
6.297600e-01
6.300300e-01
6.303000e-01
6.305700e-01
6.308400e-01
6.311100e-01
6.313800e-01
6.316500e-01
6.319200e-01
6.321900e-01
6.324600e-01
6.327300e-01
6.330000e-01
6.352850e-01
6.375700e-01
6.398550e-01
6.421400e-01
6.444250e-01
6.467100e-01
6.489950e-01
6.512800e-01
6.535650e-01
6.558500e-01
6.581350e-01
6.604200e-01
6.627050e-01
6.649900e-01
6.672750e-01
6.695600e-01
6.718450e-01
6.741300e-01
6.764150e-01
6.787000e-01
6.809850e-01
6.832700e-01
6.855550e-01
6.878400e-01
6.901250e-01
6.924100e-01
6.946950e-01
6.969800e-01
6.992650e-01
7.015500e-01
7.038350e-01
7.061200e-01
7.084050e-01
7.106900e-01
7.129750e-01
7.152600e-01
7.175450e-01
7.198300e-01
7.221150e-01
7.244000e-01
7.266850e-01
7.289700e-01
7.312550e-01
7.335400e-01
7.358250e-01
7.381100e-01
7.403950e-01
7.426800e-01
7.449650e-01
7.472500e-01
7.495350e-01
7.518200e-01
7.541050e-01
7.563900e-01
7.586750e-01
7.609600e-01
7.632450e-01
7.655300e-01
7.678150e-01
7.701000e-01
7.723850e-01
7.746700e-01
7.769550e-01
7.792400e-01
7.815250e-01
7.838100e-01
7.860950e-01
7.883800e-01
7.906650e-01
7.929500e-01
7.952350e-01
7.975200e-01
7.998050e-01
8.020900e-01
8.043750e-01
8.066600e-01
8.089450e-01
8.112300e-01
8.135150e-01
8.158000e-01
8.180850e-01
8.203700e-01
8.226550e-01
8.249400e-01
8.272250e-01
8.295100e-01
8.317950e-01
8.340800e-01
8.363650e-01
8.386500e-01
8.409350e-01
8.432200e-01
8.455050e-01
8.477900e-01
8.500750e-01
8.523600e-01
8.546450e-01
8.569300e-01
8.592150e-01
8.615000e-01
8.624100e-01
8.633200e-01
8.642300e-01
8.651400e-01
8.660500e-01
8.669600e-01
8.678700e-01
8.687800e-01
8.696900e-01
8.706000e-01
8.715100e-01
8.724200e-01
8.733300e-01
8.742400e-01
8.751500e-01
8.760600e-01
8.769700e-01
8.778800e-01
8.787900e-01
8.797000e-01
8.806100e-01
8.815200e-01
8.824300e-01
8.833400e-01
8.842500e-01
8.851600e-01
8.860700e-01
8.869800e-01
8.878900e-01
8.888000e-01
8.897100e-01
8.906200e-01
8.915300e-01
8.924400e-01
8.933500e-01
8.942600e-01
8.951700e-01
8.960800e-01
8.969900e-01
8.979000e-01
8.988100e-01
8.997200e-01
9.006300e-01
9.015400e-01
9.024500e-01
9.033600e-01
9.042700e-01
9.051800e-01
9.060900e-01
9.070000e-01
9.079100e-01
9.088200e-01
9.097300e-01
9.106400e-01
9.115500e-01
9.124600e-01
9.133700e-01
9.142800e-01
9.151900e-01
9.161000e-01
9.170100e-01
9.179200e-01
9.188300e-01
9.197400e-01
9.206500e-01
9.215600e-01
9.224700e-01
9.233800e-01
9.242900e-01
9.252000e-01
9.261100e-01
9.270200e-01
9.279300e-01
9.288400e-01
9.297500e-01
9.306600e-01
9.315700e-01
9.324800e-01
9.333900e-01
9.343000e-01
9.352100e-01
9.361200e-01
9.370300e-01
9.379400e-01
9.388500e-01
9.397600e-01
9.406700e-01
9.415800e-01
9.424900e-01
9.434000e-01
9.443100e-01
9.452200e-01
9.461300e-01
9.470400e-01
9.479500e-01
9.488600e-01
9.497700e-01
9.506800e-01
9.515900e-01
9.525000e-01
9.532175e-01
9.539350e-01
9.546525e-01
9.553700e-01
9.560875e-01
9.568050e-01
9.575225e-01
9.582400e-01
9.589575e-01
9.596750e-01
9.603925e-01
9.611100e-01
9.618275e-01
9.625450e-01
9.632625e-01
9.639800e-01
9.646975e-01
9.654150e-01
9.661325e-01
9.668500e-01
9.675675e-01
9.682850e-01
9.690025e-01
9.697200e-01
9.704375e-01
9.711550e-01
9.718725e-01
9.725900e-01
9.733075e-01
9.740250e-01
9.747425e-01
9.754600e-01
9.761775e-01
9.768950e-01
9.776125e-01
9.783300e-01
9.790475e-01
9.797650e-01
9.804825e-01
9.812000e-01
9.819175e-01
9.826350e-01
9.833525e-01
9.840700e-01
9.847875e-01
9.855050e-01
9.862225e-01
9.869400e-01
9.876575e-01
9.883750e-01
9.890925e-01
9.898100e-01
9.905275e-01
9.912450e-01
9.919625e-01
9.926800e-01
9.933975e-01
9.941150e-01
9.948325e-01
9.955500e-01
9.962675e-01
9.969850e-01
9.977025e-01
9.984200e-01
9.991375e-01
9.998550e-01
1.000572e+00
1.001290e+00
1.002007e+00
1.002725e+00
1.003443e+00
1.004160e+00
1.004877e+00
1.005595e+00
1.006312e+00
1.007030e+00
1.007748e+00
1.008465e+00
1.009183e+00
1.009900e+00
1.010617e+00
1.011335e+00
1.012053e+00
1.012770e+00
1.013488e+00
1.014205e+00
1.014922e+00
1.015640e+00
1.016358e+00
1.017075e+00
1.017793e+00
1.018510e+00
1.019227e+00
1.019945e+00
1.020663e+00
1.021380e+00
1.022098e+00
1.022815e+00
1.023532e+00
1.024250e+00
1.024968e+00
1.025685e+00
1.026403e+00
1.027120e+00
1.027838e+00
1.028555e+00
1.029273e+00
1.029990e+00
1.030707e+00
1.031425e+00
1.032142e+00
1.032860e+00
1.033578e+00
1.034295e+00
1.035013e+00
1.035730e+00
1.036447e+00
1.037165e+00
1.037883e+00
1.038600e+00
1.039317e+00
1.040035e+00
1.040752e+00
1.041470e+00
1.042188e+00
1.042905e+00
1.043622e+00
1.044340e+00
1.045057e+00
1.045775e+00
1.046493e+00
1.047210e+00
1.047927e+00
1.048645e+00
1.049362e+00
1.050080e+00
1.050798e+00
1.051515e+00
1.052232e+00
1.052950e+00
1.053667e+00
1.054385e+00
1.055103e+00
1.055820e+00
1.056537e+00
1.057255e+00
1.057972e+00
1.058690e+00
1.059408e+00
1.060125e+00
1.060843e+00
1.061560e+00
1.062277e+00
1.062995e+00
1.063713e+00
1.064430e+00
1.065148e+00
1.065865e+00
1.066582e+00
1.067300e+00
1.068018e+00
1.068735e+00
1.069452e+00
1.070170e+00
1.070887e+00
1.071605e+00
1.072323e+00
1.073040e+00
1.073758e+00
1.074475e+00
1.075192e+00
1.075910e+00
1.076628e+00
1.077345e+00
1.078062e+00
1.078780e+00
1.079497e+00
1.080215e+00
1.080932e+00
1.081650e+00
1.082367e+00
1.083085e+00
1.083803e+00
1.084520e+00
1.085238e+00
1.085955e+00
1.086672e+00
1.087390e+00
1.088108e+00
1.088825e+00
1.089542e+00
1.090260e+00
1.090977e+00
1.091695e+00
1.092413e+00
1.093130e+00
1.093848e+00
1.094565e+00
1.095282e+00
1.096000e+00
1.096865e+00
1.097730e+00
1.098595e+00
1.099460e+00
1.100325e+00
1.101190e+00
1.102055e+00
1.102920e+00
1.103785e+00
1.104650e+00
1.105515e+00
1.106380e+00
1.107245e+00
1.108110e+00
1.108975e+00
1.109840e+00
1.110705e+00
1.111570e+00
1.112435e+00
1.113300e+00
1.114165e+00
1.115030e+00
1.115895e+00
1.116760e+00
1.117625e+00
1.118490e+00
1.119355e+00
1.120220e+00
1.121085e+00
1.121950e+00
1.122815e+00
1.123680e+00
1.124545e+00
1.125410e+00
1.126275e+00
1.127140e+00
1.128005e+00
1.128870e+00
1.129735e+00
1.130600e+00
1.131465e+00
1.132330e+00
1.133195e+00
1.134060e+00
1.134925e+00
1.135790e+00
1.136655e+00
1.137520e+00
1.138385e+00
1.139250e+00
1.140115e+00
1.140980e+00
1.141845e+00
1.142710e+00
1.143575e+00
1.144440e+00
1.145305e+00
1.146170e+00
1.147035e+00
1.147900e+00
1.148765e+00
1.149630e+00
1.150495e+00
1.151360e+00
1.152225e+00
1.153090e+00
1.153955e+00
1.154820e+00
1.155685e+00
1.156550e+00
1.157415e+00
1.158280e+00
1.159145e+00
1.160010e+00
1.160875e+00
1.161740e+00
1.162605e+00
1.163470e+00
1.164335e+00
1.165200e+00
1.166065e+00
1.166930e+00
1.167795e+00
1.168660e+00
1.169525e+00
1.170390e+00
1.171255e+00
1.172120e+00
1.172985e+00
1.173850e+00
1.174715e+00
1.175580e+00
1.176445e+00
1.177310e+00
1.178175e+00
1.179040e+00
1.179905e+00
1.180770e+00
1.181635e+00
1.182500e+00
1.196953e+00
1.211407e+00
1.225860e+00
1.240313e+00
1.254767e+00
1.269220e+00
1.283673e+00
1.298127e+00
1.312580e+00
1.327033e+00
1.341486e+00
1.355940e+00
1.370393e+00
1.384846e+00
1.399300e+00
1.413753e+00
1.428206e+00
1.442660e+00
1.457113e+00
1.471566e+00
1.486020e+00
1.500473e+00
1.514926e+00
1.529380e+00
1.543833e+00
1.558286e+00
1.572740e+00
1.587193e+00
1.601646e+00
1.616100e+00
1.630553e+00
1.645006e+00
1.659459e+00
1.673913e+00
1.688366e+00
1.702819e+00
1.717273e+00
1.731726e+00
1.746179e+00
1.760633e+00
1.775086e+00
1.789539e+00
1.803993e+00
1.818446e+00
1.832899e+00
1.847353e+00
1.861806e+00
1.876259e+00
1.890713e+00
1.905166e+00
1.919619e+00
1.934072e+00
1.948526e+00
1.962979e+00
1.977432e+00
1.991886e+00
2.006339e+00
2.020792e+00
2.035246e+00
2.049699e+00
2.064152e+00
2.078606e+00
2.093059e+00
2.107512e+00
2.121966e+00
2.136419e+00
2.150872e+00
2.165326e+00
2.179779e+00
2.194232e+00
2.208686e+00
2.223139e+00
2.237592e+00
2.252045e+00
2.266499e+00
2.280952e+00
2.295405e+00
2.309859e+00
2.324312e+00
2.338765e+00
2.353219e+00
2.367672e+00
2.382125e+00
2.396579e+00
2.411032e+00
2.425485e+00
2.439939e+00
2.454392e+00
2.468845e+00
2.483299e+00
2.497752e+00
2.512205e+00
2.526658e+00
2.541112e+00
2.555565e+00
2.570018e+00
2.584472e+00
2.598925e+00
2.613378e+00
2.627832e+00
2.642285e+00
2.656738e+00
2.671192e+00
2.685645e+00
2.700098e+00
2.714552e+00
2.729005e+00
2.743458e+00
2.757912e+00
2.772365e+00
2.786818e+00
2.801271e+00
2.815725e+00
2.830178e+00
2.844631e+00
2.859085e+00
2.873538e+00
2.887991e+00
2.902445e+00
2.916898e+00
2.931351e+00
2.945805e+00
2.960258e+00
2.974711e+00
2.989165e+00
3.003618e+00
3.018071e+00
3.032525e+00
3.046978e+00
3.061431e+00
3.075885e+00
3.090338e+00
3.104791e+00
3.119244e+00
3.133698e+00
3.148151e+00
3.162604e+00
3.177058e+00
3.191511e+00
3.205964e+00
3.220418e+00
3.234871e+00
3.249324e+00
3.263778e+00
3.278231e+00
3.292684e+00
3.307138e+00
3.321591e+00
3.336044e+00
3.350498e+00
3.364951e+00
3.379404e+00
3.393857e+00
3.408311e+00
3.422764e+00
3.437217e+00
3.451671e+00
3.466124e+00
3.480577e+00
3.495031e+00
3.509484e+00
3.523937e+00
3.538391e+00
3.552844e+00
3.567297e+00
3.581751e+00
3.596204e+00
3.610657e+00
3.625111e+00
3.639564e+00
3.654017e+00
3.668471e+00
3.682924e+00
3.697377e+00
3.711830e+00
3.726284e+00
3.740737e+00
3.755190e+00
3.769644e+00
3.784097e+00
3.798550e+00
3.813004e+00
3.827457e+00
3.841910e+00
3.856364e+00
3.870817e+00
3.885270e+00
3.899724e+00
3.914177e+00
3.928630e+00
3.943084e+00
3.957537e+00
3.971990e+00
3.986443e+00
4.000897e+00
4.015350e+00
4.029803e+00
4.044257e+00
4.058710e+00
4.073163e+00
4.087617e+00
4.102070e+00
4.116523e+00
4.130977e+00
4.145430e+00
4.159883e+00
4.174337e+00
4.188790e+00
4.203243e+00
4.217697e+00
4.232150e+00
4.246603e+00
4.261057e+00
4.275510e+00
4.289963e+00
4.304416e+00
4.318870e+00
4.333323e+00
4.347776e+00
4.362230e+00
4.376683e+00
4.391136e+00
4.405590e+00
4.420043e+00
4.434496e+00
4.448950e+00
4.463403e+00
4.477856e+00
4.492310e+00
4.506763e+00
4.521216e+00
4.535670e+00
4.550123e+00
4.564576e+00
4.579029e+00
4.593483e+00
4.607936e+00
4.622389e+00
4.636843e+00
4.651296e+00
4.665749e+00
4.680203e+00
4.694656e+00
4.709109e+00
4.723563e+00
4.738016e+00
4.752469e+00
4.766923e+00
4.781376e+00
4.795829e+00
4.810283e+00
4.824736e+00
4.839189e+00
4.853643e+00
4.868096e+00
4.882549e+00
4.897002e+00
4.911456e+00
4.925909e+00
4.940362e+00
4.954816e+00
4.969269e+00
4.983722e+00
4.998176e+00
5.012629e+00
5.027082e+00
5.041536e+00
5.055989e+00
5.070442e+00
5.084896e+00
5.099349e+00
5.113802e+00
5.128256e+00
5.142709e+00
5.157162e+00
5.171615e+00
5.186069e+00
5.200522e+00
5.214975e+00
5.229429e+00
5.243882e+00
5.258335e+00
5.272789e+00
5.287242e+00
5.301695e+00
5.316149e+00
5.330602e+00
5.345055e+00
5.359509e+00
5.373962e+00
5.388415e+00
5.402869e+00
5.417322e+00
5.431775e+00
5.446229e+00
5.460682e+00
5.475135e+00
5.489588e+00
5.504042e+00
5.518495e+00
5.532948e+00
5.547402e+00
5.561855e+00
5.576308e+00
5.590762e+00
5.605215e+00
5.619668e+00
5.634122e+00
5.648575e+00
5.663028e+00
5.677482e+00
5.691935e+00
5.706388e+00
5.720842e+00
5.735295e+00
5.749748e+00
5.764201e+00
5.778655e+00
5.793108e+00
5.807561e+00
5.822015e+00
5.836468e+00
5.850921e+00
5.865375e+00
5.879828e+00
5.894281e+00
5.908735e+00
5.923188e+00
5.937641e+00
5.952095e+00
5.966548e+00
5.981001e+00
5.995455e+00
6.009908e+00
6.024361e+00
6.038814e+00
6.053268e+00
6.067721e+00
6.082174e+00
6.096628e+00
6.111081e+00
6.125534e+00
6.139988e+00
6.154441e+00
6.168894e+00
6.183348e+00
6.197801e+00
6.212254e+00
6.226708e+00
6.241161e+00
6.255614e+00
6.270068e+00
6.284521e+00
6.298974e+00
6.313428e+00
6.327881e+00
6.342334e+00
6.356787e+00
6.371241e+00
6.385694e+00
6.400147e+00
6.414601e+00
6.429054e+00
6.443507e+00
6.457961e+00
6.472414e+00
6.486867e+00
6.501321e+00
6.515774e+00
6.530227e+00
6.544681e+00
6.559134e+00
6.573587e+00
6.588041e+00
6.602494e+00
6.616947e+00
6.631400e+00
6.645854e+00
6.660307e+00
6.674760e+00
6.689214e+00
6.703667e+00
6.718120e+00
6.732574e+00
6.747027e+00
6.761480e+00
6.775934e+00
6.790387e+00
6.804840e+00
6.819294e+00
6.833747e+00
6.848200e+00
6.862654e+00
6.877107e+00
6.891560e+00
6.906014e+00
6.920467e+00
6.934920e+00
6.949373e+00
6.963827e+00
6.978280e+00
6.992733e+00
7.007187e+00
7.021640e+00
7.036093e+00
7.050547e+00
7.065000e+00
7.071837e+00
7.078673e+00
7.085510e+00
7.092347e+00
7.099183e+00
7.106020e+00
7.112857e+00
7.119693e+00
7.126530e+00
7.133367e+00
7.140203e+00
7.147040e+00
7.153877e+00
7.160713e+00
7.167550e+00
7.174387e+00
7.181223e+00
7.188060e+00
7.194897e+00
7.201733e+00
7.208570e+00
7.215407e+00
7.222243e+00
7.229080e+00
7.235917e+00
7.242753e+00
7.249590e+00
7.256427e+00
7.263263e+00
7.270100e+00
7.276937e+00
7.283773e+00
7.290610e+00
7.297447e+00
7.304283e+00
7.311120e+00
7.317957e+00
7.324793e+00
7.331630e+00
7.338467e+00
7.345303e+00
7.352140e+00
7.358977e+00
7.365813e+00
7.372650e+00
7.379487e+00
7.386323e+00
7.393160e+00
7.399997e+00
7.406833e+00
7.413670e+00
7.420507e+00
7.427343e+00
7.434180e+00
7.441017e+00
7.447853e+00
7.454690e+00
7.461527e+00
7.468363e+00
7.475200e+00
7.482037e+00
7.488873e+00
7.495710e+00
7.502547e+00
7.509383e+00
7.516220e+00
7.523057e+00
7.529893e+00
7.536730e+00
7.543567e+00
7.550403e+00
7.557240e+00
7.564077e+00
7.570913e+00
7.577750e+00
7.584587e+00
7.591423e+00
7.598260e+00
7.605097e+00
7.611933e+00
7.618770e+00
7.625607e+00
7.632443e+00
7.639280e+00
7.646117e+00
7.652953e+00
7.659790e+00
7.666627e+00
7.673463e+00
7.680300e+00
7.687137e+00
7.693973e+00
7.700810e+00
7.707647e+00
7.714483e+00
7.721320e+00
7.728157e+00
7.734993e+00
7.741830e+00
7.748667e+00
7.755066e+00
7.761466e+00
7.767866e+00
7.774265e+00
7.780665e+00
7.787065e+00
7.793464e+00
7.799864e+00
7.806264e+00
7.812663e+00
7.819063e+00
7.825463e+00
7.831862e+00
7.838262e+00
7.844662e+00
7.851061e+00
7.857461e+00
7.863861e+00
7.870260e+00
7.876660e+00
7.883060e+00
7.889459e+00
7.895859e+00
7.902259e+00
7.908658e+00
7.915058e+00
7.921458e+00
7.927857e+00
7.934257e+00
7.940657e+00
7.947056e+00
7.953456e+00
7.959856e+00
7.966255e+00
7.972655e+00
7.979055e+00
7.985454e+00
7.991854e+00
7.998254e+00
8.004653e+00
8.011053e+00
8.017453e+00
8.023852e+00
8.030252e+00
8.036652e+00
8.043051e+00
8.049451e+00
8.055851e+00
8.062250e+00
8.068650e+00
8.075050e+00
8.081449e+00
8.087849e+00
8.094249e+00
8.100648e+00
8.107048e+00
8.113448e+00
8.119847e+00
8.126247e+00
8.132647e+00
8.139046e+00
8.145446e+00
8.151846e+00
8.158245e+00
8.164645e+00
8.171045e+00
8.177444e+00
8.183844e+00
8.190244e+00
8.196643e+00
8.203043e+00
8.209443e+00
8.215842e+00
8.222242e+00
8.228642e+00
8.235041e+00
8.241441e+00
8.247841e+00
8.254240e+00
8.260640e+00
8.267040e+00
8.273439e+00
8.279839e+00
8.286239e+00
8.292638e+00
8.299038e+00
8.305438e+00
8.311837e+00
8.318237e+00
8.324637e+00
8.331036e+00
8.337436e+00
8.343836e+00
8.350236e+00
8.356635e+00
8.363035e+00
8.369434e+00
8.375834e+00
8.382234e+00
8.388633e+00
8.395033e+00
8.401433e+00
8.407833e+00
8.414232e+00
8.420632e+00
8.427032e+00
8.433431e+00
8.439831e+00
8.446231e+00
8.452630e+00
8.459030e+00
8.465430e+00
8.471829e+00
8.478229e+00
8.484629e+00
8.491028e+00
8.497428e+00
8.503828e+00
8.510227e+00
8.516627e+00
8.523027e+00
8.529426e+00
8.535826e+00
8.542226e+00
8.548625e+00
8.555025e+00
8.561425e+00
8.567824e+00
8.574224e+00
8.580623e+00
8.587023e+00
8.593423e+00
8.599823e+00
8.606222e+00
8.612622e+00
8.619022e+00
8.625421e+00
8.631821e+00
8.638220e+00
8.644620e+00
8.651020e+00
8.657420e+00
8.663819e+00
8.670219e+00
8.676619e+00
8.683018e+00
8.689418e+00
8.695817e+00
8.702217e+00
8.708617e+00
8.715017e+00
8.721416e+00
8.727816e+00
8.734216e+00
8.740615e+00
8.747015e+00
8.753415e+00
8.759814e+00
8.766214e+00
8.772614e+00
8.779013e+00
8.785413e+00
8.791812e+00
8.798212e+00
8.804612e+00
8.811012e+00
8.817411e+00
8.823811e+00
8.830211e+00
8.836610e+00
8.843010e+00
8.849410e+00
8.855809e+00
8.862209e+00
8.868609e+00
8.875008e+00
8.881408e+00
8.887808e+00
8.894207e+00
8.900607e+00
8.907007e+00
8.913406e+00
8.919806e+00
8.926206e+00
8.932605e+00
8.939005e+00
8.945404e+00
8.951804e+00
8.958204e+00
8.964604e+00
8.971004e+00
8.977403e+00
8.983803e+00
8.990202e+00
8.996602e+00
9.003002e+00
9.009401e+00
9.015801e+00
9.022201e+00
9.028600e+00
9.035000e+00
9.041728e+00
9.048457e+00
9.055185e+00
9.061914e+00
9.068643e+00
9.075371e+00
9.082099e+00
9.088828e+00
9.095556e+00
9.102285e+00
9.109013e+00
9.115742e+00
9.122470e+00
9.129199e+00
9.135927e+00
9.142656e+00
9.149384e+00
9.156113e+00
9.162841e+00
9.169570e+00
9.176298e+00
9.183026e+00
9.189755e+00
9.196483e+00
9.203212e+00
9.209941e+00
9.216669e+00
9.223397e+00
9.230126e+00
9.236854e+00
9.243583e+00
9.250311e+00
9.257040e+00
9.263768e+00
9.270497e+00
9.277225e+00
9.283954e+00
9.290682e+00
9.297411e+00
9.304139e+00
9.310868e+00
9.317596e+00
9.324324e+00
9.331053e+00
9.337782e+00
9.344510e+00
9.351239e+00
9.357967e+00
9.364695e+00
9.371424e+00
9.378152e+00
9.384881e+00
9.391609e+00
9.398338e+00
9.405066e+00
9.411795e+00
9.418523e+00
9.425252e+00
9.431980e+00
9.438709e+00
9.445437e+00
9.452166e+00
9.458894e+00
9.465622e+00
9.472351e+00
9.479080e+00
9.485808e+00
9.492537e+00
9.499265e+00
9.505993e+00
9.512722e+00
9.519450e+00
9.526179e+00
9.532908e+00
9.539636e+00
9.546364e+00
9.553092e+00
9.559821e+00
9.566550e+00
9.573278e+00
9.580007e+00
9.586735e+00
9.593463e+00
9.600192e+00
9.606920e+00
9.613649e+00
9.620378e+00
9.627106e+00
9.633834e+00
9.640563e+00
9.647291e+00
9.654020e+00
9.660748e+00
9.667477e+00
9.674205e+00
9.680934e+00
9.687662e+00
9.694391e+00
9.701119e+00
9.707848e+00
9.714576e+00
9.721305e+00
9.728033e+00
9.734761e+00
9.741490e+00
9.748219e+00
9.754947e+00
9.761676e+00
9.768404e+00
9.775132e+00
9.781861e+00
9.788589e+00
9.795318e+00
9.802046e+00
9.808775e+00
9.815503e+00
9.822232e+00
9.828960e+00
9.835689e+00
9.842417e+00
9.849146e+00
9.855874e+00
9.862603e+00
9.869331e+00
9.876059e+00
9.882788e+00
9.889517e+00
9.896245e+00
9.902974e+00
9.909702e+00
9.916430e+00
9.923159e+00
9.929887e+00
9.936616e+00
9.943345e+00
9.950073e+00
9.956801e+00
9.963530e+00
9.970258e+00
9.976987e+00
9.983715e+00
9.990444e+00
9.997172e+00
1.000390e+01
1.001063e+01
1.001736e+01
1.002409e+01
1.003081e+01
1.003754e+01
1.004427e+01
1.005100e+01
1.005773e+01
1.006446e+01
1.007119e+01
1.007791e+01
1.008464e+01
1.009137e+01
1.009810e+01
1.010483e+01
1.011156e+01
1.011828e+01
1.012501e+01
1.013174e+01
1.013847e+01
1.014520e+01
1.015193e+01
1.015866e+01
1.016538e+01
1.017211e+01
1.017884e+01
1.018557e+01
1.019230e+01
1.019903e+01
1.020576e+01
1.021248e+01
1.021921e+01
1.022594e+01
1.023267e+01
1.023940e+01
1.024613e+01
1.025285e+01
1.025958e+01
1.026631e+01
1.027304e+01
1.027977e+01
1.028650e+01
1.029323e+01
1.029995e+01
1.030668e+01
1.031341e+01
1.032014e+01
1.032687e+01
1.033360e+01
1.034032e+01
1.034705e+01
1.035378e+01
1.036051e+01
1.036724e+01
1.037397e+01
1.038070e+01
1.038742e+01
1.039415e+01
1.040088e+01
1.040761e+01
1.041434e+01
1.042107e+01
1.042779e+01
1.043452e+01
1.044125e+01
1.044798e+01
1.045471e+01
1.046144e+01
1.046817e+01
1.047489e+01
1.048162e+01
1.048835e+01
1.049508e+01
1.050181e+01
1.050854e+01
1.051526e+01
1.052199e+01
1.052872e+01
1.053545e+01
1.054218e+01
1.054891e+01
1.055564e+01
1.056236e+01
1.056909e+01
1.057582e+01
1.058255e+01
1.058928e+01
1.059601e+01
1.060274e+01
1.060946e+01
1.061619e+01
1.062292e+01
1.062965e+01
1.063638e+01
1.064311e+01
1.064983e+01
1.065656e+01
1.066329e+01
1.067002e+01
1.067675e+01
1.068348e+01
1.069021e+01
1.069693e+01
1.070366e+01
1.071039e+01
1.071712e+01
1.072385e+01
1.073058e+01
1.073730e+01
1.074403e+01
1.075076e+01
1.075749e+01
1.076422e+01
1.077095e+01
1.077768e+01
1.078440e+01
1.079113e+01
1.079786e+01
1.080459e+01
1.081132e+01
1.081805e+01
1.082477e+01
1.083150e+01
1.083823e+01
1.084496e+01
1.085169e+01
1.085842e+01
1.086515e+01
1.087187e+01
1.087860e+01
1.088533e+01
1.089206e+01
1.089879e+01
1.090552e+01
1.091224e+01
1.091897e+01
1.092570e+01
1.093243e+01
1.093916e+01
1.094589e+01
1.095262e+01
1.095934e+01
1.096607e+01
1.097280e+01
1.097953e+01
1.098626e+01
1.099299e+01
1.099972e+01
1.100644e+01
1.101317e+01
1.101990e+01
1.102663e+01
1.103336e+01
1.104009e+01
1.104681e+01
1.105354e+01
1.106027e+01
1.106700e+01
1.107400e+01
1.108101e+01
1.108801e+01
1.109501e+01
1.110202e+01
1.110902e+01
1.111602e+01
1.112303e+01
1.113003e+01
1.113703e+01
1.114404e+01
1.115104e+01
1.115804e+01
1.116505e+01
1.117205e+01
1.117905e+01
1.118606e+01
1.119306e+01
1.120006e+01
1.120707e+01
1.121407e+01
1.122107e+01
1.122808e+01
1.123508e+01
1.124208e+01
1.124909e+01
1.125609e+01
1.126309e+01
1.127010e+01
1.127710e+01
1.128410e+01
1.129111e+01
1.129811e+01
1.130511e+01
1.131212e+01
1.131912e+01
1.132612e+01
1.133313e+01
1.134013e+01
1.134713e+01
1.135414e+01
1.136114e+01
1.136814e+01
1.137515e+01
1.138215e+01
1.138915e+01
1.139616e+01
1.140316e+01
1.141016e+01
1.141717e+01
1.142417e+01
1.143117e+01
1.143818e+01
1.144518e+01
1.145218e+01
1.145919e+01
1.146619e+01
1.147319e+01
1.148020e+01
1.148720e+01
1.149420e+01
1.150121e+01
1.150821e+01
1.151521e+01
1.152222e+01
1.152922e+01
1.153622e+01
1.154323e+01
1.155023e+01
1.155723e+01
1.156424e+01
1.157124e+01
1.157824e+01
1.158525e+01
1.159225e+01
1.159925e+01
1.160626e+01
1.161326e+01
1.162026e+01
1.162727e+01
1.163427e+01
1.164127e+01
1.164828e+01
1.165528e+01
1.166228e+01
1.166929e+01
1.167629e+01
1.168329e+01
1.169030e+01
1.169730e+01
1.170430e+01
1.171131e+01
1.171831e+01
1.172531e+01
1.173232e+01
1.173932e+01
1.174632e+01
1.175333e+01
1.176033e+01
1.176733e+01
1.177433e+01
1.178134e+01
1.178834e+01
1.179534e+01
1.180235e+01
1.180935e+01
1.181636e+01
1.182336e+01
1.183036e+01
1.183736e+01
1.184437e+01
1.185137e+01
1.185837e+01
1.186538e+01
1.187238e+01
1.187938e+01
1.188639e+01
1.189339e+01
1.190039e+01
1.190740e+01
1.191440e+01
1.192140e+01
1.192841e+01
1.193541e+01
1.194241e+01
1.194942e+01
1.195642e+01
1.196342e+01
1.197043e+01
1.197743e+01
1.198443e+01
1.199144e+01
1.199844e+01
1.200544e+01
1.201245e+01
1.201945e+01
1.202645e+01
1.203346e+01
1.204046e+01
1.204746e+01
1.205447e+01
1.206147e+01
1.206847e+01
1.207548e+01
1.208248e+01
1.208948e+01
1.209649e+01
1.210349e+01
1.211049e+01
1.211750e+01
1.212450e+01
1.213150e+01
1.213851e+01
1.214551e+01
1.215251e+01
1.215952e+01
1.216652e+01
1.217352e+01
1.218053e+01
1.218753e+01
1.219453e+01
1.220154e+01
1.220854e+01
1.221554e+01
1.222255e+01
1.222955e+01
1.223655e+01
1.224356e+01
1.225056e+01
1.225756e+01
1.226457e+01
1.227157e+01
1.227857e+01
1.228558e+01
1.229258e+01
1.229958e+01
1.230659e+01
1.231359e+01
1.232059e+01
1.232760e+01
1.233460e+01
1.234160e+01
1.234861e+01
1.235561e+01
1.236261e+01
1.236962e+01
1.237662e+01
1.238362e+01
1.239063e+01
1.239763e+01
1.240463e+01
1.241164e+01
1.241864e+01
1.242564e+01
1.243265e+01
1.243965e+01
1.244665e+01
1.245366e+01
1.246066e+01
1.246766e+01
1.247467e+01
1.248173e+01
1.248880e+01
1.249587e+01
1.250294e+01
1.251001e+01
1.251707e+01
1.252414e+01
1.253121e+01
1.253828e+01
1.254535e+01
1.255241e+01
1.255948e+01
1.256655e+01
1.257362e+01
1.258069e+01
1.258775e+01
1.259482e+01
1.260189e+01
1.260896e+01
1.261603e+01
1.262309e+01
1.263016e+01
1.263723e+01
1.264430e+01
1.265137e+01
1.265843e+01
1.266550e+01
1.267257e+01
1.267964e+01
1.268671e+01
1.269377e+01
1.270084e+01
1.270791e+01
1.271498e+01
1.272205e+01
1.272911e+01
1.273618e+01
1.274325e+01
1.275032e+01
1.275739e+01
1.276445e+01
1.277152e+01
1.277859e+01
1.278566e+01
1.279273e+01
1.279979e+01
1.280686e+01
1.281393e+01
1.282100e+01
1.282807e+01
1.283513e+01
1.284220e+01
1.284927e+01
1.285634e+01
1.286341e+01
1.287047e+01
1.287754e+01
1.288461e+01
1.289168e+01
1.289875e+01
1.290581e+01
1.291288e+01
1.291995e+01
1.292702e+01
1.293409e+01
1.294115e+01
1.294822e+01
1.295529e+01
1.296236e+01
1.296943e+01
1.297649e+01
1.298356e+01
1.299063e+01
1.299770e+01
1.300477e+01
1.301183e+01
1.301890e+01
1.302597e+01
1.303304e+01
1.304011e+01
1.304717e+01
1.305424e+01
1.306131e+01
1.306838e+01
1.307545e+01
1.308251e+01
1.308958e+01
1.309665e+01
1.310372e+01
1.311079e+01
1.311785e+01
1.312492e+01
1.313199e+01
1.313906e+01
1.314613e+01
1.315319e+01
1.316026e+01
1.316733e+01
1.317440e+01
1.318147e+01
1.318853e+01
1.319560e+01
1.320267e+01
1.320974e+01
1.321681e+01
1.322387e+01
1.323094e+01
1.323801e+01
1.324508e+01
1.325215e+01
1.325921e+01
1.326628e+01
1.327335e+01
1.328042e+01
1.328749e+01
1.329455e+01
1.330162e+01
1.330869e+01
1.331576e+01
1.332283e+01
1.332989e+01
1.333696e+01
1.334403e+01
1.335110e+01
1.335817e+01
1.336523e+01
1.337230e+01
1.337937e+01
1.338644e+01
1.339351e+01
1.340057e+01
1.340764e+01
1.341471e+01
1.342178e+01
1.342885e+01
1.343591e+01
1.344298e+01
1.345005e+01
1.345712e+01
1.346419e+01
1.347125e+01
1.347832e+01
1.348539e+01
1.349246e+01
1.349953e+01
1.350659e+01
1.351366e+01
1.352073e+01
1.352780e+01
1.353487e+01
1.354193e+01
1.354900e+01
1.355607e+01
1.356314e+01
1.357021e+01
1.357727e+01
1.358434e+01
1.359141e+01
1.359848e+01
1.360555e+01
1.361261e+01
1.361968e+01
1.362675e+01
1.363382e+01
1.364089e+01
1.364795e+01
1.365502e+01
1.366209e+01
1.366916e+01
1.367623e+01
1.368329e+01
1.369036e+01
1.369743e+01
1.370450e+01
1.371157e+01
1.371863e+01
1.372570e+01
1.373277e+01
1.373984e+01
1.374691e+01
1.375397e+01
1.376104e+01
1.376811e+01
1.377518e+01
1.378225e+01
1.378931e+01
1.379638e+01
1.380345e+01
1.381052e+01
1.381759e+01
1.382465e+01
1.383172e+01
1.383879e+01
1.384586e+01
1.385293e+01
1.385999e+01
1.386706e+01
1.387413e+01
1.388120e+01
1.388827e+01
1.389533e+01
1.390259e+01
1.390985e+01
1.391711e+01
1.392437e+01
1.393163e+01
1.393889e+01
1.394615e+01
1.395341e+01
1.396067e+01
1.396793e+01
1.397519e+01
1.398245e+01
1.398971e+01
1.399696e+01
1.400422e+01
1.401148e+01
1.401874e+01
1.402600e+01
1.403326e+01
1.404052e+01
1.404778e+01
1.405504e+01
1.406230e+01
1.406956e+01
1.407682e+01
1.408408e+01
1.409134e+01
1.409860e+01
1.410586e+01
1.411311e+01
1.412037e+01
1.412763e+01
1.413489e+01
1.414215e+01
1.414941e+01
1.415667e+01
1.416393e+01
1.417119e+01
1.417845e+01
1.418571e+01
1.419297e+01
1.420023e+01
1.420749e+01
1.421475e+01
1.422201e+01
1.422926e+01
1.423652e+01
1.424378e+01
1.425104e+01
1.425830e+01
1.426556e+01
1.427282e+01
1.428008e+01
1.428734e+01
1.429460e+01
1.430186e+01
1.430912e+01
1.431638e+01
1.432364e+01
1.433090e+01
1.433816e+01
1.434542e+01
1.435267e+01
1.435993e+01
1.436719e+01
1.437445e+01
1.438171e+01
1.438897e+01
1.439623e+01
1.440349e+01
1.441075e+01
1.441801e+01
1.442527e+01
1.443253e+01
1.443979e+01
1.444705e+01
1.445431e+01
1.446157e+01
1.446882e+01
1.447608e+01
1.448334e+01
1.449060e+01
1.449786e+01
1.450512e+01
1.451238e+01
1.451964e+01
1.452690e+01
1.453416e+01
1.454142e+01
1.454868e+01
1.455594e+01
1.456320e+01
1.457046e+01
1.457772e+01
1.458497e+01
1.459223e+01
1.459949e+01
1.460675e+01
1.461401e+01
1.462127e+01
1.462853e+01
1.463579e+01
1.464305e+01
1.465031e+01
1.465757e+01
1.466483e+01
1.467209e+01
1.467935e+01
1.468661e+01
1.469387e+01
1.470112e+01
1.470838e+01
1.471564e+01
1.472290e+01
1.473016e+01
1.473742e+01
1.474468e+01
1.475194e+01
1.475920e+01
1.476646e+01
1.477372e+01
1.478098e+01
1.478824e+01
1.479550e+01
1.480276e+01
1.481002e+01
1.481727e+01
1.482453e+01
1.483179e+01
1.483905e+01
1.484631e+01
1.485357e+01
1.486083e+01
1.486809e+01
1.487535e+01
1.488261e+01
1.488987e+01
1.489713e+01
1.490439e+01
1.491165e+01
1.491891e+01
1.492617e+01
1.493342e+01
1.494068e+01
1.494794e+01
1.495520e+01
1.496246e+01
1.496972e+01
1.497698e+01
1.498424e+01
1.499150e+01
1.499876e+01
1.500602e+01
1.501328e+01
1.502054e+01
1.502780e+01
1.503506e+01
1.504232e+01
1.504958e+01
1.505683e+01
1.506409e+01
1.507135e+01
1.507861e+01
1.508587e+01
1.509313e+01
1.510039e+01
1.510765e+01
1.511491e+01
1.512217e+01
1.512943e+01
1.513669e+01
1.514395e+01
1.515121e+01
1.515847e+01
1.516573e+01
1.517298e+01
1.518024e+01
1.518750e+01
1.519476e+01
1.520202e+01
1.520928e+01
1.521654e+01
1.522380e+01
1.523106e+01
1.523832e+01
1.524558e+01
1.525284e+01
1.526010e+01
1.526736e+01
1.527462e+01
1.528188e+01
1.528913e+01
1.529639e+01
1.530365e+01
1.531091e+01
1.531817e+01
1.532543e+01
1.533269e+01
1.533995e+01
1.534721e+01
1.535447e+01
1.536173e+01
1.536899e+01
1.537625e+01
1.538351e+01
1.539077e+01
1.539803e+01
1.540528e+01
1.541254e+01
1.541980e+01
1.542706e+01
1.543432e+01
1.544158e+01
1.544884e+01
1.545610e+01
1.546336e+01
1.547062e+01
1.547788e+01
1.548514e+01
1.549240e+01
1.549966e+01
1.550692e+01
1.551418e+01
1.552143e+01
1.552869e+01
1.553595e+01
1.554321e+01
1.555047e+01
1.555773e+01
1.556499e+01
1.557225e+01
1.557951e+01
1.558677e+01
1.559403e+01
1.560129e+01
1.560855e+01
1.561581e+01
1.562307e+01
1.563033e+01
1.563758e+01
1.564484e+01
1.565210e+01
1.565936e+01
1.566662e+01
1.567388e+01
1.568114e+01
1.568840e+01
1.569566e+01
1.570292e+01
1.571018e+01
1.571744e+01
1.572470e+01
1.573196e+01
1.573922e+01
1.574648e+01
1.575374e+01
1.576099e+01
1.576825e+01
1.577551e+01
1.578277e+01
1.579003e+01
1.579729e+01
1.580455e+01
1.581181e+01
1.581907e+01
1.582633e+01
1.583359e+01
1.584085e+01
1.584811e+01
1.585537e+01
1.586263e+01
1.586989e+01
1.587714e+01
1.588440e+01
1.589166e+01
1.589892e+01
1.590618e+01
1.591344e+01
1.592070e+01
1.592796e+01
1.593522e+01
1.594248e+01
1.594974e+01
1.595700e+01
1.596426e+01
1.597152e+01
1.597878e+01
1.598604e+01
1.599329e+01
1.600055e+01
1.600781e+01
1.601507e+01
1.602233e+01
1.602959e+01
1.603685e+01
1.604411e+01
1.605137e+01
1.605863e+01
1.606589e+01
1.607315e+01
1.608041e+01
1.608767e+01
1.609506e+01
1.610245e+01
1.610985e+01
1.611724e+01
1.612463e+01
1.613203e+01
1.613942e+01
1.614681e+01
1.615420e+01
1.616160e+01
1.616899e+01
1.617638e+01
1.618378e+01
1.619117e+01
1.619856e+01
1.620596e+01
1.621335e+01
1.622074e+01
1.622814e+01
1.623553e+01
1.624292e+01
1.625031e+01
1.625771e+01
1.626510e+01
1.627249e+01
1.627989e+01
1.628728e+01
1.629467e+01
1.630207e+01
1.630946e+01
1.631685e+01
1.632425e+01
1.633164e+01
1.633903e+01
1.634642e+01
1.635382e+01
1.636121e+01
1.636860e+01
1.637600e+01
1.638339e+01
1.639078e+01
1.639818e+01
1.640557e+01
1.641296e+01
1.642036e+01
1.642775e+01
1.643514e+01
1.644254e+01
1.644993e+01
1.645732e+01
1.646471e+01
1.647211e+01
1.647950e+01
1.648689e+01
1.649429e+01
1.650168e+01
1.650907e+01
1.651647e+01
1.652386e+01
1.653125e+01
1.653865e+01
1.654604e+01
1.655343e+01
1.656082e+01
1.656822e+01
1.657561e+01
1.658300e+01
1.659040e+01
1.659779e+01
1.660518e+01
1.661258e+01
1.661997e+01
1.662736e+01
1.663476e+01
1.664215e+01
1.664954e+01
1.665693e+01
1.666433e+01
1.667172e+01
1.667911e+01
1.668651e+01
1.669390e+01
1.670129e+01
1.670869e+01
1.671608e+01
1.672347e+01
1.673087e+01
1.673826e+01
1.674565e+01
1.675305e+01
1.676044e+01
1.676783e+01
1.677522e+01
1.678262e+01
1.679001e+01
1.679740e+01
1.680480e+01
1.681219e+01
1.681958e+01
1.682698e+01
1.683437e+01
1.684176e+01
1.684916e+01
1.685655e+01
1.686394e+01
1.687133e+01
1.687873e+01
1.688612e+01
1.689351e+01
1.690091e+01
1.690830e+01
1.691569e+01
1.692309e+01
1.693048e+01
1.693787e+01
1.694527e+01
1.695266e+01
1.696005e+01
1.696745e+01
1.697484e+01
1.698223e+01
1.698962e+01
1.699702e+01
1.700441e+01
1.701180e+01
1.701920e+01
1.702659e+01
1.703398e+01
1.704138e+01
1.704877e+01
1.705616e+01
1.706355e+01
1.707095e+01
1.707834e+01
1.708573e+01
1.709313e+01
1.710052e+01
1.710791e+01
1.711531e+01
1.712270e+01
1.713009e+01
1.713749e+01
1.714488e+01
1.715227e+01
1.715967e+01
1.716706e+01
1.717445e+01
1.718184e+01
1.718924e+01
1.719663e+01
1.720402e+01
1.721142e+01
1.721881e+01
1.722620e+01
1.723360e+01
1.724099e+01
1.724838e+01
1.725578e+01
1.726317e+01
1.727056e+01
1.727795e+01
1.728535e+01
1.729274e+01
1.730013e+01
1.730753e+01
1.731492e+01
1.732231e+01
1.732971e+01
1.733710e+01
1.734449e+01
1.735189e+01
1.735928e+01
1.736667e+01
1.737407e+01
1.738146e+01
1.738885e+01
1.739624e+01
1.740364e+01
1.741103e+01
1.741842e+01
1.742582e+01
1.743321e+01
1.744060e+01
1.744800e+01
1.745539e+01
1.746278e+01
1.747018e+01
1.747757e+01
1.748496e+01
1.749235e+01
1.749975e+01
1.750714e+01
1.751453e+01
1.752193e+01
1.752932e+01
1.753671e+01
1.754411e+01
1.755150e+01
1.755889e+01
1.756629e+01
1.757368e+01
1.758107e+01
1.758846e+01
1.759586e+01
1.760325e+01
1.761064e+01
1.761804e+01
1.762543e+01
1.763282e+01
1.764022e+01
1.764761e+01
1.765500e+01
1.766240e+01
1.766979e+01
1.767718e+01
1.768458e+01
1.769197e+01
1.769936e+01
1.770675e+01
1.771415e+01
1.772154e+01
1.772893e+01
1.773633e+01
1.774372e+01
1.775111e+01
1.775851e+01
1.776590e+01
1.777329e+01
1.778069e+01
1.778808e+01
1.779547e+01
1.780286e+01
1.781026e+01
1.781765e+01
1.782504e+01
1.783244e+01
1.783983e+01
1.784722e+01
1.785462e+01
1.786201e+01
1.786940e+01
1.787680e+01
1.788419e+01
1.789158e+01
1.789897e+01
1.790637e+01
1.791376e+01
1.792115e+01
1.792855e+01
1.793594e+01
1.794333e+01
1.795073e+01
1.795812e+01
1.796551e+01
1.797291e+01
1.798030e+01
1.798769e+01
1.799508e+01
1.800248e+01
1.800987e+01
1.801726e+01
1.802466e+01
1.803205e+01
1.803944e+01
1.804684e+01
1.805423e+01
1.806162e+01
1.806902e+01
1.807641e+01
1.808380e+01
1.809120e+01
1.809859e+01
1.810598e+01
1.811337e+01
1.812077e+01
1.812816e+01
1.813555e+01
1.814295e+01
1.815034e+01
1.815773e+01
1.816513e+01
1.817252e+01
1.817991e+01
1.818731e+01
1.819470e+01
1.820209e+01
1.820948e+01
1.821688e+01
1.822427e+01
1.823166e+01
1.823906e+01
1.824645e+01
1.825384e+01
1.826124e+01
1.826863e+01
1.827602e+01
1.828342e+01
1.829081e+01
1.829820e+01
1.830559e+01
1.831299e+01
1.832038e+01
1.832777e+01
1.833517e+01
1.834256e+01
1.834995e+01
1.835735e+01
1.836474e+01
1.837213e+01
1.837953e+01
1.838692e+01
1.839431e+01
1.840171e+01
1.840910e+01
1.841649e+01
1.842388e+01
1.843128e+01
1.843867e+01
1.844606e+01
1.845346e+01
1.846085e+01
1.846824e+01
1.847564e+01
1.848303e+01
1.849042e+01
1.849782e+01
1.850521e+01
1.851260e+01
1.851999e+01
1.852739e+01
1.853478e+01
1.854217e+01
1.854957e+01
1.855696e+01
1.856435e+01
1.857175e+01
1.857914e+01
1.858653e+01
1.859393e+01
1.860132e+01
1.860871e+01
1.861610e+01
1.862350e+01
1.863089e+01
1.863828e+01
1.864568e+01
1.865307e+01
1.866046e+01
1.866786e+01
1.867525e+01
1.868264e+01
1.869004e+01
1.869743e+01
1.870482e+01
1.871222e+01
1.871961e+01
1.872700e+01
1.873439e+01
1.874179e+01
1.874918e+01
1.875657e+01
1.876397e+01
1.877136e+01
1.877875e+01
1.878615e+01
1.879354e+01
1.880093e+01
1.880833e+01
1.881572e+01
1.882311e+01
1.883050e+01
1.883790e+01
1.884529e+01
1.885268e+01
1.886008e+01
1.886747e+01
1.887486e+01
1.888226e+01
1.888965e+01
1.889704e+01
1.890444e+01
1.891183e+01
1.891922e+01
1.892661e+01
1.893401e+01
1.894140e+01
1.894879e+01
1.895619e+01
1.896358e+01
1.897097e+01
1.897837e+01
1.898576e+01
1.899315e+01
1.900055e+01
1.900794e+01
1.901533e+01
1.902272e+01
1.903012e+01
1.903751e+01
1.904490e+01
1.905230e+01
1.905969e+01
1.906708e+01
1.907448e+01
1.908187e+01
1.908926e+01
1.909666e+01
1.910405e+01
1.911144e+01
1.911884e+01
1.912623e+01
1.913362e+01
1.914101e+01
1.914841e+01
1.915580e+01
1.916319e+01
1.917059e+01
1.917798e+01
1.918537e+01
1.919277e+01
1.920016e+01
1.920755e+01
1.921495e+01
1.922234e+01
1.922973e+01
1.923712e+01
1.924452e+01
1.925191e+01
1.925930e+01
1.926670e+01
1.927409e+01
1.928148e+01
1.928888e+01
1.929627e+01
1.930366e+01
1.931106e+01
1.931845e+01
1.932584e+01
1.933324e+01
1.934063e+01
1.934802e+01
1.935541e+01
1.936281e+01
1.937020e+01
1.937759e+01
1.938499e+01
1.939238e+01
1.939977e+01
1.940717e+01
1.941456e+01
1.942195e+01
1.942935e+01
1.943674e+01
1.944413e+01
1.945152e+01
1.945892e+01
1.946631e+01
1.947370e+01
1.948110e+01
1.948849e+01
1.949588e+01
1.950328e+01
1.951067e+01
1.951806e+01
1.952546e+01
1.953285e+01
1.954024e+01
1.954763e+01
1.955503e+01
1.956242e+01
1.956981e+01
1.957721e+01
1.958460e+01
1.959199e+01
1.959939e+01
1.960678e+01
1.961417e+01
1.962157e+01
1.962896e+01
1.963635e+01
1.964375e+01
1.965114e+01
1.965853e+01
1.966592e+01
1.967332e+01
1.968071e+01
1.968810e+01
1.969550e+01
1.970289e+01
1.971028e+01
1.971768e+01
1.972507e+01
1.973246e+01
1.973986e+01
1.974725e+01
1.975464e+01
1.976203e+01
1.976943e+01
1.977682e+01
1.978421e+01
1.979161e+01
1.979900e+01
1.980566e+01
1.981231e+01
1.981897e+01
1.982563e+01
1.983229e+01
1.983894e+01
1.984560e+01
1.985226e+01
1.985892e+01
1.986557e+01
1.987223e+01
1.987889e+01
1.988555e+01
1.989220e+01
1.989886e+01
1.990552e+01
1.991218e+01
1.991883e+01
1.992549e+01
1.993215e+01
1.993881e+01
1.994546e+01
1.995212e+01
1.995878e+01
1.996543e+01
1.997209e+01
1.997875e+01
1.998541e+01
1.999206e+01
1.999872e+01
2.000538e+01
2.001204e+01
2.001869e+01
2.002535e+01
2.003201e+01
2.003867e+01
2.004532e+01
2.005198e+01
2.005864e+01
2.006530e+01
2.007195e+01
2.007861e+01
2.008527e+01
2.009192e+01
2.009858e+01
2.010524e+01
2.011190e+01
2.011855e+01
2.012521e+01
2.013187e+01
2.013853e+01
2.014518e+01
2.015184e+01
2.015850e+01
2.016516e+01
2.017181e+01
2.017847e+01
2.018513e+01
2.019179e+01
2.019844e+01
2.020510e+01
2.021176e+01
2.021842e+01
2.022507e+01
2.023173e+01
2.023839e+01
2.024505e+01
2.025170e+01
2.025836e+01
2.026502e+01
2.027167e+01
2.027833e+01
2.028499e+01
2.029165e+01
2.029830e+01
2.030496e+01
2.031162e+01
2.031828e+01
2.032493e+01
2.033159e+01
2.033825e+01
2.034491e+01
2.035156e+01
2.035822e+01
2.036488e+01
2.037154e+01
2.037819e+01
2.038485e+01
2.039151e+01
2.039816e+01
2.040482e+01
2.041148e+01
2.041814e+01
2.042479e+01
2.043145e+01
2.043811e+01
2.044477e+01
2.045142e+01
2.045808e+01
2.046474e+01
2.047140e+01
2.047805e+01
2.048471e+01
2.049137e+01
2.049803e+01
2.050468e+01
2.051134e+01
2.051800e+01
2.052466e+01
2.053131e+01
2.053797e+01
2.054463e+01
2.055129e+01
2.055794e+01
2.056460e+01
2.057126e+01
2.057791e+01
2.058457e+01
2.059123e+01
2.059789e+01
2.060454e+01
2.061120e+01
2.061786e+01
2.062452e+01
2.063117e+01
2.063783e+01
2.064449e+01
2.065115e+01
2.065780e+01
2.066446e+01
2.067112e+01
2.067778e+01
2.068443e+01
2.069109e+01
2.069775e+01
2.070440e+01
2.071106e+01
2.071772e+01
2.072438e+01
2.073103e+01
2.073769e+01
2.074435e+01
2.075101e+01
2.075766e+01
2.076432e+01
2.077098e+01
2.077764e+01
2.078429e+01
2.079095e+01
2.079761e+01
2.080427e+01
2.081092e+01
2.081758e+01
2.082424e+01
2.083090e+01
2.083755e+01
2.084421e+01
2.085087e+01
2.085752e+01
2.086418e+01
2.087084e+01
2.087750e+01
2.088415e+01
2.089081e+01
2.089747e+01
2.090413e+01
2.091078e+01
2.091744e+01
2.092410e+01
2.093076e+01
2.093741e+01
2.094407e+01
2.095073e+01
2.095739e+01
2.096404e+01
2.097070e+01
2.097736e+01
2.098402e+01
2.099067e+01
2.099733e+01
2.100399e+01
2.101064e+01
2.101730e+01
2.102396e+01
2.103062e+01
2.103727e+01
2.104393e+01
2.105059e+01
2.105725e+01
2.106390e+01
2.107056e+01
2.107722e+01
2.108388e+01
2.109053e+01
2.109719e+01
2.110385e+01
2.111051e+01
2.111716e+01
2.112382e+01
2.113048e+01
2.113714e+01
2.114379e+01
2.115045e+01
2.115711e+01
2.116376e+01
2.117042e+01
2.117708e+01
2.118374e+01
2.119039e+01
2.119705e+01
2.120371e+01
2.121037e+01
2.121702e+01
2.122368e+01
2.123034e+01
2.123700e+01
2.124365e+01
2.125031e+01
2.125697e+01
2.126363e+01
2.127028e+01
2.127694e+01
2.128360e+01
2.129026e+01
2.129691e+01
2.130357e+01
2.131023e+01
2.131688e+01
2.132354e+01
2.133020e+01
2.133686e+01
2.134351e+01
2.135017e+01
2.135683e+01
2.136349e+01
2.137014e+01
2.137680e+01
2.138346e+01
2.139012e+01
2.139677e+01
2.140343e+01
2.141009e+01
2.141675e+01
2.142340e+01
2.143006e+01
2.143672e+01
2.144338e+01
2.145003e+01
2.145669e+01
2.146335e+01
2.147000e+01
2.147666e+01
2.148332e+01
2.148998e+01
2.149663e+01
2.150329e+01
2.150995e+01
2.151661e+01
2.152326e+01
2.152992e+01
2.153658e+01
2.154324e+01
2.154989e+01
2.155655e+01
2.156321e+01
2.156987e+01
2.157652e+01
2.158318e+01
2.158984e+01
2.159649e+01
2.160315e+01
2.160981e+01
2.161647e+01
2.162312e+01
2.162978e+01
2.163644e+01
2.164310e+01
2.164975e+01
2.165641e+01
2.166307e+01
2.166973e+01
2.167638e+01
2.168304e+01
2.168970e+01
2.169636e+01
2.170301e+01
2.170967e+01
2.171633e+01
2.172299e+01
2.172964e+01
2.173630e+01
2.174296e+01
2.174962e+01
2.175627e+01
2.176293e+01
2.176959e+01
2.177624e+01
2.178290e+01
2.178956e+01
2.179622e+01
2.180287e+01
2.180953e+01
2.181619e+01
2.182285e+01
2.182950e+01
2.183616e+01
2.184282e+01
2.184948e+01
2.185613e+01
2.186279e+01
2.186945e+01
2.187611e+01
2.188276e+01
2.188942e+01
2.189608e+01
2.190273e+01
2.190939e+01
2.191605e+01
2.192271e+01
2.192936e+01
2.193602e+01
2.194268e+01
2.194934e+01
2.195599e+01
2.196265e+01
2.196931e+01
2.197597e+01
2.198262e+01
2.198928e+01
2.199594e+01
2.200260e+01
2.200925e+01
2.201591e+01
2.202257e+01
2.202923e+01
2.203588e+01
2.204254e+01
2.204920e+01
2.205585e+01
2.206251e+01
2.206917e+01
2.207583e+01
2.208248e+01
2.208914e+01
2.209580e+01
2.210246e+01
2.210911e+01
2.211577e+01
2.212243e+01
2.212909e+01
2.213574e+01
2.214240e+01
2.214906e+01
2.215572e+01
2.216237e+01
2.216903e+01
2.217569e+01
2.218235e+01
2.218900e+01
2.219566e+01
2.220232e+01
2.220897e+01
2.221563e+01
2.222229e+01
2.222895e+01
2.223560e+01
2.224226e+01
2.224892e+01
2.225558e+01
2.226223e+01
2.226889e+01
2.227555e+01
2.228221e+01
2.228886e+01
2.229552e+01
2.230218e+01
2.230884e+01
2.231549e+01
2.232215e+01
2.232881e+01
2.233547e+01
2.234212e+01
2.234878e+01
2.235544e+01
2.236209e+01
2.236875e+01
2.237541e+01
2.238207e+01
2.238872e+01
2.239538e+01
2.240204e+01
2.240870e+01
2.241535e+01
2.242201e+01
2.242867e+01
2.243533e+01
2.244198e+01
2.244864e+01
2.245530e+01
2.246196e+01
2.246861e+01
2.247527e+01
2.248193e+01
2.248859e+01
2.249524e+01
2.250190e+01
2.250856e+01
2.251521e+01
2.252187e+01
2.252853e+01
2.253519e+01
2.254184e+01
2.254850e+01
2.255516e+01
2.256182e+01
2.256847e+01
2.257513e+01
2.258179e+01
2.258845e+01
2.259510e+01
2.260176e+01
2.260842e+01
2.261508e+01
2.262173e+01
2.262839e+01
2.263505e+01
2.264171e+01
2.264836e+01
2.265502e+01
2.266168e+01
2.266833e+01
2.267499e+01
2.268165e+01
2.268831e+01
2.269496e+01
2.270162e+01
2.270828e+01
2.271494e+01
2.272159e+01
2.272825e+01
2.273491e+01
2.274157e+01
2.274822e+01
2.275488e+01
2.276154e+01
2.276820e+01
2.277485e+01
2.278151e+01
2.278817e+01
2.279483e+01
2.280148e+01
2.280814e+01
2.281480e+01
2.282145e+01
2.282811e+01
2.283477e+01
2.284143e+01
2.284808e+01
2.285474e+01
2.286140e+01
2.286806e+01
2.287471e+01
2.288137e+01
2.288803e+01
2.289469e+01
2.290134e+01
2.290800e+01
2.291466e+01
2.292132e+01
2.292797e+01
2.293463e+01
2.294129e+01
2.294795e+01
2.295460e+01
2.296126e+01
2.296792e+01
2.297457e+01
2.298123e+01
2.298789e+01
2.299455e+01
2.300120e+01
2.300786e+01
2.301452e+01
2.302118e+01
2.302783e+01
2.303449e+01
2.304115e+01
2.304781e+01
2.305446e+01
2.306112e+01
2.306778e+01
2.307444e+01
2.308109e+01
2.308775e+01
2.309441e+01
2.310106e+01
2.310772e+01
2.311438e+01
2.312104e+01
2.312769e+01
2.313435e+01
2.314101e+01
2.314767e+01
2.315426e+01
2.316084e+01
2.316743e+01
2.317402e+01
2.318061e+01
2.318720e+01
2.319379e+01
2.320037e+01
2.320696e+01
2.321355e+01
2.322014e+01
2.322673e+01
2.323332e+01
2.323991e+01
2.324649e+01
2.325308e+01
2.325967e+01
2.326626e+01
2.327285e+01
2.327944e+01
2.328602e+01
2.329261e+01
2.329920e+01
2.330579e+01
2.331238e+01
2.331897e+01
2.332556e+01
2.333214e+01
2.333873e+01
2.334532e+01
2.335191e+01
2.335850e+01
2.336509e+01
2.337167e+01
2.337826e+01
2.338485e+01
2.339144e+01
2.339803e+01
2.340462e+01
2.341121e+01
2.341779e+01
2.342438e+01
2.343097e+01
2.343756e+01
2.344415e+01
2.345074e+01
2.345732e+01
2.346391e+01
2.347050e+01
2.347709e+01
2.348368e+01
2.349027e+01
2.349686e+01
2.350344e+01
2.351003e+01
2.351662e+01
2.352321e+01
2.352980e+01
2.353639e+01
2.354297e+01
2.354956e+01
2.355615e+01
2.356274e+01
2.356933e+01
2.357592e+01
2.358251e+01
2.358909e+01
2.359568e+01
2.360227e+01
2.360886e+01
2.361545e+01
2.362204e+01
2.362862e+01
2.363521e+01
2.364180e+01
2.364839e+01
2.365498e+01
2.366157e+01
2.366816e+01
2.367474e+01
2.368133e+01
2.368792e+01
2.369451e+01
2.370110e+01
2.370769e+01
2.371427e+01
2.372086e+01
2.372745e+01
2.373404e+01
2.374063e+01
2.374722e+01
2.375381e+01
2.376039e+01
2.376698e+01
2.377357e+01
2.378016e+01
2.378675e+01
2.379334e+01
2.379992e+01
2.380651e+01
2.381310e+01
2.381969e+01
2.382628e+01
2.383287e+01
2.383946e+01
2.384604e+01
2.385263e+01
2.385922e+01
2.386581e+01
2.387240e+01
2.387899e+01
2.388557e+01
2.389216e+01
2.389875e+01
2.390534e+01
2.391193e+01
2.391852e+01
2.392511e+01
2.393169e+01
2.393828e+01
2.394487e+01
2.395146e+01
2.395805e+01
2.396464e+01
2.397123e+01
2.397781e+01
2.398440e+01
2.399099e+01
2.399758e+01
2.400417e+01
2.401076e+01
2.401734e+01
2.402393e+01
2.403052e+01
2.403711e+01
2.404370e+01
2.405029e+01
2.405688e+01
2.406346e+01
2.407005e+01
2.407664e+01
2.408323e+01
2.408982e+01
2.409641e+01
2.410299e+01
2.410958e+01
2.411617e+01
2.412276e+01
2.412935e+01
2.413594e+01
2.414253e+01
2.414911e+01
2.415570e+01
2.416229e+01
2.416888e+01
2.417547e+01
2.418206e+01
2.418864e+01
2.419523e+01
2.420182e+01
2.420841e+01
2.421500e+01
2.422159e+01
2.422818e+01
2.423476e+01
2.424135e+01
2.424794e+01
2.425453e+01
2.426112e+01
2.426771e+01
2.427429e+01
2.428088e+01
2.428747e+01
2.429406e+01
2.430065e+01
2.430724e+01
2.431383e+01
2.432041e+01
2.432700e+01
2.433359e+01
2.434018e+01
2.434677e+01
2.435336e+01
2.435995e+01
2.436653e+01
2.437312e+01
2.437971e+01
2.438630e+01
2.439289e+01
2.439948e+01
2.440606e+01
2.441265e+01
2.441924e+01
2.442583e+01
2.443242e+01
2.443901e+01
2.444560e+01
2.445218e+01
2.445877e+01
2.446536e+01
2.447195e+01
2.447854e+01
2.448513e+01
2.449171e+01
2.449830e+01
2.450489e+01
2.451148e+01
2.451807e+01
2.452466e+01
2.453125e+01
2.453783e+01
2.454442e+01
2.455101e+01
2.455760e+01
2.456419e+01
2.457078e+01
2.457736e+01
2.458395e+01
2.459054e+01
2.459713e+01
2.460372e+01
2.461031e+01
2.461690e+01
2.462348e+01
2.463007e+01
2.463666e+01
2.464325e+01
2.464984e+01
2.465643e+01
2.466301e+01
2.466960e+01
2.467619e+01
2.468278e+01
2.468937e+01
2.469596e+01
2.470255e+01
2.470913e+01
2.471572e+01
2.472231e+01
2.472890e+01
2.473549e+01
2.474208e+01
2.474866e+01
2.475525e+01
2.476184e+01
2.476843e+01
2.477502e+01
2.478161e+01
2.478820e+01
2.479478e+01
2.480137e+01
2.480796e+01
2.481455e+01
2.482114e+01
2.482773e+01
2.483431e+01
2.484090e+01
2.484749e+01
2.485408e+01
2.486067e+01
2.486726e+01
2.487385e+01
2.488043e+01
2.488702e+01
2.489361e+01
2.490020e+01
2.490679e+01
2.491338e+01
2.491997e+01
2.492655e+01
2.493314e+01
2.493973e+01
2.494632e+01
2.495291e+01
2.495950e+01
2.496608e+01
2.497267e+01
2.497926e+01
2.498585e+01
2.499244e+01
2.499903e+01
2.500562e+01
2.501220e+01
2.501879e+01
2.502538e+01
2.503197e+01
2.503856e+01
2.504515e+01
2.505173e+01
2.505832e+01
2.506491e+01
2.507150e+01
2.507809e+01
2.508468e+01
2.509127e+01
2.509785e+01
2.510444e+01
2.511103e+01
2.511762e+01
2.512421e+01
2.513080e+01
2.513738e+01
2.514397e+01
2.515056e+01
2.515715e+01
2.516374e+01
2.517033e+01
2.517692e+01
2.518350e+01
2.519009e+01
2.519668e+01
2.520327e+01
2.520986e+01
2.521645e+01
2.522303e+01
2.522962e+01
2.523621e+01
2.524280e+01
2.524939e+01
2.525598e+01
2.526257e+01
2.526915e+01
2.527574e+01
2.528233e+01
2.528892e+01
2.529551e+01
2.530210e+01
2.530868e+01
2.531527e+01
2.532186e+01
2.532845e+01
2.533504e+01
2.534163e+01
2.534822e+01
2.535480e+01
2.536139e+01
2.536798e+01
2.537457e+01
2.538116e+01
2.538775e+01
2.539433e+01
2.540092e+01
2.540751e+01
2.541410e+01
2.542069e+01
2.542728e+01
2.543387e+01
2.544045e+01
2.544704e+01
2.545363e+01
2.546022e+01
2.546681e+01
2.547340e+01
2.547998e+01
2.548657e+01
2.549316e+01
2.549975e+01
2.550634e+01
2.551293e+01
2.551952e+01
2.552610e+01
2.553269e+01
2.553928e+01
2.554587e+01
2.555246e+01
2.555905e+01
2.556563e+01
2.557222e+01
2.557881e+01
2.558540e+01
2.559199e+01
2.559858e+01
2.560517e+01
2.561175e+01
2.561834e+01
2.562493e+01
2.563152e+01
2.563811e+01
2.564470e+01
2.565129e+01
2.565787e+01
2.566446e+01
2.567105e+01
2.567764e+01
2.568423e+01
2.569082e+01
2.569740e+01
2.570399e+01
2.571058e+01
2.571717e+01
2.572376e+01
2.573035e+01
2.573694e+01
2.574352e+01
2.575011e+01
2.575670e+01
2.576329e+01
2.576988e+01
2.577647e+01
2.578305e+01
2.578964e+01
2.579623e+01
2.580282e+01
2.580941e+01
2.581600e+01
2.582259e+01
2.582917e+01
2.583576e+01
2.584235e+01
2.584894e+01
2.585553e+01
2.586212e+01
2.586870e+01
2.587529e+01
2.588188e+01
2.588847e+01
2.589506e+01
2.590165e+01
2.590824e+01
2.591482e+01
2.592141e+01
2.592800e+01
2.593459e+01
2.594118e+01
2.594777e+01
2.595435e+01
2.596094e+01
2.596753e+01
2.597412e+01
2.598071e+01
2.598730e+01
2.599389e+01
2.600047e+01
2.600706e+01
2.601365e+01
2.602024e+01
2.602683e+01
2.603342e+01
2.604000e+01
2.604659e+01
2.605318e+01
2.605977e+01
2.606636e+01
2.607295e+01
2.607954e+01
2.608612e+01
2.609271e+01
2.609930e+01
2.610589e+01
2.611248e+01
2.611907e+01
2.612565e+01
2.613224e+01
2.613883e+01
2.614542e+01
2.615201e+01
2.615860e+01
2.616519e+01
2.617177e+01
2.617836e+01
2.618495e+01
2.619154e+01
2.619813e+01
2.620472e+01
2.621130e+01
2.621789e+01
2.622448e+01
2.623107e+01
2.623766e+01
2.624425e+01
2.625084e+01
2.625742e+01
2.626401e+01
2.627060e+01
2.627719e+01
2.628378e+01
2.629037e+01
2.629695e+01
2.630354e+01
2.631013e+01
2.631672e+01
