5.800000e-01
5.803332e-01
5.806668e-01
5.810000e-01
5.813332e-01
5.816668e-01
5.820000e-01
5.823332e-01
5.826668e-01
5.830000e-01
5.833332e-01
5.836668e-01
5.840000e-01
5.843332e-01
5.846668e-01
5.850000e-01
5.853332e-01
5.856668e-01
5.860000e-01
5.863332e-01
5.866668e-01
5.870000e-01
5.873332e-01
5.876668e-01
5.880000e-01
5.883332e-01
5.886668e-01
5.890000e-01
5.893332e-01
5.896668e-01
5.900000e-01
5.900000e-01
5.900000e-01
5.900000e-01
5.900000e-01
5.900000e-01
5.900000e-01
5.900000e-01
5.900000e-01
5.900000e-01
5.900000e-01
5.900000e-01
5.900000e-01
5.900000e-01
5.900000e-01
5.900000e-01
5.900000e-01
5.900000e-01
5.900000e-01
5.900000e-01
5.900000e-01
5.903750e-01
5.907500e-01
5.911250e-01
5.915000e-01
5.918750e-01
5.922500e-01
5.926250e-01
5.930000e-01
5.933750e-01
5.937500e-01
5.941250e-01
5.945000e-01
5.948750e-01
5.952500e-01
5.956250e-01
5.960000e-01
5.963750e-01
5.967500e-01
5.971668e-01
5.975000e-01
5.978332e-01
5.981668e-01
5.985000e-01
5.988332e-01
5.991668e-01
5.995000e-01
5.998332e-01
6.001668e-01
6.005000e-01
6.008332e-01
6.011668e-01
6.015000e-01
6.018332e-01
6.021668e-01
6.025000e-01
6.028332e-01
6.031668e-01
6.035000e-01
6.038332e-01
6.041668e-01
6.045000e-01
6.048332e-01
6.051668e-01
6.055000e-01
6.058332e-01
6.061668e-01
6.065000e-01
6.068332e-01
6.071668e-01
6.075000e-01
6.078000e-01
6.081000e-01
6.084000e-01
6.087000e-01
6.090000e-01
6.093000e-01
6.096000e-01
6.099000e-01
6.102000e-01
6.105000e-01
6.108000e-01
6.111000e-01
6.114000e-01
6.117000e-01
6.120000e-01
6.123000e-01
6.126000e-01
6.129000e-01
6.132000e-01
6.135000e-01
6.138000e-01
6.141000e-01
6.144000e-01
6.147000e-01
6.150000e-01
6.153000e-01
6.156000e-01
6.159000e-01
6.162000e-01
6.165000e-01
6.168000e-01
6.171000e-01
6.174000e-01
6.177000e-01
6.180000e-01
6.183000e-01
6.186000e-01
6.189000e-01
6.192000e-01
6.195000e-01
6.198000e-01
6.201000e-01
6.204000e-01
6.207000e-01
6.210000e-01
6.213000e-01
6.216000e-01
6.219000e-01
6.222000e-01
6.225000e-01
6.227500e-01
6.230000e-01
6.232500e-01
6.235000e-01
6.237500e-01
6.240000e-01
6.242500e-01
6.245000e-01
6.247500e-01
6.250000e-01
6.252500e-01
6.255000e-01
6.257500e-01
6.260000e-01
6.262500e-01
6.265000e-01
6.267500e-01
6.270000e-01
6.272500e-01
6.275000e-01
6.277500e-01
6.280000e-01
6.282500e-01
6.285000e-01
6.287500e-01
6.290000e-01
6.292500e-01
6.295000e-01
6.297500e-01
6.300000e-01
6.302500e-01
6.305000e-01
6.307500e-01
6.310000e-01
6.312500e-01
6.315000e-01
6.317500e-01
6.320000e-01
6.322500e-01
6.325000e-01
6.327500e-01
6.330000e-01
6.332500e-01
6.335000e-01
6.337500e-01
6.340000e-01
6.342500e-01
6.345000e-01
6.347500e-01
6.350000e-01
6.373750e-01
6.397500e-01
6.421250e-01
6.445000e-01
6.468750e-01
6.492500e-01
6.516250e-01
6.540000e-01
6.563750e-01
6.587500e-01
6.611250e-01
6.635000e-01
6.658750e-01
6.682500e-01
6.706250e-01
6.730000e-01
6.753750e-01
6.777500e-01
6.801250e-01
6.825000e-01
6.848750e-01
6.872500e-01
6.896250e-01
6.920000e-01
6.943750e-01
6.967500e-01
6.991250e-01
7.015000e-01
7.038750e-01
7.062500e-01
7.086250e-01
7.110000e-01
7.133750e-01
7.157500e-01
7.181250e-01
7.205000e-01
7.228750e-01
7.252500e-01
7.276250e-01
7.300000e-01
7.323750e-01
7.347500e-01
7.371250e-01
7.395000e-01
7.418750e-01
7.442500e-01
7.466250e-01
7.490000e-01
7.513750e-01
7.537500e-01
7.561250e-01
7.585000e-01
7.608750e-01
7.632500e-01
7.656250e-01
7.680000e-01
7.703750e-01
7.727500e-01
7.751250e-01
7.775000e-01
7.798750e-01
7.822500e-01
7.846250e-01
7.870000e-01
7.893750e-01
7.917500e-01
7.941250e-01
7.965000e-01
7.988750e-01
8.012500e-01
8.036250e-01
8.060000e-01
8.083750e-01
8.107500e-01
8.131250e-01
8.155000e-01
8.178750e-01
8.202500e-01
8.226250e-01
8.250000e-01
8.273750e-01
8.297500e-01
8.321250e-01
8.345000e-01
8.368750e-01
8.392500e-01
8.416250e-01
8.440000e-01
8.463750e-01
8.487500e-01
8.511250e-01
8.535000e-01
8.558750e-01
8.582500e-01
8.606250e-01
8.630000e-01
8.653750e-01
8.677500e-01
8.701250e-01
8.725000e-01
8.733500e-01
8.742000e-01
8.750500e-01
8.759000e-01
8.767500e-01
8.776000e-01
8.784500e-01
8.793000e-01
8.801500e-01
8.810000e-01
8.818500e-01
8.827000e-01
8.835500e-01
8.844000e-01
8.852500e-01
8.861000e-01
8.869500e-01
8.878000e-01
8.886500e-01
8.895000e-01
8.903500e-01
8.912000e-01
8.920500e-01
8.929000e-01
8.937500e-01
8.946000e-01
8.954500e-01
8.963000e-01
8.971500e-01
8.980000e-01
8.988500e-01
8.997000e-01
9.005500e-01
9.014000e-01
9.022500e-01
9.031000e-01
9.039500e-01
9.048000e-01
9.056500e-01
9.065000e-01
9.073500e-01
9.082000e-01
9.090500e-01
9.099000e-01
9.107500e-01
9.116000e-01
9.124500e-01
9.133000e-01
9.141500e-01
9.150000e-01
9.158500e-01
9.167000e-01
9.175500e-01
9.184000e-01
9.192500e-01
9.201000e-01
9.209500e-01
9.218000e-01
9.226500e-01
9.235000e-01
9.243500e-01
9.252000e-01
9.260500e-01
9.269000e-01
9.277500e-01
9.286000e-01
9.294500e-01
9.303000e-01
9.311500e-01
9.320000e-01
9.328500e-01
9.337000e-01
9.345500e-01
9.354000e-01
9.362500e-01
9.371000e-01
9.379500e-01
9.388000e-01
9.396500e-01
9.405000e-01
9.413500e-01
9.422000e-01
9.430500e-01
9.439000e-01
9.447500e-01
9.456000e-01
9.464500e-01
9.473000e-01
9.481500e-01
9.490000e-01
9.498500e-01
9.507000e-01
9.515500e-01
9.524000e-01
9.532500e-01
9.541000e-01
9.549500e-01
9.558000e-01
9.566500e-01
9.575000e-01
9.582125e-01
9.589250e-01
9.596375e-01
9.603500e-01
9.610625e-01
9.617750e-01
9.624875e-01
9.632000e-01
9.639125e-01
9.646250e-01
9.653375e-01
9.660500e-01
9.667625e-01
9.674750e-01
9.681875e-01
9.689000e-01
9.696125e-01
9.703250e-01
9.710375e-01
9.717500e-01
9.724625e-01
9.731750e-01
9.738875e-01
9.746000e-01
9.753125e-01
9.760250e-01
9.767375e-01
9.774500e-01
9.781625e-01
9.788750e-01
9.795875e-01
9.803000e-01
9.810125e-01
9.817250e-01
9.824375e-01
9.831500e-01
9.838625e-01
9.845750e-01
9.852875e-01
9.860000e-01
9.867125e-01
9.874250e-01
9.881375e-01
9.888500e-01
9.895625e-01
9.902750e-01
9.909875e-01
9.917000e-01
9.924125e-01
9.931250e-01
9.938375e-01
9.945500e-01
9.952625e-01
9.959750e-01
9.966875e-01
9.974000e-01
9.981125e-01
9.988250e-01
9.995375e-01
1.000250e+00
1.000962e+00
1.001675e+00
1.002387e+00
1.003100e+00
1.003812e+00
1.004525e+00
1.005238e+00
1.005950e+00
1.006663e+00
1.007375e+00
1.008088e+00
1.008800e+00
1.009512e+00
1.010225e+00
1.010938e+00
1.011650e+00
1.012363e+00
1.013075e+00
1.013788e+00
1.014500e+00
1.015212e+00
1.015925e+00
1.016638e+00
1.017350e+00
1.018063e+00
1.018775e+00
1.019487e+00
1.020200e+00
1.020912e+00
1.021625e+00
1.022338e+00
1.023050e+00
1.023762e+00
1.024475e+00
1.025187e+00
1.025900e+00
1.026612e+00
1.027325e+00
1.028037e+00
1.028750e+00
1.029462e+00
1.030175e+00
1.030887e+00
1.031600e+00
1.032312e+00
1.033025e+00
1.033737e+00
1.034450e+00
1.035162e+00
1.035875e+00
1.036587e+00
1.037300e+00
1.038013e+00
1.038725e+00
1.039438e+00
1.040150e+00
1.040863e+00
1.041575e+00
1.042287e+00
1.043000e+00
1.043713e+00
1.044425e+00
1.045138e+00
1.045850e+00
1.046563e+00
1.047275e+00
1.047987e+00
1.048700e+00
1.049413e+00
1.050125e+00
1.050838e+00
1.051550e+00
1.052262e+00
1.052975e+00
1.053687e+00
1.054400e+00
1.055113e+00
1.055825e+00
1.056537e+00
1.057250e+00
1.057962e+00
1.058675e+00
1.059387e+00
1.060100e+00
1.060812e+00
1.061525e+00
1.062237e+00
1.062950e+00
1.063662e+00
1.064375e+00
1.065087e+00
1.065800e+00
1.066512e+00
1.067225e+00
1.067937e+00
1.068650e+00
1.069362e+00
1.070075e+00
1.070788e+00
1.071500e+00
1.072213e+00
1.072925e+00
1.073638e+00
1.074350e+00
1.075062e+00
1.075775e+00
1.076488e+00
1.077200e+00
1.077913e+00
1.078625e+00
1.079337e+00
1.080050e+00
1.080762e+00
1.081475e+00
1.082188e+00
1.082900e+00
1.083613e+00
1.084325e+00
1.085037e+00
1.085750e+00
1.086462e+00
1.087175e+00
1.087888e+00
1.088600e+00
1.089312e+00
1.090025e+00
1.090737e+00
1.091450e+00
1.092162e+00
1.092875e+00
1.093587e+00
1.094300e+00
1.095012e+00
1.095725e+00
1.096437e+00
1.097150e+00
1.097862e+00
1.098575e+00
1.099287e+00
1.100000e+00
1.100875e+00
1.101750e+00
1.102625e+00
1.103500e+00
1.104375e+00
1.105250e+00
1.106125e+00
1.107000e+00
1.107875e+00
1.108750e+00
1.109625e+00
1.110500e+00
1.111375e+00
1.112250e+00
1.113125e+00
1.114000e+00
1.114875e+00
1.115750e+00
1.116625e+00
1.117500e+00
1.118375e+00
1.119250e+00
1.120125e+00
1.121000e+00
1.121875e+00
1.122750e+00
1.123625e+00
1.124500e+00
1.125375e+00
1.126250e+00
1.127125e+00
1.128000e+00
1.128875e+00
1.129750e+00
1.130625e+00
1.131500e+00
1.132375e+00
1.133250e+00
1.134125e+00
1.135000e+00
1.135875e+00
1.136750e+00
1.137625e+00
1.138500e+00
1.139375e+00
1.140250e+00
1.141125e+00
1.142000e+00
1.142875e+00
1.143750e+00
1.144625e+00
1.145500e+00
1.146375e+00
1.147250e+00
1.148125e+00
1.149000e+00
1.149875e+00
1.150750e+00
1.151625e+00
1.152500e+00
1.153375e+00
1.154250e+00
1.155125e+00
1.156000e+00
1.156875e+00
1.157750e+00
1.158625e+00
1.159500e+00
1.160375e+00
1.161250e+00
1.162125e+00
1.163000e+00
1.163875e+00
1.164750e+00
1.165625e+00
1.166500e+00
1.167375e+00
1.168250e+00
1.169125e+00
1.170000e+00
1.170875e+00
1.171750e+00
1.172625e+00
1.173500e+00
1.174375e+00
1.175250e+00
1.176125e+00
1.177000e+00
1.177875e+00
1.178750e+00
1.179625e+00
1.180500e+00
1.181375e+00
1.182250e+00
1.183125e+00
1.184000e+00
1.184875e+00
1.185750e+00
1.186625e+00
1.187500e+00
1.200049e+00
1.212598e+00
1.225147e+00
1.237697e+00
1.250246e+00
1.262795e+00
1.275344e+00
1.287893e+00
1.300442e+00
1.312991e+00
1.325541e+00
1.338090e+00
1.350639e+00
1.363188e+00
1.375737e+00
1.388286e+00
1.400835e+00
1.413385e+00
1.425934e+00
1.438483e+00
1.451032e+00
1.463581e+00
1.476130e+00
1.488679e+00
1.501229e+00
1.513778e+00
1.526327e+00
1.538876e+00
1.551425e+00
1.563974e+00
1.576523e+00
1.589072e+00
1.601622e+00
1.614171e+00
1.626720e+00
1.639269e+00
1.651818e+00
1.664367e+00
1.676916e+00
1.689466e+00
1.702015e+00
1.714564e+00
1.727113e+00
1.739662e+00
1.752211e+00
1.764760e+00
1.777310e+00
1.789859e+00
1.802408e+00
1.814957e+00
1.827506e+00
1.840055e+00
1.852604e+00
1.865154e+00
1.877703e+00
1.890252e+00
1.902801e+00
1.915350e+00
1.927899e+00
1.940448e+00
1.952998e+00
1.965547e+00
1.978096e+00
1.990645e+00
2.003194e+00
2.015743e+00
2.028292e+00
2.040842e+00
2.053391e+00
2.065940e+00
2.078489e+00
2.091038e+00
2.103587e+00
2.116136e+00
2.128686e+00
2.141235e+00
2.153784e+00
2.166333e+00
2.178882e+00
2.191431e+00
2.203980e+00
2.216529e+00
2.229079e+00
2.241628e+00
2.254177e+00
2.266726e+00
2.279275e+00
2.291824e+00
2.304373e+00
2.316923e+00
2.329472e+00
2.342021e+00
2.354570e+00
2.367119e+00
2.379668e+00
2.392217e+00
2.404767e+00
2.417316e+00
2.429865e+00
2.442414e+00
2.454963e+00
2.467512e+00
2.480061e+00
2.492611e+00
2.505160e+00
2.517709e+00
2.530258e+00
2.542807e+00
2.555356e+00
2.567905e+00
2.580455e+00
2.593004e+00
2.605553e+00
2.618102e+00
2.630651e+00
2.643200e+00
2.655749e+00
2.668299e+00
2.680848e+00
2.693397e+00
2.705946e+00
2.718495e+00
2.731044e+00
2.743593e+00
2.756143e+00
2.768692e+00
2.781241e+00
2.793790e+00
2.806339e+00
2.818888e+00
2.831437e+00
2.843986e+00
2.856536e+00
2.869085e+00
2.881634e+00
2.894183e+00
2.906732e+00
2.919281e+00
2.931830e+00
2.944380e+00
2.956929e+00
2.969478e+00
2.982027e+00
2.994576e+00
3.007125e+00
3.019674e+00
3.032224e+00
3.044773e+00
3.057322e+00
3.069871e+00
3.082420e+00
3.094969e+00
3.107518e+00
3.120068e+00
3.132617e+00
3.145166e+00
3.157715e+00
3.170264e+00
3.182813e+00
3.195362e+00
3.207912e+00
3.220461e+00
3.233010e+00
3.245559e+00
3.258108e+00
3.270657e+00
3.283206e+00
3.295756e+00
3.308305e+00
3.320854e+00
3.333403e+00
3.345952e+00
3.358501e+00
3.371050e+00
3.383600e+00
3.396149e+00
3.408698e+00
3.421247e+00
3.433796e+00
3.446345e+00
3.458894e+00
3.471443e+00
3.483993e+00
3.496542e+00
3.509091e+00
3.521640e+00
3.534189e+00
3.546738e+00
3.559287e+00
3.571837e+00
3.584386e+00
3.596935e+00
3.609484e+00
3.622033e+00
3.634582e+00
3.647131e+00
3.659681e+00
3.672230e+00
3.684779e+00
3.697328e+00
3.709877e+00
3.722426e+00
3.734975e+00
3.747525e+00
3.760074e+00
3.772623e+00
3.785172e+00
3.797721e+00
3.810270e+00
3.822819e+00
3.835369e+00
3.847918e+00
3.860467e+00
3.873016e+00
3.885565e+00
3.898114e+00
3.910663e+00
3.923213e+00
3.935762e+00
3.948311e+00
3.960860e+00
3.973409e+00
3.985958e+00
3.998507e+00
4.011057e+00
4.023606e+00
4.036155e+00
4.048704e+00
4.061253e+00
4.073802e+00
4.086351e+00
4.098900e+00
4.111450e+00
4.123999e+00
4.136548e+00
4.149097e+00
4.161646e+00
4.174195e+00
4.186744e+00
4.199294e+00
4.211843e+00
4.224392e+00
4.236941e+00
4.249490e+00
4.262039e+00
4.274588e+00
4.287138e+00
4.299687e+00
4.312236e+00
4.324785e+00
4.337334e+00
4.349883e+00
4.362432e+00
4.374982e+00
4.387531e+00
4.400080e+00
4.412629e+00
4.425178e+00
4.437727e+00
4.450276e+00
4.462826e+00
4.475375e+00
4.487924e+00
4.500473e+00
4.513022e+00
4.525571e+00
4.538120e+00
4.550670e+00
4.563219e+00
4.575768e+00
4.588317e+00
4.600866e+00
4.613415e+00
4.625964e+00
4.638514e+00
4.651063e+00
4.663612e+00
4.676161e+00
4.688710e+00
4.701259e+00
4.713808e+00
4.726357e+00
4.738907e+00
4.751456e+00
4.764005e+00
4.776554e+00
4.789103e+00
4.801652e+00
4.814201e+00
4.826751e+00
4.839300e+00
4.851849e+00
4.864398e+00
4.876947e+00
4.889496e+00
4.902045e+00
4.914595e+00
4.927144e+00
4.939693e+00
4.952242e+00
4.964791e+00
4.977340e+00
4.989889e+00
5.002439e+00
5.014988e+00
5.027537e+00
5.040086e+00
5.052635e+00
5.065184e+00
5.077733e+00
5.090283e+00
5.102832e+00
5.115381e+00
5.127930e+00
5.140479e+00
5.153028e+00
5.165577e+00
5.178127e+00
5.190676e+00
5.203225e+00
5.215774e+00
5.228323e+00
5.240872e+00
5.253421e+00
5.265971e+00
5.278520e+00
5.291069e+00
5.303618e+00
5.316167e+00
5.328716e+00
5.341265e+00
5.353814e+00
5.366364e+00
5.378913e+00
5.391462e+00
5.404011e+00
5.416560e+00
5.429109e+00
5.441658e+00
5.454208e+00
5.466757e+00
5.479306e+00
5.491855e+00
5.504404e+00
5.516953e+00
5.529502e+00
5.542052e+00
5.554601e+00
5.567150e+00
5.579699e+00
5.592248e+00
5.604797e+00
5.617346e+00
5.629896e+00
5.642445e+00
5.654994e+00
5.667543e+00
5.680092e+00
5.692641e+00
5.705190e+00
5.717740e+00
5.730289e+00
5.742838e+00
5.755387e+00
5.767936e+00
5.780485e+00
5.793034e+00
5.805584e+00
5.818133e+00
5.830682e+00
5.843231e+00
5.855780e+00
5.868329e+00
5.880878e+00
5.893428e+00
5.905977e+00
5.918526e+00
5.931075e+00
5.943624e+00
5.956173e+00
5.968722e+00
5.981271e+00
5.993821e+00
6.006370e+00
6.018919e+00
6.031468e+00
6.044017e+00
6.056566e+00
6.069115e+00
6.081665e+00
6.094214e+00
6.106763e+00
6.119312e+00
6.131861e+00
6.144410e+00
6.156959e+00
6.169509e+00
6.182058e+00
6.194607e+00
6.207156e+00
6.219705e+00
6.232254e+00
6.244803e+00
6.257353e+00
6.269902e+00
6.282451e+00
6.295000e+00
6.301350e+00
6.307700e+00
6.314050e+00
6.320400e+00
6.326750e+00
6.333100e+00
6.339450e+00
6.345800e+00
6.352150e+00
6.358500e+00
6.364850e+00
6.371200e+00
6.377550e+00
6.383900e+00
6.390250e+00
6.396600e+00
6.402950e+00
6.409300e+00
6.415650e+00
6.422000e+00
6.428350e+00
6.434700e+00
6.441050e+00
6.447400e+00
6.453750e+00
6.460100e+00
6.466450e+00
6.472800e+00
6.479150e+00
6.485500e+00
6.491850e+00
6.498200e+00
6.504550e+00
6.510900e+00
6.517250e+00
6.523600e+00
6.529950e+00
6.536300e+00
6.542650e+00
6.549000e+00
6.555350e+00
6.561700e+00
6.568050e+00
6.574400e+00
6.580750e+00
6.587100e+00
6.593450e+00
6.599800e+00
6.606150e+00
6.612500e+00
6.618850e+00
6.625200e+00
6.631550e+00
6.637900e+00
6.644250e+00
6.650600e+00
6.656950e+00
6.663300e+00
6.669650e+00
6.676000e+00
6.682350e+00
6.688700e+00
6.695050e+00
6.701400e+00
6.707750e+00
6.714100e+00
6.720450e+00
6.726800e+00
6.733150e+00
6.739500e+00
6.745850e+00
6.752200e+00
6.758550e+00
6.764900e+00
6.771250e+00
6.777600e+00
6.783950e+00
6.790300e+00
6.796650e+00
6.803000e+00
6.809350e+00
6.815700e+00
6.822050e+00
6.828400e+00
6.834750e+00
6.841100e+00
6.847450e+00
6.853800e+00
6.860150e+00
6.866500e+00
6.872850e+00
6.879200e+00
6.885550e+00
6.891900e+00
6.898250e+00
6.904600e+00
6.910950e+00
6.917300e+00
6.923650e+00
6.930000e+00
6.935846e+00
6.941692e+00
6.947537e+00
6.953383e+00
6.959229e+00
6.965075e+00
6.970920e+00
6.976766e+00
6.982612e+00
6.988458e+00
6.994304e+00
7.000149e+00
7.005995e+00
7.011841e+00
7.017687e+00
7.023532e+00
7.029378e+00
7.035224e+00
7.041070e+00
7.046915e+00
7.052761e+00
7.058607e+00
7.064453e+00
7.070299e+00
7.076144e+00
7.081990e+00
7.087836e+00
7.093682e+00
7.099527e+00
7.105373e+00
7.111219e+00
7.117065e+00
7.122910e+00
7.128756e+00
7.134602e+00
7.140448e+00
7.146294e+00
7.152139e+00
7.157985e+00
7.163831e+00
7.169677e+00
7.175522e+00
7.181368e+00
7.187214e+00
7.193060e+00
7.198905e+00
7.204751e+00
7.210597e+00
7.216443e+00
7.222289e+00
7.228134e+00
7.233980e+00
7.239826e+00
7.245672e+00
7.251517e+00
7.257363e+00
7.263209e+00
7.269055e+00
7.274901e+00
7.280746e+00
7.286592e+00
7.292438e+00
7.298284e+00
7.304129e+00
7.309975e+00
7.315821e+00
7.321667e+00
7.327512e+00
7.333358e+00
7.339204e+00
7.345050e+00
7.350896e+00
7.356741e+00
7.362587e+00
7.368433e+00
7.374279e+00
7.380124e+00
7.385970e+00
7.391816e+00
7.397662e+00
7.403507e+00
7.409353e+00
7.415199e+00
7.421045e+00
7.426891e+00
7.432736e+00
7.438582e+00
7.444428e+00
7.450274e+00
7.456119e+00
7.461965e+00
7.467811e+00
7.473657e+00
7.479503e+00
7.485348e+00
7.491194e+00
7.497040e+00
7.502886e+00
7.508731e+00
7.514577e+00
7.520423e+00
7.526269e+00
7.532114e+00
7.537960e+00
7.543806e+00
7.549652e+00
7.555498e+00
7.561343e+00
7.567189e+00
7.573035e+00
7.578881e+00
7.584726e+00
7.590572e+00
7.596418e+00
7.602264e+00
7.608109e+00
7.613955e+00
7.619801e+00
7.625647e+00
7.631493e+00
7.637338e+00
7.643184e+00
7.649030e+00
7.654876e+00
7.660722e+00
7.666567e+00
7.672413e+00
7.678259e+00
7.684105e+00
7.689950e+00
7.695796e+00
7.701642e+00
7.707488e+00
7.713334e+00
7.719179e+00
7.725025e+00
7.730870e+00
7.736716e+00
7.742562e+00
7.748408e+00
7.754254e+00
7.760100e+00
7.765946e+00
7.771791e+00
7.777637e+00
7.783482e+00
7.789328e+00
7.795174e+00
7.801020e+00
7.806866e+00
7.812712e+00
7.818557e+00
7.824403e+00
7.830249e+00
7.836095e+00
7.841941e+00
7.847786e+00
7.853632e+00
7.859478e+00
7.865324e+00
7.871169e+00
7.877015e+00
7.882861e+00
7.888707e+00
7.894552e+00
7.900398e+00
7.906244e+00
7.912090e+00
7.917936e+00
7.923781e+00
7.929627e+00
7.935473e+00
7.941319e+00
7.947164e+00
7.953010e+00
7.958856e+00
7.964702e+00
7.970548e+00
7.976393e+00
7.982239e+00
7.988085e+00
7.993931e+00
7.999776e+00
8.005622e+00
8.011468e+00
8.017314e+00
8.023159e+00
8.029005e+00
8.034851e+00
8.040697e+00
8.046543e+00
8.052388e+00
8.058234e+00
8.064080e+00
8.069926e+00
8.075771e+00
8.081617e+00
8.087463e+00
8.093309e+00
8.099154e+00
8.105000e+00
8.111225e+00
8.117451e+00
8.123676e+00
8.129900e+00
8.136126e+00
8.142351e+00
8.148576e+00
8.154802e+00
8.161027e+00
8.167252e+00
8.173477e+00
8.179702e+00
8.185927e+00
8.192153e+00
8.198378e+00
8.204603e+00
8.210828e+00
8.217053e+00
8.223278e+00
8.229503e+00
8.235729e+00
8.241954e+00
8.248179e+00
8.254404e+00
8.260629e+00
8.266855e+00
8.273079e+00
8.279305e+00
8.285530e+00
8.291755e+00
8.297980e+00
8.304206e+00
8.310431e+00
8.316656e+00
8.322881e+00
8.329106e+00
8.335331e+00
8.341557e+00
8.347782e+00
8.354007e+00
8.360232e+00
8.366457e+00
8.372682e+00
8.378908e+00
8.385133e+00
8.391357e+00
8.397583e+00
8.403808e+00
8.410033e+00
8.416259e+00
8.422484e+00
8.428709e+00
8.434934e+00
8.441159e+00
8.447384e+00
8.453610e+00
8.459835e+00
8.466060e+00
8.472285e+00
8.478510e+00
8.484735e+00
8.490960e+00
8.497186e+00
8.503411e+00
8.509636e+00
8.515861e+00
8.522086e+00
8.528312e+00
8.534536e+00
8.540762e+00
8.546987e+00
8.553212e+00
8.559437e+00
8.565663e+00
8.571888e+00
8.578113e+00
8.584338e+00
8.590563e+00
8.596788e+00
8.603013e+00
8.609239e+00
8.615464e+00
8.621689e+00
8.627914e+00
8.634139e+00
8.640364e+00
8.646590e+00
8.652815e+00
8.659040e+00
8.665265e+00
8.671490e+00
8.677715e+00
8.683941e+00
8.690166e+00
8.696391e+00
8.702616e+00
8.708841e+00
8.715066e+00
8.721292e+00
8.727517e+00
8.733742e+00
8.739967e+00
8.746192e+00
8.752417e+00
8.758643e+00
8.764868e+00
8.771092e+00
8.777318e+00
8.783543e+00
8.789768e+00
8.795994e+00
8.802219e+00
8.808444e+00
8.814669e+00
8.820894e+00
8.827119e+00
8.833345e+00
8.839570e+00
8.845795e+00
8.852020e+00
8.858245e+00
8.864470e+00
8.870696e+00
8.876921e+00
8.883145e+00
8.889371e+00
8.895596e+00
8.901821e+00
8.908047e+00
8.914271e+00
8.920497e+00
8.926722e+00
8.932947e+00
8.939172e+00
8.945398e+00
8.951623e+00
8.957847e+00
8.964073e+00
8.970298e+00
8.976523e+00
8.982748e+00
8.988974e+00
8.995199e+00
9.001424e+00
9.007649e+00
9.013874e+00
9.020100e+00
9.026324e+00
9.032550e+00
9.038775e+00
9.045000e+00
9.051225e+00
9.057450e+00
9.063676e+00
9.069901e+00
9.076126e+00
9.082351e+00
9.088576e+00
9.094802e+00
9.101027e+00
9.107252e+00
9.113477e+00
9.119702e+00
9.125927e+00
9.132153e+00
9.138378e+00
9.144603e+00
9.150828e+00
9.157053e+00
9.163278e+00
9.169504e+00
9.175729e+00
9.181954e+00
9.188179e+00
9.194404e+00
9.200629e+00
9.206855e+00
9.213080e+00
9.219305e+00
9.225530e+00
9.231755e+00
9.237980e+00
9.244206e+00
9.250431e+00
9.256656e+00
9.262881e+00
9.269106e+00
9.275331e+00
9.281557e+00
9.287782e+00
9.294007e+00
9.300232e+00
9.306457e+00
9.312682e+00
9.318908e+00
9.325133e+00
9.331358e+00
9.337583e+00
9.343808e+00
9.350033e+00
9.356259e+00
9.362484e+00
9.368709e+00
9.374934e+00
9.381159e+00
9.387384e+00
9.393610e+00
9.399835e+00
9.406060e+00
9.412285e+00
9.418510e+00
9.424735e+00
9.430961e+00
9.437186e+00
9.443411e+00
9.449636e+00
9.455861e+00
9.462086e+00
9.468312e+00
9.474537e+00
9.480761e+00
9.486987e+00
9.493212e+00
9.499437e+00
9.505662e+00
9.511888e+00
9.518113e+00
9.524337e+00
9.530563e+00
9.536788e+00
9.543013e+00
9.549238e+00
9.555464e+00
9.561689e+00
9.567914e+00
9.574139e+00
9.580364e+00
9.586590e+00
9.592814e+00
9.599040e+00
9.605265e+00
9.611490e+00
9.617715e+00
9.623940e+00
9.630166e+00
9.636391e+00
9.642616e+00
9.648841e+00
9.655066e+00
9.661291e+00
9.667517e+00
9.673742e+00
9.679967e+00
9.686192e+00
9.692417e+00
9.698643e+00
9.704868e+00
9.711093e+00
9.717318e+00
9.723543e+00
9.729768e+00
9.735994e+00
9.742219e+00
9.748444e+00
9.754669e+00
9.760894e+00
9.767119e+00
9.773345e+00
9.779570e+00
9.785795e+00
9.792020e+00
9.798245e+00
9.804470e+00
9.810696e+00
9.816921e+00
9.823146e+00
9.829371e+00
9.835596e+00
9.841821e+00
9.848047e+00
9.854272e+00
9.860496e+00
9.866722e+00
9.872947e+00
9.879172e+00
9.885398e+00
9.891623e+00
9.897848e+00
9.904073e+00
9.910298e+00
9.916523e+00
9.922749e+00
9.928974e+00
9.935199e+00
9.941424e+00
9.947649e+00
9.953874e+00
9.960100e+00
9.966325e+00
9.972549e+00
9.978775e+00
9.985000e+00
9.991543e+00
9.998085e+00
1.000463e+01
1.001117e+01
1.001771e+01
1.002425e+01
1.003080e+01
1.003734e+01
1.004388e+01
1.005042e+01
1.005697e+01
1.006351e+01
1.007005e+01
1.007659e+01
1.008313e+01
1.008968e+01
1.009622e+01
1.010276e+01
1.010930e+01
1.011585e+01
1.012239e+01
1.012893e+01
1.013547e+01
1.014202e+01
1.014856e+01
1.015510e+01
1.016164e+01
1.016818e+01
1.017473e+01
1.018127e+01
1.018781e+01
1.019435e+01
1.020090e+01
1.020744e+01
1.021398e+01
1.022052e+01
1.022706e+01
1.023361e+01
1.024015e+01
1.024669e+01
1.025323e+01
1.025978e+01
1.026632e+01
1.027286e+01
1.027940e+01
1.028595e+01
1.029249e+01
1.029903e+01
1.030557e+01
1.031211e+01
1.031866e+01
1.032520e+01
1.033174e+01
1.033828e+01
1.034483e+01
1.035137e+01
1.035791e+01
1.036445e+01
1.037100e+01
1.037754e+01
1.038408e+01
1.039062e+01
1.039716e+01
1.040371e+01
1.041025e+01
1.041679e+01
1.042333e+01
1.042988e+01
1.043642e+01
1.044296e+01
1.044950e+01
1.045605e+01
1.046259e+01
1.046913e+01
1.047567e+01
1.048221e+01
1.048876e+01
1.049530e+01
1.050184e+01
1.050838e+01
1.051493e+01
1.052147e+01
1.052801e+01
1.053455e+01
1.054109e+01
1.054764e+01
1.055418e+01
1.056072e+01
1.056726e+01
1.057381e+01
1.058035e+01
1.058689e+01
1.059343e+01
1.059998e+01
1.060652e+01
1.061306e+01
1.061960e+01
1.062614e+01
1.063269e+01
1.063923e+01
1.064577e+01
1.065231e+01
1.065886e+01
1.066540e+01
1.067194e+01
1.067848e+01
1.068503e+01
1.069157e+01
1.069811e+01
1.070465e+01
1.071119e+01
1.071774e+01
1.072428e+01
1.073082e+01
1.073736e+01
1.074391e+01
1.075045e+01
1.075699e+01
1.076353e+01
1.077007e+01
1.077662e+01
1.078316e+01
1.078970e+01
1.079624e+01
1.080279e+01
1.080933e+01
1.081587e+01
1.082241e+01
1.082896e+01
1.083550e+01
1.084204e+01
1.084858e+01
1.085512e+01
1.086167e+01
1.086821e+01
1.087475e+01
1.088129e+01
1.088784e+01
1.089438e+01
1.090092e+01
1.090746e+01
1.091401e+01
1.092055e+01
1.092709e+01
1.093363e+01
1.094017e+01
1.094672e+01
1.095326e+01
1.095980e+01
1.096634e+01
1.097289e+01
1.097943e+01
1.098597e+01
1.099251e+01
1.099905e+01
1.100560e+01
1.101214e+01
1.101868e+01
1.102522e+01
1.103177e+01
1.103831e+01
1.104485e+01
1.105139e+01
1.105794e+01
1.106448e+01
1.107102e+01
1.107756e+01
1.108410e+01
1.109065e+01
1.109719e+01
1.110373e+01
1.111027e+01
1.111682e+01
1.112336e+01
1.112990e+01
1.113644e+01
1.114299e+01
1.114953e+01
1.115607e+01
1.116261e+01
1.116915e+01
1.117570e+01
1.118224e+01
1.118878e+01
1.119532e+01
1.120187e+01
1.120841e+01
1.121495e+01
1.122149e+01
1.122804e+01
1.123458e+01
1.124112e+01
1.124766e+01
1.125420e+01
1.126075e+01
1.126729e+01
1.127383e+01
1.128037e+01
1.128692e+01
1.129346e+01
1.130000e+01
1.130662e+01
1.131323e+01
1.131985e+01
1.132647e+01
1.133308e+01
1.133970e+01
1.134632e+01
1.135294e+01
1.135955e+01
1.136617e+01
1.137279e+01
1.137940e+01
1.138602e+01
1.139264e+01
1.139925e+01
1.140587e+01
1.141249e+01
1.141910e+01
1.142572e+01
1.143234e+01
1.143896e+01
1.144557e+01
1.145219e+01
1.145881e+01
1.146542e+01
1.147204e+01
1.147866e+01
1.148527e+01
1.149189e+01
1.149851e+01
1.150512e+01
1.151174e+01
1.151836e+01
1.152498e+01
1.153159e+01
1.153821e+01
1.154483e+01
1.155144e+01
1.155806e+01
1.156468e+01
1.157129e+01
1.157791e+01
1.158453e+01
1.159114e+01
1.159776e+01
1.160438e+01
1.161099e+01
1.161761e+01
1.162423e+01
1.163085e+01
1.163746e+01
1.164408e+01
1.165070e+01
1.165731e+01
1.166393e+01
1.167055e+01
1.167716e+01
1.168378e+01
1.169040e+01
1.169702e+01
1.170363e+01
1.171025e+01
1.171687e+01
1.172348e+01
1.173010e+01
1.173672e+01
1.174333e+01
1.174995e+01
1.175657e+01
1.176318e+01
1.176980e+01
1.177642e+01
1.178303e+01
1.178965e+01
1.179627e+01
1.180289e+01
1.180950e+01
1.181612e+01
1.182274e+01
1.182935e+01
1.183597e+01
1.184259e+01
1.184920e+01
1.185582e+01
1.186244e+01
1.186905e+01
1.187567e+01
1.188229e+01
1.188891e+01
1.189552e+01
1.190214e+01
1.190876e+01
1.191537e+01
1.192199e+01
1.192861e+01
1.193522e+01
1.194184e+01
1.194846e+01
1.195507e+01
1.196169e+01
1.196831e+01
1.197493e+01
1.198154e+01
1.198816e+01
1.199478e+01
1.200139e+01
1.200801e+01
1.201463e+01
1.202124e+01
1.202786e+01
1.203448e+01
1.204109e+01
1.204771e+01
1.205433e+01
1.206095e+01
1.206756e+01
1.207418e+01
1.208080e+01
1.208741e+01
1.209403e+01
1.210065e+01
1.210726e+01
1.211388e+01
1.212050e+01
1.212711e+01
1.213373e+01
1.214035e+01
1.214697e+01
1.215358e+01
1.216020e+01
1.216682e+01
1.217343e+01
1.218005e+01
1.218667e+01
1.219328e+01
1.219990e+01
1.220652e+01
1.221313e+01
1.221975e+01
1.222637e+01
1.223299e+01
1.223960e+01
1.224622e+01
1.225284e+01
1.225945e+01
1.226607e+01
1.227269e+01
1.227930e+01
1.228592e+01
1.229254e+01
1.229915e+01
1.230577e+01
1.231239e+01
1.231901e+01
1.232562e+01
1.233224e+01
1.233886e+01
1.234547e+01
1.235209e+01
1.235871e+01
1.236532e+01
1.237194e+01
1.237856e+01
1.238517e+01
1.239179e+01
1.239841e+01
1.240503e+01
1.241164e+01
1.241826e+01
1.242488e+01
1.243149e+01
1.243811e+01
1.244473e+01
1.245134e+01
1.245796e+01
1.246458e+01
1.247119e+01
1.247781e+01
1.248443e+01
1.249105e+01
1.249766e+01
1.250428e+01
1.251090e+01
1.251751e+01
1.252413e+01
1.253075e+01
1.253736e+01
1.254398e+01
1.255060e+01
1.255721e+01
1.256383e+01
1.257045e+01
1.257706e+01
1.258368e+01
1.259030e+01
1.259692e+01
1.260353e+01
1.261015e+01
1.261677e+01
1.262338e+01
1.263000e+01
1.263684e+01
1.264368e+01
1.265051e+01
1.265735e+01
1.266419e+01
1.267103e+01
1.267786e+01
1.268470e+01
1.269154e+01
1.269838e+01
1.270522e+01
1.271205e+01
1.271889e+01
1.272573e+01
1.273257e+01
1.273940e+01
1.274624e+01
1.275308e+01
1.275992e+01
1.276676e+01
1.277359e+01
1.278043e+01
1.278727e+01
1.279411e+01
1.280094e+01
1.280778e+01
1.281462e+01
1.282146e+01
1.282829e+01
1.283513e+01
1.284197e+01
1.284881e+01
1.285565e+01
1.286248e+01
1.286932e+01
1.287616e+01
1.288300e+01
1.288983e+01
1.289667e+01
1.290351e+01
1.291035e+01
1.291719e+01
1.292402e+01
1.293086e+01
1.293770e+01
1.294454e+01
1.295137e+01
1.295821e+01
1.296505e+01
1.297189e+01
1.297873e+01
1.298556e+01
1.299240e+01
1.299924e+01
1.300608e+01
1.301291e+01
1.301975e+01
1.302659e+01
1.303343e+01
1.304026e+01
1.304710e+01
1.305394e+01
1.306078e+01
1.306762e+01
1.307445e+01
1.308129e+01
1.308813e+01
1.309497e+01
1.310180e+01
1.310864e+01
1.311548e+01
1.312232e+01
1.312916e+01
1.313599e+01
1.314283e+01
1.314967e+01
1.315651e+01
1.316334e+01
1.317018e+01
1.317702e+01
1.318386e+01
1.319070e+01
1.319753e+01
1.320437e+01
1.321121e+01
1.321805e+01
1.322488e+01
1.323172e+01
1.323856e+01
1.324540e+01
1.325224e+01
1.325907e+01
1.326591e+01
1.327275e+01
1.327959e+01
1.328642e+01
1.329326e+01
1.330010e+01
1.330694e+01
1.331378e+01
1.332061e+01
1.332745e+01
1.333429e+01
1.334113e+01
1.334796e+01
1.335480e+01
1.336164e+01
1.336848e+01
1.337531e+01
1.338215e+01
1.338899e+01
1.339583e+01
1.340267e+01
1.340950e+01
1.341634e+01
1.342318e+01
1.343002e+01
1.343685e+01
1.344369e+01
1.345053e+01
1.345737e+01
1.346421e+01
1.347104e+01
1.347788e+01
1.348472e+01
1.349156e+01
1.349839e+01
1.350523e+01
1.351207e+01
1.351891e+01
1.352575e+01
1.353258e+01
1.353942e+01
1.354626e+01
1.355310e+01
1.355993e+01
1.356677e+01
1.357361e+01
1.358045e+01
1.358729e+01
1.359412e+01
1.360096e+01
1.360780e+01
1.361464e+01
1.362147e+01
1.362831e+01
1.363515e+01
1.364199e+01
1.364882e+01
1.365566e+01
1.366250e+01
1.366934e+01
1.367618e+01
1.368301e+01
1.368985e+01
1.369669e+01
1.370353e+01
1.371036e+01
1.371720e+01
1.372404e+01
1.373088e+01
1.373771e+01
1.374455e+01
1.375139e+01
1.375823e+01
1.376507e+01
1.377190e+01
1.377874e+01
1.378558e+01
1.379242e+01
1.379926e+01
1.380609e+01
1.381293e+01
1.381977e+01
1.382661e+01
1.383344e+01
1.384028e+01
1.384712e+01
1.385396e+01
1.386079e+01
1.386763e+01
1.387447e+01
1.388131e+01
1.388815e+01
1.389498e+01
1.390182e+01
1.390866e+01
1.391550e+01
1.392233e+01
1.392917e+01
1.393601e+01
1.394285e+01
1.394969e+01
1.395652e+01
1.396336e+01
1.397020e+01
1.397704e+01
1.398387e+01
1.399071e+01
1.399755e+01
1.400439e+01
1.401123e+01
1.401806e+01
1.402490e+01
1.403174e+01
1.403858e+01
1.404541e+01
1.405225e+01
1.405909e+01
1.406593e+01
1.407277e+01
1.407960e+01
1.408644e+01
1.409328e+01
1.410012e+01
1.410695e+01
1.411379e+01
1.412063e+01
1.412747e+01
1.413430e+01
1.414114e+01
1.414798e+01
1.415482e+01
1.416166e+01
1.416849e+01
1.417533e+01
1.418217e+01
1.418901e+01
1.419584e+01
1.420268e+01
1.420952e+01
1.421636e+01
1.422320e+01
1.423003e+01
1.423687e+01
1.424371e+01
1.425055e+01
1.425738e+01
1.426422e+01
1.427106e+01
1.427790e+01
1.428474e+01
1.429157e+01
1.429841e+01
1.430525e+01
1.431209e+01
1.431892e+01
1.432576e+01
1.433260e+01
1.433944e+01
1.434628e+01
1.435311e+01
1.435995e+01
1.436679e+01
1.437363e+01
1.438046e+01
1.438730e+01
1.439414e+01
1.440098e+01
1.440781e+01
1.441465e+01
1.442149e+01
1.442833e+01
1.443517e+01
1.444200e+01
1.444884e+01
1.445568e+01
1.446252e+01
1.446935e+01
1.447619e+01
1.448303e+01
1.448987e+01
1.449671e+01
1.450354e+01
1.451038e+01
1.451722e+01
1.452406e+01
1.453089e+01
1.453773e+01
1.454457e+01
1.455141e+01
1.455825e+01
1.456508e+01
1.457192e+01
1.457876e+01
1.458560e+01
1.459243e+01
1.459927e+01
1.460611e+01
1.461295e+01
1.461979e+01
1.462662e+01
1.463346e+01
1.464030e+01
1.464714e+01
1.465397e+01
1.466081e+01
1.466765e+01
1.467449e+01
1.468132e+01
1.468816e+01
1.469500e+01
1.470199e+01
1.470898e+01
1.471598e+01
1.472297e+01
1.472996e+01
1.473695e+01
1.474394e+01
1.475094e+01
1.475793e+01
1.476492e+01
1.477191e+01
1.477890e+01
1.478590e+01
1.479289e+01
1.479988e+01
1.480687e+01
1.481386e+01
1.482086e+01
1.482785e+01
1.483484e+01
1.484183e+01
1.484882e+01
1.485582e+01
1.486281e+01
1.486980e+01
1.487679e+01
1.488379e+01
1.489078e+01
1.489777e+01
1.490476e+01
1.491175e+01
1.491875e+01
1.492574e+01
1.493273e+01
1.493972e+01
1.494671e+01
1.495371e+01
1.496070e+01
1.496769e+01
1.497468e+01
1.498167e+01
1.498867e+01
1.499566e+01
1.500265e+01
1.500964e+01
1.501663e+01
1.502363e+01
1.503062e+01
1.503761e+01
1.504460e+01
1.505159e+01
1.505859e+01
1.506558e+01
1.507257e+01
1.507956e+01
1.508655e+01
1.509355e+01
1.510054e+01
1.510753e+01
1.511452e+01
1.512151e+01
1.512851e+01
1.513550e+01
1.514249e+01
1.514948e+01
1.515647e+01
1.516347e+01
1.517046e+01
1.517745e+01
1.518444e+01
1.519143e+01
1.519843e+01
1.520542e+01
1.521241e+01
1.521940e+01
1.522639e+01
1.523339e+01
1.524038e+01
1.524737e+01
1.525436e+01
1.526135e+01
1.526835e+01
1.527534e+01
1.528233e+01
1.528932e+01
1.529631e+01
1.530331e+01
1.531030e+01
1.531729e+01
1.532428e+01
1.533128e+01
1.533827e+01
1.534526e+01
1.535225e+01
1.535924e+01
1.536624e+01
1.537323e+01
1.538022e+01
1.538721e+01
1.539420e+01
1.540119e+01
1.540819e+01
1.541518e+01
1.542217e+01
1.542916e+01
1.543616e+01
1.544315e+01
1.545014e+01
1.545713e+01
1.546412e+01
1.547112e+01
1.547811e+01
1.548510e+01
1.549209e+01
1.549908e+01
1.550608e+01
1.551307e+01
1.552006e+01
1.552705e+01
1.553404e+01
1.554104e+01
1.554803e+01
1.555502e+01
1.556201e+01
1.556900e+01
1.557600e+01
1.558299e+01
1.558998e+01
1.559697e+01
1.560396e+01
1.561096e+01
1.561795e+01
1.562494e+01
1.563193e+01
1.563892e+01
1.564592e+01
1.565291e+01
1.565990e+01
1.566689e+01
1.567388e+01
1.568088e+01
1.568787e+01
1.569486e+01
1.570185e+01
1.570884e+01
1.571584e+01
1.572283e+01
1.572982e+01
1.573681e+01
1.574381e+01
1.575080e+01
1.575779e+01
1.576478e+01
1.577177e+01
1.577877e+01
1.578576e+01
1.579275e+01
1.579974e+01
1.580673e+01
1.581372e+01
1.582072e+01
1.582771e+01
1.583470e+01
1.584169e+01
1.584869e+01
1.585568e+01
1.586267e+01
1.586966e+01
1.587665e+01
1.588365e+01
1.589064e+01
1.589763e+01
1.590462e+01
1.591161e+01
1.591861e+01
1.592560e+01
1.593259e+01
1.593958e+01
1.594657e+01
1.595357e+01
1.596056e+01
1.596755e+01
1.597454e+01
1.598153e+01
1.598853e+01
1.599552e+01
1.600251e+01
1.600950e+01
1.601649e+01
1.602349e+01
1.603048e+01
1.603747e+01
1.604446e+01
1.605145e+01
1.605845e+01
1.606544e+01
1.607243e+01
1.607942e+01
1.608641e+01
1.609341e+01
1.610040e+01
1.610739e+01
1.611438e+01
1.612137e+01
1.612837e+01
1.613536e+01
1.614235e+01
1.614934e+01
1.615633e+01
1.616333e+01
1.617032e+01
1.617731e+01
1.618430e+01
1.619130e+01
1.619829e+01
1.620528e+01
1.621227e+01
1.621926e+01
1.622626e+01
1.623325e+01
1.624024e+01
1.624723e+01
1.625422e+01
1.626121e+01
1.626821e+01
1.627520e+01
1.628219e+01
1.628918e+01
1.629618e+01
1.630317e+01
1.631016e+01
1.631715e+01
1.632414e+01
1.633114e+01
1.633813e+01
1.634512e+01
1.635211e+01
1.635910e+01
1.636610e+01
1.637309e+01
1.638008e+01
1.638707e+01
1.639406e+01
1.640106e+01
1.640805e+01
1.641504e+01
1.642203e+01
1.642902e+01
1.643602e+01
1.644301e+01
1.645000e+01
1.645699e+01
1.646398e+01
1.647098e+01
1.647797e+01
1.648496e+01
1.649195e+01
1.649894e+01
1.650594e+01
1.651293e+01
1.651992e+01
1.652691e+01
1.653390e+01
1.654090e+01
1.654789e+01
1.655488e+01
1.656187e+01
1.656886e+01
1.657586e+01
1.658285e+01
1.658984e+01
1.659683e+01
1.660382e+01
1.661082e+01
1.661781e+01
1.662480e+01
1.663179e+01
1.663879e+01
1.664578e+01
1.665277e+01
1.665976e+01
1.666675e+01
1.667375e+01
1.668074e+01
1.668773e+01
1.669472e+01
1.670171e+01
1.670871e+01
1.671570e+01
1.672269e+01
1.672968e+01
1.673667e+01
1.674367e+01
1.675066e+01
1.675765e+01
1.676464e+01
1.677163e+01
1.677863e+01
1.678562e+01
1.679261e+01
1.679960e+01
1.680659e+01
1.681359e+01
1.682058e+01
1.682757e+01
1.683456e+01
1.684155e+01
1.684855e+01
1.685554e+01
1.686253e+01
1.686952e+01
1.687651e+01
1.688351e+01
1.689050e+01
1.689749e+01
1.690448e+01
1.691147e+01
1.691847e+01
1.692546e+01
1.693245e+01
1.693944e+01
1.694643e+01
1.695343e+01
1.696042e+01
1.696741e+01
1.697440e+01
1.698139e+01
1.698839e+01
1.699538e+01
1.700237e+01
1.700936e+01
1.701635e+01
1.702335e+01
1.703034e+01
1.703733e+01
1.704432e+01
1.705131e+01
1.705831e+01
1.706530e+01
1.707229e+01
1.707928e+01
1.708628e+01
1.709327e+01
1.710026e+01
1.710725e+01
1.711424e+01
1.712124e+01
1.712823e+01
1.713522e+01
1.714221e+01
1.714920e+01
1.715620e+01
1.716319e+01
1.717018e+01
1.717717e+01
1.718416e+01
1.719116e+01
1.719815e+01
1.720514e+01
1.721213e+01
1.721912e+01
1.722612e+01
1.723311e+01
1.724010e+01
1.724709e+01
1.725408e+01
1.726108e+01
1.726807e+01
1.727506e+01
1.728205e+01
1.728904e+01
1.729604e+01
1.730303e+01
1.731002e+01
1.731701e+01
1.732400e+01
1.733100e+01
1.733799e+01
1.734498e+01
1.735197e+01
1.735896e+01
1.736596e+01
1.737295e+01
1.737994e+01
1.738693e+01
1.739392e+01
1.740092e+01
1.740791e+01
1.741490e+01
1.742189e+01
1.742888e+01
1.743588e+01
1.744287e+01
1.744986e+01
1.745685e+01
1.746384e+01
1.747084e+01
1.747783e+01
1.748482e+01
1.749181e+01
1.749881e+01
1.750580e+01
1.751279e+01
1.751978e+01
1.752677e+01
1.753377e+01
1.754076e+01
1.754775e+01
1.755474e+01
1.756173e+01
1.756873e+01
1.757572e+01
1.758271e+01
1.758970e+01
1.759669e+01
1.760369e+01
1.761068e+01
1.761767e+01
1.762466e+01
1.763165e+01
1.763865e+01
1.764564e+01
1.765263e+01
1.765962e+01
1.766661e+01
1.767361e+01
1.768060e+01
1.768759e+01
1.769458e+01
1.770157e+01
1.770857e+01
1.771556e+01
1.772255e+01
1.772954e+01
1.773653e+01
1.774353e+01
1.775052e+01
1.775751e+01
1.776450e+01
1.777149e+01
1.777849e+01
1.778548e+01
1.779247e+01
1.779946e+01
1.780645e+01
1.781345e+01
1.782044e+01
1.782743e+01
1.783442e+01
1.784141e+01
1.784841e+01
1.785540e+01
1.786239e+01
1.786938e+01
1.787637e+01
1.788337e+01
1.789036e+01
1.789735e+01
1.790434e+01
1.791133e+01
1.791833e+01
1.792532e+01
1.793231e+01
1.793930e+01
1.794629e+01
1.795329e+01
1.796028e+01
1.796727e+01
1.797426e+01
1.798126e+01
1.798825e+01
1.799524e+01
1.800223e+01
1.800922e+01
1.801622e+01
1.802321e+01
1.803020e+01
1.803719e+01
1.804418e+01
1.805118e+01
1.805817e+01
1.806516e+01
1.807215e+01
1.807914e+01
1.808614e+01
1.809313e+01
1.810012e+01
1.810711e+01
1.811410e+01
1.812110e+01
1.812809e+01
1.813508e+01
1.814207e+01
1.814906e+01
1.815606e+01
1.816305e+01
1.817004e+01
1.817703e+01
1.818402e+01
1.819102e+01
1.819801e+01
1.820500e+01
1.821114e+01
1.821729e+01
1.822343e+01
1.822957e+01
1.823572e+01
1.824186e+01
1.824800e+01
1.825415e+01
1.826029e+01
1.826643e+01
1.827257e+01
1.827872e+01
1.828486e+01
1.829100e+01
1.829715e+01
1.830329e+01
1.830943e+01
1.831558e+01
1.832172e+01
1.832786e+01
1.833401e+01
1.834015e+01
1.834629e+01
1.835244e+01
1.835858e+01
1.836472e+01
1.837087e+01
1.837701e+01
1.838315e+01
1.838929e+01
1.839544e+01
1.840158e+01
1.840772e+01
1.841387e+01
1.842001e+01
1.842615e+01
1.843230e+01
1.843844e+01
1.844458e+01
1.845073e+01
1.845687e+01
1.846301e+01
1.846916e+01
1.847530e+01
1.848144e+01
1.848758e+01
1.849373e+01
1.849987e+01
1.850601e+01
1.851216e+01
1.851830e+01
1.852444e+01
1.853059e+01
1.853673e+01
1.854287e+01
1.854902e+01
1.855516e+01
1.856130e+01
1.856745e+01
1.857359e+01
1.857973e+01
1.858588e+01
1.859202e+01
1.859816e+01
1.860430e+01
1.861045e+01
1.861659e+01
1.862273e+01
1.862888e+01
1.863502e+01
1.864116e+01
1.864731e+01
1.865345e+01
1.865959e+01
1.866574e+01
1.867188e+01
1.867802e+01
1.868417e+01
1.869031e+01
1.869645e+01
1.870259e+01
1.870874e+01
1.871488e+01
1.872102e+01
1.872717e+01
1.873331e+01
1.873945e+01
1.874560e+01
1.875174e+01
1.875788e+01
1.876403e+01
1.877017e+01
1.877631e+01
1.878246e+01
1.878860e+01
1.879474e+01
1.880088e+01
1.880703e+01
1.881317e+01
1.881931e+01
1.882546e+01
1.883160e+01
1.883774e+01
1.884389e+01
1.885003e+01
1.885617e+01
1.886232e+01
1.886846e+01
1.887460e+01
1.888075e+01
1.888689e+01
1.889303e+01
1.889917e+01
1.890532e+01
1.891146e+01
1.891760e+01
1.892375e+01
1.892989e+01
1.893603e+01
1.894218e+01
1.894832e+01
1.895446e+01
1.896061e+01
1.896675e+01
1.897289e+01
1.897904e+01
1.898518e+01
1.899132e+01
1.899747e+01
1.900361e+01
1.900975e+01
1.901589e+01
1.902204e+01
1.902818e+01
1.903432e+01
1.904047e+01
1.904661e+01
1.905275e+01
1.905890e+01
1.906504e+01
1.907118e+01
1.907733e+01
1.908347e+01
1.908961e+01
1.909576e+01
1.910190e+01
1.910804e+01
1.911419e+01
1.912033e+01
1.912647e+01
1.913261e+01
1.913876e+01
1.914490e+01
1.915104e+01
1.915719e+01
1.916333e+01
1.916947e+01
1.917562e+01
1.918176e+01
1.918790e+01
1.919405e+01
1.920019e+01
1.920633e+01
1.921248e+01
1.921862e+01
1.922476e+01
1.923090e+01
1.923705e+01
1.924319e+01
1.924933e+01
1.925548e+01
1.926162e+01
1.926776e+01
1.927391e+01
1.928005e+01
1.928619e+01
1.929234e+01
1.929848e+01
1.930462e+01
1.931077e+01
1.931691e+01
1.932305e+01
1.932919e+01
1.933534e+01
1.934148e+01
1.934762e+01
1.935377e+01
1.935991e+01
1.936605e+01
1.937220e+01
1.937834e+01
1.938448e+01
1.939063e+01
1.939677e+01
1.940291e+01
1.940906e+01
1.941520e+01
1.942134e+01
1.942749e+01
1.943363e+01
1.943977e+01
1.944591e+01
1.945206e+01
1.945820e+01
1.946434e+01
1.947049e+01
1.947663e+01
1.948277e+01
1.948892e+01
1.949506e+01
1.950120e+01
1.950735e+01
1.951349e+01
1.951963e+01
1.952578e+01
1.953192e+01
1.953806e+01
1.954421e+01
1.955035e+01
1.955649e+01
1.956263e+01
1.956878e+01
1.957492e+01
1.958106e+01
1.958721e+01
1.959335e+01
1.959949e+01
1.960564e+01
1.961178e+01
1.961792e+01
1.962407e+01
1.963021e+01
1.963635e+01
1.964250e+01
1.964864e+01
1.965478e+01
1.966092e+01
1.966707e+01
1.967321e+01
1.967935e+01
1.968550e+01
1.969164e+01
1.969778e+01
1.970393e+01
1.971007e+01
1.971621e+01
1.972236e+01
1.972850e+01
1.973464e+01
1.974079e+01
1.974693e+01
1.975307e+01
1.975921e+01
1.976536e+01
1.977150e+01
1.977764e+01
1.978379e+01
1.978993e+01
1.979607e+01
1.980222e+01
1.980836e+01
1.981450e+01
1.982065e+01
1.982679e+01
1.983293e+01
1.983908e+01
1.984522e+01
1.985136e+01
1.985751e+01
1.986365e+01
1.986979e+01
1.987593e+01
1.988208e+01
1.988822e+01
1.989436e+01
1.990051e+01
1.990665e+01
1.991279e+01
1.991894e+01
1.992508e+01
1.993122e+01
1.993737e+01
1.994351e+01
1.994965e+01
1.995579e+01
1.996194e+01
1.996808e+01
1.997422e+01
1.998037e+01
1.998651e+01
1.999265e+01
1.999880e+01
2.000494e+01
2.001108e+01
2.001723e+01
2.002337e+01
2.002951e+01
2.003566e+01
2.004180e+01
2.004794e+01
2.005409e+01
2.006023e+01
2.006637e+01
2.007252e+01
2.007866e+01
2.008480e+01
2.009094e+01
2.009709e+01
2.010323e+01
2.010937e+01
2.011552e+01
2.012166e+01
2.012780e+01
2.013395e+01
2.014009e+01
2.014623e+01
2.015238e+01
2.015852e+01
2.016466e+01
2.017081e+01
2.017695e+01
2.018309e+01
2.018923e+01
2.019538e+01
2.020152e+01
2.020766e+01
2.021381e+01
2.021995e+01
2.022609e+01
2.023224e+01
2.023838e+01
2.024452e+01
2.025067e+01
2.025681e+01
2.026295e+01
2.026910e+01
2.027524e+01
2.028138e+01
2.028752e+01
2.029367e+01
2.029981e+01
2.030595e+01
2.031210e+01
2.031824e+01
2.032438e+01
2.033053e+01
2.033667e+01
2.034281e+01
2.034896e+01
2.035510e+01
2.036124e+01
2.036739e+01
2.037353e+01
2.037967e+01
2.038582e+01
2.039196e+01
2.039810e+01
2.040424e+01
2.041039e+01
2.041653e+01
2.042267e+01
2.042882e+01
2.043496e+01
2.044110e+01
2.044725e+01
2.045339e+01
2.045953e+01
2.046568e+01
2.047182e+01
2.047796e+01
2.048411e+01
2.049025e+01
2.049639e+01
2.050254e+01
2.050868e+01
2.051482e+01
2.052096e+01
2.052711e+01
2.053325e+01
2.053939e+01
2.054554e+01
2.055168e+01
2.055782e+01
2.056397e+01
2.057011e+01
2.057625e+01
2.058240e+01
2.058854e+01
2.059468e+01
2.060083e+01
2.060697e+01
2.061311e+01
2.061925e+01
2.062540e+01
2.063154e+01
2.063768e+01
2.064383e+01
2.064997e+01
2.065611e+01
2.066226e+01
2.066840e+01
2.067454e+01
2.068069e+01
2.068683e+01
2.069297e+01
2.069912e+01
2.070526e+01
2.071140e+01
2.071754e+01
2.072369e+01
2.072983e+01
2.073597e+01
2.074212e+01
2.074826e+01
2.075440e+01
2.076055e+01
2.076669e+01
2.077283e+01
2.077898e+01
2.078512e+01
2.079126e+01
2.079741e+01
2.080355e+01
2.080969e+01
2.081583e+01
2.082198e+01
2.082812e+01
2.083426e+01
2.084041e+01
2.084655e+01
2.085269e+01
2.085884e+01
2.086498e+01
2.087112e+01
2.087727e+01
2.088341e+01
2.088955e+01
2.089570e+01
2.090184e+01
2.090798e+01
2.091413e+01
2.092027e+01
2.092641e+01
2.093255e+01
2.093870e+01
2.094484e+01
2.095098e+01
2.095713e+01
2.096327e+01
2.096941e+01
2.097556e+01
2.098170e+01
2.098784e+01
2.099399e+01
2.100013e+01
2.100627e+01
2.101242e+01
2.101856e+01
2.102470e+01
2.103084e+01
2.103699e+01
2.104313e+01
2.104927e+01
2.105542e+01
2.106156e+01
2.106770e+01
2.107385e+01
2.107999e+01
2.108613e+01
2.109228e+01
2.109842e+01
2.110456e+01
2.111071e+01
2.111685e+01
2.112299e+01
2.112914e+01
2.113528e+01
2.114142e+01
2.114756e+01
2.115371e+01
2.115985e+01
2.116599e+01
2.117214e+01
2.117828e+01
2.118442e+01
2.119057e+01
2.119671e+01
2.120285e+01
2.120900e+01
2.121514e+01
2.122128e+01
2.122743e+01
2.123357e+01
2.123971e+01
2.124586e+01
2.125200e+01
2.125814e+01
2.126428e+01
2.127043e+01
2.127657e+01
2.128271e+01
2.128886e+01
2.129500e+01
2.130106e+01
2.130713e+01
2.131319e+01
2.131925e+01
2.132532e+01
2.133138e+01
2.133745e+01
2.134351e+01
2.134957e+01
2.135564e+01
2.136170e+01
2.136776e+01
2.137383e+01
2.137989e+01
2.138595e+01
2.139202e+01
2.139808e+01
2.140414e+01
2.141021e+01
2.141627e+01
2.142234e+01
2.142840e+01
2.143446e+01
2.144053e+01
2.144659e+01
2.145265e+01
2.145872e+01
2.146478e+01
2.147085e+01
2.147691e+01
2.148297e+01
2.148904e+01
2.149510e+01
2.150116e+01
2.150723e+01
2.151329e+01
2.151935e+01
2.152542e+01
2.153148e+01
2.153754e+01
2.154361e+01
2.154967e+01
2.155574e+01
2.156180e+01
2.156786e+01
2.157393e+01
2.157999e+01
2.158605e+01
2.159212e+01
2.159818e+01
2.160424e+01
2.161031e+01
2.161637e+01
2.162244e+01
2.162850e+01
2.163456e+01
2.164063e+01
2.164669e+01
2.165275e+01
2.165882e+01
2.166488e+01
2.167094e+01
2.167701e+01
2.168307e+01
2.168914e+01
2.169520e+01
2.170126e+01
2.170733e+01
2.171339e+01
2.171945e+01
2.172552e+01
2.173158e+01
2.173764e+01
2.174371e+01
2.174977e+01
2.175584e+01
2.176190e+01
2.176796e+01
2.177403e+01
2.178009e+01
2.178615e+01
2.179222e+01
2.179828e+01
2.180434e+01
2.181041e+01
2.181647e+01
2.182254e+01
2.182860e+01
2.183466e+01
2.184073e+01
2.184679e+01
2.185285e+01
2.185892e+01
2.186498e+01
2.187104e+01
2.187711e+01
2.188317e+01
2.188923e+01
2.189530e+01
2.190136e+01
2.190743e+01
2.191349e+01
2.191955e+01
2.192562e+01
2.193168e+01
2.193774e+01
2.194381e+01
2.194987e+01
2.195593e+01
2.196200e+01
2.196806e+01
2.197413e+01
2.198019e+01
2.198625e+01
2.199232e+01
2.199838e+01
2.200444e+01
2.201051e+01
2.201657e+01
2.202263e+01
2.202870e+01
2.203476e+01
2.204083e+01
2.204689e+01
2.205295e+01
2.205902e+01
2.206508e+01
2.207114e+01
2.207721e+01
2.208327e+01
2.208933e+01
2.209540e+01
2.210146e+01
2.210753e+01
2.211359e+01
2.211965e+01
2.212572e+01
2.213178e+01
2.213784e+01
2.214391e+01
2.214997e+01
2.215603e+01
2.216210e+01
2.216816e+01
2.217422e+01
2.218029e+01
2.218635e+01
2.219242e+01
2.219848e+01
2.220454e+01
2.221061e+01
2.221667e+01
2.222273e+01
2.222880e+01
2.223486e+01
2.224092e+01
2.224699e+01
2.225305e+01
2.225912e+01
2.226518e+01
2.227124e+01
2.227731e+01
2.228337e+01
2.228943e+01
2.229550e+01
2.230156e+01
2.230762e+01
2.231369e+01
2.231975e+01
2.232582e+01
2.233188e+01
2.233794e+01
2.234401e+01
2.235007e+01
2.235613e+01
2.236220e+01
2.236826e+01
2.237432e+01
2.238039e+01
2.238645e+01
2.239252e+01
2.239858e+01
2.240464e+01
2.241071e+01
2.241677e+01
2.242283e+01
2.242890e+01
2.243496e+01
2.244102e+01
2.244709e+01
2.245315e+01
2.245921e+01
2.246528e+01
2.247134e+01
2.247741e+01
2.248347e+01
2.248953e+01
2.249560e+01
2.250166e+01
2.250772e+01
2.251379e+01
2.251985e+01
2.252591e+01
2.253198e+01
2.253804e+01
2.254411e+01
2.255017e+01
2.255623e+01
2.256230e+01
2.256836e+01
2.257442e+01
2.258049e+01
2.258655e+01
2.259261e+01
2.259868e+01
2.260474e+01
2.261081e+01
2.261687e+01
2.262293e+01
2.262900e+01
2.263506e+01
2.264112e+01
2.264719e+01
2.265325e+01
2.265931e+01
2.266538e+01
2.267144e+01
2.267751e+01
2.268357e+01
2.268963e+01
2.269570e+01
2.270176e+01
2.270782e+01
2.271389e+01
2.271995e+01
2.272601e+01
2.273208e+01
2.273814e+01
2.274421e+01
2.275027e+01
2.275633e+01
2.276240e+01
2.276846e+01
2.277452e+01
2.278059e+01
2.278665e+01
2.279271e+01
2.279878e+01
2.280484e+01
2.281090e+01
2.281697e+01
2.282303e+01
2.282910e+01
2.283516e+01
2.284122e+01
2.284729e+01
2.285335e+01
2.285941e+01
2.286548e+01
2.287154e+01
2.287760e+01
2.288367e+01
2.288973e+01
2.289579e+01
2.290186e+01
2.290792e+01
2.291399e+01
2.292005e+01
2.292611e+01
2.293218e+01
2.293824e+01
2.294430e+01
2.295037e+01
2.295643e+01
2.296250e+01
2.296856e+01
2.297462e+01
2.298069e+01
2.298675e+01
2.299281e+01
2.299888e+01
2.300494e+01
2.301100e+01
2.301707e+01
2.302313e+01
2.302920e+01
2.303526e+01
2.304132e+01
2.304739e+01
2.305345e+01
2.305951e+01
2.306558e+01
2.307164e+01
2.307770e+01
2.308377e+01
2.308983e+01
2.309589e+01
2.310196e+01
2.310802e+01
2.311409e+01
2.312015e+01
2.312621e+01
2.313228e+01
2.313834e+01
2.314440e+01
2.315047e+01
2.315653e+01
2.316259e+01
2.316866e+01
2.317472e+01
2.318079e+01
2.318685e+01
2.319291e+01
2.319898e+01
2.320504e+01
2.321110e+01
2.321717e+01
2.322323e+01
2.322929e+01
2.323536e+01
2.324142e+01
2.324749e+01
2.325355e+01
2.325961e+01
2.326568e+01
2.327174e+01
2.327780e+01
2.328387e+01
2.328993e+01
2.329599e+01
2.330206e+01
2.330812e+01
2.331419e+01
2.332025e+01
2.332631e+01
2.333238e+01
2.333844e+01
2.334450e+01
2.335057e+01
2.335663e+01
2.336269e+01
2.336876e+01
2.337482e+01
2.338088e+01
2.338695e+01
2.339301e+01
2.339908e+01
2.340514e+01
2.341120e+01
2.341727e+01
2.342333e+01
2.342939e+01
2.343546e+01
2.344152e+01
2.344758e+01
2.345365e+01
2.345971e+01
2.346578e+01
2.347184e+01
2.347790e+01
2.348397e+01
2.349003e+01
2.349609e+01
2.350216e+01
2.350822e+01
2.351428e+01
2.352035e+01
2.352641e+01
2.353248e+01
2.353854e+01
2.354460e+01
2.355067e+01
2.355673e+01
2.356279e+01
2.356886e+01
2.357492e+01
2.358098e+01
2.358705e+01
2.359311e+01
2.359918e+01
2.360524e+01
2.361130e+01
2.361737e+01
2.362343e+01
2.362949e+01
2.363556e+01
2.364162e+01
2.364768e+01
2.365375e+01
2.365981e+01
2.366588e+01
2.367194e+01
2.367800e+01
2.368407e+01
2.369013e+01
2.369619e+01
2.370226e+01
2.370832e+01
2.371438e+01
2.372045e+01
2.372651e+01
2.373257e+01
2.373864e+01
2.374470e+01
2.375077e+01
2.375683e+01
2.376289e+01
2.376896e+01
2.377502e+01
2.378108e+01
2.378715e+01
2.379321e+01
2.379927e+01
2.380534e+01
2.381140e+01
2.381747e+01
2.382353e+01
2.382959e+01
2.383566e+01
2.384172e+01
2.384778e+01
2.385385e+01
2.385991e+01
2.386597e+01
2.387204e+01
2.387810e+01
2.388417e+01
2.389023e+01
2.389629e+01
2.390236e+01
2.390842e+01
2.391448e+01
2.392055e+01
2.392661e+01
2.393267e+01
2.393874e+01
2.394480e+01
2.395087e+01
2.395693e+01
2.396299e+01
2.396906e+01
2.397512e+01
2.398118e+01
2.398725e+01
2.399331e+01
2.399937e+01
2.400544e+01
2.401150e+01
2.401756e+01
2.402363e+01
2.402969e+01
2.403576e+01
2.404182e+01
2.404788e+01
2.405395e+01
2.406001e+01
2.406607e+01
2.407214e+01
2.407820e+01
2.408426e+01
2.409033e+01
2.409639e+01
2.410246e+01
2.410852e+01
2.411458e+01
2.412065e+01
2.412671e+01
2.413277e+01
2.413884e+01
2.414490e+01
2.415096e+01
2.415703e+01
2.416309e+01
2.416915e+01
2.417522e+01
2.418128e+01
2.418735e+01
2.419341e+01
2.419947e+01
2.420554e+01
2.421160e+01
