5.800000e-01
5.803331e-01
5.806669e-01
5.810000e-01
5.813331e-01
5.816669e-01
5.820000e-01
5.823331e-01
5.826669e-01
5.830000e-01
5.833331e-01
5.836669e-01
5.840000e-01
5.843331e-01
5.846669e-01
5.850000e-01
5.853331e-01
5.856669e-01
5.860000e-01
5.863331e-01
5.866669e-01
5.870000e-01
5.873331e-01
5.876669e-01
5.880000e-01
5.883331e-01
5.886669e-01
5.890000e-01
5.893331e-01
5.896669e-01
5.900000e-01
5.900000e-01
5.900000e-01
5.900000e-01
5.900000e-01
5.900000e-01
5.900000e-01
5.900000e-01
5.900000e-01
5.900000e-01
5.900000e-01
5.900000e-01
5.900000e-01
5.900000e-01
5.900000e-01
5.900000e-01
5.900000e-01
5.900000e-01
5.900000e-01
5.900000e-01
5.900000e-01
5.902000e-01
5.904000e-01
5.906000e-01
5.908000e-01
5.910000e-01
5.912000e-01
5.914000e-01
5.916000e-01
5.918000e-01
5.920000e-01
5.922000e-01
5.924000e-01
5.926000e-01
5.928000e-01
5.930000e-01
5.932000e-01
5.934000e-01
5.936000e-01
5.936669e-01
5.940000e-01
5.943331e-01
5.946669e-01
5.950000e-01
5.953331e-01
5.956669e-01
5.960000e-01
5.963331e-01
5.966669e-01
5.970000e-01
5.973331e-01
5.976669e-01
5.980000e-01
5.983331e-01
5.986669e-01
5.990000e-01
5.993331e-01
5.996669e-01
6.000000e-01
6.003331e-01
6.006669e-01
6.010000e-01
6.013331e-01
6.016669e-01
6.020000e-01
6.023331e-01
6.026669e-01
6.030000e-01
6.033331e-01
6.036669e-01
6.040000e-01
6.041600e-01
6.043200e-01
6.044800e-01
6.046400e-01
6.048000e-01
6.049600e-01
6.051200e-01
6.052800e-01
6.054400e-01
6.056000e-01
6.057600e-01
6.059200e-01
6.060800e-01
6.062400e-01
6.064000e-01
6.065600e-01
6.067200e-01
6.068800e-01
6.070400e-01
6.072000e-01
6.073600e-01
6.075200e-01
6.076800e-01
6.078400e-01
6.080000e-01
6.081600e-01
6.083200e-01
6.084800e-01
6.086400e-01
6.088000e-01
6.089600e-01
6.091200e-01
6.092800e-01
6.094400e-01
6.096000e-01
6.097600e-01
6.099200e-01
6.100800e-01
6.102400e-01
6.104000e-01
6.105600e-01
6.107200e-01
6.108800e-01
6.110400e-01
6.112000e-01
6.113600e-01
6.115200e-01
6.116800e-01
6.118400e-01
6.120000e-01
6.123200e-01
6.126400e-01
6.129600e-01
6.132800e-01
6.136000e-01
6.139200e-01
6.142400e-01
6.145600e-01
6.148800e-01
6.152000e-01
6.155200e-01
6.158400e-01
6.161600e-01
6.164800e-01
6.168000e-01
6.171200e-01
6.174400e-01
6.177600e-01
6.180800e-01
6.184000e-01
6.187200e-01
6.190400e-01
6.193600e-01
6.196800e-01
6.200000e-01
6.203200e-01
6.206400e-01
6.209600e-01
6.212800e-01
6.216000e-01
6.219200e-01
6.222400e-01
6.225600e-01
6.228800e-01
6.232000e-01
6.235200e-01
6.238400e-01
6.241600e-01
6.244800e-01
6.248000e-01
6.251200e-01
6.254400e-01
6.257600e-01
6.260800e-01
6.264000e-01
6.267200e-01
6.270400e-01
6.273600e-01
6.276800e-01
6.280000e-01
6.300600e-01
6.321200e-01
6.341800e-01
6.362400e-01
6.383000e-01
6.403600e-01
6.424200e-01
6.444800e-01
6.465400e-01
6.486000e-01
6.506600e-01
6.527200e-01
6.547800e-01
6.568400e-01
6.589000e-01
6.609600e-01
6.630200e-01
6.650800e-01
6.671400e-01
6.692000e-01
6.712600e-01
6.733200e-01
6.753800e-01
6.774400e-01
6.795000e-01
6.815600e-01
6.836200e-01
6.856800e-01
6.877400e-01
6.898000e-01
6.918600e-01
6.939200e-01
6.959800e-01
6.980400e-01
7.001000e-01
7.021600e-01
7.042200e-01
7.062800e-01
7.083400e-01
7.104000e-01
7.124600e-01
7.145200e-01
7.165800e-01
7.186400e-01
7.207000e-01
7.227600e-01
7.248200e-01
7.268800e-01
7.289400e-01
7.310000e-01
7.330600e-01
7.351200e-01
7.371800e-01
7.392400e-01
7.413000e-01
7.433600e-01
7.454200e-01
7.474800e-01
7.495400e-01
7.516000e-01
7.536600e-01
7.557200e-01
7.577800e-01
7.598400e-01
7.619000e-01
7.639600e-01
7.660200e-01
7.680800e-01
7.701400e-01
7.722000e-01
7.742600e-01
7.763200e-01
7.783800e-01
7.804400e-01
7.825000e-01
7.845600e-01
7.866200e-01
7.886800e-01
7.907400e-01
7.928000e-01
7.948600e-01
7.969200e-01
7.989800e-01
8.010400e-01
8.031000e-01
8.051600e-01
8.072200e-01
8.092800e-01
8.113400e-01
8.134000e-01
8.154600e-01
8.175200e-01
8.195800e-01
8.216400e-01
8.237000e-01
8.257600e-01
8.278200e-01
8.298800e-01
8.319400e-01
8.340000e-01
8.350600e-01
8.361200e-01
8.371800e-01
8.382400e-01
8.393000e-01
8.403600e-01
8.414200e-01
8.424800e-01
8.435400e-01
8.446000e-01
8.456600e-01
8.467200e-01
8.477800e-01
8.488400e-01
8.499000e-01
8.509600e-01
8.520200e-01
8.530800e-01
8.541400e-01
8.552000e-01
8.562600e-01
8.573200e-01
8.583800e-01
8.594400e-01
8.605000e-01
8.615600e-01
8.626200e-01
8.636800e-01
8.647400e-01
8.658000e-01
8.668600e-01
8.679200e-01
8.689800e-01
8.700400e-01
8.711000e-01
8.721600e-01
8.732200e-01
8.742800e-01
8.753400e-01
8.764000e-01
8.774600e-01
8.785200e-01
8.795800e-01
8.806400e-01
8.817000e-01
8.827600e-01
8.838200e-01
8.848800e-01
8.859400e-01
8.870000e-01
8.880600e-01
8.891200e-01
8.901800e-01
8.912400e-01
8.923000e-01
8.933600e-01
8.944200e-01
8.954800e-01
8.965400e-01
8.976000e-01
8.986600e-01
8.997200e-01
9.007800e-01
9.018400e-01
9.029000e-01
9.039600e-01
9.050200e-01
9.060800e-01
9.071400e-01
9.082000e-01
9.092600e-01
9.103200e-01
9.113800e-01
9.124400e-01
9.135000e-01
9.145600e-01
9.156200e-01
9.166800e-01
9.177400e-01
9.188000e-01
9.198600e-01
9.209200e-01
9.219800e-01
9.230400e-01
9.241000e-01
9.251600e-01
9.262200e-01
9.272800e-01
9.283400e-01
9.294000e-01
9.304600e-01
9.315200e-01
9.325800e-01
9.336400e-01
9.347000e-01
9.357600e-01
9.368200e-01
9.378800e-01
9.389400e-01
9.400000e-01
9.407300e-01
9.414600e-01
9.421900e-01
9.429200e-01
9.436500e-01
9.443800e-01
9.451100e-01
9.458400e-01
9.465700e-01
9.473000e-01
9.480300e-01
9.487600e-01
9.494900e-01
9.502200e-01
9.509500e-01
9.516800e-01
9.524100e-01
9.531400e-01
9.538700e-01
9.546000e-01
9.553300e-01
9.560600e-01
9.567900e-01
9.575200e-01
9.582500e-01
9.589800e-01
9.597100e-01
9.604400e-01
9.611700e-01
9.619000e-01
9.626300e-01
9.633600e-01
9.640900e-01
9.648200e-01
9.655500e-01
9.662800e-01
9.670100e-01
9.677400e-01
9.684700e-01
9.692000e-01
9.699300e-01
9.706600e-01
9.713900e-01
9.721200e-01
9.728500e-01
9.735800e-01
9.743100e-01
9.750400e-01
9.757700e-01
9.765000e-01
9.772300e-01
9.779600e-01
9.786900e-01
9.794200e-01
9.801500e-01
9.808800e-01
9.816100e-01
9.823400e-01
9.830700e-01
9.838000e-01
9.845300e-01
9.852600e-01
9.859900e-01
9.867200e-01
9.874500e-01
9.881800e-01
9.889100e-01
9.896400e-01
9.903700e-01
9.911000e-01
9.918300e-01
9.925600e-01
9.932900e-01
9.940200e-01
9.947500e-01
9.954800e-01
9.962100e-01
9.969400e-01
9.976700e-01
9.984000e-01
9.991300e-01
9.998600e-01
1.000590e+00
1.001320e+00
1.002050e+00
1.002780e+00
1.003510e+00
1.004240e+00
1.004970e+00
1.005700e+00
1.006430e+00
1.007160e+00
1.007890e+00
1.008620e+00
1.009350e+00
1.010080e+00
1.010810e+00
1.011540e+00
1.012270e+00
1.013000e+00
1.013730e+00
1.014460e+00
1.015190e+00
1.015920e+00
1.016650e+00
1.017380e+00
1.018110e+00
1.018840e+00
1.019570e+00
1.020300e+00
1.021030e+00
1.021760e+00
1.022490e+00
1.023220e+00
1.023950e+00
1.024680e+00
1.025410e+00
1.026140e+00
1.026870e+00
1.027600e+00
1.028330e+00
1.029060e+00
1.029790e+00
1.030520e+00
1.031250e+00
1.031980e+00
1.032710e+00
1.033440e+00
1.034170e+00
1.034900e+00
1.035630e+00
1.036360e+00
1.037090e+00
1.037820e+00
1.038550e+00
1.039280e+00
1.040010e+00
1.040740e+00
1.041470e+00
1.042200e+00
1.042930e+00
1.043660e+00
1.044390e+00
1.045120e+00
1.045850e+00
1.046580e+00
1.047310e+00
1.048040e+00
1.048770e+00
1.049500e+00
1.050230e+00
1.050960e+00
1.051690e+00
1.052420e+00
1.053150e+00
1.053880e+00
1.054610e+00
1.055340e+00
1.056070e+00
1.056800e+00
1.057530e+00
1.058260e+00
1.058990e+00
1.059720e+00
1.060450e+00
1.061180e+00
1.061910e+00
1.062640e+00
1.063370e+00
1.064100e+00
1.064830e+00
1.065560e+00
1.066290e+00
1.067020e+00
1.067750e+00
1.068480e+00
1.069210e+00
1.069940e+00
1.070670e+00
1.071400e+00
1.072130e+00
1.072860e+00
1.073590e+00
1.074320e+00
1.075050e+00
1.075780e+00
1.076510e+00
1.077240e+00
1.077970e+00
1.078700e+00
1.079430e+00
1.080160e+00
1.080890e+00
1.081620e+00
1.082350e+00
1.083080e+00
1.083810e+00
1.084540e+00
1.085270e+00
1.086000e+00
1.086840e+00
1.087680e+00
1.088520e+00
1.089360e+00
1.090200e+00
1.091040e+00
1.091880e+00
1.092720e+00
1.093560e+00
1.094400e+00
1.095240e+00
1.096080e+00
1.096920e+00
1.097760e+00
1.098600e+00
1.099440e+00
1.100280e+00
1.101120e+00
1.101960e+00
1.102800e+00
1.103640e+00
1.104480e+00
1.105320e+00
1.106160e+00
1.107000e+00
1.107840e+00
1.108680e+00
1.109520e+00
1.110360e+00
1.111200e+00
1.112040e+00
1.112880e+00
1.113720e+00
1.114560e+00
1.115400e+00
1.116240e+00
1.117080e+00
1.117920e+00
1.118760e+00
1.119600e+00
1.120440e+00
1.121280e+00
1.122120e+00
1.122960e+00
1.123800e+00
1.124640e+00
1.125480e+00
1.126320e+00
1.127160e+00
1.128000e+00
1.128840e+00
1.129680e+00
1.130520e+00
1.131360e+00
1.132200e+00
1.133040e+00
1.133880e+00
1.134720e+00
1.135560e+00
1.136400e+00
1.137240e+00
1.138080e+00
1.138920e+00
1.139760e+00
1.140600e+00
1.141440e+00
1.142280e+00
1.143120e+00
1.143960e+00
1.144800e+00
1.145640e+00
1.146480e+00
1.147320e+00
1.148160e+00
1.149000e+00
1.149840e+00
1.150680e+00
1.151520e+00
1.152360e+00
1.153200e+00
1.154040e+00
1.154880e+00
1.155720e+00
1.156560e+00
1.157400e+00
1.158240e+00
1.159080e+00
1.159920e+00
1.160760e+00
1.161600e+00
1.162440e+00
1.163280e+00
1.164120e+00
1.164960e+00
1.165800e+00
1.166640e+00
1.167480e+00
1.168320e+00
1.169160e+00
1.170000e+00
1.189214e+00
1.208428e+00
1.227641e+00
1.246855e+00
1.266069e+00
1.285283e+00
1.304496e+00
1.323710e+00
1.342924e+00
1.362138e+00
1.381351e+00
1.400565e+00
1.419779e+00
1.438993e+00
1.458206e+00
1.477420e+00
1.496634e+00
1.515848e+00
1.535061e+00
1.554275e+00
1.573489e+00
1.592703e+00
1.611916e+00
1.631130e+00
1.650344e+00
1.669558e+00
1.688771e+00
1.707985e+00
1.727199e+00
1.746413e+00
1.765627e+00
1.784840e+00
1.804054e+00
1.823268e+00
1.842482e+00
1.861695e+00
1.880909e+00
1.900123e+00
1.919337e+00
1.938550e+00
1.957764e+00
1.976978e+00
1.996192e+00
2.015405e+00
2.034619e+00
2.053833e+00
2.073047e+00
2.092260e+00
2.111474e+00
2.130688e+00
2.149902e+00
2.169115e+00
2.188329e+00
2.207543e+00
2.226757e+00
2.245971e+00
2.265184e+00
2.284398e+00
2.303612e+00
2.322826e+00
2.342039e+00
2.361253e+00
2.380467e+00
2.399681e+00
2.418894e+00
2.438108e+00
2.457322e+00
2.476536e+00
2.495749e+00
2.514963e+00
2.534177e+00
2.553391e+00
2.572604e+00
2.591818e+00
2.611032e+00
2.630246e+00
2.649459e+00
2.668673e+00
2.687887e+00
2.707101e+00
2.726314e+00
2.745528e+00
2.764742e+00
2.783956e+00
2.803170e+00
2.822383e+00
2.841597e+00
2.860811e+00
2.880025e+00
2.899238e+00
2.918452e+00
2.937666e+00
2.956880e+00
2.976093e+00
2.995307e+00
3.014521e+00
3.033735e+00
3.052948e+00
3.072162e+00
3.091376e+00
3.110590e+00
3.129803e+00
3.149017e+00
3.168231e+00
3.187445e+00
3.206658e+00
3.225872e+00
3.245086e+00
3.264300e+00
3.283514e+00
3.302727e+00
3.321941e+00
3.341155e+00
3.360369e+00
3.379582e+00
3.398796e+00
3.418010e+00
3.437224e+00
3.456437e+00
3.475651e+00
3.494865e+00
3.514079e+00
3.533292e+00
3.552506e+00
3.571720e+00
3.590934e+00
3.610147e+00
3.629361e+00
3.648575e+00
3.667789e+00
3.687002e+00
3.706216e+00
3.725430e+00
3.744644e+00
3.763857e+00
3.783071e+00
3.802285e+00
3.821499e+00
3.840713e+00
3.859926e+00
3.879140e+00
3.898354e+00
3.917568e+00
3.936781e+00
3.955995e+00
3.975209e+00
3.994423e+00
4.013636e+00
4.032850e+00
4.052064e+00
4.071278e+00
4.090491e+00
4.109705e+00
4.128919e+00
4.148133e+00
4.167346e+00
4.186560e+00
4.205774e+00
4.224988e+00
4.244201e+00
4.263415e+00
4.282629e+00
4.301843e+00
4.321057e+00
4.340270e+00
4.359484e+00
4.378698e+00
4.397912e+00
4.417125e+00
4.436339e+00
4.455553e+00
4.474767e+00
4.493980e+00
4.513194e+00
4.532408e+00
4.551622e+00
4.570835e+00
4.590049e+00
4.609263e+00
4.628477e+00
4.647690e+00
4.666904e+00
4.686118e+00
4.705332e+00
4.724545e+00
4.743759e+00
4.762973e+00
4.782187e+00
4.801400e+00
4.820614e+00
4.839828e+00
4.859042e+00
4.878256e+00
4.897469e+00
4.916683e+00
4.935897e+00
4.955111e+00
4.974324e+00
4.993538e+00
5.012752e+00
5.031966e+00
5.051179e+00
5.070393e+00
5.089607e+00
5.108821e+00
5.128034e+00
5.147248e+00
5.166462e+00
5.185676e+00
5.204889e+00
5.224103e+00
5.243317e+00
5.262531e+00
5.281744e+00
5.300958e+00
5.320172e+00
5.339386e+00
5.358600e+00
5.377813e+00
5.397027e+00
5.416241e+00
5.435455e+00
5.454668e+00
5.473882e+00
5.493096e+00
5.512310e+00
5.531523e+00
5.550737e+00
5.569951e+00
5.589165e+00
5.608378e+00
5.627592e+00
5.646806e+00
5.666020e+00
5.685233e+00
5.704447e+00
5.723661e+00
5.742875e+00
5.762088e+00
5.781302e+00
5.800516e+00
5.819730e+00
5.838943e+00
5.858157e+00
5.877371e+00
5.896585e+00
5.915799e+00
5.935012e+00
5.954226e+00
5.973440e+00
5.992654e+00
6.011867e+00
6.031081e+00
6.050295e+00
6.069509e+00
6.088722e+00
6.107936e+00
6.127150e+00
6.146364e+00
6.165577e+00
6.184791e+00
6.204005e+00
6.223219e+00
6.242432e+00
6.261646e+00
6.280860e+00
6.300074e+00
6.319287e+00
6.338501e+00
6.357715e+00
6.376929e+00
6.396143e+00
6.415356e+00
6.434570e+00
6.453784e+00
6.472998e+00
6.492211e+00
6.511425e+00
6.530639e+00
6.549853e+00
6.569066e+00
6.588280e+00
6.607494e+00
6.626708e+00
6.645921e+00
6.665135e+00
6.684349e+00
6.703563e+00
6.722776e+00
6.741990e+00
6.761204e+00
6.780418e+00
6.799631e+00
6.818845e+00
6.838059e+00
6.857273e+00
6.876486e+00
6.895700e+00
6.914914e+00
6.934128e+00
6.953342e+00
6.972555e+00
6.991769e+00
7.010983e+00
7.030197e+00
7.049410e+00
7.068624e+00
7.087838e+00
7.107052e+00
7.126265e+00
7.145479e+00
7.164693e+00
7.183907e+00
7.203120e+00
7.222334e+00
7.241548e+00
7.260762e+00
7.279975e+00
7.299189e+00
7.318403e+00
7.337617e+00
7.356830e+00
7.376044e+00
7.395258e+00
7.414472e+00
7.433686e+00
7.452899e+00
7.472113e+00
7.491327e+00
7.510541e+00
7.529754e+00
7.548968e+00
7.568182e+00
7.587396e+00
7.606609e+00
7.625823e+00
7.645037e+00
7.664251e+00
7.683464e+00
7.702678e+00
7.721892e+00
7.741106e+00
7.760319e+00
7.779533e+00
7.798747e+00
7.817961e+00
7.837174e+00
7.856388e+00
7.875602e+00
7.894816e+00
7.914029e+00
7.933243e+00
7.952457e+00
7.971671e+00
7.990885e+00
8.010098e+00
8.029312e+00
8.048526e+00
8.067740e+00
8.086953e+00
8.106167e+00
8.125381e+00
8.144595e+00
8.163808e+00
8.183022e+00
8.202236e+00
8.221450e+00
8.240663e+00
8.259877e+00
8.279091e+00
8.298305e+00
8.317518e+00
8.336732e+00
8.355946e+00
8.375160e+00
8.394373e+00
8.413587e+00
8.432801e+00
8.452015e+00
8.471229e+00
8.490442e+00
8.509656e+00
8.528870e+00
8.548084e+00
8.567297e+00
8.586511e+00
8.605725e+00
8.624939e+00
8.644152e+00
8.663366e+00
8.682580e+00
8.701794e+00
8.721007e+00
8.740221e+00
8.759435e+00
8.778649e+00
8.797862e+00
8.817076e+00
8.836290e+00
8.855504e+00
8.874717e+00
8.893931e+00
8.913145e+00
8.932359e+00
8.951572e+00
8.970786e+00
8.990000e+00
8.998053e+00
9.006107e+00
9.014160e+00
9.022213e+00
9.030267e+00
9.038320e+00
9.046373e+00
9.054427e+00
9.062480e+00
9.070533e+00
9.078587e+00
9.086640e+00
9.094693e+00
9.102747e+00
9.110800e+00
9.118853e+00
9.126907e+00
9.134960e+00
9.143013e+00
9.151067e+00
9.159120e+00
9.167173e+00
9.175227e+00
9.183280e+00
9.191333e+00
9.199387e+00
9.207440e+00
9.215493e+00
9.223547e+00
9.231600e+00
9.239653e+00
9.247707e+00
9.255760e+00
9.263813e+00
9.271867e+00
9.279920e+00
9.287973e+00
9.296027e+00
9.304080e+00
9.312133e+00
9.320187e+00
9.328240e+00
9.336293e+00
9.344347e+00
9.352400e+00
9.360453e+00
9.368507e+00
9.376560e+00
9.384613e+00
9.392667e+00
9.400720e+00
9.408773e+00
9.416827e+00
9.424880e+00
9.432933e+00
9.440987e+00
9.449040e+00
9.457093e+00
9.465147e+00
9.473200e+00
9.481253e+00
9.489307e+00
9.497360e+00
9.505413e+00
9.513467e+00
9.521520e+00
9.529573e+00
9.537627e+00
9.545680e+00
9.553733e+00
9.561787e+00
9.569840e+00
9.577893e+00
9.585947e+00
9.594000e+00
9.602053e+00
9.610107e+00
9.618160e+00
9.626213e+00
9.634267e+00
9.642320e+00
9.650373e+00
9.658427e+00
9.666480e+00
9.674533e+00
9.682587e+00
9.690640e+00
9.698693e+00
9.706747e+00
9.714800e+00
9.722853e+00
9.730907e+00
9.738960e+00
9.747013e+00
9.755067e+00
9.763120e+00
9.771173e+00
9.779227e+00
9.787280e+00
9.795333e+00
9.803118e+00
9.810902e+00
9.818687e+00
9.826471e+00
9.834255e+00
9.842040e+00
9.849824e+00
9.857609e+00
9.865393e+00
9.873177e+00
9.880962e+00
9.888746e+00
9.896531e+00
9.904315e+00
9.912099e+00
9.919884e+00
9.927668e+00
9.935453e+00
9.943237e+00
9.951022e+00
9.958806e+00
9.966590e+00
9.974375e+00
9.982159e+00
9.989944e+00
9.997728e+00
1.000551e+01
1.001330e+01
1.002108e+01
1.002887e+01
1.003665e+01
1.004443e+01
1.005222e+01
1.006000e+01
1.006779e+01
1.007557e+01
1.008336e+01
1.009114e+01
1.009893e+01
1.010671e+01
1.011449e+01
1.012228e+01
1.013006e+01
1.013785e+01
1.014563e+01
1.015342e+01
1.016120e+01
1.016899e+01
1.017677e+01
1.018455e+01
1.019234e+01
1.020012e+01
1.020791e+01
1.021569e+01
1.022348e+01
1.023126e+01
1.023904e+01
1.024683e+01
1.025461e+01
1.026240e+01
1.027018e+01
1.027797e+01
1.028575e+01
1.029354e+01
1.030132e+01
1.030910e+01
1.031689e+01
1.032467e+01
1.033246e+01
1.034024e+01
1.034803e+01
1.035581e+01
1.036360e+01
1.037138e+01
1.037916e+01
1.038695e+01
1.039473e+01
1.040252e+01
1.041030e+01
1.041809e+01
1.042587e+01
1.043366e+01
1.044144e+01
1.044922e+01
1.045701e+01
1.046479e+01
1.047258e+01
1.048036e+01
1.048815e+01
1.049593e+01
1.050371e+01
1.051150e+01
1.051928e+01
1.052707e+01
1.053485e+01
1.054264e+01
1.055042e+01
1.055821e+01
1.056599e+01
1.057377e+01
1.058156e+01
1.058934e+01
1.059713e+01
1.060491e+01
1.061270e+01
1.062048e+01
1.062827e+01
1.063605e+01
1.064383e+01
1.065162e+01
1.065940e+01
1.066719e+01
1.067497e+01
1.068276e+01
1.069054e+01
1.069833e+01
1.070611e+01
1.071389e+01
1.072168e+01
1.072946e+01
1.073725e+01
1.074503e+01
1.075282e+01
1.076060e+01
1.076838e+01
1.077617e+01
1.078395e+01
1.079174e+01
1.079952e+01
1.080731e+01
1.081509e+01
1.082288e+01
1.083066e+01
1.083844e+01
1.084623e+01
1.085401e+01
1.086180e+01
1.086958e+01
1.087737e+01
1.088515e+01
1.089294e+01
1.090072e+01
1.090850e+01
1.091629e+01
1.092407e+01
1.093186e+01
1.093964e+01
1.094743e+01
1.095521e+01
1.096299e+01
1.097078e+01
1.097856e+01
1.098635e+01
1.099413e+01
1.100192e+01
1.100970e+01
1.101749e+01
1.102527e+01
1.103305e+01
1.104084e+01
1.104862e+01
1.105641e+01
1.106419e+01
1.107198e+01
1.107976e+01
1.108755e+01
1.109533e+01
1.110311e+01
1.111090e+01
1.111868e+01
1.112647e+01
1.113425e+01
1.114204e+01
1.114982e+01
1.115761e+01
1.116539e+01
1.117317e+01
1.118096e+01
1.118874e+01
1.119653e+01
1.120431e+01
1.121210e+01
1.121988e+01
1.122767e+01
1.123545e+01
1.124323e+01
1.125102e+01
1.125880e+01
1.126659e+01
1.127437e+01
1.128216e+01
1.128994e+01
1.129772e+01
1.130551e+01
1.131329e+01
1.132108e+01
1.132886e+01
1.133665e+01
1.134443e+01
1.135222e+01
1.136000e+01
1.136799e+01
1.137597e+01
1.138396e+01
1.139195e+01
1.139993e+01
1.140792e+01
1.141591e+01
1.142389e+01
1.143188e+01
1.143987e+01
1.144785e+01
1.145584e+01
1.146383e+01
1.147181e+01
1.147980e+01
1.148779e+01
1.149577e+01
1.150376e+01
1.151175e+01
1.151974e+01
1.152772e+01
1.153571e+01
1.154370e+01
1.155168e+01
1.155967e+01
1.156766e+01
1.157564e+01
1.158363e+01
1.159162e+01
1.159960e+01
1.160759e+01
1.161558e+01
1.162356e+01
1.163155e+01
1.163954e+01
1.164752e+01
1.165551e+01
1.166350e+01
1.167148e+01
1.167947e+01
1.168746e+01
1.169544e+01
1.170343e+01
1.171142e+01
1.171940e+01
1.172739e+01
1.173538e+01
1.174336e+01
1.175135e+01
1.175934e+01
1.176732e+01
1.177531e+01
1.178330e+01
1.179128e+01
1.179927e+01
1.180726e+01
1.181525e+01
1.182323e+01
1.183122e+01
1.183921e+01
1.184719e+01
1.185518e+01
1.186317e+01
1.187115e+01
1.187914e+01
1.188713e+01
1.189511e+01
1.190310e+01
1.191109e+01
1.191907e+01
1.192706e+01
1.193505e+01
1.194303e+01
1.195102e+01
1.195901e+01
1.196699e+01
1.197498e+01
1.198297e+01
1.199095e+01
1.199894e+01
1.200693e+01
1.201491e+01
1.202290e+01
1.203089e+01
1.203887e+01
1.204686e+01
1.205485e+01
1.206283e+01
1.207082e+01
1.207881e+01
1.208679e+01
1.209478e+01
1.210277e+01
1.211075e+01
1.211874e+01
1.212673e+01
1.213472e+01
1.214270e+01
1.215069e+01
1.215868e+01
1.216666e+01
1.217465e+01
1.218264e+01
1.219062e+01
1.219861e+01
1.220660e+01
1.221458e+01
1.222257e+01
1.223056e+01
1.223854e+01
1.224653e+01
1.225452e+01
1.226250e+01
1.227049e+01
1.227848e+01
1.228646e+01
1.229445e+01
1.230244e+01
1.231042e+01
1.231841e+01
1.232640e+01
1.233438e+01
1.234237e+01
1.235036e+01
1.235834e+01
1.236633e+01
1.237432e+01
1.238230e+01
1.239029e+01
1.239828e+01
1.240626e+01
1.241425e+01
1.242224e+01
1.243023e+01
1.243821e+01
1.244620e+01
1.245419e+01
1.246217e+01
1.247016e+01
1.247815e+01
1.248613e+01
1.249412e+01
1.250211e+01
1.251009e+01
1.251808e+01
1.252607e+01
1.253405e+01
1.254204e+01
1.255003e+01
1.255801e+01
1.256600e+01
1.257399e+01
1.258197e+01
1.258996e+01
1.259795e+01
1.260593e+01
1.261392e+01
1.262191e+01
1.262989e+01
1.263788e+01
1.264587e+01
1.265385e+01
1.266184e+01
1.266983e+01
1.267781e+01
1.268580e+01
1.269379e+01
1.270177e+01
1.270976e+01
1.271775e+01
1.272574e+01
1.273372e+01
1.274171e+01
1.274970e+01
1.275768e+01
1.276567e+01
1.277366e+01
1.278164e+01
1.278963e+01
1.279762e+01
1.280560e+01
1.281359e+01
1.282158e+01
1.282956e+01
1.283755e+01
1.284554e+01
1.285352e+01
1.286151e+01
1.286950e+01
1.287748e+01
1.288547e+01
1.289346e+01
1.290144e+01
1.290943e+01
1.291742e+01
1.292540e+01
1.293339e+01
1.294138e+01
1.294936e+01
1.295735e+01
1.296534e+01
1.297332e+01
1.298131e+01
1.298930e+01
1.299728e+01
1.300527e+01
1.301326e+01
1.302125e+01
1.302923e+01
1.303722e+01
1.304521e+01
1.305319e+01
1.306118e+01
1.306917e+01
1.307715e+01
1.308514e+01
1.309313e+01
1.310111e+01
1.310910e+01
1.311709e+01
1.312507e+01
1.313306e+01
1.314105e+01
1.314903e+01
1.315702e+01
1.316501e+01
1.317299e+01
1.318098e+01
1.318897e+01
1.319695e+01
1.320494e+01
1.321293e+01
1.322091e+01
1.322890e+01
1.323689e+01
1.324487e+01
1.325286e+01
1.326085e+01
1.326883e+01
1.327682e+01
1.328481e+01
1.329279e+01
1.330078e+01
1.330877e+01
1.331675e+01
1.332474e+01
1.333273e+01
1.334072e+01
1.334870e+01
1.335669e+01
1.336468e+01
1.337266e+01
1.338065e+01
1.338864e+01
1.339662e+01
1.340461e+01
1.341260e+01
1.342058e+01
1.342857e+01
1.343656e+01
1.344454e+01
1.345253e+01
1.346052e+01
1.346850e+01
1.347649e+01
1.348448e+01
1.349246e+01
1.350045e+01
1.350844e+01
1.351642e+01
1.352441e+01
1.353240e+01
1.354038e+01
1.354837e+01
1.355636e+01
1.356434e+01
1.357233e+01
1.358032e+01
1.358830e+01
1.359629e+01
1.360428e+01
1.361226e+01
1.362025e+01
1.362824e+01
1.363623e+01
1.364421e+01
1.365220e+01
1.366019e+01
1.366817e+01
1.367616e+01
1.368415e+01
1.369213e+01
1.370012e+01
1.370811e+01
1.371609e+01
1.372408e+01
1.373207e+01
1.374005e+01
1.374804e+01
1.375603e+01
1.376401e+01
1.377200e+01
1.378016e+01
1.378831e+01
1.379647e+01
1.380462e+01
1.381278e+01
1.382094e+01
1.382909e+01
1.383725e+01
1.384540e+01
1.385356e+01
1.386171e+01
1.386987e+01
1.387803e+01
1.388618e+01
1.389434e+01
1.390249e+01
1.391065e+01
1.391881e+01
1.392696e+01
1.393512e+01
1.394327e+01
1.395143e+01
1.395959e+01
1.396774e+01
1.397590e+01
1.398405e+01
1.399221e+01
1.400036e+01
1.400852e+01
1.401668e+01
1.402483e+01
1.403299e+01
1.404114e+01
1.404930e+01
1.405746e+01
1.406561e+01
1.407377e+01
1.408192e+01
1.409008e+01
1.409824e+01
1.410639e+01
1.411455e+01
1.412270e+01
1.413086e+01
1.413901e+01
1.414717e+01
1.415533e+01
1.416348e+01
1.417164e+01
1.417979e+01
1.418795e+01
1.419611e+01
1.420426e+01
1.421242e+01
1.422057e+01
1.422873e+01
1.423689e+01
1.424504e+01
1.425320e+01
1.426135e+01
1.426951e+01
1.427767e+01
1.428582e+01
1.429398e+01
1.430213e+01
1.431029e+01
1.431844e+01
1.432660e+01
1.433476e+01
1.434291e+01
1.435107e+01
1.435922e+01
1.436738e+01
1.437554e+01
1.438369e+01
1.439185e+01
1.440000e+01
1.440816e+01
1.441632e+01
1.442447e+01
1.443263e+01
1.444078e+01
1.444894e+01
1.445709e+01
1.446525e+01
1.447341e+01
1.448156e+01
1.448972e+01
1.449787e+01
1.450603e+01
1.451419e+01
1.452234e+01
1.453050e+01
1.453865e+01
1.454681e+01
1.455497e+01
1.456312e+01
1.457128e+01
1.457943e+01
1.458759e+01
1.459574e+01
1.460390e+01
1.461206e+01
1.462021e+01
1.462837e+01
1.463652e+01
1.464468e+01
1.465284e+01
1.466099e+01
1.466915e+01
1.467730e+01
1.468546e+01
1.469362e+01
1.470177e+01
1.470993e+01
1.471808e+01
1.472624e+01
1.473439e+01
1.474255e+01
1.475071e+01
1.475886e+01
1.476702e+01
1.477517e+01
1.478333e+01
1.479149e+01
1.479964e+01
1.480780e+01
1.481595e+01
1.482411e+01
1.483227e+01
1.484042e+01
1.484858e+01
1.485673e+01
1.486489e+01
1.487304e+01
1.488120e+01
1.488936e+01
1.489751e+01
1.490567e+01
1.491382e+01
1.492198e+01
1.493014e+01
1.493829e+01
1.494645e+01
1.495460e+01
1.496276e+01
1.497092e+01
1.497907e+01
1.498723e+01
1.499538e+01
1.500354e+01
1.501169e+01
1.501985e+01
1.502801e+01
1.503616e+01
1.504432e+01
1.505247e+01
1.506063e+01
1.506879e+01
1.507694e+01
1.508510e+01
1.509325e+01
1.510141e+01
1.510957e+01
1.511772e+01
1.512588e+01
1.513403e+01
1.514219e+01
1.515035e+01
1.515850e+01
1.516666e+01
1.517481e+01
1.518297e+01
1.519112e+01
1.519928e+01
1.520744e+01
1.521559e+01
1.522375e+01
1.523190e+01
1.524006e+01
1.524822e+01
1.525637e+01
1.526453e+01
1.527268e+01
1.528084e+01
1.528899e+01
1.529715e+01
1.530531e+01
1.531346e+01
1.532162e+01
1.532977e+01
1.533793e+01
1.534609e+01
1.535424e+01
1.536240e+01
1.537055e+01
1.537871e+01
1.538687e+01
1.539502e+01
1.540318e+01
1.541133e+01
1.541953e+01
1.542772e+01
1.543592e+01
1.544412e+01
1.545231e+01
1.546051e+01
1.546870e+01
1.547690e+01
1.548509e+01
1.549329e+01
1.550149e+01
1.550968e+01
1.551788e+01
1.552607e+01
1.553427e+01
1.554246e+01
1.555066e+01
1.555886e+01
1.556705e+01
1.557525e+01
1.558344e+01
1.559164e+01
1.559983e+01
1.560803e+01
1.561623e+01
1.562442e+01
1.563262e+01
1.564081e+01
1.564901e+01
1.565720e+01
1.566540e+01
1.567360e+01
1.568179e+01
1.568999e+01
1.569818e+01
1.570638e+01
1.571457e+01
1.572277e+01
1.573097e+01
1.573916e+01
1.574736e+01
1.575555e+01
1.576375e+01
1.577194e+01
1.578014e+01
1.578833e+01
1.579653e+01
1.580473e+01
1.581292e+01
1.582112e+01
1.582931e+01
1.583751e+01
1.584570e+01
1.585390e+01
1.586210e+01
1.587029e+01
1.587849e+01
1.588668e+01
1.589488e+01
1.590307e+01
1.591127e+01
1.591947e+01
1.592766e+01
1.593586e+01
1.594405e+01
1.595225e+01
1.596044e+01
1.596864e+01
1.597684e+01
1.598503e+01
1.599323e+01
1.600142e+01
1.600962e+01
1.601781e+01
1.602601e+01
1.603421e+01
1.604240e+01
1.605060e+01
1.605879e+01
1.606699e+01
1.607518e+01
1.608338e+01
1.609158e+01
1.609977e+01
1.610797e+01
1.611616e+01
1.612436e+01
1.613255e+01
1.614075e+01
1.614895e+01
1.615714e+01
1.616534e+01
1.617353e+01
1.618173e+01
1.618992e+01
1.619812e+01
1.620632e+01
1.621451e+01
1.622271e+01
1.623090e+01
1.623910e+01
1.624729e+01
1.625549e+01
1.626368e+01
1.627188e+01
1.628008e+01
1.628827e+01
1.629647e+01
1.630466e+01
1.631286e+01
1.632105e+01
1.632925e+01
1.633745e+01
1.634564e+01
1.635384e+01
1.636203e+01
1.637023e+01
1.637842e+01
1.638662e+01
1.639482e+01
1.640301e+01
1.641121e+01
1.641940e+01
1.642760e+01
1.643579e+01
1.644399e+01
1.645219e+01
1.646038e+01
1.646858e+01
1.647677e+01
1.648497e+01
1.649316e+01
1.650136e+01
1.650956e+01
1.651775e+01
1.652595e+01
1.653414e+01
1.654234e+01
1.655053e+01
1.655873e+01
1.656693e+01
1.657512e+01
1.658332e+01
1.659151e+01
1.659971e+01
1.660790e+01
1.661610e+01
1.662430e+01
1.663249e+01
1.664069e+01
1.664888e+01
1.665708e+01
1.666527e+01
1.667347e+01
1.668167e+01
1.668986e+01
1.669806e+01
1.670625e+01
1.671445e+01
1.672264e+01
1.673084e+01
1.673903e+01
1.674723e+01
1.675543e+01
1.676362e+01
1.677182e+01
1.678001e+01
1.678821e+01
1.679640e+01
1.680460e+01
1.681280e+01
1.682099e+01
1.682919e+01
1.683738e+01
1.684558e+01
1.685377e+01
1.686197e+01
1.687017e+01
1.687836e+01
1.688656e+01
1.689475e+01
1.690295e+01
1.691114e+01
1.691934e+01
1.692754e+01
1.693573e+01
1.694393e+01
1.695212e+01
1.696032e+01
1.696851e+01
1.697671e+01
1.698491e+01
1.699310e+01
1.700130e+01
1.700949e+01
1.701769e+01
1.702588e+01
1.703408e+01
1.704228e+01
1.705047e+01
1.705867e+01
1.706698e+01
1.707529e+01
1.708361e+01
1.709192e+01
1.710023e+01
1.710855e+01
1.711686e+01
1.712517e+01
1.713349e+01
1.714180e+01
1.715011e+01
1.715843e+01
1.716674e+01
1.717506e+01
1.718337e+01
1.719168e+01
1.720000e+01
1.720831e+01
1.721662e+01
1.722494e+01
1.723325e+01
1.724156e+01
1.724988e+01
1.725819e+01
1.726650e+01
1.727482e+01
1.728313e+01
1.729144e+01
1.729976e+01
1.730807e+01
1.731638e+01
1.732470e+01
1.733301e+01
1.734132e+01
1.734964e+01
1.735795e+01
1.736626e+01
1.737458e+01
1.738289e+01
1.739121e+01
1.739952e+01
1.740783e+01
1.741615e+01
1.742446e+01
1.743277e+01
1.744109e+01
1.744940e+01
1.745771e+01
1.746603e+01
1.747434e+01
1.748265e+01
1.749097e+01
1.749928e+01
1.750759e+01
1.751591e+01
1.752422e+01
1.753253e+01
1.754085e+01
1.754916e+01
1.755747e+01
1.756579e+01
1.757410e+01
1.758241e+01
1.759073e+01
1.759904e+01
1.760736e+01
1.761567e+01
1.762398e+01
1.763230e+01
1.764061e+01
1.764892e+01
1.765724e+01
1.766555e+01
1.767386e+01
1.768218e+01
1.769049e+01
1.769880e+01
1.770712e+01
1.771543e+01
1.772374e+01
1.773206e+01
1.774037e+01
1.774868e+01
1.775700e+01
1.776531e+01
1.777362e+01
1.778194e+01
1.779025e+01
1.779857e+01
1.780688e+01
1.781519e+01
1.782351e+01
1.783182e+01
1.784013e+01
1.784845e+01
1.785676e+01
1.786507e+01
1.787339e+01
1.788170e+01
1.789001e+01
1.789833e+01
1.790664e+01
1.791495e+01
1.792327e+01
1.793158e+01
1.793989e+01
1.794821e+01
1.795652e+01
1.796483e+01
1.797315e+01
1.798146e+01
1.798977e+01
1.799809e+01
1.800640e+01
1.801472e+01
1.802303e+01
1.803134e+01
1.803966e+01
1.804797e+01
1.805628e+01
1.806460e+01
1.807291e+01
1.808122e+01
1.808954e+01
1.809785e+01
1.810616e+01
1.811448e+01
1.812279e+01
1.813110e+01
1.813942e+01
1.814773e+01
1.815604e+01
1.816436e+01
1.817267e+01
1.818098e+01
1.818930e+01
1.819761e+01
1.820593e+01
1.821424e+01
1.822255e+01
1.823087e+01
1.823918e+01
1.824749e+01
1.825581e+01
1.826412e+01
1.827243e+01
1.828075e+01
1.828906e+01
1.829737e+01
1.830569e+01
1.831400e+01
1.832231e+01
1.833063e+01
1.833894e+01
1.834725e+01
1.835557e+01
1.836388e+01
1.837219e+01
1.838051e+01
1.838882e+01
1.839713e+01
1.840545e+01
1.841376e+01
1.842207e+01
1.843039e+01
1.843870e+01
1.844702e+01
1.845533e+01
1.846364e+01
1.847196e+01
1.848027e+01
1.848858e+01
1.849690e+01
1.850521e+01
1.851352e+01
1.852184e+01
1.853015e+01
1.853846e+01
1.854678e+01
1.855509e+01
1.856340e+01
1.857172e+01
1.858003e+01
1.858834e+01
1.859666e+01
1.860497e+01
1.861328e+01
1.862160e+01
1.862991e+01
1.863823e+01
1.864654e+01
1.865485e+01
1.866317e+01
1.867148e+01
1.867979e+01
1.868811e+01
1.869642e+01
1.870473e+01
1.871305e+01
1.872136e+01
1.872967e+01
1.873799e+01
1.874630e+01
1.875461e+01
1.876293e+01
1.877124e+01
1.877955e+01
1.878787e+01
1.879618e+01
1.880449e+01
1.881281e+01
1.882112e+01
1.882943e+01
1.883775e+01
1.884606e+01
1.885438e+01
1.886269e+01
1.887100e+01
1.887932e+01
1.888763e+01
1.889594e+01
1.890426e+01
1.891257e+01
1.892088e+01
1.892920e+01
1.893751e+01
1.894582e+01
1.895414e+01
1.896245e+01
1.897076e+01
1.897908e+01
1.898739e+01
1.899570e+01
1.900402e+01
1.901233e+01
1.902064e+01
1.902896e+01
1.903727e+01
1.904559e+01
1.905390e+01
1.906221e+01
1.907053e+01
1.907884e+01
1.908715e+01
1.909547e+01
1.910378e+01
1.911209e+01
1.912041e+01
1.912872e+01
1.913703e+01
1.914535e+01
1.915366e+01
1.916197e+01
1.917029e+01
1.917860e+01
1.918691e+01
1.919523e+01
1.920354e+01
1.921185e+01
1.922017e+01
1.922848e+01
1.923679e+01
1.924511e+01
1.925342e+01
1.926174e+01
1.927005e+01
1.927836e+01
1.928668e+01
1.929499e+01
1.930330e+01
1.931162e+01
1.931993e+01
1.932824e+01
1.933656e+01
1.934487e+01
1.935318e+01
1.936150e+01
1.936981e+01
1.937812e+01
1.938644e+01
1.939475e+01
1.940306e+01
1.941138e+01
1.941969e+01
1.942800e+01
1.943632e+01
1.944463e+01
1.945294e+01
1.946126e+01
1.946957e+01
1.947789e+01
1.948620e+01
1.949451e+01
1.950283e+01
1.951114e+01
1.951945e+01
1.952777e+01
1.953608e+01
1.954439e+01
1.955271e+01
1.956102e+01
1.956933e+01
1.957773e+01
1.958612e+01
1.959452e+01
1.960292e+01
1.961131e+01
1.961971e+01
1.962810e+01
1.963650e+01
1.964490e+01
1.965329e+01
1.966169e+01
1.967008e+01
1.967848e+01
1.968687e+01
1.969527e+01
1.970367e+01
1.971206e+01
1.972046e+01
1.972885e+01
1.973725e+01
1.974564e+01
1.975404e+01
1.976244e+01
1.977083e+01
1.977923e+01
1.978762e+01
1.979602e+01
1.980441e+01
1.981281e+01
1.982121e+01
1.982960e+01
1.983800e+01
1.984639e+01
1.985479e+01
1.986318e+01
1.987158e+01
1.987998e+01
1.988837e+01
1.989677e+01
1.990516e+01
1.991356e+01
1.992195e+01
1.993035e+01
1.993875e+01
1.994714e+01
1.995554e+01
1.996393e+01
1.997233e+01
1.998073e+01
1.998912e+01
1.999752e+01
2.000591e+01
2.001431e+01
2.002270e+01
2.003110e+01
2.003950e+01
2.004789e+01
2.005629e+01
2.006468e+01
2.007308e+01
2.008147e+01
2.008987e+01
2.009827e+01
2.010666e+01
2.011506e+01
2.012345e+01
2.013185e+01
2.014024e+01
2.014864e+01
2.015704e+01
2.016543e+01
2.017383e+01
2.018222e+01
2.019062e+01
2.019901e+01
2.020741e+01
2.021581e+01
2.022420e+01
2.023260e+01
2.024099e+01
2.024939e+01
2.025778e+01
2.026618e+01
2.027458e+01
2.028297e+01
2.029137e+01
2.029976e+01
2.030816e+01
2.031656e+01
2.032495e+01
2.033335e+01
2.034174e+01
2.035014e+01
2.035853e+01
2.036693e+01
2.037533e+01
2.038372e+01
2.039212e+01
2.040051e+01
2.040891e+01
2.041730e+01
2.042570e+01
2.043410e+01
2.044249e+01
2.045089e+01
2.045928e+01
2.046768e+01
2.047607e+01
2.048447e+01
2.049287e+01
2.050126e+01
2.050966e+01
2.051805e+01
2.052645e+01
2.053484e+01
2.054324e+01
2.055164e+01
2.056003e+01
2.056843e+01
2.057682e+01
2.058522e+01
2.059361e+01
2.060201e+01
2.061041e+01
2.061880e+01
2.062720e+01
2.063559e+01
2.064399e+01
2.065239e+01
2.066078e+01
2.066918e+01
2.067757e+01
2.068597e+01
2.069436e+01
2.070276e+01
2.071116e+01
2.071955e+01
2.072795e+01
2.073634e+01
2.074474e+01
2.075313e+01
2.076153e+01
2.076993e+01
2.077832e+01
2.078672e+01
2.079511e+01
2.080351e+01
2.081190e+01
2.082030e+01
2.082870e+01
2.083709e+01
2.084549e+01
2.085388e+01
2.086228e+01
2.087067e+01
2.087907e+01
2.088747e+01
2.089586e+01
2.090426e+01
2.091265e+01
2.092105e+01
2.092944e+01
2.093784e+01
2.094624e+01
2.095463e+01
2.096303e+01
2.097142e+01
2.097982e+01
2.098822e+01
2.099661e+01
2.100501e+01
2.101340e+01
2.102180e+01
2.103019e+01
2.103859e+01
2.104699e+01
2.105538e+01
2.106378e+01
2.107217e+01
2.108057e+01
2.108896e+01
2.109736e+01
2.110576e+01
2.111415e+01
2.112255e+01
2.113094e+01
2.113934e+01
2.114773e+01
2.115613e+01
2.116453e+01
2.117292e+01
2.118132e+01
2.118971e+01
2.119811e+01
2.120650e+01
2.121490e+01
2.122330e+01
2.123169e+01
2.124009e+01
2.124848e+01
2.125688e+01
2.126527e+01
2.127367e+01
2.128207e+01
2.129046e+01
2.129886e+01
2.130725e+01
2.131565e+01
2.132405e+01
2.133244e+01
2.134084e+01
2.134923e+01
2.135763e+01
2.136602e+01
2.137442e+01
2.138282e+01
2.139121e+01
2.139961e+01
2.140800e+01
2.141640e+01
2.142479e+01
2.143319e+01
2.144159e+01
2.144998e+01
2.145838e+01
2.146677e+01
2.147517e+01
2.148356e+01
2.149196e+01
2.150036e+01
2.150875e+01
2.151715e+01
2.152554e+01
2.153394e+01
2.154233e+01
2.155073e+01
2.155913e+01
2.156752e+01
2.157592e+01
2.158431e+01
2.159271e+01
2.160110e+01
2.160950e+01
2.161790e+01
2.162629e+01
2.163469e+01
2.164308e+01
2.165148e+01
2.165988e+01
2.166827e+01
2.167667e+01
2.168506e+01
2.169346e+01
2.170185e+01
2.171025e+01
2.171865e+01
2.172704e+01
2.173544e+01
2.174383e+01
2.175223e+01
2.176062e+01
2.176902e+01
2.177742e+01
2.178581e+01
2.179421e+01
2.180260e+01
2.181100e+01
2.181939e+01
2.182779e+01
2.183619e+01
2.184458e+01
2.185298e+01
2.186137e+01
2.186977e+01
2.187816e+01
2.188656e+01
2.189496e+01
2.190335e+01
2.191175e+01
2.192014e+01
2.192854e+01
2.193693e+01
2.194533e+01
2.195373e+01
2.196212e+01
2.197052e+01
2.197891e+01
2.198731e+01
2.199571e+01
2.200410e+01
2.201250e+01
2.202089e+01
2.202929e+01
2.203768e+01
2.204608e+01
2.205448e+01
2.206287e+01
2.207127e+01
2.207966e+01
2.208806e+01
2.209645e+01
2.210485e+01
2.211325e+01
2.212164e+01
2.213004e+01
2.213843e+01
2.214683e+01
2.215522e+01
2.216362e+01
2.217202e+01
2.218041e+01
2.218881e+01
2.219720e+01
2.220560e+01
2.221399e+01
2.222239e+01
2.223079e+01
2.223918e+01
2.224758e+01
2.225597e+01
2.226437e+01
2.227277e+01
2.228116e+01
2.228956e+01
2.229795e+01
2.230635e+01
2.231474e+01
2.232314e+01
2.233154e+01
2.233993e+01
2.234833e+01
2.235672e+01
2.236512e+01
2.237351e+01
2.238191e+01
2.239031e+01
2.239870e+01
2.240710e+01
2.241549e+01
2.242389e+01
2.243228e+01
2.244068e+01
2.244908e+01
2.245747e+01
2.246587e+01
2.247426e+01
2.248266e+01
2.249105e+01
2.249945e+01
2.250785e+01
2.251624e+01
2.252464e+01
2.253303e+01
2.254143e+01
2.254982e+01
2.255822e+01
2.256662e+01
2.257501e+01
2.258341e+01
2.259180e+01
2.260020e+01
2.260859e+01
2.261699e+01
2.262539e+01
2.263378e+01
2.264218e+01
2.265057e+01
2.265897e+01
2.266737e+01
2.267576e+01
2.268416e+01
2.269255e+01
2.270095e+01
2.270934e+01
2.271774e+01
2.272614e+01
2.273453e+01
2.274293e+01
2.275132e+01
2.275972e+01
2.276811e+01
2.277651e+01
2.278491e+01
2.279330e+01
2.280170e+01
2.281009e+01
2.281849e+01
2.282688e+01
2.283528e+01
2.284368e+01
2.285207e+01
2.286047e+01
2.286886e+01
2.287726e+01
2.288565e+01
2.289405e+01
2.290245e+01
2.291084e+01
2.291924e+01
2.292763e+01
2.293603e+01
2.294443e+01
2.295282e+01
2.296122e+01
2.296961e+01
2.297801e+01
2.298640e+01
2.299480e+01
2.300320e+01
2.301159e+01
2.301999e+01
2.302838e+01
2.303678e+01
2.304517e+01
2.305357e+01
2.306197e+01
2.307036e+01
2.307876e+01
2.308715e+01
2.309555e+01
2.310394e+01
2.311234e+01
2.312074e+01
2.312913e+01
2.313753e+01
2.314592e+01
2.315432e+01
2.316271e+01
2.317111e+01
2.317951e+01
2.318790e+01
2.319630e+01
2.320469e+01
2.321309e+01
2.322148e+01
2.322988e+01
2.323828e+01
2.324667e+01
2.325507e+01
2.326346e+01
2.327186e+01
2.328025e+01
2.328865e+01
2.329705e+01
2.330544e+01
2.331384e+01
2.332223e+01
2.333063e+01
2.333903e+01
2.334742e+01
2.335582e+01
2.336421e+01
2.337261e+01
2.338100e+01
2.338940e+01
2.339780e+01
2.340619e+01
2.341459e+01
2.342298e+01
2.343138e+01
2.343977e+01
2.344817e+01
2.345657e+01
2.346496e+01
2.347336e+01
2.348175e+01
2.349015e+01
2.349854e+01
2.350694e+01
2.351534e+01
2.352373e+01
2.353213e+01
2.354052e+01
2.354892e+01
2.355731e+01
2.356571e+01
2.357411e+01
2.358250e+01
2.359090e+01
2.359929e+01
2.360769e+01
2.361609e+01
2.362448e+01
2.363288e+01
2.364127e+01
2.364967e+01
2.365806e+01
2.366646e+01
2.367486e+01
2.368325e+01
2.369165e+01
2.370004e+01
2.370844e+01
2.371683e+01
2.372523e+01
2.373363e+01
2.374202e+01
2.375042e+01
2.375881e+01
2.376721e+01
2.377560e+01
2.378400e+01
2.379194e+01
2.379989e+01
2.380783e+01
2.381577e+01
2.382371e+01
2.383166e+01
2.383960e+01
2.384754e+01
2.385549e+01
2.386343e+01
2.387137e+01
2.387932e+01
2.388726e+01
2.389520e+01
2.390315e+01
2.391109e+01
2.391903e+01
2.392697e+01
2.393492e+01
2.394286e+01
2.395080e+01
2.395875e+01
2.396669e+01
2.397463e+01
2.398258e+01
2.399052e+01
2.399846e+01
2.400640e+01
2.401435e+01
2.402229e+01
2.403023e+01
2.403818e+01
2.404612e+01
2.405406e+01
2.406201e+01
2.406995e+01
2.407789e+01
2.408583e+01
2.409378e+01
2.410172e+01
2.410966e+01
2.411761e+01
2.412555e+01
2.413349e+01
2.414144e+01
2.414938e+01
2.415732e+01
2.416526e+01
2.417321e+01
2.418115e+01
2.418909e+01
2.419704e+01
2.420498e+01
2.421292e+01
2.422087e+01
2.422881e+01
2.423675e+01
2.424469e+01
2.425264e+01
2.426058e+01
2.426852e+01
2.427647e+01
2.428441e+01
2.429235e+01
2.430030e+01
2.430824e+01
2.431618e+01
2.432412e+01
2.433207e+01
2.434001e+01
2.434795e+01
2.435590e+01
2.436384e+01
2.437178e+01
2.437973e+01
2.438767e+01
2.439561e+01
2.440355e+01
2.441150e+01
2.441944e+01
2.442738e+01
2.443533e+01
2.444327e+01
2.445121e+01
2.445916e+01
2.446710e+01
2.447504e+01
2.448298e+01
2.449093e+01
2.449887e+01
2.450681e+01
2.451476e+01
2.452270e+01
2.453064e+01
2.453859e+01
2.454653e+01
2.455447e+01
2.456241e+01
2.457036e+01
2.457830e+01
2.458624e+01
2.459419e+01
2.460213e+01
2.461007e+01
2.461802e+01
2.462596e+01
2.463390e+01
2.464184e+01
2.464979e+01
2.465773e+01
2.466567e+01
2.467362e+01
2.468156e+01
2.468950e+01
2.469745e+01
2.470539e+01
2.471333e+01
2.472127e+01
2.472922e+01
2.473716e+01
2.474510e+01
2.475305e+01
2.476099e+01
2.476893e+01
2.477688e+01
2.478482e+01
2.479276e+01
2.480071e+01
2.480865e+01
2.481659e+01
2.482453e+01
2.483248e+01
2.484042e+01
2.484836e+01
2.485631e+01
2.486425e+01
2.487219e+01
2.488014e+01
2.488808e+01
2.489602e+01
2.490396e+01
2.491191e+01
2.491985e+01
2.492779e+01
2.493574e+01
2.494368e+01
2.495162e+01
2.495957e+01
2.496751e+01
2.497545e+01
2.498339e+01
2.499134e+01
2.499928e+01
2.500722e+01
2.501517e+01
2.502311e+01
2.503105e+01
2.503900e+01
2.504694e+01
2.505488e+01
2.506282e+01
2.507077e+01
2.507871e+01
2.508665e+01
2.509460e+01
2.510254e+01
2.511048e+01
2.511843e+01
2.512637e+01
2.513431e+01
2.514225e+01
2.515020e+01
2.515814e+01
2.516608e+01
2.517403e+01
2.518197e+01
2.518991e+01
2.519786e+01
2.520580e+01
2.521374e+01
2.522168e+01
2.522963e+01
2.523757e+01
2.524551e+01
2.525346e+01
2.526140e+01
2.526934e+01
2.527729e+01
2.528523e+01
2.529317e+01
2.530111e+01
2.530906e+01
2.531700e+01
2.532494e+01
2.533289e+01
2.534083e+01
2.534877e+01
2.535672e+01
2.536466e+01
2.537260e+01
2.538054e+01
2.538849e+01
2.539643e+01
2.540437e+01
2.541232e+01
2.542026e+01
2.542820e+01
2.543615e+01
2.544409e+01
2.545203e+01
2.545997e+01
2.546792e+01
2.547586e+01
2.548380e+01
2.549175e+01
2.549969e+01
2.550763e+01
2.551558e+01
2.552352e+01
2.553146e+01
2.553940e+01
2.554735e+01
2.555529e+01
2.556323e+01
2.557118e+01
2.557912e+01
2.558706e+01
2.559501e+01
2.560295e+01
2.561089e+01
2.561883e+01
2.562678e+01
2.563472e+01
2.564266e+01
2.565061e+01
2.565855e+01
2.566649e+01
2.567444e+01
2.568238e+01
2.569032e+01
2.569827e+01
2.570621e+01
2.571415e+01
2.572209e+01
2.573004e+01
2.573798e+01
2.574592e+01
2.575387e+01
2.576181e+01
2.576975e+01
2.577770e+01
2.578564e+01
2.579358e+01
2.580152e+01
2.580947e+01
2.581741e+01
2.582535e+01
2.583330e+01
2.584124e+01
2.584918e+01
2.585713e+01
2.586507e+01
2.587301e+01
2.588095e+01
2.588890e+01
2.589684e+01
2.590478e+01
2.591273e+01
2.592067e+01
2.592861e+01
2.593656e+01
2.594450e+01
2.595244e+01
2.596038e+01
2.596833e+01
2.597627e+01
2.598421e+01
2.599216e+01
2.600010e+01
2.600804e+01
2.601599e+01
2.602393e+01
2.603187e+01
2.603981e+01
2.604776e+01
2.605570e+01
2.606364e+01
2.607159e+01
2.607953e+01
2.608747e+01
2.609542e+01
2.610336e+01
2.611130e+01
2.611924e+01
2.612719e+01
2.613513e+01
2.614307e+01
2.615102e+01
2.615896e+01
2.616690e+01
2.617485e+01
2.618279e+01
2.619073e+01
2.619867e+01
2.620662e+01
2.621456e+01
2.622250e+01
2.623045e+01
2.623839e+01
2.624633e+01
2.625428e+01
2.626222e+01
2.627016e+01
2.627810e+01
2.628605e+01
2.629399e+01
2.630193e+01
2.630988e+01
2.631782e+01
2.632576e+01
2.633371e+01
2.634165e+01
2.634959e+01
2.635753e+01
2.636548e+01
2.637342e+01
2.638136e+01
2.638931e+01
2.639725e+01
2.640519e+01
2.641314e+01
2.642108e+01
2.642902e+01
2.643696e+01
2.644491e+01
2.645285e+01
2.646079e+01
2.646874e+01
2.647668e+01
2.648462e+01
2.649257e+01
2.650051e+01
2.650845e+01
2.651639e+01
2.652434e+01
2.653228e+01
2.654022e+01
2.654817e+01
2.655611e+01
2.656405e+01
2.657200e+01
2.657994e+01
2.658788e+01
2.659583e+01
2.660377e+01
2.661171e+01
2.661965e+01
2.662760e+01
2.663554e+01
2.664348e+01
2.665143e+01
2.665937e+01
2.666731e+01
2.667526e+01
2.668320e+01
2.669114e+01
2.669908e+01
2.670703e+01
2.671497e+01
2.672291e+01
2.673086e+01
2.673880e+01
2.674674e+01
2.675469e+01
2.676263e+01
2.677057e+01
2.677851e+01
2.678646e+01
2.679440e+01
2.680234e+01
2.681029e+01
2.681823e+01
2.682617e+01
2.683412e+01
2.684206e+01
2.685000e+01
2.685794e+01
2.686589e+01
2.687383e+01
2.688177e+01
2.688972e+01
2.689766e+01
2.690560e+01
2.691355e+01
2.692149e+01
2.692943e+01
2.693737e+01
2.694532e+01
2.695326e+01
2.696120e+01
2.696915e+01
2.697709e+01
2.698503e+01
2.699298e+01
2.700092e+01
2.700886e+01
2.701680e+01
2.702475e+01
2.703269e+01
2.704063e+01
2.704858e+01
2.705652e+01
2.706446e+01
2.707241e+01
2.708035e+01
2.708829e+01
2.709623e+01
2.710418e+01
2.711212e+01
2.712006e+01
2.712801e+01
2.713595e+01
2.714389e+01
2.715184e+01
2.715978e+01
2.716772e+01
2.717566e+01
2.718361e+01
2.719155e+01
2.719949e+01
2.720744e+01
2.721538e+01
2.722332e+01
2.723127e+01
2.723921e+01
2.724715e+01
2.725509e+01
2.726304e+01
2.727098e+01
2.727892e+01
2.728687e+01
2.729481e+01
2.730275e+01
2.731070e+01
2.731864e+01
2.732658e+01
2.733452e+01
2.734247e+01
2.735041e+01
2.735835e+01
2.736630e+01
2.737424e+01
2.738218e+01
2.739013e+01
2.739807e+01
2.740601e+01
2.741395e+01
2.742190e+01
2.742984e+01
2.743778e+01
2.744573e+01
2.745367e+01
2.746161e+01
2.746956e+01
2.747750e+01
2.748544e+01
2.749339e+01
2.750133e+01
2.750927e+01
2.751721e+01
2.752516e+01
2.753310e+01
2.754104e+01
2.754899e+01
2.755693e+01
2.756487e+01
2.757282e+01
2.758076e+01
2.758870e+01
2.759664e+01
2.760459e+01
2.761253e+01
2.762047e+01
2.762842e+01
2.763636e+01
2.764430e+01
2.765225e+01
2.766019e+01
2.766813e+01
2.767607e+01
2.768402e+01
2.769196e+01
2.769990e+01
2.770785e+01
2.771579e+01
2.772373e+01
2.773168e+01
2.773962e+01
2.774756e+01
2.775550e+01
2.776345e+01
2.777139e+01
2.777933e+01
2.778723e+01
2.779513e+01
2.780304e+01
2.781094e+01
2.781884e+01
2.782674e+01
2.783464e+01
2.784254e+01
2.785044e+01
2.785834e+01
2.786624e+01
2.787414e+01
2.788204e+01
2.788994e+01
2.789784e+01
2.790574e+01
2.791364e+01
2.792154e+01
2.792944e+01
2.793735e+01
2.794525e+01
2.795315e+01
2.796105e+01
2.796895e+01
2.797685e+01
2.798475e+01
2.799265e+01
2.800055e+01
2.800845e+01
2.801635e+01
2.802425e+01
2.803215e+01
2.804005e+01
2.804795e+01
2.805585e+01
2.806375e+01
2.807166e+01
2.807956e+01
2.808746e+01
2.809536e+01
2.810326e+01
2.811116e+01
2.811906e+01
2.812696e+01
2.813486e+01
2.814276e+01
2.815066e+01
2.815856e+01
2.816646e+01
2.817436e+01
2.818226e+01
2.819016e+01
2.819807e+01
2.820597e+01
2.821387e+01
2.822177e+01
2.822967e+01
2.823757e+01
2.824547e+01
2.825337e+01
2.826127e+01
2.826917e+01
2.827707e+01
2.828497e+01
2.829287e+01
2.830077e+01
2.830867e+01
2.831657e+01
2.832447e+01
2.833238e+01
2.834028e+01
2.834818e+01
2.835608e+01
2.836398e+01
2.837188e+01
2.837978e+01
2.838768e+01
2.839558e+01
2.840348e+01
2.841138e+01
2.841928e+01
2.842718e+01
2.843508e+01
2.844298e+01
2.845088e+01
2.845878e+01
2.846669e+01
2.847459e+01
2.848249e+01
2.849039e+01
2.849829e+01
2.850619e+01
2.851409e+01
2.852199e+01
2.852989e+01
2.853779e+01
2.854569e+01
2.855359e+01
2.856149e+01
2.856939e+01
2.857729e+01
2.858519e+01
2.859309e+01
2.860100e+01
2.860890e+01
2.861680e+01
2.862470e+01
2.863260e+01
2.864050e+01
2.864840e+01
2.865630e+01
2.866420e+01
2.867210e+01
2.868000e+01
2.868790e+01
2.869580e+01
2.870370e+01
2.871160e+01
2.871950e+01
2.872740e+01
2.873531e+01
2.874321e+01
2.875111e+01
2.875901e+01
2.876691e+01
2.877481e+01
2.878271e+01
2.879061e+01
2.879851e+01
2.880641e+01
2.881431e+01
2.882221e+01
2.883011e+01
2.883801e+01
2.884591e+01
2.885381e+01
2.886171e+01
2.886962e+01
2.887752e+01
2.888542e+01
2.889332e+01
2.890122e+01
2.890912e+01
2.891702e+01
2.892492e+01
2.893282e+01
2.894072e+01
2.894862e+01
2.895652e+01
2.896442e+01
2.897232e+01
2.898022e+01
2.898812e+01
2.899603e+01
2.900393e+01
2.901183e+01
2.901973e+01
2.902763e+01
2.903553e+01
2.904343e+01
2.905133e+01
2.905923e+01
2.906713e+01
2.907503e+01
2.908293e+01
2.909083e+01
2.909873e+01
2.910663e+01
2.911453e+01
2.912243e+01
2.913034e+01
2.913824e+01
2.914614e+01
2.915404e+01
2.916194e+01
2.916984e+01
2.917774e+01
2.918564e+01
2.919354e+01
2.920144e+01
2.920934e+01
2.921724e+01
2.922514e+01
2.923304e+01
2.924094e+01
2.924884e+01
2.925674e+01
2.926465e+01
2.927255e+01
2.928045e+01
2.928835e+01
2.929625e+01
2.930415e+01
2.931205e+01
2.931995e+01
2.932785e+01
2.933575e+01
2.934365e+01
2.935155e+01
2.935945e+01
2.936735e+01
2.937525e+01
2.938315e+01
2.939105e+01
2.939896e+01
2.940686e+01
2.941476e+01
2.942266e+01
2.943056e+01
2.943846e+01
2.944636e+01
2.945426e+01
2.946216e+01
2.947006e+01
2.947796e+01
2.948586e+01
2.949376e+01
2.950166e+01
2.950956e+01
2.951746e+01
2.952537e+01
2.953327e+01
2.954117e+01
2.954907e+01
2.955697e+01
2.956487e+01
2.957277e+01
2.958067e+01
2.958857e+01
2.959647e+01
2.960437e+01
2.961227e+01
2.962017e+01
2.962807e+01
2.963597e+01
2.964387e+01
2.965177e+01
2.965968e+01
2.966758e+01
2.967548e+01
2.968338e+01
2.969128e+01
2.969918e+01
2.970708e+01
2.971498e+01
2.972288e+01
2.973078e+01
2.973868e+01
2.974658e+01
2.975448e+01
2.976238e+01
2.977028e+01
2.977818e+01
2.978608e+01
2.979399e+01
2.980189e+01
2.980979e+01
2.981769e+01
2.982559e+01
2.983349e+01
2.984139e+01
2.984929e+01
2.985719e+01
2.986509e+01
2.987299e+01
2.988089e+01
2.988879e+01
2.989669e+01
2.990459e+01
2.991249e+01
2.992039e+01
2.992830e+01
2.993620e+01
2.994410e+01
2.995200e+01
2.995990e+01
2.996780e+01
2.997570e+01
2.998360e+01
2.999150e+01
2.999940e+01
3.000730e+01
3.001520e+01
3.002310e+01
3.003100e+01
3.003890e+01
3.004680e+01
3.005471e+01
3.006261e+01
3.007051e+01
3.007841e+01
3.008631e+01
3.009421e+01
3.010211e+01
3.011001e+01
3.011791e+01
3.012581e+01
3.013371e+01
3.014161e+01
3.014951e+01
3.015741e+01
3.016531e+01
3.017321e+01
3.018111e+01
3.018902e+01
3.019692e+01
3.020482e+01
3.021272e+01
3.022062e+01
3.022852e+01
3.023642e+01
3.024432e+01
3.025222e+01
3.026012e+01
3.026802e+01
3.027592e+01
3.028382e+01
3.029172e+01
3.029962e+01
3.030752e+01
3.031542e+01
3.032333e+01
3.033123e+01
3.033913e+01
3.034703e+01
3.035493e+01
3.036283e+01
3.037073e+01
3.037863e+01
3.038653e+01
3.039443e+01
3.040233e+01
3.041023e+01
3.041813e+01
3.042603e+01
3.043393e+01
3.044183e+01
3.044973e+01
3.045764e+01
3.046554e+01
3.047344e+01
3.048134e+01
3.048924e+01
3.049714e+01
3.050504e+01
3.051294e+01
3.052084e+01
3.052874e+01
3.053664e+01
3.054454e+01
3.055244e+01
3.056034e+01
3.056824e+01
3.057614e+01
3.058405e+01
3.059195e+01
3.059985e+01
3.060775e+01
3.061565e+01
3.062355e+01
3.063145e+01
3.063935e+01
3.064725e+01
3.065515e+01
3.066305e+01
3.067095e+01
3.067885e+01
3.068675e+01
3.069465e+01
3.070255e+01
3.071045e+01
3.071836e+01
3.072626e+01
3.073416e+01
3.074206e+01
3.074996e+01
3.075786e+01
3.076576e+01
3.077366e+01
3.078156e+01
3.078946e+01
3.079736e+01
3.080526e+01
3.081316e+01
3.082106e+01
3.082896e+01
3.083686e+01
3.084476e+01
3.085267e+01
3.086057e+01
3.086847e+01
3.087637e+01
3.088427e+01
3.089217e+01
3.090007e+01
3.090797e+01
3.091587e+01
3.092377e+01
3.093167e+01
3.093957e+01
3.094747e+01
3.095537e+01
3.096327e+01
3.097117e+01
3.097907e+01
3.098698e+01
3.099488e+01
3.100278e+01
3.101068e+01
3.101858e+01
3.102648e+01
3.103438e+01
3.104228e+01
3.105018e+01
3.105808e+01
3.106598e+01
3.107388e+01
3.108178e+01
3.108968e+01
3.109758e+01
3.110548e+01
3.111339e+01
3.112129e+01
3.112919e+01
3.113709e+01
3.114499e+01
3.115289e+01
3.116079e+01
3.116869e+01
3.117659e+01
3.118449e+01
3.119239e+01
3.120029e+01
3.120819e+01
3.121609e+01
3.122399e+01
3.123189e+01
3.123979e+01
3.124770e+01
3.125560e+01
3.126350e+01
3.127140e+01
3.127930e+01
3.128720e+01
3.129510e+01
3.130300e+01
3.131090e+01
3.131880e+01
3.132670e+01
3.133460e+01
3.134250e+01
3.135040e+01
3.135830e+01
3.136620e+01
3.137410e+01
3.138201e+01
3.138991e+01
3.139781e+01
3.140571e+01
3.141361e+01
3.142151e+01
3.142941e+01
3.143731e+01
3.144521e+01
3.145311e+01
3.146101e+01
3.146891e+01
3.147681e+01
3.148471e+01
3.149261e+01
3.150051e+01
3.150841e+01
3.151632e+01
3.152422e+01
3.153212e+01
3.154002e+01
3.154792e+01
3.155582e+01
3.156372e+01
3.157162e+01
3.157952e+01
