5.800000e-01
5.803333e-01
5.806667e-01
5.810000e-01
5.813333e-01
5.816667e-01
5.820000e-01
5.823333e-01
5.826667e-01
5.830000e-01
5.833333e-01
5.836667e-01
5.840000e-01
5.843333e-01
5.846667e-01
5.850000e-01
5.853333e-01
5.856667e-01
5.860000e-01
5.863333e-01
5.866667e-01
5.870000e-01
5.873333e-01
5.876667e-01
5.880000e-01
5.883333e-01
5.886667e-01
5.890000e-01
5.893333e-01
5.896667e-01
5.900000e-01
5.903000e-01
5.906000e-01
5.909000e-01
5.912000e-01
5.915000e-01
5.918000e-01
5.921000e-01
5.924000e-01
5.927000e-01
5.930000e-01
5.933000e-01
5.936000e-01
5.939000e-01
5.942000e-01
5.945000e-01
5.948000e-01
5.951000e-01
5.954000e-01
5.957000e-01
5.960000e-01
5.962000e-01
5.964000e-01
5.966000e-01
5.968000e-01
5.970000e-01
5.972000e-01
5.974000e-01
5.976000e-01
5.978000e-01
5.980000e-01
5.982000e-01
5.984000e-01
5.986000e-01
5.988000e-01
5.990000e-01
5.992000e-01
5.994000e-01
5.996000e-01
5.994667e-01
6.000000e-01
6.005333e-01
6.010667e-01
6.016000e-01
6.021333e-01
6.026667e-01
6.032000e-01
6.037333e-01
6.042667e-01
6.048000e-01
6.053333e-01
6.058667e-01
6.064000e-01
6.069333e-01
6.074667e-01
6.080000e-01
6.085333e-01
6.090667e-01
6.096000e-01
6.101333e-01
6.106667e-01
6.112000e-01
6.117333e-01
6.122667e-01
6.128000e-01
6.133333e-01
6.138667e-01
6.144000e-01
6.149333e-01
6.154667e-01
6.160000e-01
6.164000e-01
6.168000e-01
6.172000e-01
6.176000e-01
6.180000e-01
6.184000e-01
6.188000e-01
6.192000e-01
6.196000e-01
6.200000e-01
6.204000e-01
6.208000e-01
6.212000e-01
6.216000e-01
6.220000e-01
6.224000e-01
6.228000e-01
6.232000e-01
6.236000e-01
6.240000e-01
6.244000e-01
6.248000e-01
6.252000e-01
6.256000e-01
6.260000e-01
6.264000e-01
6.268000e-01
6.272000e-01
6.276000e-01
6.280000e-01
6.284000e-01
6.288000e-01
6.292000e-01
6.296000e-01
6.300000e-01
6.304000e-01
6.308000e-01
6.312000e-01
6.316000e-01
6.320000e-01
6.324000e-01
6.328000e-01
6.332000e-01
6.336000e-01
6.340000e-01
6.344000e-01
6.348000e-01
6.352000e-01
6.356000e-01
6.360000e-01
6.363200e-01
6.366400e-01
6.369600e-01
6.372800e-01
6.376000e-01
6.379200e-01
6.382400e-01
6.385600e-01
6.388800e-01
6.392000e-01
6.395200e-01
6.398400e-01
6.401600e-01
6.404800e-01
6.408000e-01
6.411200e-01
6.414400e-01
6.417600e-01
6.420800e-01
6.424000e-01
6.427200e-01
6.430400e-01
6.433600e-01
6.436800e-01
6.440000e-01
6.443200e-01
6.446400e-01
6.449600e-01
6.452800e-01
6.456000e-01
6.459200e-01
6.462400e-01
6.465600e-01
6.468800e-01
6.472000e-01
6.475200e-01
6.478400e-01
6.481600e-01
6.484800e-01
6.488000e-01
6.491200e-01
6.494400e-01
6.497600e-01
6.500800e-01
6.504000e-01
6.507200e-01
6.510400e-01
6.513600e-01
6.516800e-01
6.520000e-01
6.545400e-01
6.570800e-01
6.596200e-01
6.621600e-01
6.647000e-01
6.672400e-01
6.697800e-01
6.723200e-01
6.748600e-01
6.774000e-01
6.799400e-01
6.824800e-01
6.850200e-01
6.875600e-01
6.901000e-01
6.926400e-01
6.951800e-01
6.977200e-01
7.002600e-01
7.028000e-01
7.053400e-01
7.078800e-01
7.104200e-01
7.129600e-01
7.155000e-01
7.180400e-01
7.205800e-01
7.231200e-01
7.256600e-01
7.282000e-01
7.307400e-01
7.332800e-01
7.358200e-01
7.383600e-01
7.409000e-01
7.434400e-01
7.459800e-01
7.485200e-01
7.510600e-01
7.536000e-01
7.561400e-01
7.586800e-01
7.612200e-01
7.637600e-01
7.663000e-01
7.688400e-01
7.713800e-01
7.739200e-01
7.764600e-01
7.790000e-01
7.815400e-01
7.840800e-01
7.866200e-01
7.891600e-01
7.917000e-01
7.942400e-01
7.967800e-01
7.993200e-01
8.018600e-01
8.044000e-01
8.069400e-01
8.094800e-01
8.120200e-01
8.145600e-01
8.171000e-01
8.196400e-01
8.221800e-01
8.247200e-01
8.272600e-01
8.298000e-01
8.323400e-01
8.348800e-01
8.374200e-01
8.399600e-01
8.425000e-01
8.450400e-01
8.475800e-01
8.501200e-01
8.526600e-01
8.552000e-01
8.577400e-01
8.602800e-01
8.628200e-01
8.653600e-01
8.679000e-01
8.704400e-01
8.729800e-01
8.755200e-01
8.780600e-01
8.806000e-01
8.831400e-01
8.856800e-01
8.882200e-01
8.907600e-01
8.933000e-01
8.958400e-01
8.983800e-01
9.009200e-01
9.034600e-01
9.060000e-01
9.067000e-01
9.074000e-01
9.081000e-01
9.088000e-01
9.095000e-01
9.102000e-01
9.109000e-01
9.116000e-01
9.123000e-01
9.130000e-01
9.137000e-01
9.144000e-01
9.151000e-01
9.158000e-01
9.165000e-01
9.172000e-01
9.179000e-01
9.186000e-01
9.193000e-01
9.200000e-01
9.207000e-01
9.214000e-01
9.221000e-01
9.228000e-01
9.235000e-01
9.242000e-01
9.249000e-01
9.256000e-01
9.263000e-01
9.270000e-01
9.277000e-01
9.284000e-01
9.291000e-01
9.298000e-01
9.305000e-01
9.312000e-01
9.319000e-01
9.326000e-01
9.333000e-01
9.340000e-01
9.347000e-01
9.354000e-01
9.361000e-01
9.368000e-01
9.375000e-01
9.382000e-01
9.389000e-01
9.396000e-01
9.403000e-01
9.410000e-01
9.417000e-01
9.424000e-01
9.431000e-01
9.438000e-01
9.445000e-01
9.452000e-01
9.459000e-01
9.466000e-01
9.473000e-01
9.480000e-01
9.487000e-01
9.494000e-01
9.501000e-01
9.508000e-01
9.515000e-01
9.522000e-01
9.529000e-01
9.536000e-01
9.543000e-01
9.550000e-01
9.557000e-01
9.564000e-01
9.571000e-01
9.578000e-01
9.585000e-01
9.592000e-01
9.599000e-01
9.606000e-01
9.613000e-01
9.620000e-01
9.627000e-01
9.634000e-01
9.641000e-01
9.648000e-01
9.655000e-01
9.662000e-01
9.669000e-01
9.676000e-01
9.683000e-01
9.690000e-01
9.697000e-01
9.704000e-01
9.711000e-01
9.718000e-01
9.725000e-01
9.732000e-01
9.739000e-01
9.746000e-01
9.753000e-01
9.760000e-01
9.767000e-01
9.774000e-01
9.781000e-01
9.788000e-01
9.795000e-01
9.802000e-01
9.809000e-01
9.816000e-01
9.823000e-01
9.830000e-01
9.837000e-01
9.844000e-01
9.851000e-01
9.858000e-01
9.865000e-01
9.872000e-01
9.879000e-01
9.886000e-01
9.893000e-01
9.900000e-01
9.907000e-01
9.914000e-01
9.921000e-01
9.928000e-01
9.935000e-01
9.942000e-01
9.949000e-01
9.956000e-01
9.963000e-01
9.970000e-01
9.977000e-01
9.984000e-01
9.991000e-01
9.998000e-01
1.000500e+00
1.001200e+00
1.001900e+00
1.002600e+00
1.003300e+00
1.004000e+00
1.004700e+00
1.005400e+00
1.006100e+00
1.006800e+00
1.007500e+00
1.008200e+00
1.008900e+00
1.009600e+00
1.010300e+00
1.011000e+00
1.011700e+00
1.012400e+00
1.013100e+00
1.013800e+00
1.014500e+00
1.015200e+00
1.015900e+00
1.016600e+00
1.017300e+00
1.018000e+00
1.018700e+00
1.019400e+00
1.020100e+00
1.020800e+00
1.021500e+00
1.022200e+00
1.022900e+00
1.023600e+00
1.024300e+00
1.025000e+00
1.025700e+00
1.026400e+00
1.027100e+00
1.027800e+00
1.028500e+00
1.029200e+00
1.029900e+00
1.030600e+00
1.031300e+00
1.032000e+00
1.032700e+00
1.033400e+00
1.034100e+00
1.034800e+00
1.035500e+00
1.036200e+00
1.036900e+00
1.037600e+00
1.038300e+00
1.039000e+00
1.039700e+00
1.040400e+00
1.041100e+00
1.041800e+00
1.042500e+00
1.043200e+00
1.043900e+00
1.044600e+00
1.045300e+00
1.046000e+00
1.046700e+00
1.047400e+00
1.048100e+00
1.048800e+00
1.049500e+00
1.050200e+00
1.050900e+00
1.051600e+00
1.052300e+00
1.053000e+00
1.053700e+00
1.054400e+00
1.055100e+00
1.055800e+00
1.056500e+00
1.057200e+00
1.057900e+00
1.058600e+00
1.059300e+00
1.060000e+00
1.060700e+00
1.061400e+00
1.062100e+00
1.062800e+00
1.063500e+00
1.064200e+00
1.064900e+00
1.065600e+00
1.066300e+00
1.067000e+00
1.067700e+00
1.068400e+00
1.069100e+00
1.069800e+00
1.070500e+00
1.071200e+00
1.071900e+00
1.072600e+00
1.073300e+00
1.074000e+00
1.074700e+00
1.075400e+00
1.076100e+00
1.076800e+00
1.077500e+00
1.078200e+00
1.078900e+00
1.079600e+00
1.080300e+00
1.081000e+00
1.081700e+00
1.082400e+00
1.083100e+00
1.083800e+00
1.084500e+00
1.085200e+00
1.085900e+00
1.086600e+00
1.087300e+00
1.088000e+00
1.088700e+00
1.089400e+00
1.090100e+00
1.090800e+00
1.091500e+00
1.092200e+00
1.092900e+00
1.093600e+00
1.094300e+00
1.095000e+00
1.095700e+00
1.096400e+00
1.097100e+00
1.097800e+00
1.098500e+00
1.099200e+00
1.099900e+00
1.100600e+00
1.101300e+00
1.102000e+00
1.102700e+00
1.103400e+00
1.104100e+00
1.104800e+00
1.105500e+00
1.106200e+00
1.106900e+00
1.107600e+00
1.108300e+00
1.109000e+00
1.109700e+00
1.110400e+00
1.111100e+00
1.111800e+00
1.112500e+00
1.113200e+00
1.113900e+00
1.114600e+00
1.115300e+00
1.116000e+00
1.116840e+00
1.117680e+00
1.118520e+00
1.119360e+00
1.120200e+00
1.121040e+00
1.121880e+00
1.122720e+00
1.123560e+00
1.124400e+00
1.125240e+00
1.126080e+00
1.126920e+00
1.127760e+00
1.128600e+00
1.129440e+00
1.130280e+00
1.131120e+00
1.131960e+00
1.132800e+00
1.133640e+00
1.134480e+00
1.135320e+00
1.136160e+00
1.137000e+00
1.137840e+00
1.138680e+00
1.139520e+00
1.140360e+00
1.141200e+00
1.142040e+00
1.142880e+00
1.143720e+00
1.144560e+00
1.145400e+00
1.146240e+00
1.147080e+00
1.147920e+00
1.148760e+00
1.149600e+00
1.150440e+00
1.151280e+00
1.152120e+00
1.152960e+00
1.153800e+00
1.154640e+00
1.155480e+00
1.156320e+00
1.157160e+00
1.158000e+00
1.158840e+00
1.159680e+00
1.160520e+00
1.161360e+00
1.162200e+00
1.163040e+00
1.163880e+00
1.164720e+00
1.165560e+00
1.166400e+00
1.167240e+00
1.168080e+00
1.168920e+00
1.169760e+00
1.170600e+00
1.171440e+00
1.172280e+00
1.173120e+00
1.173960e+00
1.174800e+00
1.175640e+00
1.176480e+00
1.177320e+00
1.178160e+00
1.179000e+00
1.179840e+00
1.180680e+00
1.181520e+00
1.182360e+00
1.183200e+00
1.184040e+00
1.184880e+00
1.185720e+00
1.186560e+00
1.187400e+00
1.188240e+00
1.189080e+00
1.189920e+00
1.190760e+00
1.191600e+00
1.192440e+00
1.193280e+00
1.194120e+00
1.194960e+00
1.195800e+00
1.196640e+00
1.197480e+00
1.198320e+00
1.199160e+00
1.200000e+00
1.204005e+00
1.208010e+00
1.212015e+00
1.216020e+00
1.220025e+00
1.224029e+00
1.228034e+00
1.232039e+00
1.236044e+00
1.240049e+00
1.244054e+00
1.248059e+00
1.252064e+00
1.256069e+00
1.260074e+00
1.264079e+00
1.268084e+00
1.272088e+00
1.276093e+00
1.280098e+00
1.284103e+00
1.288108e+00
1.292113e+00
1.296118e+00
1.300123e+00
1.304128e+00
1.308133e+00
1.312138e+00
1.316143e+00
1.320147e+00
1.324152e+00
1.328157e+00
1.332162e+00
1.336167e+00
1.340172e+00
1.344177e+00
1.348182e+00
1.352187e+00
1.356192e+00
1.360197e+00
1.364201e+00
1.368206e+00
1.372211e+00
1.376216e+00
1.380221e+00
1.384226e+00
1.388231e+00
1.392236e+00
1.396241e+00
1.400246e+00
1.404251e+00
1.408256e+00
1.412260e+00
1.416265e+00
1.420270e+00
1.424275e+00
1.428280e+00
1.432285e+00
1.436290e+00
1.440295e+00
1.444300e+00
1.448305e+00
1.452310e+00
1.456314e+00
1.460319e+00
1.464324e+00
1.468329e+00
1.472334e+00
1.476339e+00
1.480344e+00
1.484349e+00
1.488354e+00
1.492359e+00
1.496364e+00
1.500369e+00
1.504373e+00
1.508378e+00
1.512383e+00
1.516388e+00
1.520393e+00
1.524398e+00
1.528403e+00
1.532408e+00
1.536413e+00
1.540418e+00
1.544423e+00
1.548428e+00
1.552432e+00
1.556437e+00
1.560442e+00
1.564447e+00
1.568452e+00
1.572457e+00
1.576462e+00
1.580467e+00
1.584472e+00
1.588477e+00
1.592482e+00
1.596486e+00
1.600491e+00
1.604496e+00
1.608501e+00
1.612506e+00
1.616511e+00
1.620516e+00
1.624521e+00
1.628526e+00
1.632531e+00
1.636536e+00
1.640541e+00
1.644545e+00
1.648550e+00
1.652555e+00
1.656560e+00
1.660565e+00
1.664570e+00
1.668575e+00
1.672580e+00
1.676585e+00
1.680590e+00
1.684595e+00
1.688600e+00
1.692604e+00
1.696609e+00
1.700614e+00
1.704619e+00
1.708624e+00
1.712629e+00
1.716634e+00
1.720639e+00
1.724644e+00
1.728649e+00
1.732654e+00
1.736658e+00
1.740663e+00
1.744668e+00
1.748673e+00
1.752678e+00
1.756683e+00
1.760688e+00
1.764693e+00
1.768698e+00
1.772703e+00
1.776708e+00
1.780713e+00
1.784717e+00
1.788722e+00
1.792727e+00
1.796732e+00
1.800737e+00
1.804742e+00
1.808747e+00
1.812752e+00
1.816757e+00
1.820762e+00
1.824767e+00
1.828771e+00
1.832776e+00
1.836781e+00
1.840786e+00
1.844791e+00
1.848796e+00
1.852801e+00
1.856806e+00
1.860811e+00
1.864816e+00
1.868821e+00
1.872826e+00
1.876830e+00
1.880835e+00
1.884840e+00
1.888845e+00
1.892850e+00
1.896855e+00
1.900860e+00
1.904865e+00
1.908870e+00
1.912875e+00
1.916880e+00
1.920885e+00
1.924889e+00
1.928894e+00
1.932899e+00
1.936904e+00
1.940909e+00
1.944914e+00
1.948919e+00
1.952924e+00
1.956929e+00
1.960934e+00
1.964939e+00
1.968943e+00
1.972948e+00
1.976953e+00
1.980958e+00
1.984963e+00
1.988968e+00
1.992973e+00
1.996978e+00
2.000983e+00
2.004988e+00
2.008993e+00
2.012998e+00
2.017002e+00
2.021007e+00
2.025012e+00
2.029017e+00
2.033022e+00
2.037027e+00
2.041032e+00
2.045037e+00
2.049042e+00
2.053047e+00
2.057052e+00
2.061057e+00
2.065061e+00
2.069066e+00
2.073071e+00
2.077076e+00
2.081081e+00
2.085086e+00
2.089091e+00
2.093096e+00
2.097101e+00
2.101106e+00
2.105111e+00
2.109115e+00
2.113120e+00
2.117125e+00
2.121130e+00
2.125135e+00
2.129140e+00
2.133145e+00
2.137150e+00
2.141155e+00
2.145160e+00
2.149165e+00
2.153170e+00
2.157174e+00
2.161179e+00
2.165184e+00
2.169189e+00
2.173194e+00
2.177199e+00
2.181204e+00
2.185209e+00
2.189214e+00
2.193219e+00
2.197224e+00
2.201229e+00
2.205233e+00
2.209238e+00
2.213243e+00
2.217248e+00
2.221253e+00
2.225258e+00
2.229263e+00
2.233268e+00
2.237273e+00
2.241278e+00
2.245283e+00
2.249287e+00
2.253292e+00
2.257297e+00
2.261302e+00
2.265307e+00
2.269312e+00
2.273317e+00
2.277322e+00
2.281327e+00
2.285332e+00
2.289337e+00
2.293342e+00
2.297346e+00
2.301351e+00
2.305356e+00
2.309361e+00
2.313366e+00
2.317371e+00
2.321376e+00
2.325381e+00
2.329386e+00
2.333391e+00
2.337396e+00
2.341400e+00
2.345405e+00
2.349410e+00
2.353415e+00
2.357420e+00
2.361425e+00
2.365430e+00
2.369435e+00
2.373440e+00
2.377445e+00
2.381450e+00
2.385455e+00
2.389459e+00
2.393464e+00
2.397469e+00
2.401474e+00
2.405479e+00
2.409484e+00
2.413489e+00
2.417494e+00
2.421499e+00
2.425504e+00
2.429509e+00
2.433514e+00
2.437518e+00
2.441523e+00
2.445528e+00
2.449533e+00
2.453538e+00
2.457543e+00
2.461548e+00
2.465553e+00
2.469558e+00
2.473563e+00
2.477568e+00
2.481572e+00
2.485577e+00
2.489582e+00
2.493587e+00
2.497592e+00
2.501597e+00
2.505602e+00
2.509607e+00
2.513612e+00
2.517617e+00
2.521622e+00
2.525627e+00
2.529631e+00
2.533636e+00
2.537641e+00
2.541646e+00
2.545651e+00
2.549656e+00
2.553661e+00
2.557666e+00
2.561671e+00
2.565676e+00
2.569681e+00
2.573686e+00
2.577690e+00
2.581695e+00
2.585700e+00
2.589705e+00
2.593710e+00
2.597715e+00
2.601720e+00
2.605725e+00
2.609730e+00
2.613735e+00
2.617740e+00
2.621744e+00
2.625749e+00
2.629754e+00
2.633759e+00
2.637764e+00
2.641769e+00
2.645774e+00
2.649779e+00
2.653784e+00
2.657789e+00
2.661794e+00
2.665799e+00
2.669803e+00
2.673808e+00
2.677813e+00
2.681818e+00
2.685823e+00
2.689828e+00
2.693833e+00
2.697838e+00
2.701843e+00
2.705848e+00
2.709853e+00
2.713857e+00
2.717862e+00
2.721867e+00
2.725872e+00
2.729877e+00
2.733882e+00
2.737887e+00
2.741892e+00
2.745897e+00
2.749902e+00
2.753907e+00
2.757912e+00
2.761916e+00
2.765921e+00
2.769926e+00
2.773931e+00
2.777936e+00
2.781941e+00
2.785946e+00
2.789951e+00
2.793956e+00
2.797961e+00
2.801966e+00
2.805971e+00
2.809975e+00
2.813980e+00
2.817985e+00
2.821990e+00
2.825995e+00
2.830000e+00
2.834160e+00
2.838320e+00
2.842480e+00
2.846640e+00
2.850800e+00
2.854960e+00
2.859120e+00
2.863280e+00
2.867440e+00
2.871600e+00
2.875760e+00
2.879920e+00
2.884080e+00
2.888240e+00
2.892400e+00
2.896560e+00
2.900720e+00
2.904880e+00
2.909040e+00
2.913200e+00
2.917360e+00
2.921520e+00
2.925680e+00
2.929840e+00
2.934000e+00
2.938160e+00
2.942320e+00
2.946480e+00
2.950640e+00
2.954800e+00
2.958960e+00
2.963120e+00
2.967280e+00
2.971440e+00
2.975600e+00
2.979760e+00
2.983920e+00
2.988080e+00
2.992240e+00
2.996400e+00
3.000560e+00
3.004720e+00
3.008880e+00
3.013040e+00
3.017200e+00
3.021360e+00
3.025520e+00
3.029680e+00
3.033840e+00
3.038000e+00
3.042160e+00
3.046320e+00
3.050480e+00
3.054640e+00
3.058800e+00
3.062960e+00
3.067120e+00
3.071280e+00
3.075440e+00
3.079600e+00
3.083760e+00
3.087920e+00
3.092080e+00
3.096240e+00
3.100400e+00
3.104560e+00
3.108720e+00
3.112880e+00
3.117040e+00
3.121200e+00
3.125360e+00
3.129520e+00
3.133680e+00
3.137840e+00
3.142000e+00
3.146160e+00
3.150320e+00
3.154480e+00
3.158640e+00
3.162800e+00
3.166960e+00
3.171120e+00
3.175280e+00
3.179440e+00
3.183600e+00
3.187760e+00
3.191920e+00
3.196080e+00
3.200240e+00
3.204400e+00
3.208560e+00
3.212720e+00
3.216880e+00
3.221040e+00
3.225200e+00
3.229360e+00
3.233520e+00
3.237680e+00
3.241840e+00
3.246000e+00
3.249353e+00
3.252706e+00
3.256060e+00
3.259413e+00
3.262766e+00
3.266119e+00
3.269473e+00
3.272826e+00
3.276179e+00
3.279532e+00
3.282886e+00
3.286239e+00
3.289592e+00
3.292945e+00
3.296298e+00
3.299652e+00
3.303005e+00
3.306358e+00
3.309711e+00
3.313065e+00
3.316418e+00
3.319771e+00
3.323124e+00
3.326478e+00
3.329831e+00
3.333184e+00
3.336537e+00
3.339891e+00
3.343244e+00
3.346597e+00
3.349950e+00
3.353304e+00
3.356657e+00
3.360010e+00
3.363363e+00
3.366716e+00
3.370070e+00
3.373423e+00
3.376776e+00
3.380129e+00
3.383483e+00
3.386836e+00
3.390189e+00
3.393542e+00
3.396896e+00
3.400249e+00
3.403602e+00
3.406955e+00
3.410308e+00
3.413662e+00
3.417015e+00
3.420368e+00
3.423721e+00
3.427075e+00
3.430428e+00
3.433781e+00
3.437134e+00
3.440488e+00
3.443841e+00
3.447194e+00
3.450547e+00
3.453900e+00
3.457254e+00
3.460607e+00
3.463960e+00
3.467313e+00
3.470667e+00
3.474020e+00
3.477373e+00
3.480726e+00
3.484080e+00
3.487433e+00
3.490786e+00
3.494139e+00
3.497493e+00
3.500846e+00
3.504199e+00
3.507552e+00
3.510905e+00
3.514259e+00
3.517612e+00
3.520965e+00
3.524318e+00
3.527672e+00
3.531025e+00
3.534378e+00
3.537731e+00
3.541085e+00
3.544438e+00
3.547791e+00
3.551144e+00
3.554498e+00
3.557851e+00
3.561204e+00
3.564557e+00
3.567910e+00
3.571264e+00
3.574617e+00
3.577970e+00
3.581323e+00
3.584677e+00
3.588030e+00
3.591383e+00
3.594736e+00
3.598090e+00
3.601443e+00
3.604796e+00
3.608149e+00
3.611502e+00
3.614856e+00
3.618209e+00
3.621562e+00
3.624915e+00
3.628269e+00
3.631622e+00
3.634975e+00
3.638328e+00
3.641682e+00
3.645035e+00
3.648388e+00
3.651741e+00
3.655095e+00
3.658448e+00
3.661801e+00
3.665154e+00
3.668507e+00
3.671861e+00
3.675214e+00
3.678567e+00
3.681920e+00
3.685274e+00
3.688627e+00
3.691980e+00
3.695334e+00
3.698686e+00
3.702040e+00
3.705393e+00
3.708746e+00
3.712099e+00
3.715453e+00
3.718806e+00
3.722159e+00
3.725513e+00
3.728866e+00
3.732219e+00
3.735572e+00
3.738926e+00
3.742278e+00
3.745632e+00
3.748985e+00
3.752338e+00
3.755691e+00
3.759045e+00
3.762398e+00
3.765751e+00
3.769105e+00
3.772458e+00
3.775811e+00
3.779164e+00
3.782518e+00
3.785870e+00
3.789224e+00
3.792577e+00
3.795930e+00
3.799283e+00
3.802637e+00
3.805990e+00
3.809343e+00
3.812697e+00
3.816050e+00
3.819403e+00
3.822756e+00
3.826110e+00
3.829462e+00
3.832816e+00
3.836169e+00
3.839522e+00
3.842876e+00
3.846229e+00
3.849582e+00
3.852935e+00
3.856289e+00
3.859642e+00
3.862995e+00
3.866348e+00
3.869702e+00
3.873054e+00
3.876408e+00
3.879761e+00
3.883114e+00
3.886468e+00
3.889821e+00
3.893174e+00
3.896527e+00
3.899881e+00
3.903234e+00
3.906587e+00
3.909940e+00
3.913294e+00
3.916646e+00
3.920000e+00
3.923960e+00
3.927921e+00
3.931881e+00
3.935841e+00
3.939802e+00
3.943762e+00
3.947722e+00
3.951682e+00
3.955642e+00
3.959602e+00
3.963563e+00
3.967523e+00
3.971483e+00
3.975444e+00
3.979404e+00
3.983364e+00
3.987325e+00
3.991285e+00
3.995245e+00
3.999206e+00
4.003166e+00
4.007126e+00
4.011086e+00
4.015046e+00
4.019006e+00
4.022967e+00
4.026927e+00
4.030887e+00
4.034848e+00
4.038808e+00
4.042768e+00
4.046729e+00
4.050689e+00
4.054649e+00
4.058610e+00
4.062570e+00
4.066530e+00
4.070490e+00
4.074450e+00
4.078410e+00
4.082371e+00
4.086331e+00
4.090291e+00
4.094252e+00
4.098212e+00
4.102172e+00
4.106133e+00
4.110093e+00
4.114053e+00
4.118014e+00
4.121974e+00
4.125934e+00
4.129894e+00
4.133854e+00
4.137814e+00
4.141775e+00
4.145735e+00
4.149695e+00
4.153656e+00
4.157616e+00
4.161576e+00
4.165537e+00
4.169497e+00
4.173457e+00
4.177418e+00
4.181378e+00
4.185338e+00
4.189298e+00
4.193258e+00
4.197218e+00
4.201179e+00
4.205139e+00
4.209099e+00
4.213060e+00
4.217020e+00
4.220980e+00
4.224940e+00
4.228901e+00
4.232861e+00
4.236821e+00
4.240782e+00
4.244742e+00
4.248702e+00
4.252662e+00
4.256622e+00
4.260582e+00
4.264543e+00
4.268503e+00
4.272463e+00
4.276424e+00
4.280384e+00
4.284344e+00
4.288305e+00
4.292265e+00
4.296225e+00
4.300186e+00
4.304146e+00
4.308106e+00
4.312066e+00
4.316026e+00
4.319986e+00
4.323947e+00
4.327907e+00
4.331867e+00
4.335828e+00
4.339788e+00
4.343748e+00
4.347709e+00
4.351669e+00
4.355629e+00
4.359590e+00
4.363550e+00
4.367510e+00
4.371470e+00
4.375430e+00
4.379390e+00
4.383351e+00
4.387311e+00
4.391271e+00
4.395232e+00
4.399192e+00
4.403152e+00
4.407113e+00
4.411073e+00
4.415033e+00
4.418994e+00
4.422954e+00
4.426914e+00
4.430874e+00
4.434834e+00
4.438794e+00
4.442755e+00
4.446715e+00
4.450675e+00
4.454636e+00
4.458596e+00
4.462556e+00
4.466517e+00
4.470477e+00
4.474437e+00
4.478398e+00
4.482358e+00
4.486318e+00
4.490278e+00
4.494238e+00
4.498198e+00
4.502159e+00
4.506119e+00
4.510079e+00
4.514040e+00
4.518000e+00
4.521960e+00
4.525921e+00
4.529881e+00
4.533841e+00
4.537802e+00
4.541762e+00
4.545722e+00
4.549682e+00
4.553642e+00
4.557602e+00
4.561563e+00
4.565523e+00
4.569483e+00
4.573444e+00
4.577404e+00
4.581364e+00
4.585325e+00
4.589285e+00
4.593245e+00
4.597206e+00
4.601166e+00
4.605126e+00
4.609086e+00
4.613046e+00
4.617006e+00
4.620967e+00
4.624927e+00
4.628887e+00
4.632848e+00
4.636808e+00
4.640768e+00
4.644729e+00
4.648689e+00
4.652649e+00
4.656610e+00
4.660570e+00
4.664530e+00
4.668490e+00
4.672450e+00
4.676410e+00
4.680371e+00
4.684331e+00
4.688291e+00
4.692252e+00
4.696212e+00
4.700172e+00
4.704133e+00
4.708093e+00
4.712053e+00
4.716014e+00
4.719974e+00
4.723934e+00
4.727894e+00
4.731854e+00
4.735814e+00
4.739775e+00
4.743735e+00
4.747695e+00
4.751656e+00
4.755616e+00
4.759576e+00
4.763537e+00
4.767497e+00
4.771457e+00
4.775418e+00
4.779378e+00
4.783338e+00
4.787298e+00
4.791258e+00
4.795218e+00
4.799179e+00
4.803139e+00
4.807099e+00
4.811060e+00
4.815020e+00
4.818980e+00
4.822940e+00
4.826901e+00
4.830861e+00
4.834821e+00
4.838782e+00
4.842742e+00
4.846702e+00
4.850662e+00
4.854622e+00
4.858582e+00
4.862543e+00
4.866503e+00
4.870463e+00
4.874424e+00
4.878384e+00
4.882344e+00
4.886305e+00
4.890265e+00
4.894225e+00
4.898186e+00
4.902146e+00
4.906106e+00
4.910066e+00
4.914026e+00
4.917986e+00
4.921947e+00
4.925907e+00
4.929867e+00
4.933828e+00
4.937788e+00
4.941748e+00
4.945709e+00
4.949669e+00
4.953629e+00
4.957590e+00
4.961550e+00
4.965510e+00
4.969470e+00
4.973430e+00
4.977390e+00
4.981351e+00
4.985311e+00
4.989271e+00
4.993232e+00
4.997192e+00
5.001152e+00
5.005113e+00
5.009073e+00
5.013033e+00
5.016994e+00
5.020954e+00
5.024914e+00
5.028874e+00
5.032834e+00
5.036794e+00
5.040755e+00
5.044715e+00
5.048675e+00
5.052636e+00
5.056596e+00
5.060556e+00
5.064517e+00
5.068477e+00
5.072437e+00
5.076398e+00
5.080358e+00
5.084318e+00
5.088278e+00
5.092238e+00
5.096198e+00
5.100159e+00
5.104119e+00
5.108079e+00
5.112040e+00
5.116000e+00
5.120468e+00
5.124935e+00
5.129403e+00
5.133870e+00
5.138338e+00
5.142806e+00
5.147274e+00
5.151742e+00
5.156209e+00
5.160677e+00
5.165144e+00
5.169612e+00
5.174080e+00
5.178547e+00
5.183015e+00
5.187482e+00
5.191950e+00
5.196418e+00
5.200886e+00
5.205354e+00
5.209821e+00
5.214289e+00
5.218756e+00
5.223224e+00
5.227691e+00
5.232159e+00
5.236627e+00
5.241094e+00
5.245562e+00
5.250030e+00
5.254498e+00
5.258965e+00
5.263433e+00
5.267901e+00
5.272368e+00
5.276836e+00
5.281303e+00
5.285771e+00
5.290239e+00
5.294706e+00
5.299174e+00
5.303642e+00
5.308110e+00
5.312577e+00
5.317045e+00
5.321513e+00
5.325980e+00
5.330448e+00
5.334915e+00
5.339383e+00
5.343850e+00
5.348318e+00
5.352786e+00
5.357254e+00
5.361722e+00
5.366189e+00
5.370657e+00
5.375124e+00
5.379592e+00
5.384060e+00
5.388527e+00
5.392995e+00
5.397462e+00
5.401930e+00
5.406398e+00
5.410866e+00
5.415334e+00
5.419801e+00
5.424269e+00
5.428736e+00
5.433204e+00
5.437672e+00
5.442139e+00
5.446607e+00
5.451074e+00
5.455542e+00
5.460010e+00
5.464478e+00
5.468946e+00
5.473413e+00
5.477881e+00
5.482348e+00
5.486816e+00
5.491283e+00
5.495751e+00
5.500219e+00
5.504686e+00
5.509154e+00
5.513622e+00
5.518090e+00
5.522558e+00
5.527025e+00
5.531493e+00
5.535960e+00
5.540428e+00
5.544895e+00
5.549363e+00
5.553831e+00
5.558298e+00
5.562766e+00
5.567234e+00
5.571702e+00
5.576169e+00
5.580637e+00
5.585105e+00
5.589572e+00
5.594040e+00
5.598507e+00
5.602975e+00
5.607442e+00
5.611910e+00
5.616378e+00
5.620846e+00
5.625314e+00
5.629781e+00
5.634249e+00
5.638717e+00
5.643184e+00
5.647652e+00
5.652119e+00
5.656587e+00
5.661054e+00
5.665522e+00
5.669990e+00
5.674458e+00
5.678926e+00
5.683393e+00
5.687861e+00
5.692328e+00
5.696796e+00
5.701264e+00
5.705731e+00
5.710199e+00
5.714666e+00
5.719134e+00
5.723602e+00
5.728070e+00
5.732538e+00
5.737005e+00
5.741473e+00
5.745940e+00
5.750408e+00
5.754876e+00
5.759343e+00
5.763811e+00
5.768278e+00
5.772746e+00
5.777214e+00
5.781682e+00
5.786150e+00
5.790617e+00
5.795085e+00
5.799552e+00
5.804020e+00
5.808487e+00
5.812955e+00
5.817423e+00
5.821890e+00
5.826358e+00
5.830826e+00
5.835294e+00
5.839761e+00
5.844229e+00
5.848697e+00
5.853164e+00
5.857632e+00
5.862099e+00
5.866567e+00
5.871035e+00
5.875502e+00
5.879970e+00
5.884438e+00
5.888906e+00
5.893373e+00
5.897841e+00
5.902309e+00
5.906776e+00
5.911244e+00
5.915711e+00
5.920179e+00
5.924646e+00
5.929114e+00
5.933582e+00
5.938050e+00
5.942518e+00
5.946985e+00
5.951453e+00
5.955920e+00
5.960388e+00
5.964856e+00
5.969323e+00
5.973791e+00
5.978258e+00
5.982726e+00
5.987194e+00
5.991662e+00
5.996130e+00
6.000597e+00
6.005065e+00
6.009532e+00
6.014000e+00
6.018587e+00
6.023174e+00
6.027761e+00
6.032348e+00
6.036935e+00
6.041522e+00
6.046110e+00
6.050697e+00
6.055283e+00
6.059870e+00
6.064458e+00
6.069045e+00
6.073632e+00
6.078219e+00
6.082806e+00
6.087393e+00
6.091980e+00
6.096567e+00
6.101154e+00
6.105742e+00
6.110328e+00
6.114915e+00
6.119502e+00
6.124090e+00
6.128677e+00
6.133264e+00
6.137850e+00
6.142438e+00
6.147025e+00
6.151612e+00
6.156199e+00
6.160786e+00
6.165373e+00
6.169960e+00
6.174547e+00
6.179134e+00
6.183722e+00
6.188309e+00
6.192895e+00
6.197482e+00
6.202070e+00
6.206657e+00
6.211244e+00
6.215831e+00
6.220418e+00
6.225005e+00
6.229592e+00
6.234179e+00
6.238766e+00
6.243354e+00
6.247940e+00
6.252527e+00
6.257114e+00
6.261702e+00
6.266289e+00
6.270876e+00
6.275462e+00
6.280050e+00
6.284637e+00
6.289224e+00
6.293811e+00
6.298398e+00
6.302985e+00
6.307572e+00
6.312159e+00
6.316746e+00
6.321334e+00
6.325920e+00
6.330507e+00
6.335094e+00
6.339682e+00
6.344269e+00
6.348856e+00
6.353442e+00
6.358030e+00
6.362617e+00
6.367204e+00
6.371791e+00
6.376378e+00
6.380965e+00
6.385552e+00
6.390139e+00
6.394726e+00
6.399314e+00
6.403901e+00
6.408487e+00
6.413074e+00
6.417662e+00
6.422249e+00
6.426836e+00
6.431423e+00
6.436010e+00
6.440597e+00
6.445184e+00
6.449771e+00
6.454358e+00
6.458946e+00
6.463532e+00
6.468119e+00
6.472706e+00
6.477294e+00
6.481881e+00
6.486468e+00
6.491054e+00
6.495642e+00
6.500229e+00
6.504816e+00
6.509403e+00
6.513990e+00
6.518577e+00
6.523164e+00
6.527751e+00
6.532338e+00
6.536926e+00
6.541513e+00
6.546099e+00
6.550686e+00
6.555274e+00
6.559861e+00
6.564448e+00
6.569035e+00
6.573622e+00
6.578209e+00
6.582796e+00
6.587383e+00
6.591970e+00
6.596558e+00
6.601144e+00
6.605731e+00
6.610318e+00
6.614906e+00
6.619493e+00
6.624080e+00
6.628666e+00
6.633254e+00
6.637841e+00
6.642428e+00
6.647015e+00
6.651602e+00
6.656189e+00
6.660776e+00
6.665363e+00
6.669950e+00
6.674538e+00
6.679124e+00
6.683711e+00
6.688298e+00
6.692886e+00
6.697473e+00
6.702060e+00
6.706646e+00
6.711234e+00
6.715821e+00
6.720408e+00
6.724995e+00
6.729582e+00
6.734169e+00
6.738756e+00
6.743343e+00
6.747930e+00
6.752518e+00
6.757105e+00
6.761691e+00
6.766278e+00
6.770866e+00
6.775453e+00
6.780040e+00
6.784627e+00
6.789214e+00
6.793801e+00
6.798388e+00
6.802975e+00
6.807562e+00
6.812150e+00
6.816736e+00
6.821323e+00
6.825910e+00
6.830498e+00
6.835085e+00
6.839672e+00
6.844258e+00
6.848846e+00
6.853433e+00
6.858020e+00
6.862607e+00
6.867194e+00
6.871781e+00
6.876368e+00
6.880955e+00
6.885542e+00
6.890130e+00
6.894717e+00
6.899303e+00
6.903890e+00
6.908478e+00
6.913065e+00
6.917652e+00
6.922239e+00
6.926826e+00
6.931413e+00
6.936000e+00
6.940940e+00
6.945881e+00
6.950821e+00
6.955762e+00
6.960702e+00
6.965642e+00
6.970582e+00
6.975523e+00
6.980463e+00
6.985404e+00
6.990344e+00
6.995285e+00
7.000225e+00
7.005166e+00
7.010106e+00
7.015046e+00
7.019986e+00
7.024927e+00
7.029867e+00
7.034808e+00
7.039748e+00
7.044689e+00
7.049629e+00
7.054570e+00
7.059510e+00
7.064450e+00
7.069390e+00
7.074331e+00
7.079271e+00
7.084212e+00
7.089152e+00
7.094093e+00
7.099033e+00
7.103974e+00
7.108914e+00
7.113854e+00
7.118794e+00
7.123735e+00
7.128675e+00
7.133616e+00
7.138556e+00
7.143497e+00
7.148437e+00
7.153378e+00
7.158318e+00
7.163258e+00
7.168198e+00
7.173139e+00
7.178079e+00
7.183020e+00
7.187960e+00
7.192901e+00
7.197841e+00
7.202782e+00
7.207722e+00
7.212662e+00
7.217602e+00
7.222543e+00
7.227483e+00
7.232424e+00
7.237364e+00
7.242305e+00
7.247245e+00
7.252186e+00
7.257126e+00
7.262066e+00
7.267006e+00
7.271947e+00
7.276887e+00
7.281828e+00
7.286768e+00
7.291709e+00
7.296649e+00
7.301590e+00
7.306530e+00
7.311470e+00
7.316410e+00
7.321351e+00
7.326291e+00
7.331232e+00
7.336172e+00
7.341113e+00
7.346053e+00
7.350994e+00
7.355934e+00
7.360874e+00
7.365814e+00
7.370755e+00
7.375695e+00
7.380636e+00
7.385576e+00
7.390517e+00
7.395457e+00
7.400398e+00
7.405338e+00
7.410278e+00
7.415218e+00
7.420159e+00
7.425099e+00
7.430040e+00
7.434980e+00
7.439921e+00
7.444861e+00
7.449802e+00
7.454742e+00
7.459682e+00
7.464622e+00
7.469563e+00
7.474503e+00
7.479444e+00
7.484384e+00
7.489325e+00
7.494265e+00
7.499206e+00
7.504146e+00
7.509086e+00
7.514026e+00
7.518967e+00
7.523907e+00
7.528848e+00
7.533788e+00
7.538729e+00
7.543669e+00
7.548610e+00
7.553550e+00
7.558490e+00
7.563430e+00
7.568371e+00
7.573311e+00
7.578252e+00
7.583192e+00
7.588133e+00
7.593073e+00
7.598014e+00
7.602954e+00
7.607894e+00
7.612834e+00
7.617775e+00
7.622715e+00
7.627656e+00
7.632596e+00
7.637537e+00
7.642477e+00
7.647418e+00
7.652358e+00
7.657298e+00
7.662238e+00
7.667179e+00
7.672119e+00
7.677060e+00
7.682000e+00
7.686940e+00
7.691881e+00
7.696821e+00
7.701762e+00
7.706702e+00
7.711642e+00
7.716582e+00
7.721523e+00
7.726463e+00
7.731404e+00
7.736344e+00
7.741285e+00
7.746225e+00
7.751166e+00
7.756106e+00
7.761046e+00
7.765986e+00
7.770927e+00
7.775867e+00
7.780808e+00
7.785748e+00
7.790689e+00
7.795629e+00
7.800570e+00
7.805510e+00
7.810450e+00
7.815390e+00
7.820331e+00
7.825271e+00
7.830212e+00
7.835152e+00
7.840093e+00
7.845033e+00
7.849974e+00
7.854914e+00
7.859854e+00
7.864794e+00
7.869735e+00
7.874675e+00
7.879616e+00
7.884556e+00
7.889497e+00
7.894437e+00
7.899378e+00
7.904318e+00
7.909258e+00
7.914198e+00
7.919139e+00
7.924079e+00
7.929020e+00
7.933960e+00
7.938901e+00
7.943841e+00
7.948782e+00
7.953722e+00
7.958662e+00
7.963602e+00
7.968543e+00
7.973483e+00
7.978424e+00
7.983364e+00
7.988305e+00
7.993245e+00
7.998186e+00
8.003126e+00
8.008066e+00
8.013006e+00
8.017947e+00
8.022887e+00
8.027828e+00
8.032768e+00
8.037709e+00
8.042649e+00
8.047590e+00
8.052530e+00
8.057470e+00
8.062410e+00
8.067351e+00
8.072291e+00
8.077232e+00
8.082172e+00
8.087113e+00
8.092053e+00
8.096994e+00
8.101934e+00
8.106874e+00
8.111814e+00
8.116755e+00
8.121695e+00
8.126636e+00
8.131576e+00
8.136517e+00
8.141457e+00
8.146398e+00
8.151338e+00
8.156278e+00
8.161218e+00
8.166159e+00
8.171099e+00
8.176040e+00
8.180980e+00
8.185921e+00
8.190861e+00
8.195802e+00
8.200742e+00
8.205682e+00
8.210622e+00
8.215563e+00
8.220503e+00
8.225444e+00
8.230384e+00
8.235325e+00
8.240265e+00
8.245206e+00
8.250146e+00
8.255086e+00
8.260026e+00
8.264967e+00
8.269907e+00
8.274848e+00
8.279788e+00
8.284729e+00
8.289669e+00
8.294610e+00
8.299550e+00
8.304490e+00
8.309430e+00
8.314371e+00
8.319311e+00
8.324252e+00
8.329192e+00
8.334133e+00
8.339073e+00
8.344014e+00
8.348954e+00
8.353894e+00
8.358834e+00
8.363775e+00
8.368715e+00
8.373656e+00
8.378596e+00
8.383537e+00
8.388477e+00
8.393418e+00
8.398358e+00
8.403298e+00
8.408238e+00
8.413179e+00
8.418119e+00
8.423060e+00
8.428000e+00
8.433187e+00
8.438374e+00
8.443562e+00
8.448749e+00
8.453936e+00
8.459123e+00
8.464310e+00
8.469498e+00
8.474686e+00
8.479873e+00
8.485060e+00
8.490247e+00
8.495434e+00
8.500622e+00
8.505809e+00
8.510996e+00
8.516183e+00
8.521370e+00
8.526558e+00
8.531745e+00
8.536932e+00
8.542119e+00
8.547306e+00
8.552494e+00
8.557682e+00
8.562869e+00
8.568056e+00
8.573243e+00
8.578430e+00
8.583618e+00
8.588805e+00
8.593992e+00
8.599179e+00
8.604366e+00
8.609554e+00
8.614741e+00
8.619928e+00
8.625115e+00
8.630302e+00
8.635490e+00
8.640678e+00
8.645865e+00
8.651052e+00
8.656239e+00
8.661426e+00
8.666614e+00
8.671801e+00
8.676988e+00
8.682175e+00
8.687362e+00
8.692550e+00
8.697737e+00
8.702924e+00
8.708111e+00
8.713299e+00
8.718486e+00
8.723674e+00
8.728861e+00
8.734048e+00
8.739235e+00
8.744422e+00
8.749610e+00
8.754797e+00
8.759984e+00
8.765171e+00
8.770358e+00
8.775546e+00
8.780733e+00
8.785920e+00
8.791107e+00
8.796295e+00
8.801482e+00
8.806670e+00
8.811857e+00
8.817044e+00
8.822231e+00
8.827418e+00
8.832606e+00
8.837793e+00
8.842980e+00
8.848167e+00
8.853354e+00
8.858542e+00
8.863729e+00
8.868916e+00
8.874103e+00
8.879291e+00
8.884478e+00
8.889666e+00
8.894853e+00
8.900040e+00
8.905227e+00
8.910414e+00
8.915602e+00
8.920789e+00
8.925976e+00
8.931163e+00
8.936350e+00
8.941538e+00
8.946725e+00
8.951912e+00
8.957100e+00
8.962287e+00
8.967474e+00
8.972662e+00
8.977849e+00
8.983036e+00
8.988223e+00
8.993410e+00
8.998598e+00
9.003785e+00
9.008972e+00
9.014159e+00
9.019346e+00
9.024534e+00
9.029721e+00
9.034908e+00
9.040096e+00
9.045283e+00
9.050470e+00
9.055658e+00
9.060845e+00
9.066032e+00
9.071219e+00
9.076406e+00
9.081594e+00
9.086781e+00
9.091968e+00
9.097155e+00
9.102342e+00
9.107530e+00
9.112717e+00
9.117904e+00
9.123092e+00
9.128279e+00
9.133466e+00
9.138654e+00
9.143841e+00
9.149028e+00
9.154215e+00
9.159402e+00
9.164590e+00
9.169777e+00
9.174964e+00
9.180151e+00
9.185338e+00
9.190526e+00
9.195713e+00
9.200900e+00
9.206088e+00
9.211275e+00
9.216462e+00
9.221650e+00
9.226837e+00
9.232024e+00
9.237211e+00
9.242398e+00
9.247586e+00
9.252773e+00
9.257960e+00
9.263147e+00
9.268334e+00
9.273522e+00
9.278709e+00
9.283897e+00
9.289084e+00
9.294271e+00
9.299458e+00
9.304646e+00
9.309833e+00
9.315020e+00
9.320207e+00
9.325394e+00
9.330582e+00
9.335769e+00
9.340956e+00
9.346143e+00
9.351330e+00
9.356518e+00
9.361705e+00
9.366893e+00
9.372080e+00
9.377267e+00
9.382454e+00
9.387642e+00
9.392829e+00
9.398016e+00
9.403203e+00
9.408390e+00
9.413578e+00
9.418765e+00
9.423952e+00
9.429139e+00
9.434326e+00
9.439514e+00
9.444701e+00
9.449889e+00
9.455076e+00
9.460263e+00
9.465450e+00
9.470638e+00
9.475825e+00
9.481012e+00
9.486199e+00
9.491386e+00
9.496574e+00
9.501761e+00
9.506948e+00
9.512135e+00
9.517322e+00
9.522510e+00
9.527698e+00
9.532885e+00
9.538072e+00
9.543259e+00
9.548446e+00
9.553634e+00
9.558821e+00
9.564008e+00
9.569195e+00
9.574382e+00
9.579570e+00
9.584757e+00
9.589944e+00
9.595131e+00
9.600318e+00
9.605506e+00
9.610694e+00
9.615881e+00
9.621068e+00
9.626255e+00
9.631442e+00
9.636630e+00
9.641817e+00
9.647004e+00
9.652191e+00
9.657378e+00
9.662566e+00
9.667753e+00
9.672940e+00
9.678127e+00
9.683314e+00
9.688502e+00
9.693690e+00
9.698877e+00
9.704064e+00
9.709251e+00
9.714438e+00
9.719626e+00
9.724813e+00
9.730000e+00
9.735187e+00
9.740374e+00
9.745562e+00
9.750749e+00
9.755936e+00
9.761123e+00
9.766310e+00
9.771498e+00
9.776686e+00
9.781873e+00
9.787060e+00
9.792247e+00
9.797434e+00
9.802622e+00
9.807809e+00
9.812996e+00
9.818183e+00
9.823370e+00
9.828558e+00
9.833745e+00
9.838932e+00
9.844119e+00
9.849306e+00
9.854494e+00
9.859682e+00
9.864869e+00
9.870056e+00
9.875243e+00
9.880430e+00
9.885618e+00
9.890805e+00
9.895992e+00
9.901179e+00
9.906366e+00
9.911554e+00
9.916741e+00
9.921928e+00
9.927115e+00
9.932302e+00
9.937490e+00
9.942678e+00
9.947865e+00
9.953052e+00
9.958239e+00
9.963426e+00
9.968614e+00
9.973801e+00
9.978988e+00
9.984175e+00
9.989362e+00
9.994550e+00
9.999737e+00
1.000492e+01
1.001011e+01
1.001530e+01
1.002049e+01
1.002567e+01
1.003086e+01
1.003605e+01
1.004124e+01
1.004642e+01
1.005161e+01
1.005680e+01
1.006198e+01
1.006717e+01
1.007236e+01
1.007755e+01
1.008273e+01
1.008792e+01
1.009311e+01
1.009830e+01
1.010348e+01
1.010867e+01
1.011386e+01
1.011904e+01
1.012423e+01
1.012942e+01
1.013461e+01
1.013979e+01
1.014498e+01
1.015017e+01
1.015535e+01
1.016054e+01
1.016573e+01
1.017092e+01
1.017610e+01
1.018129e+01
1.018648e+01
1.019167e+01
1.019685e+01
1.020204e+01
1.020723e+01
1.021241e+01
1.021760e+01
1.022279e+01
1.022798e+01
1.023316e+01
1.023835e+01
1.024354e+01
1.024872e+01
1.025391e+01
1.025910e+01
1.026429e+01
1.026947e+01
1.027466e+01
1.027985e+01
1.028504e+01
1.029022e+01
1.029541e+01
1.030060e+01
1.030578e+01
1.031097e+01
1.031616e+01
1.032135e+01
1.032653e+01
1.033172e+01
1.033691e+01
1.034210e+01
1.034728e+01
1.035247e+01
1.035766e+01
1.036284e+01
1.036803e+01
1.037322e+01
1.037841e+01
1.038359e+01
1.038878e+01
1.039397e+01
1.039916e+01
1.040434e+01
1.040953e+01
1.041472e+01
1.041990e+01
1.042509e+01
1.043028e+01
1.043547e+01
1.044065e+01
1.044584e+01
1.045103e+01
1.045622e+01
1.046140e+01
1.046659e+01
1.047178e+01
1.047696e+01
1.048215e+01
1.048734e+01
1.049253e+01
1.049771e+01
1.050290e+01
1.050809e+01
1.051328e+01
1.051846e+01
1.052365e+01
1.052884e+01
1.053402e+01
1.053921e+01
1.054440e+01
1.054959e+01
1.055477e+01
1.055996e+01
1.056515e+01
1.057033e+01
1.057552e+01
1.058071e+01
1.058590e+01
1.059108e+01
1.059627e+01
1.060146e+01
1.060665e+01
1.061183e+01
1.061702e+01
1.062221e+01
1.062739e+01
1.063258e+01
1.063777e+01
1.064296e+01
1.064814e+01
1.065333e+01
1.065852e+01
1.066370e+01
1.066889e+01
1.067408e+01
1.067927e+01
1.068445e+01
1.068964e+01
1.069483e+01
1.070002e+01
1.070520e+01
1.071039e+01
1.071558e+01
1.072076e+01
1.072595e+01
1.073114e+01
1.073633e+01
1.074151e+01
1.074670e+01
1.075189e+01
1.075708e+01
1.076226e+01
1.076745e+01
1.077264e+01
1.077782e+01
1.078301e+01
1.078820e+01
1.079339e+01
1.079857e+01
1.080376e+01
1.080895e+01
1.081414e+01
1.081932e+01
1.082451e+01
1.082970e+01
1.083488e+01
1.084007e+01
1.084526e+01
1.085045e+01
1.085563e+01
1.086082e+01
1.086601e+01
1.087120e+01
1.087638e+01
1.088157e+01
1.088676e+01
1.089194e+01
1.089713e+01
1.090232e+01
1.090751e+01
1.091269e+01
1.091788e+01
1.092307e+01
1.092826e+01
1.093344e+01
1.093863e+01
1.094382e+01
1.094900e+01
1.095419e+01
1.095938e+01
1.096457e+01
1.096975e+01
1.097494e+01
1.098013e+01
1.098531e+01
1.099050e+01
1.099569e+01
1.100088e+01
1.100606e+01
1.101125e+01
1.101644e+01
1.102163e+01
1.102681e+01
1.103200e+01
1.103583e+01
1.103966e+01
1.104349e+01
1.104732e+01
1.105114e+01
1.105497e+01
1.105880e+01
1.106263e+01
1.106646e+01
1.107029e+01
1.107412e+01
1.107795e+01
1.108178e+01
1.108561e+01
1.108944e+01
1.109326e+01
1.109709e+01
1.110092e+01
1.110475e+01
1.110858e+01
1.111241e+01
1.111624e+01
1.112007e+01
1.112390e+01
1.112773e+01
1.113155e+01
1.113538e+01
1.113921e+01
1.114304e+01
1.114687e+01
1.115070e+01
1.115453e+01
1.115836e+01
1.116219e+01
1.116602e+01
1.116984e+01
1.117367e+01
1.117750e+01
1.118133e+01
1.118516e+01
1.118899e+01
1.119282e+01
1.119665e+01
1.120048e+01
1.120431e+01
1.120814e+01
1.121196e+01
1.121579e+01
1.121962e+01
1.122345e+01
1.122728e+01
1.123111e+01
1.123494e+01
1.123877e+01
1.124260e+01
1.124643e+01
1.125025e+01
1.125408e+01
1.125791e+01
1.126174e+01
1.126557e+01
1.126940e+01
1.127323e+01
1.127706e+01
1.128089e+01
1.128472e+01
1.128854e+01
1.129237e+01
1.129620e+01
1.130003e+01
1.130386e+01
1.130769e+01
1.131152e+01
1.131535e+01
1.131918e+01
1.132301e+01
1.132684e+01
1.133066e+01
1.133449e+01
1.133832e+01
1.134215e+01
1.134598e+01
1.134981e+01
1.135364e+01
1.135747e+01
1.136130e+01
1.136513e+01
1.136895e+01
1.137278e+01
1.137661e+01
1.138044e+01
1.138427e+01
1.138810e+01
1.139193e+01
1.139576e+01
1.139959e+01
1.140342e+01
1.140724e+01
1.141107e+01
1.141490e+01
1.141873e+01
1.142256e+01
1.142639e+01
1.143022e+01
1.143405e+01
1.143788e+01
1.144171e+01
1.144553e+01
1.144936e+01
1.145319e+01
1.145702e+01
1.146085e+01
1.146468e+01
1.146851e+01
1.147234e+01
1.147617e+01
1.148000e+01
1.148382e+01
1.148765e+01
1.149148e+01
1.149531e+01
1.149914e+01
1.150297e+01
1.150680e+01
1.151063e+01
1.151446e+01
1.151829e+01
1.152212e+01
1.152594e+01
1.152977e+01
1.153360e+01
1.153743e+01
1.154126e+01
1.154509e+01
1.154892e+01
1.155275e+01
1.155658e+01
1.156041e+01
1.156423e+01
1.156806e+01
1.157189e+01
1.157572e+01
1.157955e+01
1.158338e+01
1.158721e+01
1.159104e+01
1.159487e+01
1.159870e+01
1.160252e+01
1.160635e+01
1.161018e+01
1.161401e+01
1.161784e+01
1.162167e+01
1.162550e+01
1.162933e+01
1.163316e+01
1.163699e+01
1.164082e+01
1.164464e+01
1.164847e+01
1.165230e+01
1.165613e+01
1.165996e+01
1.166379e+01
1.166762e+01
1.167145e+01
1.167528e+01
1.167911e+01
1.168293e+01
1.168676e+01
1.169059e+01
1.169442e+01
1.169825e+01
1.170208e+01
1.170591e+01
1.170974e+01
1.171357e+01
1.171740e+01
1.172122e+01
1.172505e+01
1.172888e+01
1.173271e+01
1.173654e+01
1.174037e+01
1.174420e+01
1.174803e+01
1.175186e+01
1.175569e+01
1.175952e+01
1.176334e+01
1.176717e+01
1.177100e+01
1.177483e+01
1.177866e+01
1.178249e+01
1.178632e+01
1.179015e+01
1.179398e+01
1.179780e+01
1.180163e+01
1.180546e+01
1.180929e+01
1.181312e+01
1.181695e+01
1.182078e+01
1.182461e+01
1.182844e+01
1.183227e+01
1.183610e+01
1.183992e+01
1.184375e+01
1.184758e+01
1.185141e+01
1.185524e+01
1.185907e+01
1.186290e+01
1.186673e+01
1.187056e+01
1.187439e+01
1.187821e+01
1.188204e+01
1.188587e+01
1.188970e+01
1.189353e+01
1.189736e+01
1.190119e+01
1.190502e+01
1.190885e+01
1.191268e+01
1.191650e+01
1.192033e+01
1.192416e+01
1.192799e+01
1.193182e+01
1.193565e+01
1.193948e+01
1.194331e+01
1.194714e+01
1.195097e+01
1.195480e+01
1.195862e+01
1.196245e+01
1.196628e+01
1.197011e+01
1.197394e+01
1.197777e+01
1.198160e+01
1.198543e+01
1.198926e+01
1.199309e+01
1.199691e+01
1.200074e+01
1.200457e+01
1.200840e+01
1.201223e+01
1.201606e+01
1.201989e+01
1.202372e+01
1.202755e+01
1.203138e+01
1.203520e+01
1.203903e+01
1.204286e+01
1.204669e+01
1.205052e+01
1.205435e+01
1.205818e+01
1.206201e+01
1.206584e+01
1.206967e+01
1.207350e+01
1.207732e+01
1.208115e+01
1.208498e+01
1.208881e+01
1.209264e+01
1.209647e+01
1.210030e+01
1.210413e+01
1.210796e+01
1.211179e+01
1.211561e+01
1.211944e+01
1.212327e+01
1.212710e+01
1.213093e+01
1.213476e+01
1.213859e+01
1.214242e+01
1.214625e+01
1.215008e+01
1.215390e+01
1.215773e+01
1.216156e+01
1.216539e+01
1.216922e+01
1.217305e+01
1.217688e+01
1.218071e+01
1.218454e+01
1.218837e+01
1.219220e+01
1.219602e+01
1.219985e+01
1.220368e+01
1.220751e+01
1.221134e+01
1.221517e+01
1.221900e+01
1.222283e+01
1.222666e+01
1.223048e+01
1.223431e+01
1.223814e+01
1.224197e+01
1.224580e+01
1.224963e+01
1.225346e+01
1.225729e+01
1.226112e+01
1.226495e+01
1.226878e+01
1.227260e+01
1.227643e+01
1.228026e+01
1.228409e+01
1.228792e+01
1.229175e+01
1.229558e+01
1.229941e+01
1.230324e+01
1.230707e+01
1.231089e+01
1.231472e+01
1.231855e+01
1.232238e+01
1.232621e+01
1.233004e+01
1.233387e+01
1.233770e+01
1.234153e+01
1.234536e+01
1.234918e+01
1.235301e+01
1.235684e+01
1.236067e+01
1.236450e+01
1.236833e+01
1.237216e+01
1.237599e+01
1.237982e+01
1.238365e+01
1.238748e+01
1.239130e+01
1.239513e+01
1.239896e+01
1.240279e+01
1.240662e+01
1.241045e+01
1.241428e+01
1.241811e+01
1.242194e+01
1.242577e+01
1.242959e+01
1.243342e+01
1.243725e+01
1.244108e+01
1.244491e+01
1.244874e+01
1.245257e+01
1.245640e+01
1.246023e+01
1.246406e+01
1.246788e+01
1.247171e+01
1.247554e+01
1.247937e+01
1.248320e+01
1.248703e+01
1.249086e+01
1.249469e+01
1.249852e+01
1.250235e+01
1.250618e+01
1.251000e+01
1.251383e+01
1.251766e+01
1.252149e+01
1.252532e+01
1.252915e+01
1.253298e+01
1.253681e+01
1.254064e+01
1.254447e+01
1.254829e+01
1.255212e+01
1.255595e+01
1.255978e+01
1.256361e+01
1.256744e+01
1.257127e+01
1.257510e+01
1.257893e+01
1.258276e+01
1.258658e+01
1.259041e+01
1.259424e+01
1.259807e+01
1.260190e+01
1.260573e+01
1.260956e+01
1.261339e+01
1.261722e+01
1.262105e+01
1.262487e+01
1.262870e+01
1.263253e+01
1.263636e+01
1.264019e+01
1.264402e+01
1.264785e+01
1.265168e+01
1.265551e+01
1.265934e+01
1.266316e+01
1.266699e+01
1.267082e+01
1.267465e+01
1.267848e+01
1.268231e+01
1.268614e+01
1.268997e+01
1.269380e+01
1.269763e+01
1.270146e+01
1.270528e+01
1.270911e+01
1.271294e+01
1.271677e+01
1.272060e+01
1.272443e+01
1.272826e+01
1.273209e+01
1.273592e+01
1.273975e+01
1.274357e+01
1.274740e+01
1.275123e+01
1.275506e+01
1.275889e+01
1.276272e+01
1.276655e+01
1.277038e+01
1.277421e+01
1.277804e+01
1.278186e+01
1.278569e+01
1.278952e+01
1.279335e+01
1.279718e+01
1.280101e+01
1.280484e+01
1.280867e+01
1.281250e+01
1.281633e+01
1.282016e+01
1.282398e+01
1.282781e+01
1.283164e+01
1.283547e+01
1.283930e+01
1.284313e+01
1.284696e+01
1.285079e+01
1.285462e+01
1.285845e+01
1.286227e+01
1.286610e+01
1.286993e+01
1.287376e+01
1.287759e+01
1.288142e+01
1.288525e+01
1.288908e+01
1.289291e+01
1.289674e+01
1.290056e+01
1.290439e+01
1.290822e+01
1.291205e+01
1.291588e+01
1.291971e+01
1.292354e+01
1.292737e+01
1.293120e+01
1.293503e+01
1.293886e+01
1.294268e+01
1.294651e+01
1.295034e+01
1.295417e+01
1.295800e+01
1.296170e+01
1.296540e+01
1.296911e+01
1.297281e+01
1.297651e+01
1.298021e+01
1.298391e+01
1.298761e+01
1.299132e+01
1.299502e+01
1.299872e+01
1.300242e+01
1.300612e+01
1.300982e+01
1.301353e+01
1.301723e+01
1.302093e+01
1.302463e+01
1.302833e+01
1.303204e+01
1.303574e+01
1.303944e+01
1.304314e+01
1.304684e+01
1.305054e+01
1.305425e+01
1.305795e+01
1.306165e+01
1.306535e+01
1.306905e+01
1.307276e+01
1.307646e+01
1.308016e+01
1.308386e+01
1.308756e+01
1.309126e+01
1.309497e+01
1.309867e+01
1.310237e+01
1.310607e+01
1.310977e+01
1.311348e+01
1.311718e+01
1.312088e+01
1.312458e+01
1.312828e+01
1.313198e+01
1.313569e+01
1.313939e+01
1.314309e+01
1.314679e+01
1.315049e+01
1.315420e+01
1.315790e+01
1.316160e+01
1.316530e+01
1.316900e+01
1.317270e+01
1.317641e+01
1.318011e+01
1.318381e+01
1.318751e+01
1.319121e+01
1.319491e+01
1.319862e+01
1.320232e+01
1.320602e+01
1.320972e+01
1.321342e+01
1.321713e+01
1.322083e+01
1.322453e+01
1.322823e+01
1.323193e+01
1.323563e+01
1.323934e+01
1.324304e+01
1.324674e+01
1.325044e+01
1.325414e+01
1.325784e+01
1.326155e+01
1.326525e+01
1.326895e+01
1.327265e+01
1.327635e+01
1.328006e+01
1.328376e+01
1.328746e+01
1.329116e+01
1.329486e+01
1.329856e+01
1.330227e+01
1.330597e+01
1.330967e+01
1.331337e+01
1.331707e+01
1.332078e+01
1.332448e+01
1.332818e+01
1.333188e+01
1.333558e+01
1.333928e+01
1.334299e+01
1.334669e+01
1.335039e+01
1.335409e+01
1.335779e+01
1.336150e+01
1.336520e+01
1.336890e+01
1.337260e+01
1.337630e+01
1.338000e+01
1.338371e+01
1.338741e+01
1.339111e+01
1.339481e+01
1.339851e+01
1.340221e+01
1.340592e+01
1.340962e+01
1.341332e+01
1.341702e+01
1.342072e+01
1.342443e+01
1.342813e+01
1.343183e+01
1.343553e+01
1.343923e+01
1.344293e+01
1.344664e+01
1.345034e+01
1.345404e+01
1.345774e+01
1.346144e+01
1.346514e+01
1.346885e+01
1.347255e+01
1.347625e+01
1.347995e+01
1.348365e+01
1.348736e+01
1.349106e+01
1.349476e+01
1.349846e+01
1.350216e+01
1.350586e+01
1.350957e+01
1.351327e+01
1.351697e+01
1.352067e+01
1.352437e+01
1.352808e+01
1.353178e+01
1.353548e+01
1.353918e+01
1.354288e+01
1.354658e+01
1.355029e+01
1.355399e+01
1.355769e+01
1.356139e+01
1.356509e+01
1.356880e+01
1.357250e+01
1.357620e+01
1.357990e+01
1.358360e+01
1.358730e+01
1.359101e+01
1.359471e+01
1.359841e+01
1.360211e+01
1.360581e+01
1.360952e+01
1.361322e+01
1.361692e+01
1.362062e+01
1.362432e+01
1.362802e+01
1.363173e+01
1.363543e+01
1.363913e+01
1.364283e+01
1.364653e+01
1.365023e+01
1.365394e+01
1.365764e+01
1.366134e+01
1.366504e+01
1.366874e+01
1.367245e+01
1.367615e+01
1.367985e+01
1.368355e+01
1.368725e+01
1.369095e+01
1.369466e+01
1.369836e+01
1.370206e+01
1.370576e+01
1.370946e+01
1.371316e+01
1.371687e+01
1.372057e+01
1.372427e+01
1.372797e+01
1.373167e+01
1.373538e+01
1.373908e+01
1.374278e+01
1.374648e+01
1.375018e+01
1.375388e+01
1.375759e+01
1.376129e+01
1.376499e+01
1.376869e+01
1.377239e+01
1.377610e+01
1.377980e+01
1.378350e+01
1.378720e+01
1.379090e+01
1.379460e+01
1.379831e+01
1.380201e+01
1.380571e+01
1.380941e+01
1.381311e+01
1.381682e+01
1.382052e+01
1.382422e+01
1.382792e+01
1.383162e+01
1.383532e+01
1.383903e+01
1.384273e+01
1.384643e+01
1.385013e+01
1.385383e+01
1.385753e+01
1.386124e+01
1.386494e+01
1.386864e+01
1.387234e+01
1.387604e+01
1.387975e+01
1.388345e+01
1.388715e+01
1.389085e+01
1.389455e+01
1.389825e+01
1.390196e+01
1.390566e+01
1.390936e+01
1.391306e+01
1.391676e+01
1.392047e+01
1.392417e+01
1.392787e+01
1.393157e+01
1.393527e+01
1.393897e+01
1.394268e+01
1.394638e+01
1.395008e+01
1.395378e+01
1.395748e+01
1.396118e+01
1.396489e+01
1.396859e+01
1.397229e+01
1.397599e+01
1.397969e+01
1.398340e+01
1.398710e+01
1.399080e+01
1.399450e+01
1.399820e+01
1.400190e+01
1.400561e+01
1.400931e+01
1.401301e+01
1.401671e+01
1.402041e+01
1.402412e+01
1.402782e+01
1.403152e+01
1.403522e+01
1.403892e+01
1.404262e+01
1.404633e+01
1.405003e+01
1.405373e+01
1.405743e+01
1.406113e+01
1.406484e+01
1.406854e+01
1.407224e+01
1.407594e+01
1.407964e+01
1.408334e+01
1.408705e+01
1.409075e+01
1.409445e+01
1.409815e+01
1.410185e+01
1.410555e+01
1.410926e+01
1.411296e+01
1.411666e+01
1.412036e+01
1.412406e+01
1.412777e+01
1.413147e+01
1.413517e+01
1.413887e+01
1.414257e+01
1.414627e+01
1.414998e+01
1.415368e+01
1.415738e+01
1.416108e+01
1.416478e+01
1.416848e+01
1.417219e+01
1.417589e+01
1.417959e+01
1.418329e+01
1.418699e+01
1.419070e+01
1.419440e+01
1.419810e+01
1.420180e+01
1.420550e+01
1.420920e+01
1.421291e+01
1.421661e+01
1.422031e+01
1.422401e+01
1.422771e+01
1.423142e+01
1.423512e+01
1.423882e+01
1.424252e+01
1.424622e+01
1.424992e+01
1.425363e+01
1.425733e+01
1.426103e+01
1.426473e+01
1.426843e+01
1.427214e+01
1.427584e+01
1.427954e+01
1.428324e+01
1.428694e+01
1.429064e+01
1.429435e+01
1.429805e+01
1.430175e+01
1.430545e+01
1.430915e+01
1.431286e+01
1.431656e+01
1.432026e+01
1.432396e+01
1.432766e+01
1.433136e+01
1.433507e+01
1.433877e+01
1.434247e+01
1.434617e+01
1.434987e+01
1.435357e+01
1.435728e+01
1.436098e+01
1.436468e+01
1.436838e+01
1.437208e+01
1.437579e+01
1.437949e+01
1.438319e+01
1.438689e+01
1.439059e+01
1.439429e+01
1.439800e+01
1.440170e+01
1.440540e+01
1.440910e+01
1.441280e+01
1.441650e+01
1.442021e+01
1.442391e+01
1.442761e+01
1.443131e+01
1.443501e+01
1.443872e+01
1.444242e+01
1.444612e+01
1.444982e+01
1.445352e+01
1.445722e+01
1.446093e+01
1.446463e+01
1.446833e+01
1.447203e+01
1.447573e+01
1.447944e+01
1.448314e+01
1.448684e+01
1.449054e+01
1.449424e+01
1.449794e+01
1.450165e+01
1.450535e+01
1.450905e+01
1.451275e+01
1.451645e+01
1.452016e+01
1.452386e+01
1.452756e+01
1.453126e+01
1.453496e+01
1.453866e+01
1.454237e+01
1.454607e+01
1.454977e+01
1.455347e+01
1.455717e+01
1.456087e+01
1.456458e+01
1.456828e+01
1.457198e+01
1.457568e+01
1.457938e+01
1.458309e+01
1.458679e+01
1.459049e+01
1.459419e+01
1.459789e+01
1.460159e+01
1.460530e+01
1.460900e+01
1.461270e+01
1.461640e+01
1.462010e+01
1.462380e+01
1.462751e+01
1.463121e+01
1.463491e+01
1.463861e+01
1.464231e+01
1.464602e+01
1.464972e+01
1.465342e+01
1.465712e+01
1.466082e+01
1.466452e+01
1.466823e+01
1.467193e+01
1.467563e+01
1.467933e+01
1.468303e+01
1.468674e+01
1.469044e+01
1.469414e+01
1.469784e+01
1.470154e+01
1.470524e+01
1.470895e+01
1.471265e+01
1.471635e+01
1.472005e+01
1.472375e+01
1.472746e+01
1.473116e+01
1.473486e+01
1.473856e+01
