5.800000e-01
5.803332e-01
5.806668e-01
5.810000e-01
5.813332e-01
5.816668e-01
5.820000e-01
5.823332e-01
5.826668e-01
5.830000e-01
5.833332e-01
5.836668e-01
5.840000e-01
5.843332e-01
5.846668e-01
5.850000e-01
5.853332e-01
5.856668e-01
5.860000e-01
5.863332e-01
5.866668e-01
5.870000e-01
5.873332e-01
5.876668e-01
5.880000e-01
5.883332e-01
5.886668e-01
5.890000e-01
5.893332e-01
5.896668e-01
5.900000e-01
5.900000e-01
5.900000e-01
5.900000e-01
5.900000e-01
5.900000e-01
5.900000e-01
5.900000e-01
5.900000e-01
5.900000e-01
5.900000e-01
5.900000e-01
5.900000e-01
5.900000e-01
5.900000e-01
5.900000e-01
5.900000e-01
5.900000e-01
5.900000e-01
5.900000e-01
5.900000e-01
5.903000e-01
5.906000e-01
5.909000e-01
5.912000e-01
5.915000e-01
5.918000e-01
5.921000e-01
5.924000e-01
5.927000e-01
5.930000e-01
5.933000e-01
5.936000e-01
5.939000e-01
5.942000e-01
5.945000e-01
5.948000e-01
5.951000e-01
5.954000e-01
5.956668e-01
5.960000e-01
5.963332e-01
5.966668e-01
5.970000e-01
5.973332e-01
5.976668e-01
5.980000e-01
5.983332e-01
5.986668e-01
5.990000e-01
5.993332e-01
5.996668e-01
6.000000e-01
6.003332e-01
6.006668e-01
6.010000e-01
6.013332e-01
6.016668e-01
6.020000e-01
6.023332e-01
6.026668e-01
6.030000e-01
6.033332e-01
6.036668e-01
6.040000e-01
6.043332e-01
6.046668e-01
6.050000e-01
6.053332e-01
6.056668e-01
6.060000e-01
6.062400e-01
6.064800e-01
6.067200e-01
6.069600e-01
6.072000e-01
6.074400e-01
6.076800e-01
6.079200e-01
6.081600e-01
6.084000e-01
6.086400e-01
6.088800e-01
6.091200e-01
6.093600e-01
6.096000e-01
6.098400e-01
6.100800e-01
6.103200e-01
6.105600e-01
6.108000e-01
6.110400e-01
6.112800e-01
6.115200e-01
6.117600e-01
6.120000e-01
6.122400e-01
6.124800e-01
6.127200e-01
6.129600e-01
6.132000e-01
6.134400e-01
6.136800e-01
6.139200e-01
6.141600e-01
6.144000e-01
6.146400e-01
6.148800e-01
6.151200e-01
6.153600e-01
6.156000e-01
6.158400e-01
6.160800e-01
6.163200e-01
6.165600e-01
6.168000e-01
6.170400e-01
6.172800e-01
6.175200e-01
6.177600e-01
6.180000e-01
6.182800e-01
6.185600e-01
6.188400e-01
6.191200e-01
6.194000e-01
6.196800e-01
6.199600e-01
6.202400e-01
6.205200e-01
6.208000e-01
6.210800e-01
6.213600e-01
6.216400e-01
6.219200e-01
6.222000e-01
6.224800e-01
6.227600e-01
6.230400e-01
6.233200e-01
6.236000e-01
6.238800e-01
6.241600e-01
6.244400e-01
6.247200e-01
6.250000e-01
6.252800e-01
6.255600e-01
6.258400e-01
6.261200e-01
6.264000e-01
6.266800e-01
6.269600e-01
6.272400e-01
6.275200e-01
6.278000e-01
6.280800e-01
6.283600e-01
6.286400e-01
6.289200e-01
6.292000e-01
6.294800e-01
6.297600e-01
6.300400e-01
6.303200e-01
6.306000e-01
6.308800e-01
6.311600e-01
6.314400e-01
6.317200e-01
6.320000e-01
6.342400e-01
6.364800e-01
6.387200e-01
6.409600e-01
6.432000e-01
6.454400e-01
6.476800e-01
6.499200e-01
6.521600e-01
6.544000e-01
6.566400e-01
6.588800e-01
6.611200e-01
6.633600e-01
6.656000e-01
6.678400e-01
6.700800e-01
6.723200e-01
6.745600e-01
6.768000e-01
6.790400e-01
6.812800e-01
6.835200e-01
6.857600e-01
6.880000e-01
6.902400e-01
6.924800e-01
6.947200e-01
6.969600e-01
6.992000e-01
7.014400e-01
7.036800e-01
7.059200e-01
7.081600e-01
7.104000e-01
7.126400e-01
7.148800e-01
7.171200e-01
7.193600e-01
7.216000e-01
7.238400e-01
7.260800e-01
7.283200e-01
7.305600e-01
7.328000e-01
7.350400e-01
7.372800e-01
7.395200e-01
7.417600e-01
7.440000e-01
7.462400e-01
7.484800e-01
7.507200e-01
7.529600e-01
7.552000e-01
7.574400e-01
7.596800e-01
7.619200e-01
7.641600e-01
7.664000e-01
7.686400e-01
7.708800e-01
7.731200e-01
7.753600e-01
7.776000e-01
7.798400e-01
7.820800e-01
7.843200e-01
7.865600e-01
7.888000e-01
7.910400e-01
7.932800e-01
7.955200e-01
7.977600e-01
8.000000e-01
8.022400e-01
8.044800e-01
8.067200e-01
8.089600e-01
8.112000e-01
8.134400e-01
8.156800e-01
8.179200e-01
8.201600e-01
8.224000e-01
8.246400e-01
8.268800e-01
8.291200e-01
8.313600e-01
8.336000e-01
8.358400e-01
8.380800e-01
8.403200e-01
8.425600e-01
8.448000e-01
8.470400e-01
8.492800e-01
8.515200e-01
8.537600e-01
8.560000e-01
8.569400e-01
8.578800e-01
8.588200e-01
8.597600e-01
8.607000e-01
8.616400e-01
8.625800e-01
8.635200e-01
8.644600e-01
8.654000e-01
8.663400e-01
8.672800e-01
8.682200e-01
8.691600e-01
8.701000e-01
8.710400e-01
8.719800e-01
8.729200e-01
8.738600e-01
8.748000e-01
8.757400e-01
8.766800e-01
8.776200e-01
8.785600e-01
8.795000e-01
8.804400e-01
8.813800e-01
8.823200e-01
8.832600e-01
8.842000e-01
8.851400e-01
8.860800e-01
8.870200e-01
8.879600e-01
8.889000e-01
8.898400e-01
8.907800e-01
8.917200e-01
8.926600e-01
8.936000e-01
8.945400e-01
8.954800e-01
8.964200e-01
8.973600e-01
8.983000e-01
8.992400e-01
9.001800e-01
9.011200e-01
9.020600e-01
9.030000e-01
9.039400e-01
9.048800e-01
9.058200e-01
9.067600e-01
9.077000e-01
9.086400e-01
9.095800e-01
9.105200e-01
9.114600e-01
9.124000e-01
9.133400e-01
9.142800e-01
9.152200e-01
9.161600e-01
9.171000e-01
9.180400e-01
9.189800e-01
9.199200e-01
9.208600e-01
9.218000e-01
9.227400e-01
9.236800e-01
9.246200e-01
9.255600e-01
9.265000e-01
9.274400e-01
9.283800e-01
9.293200e-01
9.302600e-01
9.312000e-01
9.321400e-01
9.330800e-01
9.340200e-01
9.349600e-01
9.359000e-01
9.368400e-01
9.377800e-01
9.387200e-01
9.396600e-01
9.406000e-01
9.415400e-01
9.424800e-01
9.434200e-01
9.443600e-01
9.453000e-01
9.462400e-01
9.471800e-01
9.481200e-01
9.490600e-01
9.500000e-01
9.507200e-01
9.514400e-01
9.521600e-01
9.528800e-01
9.536000e-01
9.543200e-01
9.550400e-01
9.557600e-01
9.564800e-01
9.572000e-01
9.579200e-01
9.586400e-01
9.593600e-01
9.600800e-01
9.608000e-01
9.615200e-01
9.622400e-01
9.629600e-01
9.636800e-01
9.644000e-01
9.651200e-01
9.658400e-01
9.665600e-01
9.672800e-01
9.680000e-01
9.687200e-01
9.694400e-01
9.701600e-01
9.708800e-01
9.716000e-01
9.723200e-01
9.730400e-01
9.737600e-01
9.744800e-01
9.752000e-01
9.759200e-01
9.766400e-01
9.773600e-01
9.780800e-01
9.788000e-01
9.795200e-01
9.802400e-01
9.809600e-01
9.816800e-01
9.824000e-01
9.831200e-01
9.838400e-01
9.845600e-01
9.852800e-01
9.860000e-01
9.867200e-01
9.874400e-01
9.881600e-01
9.888800e-01
9.896000e-01
9.903200e-01
9.910400e-01
9.917600e-01
9.924800e-01
9.932000e-01
9.939200e-01
9.946400e-01
9.953600e-01
9.960800e-01
9.968000e-01
9.975200e-01
9.982400e-01
9.989600e-01
9.996800e-01
1.000400e+00
1.001120e+00
1.001840e+00
1.002560e+00
1.003280e+00
1.004000e+00
1.004720e+00
1.005440e+00
1.006160e+00
1.006880e+00
1.007600e+00
1.008320e+00
1.009040e+00
1.009760e+00
1.010480e+00
1.011200e+00
1.011920e+00
1.012640e+00
1.013360e+00
1.014080e+00
1.014800e+00
1.015520e+00
1.016240e+00
1.016960e+00
1.017680e+00
1.018400e+00
1.019120e+00
1.019840e+00
1.020560e+00
1.021280e+00
1.022000e+00
1.022720e+00
1.023440e+00
1.024160e+00
1.024880e+00
1.025600e+00
1.026320e+00
1.027040e+00
1.027760e+00
1.028480e+00
1.029200e+00
1.029920e+00
1.030640e+00
1.031360e+00
1.032080e+00
1.032800e+00
1.033520e+00
1.034240e+00
1.034960e+00
1.035680e+00
1.036400e+00
1.037120e+00
1.037840e+00
1.038560e+00
1.039280e+00
1.040000e+00
1.040720e+00
1.041440e+00
1.042160e+00
1.042880e+00
1.043600e+00
1.044320e+00
1.045040e+00
1.045760e+00
1.046480e+00
1.047200e+00
1.047920e+00
1.048640e+00
1.049360e+00
1.050080e+00
1.050800e+00
1.051520e+00
1.052240e+00
1.052960e+00
1.053680e+00
1.054400e+00
1.055120e+00
1.055840e+00
1.056560e+00
1.057280e+00
1.058000e+00
1.058720e+00
1.059440e+00
1.060160e+00
1.060880e+00
1.061600e+00
1.062320e+00
1.063040e+00
1.063760e+00
1.064480e+00
1.065200e+00
1.065920e+00
1.066640e+00
1.067360e+00
1.068080e+00
1.068800e+00
1.069520e+00
1.070240e+00
1.070960e+00
1.071680e+00
1.072400e+00
1.073120e+00
1.073840e+00
1.074560e+00
1.075280e+00
1.076000e+00
1.076720e+00
1.077440e+00
1.078160e+00
1.078880e+00
1.079600e+00
1.080320e+00
1.081040e+00
1.081760e+00
1.082480e+00
1.083200e+00
1.083920e+00
1.084640e+00
1.085360e+00
1.086080e+00
1.086800e+00
1.087520e+00
1.088240e+00
1.088960e+00
1.089680e+00
1.090400e+00
1.091120e+00
1.091840e+00
1.092560e+00
1.093280e+00
1.094000e+00
1.094860e+00
1.095720e+00
1.096580e+00
1.097440e+00
1.098300e+00
1.099160e+00
1.100020e+00
1.100880e+00
1.101740e+00
1.102600e+00
1.103460e+00
1.104320e+00
1.105180e+00
1.106040e+00
1.106900e+00
1.107760e+00
1.108620e+00
1.109480e+00
1.110340e+00
1.111200e+00
1.112060e+00
1.112920e+00
1.113780e+00
1.114640e+00
1.115500e+00
1.116360e+00
1.117220e+00
1.118080e+00
1.118940e+00
1.119800e+00
1.120660e+00
1.121520e+00
1.122380e+00
1.123240e+00
1.124100e+00
1.124960e+00
1.125820e+00
1.126680e+00
1.127540e+00
1.128400e+00
1.129260e+00
1.130120e+00
1.130980e+00
1.131840e+00
1.132700e+00
1.133560e+00
1.134420e+00
1.135280e+00
1.136140e+00
1.137000e+00
1.137860e+00
1.138720e+00
1.139580e+00
1.140440e+00
1.141300e+00
1.142160e+00
1.143020e+00
1.143880e+00
1.144740e+00
1.145600e+00
1.146460e+00
1.147320e+00
1.148180e+00
1.149040e+00
1.149900e+00
1.150760e+00
1.151620e+00
1.152480e+00
1.153340e+00
1.154200e+00
1.155060e+00
1.155920e+00
1.156780e+00
1.157640e+00
1.158500e+00
1.159360e+00
1.160220e+00
1.161080e+00
1.161940e+00
1.162800e+00
1.163660e+00
1.164520e+00
1.165380e+00
1.166240e+00
1.167100e+00
1.167960e+00
1.168820e+00
1.169680e+00
1.170540e+00
1.171400e+00
1.172260e+00
1.173120e+00
1.173980e+00
1.174840e+00
1.175700e+00
1.176560e+00
1.177420e+00
1.178280e+00
1.179140e+00
1.180000e+00
1.195405e+00
1.210811e+00
1.226216e+00
1.241622e+00
1.257027e+00
1.272432e+00
1.287838e+00
1.303243e+00
1.318649e+00
1.334054e+00
1.349459e+00
1.364865e+00
1.380270e+00
1.395676e+00
1.411081e+00
1.426486e+00
1.441892e+00
1.457297e+00
1.472703e+00
1.488108e+00
1.503514e+00
1.518919e+00
1.534324e+00
1.549730e+00
1.565135e+00
1.580541e+00
1.595946e+00
1.611351e+00
1.626757e+00
1.642162e+00
1.657568e+00
1.672973e+00
1.688378e+00
1.703784e+00
1.719189e+00
1.734595e+00
1.750000e+00
1.765405e+00
1.780811e+00
1.796216e+00
1.811622e+00
1.827027e+00
1.842432e+00
1.857838e+00
1.873243e+00
1.888649e+00
1.904054e+00
1.919459e+00
1.934865e+00
1.950270e+00
1.965676e+00
1.981081e+00
1.996486e+00
2.011892e+00
2.027297e+00
2.042703e+00
2.058108e+00
2.073514e+00
2.088919e+00
2.104324e+00
2.119730e+00
2.135135e+00
2.150541e+00
2.165946e+00
2.181351e+00
2.196757e+00
2.212162e+00
2.227568e+00
2.242973e+00
2.258378e+00
2.273784e+00
2.289189e+00
2.304595e+00
2.320000e+00
2.335405e+00
2.350811e+00
2.366216e+00
2.381622e+00
2.397027e+00
2.412432e+00
2.427838e+00
2.443243e+00
2.458649e+00
2.474054e+00
2.489459e+00
2.504865e+00
2.520270e+00
2.535676e+00
2.551081e+00
2.566486e+00
2.581892e+00
2.597297e+00
2.612703e+00
2.628108e+00
2.643514e+00
2.658919e+00
2.674324e+00
2.689730e+00
2.705135e+00
2.720541e+00
2.735946e+00
2.751351e+00
2.766757e+00
2.782162e+00
2.797568e+00
2.812973e+00
2.828378e+00
2.843784e+00
2.859189e+00
2.874595e+00
2.890000e+00
2.905405e+00
2.920811e+00
2.936216e+00
2.951622e+00
2.967027e+00
2.982432e+00
2.997838e+00
3.013243e+00
3.028649e+00
3.044054e+00
3.059459e+00
3.074865e+00
3.090270e+00
3.105676e+00
3.121081e+00
3.136486e+00
3.151892e+00
3.167297e+00
3.182703e+00
3.198108e+00
3.213514e+00
3.228919e+00
3.244324e+00
3.259730e+00
3.275135e+00
3.290541e+00
3.305946e+00
3.321351e+00
3.336757e+00
3.352162e+00
3.367568e+00
3.382973e+00
3.398378e+00
3.413784e+00
3.429189e+00
3.444595e+00
3.460000e+00
3.475405e+00
3.490811e+00
3.506216e+00
3.521622e+00
3.537027e+00
3.552432e+00
3.567838e+00
3.583243e+00
3.598649e+00
3.614054e+00
3.629459e+00
3.644865e+00
3.660270e+00
3.675676e+00
3.691081e+00
3.706486e+00
3.721892e+00
3.737297e+00
3.752703e+00
3.768108e+00
3.783514e+00
3.798919e+00
3.814324e+00
3.829730e+00
3.845135e+00
3.860541e+00
3.875946e+00
3.891351e+00
3.906757e+00
3.922162e+00
3.937568e+00
3.952973e+00
3.968378e+00
3.983784e+00
3.999189e+00
4.014595e+00
4.030000e+00
4.045405e+00
4.060811e+00
4.076216e+00
4.091622e+00
4.107027e+00
4.122432e+00
4.137838e+00
4.153243e+00
4.168649e+00
4.184054e+00
4.199459e+00
4.214865e+00
4.230270e+00
4.245676e+00
4.261081e+00
4.276486e+00
4.291892e+00
4.307297e+00
4.322703e+00
4.338108e+00
4.353514e+00
4.368919e+00
4.384324e+00
4.399730e+00
4.415135e+00
4.430541e+00
4.445946e+00
4.461351e+00
4.476757e+00
4.492162e+00
4.507568e+00
4.522973e+00
4.538378e+00
4.553784e+00
4.569189e+00
4.584595e+00
4.600000e+00
4.615405e+00
4.630811e+00
4.646216e+00
4.661622e+00
4.677027e+00
4.692432e+00
4.707838e+00
4.723243e+00
4.738649e+00
4.754054e+00
4.769459e+00
4.784865e+00
4.800270e+00
4.815676e+00
4.831081e+00
4.846486e+00
4.861892e+00
4.877297e+00
4.892703e+00
4.908108e+00
4.923514e+00
4.938919e+00
4.954324e+00
4.969730e+00
4.985135e+00
5.000541e+00
5.015946e+00
5.031351e+00
5.046757e+00
5.062162e+00
5.077568e+00
5.092973e+00
5.108378e+00
5.123784e+00
5.139189e+00
5.154595e+00
5.170000e+00
5.185405e+00
5.200811e+00
5.216216e+00
5.231622e+00
5.247027e+00
5.262432e+00
5.277838e+00
5.293243e+00
5.308649e+00
5.324054e+00
5.339459e+00
5.354865e+00
5.370270e+00
5.385676e+00
5.401081e+00
5.416486e+00
5.431892e+00
5.447297e+00
5.462703e+00
5.478108e+00
5.493514e+00
5.508919e+00
5.524324e+00
5.539730e+00
5.555135e+00
5.570541e+00
5.585946e+00
5.601351e+00
5.616757e+00
5.632162e+00
5.647568e+00
5.662973e+00
5.678378e+00
5.693784e+00
5.709189e+00
5.724595e+00
5.740000e+00
5.755405e+00
5.770811e+00
5.786216e+00
5.801622e+00
5.817027e+00
5.832432e+00
5.847838e+00
5.863243e+00
5.878649e+00
5.894054e+00
5.909459e+00
5.924865e+00
5.940270e+00
5.955676e+00
5.971081e+00
5.986486e+00
6.001892e+00
6.017297e+00
6.032703e+00
6.048108e+00
6.063514e+00
6.078919e+00
6.094324e+00
6.109730e+00
6.125135e+00
6.140541e+00
6.155946e+00
6.171351e+00
6.186757e+00
6.202162e+00
6.217568e+00
6.232973e+00
6.248378e+00
6.263784e+00
6.279189e+00
6.294595e+00
6.310000e+00
6.325405e+00
6.340811e+00
6.356216e+00
6.371622e+00
6.387027e+00
6.402432e+00
6.417838e+00
6.433243e+00
6.448649e+00
6.464054e+00
6.479459e+00
6.494865e+00
6.510270e+00
6.525676e+00
6.541081e+00
6.556486e+00
6.571892e+00
6.587297e+00
6.602703e+00
6.618108e+00
6.633514e+00
6.648919e+00
6.664324e+00
6.679730e+00
6.695135e+00
6.710541e+00
6.725946e+00
6.741351e+00
6.756757e+00
6.772162e+00
6.787568e+00
6.802973e+00
6.818378e+00
6.833784e+00
6.849189e+00
6.864595e+00
6.880000e+00
6.895405e+00
6.910811e+00
6.926216e+00
6.941622e+00
6.957027e+00
6.972432e+00
6.987838e+00
7.003243e+00
7.018649e+00
7.034054e+00
7.049459e+00
7.064865e+00
7.080270e+00
7.095676e+00
7.111081e+00
7.126486e+00
7.141892e+00
7.157297e+00
7.172703e+00
7.188108e+00
7.203514e+00
7.218919e+00
7.234324e+00
7.249730e+00
7.265135e+00
7.280541e+00
7.295946e+00
7.311351e+00
7.326757e+00
7.342162e+00
7.357568e+00
7.372973e+00
7.388378e+00
7.403784e+00
7.419189e+00
7.434595e+00
7.450000e+00
7.457080e+00
7.464160e+00
7.471240e+00
7.478320e+00
7.485400e+00
7.492480e+00
7.499560e+00
7.506640e+00
7.513720e+00
7.520800e+00
7.527880e+00
7.534960e+00
7.542040e+00
7.549120e+00
7.556200e+00
7.563280e+00
7.570360e+00
7.577440e+00
7.584520e+00
7.591600e+00
7.598680e+00
7.605760e+00
7.612840e+00
7.619920e+00
7.627000e+00
7.634080e+00
7.641160e+00
7.648240e+00
7.655320e+00
7.662400e+00
7.669480e+00
7.676560e+00
7.683640e+00
7.690720e+00
7.697800e+00
7.704880e+00
7.711960e+00
7.719040e+00
7.726120e+00
7.733200e+00
7.740280e+00
7.747360e+00
7.754440e+00
7.761520e+00
7.768600e+00
7.775680e+00
7.782760e+00
7.789840e+00
7.796920e+00
7.804000e+00
7.811080e+00
7.818160e+00
7.825240e+00
7.832320e+00
7.839400e+00
7.846480e+00
7.853560e+00
7.860640e+00
7.867720e+00
7.874800e+00
7.881880e+00
7.888960e+00
7.896040e+00
7.903120e+00
7.910200e+00
7.917280e+00
7.924360e+00
7.931440e+00
7.938520e+00
7.945600e+00
7.952680e+00
7.959760e+00
7.966840e+00
7.973920e+00
7.981000e+00
7.988080e+00
7.995160e+00
8.002240e+00
8.009320e+00
8.016400e+00
8.023480e+00
8.030560e+00
8.037640e+00
8.044720e+00
8.051800e+00
8.058880e+00
8.065960e+00
8.073040e+00
8.080120e+00
8.087200e+00
8.094280e+00
8.101360e+00
8.108440e+00
8.115520e+00
8.122600e+00
8.129680e+00
8.136760e+00
8.143840e+00
8.150920e+00
8.158000e+00
8.164677e+00
8.171353e+00
8.178030e+00
8.184706e+00
8.191383e+00
8.198060e+00
8.204736e+00
8.211413e+00
8.218090e+00
8.224766e+00
8.231443e+00
8.238119e+00
8.244796e+00
8.251473e+00
8.258149e+00
8.264826e+00
8.271502e+00
8.278179e+00
8.284856e+00
8.291532e+00
8.298209e+00
8.304886e+00
8.311562e+00
8.318239e+00
8.324915e+00
8.331592e+00
8.338269e+00
8.344945e+00
8.351622e+00
8.358299e+00
8.364975e+00
8.371652e+00
8.378328e+00
8.385005e+00
8.391682e+00
8.398358e+00
8.405035e+00
8.411711e+00
8.418388e+00
8.425065e+00
8.431741e+00
8.438418e+00
8.445095e+00
8.451771e+00
8.458448e+00
8.465124e+00
8.471801e+00
8.478478e+00
8.485154e+00
8.491831e+00
8.498507e+00
8.505184e+00
8.511861e+00
8.518537e+00
8.525214e+00
8.531891e+00
8.538567e+00
8.545244e+00
8.551920e+00
8.558597e+00
8.565274e+00
8.571950e+00
8.578627e+00
8.585303e+00
8.591980e+00
8.598657e+00
8.605333e+00
8.612010e+00
8.618687e+00
8.625363e+00
8.632040e+00
8.638716e+00
8.645393e+00
8.652070e+00
8.658746e+00
8.665423e+00
8.672100e+00
8.678776e+00
8.685453e+00
8.692129e+00
8.698806e+00
8.705483e+00
8.712159e+00
8.718836e+00
8.725512e+00
8.732189e+00
8.738866e+00
8.745542e+00
8.752219e+00
8.758896e+00
8.765572e+00
8.772249e+00
8.778925e+00
8.785602e+00
8.792279e+00
8.798955e+00
8.805632e+00
8.812308e+00
8.818985e+00
8.825662e+00
8.832338e+00
8.839015e+00
8.845692e+00
8.852368e+00
8.859045e+00
8.865721e+00
8.872398e+00
8.879075e+00
8.885751e+00
8.892428e+00
8.899104e+00
8.905781e+00
8.912458e+00
8.919134e+00
8.925811e+00
8.932488e+00
8.939164e+00
8.945841e+00
8.952517e+00
8.959194e+00
8.965871e+00
8.972547e+00
8.979224e+00
8.985900e+00
8.992577e+00
8.999254e+00
9.005930e+00
9.012607e+00
9.019284e+00
9.025960e+00
9.032637e+00
9.039314e+00
9.045990e+00
9.052667e+00
9.059343e+00
9.066020e+00
9.072696e+00
9.079373e+00
9.086050e+00
9.092726e+00
9.099403e+00
9.106080e+00
9.112756e+00
9.119433e+00
9.126110e+00
9.132786e+00
9.139463e+00
9.146139e+00
9.152816e+00
9.159492e+00
9.166169e+00
9.172846e+00
9.179522e+00
9.186199e+00
9.192876e+00
9.199552e+00
9.206229e+00
9.212906e+00
9.219582e+00
9.226259e+00
9.232935e+00
9.239612e+00
9.246288e+00
9.252965e+00
9.259642e+00
9.266318e+00
9.272995e+00
9.279672e+00
9.286348e+00
9.293025e+00
9.299702e+00
9.306378e+00
9.313055e+00
9.319731e+00
9.326408e+00
9.333084e+00
9.339761e+00
9.346438e+00
9.353114e+00
9.359791e+00
9.366468e+00
9.373144e+00
9.379821e+00
9.386498e+00
9.393174e+00
9.399851e+00
9.406527e+00
9.413204e+00
9.419880e+00
9.426557e+00
9.433234e+00
9.439910e+00
9.446587e+00
9.453264e+00
9.459940e+00
9.466617e+00
9.473294e+00
9.479970e+00
9.486647e+00
9.493323e+00
9.500000e+00
9.506980e+00
9.513960e+00
9.520940e+00
9.527920e+00
9.534901e+00
9.541881e+00
9.548861e+00
9.555841e+00
9.562821e+00
9.569801e+00
9.576782e+00
9.583762e+00
9.590742e+00
9.597722e+00
9.604702e+00
9.611682e+00
9.618662e+00
9.625642e+00
9.632622e+00
9.639603e+00
9.646583e+00
9.653563e+00
9.660543e+00
9.667523e+00
9.674503e+00
9.681484e+00
9.688464e+00
9.695444e+00
9.702424e+00
9.709404e+00
9.716384e+00
9.723364e+00
9.730344e+00
9.737324e+00
9.744305e+00
9.751285e+00
9.758265e+00
9.765245e+00
9.772225e+00
9.779205e+00
9.786186e+00
9.793166e+00
9.800146e+00
9.807126e+00
9.814106e+00
9.821086e+00
9.828066e+00
9.835046e+00
9.842026e+00
9.849007e+00
9.855987e+00
9.862967e+00
9.869947e+00
9.876927e+00
9.883907e+00
9.890888e+00
9.897868e+00
9.904848e+00
9.911828e+00
9.918808e+00
9.925788e+00
9.932768e+00
9.939748e+00
9.946728e+00
9.953709e+00
9.960689e+00
9.967669e+00
9.974649e+00
9.981629e+00
9.988609e+00
9.995590e+00
1.000257e+01
1.000955e+01
1.001653e+01
1.002351e+01
1.003049e+01
1.003747e+01
1.004445e+01
1.005143e+01
1.005841e+01
1.006539e+01
1.007237e+01
1.007935e+01
1.008633e+01
1.009331e+01
1.010029e+01
1.010727e+01
1.011425e+01
1.012123e+01
1.012821e+01
1.013519e+01
1.014217e+01
1.014915e+01
1.015613e+01
1.016311e+01
1.017009e+01
1.017707e+01
1.018405e+01
1.019103e+01
1.019801e+01
1.020499e+01
1.021197e+01
1.021895e+01
1.022593e+01
1.023291e+01
1.023989e+01
1.024687e+01
1.025385e+01
1.026083e+01
1.026781e+01
1.027479e+01
1.028177e+01
1.028875e+01
1.029574e+01
1.030272e+01
1.030970e+01
1.031668e+01
1.032366e+01
1.033064e+01
1.033762e+01
1.034460e+01
1.035158e+01
1.035856e+01
1.036554e+01
1.037252e+01
1.037950e+01
1.038648e+01
1.039346e+01
1.040044e+01
1.040742e+01
1.041440e+01
1.042138e+01
1.042836e+01
1.043534e+01
1.044232e+01
1.044930e+01
1.045628e+01
1.046326e+01
1.047024e+01
1.047722e+01
1.048420e+01
1.049118e+01
1.049816e+01
1.050514e+01
1.051212e+01
1.051910e+01
1.052608e+01
1.053306e+01
1.054004e+01
1.054702e+01
1.055400e+01
1.056098e+01
1.056796e+01
1.057494e+01
1.058192e+01
1.058890e+01
1.059588e+01
1.060286e+01
1.060984e+01
1.061682e+01
1.062380e+01
1.063078e+01
1.063776e+01
1.064474e+01
1.065172e+01
1.065870e+01
1.066568e+01
1.067266e+01
1.067964e+01
1.068662e+01
1.069360e+01
1.070058e+01
1.070756e+01
1.071454e+01
1.072152e+01
1.072850e+01
1.073548e+01
1.074246e+01
1.074944e+01
1.075642e+01
1.076340e+01
1.077038e+01
1.077736e+01
1.078434e+01
1.079132e+01
1.079830e+01
1.080528e+01
1.081226e+01
1.081925e+01
1.082623e+01
1.083321e+01
1.084019e+01
1.084717e+01
1.085415e+01
1.086113e+01
1.086811e+01
1.087509e+01
1.088207e+01
1.088905e+01
1.089603e+01
1.090301e+01
1.090999e+01
1.091697e+01
1.092395e+01
1.093093e+01
1.093791e+01
1.094489e+01
1.095187e+01
1.095885e+01
1.096583e+01
1.097281e+01
1.097979e+01
1.098677e+01
1.099375e+01
1.100073e+01
1.100771e+01
1.101469e+01
1.102167e+01
1.102865e+01
1.103563e+01
1.104261e+01
1.104959e+01
1.105657e+01
1.106355e+01
1.107053e+01
1.107751e+01
1.108449e+01
1.109147e+01
1.109845e+01
1.110543e+01
1.111241e+01
1.111939e+01
1.112637e+01
1.113335e+01
1.114033e+01
1.114731e+01
1.115429e+01
1.116127e+01
1.116825e+01
1.117523e+01
1.118221e+01
1.118919e+01
1.119617e+01
1.120315e+01
1.121013e+01
1.121711e+01
1.122409e+01
1.123107e+01
1.123805e+01
1.124503e+01
1.125201e+01
1.125899e+01
1.126597e+01
1.127295e+01
1.127993e+01
1.128691e+01
1.129389e+01
1.130087e+01
1.130785e+01
1.131483e+01
1.132181e+01
1.132879e+01
1.133577e+01
1.134275e+01
1.134974e+01
1.135672e+01
1.136370e+01
1.137068e+01
1.137766e+01
1.138464e+01
1.139162e+01
1.139860e+01
1.140558e+01
1.141256e+01
1.141954e+01
1.142652e+01
1.143350e+01
1.144048e+01
1.144746e+01
1.145444e+01
1.146142e+01
1.146840e+01
1.147538e+01
1.148236e+01
1.148934e+01
1.149632e+01
1.150330e+01
1.151028e+01
1.151726e+01
1.152424e+01
1.153122e+01
1.153820e+01
1.154518e+01
1.155216e+01
1.155914e+01
1.156612e+01
1.157310e+01
1.158008e+01
1.158706e+01
1.159404e+01
1.160102e+01
1.160800e+01
1.161523e+01
1.162247e+01
1.162970e+01
1.163694e+01
1.164417e+01
1.165140e+01
1.165864e+01
1.166587e+01
1.167310e+01
1.168034e+01
1.168757e+01
1.169481e+01
1.170204e+01
1.170927e+01
1.171651e+01
1.172374e+01
1.173098e+01
1.173821e+01
1.174544e+01
1.175268e+01
1.175991e+01
1.176714e+01
1.177438e+01
1.178161e+01
1.178885e+01
1.179608e+01
1.180331e+01
1.181055e+01
1.181778e+01
1.182501e+01
1.183225e+01
1.183948e+01
1.184672e+01
1.185395e+01
1.186118e+01
1.186842e+01
1.187565e+01
1.188289e+01
1.189012e+01
1.189735e+01
1.190459e+01
1.191182e+01
1.191905e+01
1.192629e+01
1.193352e+01
1.194076e+01
1.194799e+01
1.195522e+01
1.196246e+01
1.196969e+01
1.197693e+01
1.198416e+01
1.199139e+01
1.199863e+01
1.200586e+01
1.201309e+01
1.202033e+01
1.202756e+01
1.203480e+01
1.204203e+01
1.204926e+01
1.205650e+01
1.206373e+01
1.207097e+01
1.207820e+01
1.208543e+01
1.209267e+01
1.209990e+01
1.210713e+01
1.211437e+01
1.212160e+01
1.212884e+01
1.213607e+01
1.214330e+01
1.215054e+01
1.215777e+01
1.216500e+01
1.217224e+01
1.217947e+01
1.218671e+01
1.219394e+01
1.220117e+01
1.220841e+01
1.221564e+01
1.222288e+01
1.223011e+01
1.223734e+01
1.224458e+01
1.225181e+01
1.225904e+01
1.226628e+01
1.227351e+01
1.228075e+01
1.228798e+01
1.229521e+01
1.230245e+01
1.230968e+01
1.231692e+01
1.232415e+01
1.233138e+01
1.233862e+01
1.234585e+01
1.235308e+01
1.236032e+01
1.236755e+01
1.237479e+01
1.238202e+01
1.238925e+01
1.239649e+01
1.240372e+01
1.241096e+01
1.241819e+01
1.242542e+01
1.243266e+01
1.243989e+01
1.244712e+01
1.245436e+01
1.246159e+01
1.246883e+01
1.247606e+01
1.248329e+01
1.249053e+01
1.249776e+01
1.250500e+01
1.251223e+01
1.251946e+01
1.252670e+01
1.253393e+01
1.254116e+01
1.254840e+01
1.255563e+01
1.256287e+01
1.257010e+01
1.257733e+01
1.258457e+01
1.259180e+01
1.259903e+01
1.260627e+01
1.261350e+01
1.262074e+01
1.262797e+01
1.263520e+01
1.264244e+01
1.264967e+01
1.265691e+01
1.266414e+01
1.267137e+01
1.267861e+01
1.268584e+01
1.269307e+01
1.270031e+01
1.270754e+01
1.271478e+01
1.272201e+01
1.272924e+01
1.273648e+01
1.274371e+01
1.275095e+01
1.275818e+01
1.276541e+01
1.277265e+01
1.277988e+01
1.278711e+01
1.279435e+01
1.280158e+01
1.280882e+01
1.281605e+01
1.282328e+01
1.283052e+01
1.283775e+01
1.284499e+01
1.285222e+01
1.285945e+01
1.286669e+01
1.287392e+01
1.288115e+01
1.288839e+01
1.289562e+01
1.290286e+01
1.291009e+01
1.291732e+01
1.292456e+01
1.293179e+01
1.293902e+01
1.294626e+01
1.295349e+01
1.296073e+01
1.296796e+01
1.297519e+01
1.298243e+01
1.298966e+01
1.299690e+01
1.300413e+01
1.301136e+01
1.301860e+01
1.302583e+01
1.303306e+01
1.304030e+01
1.304753e+01
1.305477e+01
1.306200e+01
1.306929e+01
1.307659e+01
1.308388e+01
1.309117e+01
1.309847e+01
1.310576e+01
1.311305e+01
1.312035e+01
1.312764e+01
1.313494e+01
1.314223e+01
1.314952e+01
1.315682e+01
1.316411e+01
1.317140e+01
1.317870e+01
1.318599e+01
1.319328e+01
1.320058e+01
1.320787e+01
1.321516e+01
1.322246e+01
1.322975e+01
1.323704e+01
1.324434e+01
1.325163e+01
1.325893e+01
1.326622e+01
1.327351e+01
1.328081e+01
1.328810e+01
1.329539e+01
1.330269e+01
1.330998e+01
1.331727e+01
1.332457e+01
1.333186e+01
1.333915e+01
1.334645e+01
1.335374e+01
1.336103e+01
1.336833e+01
1.337562e+01
1.338292e+01
1.339021e+01
1.339750e+01
1.340480e+01
1.341209e+01
1.341938e+01
1.342668e+01
1.343397e+01
1.344126e+01
1.344856e+01
1.345585e+01
1.346314e+01
1.347044e+01
1.347773e+01
1.348502e+01
1.349232e+01
1.349961e+01
1.350691e+01
1.351420e+01
1.352149e+01
1.352879e+01
1.353608e+01
1.354337e+01
1.355067e+01
1.355796e+01
1.356525e+01
1.357255e+01
1.357984e+01
1.358713e+01
1.359443e+01
1.360172e+01
1.360901e+01
1.361631e+01
1.362360e+01
1.363090e+01
1.363819e+01
1.364548e+01
1.365278e+01
1.366007e+01
1.366736e+01
1.367466e+01
1.368195e+01
1.368924e+01
1.369654e+01
1.370383e+01
1.371112e+01
1.371842e+01
1.372571e+01
1.373300e+01
1.374030e+01
1.374759e+01
1.375489e+01
1.376218e+01
1.376947e+01
1.377677e+01
1.378406e+01
1.379135e+01
1.379865e+01
1.380594e+01
1.381323e+01
1.382053e+01
1.382782e+01
1.383511e+01
1.384241e+01
1.384970e+01
1.385700e+01
1.386429e+01
1.387158e+01
1.387888e+01
1.388617e+01
1.389346e+01
1.390076e+01
1.390805e+01
1.391534e+01
1.392264e+01
1.392993e+01
1.393722e+01
1.394452e+01
1.395181e+01
1.395910e+01
1.396640e+01
1.397369e+01
1.398099e+01
1.398828e+01
1.399557e+01
1.400287e+01
1.401016e+01
1.401745e+01
1.402475e+01
1.403204e+01
1.403933e+01
1.404663e+01
1.405392e+01
1.406121e+01
1.406851e+01
1.407580e+01
1.408309e+01
1.409039e+01
1.409768e+01
1.410498e+01
1.411227e+01
1.411956e+01
1.412686e+01
1.413415e+01
1.414144e+01
1.414874e+01
1.415603e+01
1.416332e+01
1.417062e+01
1.417791e+01
1.418520e+01
1.419250e+01
1.419979e+01
1.420708e+01
1.421438e+01
1.422167e+01
1.422897e+01
1.423626e+01
1.424355e+01
1.425085e+01
1.425814e+01
1.426543e+01
1.427273e+01
1.428002e+01
1.428731e+01
1.429461e+01
1.430190e+01
1.430919e+01
1.431649e+01
1.432378e+01
1.433107e+01
1.433837e+01
1.434566e+01
1.435296e+01
1.436025e+01
1.436754e+01
1.437484e+01
1.438213e+01
1.438942e+01
1.439672e+01
1.440401e+01
1.441130e+01
1.441860e+01
1.442589e+01
1.443318e+01
1.444048e+01
1.444777e+01
1.445506e+01
1.446236e+01
1.446965e+01
1.447695e+01
1.448424e+01
1.449153e+01
1.449883e+01
1.450612e+01
1.451341e+01
1.452071e+01
1.452800e+01
1.453547e+01
1.454294e+01
1.455041e+01
1.455788e+01
1.456535e+01
1.457282e+01
1.458029e+01
1.458776e+01
1.459523e+01
1.460270e+01
1.461017e+01
1.461764e+01
1.462511e+01
1.463258e+01
1.464005e+01
1.464752e+01
1.465499e+01
1.466246e+01
1.466993e+01
1.467740e+01
1.468487e+01
1.469234e+01
1.469981e+01
1.470728e+01
1.471475e+01
1.472223e+01
1.472970e+01
1.473717e+01
1.474464e+01
1.475211e+01
1.475958e+01
1.476705e+01
1.477452e+01
1.478199e+01
1.478946e+01
1.479693e+01
1.480440e+01
1.481187e+01
1.481934e+01
1.482681e+01
1.483428e+01
1.484175e+01
1.484922e+01
1.485669e+01
1.486416e+01
1.487163e+01
1.487910e+01
1.488657e+01
1.489404e+01
1.490151e+01
1.490898e+01
1.491645e+01
1.492392e+01
1.493139e+01
1.493886e+01
1.494633e+01
1.495380e+01
1.496127e+01
1.496874e+01
1.497621e+01
1.498368e+01
1.499115e+01
1.499862e+01
1.500609e+01
1.501356e+01
1.502103e+01
1.502850e+01
1.503597e+01
1.504344e+01
1.505091e+01
1.505838e+01
1.506585e+01
1.507332e+01
1.508079e+01
1.508826e+01
1.509574e+01
1.510321e+01
1.511068e+01
1.511815e+01
1.512562e+01
1.513309e+01
1.514056e+01
1.514803e+01
1.515550e+01
1.516297e+01
1.517044e+01
1.517791e+01
1.518538e+01
1.519285e+01
1.520032e+01
1.520779e+01
1.521526e+01
1.522273e+01
1.523020e+01
1.523767e+01
1.524514e+01
1.525261e+01
1.526008e+01
1.526755e+01
1.527502e+01
1.528249e+01
1.528996e+01
1.529743e+01
1.530490e+01
1.531237e+01
1.531984e+01
1.532731e+01
1.533478e+01
1.534225e+01
1.534972e+01
1.535719e+01
1.536466e+01
1.537213e+01
1.537960e+01
1.538707e+01
1.539454e+01
1.540201e+01
1.540948e+01
1.541695e+01
1.542442e+01
1.543189e+01
1.543936e+01
1.544683e+01
1.545430e+01
1.546177e+01
1.546925e+01
1.547672e+01
1.548419e+01
1.549166e+01
1.549913e+01
1.550660e+01
1.551407e+01
1.552154e+01
1.552901e+01
1.553648e+01
1.554395e+01
1.555142e+01
1.555889e+01
1.556636e+01
1.557383e+01
1.558130e+01
1.558877e+01
1.559624e+01
1.560371e+01
1.561118e+01
1.561865e+01
1.562612e+01
1.563359e+01
1.564106e+01
1.564853e+01
1.565600e+01
1.566347e+01
1.567094e+01
1.567841e+01
1.568588e+01
1.569335e+01
1.570082e+01
1.570829e+01
1.571576e+01
1.572323e+01
1.573070e+01
1.573817e+01
1.574564e+01
1.575311e+01
1.576058e+01
1.576805e+01
1.577552e+01
1.578299e+01
1.579046e+01
1.579793e+01
1.580540e+01
1.581287e+01
1.582034e+01
1.582781e+01
1.583528e+01
1.584275e+01
1.585023e+01
1.585770e+01
1.586517e+01
1.587264e+01
1.588011e+01
1.588758e+01
1.589505e+01
1.590252e+01
1.590999e+01
1.591746e+01
1.592493e+01
1.593240e+01
1.593987e+01
1.594734e+01
1.595481e+01
1.596228e+01
1.596975e+01
1.597722e+01
1.598469e+01
1.599216e+01
1.599963e+01
1.600710e+01
1.601457e+01
1.602204e+01
1.602951e+01
1.603698e+01
1.604445e+01
1.605192e+01
1.605939e+01
1.606686e+01
1.607433e+01
1.608180e+01
1.608927e+01
1.609674e+01
1.610421e+01
1.611168e+01
1.611915e+01
1.612662e+01
1.613409e+01
1.614156e+01
1.614903e+01
1.615650e+01
1.616397e+01
1.617144e+01
1.617891e+01
1.618638e+01
1.619385e+01
1.620132e+01
1.620879e+01
1.621626e+01
1.622374e+01
1.623121e+01
1.623868e+01
1.624615e+01
1.625362e+01
1.626109e+01
1.626856e+01
1.627603e+01
1.628350e+01
1.629097e+01
1.629844e+01
1.630591e+01
1.631338e+01
1.632085e+01
1.632832e+01
1.633579e+01
1.634326e+01
1.635073e+01
1.635820e+01
1.636567e+01
1.637314e+01
1.638061e+01
1.638808e+01
1.639555e+01
1.640302e+01
1.641049e+01
1.641796e+01
1.642543e+01
1.643290e+01
1.644037e+01
1.644784e+01
1.645531e+01
1.646278e+01
1.647025e+01
1.647772e+01
1.648519e+01
1.649266e+01
1.650013e+01
1.650760e+01
1.651507e+01
1.652254e+01
1.653001e+01
1.653748e+01
1.654495e+01
1.655242e+01
1.655989e+01
1.656736e+01
1.657483e+01
1.658230e+01
1.658977e+01
1.659725e+01
1.660472e+01
1.661219e+01
1.661966e+01
1.662713e+01
1.663460e+01
1.664207e+01
1.664954e+01
1.665701e+01
1.666448e+01
1.667195e+01
1.667942e+01
1.668689e+01
1.669436e+01
1.670183e+01
1.670930e+01
1.671677e+01
1.672424e+01
1.673171e+01
1.673918e+01
1.674665e+01
1.675412e+01
1.676159e+01
1.676906e+01
1.677653e+01
1.678400e+01
1.679159e+01
1.679919e+01
1.680678e+01
1.681437e+01
1.682197e+01
1.682956e+01
1.683716e+01
1.684475e+01
1.685234e+01
1.685994e+01
1.686753e+01
1.687512e+01
1.688272e+01
1.689031e+01
1.689790e+01
1.690550e+01
1.691309e+01
1.692069e+01
1.692828e+01
1.693587e+01
1.694347e+01
1.695106e+01
1.695865e+01
1.696625e+01
1.697384e+01
1.698143e+01
1.698903e+01
1.699662e+01
1.700422e+01
1.701181e+01
1.701940e+01
1.702700e+01
1.703459e+01
1.704218e+01
1.704978e+01
1.705737e+01
1.706496e+01
1.707256e+01
1.708015e+01
1.708775e+01
1.709534e+01
1.710293e+01
1.711053e+01
1.711812e+01
1.712571e+01
1.713331e+01
1.714090e+01
1.714849e+01
1.715609e+01
1.716368e+01
1.717127e+01
1.717887e+01
1.718646e+01
1.719406e+01
1.720165e+01
1.720924e+01
1.721684e+01
1.722443e+01
1.723202e+01
1.723962e+01
1.724721e+01
1.725480e+01
1.726240e+01
1.726999e+01
1.727759e+01
1.728518e+01
1.729277e+01
1.730037e+01
1.730796e+01
1.731555e+01
1.732315e+01
1.733074e+01
1.733833e+01
1.734593e+01
1.735352e+01
1.736112e+01
1.736871e+01
1.737630e+01
1.738390e+01
1.739149e+01
1.739908e+01
1.740668e+01
1.741427e+01
1.742186e+01
1.742946e+01
1.743705e+01
1.744465e+01
1.745224e+01
1.745983e+01
1.746743e+01
1.747502e+01
1.748261e+01
1.749021e+01
1.749780e+01
1.750539e+01
1.751299e+01
1.752058e+01
1.752818e+01
1.753577e+01
1.754336e+01
1.755096e+01
1.755855e+01
1.756614e+01
1.757374e+01
1.758133e+01
1.758892e+01
1.759652e+01
1.760411e+01
1.761171e+01
1.761930e+01
1.762689e+01
1.763449e+01
1.764208e+01
1.764967e+01
1.765727e+01
1.766486e+01
1.767245e+01
1.768005e+01
1.768764e+01
1.769524e+01
1.770283e+01
1.771042e+01
1.771802e+01
1.772561e+01
1.773320e+01
1.774080e+01
1.774839e+01
1.775598e+01
1.776358e+01
1.777117e+01
1.777876e+01
1.778636e+01
1.779395e+01
1.780155e+01
1.780914e+01
1.781673e+01
1.782433e+01
1.783192e+01
1.783951e+01
1.784711e+01
1.785470e+01
1.786229e+01
1.786989e+01
1.787748e+01
1.788508e+01
1.789267e+01
1.790026e+01
1.790786e+01
1.791545e+01
1.792304e+01
1.793064e+01
1.793823e+01
1.794582e+01
1.795342e+01
1.796101e+01
1.796861e+01
1.797620e+01
1.798379e+01
1.799139e+01
1.799898e+01
1.800657e+01
1.801417e+01
1.802176e+01
1.802935e+01
1.803695e+01
1.804454e+01
1.805214e+01
1.805973e+01
1.806732e+01
1.807492e+01
1.808251e+01
1.809010e+01
1.809770e+01
1.810529e+01
1.811288e+01
1.812048e+01
1.812807e+01
1.813567e+01
1.814326e+01
1.815085e+01
1.815845e+01
1.816604e+01
1.817363e+01
1.818123e+01
1.818882e+01
1.819641e+01
1.820401e+01
1.821160e+01
1.821920e+01
1.822679e+01
1.823438e+01
1.824198e+01
1.824957e+01
1.825716e+01
1.826476e+01
1.827235e+01
1.827994e+01
1.828754e+01
1.829513e+01
1.830273e+01
1.831032e+01
1.831791e+01
1.832551e+01
1.833310e+01
1.834069e+01
1.834829e+01
1.835588e+01
1.836347e+01
1.837107e+01
1.837866e+01
1.838625e+01
1.839385e+01
1.840144e+01
1.840904e+01
1.841663e+01
1.842422e+01
1.843182e+01
1.843941e+01
1.844700e+01
1.845460e+01
1.846219e+01
1.846978e+01
1.847738e+01
1.848497e+01
1.849257e+01
1.850016e+01
1.850775e+01
1.851535e+01
1.852294e+01
1.853053e+01
1.853813e+01
1.854572e+01
1.855331e+01
1.856091e+01
1.856850e+01
1.857610e+01
1.858369e+01
1.859128e+01
1.859888e+01
1.860647e+01
1.861406e+01
1.862166e+01
1.862925e+01
1.863684e+01
1.864444e+01
1.865203e+01
1.865963e+01
1.866722e+01
1.867481e+01
1.868241e+01
1.869000e+01
1.869759e+01
1.870519e+01
1.871278e+01
1.872037e+01
1.872797e+01
1.873556e+01
1.874316e+01
1.875075e+01
1.875834e+01
1.876594e+01
1.877353e+01
1.878112e+01
1.878872e+01
1.879631e+01
1.880390e+01
1.881150e+01
1.881909e+01
1.882669e+01
1.883428e+01
1.884187e+01
1.884947e+01
1.885706e+01
1.886465e+01
1.887225e+01
1.887984e+01
1.888743e+01
1.889503e+01
1.890262e+01
1.891022e+01
1.891781e+01
1.892540e+01
1.893300e+01
1.894059e+01
1.894818e+01
1.895578e+01
1.896337e+01
1.897096e+01
1.897856e+01
1.898615e+01
1.899375e+01
1.900134e+01
1.900893e+01
1.901653e+01
1.902412e+01
1.903171e+01
1.903931e+01
1.904690e+01
1.905449e+01
1.906209e+01
1.906968e+01
1.907727e+01
1.908487e+01
1.909246e+01
1.910006e+01
1.910765e+01
1.911524e+01
1.912284e+01
1.913043e+01
1.913802e+01
1.914562e+01
1.915321e+01
1.916080e+01
1.916840e+01
1.917599e+01
1.918359e+01
1.919118e+01
1.919877e+01
1.920637e+01
1.921396e+01
1.922155e+01
1.922915e+01
1.923674e+01
1.924433e+01
1.925193e+01
1.925952e+01
1.926712e+01
1.927471e+01
1.928230e+01
1.928990e+01
1.929749e+01
1.930508e+01
1.931268e+01
1.932027e+01
1.932786e+01
1.933546e+01
1.934305e+01
1.935065e+01
1.935824e+01
1.936583e+01
1.937343e+01
1.938102e+01
1.938861e+01
1.939621e+01
1.940380e+01
1.941139e+01
1.941899e+01
1.942658e+01
1.943418e+01
1.944177e+01
1.944936e+01
1.945696e+01
1.946455e+01
1.947214e+01
1.947974e+01
1.948733e+01
1.949492e+01
1.950252e+01
1.951011e+01
1.951771e+01
1.952530e+01
1.953289e+01
1.954049e+01
1.954808e+01
1.955567e+01
1.956327e+01
1.957086e+01
1.957845e+01
1.958605e+01
1.959364e+01
1.960124e+01
1.960883e+01
1.961642e+01
1.962402e+01
1.963161e+01
1.963920e+01
1.964680e+01
1.965439e+01
1.966198e+01
1.966958e+01
1.967717e+01
1.968476e+01
1.969236e+01
1.969995e+01
1.970755e+01
1.971514e+01
1.972273e+01
1.973033e+01
1.973792e+01
1.974551e+01
1.975311e+01
1.976070e+01
1.976829e+01
1.977589e+01
1.978348e+01
1.979108e+01
1.979867e+01
1.980626e+01
1.981386e+01
1.982145e+01
1.982904e+01
1.983664e+01
1.984423e+01
1.985182e+01
1.985942e+01
1.986701e+01
1.987461e+01
1.988220e+01
1.988979e+01
1.989739e+01
1.990498e+01
1.991257e+01
1.992017e+01
1.992776e+01
1.993535e+01
1.994295e+01
1.995054e+01
1.995814e+01
1.996573e+01
1.997332e+01
1.998092e+01
1.998851e+01
1.999610e+01
2.000370e+01
2.001129e+01
2.001888e+01
2.002648e+01
2.003407e+01
2.004167e+01
2.004926e+01
2.005685e+01
2.006445e+01
2.007204e+01
2.007963e+01
2.008723e+01
2.009482e+01
2.010241e+01
2.011001e+01
2.011760e+01
2.012520e+01
2.013279e+01
2.014038e+01
2.014798e+01
2.015557e+01
2.016316e+01
2.017076e+01
2.017835e+01
2.018594e+01
2.019354e+01
2.020113e+01
2.020873e+01
2.021632e+01
2.022391e+01
2.023151e+01
2.023910e+01
2.024669e+01
2.025429e+01
2.026188e+01
2.026947e+01
2.027707e+01
2.028466e+01
2.029225e+01
2.029985e+01
2.030744e+01
2.031504e+01
2.032263e+01
2.033022e+01
2.033782e+01
2.034541e+01
2.035300e+01
2.036060e+01
2.036819e+01
2.037578e+01
2.038338e+01
2.039097e+01
2.039857e+01
2.040616e+01
2.041375e+01
2.042135e+01
2.042894e+01
2.043653e+01
2.044413e+01
2.045172e+01
2.045931e+01
2.046691e+01
2.047450e+01
2.048210e+01
2.048969e+01
2.049728e+01
2.050488e+01
2.051247e+01
2.052006e+01
2.052766e+01
2.053525e+01
2.054284e+01
2.055044e+01
2.055803e+01
2.056563e+01
2.057322e+01
2.058081e+01
2.058841e+01
2.059600e+01
2.060291e+01
2.060983e+01
2.061674e+01
2.062366e+01
2.063057e+01
2.063749e+01
2.064440e+01
2.065132e+01
2.065823e+01
2.066515e+01
2.067206e+01
2.067897e+01
2.068589e+01
2.069280e+01
2.069972e+01
2.070663e+01
2.071355e+01
2.072046e+01
2.072738e+01
2.073429e+01
2.074120e+01
2.074812e+01
2.075503e+01
2.076195e+01
2.076886e+01
2.077578e+01
2.078269e+01
2.078961e+01
2.079652e+01
2.080344e+01
2.081035e+01
2.081726e+01
2.082418e+01
2.083109e+01
2.083801e+01
2.084492e+01
2.085184e+01
2.085875e+01
2.086567e+01
2.087258e+01
2.087950e+01
2.088641e+01
2.089332e+01
2.090024e+01
2.090715e+01
2.091407e+01
2.092098e+01
2.092790e+01
2.093481e+01
2.094173e+01
2.094864e+01
2.095555e+01
2.096247e+01
2.096938e+01
2.097630e+01
2.098321e+01
2.099013e+01
2.099704e+01
2.100396e+01
2.101087e+01
2.101779e+01
2.102470e+01
2.103161e+01
2.103853e+01
2.104544e+01
2.105236e+01
2.105927e+01
2.106619e+01
2.107310e+01
2.108002e+01
2.108693e+01
2.109384e+01
2.110076e+01
2.110767e+01
2.111459e+01
2.112150e+01
2.112842e+01
2.113533e+01
2.114225e+01
2.114916e+01
2.115608e+01
2.116299e+01
2.116990e+01
2.117682e+01
2.118373e+01
2.119065e+01
2.119756e+01
2.120448e+01
2.121139e+01
2.121831e+01
2.122522e+01
2.123214e+01
2.123905e+01
2.124596e+01
2.125288e+01
2.125979e+01
2.126671e+01
2.127362e+01
2.128054e+01
2.128745e+01
2.129437e+01
2.130128e+01
2.130819e+01
2.131511e+01
2.132202e+01
2.132894e+01
2.133585e+01
2.134277e+01
2.134968e+01
2.135660e+01
2.136351e+01
2.137043e+01
2.137734e+01
2.138425e+01
2.139117e+01
2.139808e+01
2.140500e+01
2.141191e+01
2.141883e+01
2.142574e+01
2.143266e+01
2.143957e+01
2.144649e+01
2.145340e+01
2.146031e+01
2.146723e+01
2.147414e+01
2.148106e+01
2.148797e+01
2.149489e+01
2.150180e+01
2.150872e+01
2.151563e+01
2.152254e+01
2.152946e+01
2.153637e+01
2.154329e+01
2.155020e+01
2.155712e+01
2.156403e+01
2.157095e+01
2.157786e+01
2.158478e+01
2.159169e+01
2.159860e+01
2.160552e+01
2.161243e+01
2.161935e+01
2.162626e+01
2.163318e+01
2.164009e+01
2.164701e+01
2.165392e+01
2.166083e+01
2.166775e+01
2.167466e+01
2.168158e+01
2.168849e+01
2.169541e+01
2.170232e+01
2.170924e+01
2.171615e+01
2.172307e+01
2.172998e+01
2.173689e+01
2.174381e+01
2.175072e+01
2.175764e+01
2.176455e+01
2.177147e+01
2.177838e+01
2.178530e+01
2.179221e+01
2.179913e+01
2.180604e+01
2.181295e+01
2.181987e+01
2.182678e+01
2.183370e+01
2.184061e+01
2.184753e+01
2.185444e+01
2.186136e+01
2.186827e+01
2.187518e+01
2.188210e+01
2.188901e+01
2.189593e+01
2.190284e+01
2.190976e+01
2.191667e+01
2.192359e+01
2.193050e+01
2.193742e+01
2.194433e+01
2.195124e+01
2.195816e+01
2.196507e+01
2.197199e+01
2.197890e+01
2.198582e+01
2.199273e+01
2.199965e+01
2.200656e+01
2.201348e+01
2.202039e+01
2.202730e+01
2.203422e+01
2.204113e+01
2.204805e+01
2.205496e+01
2.206188e+01
2.206879e+01
2.207571e+01
2.208262e+01
2.208953e+01
2.209645e+01
2.210336e+01
2.211028e+01
2.211719e+01
2.212411e+01
2.213102e+01
2.213794e+01
2.214485e+01
2.215177e+01
2.215868e+01
2.216559e+01
2.217251e+01
2.217942e+01
2.218634e+01
2.219325e+01
2.220017e+01
2.220708e+01
2.221400e+01
2.222091e+01
2.222783e+01
2.223474e+01
2.224165e+01
2.224857e+01
2.225548e+01
2.226240e+01
2.226931e+01
2.227623e+01
2.228314e+01
2.229006e+01
2.229697e+01
2.230388e+01
2.231080e+01
2.231771e+01
2.232463e+01
2.233154e+01
2.233846e+01
2.234537e+01
2.235229e+01
2.235920e+01
2.236612e+01
2.237303e+01
2.237994e+01
2.238686e+01
2.239377e+01
2.240069e+01
2.240760e+01
2.241452e+01
2.242143e+01
2.242835e+01
2.243526e+01
2.244217e+01
2.244909e+01
2.245600e+01
2.246292e+01
2.246983e+01
2.247675e+01
2.248366e+01
2.249058e+01
2.249749e+01
2.250441e+01
2.251132e+01
2.251823e+01
2.252515e+01
2.253206e+01
2.253898e+01
2.254589e+01
2.255281e+01
2.255972e+01
2.256664e+01
2.257355e+01
2.258047e+01
2.258738e+01
2.259429e+01
2.260121e+01
2.260812e+01
2.261504e+01
2.262195e+01
2.262887e+01
2.263578e+01
2.264270e+01
2.264961e+01
2.265652e+01
2.266344e+01
2.267035e+01
2.267727e+01
2.268418e+01
2.269110e+01
2.269801e+01
2.270493e+01
2.271184e+01
2.271876e+01
2.272567e+01
2.273258e+01
2.273950e+01
2.274641e+01
2.275333e+01
2.276024e+01
2.276716e+01
2.277407e+01
2.278099e+01
2.278790e+01
2.279482e+01
2.280173e+01
2.280864e+01
2.281556e+01
2.282247e+01
2.282939e+01
2.283630e+01
2.284322e+01
2.285013e+01
2.285705e+01
2.286396e+01
2.287087e+01
2.287779e+01
2.288470e+01
2.289162e+01
2.289853e+01
2.290545e+01
2.291236e+01
2.291928e+01
2.292619e+01
2.293311e+01
2.294002e+01
2.294693e+01
2.295385e+01
2.296076e+01
2.296768e+01
2.297459e+01
2.298151e+01
2.298842e+01
2.299534e+01
2.300225e+01
2.300917e+01
2.301608e+01
2.302299e+01
2.302991e+01
2.303682e+01
2.304374e+01
2.305065e+01
2.305757e+01
2.306448e+01
2.307140e+01
2.307831e+01
2.308522e+01
2.309214e+01
2.309905e+01
2.310597e+01
2.311288e+01
2.311980e+01
2.312671e+01
2.313363e+01
2.314054e+01
2.314746e+01
2.315437e+01
2.316128e+01
2.316820e+01
2.317511e+01
2.318203e+01
2.318894e+01
2.319586e+01
2.320277e+01
2.320969e+01
2.321660e+01
2.322351e+01
2.323043e+01
2.323734e+01
2.324426e+01
2.325117e+01
2.325809e+01
2.326500e+01
2.327192e+01
2.327883e+01
2.328575e+01
2.329266e+01
2.329957e+01
2.330649e+01
2.331340e+01
2.332032e+01
2.332723e+01
2.333415e+01
2.334106e+01
2.334798e+01
2.335489e+01
2.336181e+01
2.336872e+01
2.337563e+01
2.338255e+01
2.338946e+01
2.339638e+01
2.340329e+01
2.341021e+01
2.341712e+01
2.342404e+01
2.343095e+01
2.343786e+01
2.344478e+01
2.345169e+01
2.345861e+01
2.346552e+01
2.347244e+01
2.347935e+01
2.348627e+01
2.349318e+01
2.350010e+01
2.350701e+01
2.351392e+01
2.352084e+01
2.352775e+01
2.353467e+01
2.354158e+01
2.354850e+01
2.355541e+01
2.356233e+01
2.356924e+01
2.357616e+01
2.358307e+01
2.358998e+01
2.359690e+01
2.360381e+01
2.361073e+01
2.361764e+01
2.362456e+01
2.363147e+01
2.363839e+01
2.364530e+01
2.365221e+01
2.365913e+01
2.366604e+01
2.367296e+01
2.367987e+01
2.368679e+01
2.369370e+01
2.370062e+01
2.370753e+01
2.371445e+01
2.372136e+01
2.372827e+01
2.373519e+01
2.374210e+01
2.374902e+01
2.375593e+01
2.376285e+01
2.376976e+01
2.377668e+01
2.378359e+01
2.379050e+01
2.379742e+01
2.380433e+01
2.381125e+01
2.381816e+01
2.382508e+01
2.383199e+01
2.383891e+01
2.384582e+01
2.385274e+01
2.385965e+01
2.386656e+01
2.387348e+01
2.388039e+01
2.388731e+01
2.389422e+01
2.390114e+01
2.390805e+01
2.391497e+01
2.392188e+01
2.392880e+01
2.393571e+01
2.394262e+01
2.394954e+01
2.395645e+01
2.396337e+01
2.397028e+01
2.397720e+01
2.398411e+01
2.399103e+01
2.399794e+01
2.400485e+01
2.401177e+01
2.401868e+01
2.402560e+01
2.403251e+01
2.403943e+01
2.404634e+01
2.405326e+01
2.406017e+01
2.406709e+01
2.407400e+01
2.408085e+01
2.408770e+01
2.409455e+01
2.410140e+01
2.410825e+01
2.411511e+01
2.412196e+01
2.412881e+01
2.413566e+01
2.414251e+01
2.414936e+01
2.415621e+01
2.416306e+01
2.416991e+01
2.417676e+01
2.418361e+01
2.419047e+01
2.419732e+01
2.420417e+01
2.421102e+01
2.421787e+01
2.422472e+01
2.423157e+01
2.423842e+01
2.424527e+01
2.425212e+01
2.425897e+01
2.426583e+01
2.427268e+01
2.427953e+01
2.428638e+01
2.429323e+01
2.430008e+01
2.430693e+01
2.431378e+01
2.432063e+01
2.432748e+01
2.433433e+01
2.434118e+01
2.434804e+01
2.435489e+01
2.436174e+01
2.436859e+01
2.437544e+01
2.438229e+01
2.438914e+01
2.439599e+01
2.440284e+01
2.440969e+01
2.441654e+01
2.442340e+01
2.443025e+01
2.443710e+01
2.444395e+01
2.445080e+01
2.445765e+01
2.446450e+01
2.447135e+01
2.447820e+01
2.448505e+01
2.449190e+01
2.449876e+01
2.450561e+01
2.451246e+01
2.451931e+01
2.452616e+01
2.453301e+01
2.453986e+01
2.454671e+01
2.455356e+01
2.456041e+01
2.456726e+01
2.457412e+01
2.458097e+01
2.458782e+01
2.459467e+01
2.460152e+01
2.460837e+01
2.461522e+01
2.462207e+01
2.462892e+01
2.463577e+01
2.464262e+01
2.464948e+01
2.465633e+01
2.466318e+01
2.467003e+01
2.467688e+01
2.468373e+01
2.469058e+01
2.469743e+01
2.470428e+01
2.471113e+01
2.471798e+01
2.472483e+01
2.473169e+01
2.473854e+01
2.474539e+01
2.475224e+01
2.475909e+01
2.476594e+01
2.477279e+01
2.477964e+01
2.478649e+01
2.479334e+01
2.480019e+01
2.480705e+01
2.481390e+01
2.482075e+01
2.482760e+01
2.483445e+01
2.484130e+01
2.484815e+01
2.485500e+01
2.486185e+01
2.486870e+01
2.487555e+01
2.488241e+01
2.488926e+01
2.489611e+01
2.490296e+01
2.490981e+01
2.491666e+01
2.492351e+01
2.493036e+01
2.493721e+01
2.494406e+01
2.495091e+01
2.495777e+01
2.496462e+01
2.497147e+01
2.497832e+01
2.498517e+01
2.499202e+01
2.499887e+01
2.500572e+01
2.501257e+01
2.501942e+01
2.502627e+01
2.503313e+01
2.503998e+01
2.504683e+01
2.505368e+01
2.506053e+01
2.506738e+01
2.507423e+01
2.508108e+01
2.508793e+01
2.509478e+01
2.510163e+01
2.510849e+01
2.511534e+01
2.512219e+01
2.512904e+01
2.513589e+01
2.514274e+01
2.514959e+01
2.515644e+01
2.516329e+01
2.517014e+01
2.517699e+01
2.518384e+01
2.519070e+01
2.519755e+01
2.520440e+01
2.521125e+01
2.521810e+01
2.522495e+01
2.523180e+01
2.523865e+01
2.524550e+01
2.525235e+01
2.525920e+01
2.526606e+01
2.527291e+01
2.527976e+01
2.528661e+01
2.529346e+01
2.530031e+01
2.530716e+01
2.531401e+01
2.532086e+01
2.532771e+01
2.533456e+01
2.534142e+01
2.534827e+01
2.535512e+01
2.536197e+01
2.536882e+01
2.537567e+01
2.538252e+01
2.538937e+01
2.539622e+01
2.540307e+01
2.540992e+01
2.541678e+01
2.542363e+01
2.543048e+01
2.543733e+01
2.544418e+01
2.545103e+01
2.545788e+01
2.546473e+01
2.547158e+01
2.547843e+01
2.548528e+01
2.549214e+01
2.549899e+01
2.550584e+01
2.551269e+01
2.551954e+01
2.552639e+01
2.553324e+01
2.554009e+01
2.554694e+01
2.555379e+01
2.556064e+01
2.556750e+01
2.557435e+01
2.558120e+01
2.558805e+01
2.559490e+01
2.560175e+01
2.560860e+01
2.561545e+01
2.562230e+01
2.562915e+01
2.563600e+01
2.564285e+01
2.564971e+01
2.565656e+01
2.566341e+01
2.567026e+01
2.567711e+01
2.568396e+01
2.569081e+01
2.569766e+01
2.570451e+01
2.571136e+01
2.571821e+01
2.572507e+01
2.573192e+01
2.573877e+01
2.574562e+01
2.575247e+01
2.575932e+01
2.576617e+01
2.577302e+01
2.577987e+01
2.578672e+01
2.579357e+01
2.580043e+01
2.580728e+01
2.581413e+01
2.582098e+01
2.582783e+01
2.583468e+01
2.584153e+01
2.584838e+01
2.585523e+01
2.586208e+01
2.586893e+01
2.587579e+01
2.588264e+01
2.588949e+01
2.589634e+01
2.590319e+01
2.591004e+01
2.591689e+01
2.592374e+01
2.593059e+01
2.593744e+01
2.594429e+01
2.595115e+01
2.595800e+01
2.596485e+01
2.597170e+01
2.597855e+01
2.598540e+01
2.599225e+01
2.599910e+01
2.600595e+01
2.601280e+01
2.601965e+01
2.602650e+01
2.603336e+01
2.604021e+01
2.604706e+01
2.605391e+01
2.606076e+01
2.606761e+01
2.607446e+01
2.608131e+01
2.608816e+01
2.609501e+01
2.610186e+01
2.610872e+01
2.611557e+01
2.612242e+01
2.612927e+01
2.613612e+01
2.614297e+01
2.614982e+01
2.615667e+01
2.616352e+01
2.617037e+01
2.617722e+01
2.618408e+01
2.619093e+01
2.619778e+01
2.620463e+01
2.621148e+01
2.621833e+01
2.622518e+01
2.623203e+01
2.623888e+01
2.624573e+01
2.625258e+01
2.625944e+01
2.626629e+01
2.627314e+01
2.627999e+01
2.628684e+01
2.629369e+01
2.630054e+01
2.630739e+01
2.631424e+01
2.632109e+01
2.632794e+01
2.633480e+01
2.634165e+01
2.634850e+01
2.635535e+01
2.636220e+01
2.636905e+01
2.637590e+01
2.638275e+01
2.638960e+01
2.639645e+01
2.640330e+01
2.641016e+01
2.641701e+01
2.642386e+01
2.643071e+01
2.643756e+01
2.644441e+01
2.645126e+01
2.645811e+01
2.646496e+01
2.647181e+01
2.647866e+01
2.648551e+01
2.649237e+01
2.649922e+01
2.650607e+01
2.651292e+01
2.651977e+01
2.652662e+01
2.653347e+01
2.654032e+01
2.654717e+01
2.655402e+01
2.656087e+01
2.656773e+01
2.657458e+01
2.658143e+01
2.658828e+01
2.659513e+01
2.660198e+01
2.660883e+01
2.661568e+01
2.662253e+01
2.662938e+01
2.663623e+01
2.664309e+01
2.664994e+01
2.665679e+01
2.666364e+01
2.667049e+01
2.667734e+01
2.668419e+01
2.669104e+01
2.669789e+01
2.670474e+01
2.671159e+01
2.671845e+01
2.672530e+01
2.673215e+01
2.673900e+01
2.674585e+01
2.675270e+01
2.675955e+01
2.676640e+01
2.677325e+01
2.678010e+01
2.678695e+01
2.679381e+01
2.680066e+01
2.680751e+01
2.681436e+01
2.682121e+01
2.682806e+01
2.683491e+01
2.684176e+01
2.684861e+01
2.685546e+01
2.686231e+01
2.686917e+01
2.687602e+01
2.688287e+01
2.688972e+01
2.689657e+01
2.690342e+01
2.691027e+01
2.691712e+01
2.692397e+01
2.693082e+01
2.693767e+01
2.694452e+01
2.695138e+01
2.695823e+01
2.696508e+01
2.697193e+01
2.697878e+01
2.698563e+01
2.699248e+01
2.699933e+01
2.700618e+01
2.701303e+01
2.701988e+01
2.702674e+01
2.703359e+01
2.704044e+01
2.704729e+01
2.705414e+01
2.706099e+01
2.706784e+01
2.707469e+01
2.708154e+01
2.708839e+01
2.709524e+01
2.710210e+01
2.710895e+01
2.711580e+01
2.712265e+01
2.712950e+01
2.713635e+01
2.714320e+01
2.715005e+01
2.715690e+01
2.716375e+01
2.717060e+01
2.717746e+01
2.718431e+01
2.719116e+01
2.719801e+01
2.720486e+01
2.721171e+01
2.721856e+01
2.722541e+01
2.723226e+01
2.723911e+01
2.724596e+01
2.725282e+01
2.725967e+01
2.726652e+01
2.727337e+01
2.728022e+01
2.728707e+01
2.729392e+01
2.730077e+01
2.730762e+01
2.731447e+01
2.732132e+01
2.732817e+01
2.733503e+01
2.734188e+01
2.734873e+01
2.735558e+01
2.736243e+01
2.736928e+01
