5.800000e-01
5.803332e-01
5.806668e-01
5.810000e-01
5.813332e-01
5.816668e-01
5.820000e-01
5.823332e-01
5.826668e-01
5.830000e-01
5.833332e-01
5.836668e-01
5.840000e-01
5.843332e-01
5.846668e-01
5.850000e-01
5.853332e-01
5.856668e-01
5.860000e-01
5.863332e-01
5.866668e-01
5.870000e-01
5.873332e-01
5.876668e-01
5.880000e-01
5.883332e-01
5.886668e-01
5.890000e-01
5.893332e-01
5.896668e-01
5.900000e-01
5.900000e-01
5.900000e-01
5.900000e-01
5.900000e-01
5.900000e-01
5.900000e-01
5.900000e-01
5.900000e-01
5.900000e-01
5.900000e-01
5.900000e-01
5.900000e-01
5.900000e-01
5.900000e-01
5.900000e-01
5.900000e-01
5.900000e-01
5.900000e-01
5.900000e-01
5.900000e-01
5.903667e-01
5.907333e-01
5.911000e-01
5.914667e-01
5.918333e-01
5.922000e-01
5.925667e-01
5.929333e-01
5.933000e-01
5.936667e-01
5.940333e-01
5.944000e-01
5.947667e-01
5.951333e-01
5.955000e-01
5.958667e-01
5.962333e-01
5.966000e-01
5.970001e-01
5.973333e-01
5.976666e-01
5.980001e-01
5.983333e-01
5.986666e-01
5.990001e-01
5.993333e-01
5.996666e-01
6.000001e-01
6.003333e-01
6.006666e-01
6.010001e-01
6.013333e-01
6.016666e-01
6.020001e-01
6.023333e-01
6.026666e-01
6.030001e-01
6.033333e-01
6.036666e-01
6.040001e-01
6.043333e-01
6.046666e-01
6.050001e-01
6.053333e-01
6.056666e-01
6.060001e-01
6.063333e-01
6.066666e-01
6.070001e-01
6.073333e-01
6.076267e-01
6.079200e-01
6.082133e-01
6.085067e-01
6.088000e-01
6.090933e-01
6.093867e-01
6.096800e-01
6.099733e-01
6.102667e-01
6.105600e-01
6.108533e-01
6.111467e-01
6.114400e-01
6.117333e-01
6.120267e-01
6.123200e-01
6.126133e-01
6.129067e-01
6.132000e-01
6.134933e-01
6.137867e-01
6.140800e-01
6.143733e-01
6.146667e-01
6.149600e-01
6.152533e-01
6.155467e-01
6.158400e-01
6.161333e-01
6.164267e-01
6.167200e-01
6.170133e-01
6.173067e-01
6.176000e-01
6.178933e-01
6.181867e-01
6.184800e-01
6.187733e-01
6.190667e-01
6.193600e-01
6.196533e-01
6.199467e-01
6.202400e-01
6.205333e-01
6.208267e-01
6.211200e-01
6.214133e-01
6.217067e-01
6.220000e-01
6.222533e-01
6.225067e-01
6.227600e-01
6.230133e-01
6.232667e-01
6.235200e-01
6.237733e-01
6.240267e-01
6.242800e-01
6.245333e-01
6.247867e-01
6.250400e-01
6.252933e-01
6.255467e-01
6.258000e-01
6.260533e-01
6.263067e-01
6.265600e-01
6.268133e-01
6.270667e-01
6.273200e-01
6.275733e-01
6.278267e-01
6.280800e-01
6.283333e-01
6.285867e-01
6.288400e-01
6.290933e-01
6.293467e-01
6.296000e-01
6.298533e-01
6.301067e-01
6.303600e-01
6.306133e-01
6.308667e-01
6.311200e-01
6.313733e-01
6.316267e-01
6.318800e-01
6.321333e-01
6.323867e-01
6.326400e-01
6.328933e-01
6.331467e-01
6.334000e-01
6.336533e-01
6.339067e-01
6.341600e-01
6.344133e-01
6.346667e-01
6.370267e-01
6.393867e-01
6.417467e-01
6.441067e-01
6.464667e-01
6.488267e-01
6.511867e-01
6.535467e-01
6.559067e-01
6.582667e-01
6.606267e-01
6.629867e-01
6.653467e-01
6.677067e-01
6.700667e-01
6.724267e-01
6.747867e-01
6.771467e-01
6.795067e-01
6.818667e-01
6.842267e-01
6.865867e-01
6.889467e-01
6.913067e-01
6.936667e-01
6.960267e-01
6.983867e-01
7.007467e-01
7.031067e-01
7.054667e-01
7.078267e-01
7.101867e-01
7.125467e-01
7.149067e-01
7.172667e-01
7.196267e-01
7.219867e-01
7.243467e-01
7.267067e-01
7.290667e-01
7.314267e-01
7.337867e-01
7.361467e-01
7.385067e-01
7.408667e-01
7.432267e-01
7.455867e-01
7.479467e-01
7.503067e-01
7.526667e-01
7.550267e-01
7.573867e-01
7.597467e-01
7.621067e-01
7.644667e-01
7.668267e-01
7.691867e-01
7.715467e-01
7.739067e-01
7.762667e-01
7.786267e-01
7.809867e-01
7.833467e-01
7.857067e-01
7.880667e-01
7.904267e-01
7.927867e-01
7.951467e-01
7.975067e-01
7.998667e-01
8.022267e-01
8.045867e-01
8.069467e-01
8.093067e-01
8.116667e-01
8.140267e-01
8.163867e-01
8.187467e-01
8.211067e-01
8.234667e-01
8.258267e-01
8.281867e-01
8.305467e-01
8.329067e-01
8.352667e-01
8.376267e-01
8.399867e-01
8.423467e-01
8.447067e-01
8.470667e-01
8.494267e-01
8.517867e-01
8.541467e-01
8.565067e-01
8.588667e-01
8.612267e-01
8.635867e-01
8.659467e-01
8.683067e-01
8.706667e-01
8.715267e-01
8.723867e-01
8.732467e-01
8.741067e-01
8.749667e-01
8.758267e-01
8.766867e-01
8.775467e-01
8.784067e-01
8.792667e-01
8.801267e-01
8.809867e-01
8.818467e-01
8.827067e-01
8.835667e-01
8.844267e-01
8.852867e-01
8.861467e-01
8.870067e-01
8.878667e-01
8.887267e-01
8.895867e-01
8.904467e-01
8.913067e-01
8.921667e-01
8.930267e-01
8.938867e-01
8.947467e-01
8.956067e-01
8.964667e-01
8.973267e-01
8.981867e-01
8.990467e-01
8.999067e-01
9.007667e-01
9.016267e-01
9.024867e-01
9.033467e-01
9.042067e-01
9.050667e-01
9.059267e-01
9.067867e-01
9.076467e-01
9.085067e-01
9.093667e-01
9.102267e-01
9.110867e-01
9.119467e-01
9.128067e-01
9.136667e-01
9.145267e-01
9.153867e-01
9.162467e-01
9.171067e-01
9.179667e-01
9.188267e-01
9.196867e-01
9.205467e-01
9.214067e-01
9.222667e-01
9.231267e-01
9.239867e-01
9.248467e-01
9.257067e-01
9.265667e-01
9.274267e-01
9.282867e-01
9.291467e-01
9.300067e-01
9.308667e-01
9.317267e-01
9.325867e-01
9.334467e-01
9.343067e-01
9.351667e-01
9.360267e-01
9.368867e-01
9.377467e-01
9.386067e-01
9.394667e-01
9.403267e-01
9.411867e-01
9.420467e-01
9.429067e-01
9.437667e-01
9.446267e-01
9.454867e-01
9.463467e-01
9.472067e-01
9.480667e-01
9.489267e-01
9.497867e-01
9.506467e-01
9.515067e-01
9.523667e-01
9.532267e-01
9.540867e-01
9.549467e-01
9.558067e-01
9.566667e-01
9.573800e-01
9.580933e-01
9.588067e-01
9.595200e-01
9.602333e-01
9.609467e-01
9.616600e-01
9.623733e-01
9.630867e-01
9.638000e-01
9.645133e-01
9.652267e-01
9.659400e-01
9.666533e-01
9.673667e-01
9.680800e-01
9.687933e-01
9.695067e-01
9.702200e-01
9.709333e-01
9.716467e-01
9.723600e-01
9.730733e-01
9.737867e-01
9.745000e-01
9.752133e-01
9.759267e-01
9.766400e-01
9.773533e-01
9.780667e-01
9.787800e-01
9.794933e-01
9.802067e-01
9.809200e-01
9.816333e-01
9.823467e-01
9.830600e-01
9.837733e-01
9.844867e-01
9.852000e-01
9.859133e-01
9.866267e-01
9.873400e-01
9.880533e-01
9.887667e-01
9.894800e-01
9.901933e-01
9.909067e-01
9.916200e-01
9.923333e-01
9.930467e-01
9.937600e-01
9.944733e-01
9.951867e-01
9.959000e-01
9.966133e-01
9.973267e-01
9.980400e-01
9.987533e-01
9.994667e-01
1.000180e+00
1.000893e+00
1.001607e+00
1.002320e+00
1.003033e+00
1.003747e+00
1.004460e+00
1.005173e+00
1.005887e+00
1.006600e+00
1.007313e+00
1.008027e+00
1.008740e+00
1.009453e+00
1.010167e+00
1.010880e+00
1.011593e+00
1.012307e+00
1.013020e+00
1.013733e+00
1.014447e+00
1.015160e+00
1.015873e+00
1.016587e+00
1.017300e+00
1.018013e+00
1.018727e+00
1.019440e+00
1.020153e+00
1.020867e+00
1.021580e+00
1.022293e+00
1.023007e+00
1.023720e+00
1.024433e+00
1.025147e+00
1.025860e+00
1.026573e+00
1.027287e+00
1.028000e+00
1.028713e+00
1.029427e+00
1.030140e+00
1.030853e+00
1.031567e+00
1.032280e+00
1.032993e+00
1.033707e+00
1.034420e+00
1.035133e+00
1.035847e+00
1.036560e+00
1.037273e+00
1.037987e+00
1.038700e+00
1.039413e+00
1.040127e+00
1.040840e+00
1.041553e+00
1.042267e+00
1.042980e+00
1.043693e+00
1.044407e+00
1.045120e+00
1.045833e+00
1.046547e+00
1.047260e+00
1.047973e+00
1.048687e+00
1.049400e+00
1.050113e+00
1.050827e+00
1.051540e+00
1.052253e+00
1.052967e+00
1.053680e+00
1.054393e+00
1.055107e+00
1.055820e+00
1.056533e+00
1.057247e+00
1.057960e+00
1.058673e+00
1.059387e+00
1.060100e+00
1.060813e+00
1.061527e+00
1.062240e+00
1.062953e+00
1.063667e+00
1.064380e+00
1.065093e+00
1.065807e+00
1.066520e+00
1.067233e+00
1.067947e+00
1.068660e+00
1.069373e+00
1.070087e+00
1.070800e+00
1.071513e+00
1.072227e+00
1.072940e+00
1.073653e+00
1.074367e+00
1.075080e+00
1.075793e+00
1.076507e+00
1.077220e+00
1.077933e+00
1.078647e+00
1.079360e+00
1.080073e+00
1.080787e+00
1.081500e+00
1.082213e+00
1.082927e+00
1.083640e+00
1.084353e+00
1.085067e+00
1.085780e+00
1.086493e+00
1.087207e+00
1.087920e+00
1.088633e+00
1.089347e+00
1.090060e+00
1.090773e+00
1.091487e+00
1.092200e+00
1.092913e+00
1.093627e+00
1.094340e+00
1.095053e+00
1.095767e+00
1.096480e+00
1.097193e+00
1.097907e+00
1.098620e+00
1.099333e+00
1.100207e+00
1.101080e+00
1.101953e+00
1.102827e+00
1.103700e+00
1.104573e+00
1.105447e+00
1.106320e+00
1.107193e+00
1.108067e+00
1.108940e+00
1.109813e+00
1.110687e+00
1.111560e+00
1.112433e+00
1.113307e+00
1.114180e+00
1.115053e+00
1.115927e+00
1.116800e+00
1.117673e+00
1.118547e+00
1.119420e+00
1.120293e+00
1.121167e+00
1.122040e+00
1.122913e+00
1.123787e+00
1.124660e+00
1.125533e+00
1.126407e+00
1.127280e+00
1.128153e+00
1.129027e+00
1.129900e+00
1.130773e+00
1.131647e+00
1.132520e+00
1.133393e+00
1.134267e+00
1.135140e+00
1.136013e+00
1.136887e+00
1.137760e+00
1.138633e+00
1.139507e+00
1.140380e+00
1.141253e+00
1.142127e+00
1.143000e+00
1.143873e+00
1.144747e+00
1.145620e+00
1.146493e+00
1.147367e+00
1.148240e+00
1.149113e+00
1.149987e+00
1.150860e+00
1.151733e+00
1.152607e+00
1.153480e+00
1.154353e+00
1.155227e+00
1.156100e+00
1.156973e+00
1.157847e+00
1.158720e+00
1.159593e+00
1.160467e+00
1.161340e+00
1.162213e+00
1.163087e+00
1.163960e+00
1.164833e+00
1.165707e+00
1.166580e+00
1.167453e+00
1.168327e+00
1.169200e+00
1.170073e+00
1.170947e+00
1.171820e+00
1.172693e+00
1.173567e+00
1.174440e+00
1.175313e+00
1.176187e+00
1.177060e+00
1.177933e+00
1.178807e+00
1.179680e+00
1.180553e+00
1.181427e+00
1.182300e+00
1.183173e+00
1.184047e+00
1.184920e+00
1.185793e+00
1.186667e+00
1.199534e+00
1.212400e+00
1.225267e+00
1.238133e+00
1.251000e+00
1.263866e+00
1.276733e+00
1.289599e+00
1.302466e+00
1.315332e+00
1.328199e+00
1.341065e+00
1.353932e+00
1.366798e+00
1.379665e+00
1.392531e+00
1.405398e+00
1.418264e+00
1.431131e+00
1.443997e+00
1.456864e+00
1.469730e+00
1.482597e+00
1.495463e+00
1.508330e+00
1.521196e+00
1.534063e+00
1.546929e+00
1.559796e+00
1.572662e+00
1.585529e+00
1.598395e+00
1.611262e+00
1.624128e+00
1.636995e+00
1.649861e+00
1.662728e+00
1.675594e+00
1.688461e+00
1.701327e+00
1.714194e+00
1.727060e+00
1.739927e+00
1.752793e+00
1.765660e+00
1.778526e+00
1.791393e+00
1.804259e+00
1.817126e+00
1.829992e+00
1.842859e+00
1.855725e+00
1.868592e+00
1.881458e+00
1.894325e+00
1.907191e+00
1.920058e+00
1.932924e+00
1.945791e+00
1.958657e+00
1.971524e+00
1.984390e+00
1.997257e+00
2.010123e+00
2.022990e+00
2.035856e+00
2.048723e+00
2.061589e+00
2.074456e+00
2.087322e+00
2.100189e+00
2.113055e+00
2.125922e+00
2.138788e+00
2.151655e+00
2.164521e+00
2.177388e+00
2.190254e+00
2.203121e+00
2.215987e+00
2.228854e+00
2.241720e+00
2.254587e+00
2.267453e+00
2.280320e+00
2.293186e+00
2.306053e+00
2.318919e+00
2.331786e+00
2.344652e+00
2.357519e+00
2.370385e+00
2.383252e+00
2.396118e+00
2.408985e+00
2.421851e+00
2.434718e+00
2.447584e+00
2.460451e+00
2.473317e+00
2.486184e+00
2.499050e+00
2.511917e+00
2.524783e+00
2.537650e+00
2.550516e+00
2.563383e+00
2.576249e+00
2.589116e+00
2.601982e+00
2.614849e+00
2.627715e+00
2.640582e+00
2.653448e+00
2.666315e+00
2.679181e+00
2.692048e+00
2.704914e+00
2.717781e+00
2.730647e+00
2.743514e+00
2.756380e+00
2.769247e+00
2.782113e+00
2.794980e+00
2.807846e+00
2.820713e+00
2.833579e+00
2.846446e+00
2.859312e+00
2.872179e+00
2.885045e+00
2.897912e+00
2.910778e+00
2.923645e+00
2.936511e+00
2.949378e+00
2.962244e+00
2.975111e+00
2.987977e+00
3.000844e+00
3.013710e+00
3.026577e+00
3.039443e+00
3.052310e+00
3.065176e+00
3.078043e+00
3.090909e+00
3.103776e+00
3.116642e+00
3.129509e+00
3.142375e+00
3.155242e+00
3.168108e+00
3.180975e+00
3.193841e+00
3.206708e+00
3.219574e+00
3.232441e+00
3.245307e+00
3.258174e+00
3.271040e+00
3.283907e+00
3.296773e+00
3.309640e+00
3.322506e+00
3.335373e+00
3.348239e+00
3.361106e+00
3.373972e+00
3.386839e+00
3.399705e+00
3.412572e+00
3.425438e+00
3.438305e+00
3.451171e+00
3.464038e+00
3.476904e+00
3.489771e+00
3.502637e+00
3.515504e+00
3.528370e+00
3.541237e+00
3.554103e+00
3.566970e+00
3.579836e+00
3.592703e+00
3.605569e+00
3.618436e+00
3.631302e+00
3.644169e+00
3.657035e+00
3.669902e+00
3.682768e+00
3.695635e+00
3.708501e+00
3.721368e+00
3.734234e+00
3.747101e+00
3.759967e+00
3.772834e+00
3.785700e+00
3.798567e+00
3.811433e+00
3.824300e+00
3.837166e+00
3.850033e+00
3.862899e+00
3.875766e+00
3.888632e+00
3.901499e+00
3.914365e+00
3.927232e+00
3.940098e+00
3.952965e+00
3.965831e+00
3.978698e+00
3.991564e+00
4.004431e+00
4.017297e+00
4.030164e+00
4.043030e+00
4.055897e+00
4.068763e+00
4.081630e+00
4.094496e+00
4.107363e+00
4.120229e+00
4.133096e+00
4.145962e+00
4.158829e+00
4.171695e+00
4.184562e+00
4.197428e+00
4.210295e+00
4.223161e+00
4.236028e+00
4.248894e+00
4.261761e+00
4.274627e+00
4.287494e+00
4.300360e+00
4.313227e+00
4.326093e+00
4.338960e+00
4.351826e+00
4.364693e+00
4.377559e+00
4.390426e+00
4.403292e+00
4.416159e+00
4.429025e+00
4.441892e+00
4.454758e+00
4.467625e+00
4.480491e+00
4.493358e+00
4.506224e+00
4.519091e+00
4.531957e+00
4.544824e+00
4.557690e+00
4.570557e+00
4.583423e+00
4.596290e+00
4.609156e+00
4.622023e+00
4.634889e+00
4.647756e+00
4.660622e+00
4.673489e+00
4.686355e+00
4.699222e+00
4.712088e+00
4.724955e+00
4.737821e+00
4.750688e+00
4.763554e+00
4.776421e+00
4.789287e+00
4.802154e+00
4.815020e+00
4.827887e+00
4.840753e+00
4.853620e+00
4.866486e+00
4.879353e+00
4.892219e+00
4.905086e+00
4.917952e+00
4.930819e+00
4.943685e+00
4.956552e+00
4.969418e+00
4.982285e+00
4.995151e+00
5.008018e+00
5.020884e+00
5.033751e+00
5.046617e+00
5.059484e+00
5.072350e+00
5.085217e+00
5.098083e+00
5.110950e+00
5.123816e+00
5.136683e+00
5.149549e+00
5.162416e+00
5.175282e+00
5.188149e+00
5.201015e+00
5.213882e+00
5.226748e+00
5.239615e+00
5.252481e+00
5.265348e+00
5.278214e+00
5.291081e+00
5.303947e+00
5.316814e+00
5.329680e+00
5.342547e+00
5.355413e+00
5.368280e+00
5.381146e+00
5.394013e+00
5.406879e+00
5.419746e+00
5.432612e+00
5.445479e+00
5.458345e+00
5.471212e+00
5.484078e+00
5.496945e+00
5.509811e+00
5.522678e+00
5.535544e+00
5.548411e+00
5.561277e+00
5.574144e+00
5.587010e+00
5.599877e+00
5.612743e+00
5.625610e+00
5.638476e+00
5.651343e+00
5.664209e+00
5.677076e+00
5.689942e+00
5.702809e+00
5.715675e+00
5.728542e+00
5.741408e+00
5.754275e+00
5.767141e+00
5.780008e+00
5.792874e+00
5.805741e+00
5.818607e+00
5.831474e+00
5.844340e+00
5.857207e+00
5.870073e+00
5.882940e+00
5.895806e+00
5.908673e+00
5.921539e+00
5.934406e+00
5.947272e+00
5.960139e+00
5.973005e+00
5.985872e+00
5.998738e+00
6.011605e+00
6.024471e+00
6.037338e+00
6.050204e+00
6.063071e+00
6.075937e+00
6.088804e+00
6.101670e+00
6.114537e+00
6.127403e+00
6.140270e+00
6.153136e+00
6.166003e+00
6.178869e+00
6.191736e+00
6.204602e+00
6.217469e+00
6.230335e+00
6.243202e+00
6.256068e+00
6.268935e+00
6.281801e+00
6.294668e+00
6.307534e+00
6.320401e+00
6.333267e+00
6.346134e+00
6.359000e+00
6.371867e+00
6.384733e+00
6.397600e+00
6.410466e+00
6.423333e+00
6.429764e+00
6.436196e+00
6.442627e+00
6.449058e+00
6.455489e+00
6.461920e+00
6.468351e+00
6.474782e+00
6.481213e+00
6.487644e+00
6.494076e+00
6.500507e+00
6.506938e+00
6.513369e+00
6.519800e+00
6.526231e+00
6.532662e+00
6.539093e+00
6.545524e+00
6.551956e+00
6.558387e+00
6.564818e+00
6.571249e+00
6.577680e+00
6.584111e+00
6.590542e+00
6.596973e+00
6.603404e+00
6.609836e+00
6.616267e+00
6.622698e+00
6.629129e+00
6.635560e+00
6.641991e+00
6.648422e+00
6.654853e+00
6.661284e+00
6.667716e+00
6.674147e+00
6.680578e+00
6.687009e+00
6.693440e+00
6.699871e+00
6.706302e+00
6.712733e+00
6.719164e+00
6.725596e+00
6.732027e+00
6.738458e+00
6.744889e+00
6.751320e+00
6.757751e+00
6.764182e+00
6.770613e+00
6.777044e+00
6.783476e+00
6.789907e+00
6.796338e+00
6.802769e+00
6.809200e+00
6.815631e+00
6.822062e+00
6.828493e+00
6.834924e+00
6.841356e+00
6.847787e+00
6.854218e+00
6.860649e+00
6.867080e+00
6.873511e+00
6.879942e+00
6.886373e+00
6.892804e+00
6.899236e+00
6.905667e+00
6.912098e+00
6.918529e+00
6.924960e+00
6.931391e+00
6.937822e+00
6.944253e+00
6.950684e+00
6.957116e+00
6.963547e+00
6.969978e+00
6.976409e+00
6.982840e+00
6.989271e+00
6.995702e+00
7.002133e+00
7.008564e+00
7.014996e+00
7.021427e+00
7.027858e+00
7.034289e+00
7.040720e+00
7.047151e+00
7.053582e+00
7.060013e+00
7.066444e+00
7.072383e+00
7.078321e+00
7.084259e+00
7.090197e+00
7.096135e+00
7.102073e+00
7.108011e+00
7.113949e+00
7.119887e+00
7.125825e+00
7.131763e+00
7.137701e+00
7.143640e+00
7.149578e+00
7.155516e+00
7.161454e+00
7.167392e+00
7.173330e+00
7.179268e+00
7.185206e+00
7.191144e+00
7.197082e+00
7.203020e+00
7.208959e+00
7.214897e+00
7.220835e+00
7.226773e+00
7.232711e+00
7.238649e+00
7.244587e+00
7.250525e+00
7.256463e+00
7.262401e+00
7.268339e+00
7.274278e+00
7.280216e+00
7.286154e+00
7.292092e+00
7.298030e+00
7.303968e+00
7.309906e+00
7.315844e+00
7.321782e+00
7.327720e+00
7.333658e+00
7.339596e+00
7.345535e+00
7.351473e+00
7.357411e+00
7.363349e+00
7.369287e+00
7.375225e+00
7.381163e+00
7.387101e+00
7.393039e+00
7.398977e+00
7.404915e+00
7.410854e+00
7.416792e+00
7.422730e+00
7.428668e+00
7.434606e+00
7.440544e+00
7.446482e+00
7.452420e+00
7.458358e+00
7.464296e+00
7.470234e+00
7.476172e+00
7.482111e+00
7.488049e+00
7.493987e+00
7.499925e+00
7.505863e+00
7.511801e+00
7.517739e+00
7.523677e+00
7.529615e+00
7.535553e+00
7.541491e+00
7.547430e+00
7.553368e+00
7.559306e+00
7.565244e+00
7.571182e+00
7.577120e+00
7.583058e+00
7.588996e+00
7.594934e+00
7.600872e+00
7.606810e+00
7.612748e+00
7.618687e+00
7.624625e+00
7.630563e+00
7.636501e+00
7.642439e+00
7.648377e+00
7.654315e+00
7.660253e+00
7.666191e+00
7.672129e+00
7.678067e+00
7.684006e+00
7.689944e+00
7.695882e+00
7.701820e+00
7.707758e+00
7.713696e+00
7.719634e+00
7.725572e+00
7.731510e+00
7.737448e+00
7.743386e+00
7.749325e+00
7.755263e+00
7.761201e+00
7.767139e+00
7.773077e+00
7.779015e+00
7.784953e+00
7.790891e+00
7.796829e+00
7.802767e+00
7.808705e+00
7.814643e+00
7.820582e+00
7.826519e+00
7.832458e+00
7.838396e+00
7.844334e+00
7.850272e+00
7.856210e+00
7.862148e+00
7.868086e+00
7.874024e+00
7.879962e+00
7.885901e+00
7.891838e+00
7.897777e+00
7.903715e+00
7.909653e+00
7.915591e+00
7.921529e+00
7.927467e+00
7.933405e+00
7.939343e+00
7.945281e+00
7.951220e+00
7.957157e+00
7.963096e+00
7.969034e+00
7.974972e+00
7.980910e+00
7.986848e+00
7.992786e+00
7.998724e+00
8.004662e+00
8.010600e+00
8.016539e+00
8.022476e+00
8.028415e+00
8.034352e+00
8.040291e+00
8.046229e+00
8.052167e+00
8.058105e+00
8.064043e+00
8.069981e+00
8.075919e+00
8.081858e+00
8.087795e+00
8.093734e+00
8.099671e+00
8.105610e+00
8.111548e+00
8.117486e+00
8.123424e+00
8.129362e+00
8.135300e+00
8.141238e+00
8.147176e+00
8.153114e+00
8.159053e+00
8.164990e+00
8.170929e+00
8.176867e+00
8.182805e+00
8.188743e+00
8.194681e+00
8.200619e+00
8.206557e+00
8.212495e+00
8.218433e+00
8.224372e+00
8.230309e+00
8.236248e+00
8.242186e+00
8.248124e+00
8.254062e+00
8.260000e+00
8.266309e+00
8.272618e+00
8.278927e+00
8.285236e+00
8.291545e+00
8.297854e+00
8.304163e+00
8.310473e+00
8.316781e+00
8.323090e+00
8.329400e+00
8.335709e+00
8.342018e+00
8.348327e+00
8.354636e+00
8.360945e+00
8.367254e+00
8.373563e+00
8.379872e+00
8.386181e+00
8.392490e+00
8.398799e+00
8.405108e+00
8.411417e+00
8.417726e+00
8.424036e+00
8.430344e+00
8.436653e+00
8.442963e+00
8.449272e+00
8.455580e+00
8.461890e+00
8.468199e+00
8.474508e+00
8.480817e+00
8.487126e+00
8.493435e+00
8.499744e+00
8.506053e+00
8.512362e+00
8.518671e+00
8.524980e+00
8.531289e+00
8.537598e+00
8.543907e+00
8.550216e+00
8.556526e+00
8.562834e+00
8.569143e+00
8.575453e+00
8.581762e+00
8.588071e+00
8.594380e+00
8.600689e+00
8.606998e+00
8.613307e+00
8.619616e+00
8.625925e+00
8.632234e+00
8.638543e+00
8.644852e+00
8.651161e+00
8.657470e+00
8.663779e+00
8.670089e+00
8.676397e+00
8.682706e+00
8.689016e+00
8.695325e+00
8.701633e+00
8.707943e+00
8.714252e+00
8.720561e+00
8.726870e+00
8.733179e+00
8.739488e+00
8.745797e+00
8.752106e+00
8.758415e+00
8.764724e+00
8.771033e+00
8.777342e+00
8.783651e+00
8.789960e+00
8.796269e+00
8.802578e+00
8.808888e+00
8.815196e+00
8.821505e+00
8.827815e+00
8.834124e+00
8.840432e+00
8.846742e+00
8.853051e+00
8.859360e+00
8.865669e+00
8.871978e+00
8.878287e+00
8.884596e+00
8.890905e+00
8.897214e+00
8.903523e+00
8.909832e+00
8.916141e+00
8.922450e+00
8.928759e+00
8.935068e+00
8.941378e+00
8.947686e+00
8.953995e+00
8.960305e+00
8.966614e+00
8.972923e+00
8.979232e+00
8.985541e+00
8.991850e+00
8.998159e+00
9.004468e+00
9.010777e+00
9.017086e+00
9.023395e+00
9.029704e+00
9.036013e+00
9.042322e+00
9.048631e+00
9.054941e+00
9.061249e+00
9.067558e+00
9.073868e+00
9.080177e+00
9.086485e+00
9.092795e+00
9.099104e+00
9.105413e+00
9.111722e+00
9.118031e+00
9.124340e+00
9.130649e+00
9.136958e+00
9.143267e+00
9.149576e+00
9.155885e+00
9.162194e+00
9.168503e+00
9.174812e+00
9.181121e+00
9.187431e+00
9.193740e+00
9.200048e+00
9.206358e+00
9.212667e+00
9.218976e+00
9.225285e+00
9.231594e+00
9.237903e+00
9.244212e+00
9.250521e+00
9.256830e+00
9.263139e+00
9.269448e+00
9.275757e+00
9.282066e+00
9.288375e+00
9.294684e+00
9.300994e+00
9.307302e+00
9.313611e+00
9.319921e+00
9.326230e+00
9.332538e+00
9.338848e+00
9.345157e+00
9.351466e+00
9.357775e+00
9.364084e+00
9.370393e+00
9.376702e+00
9.383011e+00
9.389320e+00
9.395629e+00
9.401938e+00
9.408247e+00
9.414556e+00
9.420865e+00
9.427174e+00
9.433484e+00
9.439793e+00
9.446101e+00
9.452411e+00
9.458720e+00
9.465029e+00
9.471338e+00
9.477647e+00
9.483956e+00
9.490265e+00
9.496574e+00
9.502883e+00
9.509192e+00
9.515501e+00
9.521810e+00
9.528119e+00
9.534428e+00
9.540737e+00
9.547047e+00
9.553355e+00
9.559664e+00
9.565974e+00
9.572283e+00
9.578592e+00
9.584901e+00
9.591210e+00
9.597519e+00
9.603828e+00
9.610137e+00
9.616446e+00
9.622755e+00
9.629064e+00
9.635373e+00
9.641682e+00
9.647991e+00
9.654300e+00
9.660610e+00
9.666918e+00
9.673227e+00
9.679537e+00
9.685846e+00
9.692154e+00
9.698463e+00
9.704773e+00
9.711082e+00
9.717390e+00
9.723700e+00
9.730009e+00
9.736318e+00
9.742627e+00
9.748936e+00
9.755245e+00
9.761554e+00
9.767863e+00
9.774172e+00
9.780481e+00
9.786790e+00
9.793099e+00
9.799408e+00
9.805717e+00
9.812026e+00
9.818336e+00
9.824645e+00
9.830953e+00
9.837263e+00
9.843572e+00
9.849881e+00
9.856190e+00
9.862499e+00
9.868808e+00
9.875117e+00
9.881426e+00
9.887735e+00
9.894044e+00
9.900353e+00
9.906662e+00
9.912971e+00
9.919280e+00
9.925589e+00
9.931899e+00
9.938207e+00
9.944516e+00
9.950826e+00
9.957135e+00
9.963444e+00
9.969753e+00
9.976062e+00
9.982371e+00
9.988680e+00
9.994989e+00
1.000130e+01
1.000761e+01
1.001392e+01
1.002022e+01
1.002653e+01
1.003284e+01
1.003915e+01
1.004546e+01
1.005177e+01
1.005808e+01
1.006439e+01
1.007070e+01
1.007701e+01
1.008332e+01
1.008962e+01
1.009593e+01
1.010224e+01
1.010855e+01
1.011486e+01
1.012117e+01
1.012748e+01
1.013379e+01
1.014010e+01
1.014641e+01
1.015272e+01
1.015902e+01
1.016533e+01
1.017195e+01
1.017857e+01
1.018519e+01
1.019181e+01
1.019843e+01
1.020505e+01
1.021167e+01
1.021829e+01
1.022491e+01
1.023152e+01
1.023814e+01
1.024476e+01
1.025138e+01
1.025800e+01
1.026462e+01
1.027124e+01
1.027786e+01
1.028448e+01
1.029110e+01
1.029772e+01
1.030433e+01
1.031095e+01
1.031757e+01
1.032419e+01
1.033081e+01
1.033743e+01
1.034405e+01
1.035067e+01
1.035729e+01
1.036391e+01
1.037053e+01
1.037715e+01
1.038376e+01
1.039038e+01
1.039700e+01
1.040362e+01
1.041024e+01
1.041686e+01
1.042348e+01
1.043010e+01
1.043672e+01
1.044334e+01
1.044996e+01
1.045657e+01
1.046319e+01
1.046981e+01
1.047643e+01
1.048305e+01
1.048967e+01
1.049629e+01
1.050291e+01
1.050953e+01
1.051615e+01
1.052277e+01
1.052939e+01
1.053600e+01
1.054262e+01
1.054924e+01
1.055586e+01
1.056248e+01
1.056910e+01
1.057572e+01
1.058234e+01
1.058896e+01
1.059558e+01
1.060220e+01
1.060881e+01
1.061543e+01
1.062205e+01
1.062867e+01
1.063529e+01
1.064191e+01
1.064853e+01
1.065515e+01
1.066177e+01
1.066839e+01
1.067501e+01
1.068163e+01
1.068824e+01
1.069486e+01
1.070148e+01
1.070810e+01
1.071472e+01
1.072134e+01
1.072796e+01
1.073458e+01
1.074120e+01
1.074782e+01
1.075444e+01
1.076105e+01
1.076767e+01
1.077429e+01
1.078091e+01
1.078753e+01
1.079415e+01
1.080077e+01
1.080739e+01
1.081401e+01
1.082063e+01
1.082725e+01
1.083386e+01
1.084048e+01
1.084710e+01
1.085372e+01
1.086034e+01
1.086696e+01
1.087358e+01
1.088020e+01
1.088682e+01
1.089344e+01
1.090006e+01
1.090668e+01
1.091329e+01
1.091991e+01
1.092653e+01
1.093315e+01
1.093977e+01
1.094639e+01
1.095301e+01
1.095963e+01
1.096625e+01
1.097287e+01
1.097949e+01
1.098611e+01
1.099272e+01
1.099934e+01
1.100596e+01
1.101258e+01
1.101920e+01
1.102582e+01
1.103244e+01
1.103906e+01
1.104568e+01
1.105230e+01
1.105892e+01
1.106553e+01
1.107215e+01
1.107877e+01
1.108539e+01
1.109201e+01
1.109863e+01
1.110525e+01
1.111187e+01
1.111849e+01
1.112511e+01
1.113173e+01
1.113835e+01
1.114496e+01
1.115158e+01
1.115820e+01
1.116482e+01
1.117144e+01
1.117806e+01
1.118468e+01
1.119130e+01
1.119792e+01
1.120454e+01
1.121116e+01
1.121777e+01
1.122439e+01
1.123101e+01
1.123763e+01
1.124425e+01
1.125087e+01
1.125749e+01
1.126411e+01
1.127073e+01
1.127735e+01
1.128397e+01
1.129058e+01
1.129720e+01
1.130382e+01
1.131044e+01
1.131706e+01
1.132368e+01
1.133030e+01
1.133692e+01
1.134354e+01
1.135016e+01
1.135678e+01
1.136340e+01
1.137001e+01
1.137663e+01
1.138325e+01
1.138987e+01
1.139649e+01
1.140311e+01
1.140973e+01
1.141635e+01
1.142297e+01
1.142959e+01
1.143621e+01
1.144282e+01
1.144944e+01
1.145606e+01
1.146268e+01
1.146930e+01
1.147592e+01
1.148254e+01
1.148916e+01
1.149578e+01
1.150247e+01
1.150916e+01
1.151585e+01
1.152255e+01
1.152924e+01
1.153593e+01
1.154262e+01
1.154931e+01
1.155601e+01
1.156270e+01
1.156939e+01
1.157608e+01
1.158278e+01
1.158947e+01
1.159616e+01
1.160285e+01
1.160954e+01
1.161624e+01
1.162293e+01
1.162962e+01
1.163631e+01
1.164300e+01
1.164970e+01
1.165639e+01
1.166308e+01
1.166977e+01
1.167646e+01
1.168316e+01
1.168985e+01
1.169654e+01
1.170323e+01
1.170993e+01
1.171662e+01
1.172331e+01
1.173000e+01
1.173669e+01
1.174339e+01
1.175008e+01
1.175677e+01
1.176346e+01
1.177015e+01
1.177685e+01
1.178354e+01
1.179023e+01
1.179692e+01
1.180361e+01
1.181031e+01
1.181700e+01
1.182369e+01
1.183038e+01
1.183707e+01
1.184377e+01
1.185046e+01
1.185715e+01
1.186384e+01
1.187054e+01
1.187723e+01
1.188392e+01
1.189061e+01
1.189730e+01
1.190400e+01
1.191069e+01
1.191738e+01
1.192407e+01
1.193076e+01
1.193746e+01
1.194415e+01
1.195084e+01
1.195753e+01
1.196422e+01
1.197092e+01
1.197761e+01
1.198430e+01
1.199099e+01
1.199768e+01
1.200438e+01
1.201107e+01
1.201776e+01
1.202445e+01
1.203115e+01
1.203784e+01
1.204453e+01
1.205122e+01
1.205791e+01
1.206461e+01
1.207130e+01
1.207799e+01
1.208468e+01
1.209137e+01
1.209807e+01
1.210476e+01
1.211145e+01
1.211814e+01
1.212483e+01
1.213153e+01
1.213822e+01
1.214491e+01
1.215160e+01
1.215830e+01
1.216499e+01
1.217168e+01
1.217837e+01
1.218506e+01
1.219176e+01
1.219845e+01
1.220514e+01
1.221183e+01
1.221852e+01
1.222522e+01
1.223191e+01
1.223860e+01
1.224529e+01
1.225198e+01
1.225868e+01
1.226537e+01
1.227206e+01
1.227875e+01
1.228544e+01
1.229214e+01
1.229883e+01
1.230552e+01
1.231221e+01
1.231891e+01
1.232560e+01
1.233229e+01
1.233898e+01
1.234567e+01
1.235237e+01
1.235906e+01
1.236575e+01
1.237244e+01
1.237913e+01
1.238583e+01
1.239252e+01
1.239921e+01
1.240590e+01
1.241259e+01
1.241929e+01
1.242598e+01
1.243267e+01
1.243936e+01
1.244606e+01
1.245275e+01
1.245944e+01
1.246613e+01
1.247282e+01
1.247952e+01
1.248621e+01
1.249290e+01
1.249959e+01
1.250628e+01
1.251298e+01
1.251967e+01
1.252636e+01
1.253305e+01
1.253974e+01
1.254644e+01
1.255313e+01
1.255982e+01
1.256651e+01
1.257321e+01
1.257990e+01
1.258659e+01
1.259328e+01
1.259997e+01
1.260667e+01
1.261336e+01
1.262005e+01
1.262674e+01
1.263343e+01
1.264013e+01
1.264682e+01
1.265351e+01
1.266020e+01
1.266689e+01
1.267359e+01
1.268028e+01
1.268697e+01
1.269366e+01
1.270036e+01
1.270705e+01
1.271374e+01
1.272043e+01
1.272712e+01
1.273382e+01
1.274051e+01
1.274720e+01
1.275389e+01
1.276058e+01
1.276728e+01
1.277397e+01
1.278066e+01
1.278735e+01
1.279404e+01
1.280074e+01
1.280743e+01
1.281412e+01
1.282081e+01
1.282750e+01
1.283420e+01
1.284089e+01
1.284780e+01
1.285470e+01
1.286161e+01
1.286852e+01
1.287543e+01
1.288234e+01
1.288924e+01
1.289615e+01
1.290306e+01
1.290997e+01
1.291688e+01
1.292379e+01
1.293069e+01
1.293760e+01
1.294451e+01
1.295142e+01
1.295833e+01
1.296523e+01
1.297214e+01
1.297905e+01
1.298596e+01
1.299287e+01
1.299977e+01
1.300668e+01
1.301359e+01
1.302050e+01
1.302741e+01
1.303431e+01
1.304122e+01
1.304813e+01
1.305504e+01
1.306195e+01
1.306885e+01
1.307576e+01
1.308267e+01
1.308958e+01
1.309649e+01
1.310339e+01
1.311030e+01
1.311721e+01
1.312412e+01
1.313103e+01
1.313793e+01
1.314484e+01
1.315175e+01
1.315866e+01
1.316557e+01
1.317247e+01
1.317938e+01
1.318629e+01
1.319320e+01
1.320011e+01
1.320701e+01
1.321392e+01
1.322083e+01
1.322774e+01
1.323465e+01
1.324155e+01
1.324846e+01
1.325537e+01
1.326228e+01
1.326919e+01
1.327609e+01
1.328300e+01
1.328991e+01
1.329682e+01
1.330373e+01
1.331063e+01
1.331754e+01
1.332445e+01
1.333136e+01
1.333827e+01
1.334517e+01
1.335208e+01
1.335899e+01
1.336590e+01
1.337281e+01
1.337971e+01
1.338662e+01
1.339353e+01
1.340044e+01
1.340735e+01
1.341425e+01
1.342116e+01
1.342807e+01
1.343498e+01
1.344189e+01
1.344879e+01
1.345570e+01
1.346261e+01
1.346952e+01
1.347643e+01
1.348333e+01
1.349024e+01
1.349715e+01
1.350406e+01
1.351097e+01
1.351788e+01
1.352478e+01
1.353169e+01
1.353860e+01
1.354551e+01
1.355241e+01
1.355932e+01
1.356623e+01
1.357314e+01
1.358005e+01
1.358696e+01
1.359386e+01
1.360077e+01
1.360768e+01
1.361459e+01
1.362150e+01
1.362840e+01
1.363531e+01
1.364222e+01
1.364913e+01
1.365604e+01
1.366294e+01
1.366985e+01
1.367676e+01
1.368367e+01
1.369058e+01
1.369748e+01
1.370439e+01
1.371130e+01
1.371821e+01
1.372512e+01
1.373202e+01
1.373893e+01
1.374584e+01
1.375275e+01
1.375966e+01
1.376656e+01
1.377347e+01
1.378038e+01
1.378729e+01
1.379420e+01
1.380110e+01
1.380801e+01
1.381492e+01
1.382183e+01
1.382874e+01
1.383564e+01
1.384255e+01
1.384946e+01
1.385637e+01
1.386328e+01
1.387018e+01
1.387709e+01
1.388400e+01
1.389091e+01
1.389782e+01
1.390472e+01
1.391163e+01
1.391854e+01
1.392545e+01
1.393236e+01
1.393926e+01
1.394617e+01
1.395308e+01
1.395999e+01
1.396690e+01
1.397380e+01
1.398071e+01
1.398762e+01
1.399453e+01
1.400144e+01
1.400834e+01
1.401525e+01
1.402216e+01
1.402907e+01
1.403598e+01
1.404288e+01
1.404979e+01
1.405670e+01
1.406361e+01
1.407052e+01
1.407742e+01
1.408433e+01
1.409124e+01
1.409815e+01
1.410506e+01
1.411196e+01
1.411887e+01
1.412578e+01
1.413269e+01
1.413960e+01
1.414650e+01
1.415341e+01
1.416032e+01
1.416723e+01
1.417414e+01
1.418104e+01
1.418795e+01
1.419486e+01
1.420177e+01
1.420868e+01
1.421559e+01
1.422249e+01
1.422940e+01
1.423631e+01
1.424322e+01
1.425012e+01
1.425703e+01
1.426394e+01
1.427085e+01
1.427776e+01
1.428467e+01
1.429157e+01
1.429848e+01
1.430539e+01
1.431230e+01
1.431921e+01
1.432611e+01
1.433302e+01
1.433993e+01
1.434684e+01
1.435375e+01
1.436065e+01
1.436756e+01
1.437447e+01
1.438138e+01
1.438829e+01
1.439519e+01
1.440210e+01
1.440901e+01
1.441592e+01
1.442283e+01
1.442973e+01
1.443664e+01
1.444355e+01
1.445046e+01
1.445737e+01
1.446427e+01
1.447118e+01
1.447809e+01
1.448500e+01
1.449191e+01
1.449881e+01
1.450572e+01
1.451263e+01
1.451954e+01
1.452645e+01
1.453335e+01
1.454026e+01
1.454717e+01
1.455408e+01
1.456099e+01
1.456789e+01
1.457480e+01
1.458171e+01
1.458862e+01
1.459553e+01
1.460243e+01
1.460934e+01
1.461625e+01
1.462316e+01
1.463007e+01
1.463697e+01
1.464388e+01
1.465079e+01
1.465770e+01
1.466461e+01
1.467151e+01
1.467842e+01
1.468533e+01
1.469224e+01
1.469915e+01
1.470605e+01
1.471296e+01
1.471987e+01
1.472678e+01
1.473369e+01
1.474059e+01
1.474750e+01
1.475441e+01
1.476132e+01
1.476823e+01
1.477513e+01
1.478204e+01
1.478895e+01
1.479586e+01
1.480277e+01
1.480967e+01
1.481658e+01
1.482349e+01
1.483040e+01
1.483731e+01
1.484421e+01
1.485112e+01
1.485803e+01
1.486494e+01
1.487185e+01
1.487876e+01
1.488566e+01
1.489257e+01
1.489948e+01
1.490639e+01
1.491330e+01
1.492020e+01
1.492711e+01
1.493417e+01
1.494123e+01
1.494829e+01
1.495535e+01
1.496241e+01
1.496946e+01
1.497652e+01
1.498358e+01
1.499064e+01
1.499770e+01
1.500476e+01
1.501182e+01
1.501888e+01
1.502594e+01
1.503299e+01
1.504005e+01
1.504711e+01
1.505417e+01
1.506123e+01
1.506829e+01
1.507535e+01
1.508241e+01
1.508947e+01
1.509652e+01
1.510358e+01
1.511064e+01
1.511770e+01
1.512476e+01
1.513182e+01
1.513888e+01
1.514594e+01
1.515300e+01
1.516005e+01
1.516711e+01
1.517417e+01
1.518123e+01
1.518829e+01
1.519535e+01
1.520241e+01
1.520947e+01
1.521653e+01
1.522358e+01
1.523064e+01
1.523770e+01
1.524476e+01
1.525182e+01
1.525888e+01
1.526594e+01
1.527300e+01
1.528005e+01
1.528711e+01
1.529417e+01
1.530123e+01
1.530829e+01
1.531535e+01
1.532241e+01
1.532947e+01
1.533653e+01
1.534358e+01
1.535064e+01
1.535770e+01
1.536476e+01
1.537182e+01
1.537888e+01
1.538594e+01
1.539300e+01
1.540006e+01
1.540711e+01
1.541417e+01
1.542123e+01
1.542829e+01
1.543535e+01
1.544241e+01
1.544947e+01
1.545653e+01
1.546359e+01
1.547064e+01
1.547770e+01
1.548476e+01
1.549182e+01
1.549888e+01
1.550594e+01
1.551300e+01
1.552006e+01
1.552712e+01
1.553417e+01
1.554123e+01
1.554829e+01
1.555535e+01
1.556241e+01
1.556947e+01
1.557653e+01
1.558359e+01
1.559065e+01
1.559770e+01
1.560476e+01
1.561182e+01
1.561888e+01
1.562594e+01
1.563300e+01
1.564006e+01
1.564712e+01
1.565418e+01
1.566123e+01
1.566829e+01
1.567535e+01
1.568241e+01
1.568947e+01
1.569653e+01
1.570359e+01
1.571065e+01
1.571771e+01
1.572476e+01
1.573182e+01
1.573888e+01
1.574594e+01
1.575300e+01
1.576006e+01
1.576712e+01
1.577418e+01
1.578124e+01
1.578829e+01
1.579535e+01
1.580241e+01
1.580947e+01
1.581653e+01
1.582359e+01
1.583065e+01
1.583771e+01
1.584476e+01
1.585182e+01
1.585888e+01
1.586594e+01
1.587300e+01
1.588006e+01
1.588712e+01
1.589418e+01
1.590124e+01
1.590829e+01
1.591535e+01
1.592241e+01
1.592947e+01
1.593653e+01
1.594359e+01
1.595065e+01
1.595771e+01
1.596477e+01
1.597182e+01
1.597888e+01
1.598594e+01
1.599300e+01
1.600006e+01
1.600712e+01
1.601418e+01
1.602124e+01
1.602830e+01
1.603535e+01
1.604241e+01
1.604947e+01
1.605653e+01
1.606359e+01
1.607065e+01
1.607771e+01
1.608477e+01
1.609183e+01
1.609888e+01
1.610594e+01
1.611300e+01
1.612006e+01
1.612712e+01
1.613418e+01
1.614124e+01
1.614830e+01
1.615536e+01
1.616241e+01
1.616947e+01
1.617653e+01
1.618359e+01
1.619065e+01
1.619771e+01
1.620477e+01
1.621183e+01
1.621889e+01
1.622594e+01
1.623300e+01
1.624006e+01
1.624712e+01
1.625418e+01
1.626124e+01
1.626830e+01
1.627536e+01
1.628242e+01
1.628947e+01
1.629653e+01
1.630359e+01
1.631065e+01
1.631771e+01
1.632477e+01
1.633183e+01
1.633889e+01
1.634595e+01
1.635300e+01
1.636006e+01
1.636712e+01
1.637418e+01
1.638124e+01
1.638830e+01
1.639536e+01
1.640242e+01
1.640947e+01
1.641653e+01
1.642359e+01
1.643065e+01
1.643771e+01
1.644477e+01
1.645183e+01
1.645889e+01
1.646595e+01
1.647300e+01
1.648006e+01
1.648712e+01
1.649418e+01
1.650124e+01
1.650830e+01
1.651536e+01
1.652242e+01
1.652948e+01
1.653653e+01
1.654359e+01
1.655065e+01
1.655771e+01
1.656477e+01
1.657183e+01
1.657889e+01
1.658595e+01
1.659301e+01
1.660006e+01
1.660712e+01
1.661418e+01
1.662124e+01
1.662830e+01
1.663536e+01
1.664242e+01
1.664948e+01
1.665654e+01
1.666359e+01
1.667065e+01
1.667771e+01
1.668477e+01
1.669183e+01
1.669889e+01
1.670595e+01
1.671301e+01
1.672007e+01
1.672712e+01
1.673418e+01
1.674124e+01
1.674830e+01
1.675536e+01
1.676242e+01
1.676948e+01
1.677654e+01
1.678360e+01
1.679065e+01
1.679771e+01
1.680477e+01
1.681183e+01
1.681889e+01
1.682595e+01
1.683301e+01
1.684007e+01
1.684713e+01
1.685418e+01
1.686124e+01
1.686830e+01
1.687536e+01
1.688242e+01
1.688948e+01
1.689654e+01
1.690360e+01
1.691066e+01
1.691771e+01
1.692477e+01
1.693183e+01
1.693889e+01
1.694595e+01
1.695301e+01
1.696007e+01
1.696713e+01
1.697418e+01
1.698124e+01
1.698830e+01
1.699536e+01
1.700242e+01
1.700948e+01
1.701654e+01
1.702360e+01
1.703066e+01
1.703771e+01
1.704477e+01
1.705183e+01
1.705889e+01
1.706595e+01
1.707301e+01
1.708007e+01
1.708713e+01
1.709419e+01
1.710124e+01
1.710830e+01
1.711536e+01
1.712242e+01
1.712948e+01
1.713654e+01
1.714360e+01
1.715066e+01
1.715772e+01
1.716477e+01
1.717183e+01
1.717889e+01
1.718595e+01
1.719301e+01
1.720007e+01
1.720713e+01
1.721419e+01
1.722125e+01
1.722830e+01
1.723536e+01
1.724242e+01
1.724948e+01
1.725654e+01
1.726360e+01
1.727066e+01
1.727772e+01
1.728478e+01
1.729183e+01
1.729889e+01
1.730595e+01
1.731301e+01
1.732007e+01
1.732713e+01
1.733419e+01
1.734125e+01
1.734831e+01
1.735536e+01
1.736242e+01
1.736948e+01
1.737654e+01
1.738360e+01
1.739066e+01
1.739772e+01
1.740478e+01
1.741184e+01
1.741889e+01
1.742595e+01
1.743301e+01
1.744007e+01
1.744713e+01
1.745419e+01
1.746125e+01
1.746831e+01
1.747537e+01
1.748242e+01
1.748948e+01
1.749654e+01
1.750360e+01
1.751066e+01
1.751772e+01
1.752478e+01
1.753184e+01
1.753890e+01
1.754595e+01
1.755301e+01
1.756007e+01
1.756713e+01
1.757419e+01
1.758125e+01
1.758831e+01
1.759537e+01
1.760242e+01
1.760948e+01
1.761654e+01
1.762360e+01
1.763066e+01
1.763772e+01
1.764478e+01
1.765184e+01
1.765890e+01
1.766595e+01
1.767301e+01
1.768007e+01
1.768713e+01
1.769419e+01
1.770125e+01
1.770831e+01
1.771537e+01
1.772243e+01
1.772948e+01
1.773654e+01
1.774360e+01
1.775066e+01
1.775772e+01
1.776478e+01
1.777184e+01
1.777890e+01
1.778596e+01
1.779301e+01
1.780007e+01
1.780713e+01
1.781419e+01
1.782125e+01
1.782831e+01
1.783537e+01
1.784243e+01
1.784949e+01
1.785654e+01
1.786360e+01
1.787066e+01
1.787772e+01
1.788478e+01
1.789184e+01
1.789890e+01
1.790596e+01
1.791302e+01
1.792007e+01
1.792713e+01
1.793419e+01
1.794125e+01
1.794831e+01
1.795537e+01
1.796243e+01
1.796949e+01
1.797655e+01
1.798360e+01
1.799066e+01
1.799772e+01
1.800478e+01
1.801184e+01
1.801890e+01
1.802596e+01
1.803302e+01
1.804008e+01
1.804713e+01
1.805419e+01
1.806125e+01
1.806831e+01
1.807537e+01
1.808243e+01
1.808949e+01
1.809655e+01
1.810361e+01
1.811066e+01
1.811772e+01
1.812478e+01
1.813184e+01
1.813890e+01
1.814596e+01
1.815302e+01
1.816008e+01
1.816713e+01
1.817419e+01
1.818125e+01
1.818831e+01
1.819537e+01
1.820243e+01
1.820949e+01
1.821655e+01
1.822361e+01
1.823066e+01
1.823772e+01
1.824478e+01
1.825184e+01
1.825890e+01
1.826596e+01
1.827302e+01
1.828008e+01
1.828714e+01
1.829419e+01
1.830125e+01
1.830831e+01
1.831537e+01
1.832243e+01
1.832949e+01
1.833655e+01
1.834361e+01
1.835067e+01
1.835772e+01
1.836478e+01
1.837184e+01
1.837890e+01
1.838596e+01
1.839302e+01
1.840008e+01
1.840714e+01
1.841420e+01
1.842125e+01
1.842831e+01
1.843537e+01
1.844243e+01
1.844949e+01
1.845655e+01
1.846361e+01
1.847067e+01
1.847690e+01
1.848312e+01
1.848935e+01
1.849558e+01
1.850181e+01
1.850804e+01
1.851427e+01
1.852050e+01
1.852673e+01
1.853296e+01
1.853918e+01
1.854541e+01
1.855164e+01
1.855787e+01
1.856410e+01
1.857033e+01
1.857656e+01
1.858279e+01
1.858901e+01
1.859524e+01
1.860147e+01
1.860770e+01
1.861393e+01
1.862016e+01
1.862639e+01
1.863262e+01
1.863885e+01
1.864507e+01
1.865130e+01
1.865753e+01
1.866376e+01
1.866999e+01
1.867622e+01
1.868245e+01
1.868868e+01
1.869491e+01
1.870113e+01
1.870736e+01
1.871359e+01
1.871982e+01
1.872605e+01
1.873228e+01
1.873851e+01
1.874474e+01
1.875097e+01
1.875719e+01
1.876342e+01
1.876965e+01
1.877588e+01
1.878211e+01
1.878834e+01
1.879457e+01
1.880080e+01
1.880702e+01
1.881325e+01
1.881948e+01
1.882571e+01
1.883194e+01
1.883817e+01
1.884440e+01
1.885063e+01
1.885686e+01
1.886308e+01
1.886931e+01
1.887554e+01
1.888177e+01
1.888800e+01
1.889423e+01
1.890046e+01
1.890669e+01
1.891291e+01
1.891914e+01
1.892537e+01
1.893160e+01
1.893783e+01
1.894406e+01
1.895029e+01
1.895652e+01
1.896275e+01
1.896897e+01
1.897520e+01
1.898143e+01
1.898766e+01
1.899389e+01
1.900012e+01
1.900635e+01
1.901258e+01
1.901881e+01
1.902503e+01
1.903126e+01
1.903749e+01
1.904372e+01
1.904995e+01
1.905618e+01
1.906241e+01
1.906864e+01
1.907486e+01
1.908109e+01
1.908732e+01
1.909355e+01
1.909978e+01
1.910601e+01
1.911224e+01
1.911847e+01
1.912470e+01
1.913092e+01
1.913715e+01
1.914338e+01
1.914961e+01
1.915584e+01
1.916207e+01
1.916830e+01
1.917453e+01
1.918076e+01
1.918698e+01
1.919321e+01
1.919944e+01
1.920567e+01
1.921190e+01
1.921813e+01
1.922436e+01
1.923059e+01
1.923682e+01
1.924304e+01
1.924927e+01
1.925550e+01
1.926173e+01
1.926796e+01
1.927419e+01
1.928042e+01
1.928665e+01
1.929287e+01
1.929910e+01
1.930533e+01
1.931156e+01
1.931779e+01
1.932402e+01
1.933025e+01
1.933648e+01
1.934271e+01
1.934893e+01
1.935516e+01
1.936139e+01
1.936762e+01
1.937385e+01
1.938008e+01
1.938631e+01
1.939254e+01
1.939877e+01
1.940499e+01
1.941122e+01
1.941745e+01
1.942368e+01
1.942991e+01
1.943614e+01
1.944237e+01
1.944860e+01
1.945483e+01
1.946105e+01
1.946728e+01
1.947351e+01
1.947974e+01
1.948597e+01
1.949220e+01
1.949843e+01
1.950466e+01
1.951088e+01
1.951711e+01
1.952334e+01
1.952957e+01
1.953580e+01
1.954203e+01
1.954826e+01
1.955449e+01
1.956072e+01
1.956694e+01
1.957317e+01
1.957940e+01
1.958563e+01
1.959186e+01
1.959809e+01
1.960432e+01
1.961055e+01
1.961677e+01
1.962300e+01
1.962923e+01
1.963546e+01
1.964169e+01
1.964792e+01
1.965415e+01
1.966038e+01
1.966661e+01
1.967283e+01
1.967906e+01
1.968529e+01
1.969152e+01
1.969775e+01
1.970398e+01
1.971021e+01
1.971644e+01
1.972267e+01
1.972889e+01
1.973512e+01
1.974135e+01
1.974758e+01
1.975381e+01
1.976004e+01
1.976627e+01
1.977250e+01
1.977872e+01
1.978495e+01
1.979118e+01
1.979741e+01
1.980364e+01
1.980987e+01
1.981610e+01
1.982233e+01
1.982856e+01
1.983478e+01
1.984101e+01
1.984724e+01
1.985347e+01
1.985970e+01
1.986593e+01
1.987216e+01
1.987839e+01
1.988462e+01
1.989084e+01
1.989707e+01
1.990330e+01
1.990953e+01
1.991576e+01
1.992199e+01
1.992822e+01
1.993445e+01
1.994068e+01
1.994690e+01
1.995313e+01
1.995936e+01
1.996559e+01
1.997182e+01
1.997805e+01
1.998428e+01
1.999051e+01
1.999673e+01
2.000296e+01
2.000919e+01
2.001542e+01
2.002165e+01
2.002788e+01
2.003411e+01
2.004034e+01
2.004657e+01
2.005279e+01
2.005902e+01
2.006525e+01
2.007148e+01
2.007771e+01
2.008394e+01
2.009017e+01
2.009640e+01
2.010263e+01
2.010885e+01
2.011508e+01
2.012131e+01
2.012754e+01
2.013377e+01
2.014000e+01
2.014623e+01
2.015246e+01
2.015869e+01
2.016491e+01
2.017114e+01
2.017737e+01
2.018360e+01
2.018983e+01
2.019606e+01
2.020229e+01
2.020852e+01
2.021474e+01
2.022097e+01
2.022720e+01
2.023343e+01
2.023966e+01
2.024589e+01
2.025212e+01
2.025835e+01
2.026458e+01
2.027080e+01
2.027703e+01
2.028326e+01
2.028949e+01
2.029572e+01
2.030195e+01
2.030818e+01
2.031441e+01
2.032063e+01
2.032686e+01
2.033309e+01
2.033932e+01
2.034555e+01
2.035178e+01
2.035801e+01
2.036424e+01
2.037047e+01
2.037669e+01
2.038292e+01
2.038915e+01
2.039538e+01
2.040161e+01
2.040784e+01
2.041407e+01
2.042030e+01
2.042653e+01
2.043275e+01
2.043898e+01
2.044521e+01
2.045144e+01
2.045767e+01
2.046390e+01
2.047013e+01
2.047636e+01
2.048258e+01
2.048881e+01
2.049504e+01
2.050127e+01
2.050750e+01
2.051373e+01
2.051996e+01
2.052619e+01
2.053242e+01
2.053864e+01
2.054487e+01
2.055110e+01
2.055733e+01
2.056356e+01
2.056979e+01
2.057602e+01
2.058225e+01
2.058848e+01
2.059470e+01
2.060093e+01
2.060716e+01
2.061339e+01
2.061962e+01
2.062585e+01
2.063208e+01
2.063831e+01
2.064454e+01
2.065076e+01
2.065699e+01
2.066322e+01
2.066945e+01
2.067568e+01
2.068191e+01
2.068814e+01
2.069437e+01
2.070059e+01
2.070682e+01
2.071305e+01
2.071928e+01
2.072551e+01
2.073174e+01
2.073797e+01
2.074420e+01
2.075043e+01
2.075665e+01
2.076288e+01
2.076911e+01
2.077534e+01
2.078157e+01
2.078780e+01
2.079403e+01
2.080026e+01
2.080649e+01
2.081271e+01
2.081894e+01
2.082517e+01
2.083140e+01
2.083763e+01
2.084386e+01
2.085009e+01
2.085632e+01
2.086254e+01
2.086877e+01
2.087500e+01
2.088123e+01
2.088746e+01
2.089369e+01
2.089992e+01
2.090615e+01
2.091238e+01
2.091860e+01
2.092483e+01
2.093106e+01
2.093729e+01
2.094352e+01
2.094975e+01
2.095598e+01
2.096221e+01
2.096844e+01
2.097466e+01
2.098089e+01
2.098712e+01
2.099335e+01
2.099958e+01
2.100581e+01
2.101204e+01
2.101827e+01
2.102449e+01
2.103072e+01
2.103695e+01
2.104318e+01
2.104941e+01
2.105564e+01
2.106187e+01
2.106810e+01
2.107433e+01
2.108055e+01
2.108678e+01
2.109301e+01
2.109924e+01
2.110547e+01
2.111170e+01
2.111793e+01
2.112416e+01
2.113039e+01
2.113661e+01
2.114284e+01
2.114907e+01
2.115530e+01
2.116153e+01
2.116776e+01
2.117399e+01
2.118022e+01
2.118644e+01
2.119267e+01
2.119890e+01
2.120513e+01
2.121136e+01
2.121759e+01
2.122382e+01
2.123005e+01
2.123628e+01
2.124250e+01
2.124873e+01
2.125496e+01
2.126119e+01
2.126742e+01
2.127365e+01
2.127988e+01
2.128611e+01
2.129234e+01
2.129856e+01
2.130479e+01
2.131102e+01
2.131725e+01
2.132348e+01
2.132971e+01
2.133594e+01
2.134217e+01
2.134839e+01
2.135462e+01
2.136085e+01
2.136708e+01
2.137331e+01
2.137954e+01
2.138577e+01
2.139200e+01
2.139823e+01
2.140445e+01
2.141068e+01
2.141691e+01
2.142314e+01
2.142937e+01
2.143560e+01
2.144183e+01
2.144806e+01
2.145429e+01
2.146051e+01
2.146674e+01
2.147297e+01
2.147920e+01
2.148543e+01
2.149166e+01
2.149789e+01
2.150412e+01
2.151035e+01
2.151657e+01
2.152280e+01
2.152903e+01
2.153526e+01
2.154149e+01
2.154772e+01
2.155395e+01
2.156018e+01
2.156640e+01
2.157263e+01
2.157886e+01
2.158509e+01
2.159132e+01
2.159755e+01
2.160378e+01
2.160993e+01
2.161608e+01
2.162223e+01
2.162838e+01
2.163453e+01
2.164068e+01
2.164684e+01
2.165299e+01
2.165914e+01
2.166529e+01
2.167144e+01
2.167759e+01
2.168374e+01
2.168989e+01
2.169604e+01
2.170220e+01
2.170835e+01
2.171450e+01
2.172065e+01
2.172680e+01
2.173295e+01
2.173910e+01
2.174525e+01
2.175140e+01
2.175756e+01
2.176371e+01
2.176986e+01
2.177601e+01
2.178216e+01
2.178831e+01
2.179446e+01
2.180061e+01
2.180676e+01
2.181291e+01
2.181907e+01
2.182522e+01
2.183137e+01
2.183752e+01
2.184367e+01
2.184982e+01
2.185597e+01
2.186212e+01
2.186827e+01
2.187443e+01
2.188058e+01
2.188673e+01
2.189288e+01
2.189903e+01
2.190518e+01
2.191133e+01
2.191748e+01
2.192363e+01
2.192979e+01
2.193594e+01
2.194209e+01
2.194824e+01
2.195439e+01
2.196054e+01
2.196669e+01
2.197284e+01
2.197899e+01
2.198515e+01
2.199130e+01
2.199745e+01
2.200360e+01
2.200975e+01
2.201590e+01
2.202205e+01
2.202820e+01
2.203435e+01
2.204051e+01
2.204666e+01
2.205281e+01
2.205896e+01
2.206511e+01
2.207126e+01
2.207741e+01
2.208356e+01
2.208971e+01
2.209587e+01
2.210202e+01
2.210817e+01
2.211432e+01
2.212047e+01
2.212662e+01
2.213277e+01
2.213892e+01
2.214507e+01
2.215123e+01
2.215738e+01
2.216353e+01
2.216968e+01
2.217583e+01
2.218198e+01
2.218813e+01
2.219428e+01
2.220043e+01
2.220658e+01
2.221274e+01
2.221889e+01
2.222504e+01
2.223119e+01
2.223734e+01
2.224349e+01
2.224964e+01
2.225579e+01
2.226194e+01
2.226810e+01
2.227425e+01
2.228040e+01
2.228655e+01
2.229270e+01
2.229885e+01
2.230500e+01
2.231115e+01
2.231730e+01
2.232346e+01
2.232961e+01
2.233576e+01
2.234191e+01
2.234806e+01
2.235421e+01
2.236036e+01
2.236651e+01
2.237266e+01
2.237882e+01
2.238497e+01
2.239112e+01
2.239727e+01
2.240342e+01
2.240957e+01
2.241572e+01
2.242187e+01
2.242802e+01
2.243418e+01
2.244033e+01
2.244648e+01
2.245263e+01
2.245878e+01
2.246493e+01
2.247108e+01
2.247723e+01
2.248338e+01
2.248954e+01
2.249569e+01
2.250184e+01
2.250799e+01
2.251414e+01
2.252029e+01
2.252644e+01
2.253259e+01
2.253874e+01
2.254489e+01
2.255105e+01
2.255720e+01
2.256335e+01
2.256950e+01
2.257565e+01
2.258180e+01
2.258795e+01
2.259410e+01
2.260025e+01
2.260641e+01
2.261256e+01
2.261871e+01
2.262486e+01
2.263101e+01
2.263716e+01
2.264331e+01
2.264946e+01
2.265561e+01
2.266177e+01
2.266792e+01
2.267407e+01
2.268022e+01
2.268637e+01
2.269252e+01
2.269867e+01
2.270482e+01
2.271097e+01
2.271713e+01
2.272328e+01
2.272943e+01
2.273558e+01
2.274173e+01
2.274788e+01
2.275403e+01
2.276018e+01
2.276633e+01
2.277249e+01
2.277864e+01
2.278479e+01
2.279094e+01
2.279709e+01
2.280324e+01
2.280939e+01
2.281554e+01
2.282169e+01
2.282785e+01
2.283400e+01
2.284015e+01
2.284630e+01
2.285245e+01
2.285860e+01
2.286475e+01
2.287090e+01
2.287705e+01
2.288321e+01
2.288936e+01
2.289551e+01
2.290166e+01
2.290781e+01
2.291396e+01
2.292011e+01
2.292626e+01
2.293241e+01
2.293856e+01
2.294472e+01
2.295087e+01
2.295702e+01
2.296317e+01
2.296932e+01
2.297547e+01
2.298162e+01
2.298777e+01
2.299392e+01
2.300008e+01
2.300623e+01
2.301238e+01
2.301853e+01
2.302468e+01
2.303083e+01
2.303698e+01
2.304313e+01
2.304928e+01
2.305544e+01
2.306159e+01
2.306774e+01
2.307389e+01
2.308004e+01
2.308619e+01
2.309234e+01
2.309849e+01
2.310464e+01
2.311080e+01
2.311695e+01
2.312310e+01
2.312925e+01
2.313540e+01
2.314155e+01
2.314770e+01
2.315385e+01
2.316000e+01
2.316616e+01
2.317231e+01
2.317846e+01
2.318461e+01
2.319076e+01
2.319691e+01
2.320306e+01
2.320921e+01
2.321536e+01
2.322152e+01
2.322767e+01
2.323382e+01
2.323997e+01
2.324612e+01
2.325227e+01
2.325842e+01
2.326457e+01
2.327072e+01
2.327688e+01
2.328303e+01
2.328918e+01
2.329533e+01
2.330148e+01
2.330763e+01
2.331378e+01
2.331993e+01
2.332608e+01
2.333223e+01
2.333839e+01
2.334454e+01
2.335069e+01
2.335684e+01
2.336299e+01
2.336914e+01
2.337529e+01
2.338144e+01
2.338760e+01
2.339375e+01
2.339990e+01
2.340605e+01
2.341220e+01
2.341835e+01
2.342450e+01
2.343065e+01
2.343680e+01
2.344295e+01
2.344911e+01
2.345526e+01
2.346141e+01
2.346756e+01
2.347371e+01
2.347986e+01
2.348601e+01
2.349216e+01
2.349831e+01
2.350447e+01
2.351062e+01
2.351677e+01
2.352292e+01
2.352907e+01
2.353522e+01
2.354137e+01
2.354752e+01
2.355367e+01
2.355983e+01
2.356598e+01
2.357213e+01
2.357828e+01
2.358443e+01
2.359058e+01
2.359673e+01
2.360288e+01
2.360903e+01
2.361519e+01
2.362134e+01
2.362749e+01
2.363364e+01
2.363979e+01
2.364594e+01
2.365209e+01
2.365824e+01
2.366439e+01
2.367054e+01
2.367670e+01
2.368285e+01
2.368900e+01
2.369515e+01
2.370130e+01
2.370745e+01
2.371360e+01
2.371975e+01
2.372591e+01
2.373206e+01
2.373821e+01
2.374436e+01
2.375051e+01
2.375666e+01
2.376281e+01
2.376896e+01
2.377511e+01
2.378126e+01
2.378742e+01
2.379357e+01
2.379972e+01
2.380587e+01
2.381202e+01
2.381817e+01
2.382432e+01
2.383047e+01
2.383662e+01
2.384278e+01
2.384893e+01
2.385508e+01
2.386123e+01
2.386738e+01
2.387353e+01
2.387968e+01
2.388583e+01
2.389198e+01
2.389814e+01
2.390429e+01
2.391044e+01
2.391659e+01
2.392274e+01
2.392889e+01
2.393504e+01
2.394119e+01
2.394734e+01
2.395350e+01
2.395965e+01
2.396580e+01
2.397195e+01
2.397810e+01
2.398425e+01
2.399040e+01
2.399655e+01
2.400270e+01
2.400886e+01
2.401501e+01
2.402116e+01
2.402731e+01
2.403346e+01
2.403961e+01
2.404576e+01
2.405191e+01
2.405806e+01
2.406422e+01
2.407037e+01
2.407652e+01
2.408267e+01
2.408882e+01
2.409497e+01
2.410112e+01
2.410727e+01
2.411342e+01
2.411958e+01
2.412573e+01
2.413188e+01
2.413803e+01
2.414418e+01
2.415033e+01
2.415648e+01
2.416263e+01
2.416878e+01
2.417493e+01
2.418109e+01
2.418724e+01
2.419339e+01
2.419954e+01
2.420569e+01
2.421184e+01
2.421799e+01
2.422414e+01
2.423029e+01
2.423645e+01
2.424260e+01
2.424875e+01
2.425490e+01
2.426105e+01
2.426720e+01
2.427335e+01
2.427950e+01
2.428565e+01
2.429181e+01
2.429796e+01
2.430411e+01
2.431026e+01
2.431641e+01
2.432256e+01
2.432871e+01
2.433486e+01
2.434101e+01
2.434717e+01
2.435332e+01
2.435947e+01
2.436562e+01
2.437177e+01
2.437792e+01
2.438407e+01
2.439022e+01
2.439637e+01
2.440253e+01
2.440868e+01
2.441483e+01
2.442098e+01
2.442713e+01
2.443328e+01
2.443943e+01
2.444558e+01
2.445173e+01
2.445789e+01
2.446404e+01
2.447019e+01
2.447634e+01
2.448249e+01
2.448864e+01
2.449479e+01
2.450094e+01
2.450709e+01
2.451325e+01
2.451940e+01
2.452555e+01
2.453170e+01
2.453785e+01
2.454400e+01
2.455015e+01
2.455630e+01
2.456245e+01
