5.786667e-01
5.790445e-01
5.794222e-01
5.798000e-01
5.801778e-01
5.805555e-01
5.809333e-01
5.813111e-01
5.816889e-01
5.820667e-01
5.824445e-01
5.828222e-01
5.832000e-01
5.835778e-01
5.839555e-01
5.843333e-01
5.847111e-01
5.850889e-01
5.854667e-01
5.858445e-01
5.862222e-01
5.866000e-01
5.869778e-01
5.873555e-01
5.877333e-01
5.881111e-01
5.884889e-01
5.888667e-01
5.892445e-01
5.896222e-01
5.900000e-01
5.906333e-01
5.912667e-01
5.919000e-01
5.925333e-01
5.931667e-01
5.938000e-01
5.944333e-01
5.950667e-01
5.957000e-01
5.963333e-01
5.969667e-01
5.976000e-01
5.982333e-01
5.988667e-01
5.995000e-01
6.001333e-01
6.007667e-01
6.014000e-01
6.020333e-01
6.026667e-01
6.028000e-01
6.029333e-01
6.030667e-01
6.032000e-01
6.033333e-01
6.034667e-01
6.036000e-01
6.037333e-01
6.038667e-01
6.040000e-01
6.041333e-01
6.042667e-01
6.044000e-01
6.045333e-01
6.046667e-01
6.048000e-01
6.049333e-01
6.050667e-01
6.045778e-01
6.053333e-01
6.060889e-01
6.068445e-01
6.076000e-01
6.083555e-01
6.091111e-01
6.098667e-01
6.106222e-01
6.113778e-01
6.121333e-01
6.128889e-01
6.136445e-01
6.144000e-01
6.151555e-01
6.159111e-01
6.166667e-01
6.174222e-01
6.181778e-01
6.189333e-01
6.196889e-01
6.204445e-01
6.212000e-01
6.219555e-01
6.227111e-01
6.234667e-01
6.242222e-01
6.249778e-01
6.257333e-01
6.264889e-01
6.272445e-01
6.280000e-01
6.285067e-01
6.290133e-01
6.295200e-01
6.300267e-01
6.305333e-01
6.310400e-01
6.315467e-01
6.320533e-01
6.325600e-01
6.330667e-01
6.335733e-01
6.340800e-01
6.345867e-01
6.350933e-01
6.356000e-01
6.361067e-01
6.366133e-01
6.371200e-01
6.376267e-01
6.381333e-01
6.386400e-01
6.391467e-01
6.396533e-01
6.401600e-01
6.406667e-01
6.411733e-01
6.416800e-01
6.421867e-01
6.426933e-01
6.432000e-01
6.437067e-01
6.442133e-01
6.447200e-01
6.452267e-01
6.457333e-01
6.462400e-01
6.467467e-01
6.472533e-01
6.477600e-01
6.482667e-01
6.487733e-01
6.492800e-01
6.497867e-01
6.502933e-01
6.508000e-01
6.513067e-01
6.518133e-01
6.523200e-01
6.528267e-01
6.533333e-01
6.538933e-01
6.544533e-01
6.550133e-01
6.555733e-01
6.561333e-01
6.566933e-01
6.572533e-01
6.578133e-01
6.583733e-01
6.589333e-01
6.594933e-01
6.600533e-01
6.606133e-01
6.611733e-01
6.617333e-01
6.622933e-01
6.628533e-01
6.634133e-01
6.639733e-01
6.645333e-01
6.650933e-01
6.656533e-01
6.662133e-01
6.667733e-01
6.673333e-01
6.678933e-01
6.684533e-01
6.690133e-01
6.695733e-01
6.701333e-01
6.706933e-01
6.712533e-01
6.718133e-01
6.723733e-01
6.729333e-01
6.734933e-01
6.740533e-01
6.746133e-01
6.751733e-01
6.757333e-01
6.762933e-01
6.768533e-01
6.774133e-01
6.779733e-01
6.785333e-01
6.790933e-01
6.796533e-01
6.802133e-01
6.807733e-01
6.813333e-01
6.836200e-01
6.859067e-01
6.881933e-01
6.904800e-01
6.927667e-01
6.950533e-01
6.973400e-01
6.996267e-01
7.019133e-01
7.042000e-01
7.064867e-01
7.087733e-01
7.110600e-01
7.133467e-01
7.156333e-01
7.179200e-01
7.202067e-01
7.224933e-01
7.247800e-01
7.270667e-01
7.293533e-01
7.316400e-01
7.339267e-01
7.362133e-01
7.385000e-01
7.407867e-01
7.430733e-01
7.453600e-01
7.476467e-01
7.499333e-01
7.522200e-01
7.545067e-01
7.567933e-01
7.590800e-01
7.613667e-01
7.636533e-01
7.659400e-01
7.682267e-01
7.705133e-01
7.728000e-01
7.750867e-01
7.773733e-01
7.796600e-01
7.819467e-01
7.842333e-01
7.865200e-01
7.888067e-01
7.910933e-01
7.933800e-01
7.956667e-01
7.979533e-01
8.002400e-01
8.025267e-01
8.048133e-01
8.071000e-01
8.093867e-01
8.116733e-01
8.139600e-01
8.162467e-01
8.185333e-01
8.208200e-01
8.231067e-01
8.253933e-01
8.276800e-01
8.299667e-01
8.322533e-01
8.345400e-01
8.368267e-01
8.391133e-01
8.414000e-01
8.436867e-01
8.459733e-01
8.482600e-01
8.505467e-01
8.528333e-01
8.551200e-01
8.574067e-01
8.596933e-01
8.619800e-01
8.642667e-01
8.665533e-01
8.688400e-01
8.711267e-01
8.734133e-01
8.757000e-01
8.779867e-01
8.802733e-01
8.825600e-01
8.848467e-01
8.871333e-01
8.894200e-01
8.917067e-01
8.939933e-01
8.962800e-01
8.985667e-01
9.008533e-01
9.031400e-01
9.054267e-01
9.077133e-01
9.100000e-01
9.107000e-01
9.114000e-01
9.121000e-01
9.128000e-01
9.135000e-01
9.142000e-01
9.149000e-01
9.156000e-01
9.163000e-01
9.170000e-01
9.177000e-01
9.184000e-01
9.191000e-01
9.198000e-01
9.205000e-01
9.212000e-01
9.219000e-01
9.226000e-01
9.233000e-01
9.240000e-01
9.247000e-01
9.254000e-01
9.261000e-01
9.268000e-01
9.275000e-01
9.282000e-01
9.289000e-01
9.296000e-01
9.303000e-01
9.310000e-01
9.317000e-01
9.324000e-01
9.331000e-01
9.338000e-01
9.345000e-01
9.352000e-01
9.359000e-01
9.366000e-01
9.373000e-01
9.380000e-01
9.387000e-01
9.394000e-01
9.401000e-01
9.408000e-01
9.415000e-01
9.422000e-01
9.429000e-01
9.436000e-01
9.443000e-01
9.450000e-01
9.457000e-01
9.464000e-01
9.471000e-01
9.478000e-01
9.485000e-01
9.492000e-01
9.499000e-01
9.506000e-01
9.513000e-01
9.520000e-01
9.527000e-01
9.534000e-01
9.541000e-01
9.548000e-01
9.555000e-01
9.562000e-01
9.569000e-01
9.576000e-01
9.583000e-01
9.590000e-01
9.597000e-01
9.604000e-01
9.611000e-01
9.618000e-01
9.625000e-01
9.632000e-01
9.639000e-01
9.646000e-01
9.653000e-01
9.660000e-01
9.667000e-01
9.674000e-01
9.681000e-01
9.688000e-01
9.695000e-01
9.702000e-01
9.709000e-01
9.716000e-01
9.723000e-01
9.730000e-01
9.737000e-01
9.744000e-01
9.751000e-01
9.758000e-01
9.765000e-01
9.772000e-01
9.779000e-01
9.786000e-01
9.793000e-01
9.800000e-01
9.807067e-01
9.814133e-01
9.821200e-01
9.828267e-01
9.835333e-01
9.842400e-01
9.849467e-01
9.856533e-01
9.863600e-01
9.870667e-01
9.877733e-01
9.884800e-01
9.891867e-01
9.898933e-01
9.906000e-01
9.913067e-01
9.920133e-01
9.927200e-01
9.934267e-01
9.941333e-01
9.948400e-01
9.955467e-01
9.962533e-01
9.969600e-01
9.976667e-01
9.983733e-01
9.990800e-01
9.997867e-01
1.000493e+00
1.001200e+00
1.001907e+00
1.002613e+00
1.003320e+00
1.004027e+00
1.004733e+00
1.005440e+00
1.006147e+00
1.006853e+00
1.007560e+00
1.008267e+00
1.008973e+00
1.009680e+00
1.010387e+00
1.011093e+00
1.011800e+00
1.012507e+00
1.013213e+00
1.013920e+00
1.014627e+00
1.015333e+00
1.016040e+00
1.016747e+00
1.017453e+00
1.018160e+00
1.018867e+00
1.019573e+00
1.020280e+00
1.020987e+00
1.021693e+00
1.022400e+00
1.023107e+00
1.023813e+00
1.024520e+00
1.025227e+00
1.025933e+00
1.026640e+00
1.027347e+00
1.028053e+00
1.028760e+00
1.029467e+00
1.030173e+00
1.030880e+00
1.031587e+00
1.032293e+00
1.033000e+00
1.033707e+00
1.034413e+00
1.035120e+00
1.035827e+00
1.036533e+00
1.037240e+00
1.037947e+00
1.038653e+00
1.039360e+00
1.040067e+00
1.040773e+00
1.041480e+00
1.042187e+00
1.042893e+00
1.043600e+00
1.044307e+00
1.045013e+00
1.045720e+00
1.046427e+00
1.047133e+00
1.047840e+00
1.048547e+00
1.049253e+00
1.049960e+00
1.050667e+00
1.051373e+00
1.052080e+00
1.052787e+00
1.053493e+00
1.054200e+00
1.054907e+00
1.055613e+00
1.056320e+00
1.057027e+00
1.057733e+00
1.058440e+00
1.059147e+00
1.059853e+00
1.060560e+00
1.061267e+00
1.061973e+00
1.062680e+00
1.063387e+00
1.064093e+00
1.064800e+00
1.065507e+00
1.066213e+00
1.066920e+00
1.067627e+00
1.068333e+00
1.069040e+00
1.069747e+00
1.070453e+00
1.071160e+00
1.071867e+00
1.072573e+00
1.073280e+00
1.073987e+00
1.074693e+00
1.075400e+00
1.076107e+00
1.076813e+00
1.077520e+00
1.078227e+00
1.078933e+00
1.079640e+00
1.080347e+00
1.081053e+00
1.081760e+00
1.082467e+00
1.083173e+00
1.083880e+00
1.084587e+00
1.085293e+00
1.086000e+00
1.086707e+00
1.087413e+00
1.088120e+00
1.088827e+00
1.089533e+00
1.090240e+00
1.090947e+00
1.091653e+00
1.092360e+00
1.093067e+00
1.093773e+00
1.094480e+00
1.095187e+00
1.095893e+00
1.096600e+00
1.097307e+00
1.098013e+00
1.098720e+00
1.099427e+00
1.100133e+00
1.100840e+00
1.101547e+00
1.102253e+00
1.102960e+00
1.103667e+00
1.104373e+00
1.105080e+00
1.105787e+00
1.106493e+00
1.107200e+00
1.107907e+00
1.108613e+00
1.109320e+00
1.110027e+00
1.110733e+00
1.111440e+00
1.112147e+00
1.112853e+00
1.113560e+00
1.114267e+00
1.114973e+00
1.115680e+00
1.116387e+00
1.117093e+00
1.117800e+00
1.118507e+00
1.119213e+00
1.119920e+00
1.120627e+00
1.121333e+00
1.122973e+00
1.124613e+00
1.126253e+00
1.127893e+00
1.129533e+00
1.131173e+00
1.132813e+00
1.134453e+00
1.136093e+00
1.137733e+00
1.139373e+00
1.141013e+00
1.142653e+00
1.144293e+00
1.145933e+00
1.147573e+00
1.149213e+00
1.150853e+00
1.152493e+00
1.154133e+00
1.155773e+00
1.157413e+00
1.159053e+00
1.160693e+00
1.162333e+00
1.163973e+00
1.165613e+00
1.167253e+00
1.168893e+00
1.170533e+00
1.172173e+00
1.173813e+00
1.175453e+00
1.177093e+00
1.178733e+00
1.180373e+00
1.182013e+00
1.183653e+00
1.185293e+00
1.186933e+00
1.188573e+00
1.190213e+00
1.191853e+00
1.193493e+00
1.195133e+00
1.196773e+00
1.198413e+00
1.200053e+00
1.201693e+00
1.203333e+00
1.204973e+00
1.206613e+00
1.208253e+00
1.209893e+00
1.211533e+00
1.213173e+00
1.214813e+00
1.216453e+00
1.218093e+00
1.219733e+00
1.221373e+00
1.223013e+00
1.224653e+00
1.226293e+00
1.227933e+00
1.229573e+00
1.231213e+00
1.232853e+00
1.234493e+00
1.236133e+00
1.237773e+00
1.239413e+00
1.241053e+00
1.242693e+00
1.244333e+00
1.245973e+00
1.247613e+00
1.249253e+00
1.250893e+00
1.252533e+00
1.254173e+00
1.255813e+00
1.257453e+00
1.259093e+00
1.260733e+00
1.262373e+00
1.264013e+00
1.265653e+00
1.267293e+00
1.268933e+00
1.270573e+00
1.272213e+00
1.273853e+00
1.275493e+00
1.277133e+00
1.278773e+00
1.280413e+00
1.282053e+00
1.283693e+00
1.285333e+00
1.285975e+00
1.286617e+00
1.287259e+00
1.287901e+00
1.288543e+00
1.289186e+00
1.289828e+00
1.290470e+00
1.291112e+00
1.291754e+00
1.292396e+00
1.293038e+00
1.293680e+00
1.294322e+00
1.294964e+00
1.295607e+00
1.296249e+00
1.296891e+00
1.297533e+00
1.298175e+00
1.298817e+00
1.299459e+00
1.300101e+00
1.300743e+00
1.301385e+00
1.302028e+00
1.302670e+00
1.303312e+00
1.303954e+00
1.304596e+00
1.305238e+00
1.305880e+00
1.306522e+00
1.307164e+00
1.307806e+00
1.308449e+00
1.309091e+00
1.309733e+00
1.310375e+00
1.311017e+00
1.311659e+00
1.312301e+00
1.312943e+00
1.313585e+00
1.314227e+00
1.314870e+00
1.315512e+00
1.316154e+00
1.316796e+00
1.317438e+00
1.318080e+00
1.318722e+00
1.319364e+00
1.320006e+00
1.320648e+00
1.321291e+00
1.321933e+00
1.322575e+00
1.323217e+00
1.323859e+00
1.324501e+00
1.325143e+00
1.325785e+00
1.326427e+00
1.327069e+00
1.327711e+00
1.328354e+00
1.328996e+00
1.329638e+00
1.330280e+00
1.330922e+00
1.331564e+00
1.332206e+00
1.332848e+00
1.333490e+00
1.334132e+00
1.334775e+00
1.335417e+00
1.336059e+00
1.336701e+00
1.337343e+00
1.337985e+00
1.338627e+00
1.339269e+00
1.339911e+00
1.340553e+00
1.341196e+00
1.341838e+00
1.342480e+00
1.343122e+00
1.343764e+00
1.344406e+00
1.345048e+00
1.345690e+00
1.346332e+00
1.346974e+00
1.347617e+00
1.348259e+00
1.348901e+00
1.349543e+00
1.350185e+00
1.350827e+00
1.351469e+00
1.352111e+00
1.352753e+00
1.353395e+00
1.354038e+00
1.354680e+00
1.355322e+00
1.355964e+00
1.356606e+00
1.357248e+00
1.357890e+00
1.358532e+00
1.359174e+00
1.359816e+00
1.360458e+00
1.361101e+00
1.361743e+00
1.362385e+00
1.363027e+00
1.363669e+00
1.364311e+00
1.364953e+00
1.365595e+00
1.366237e+00
1.366879e+00
1.367522e+00
1.368164e+00
1.368806e+00
1.369448e+00
1.370090e+00
1.370732e+00
1.371374e+00
1.372016e+00
1.372658e+00
1.373300e+00
1.373943e+00
1.374585e+00
1.375227e+00
1.375869e+00
1.376511e+00
1.377153e+00
1.377795e+00
1.378437e+00
1.379079e+00
1.379721e+00
1.380364e+00
1.381006e+00
1.381648e+00
1.382290e+00
1.382932e+00
1.383574e+00
1.384216e+00
1.384858e+00
1.385500e+00
1.386142e+00
1.386785e+00
1.387427e+00
1.388069e+00
1.388711e+00
1.389353e+00
1.389995e+00
1.390637e+00
1.391279e+00
1.391921e+00
1.392563e+00
1.393206e+00
1.393848e+00
1.394490e+00
1.395132e+00
1.395774e+00
1.396416e+00
1.397058e+00
1.397700e+00
1.398342e+00
1.398984e+00
1.399626e+00
1.400269e+00
1.400911e+00
1.401553e+00
1.402195e+00
1.402837e+00
1.403479e+00
1.404121e+00
1.404763e+00
1.405405e+00
1.406047e+00
1.406690e+00
1.407332e+00
1.407974e+00
1.408616e+00
1.409258e+00
1.409900e+00
1.410542e+00
1.411184e+00
1.411826e+00
1.412468e+00
1.413111e+00
1.413753e+00
1.414395e+00
1.415037e+00
1.415679e+00
1.416321e+00
1.416963e+00
1.417605e+00
1.418247e+00
1.418889e+00
1.419532e+00
1.420174e+00
1.420816e+00
1.421458e+00
1.422100e+00
1.422742e+00
1.423384e+00
1.424026e+00
1.424668e+00
1.425310e+00
1.425953e+00
1.426595e+00
1.427237e+00
1.427879e+00
1.428521e+00
1.429163e+00
1.429805e+00
1.430447e+00
1.431089e+00
1.431731e+00
1.432374e+00
1.433016e+00
1.433658e+00
1.434300e+00
1.434942e+00
1.435584e+00
1.436226e+00
1.436868e+00
1.437510e+00
1.438152e+00
1.438794e+00
1.439437e+00
1.440079e+00
1.440721e+00
1.441363e+00
1.442005e+00
1.442647e+00
1.443289e+00
1.443931e+00
1.444573e+00
1.445215e+00
1.445858e+00
1.446500e+00
1.447142e+00
1.447784e+00
1.448426e+00
1.449068e+00
1.449710e+00
1.450352e+00
1.450994e+00
1.451636e+00
1.452279e+00
1.452921e+00
1.453563e+00
1.454205e+00
1.454847e+00
1.455489e+00
1.456131e+00
1.456773e+00
1.457415e+00
1.458057e+00
1.458700e+00
1.459342e+00
1.459984e+00
1.460626e+00
1.461268e+00
1.461910e+00
1.462552e+00
1.463194e+00
1.463836e+00
1.464478e+00
1.465121e+00
1.465763e+00
1.466405e+00
1.467047e+00
1.467689e+00
1.468331e+00
1.468973e+00
1.469615e+00
1.470257e+00
1.470899e+00
1.471542e+00
1.472184e+00
1.472826e+00
1.473468e+00
1.474110e+00
1.474752e+00
1.475394e+00
1.476036e+00
1.476678e+00
1.477320e+00
1.477962e+00
1.478605e+00
1.479247e+00
1.479889e+00
1.480531e+00
1.481173e+00
1.481815e+00
1.482457e+00
1.483099e+00
1.483741e+00
1.484383e+00
1.485026e+00
1.485668e+00
1.486310e+00
1.486952e+00
1.487594e+00
1.488236e+00
1.488878e+00
1.489520e+00
1.490162e+00
1.490804e+00
1.491447e+00
1.492089e+00
1.492731e+00
1.493373e+00
1.494015e+00
1.494657e+00
1.495299e+00
1.495941e+00
1.496583e+00
1.497225e+00
1.497868e+00
1.498510e+00
1.499152e+00
1.499794e+00
1.500436e+00
1.501078e+00
1.501720e+00
1.502362e+00
1.503004e+00
1.503646e+00
1.504289e+00
1.504931e+00
1.505573e+00
1.506215e+00
1.506857e+00
1.507499e+00
1.508141e+00
1.508783e+00
1.509425e+00
1.510067e+00
1.510709e+00
1.511352e+00
1.511994e+00
1.512636e+00
1.513278e+00
1.513920e+00
1.514562e+00
1.515204e+00
1.515846e+00
1.516488e+00
1.517130e+00
1.517773e+00
1.518415e+00
1.519057e+00
1.519699e+00
1.520341e+00
1.520983e+00
1.521625e+00
1.522267e+00
1.522909e+00
1.523551e+00
1.524194e+00
1.524836e+00
1.525478e+00
1.526120e+00
1.526762e+00
1.527404e+00
1.528046e+00
1.528688e+00
1.529330e+00
1.529972e+00
1.530615e+00
1.531257e+00
1.531899e+00
1.532541e+00
1.533183e+00
1.533825e+00
1.534467e+00
1.535109e+00
1.535751e+00
1.536393e+00
1.537036e+00
1.537678e+00
1.538320e+00
1.538962e+00
1.539604e+00
1.540246e+00
1.540888e+00
1.541530e+00
1.542172e+00
1.542814e+00
1.543457e+00
1.544099e+00
1.544741e+00
1.545383e+00
1.546025e+00
1.546667e+00
1.550016e+00
1.553364e+00
1.556713e+00
1.560062e+00
1.563411e+00
1.566760e+00
1.570109e+00
1.573458e+00
1.576807e+00
1.580156e+00
1.583504e+00
1.586853e+00
1.590202e+00
1.593551e+00
1.596900e+00
1.600249e+00
1.603598e+00
1.606947e+00
1.610296e+00
1.613644e+00
1.616993e+00
1.620342e+00
1.623691e+00
1.627040e+00
1.630389e+00
1.633738e+00
1.637087e+00
1.640436e+00
1.643784e+00
1.647133e+00
1.650482e+00
1.653831e+00
1.657180e+00
1.660529e+00
1.663878e+00
1.667227e+00
1.670576e+00
1.673924e+00
1.677273e+00
1.680622e+00
1.683971e+00
1.687320e+00
1.690669e+00
1.694018e+00
1.697367e+00
1.700716e+00
1.704064e+00
1.707413e+00
1.710762e+00
1.714111e+00
1.717460e+00
1.720809e+00
1.724158e+00
1.727507e+00
1.730856e+00
1.734204e+00
1.737553e+00
1.740902e+00
1.744251e+00
1.747600e+00
1.750949e+00
1.754298e+00
1.757647e+00
1.760996e+00
1.764344e+00
1.767693e+00
1.771042e+00
1.774391e+00
1.777740e+00
1.781089e+00
1.784438e+00
1.787787e+00
1.791136e+00
1.794484e+00
1.797833e+00
1.801182e+00
1.804531e+00
1.807880e+00
1.811229e+00
1.814578e+00
1.817927e+00
1.821276e+00
1.824624e+00
1.827973e+00
1.831322e+00
1.834671e+00
1.838020e+00
1.841369e+00
1.844718e+00
1.848067e+00
1.851416e+00
1.854764e+00
1.858113e+00
1.861462e+00
1.864811e+00
1.868160e+00
1.871509e+00
1.874858e+00
1.878207e+00
1.881556e+00
1.883986e+00
1.886416e+00
1.888846e+00
1.891276e+00
1.893706e+00
1.896136e+00
1.898566e+00
1.900996e+00
1.903426e+00
1.905856e+00
1.908286e+00
1.910716e+00
1.913146e+00
1.915577e+00
1.918007e+00
1.920437e+00
1.922867e+00
1.925297e+00
1.927727e+00
1.930157e+00
1.932587e+00
1.935017e+00
1.937447e+00
1.939877e+00
1.942307e+00
1.944737e+00
1.947167e+00
1.949598e+00
1.952028e+00
1.954458e+00
1.956888e+00
1.959318e+00
1.961748e+00
1.964178e+00
1.966608e+00
1.969038e+00
1.971468e+00
1.973898e+00
1.976328e+00
1.978758e+00
1.981188e+00
1.983619e+00
1.986049e+00
1.988479e+00
1.990909e+00
1.993339e+00
1.995769e+00
1.998199e+00
2.000629e+00
2.003059e+00
2.005489e+00
2.007919e+00
2.010349e+00
2.012779e+00
2.015209e+00
2.017640e+00
2.020070e+00
2.022500e+00
2.024930e+00
2.027360e+00
2.029790e+00
2.032220e+00
2.034650e+00
2.037080e+00
2.039510e+00
2.041940e+00
2.044370e+00
2.046800e+00
2.049230e+00
2.051661e+00
2.054091e+00
2.056521e+00
2.058951e+00
2.061381e+00
2.063811e+00
2.066241e+00
2.068671e+00
2.071101e+00
2.073531e+00
2.075961e+00
2.078391e+00
2.080821e+00
2.083252e+00
2.085682e+00
2.088112e+00
2.090542e+00
2.092972e+00
2.095402e+00
2.097832e+00
2.100262e+00
2.102692e+00
2.105122e+00
2.107552e+00
2.109982e+00
2.112412e+00
2.114842e+00
2.117273e+00
2.119703e+00
2.122133e+00
2.124563e+00
2.126993e+00
2.129423e+00
2.131853e+00
2.134283e+00
2.136713e+00
2.139143e+00
2.141573e+00
2.144003e+00
2.146433e+00
2.148864e+00
2.151294e+00
2.153724e+00
2.156154e+00
2.158584e+00
2.161014e+00
2.163444e+00
2.165874e+00
2.168304e+00
2.170734e+00
2.173164e+00
2.175594e+00
2.178024e+00
2.180454e+00
2.182884e+00
2.185315e+00
2.187744e+00
2.190175e+00
2.192604e+00
2.195035e+00
2.197464e+00
2.199895e+00
2.202325e+00
2.204755e+00
2.207185e+00
2.209615e+00
2.212046e+00
2.214475e+00
2.216906e+00
2.219335e+00
2.221766e+00
2.224195e+00
2.226626e+00
2.229056e+00
2.231486e+00
2.233916e+00
2.236346e+00
2.238776e+00
2.241206e+00
2.243636e+00
2.246066e+00
2.248497e+00
2.250926e+00
2.253357e+00
2.255787e+00
2.258217e+00
2.260647e+00
2.263077e+00
2.265507e+00
2.267937e+00
2.270367e+00
2.272797e+00
2.275227e+00
2.277657e+00
2.280087e+00
2.282517e+00
2.284947e+00
2.287378e+00
2.289808e+00
2.292238e+00
2.294668e+00
2.297098e+00
2.299528e+00
2.301958e+00
2.304388e+00
2.306818e+00
2.309248e+00
2.311678e+00
2.314109e+00
2.316538e+00
2.318969e+00
2.321398e+00
2.323829e+00
2.326258e+00
2.328689e+00
2.331119e+00
2.333549e+00
2.335979e+00
2.338409e+00
2.340839e+00
2.343269e+00
2.345700e+00
2.348129e+00
2.350560e+00
2.352989e+00
2.355420e+00
2.357849e+00
2.360280e+00
2.362709e+00
2.365140e+00
2.367570e+00
2.370000e+00
2.373121e+00
2.376243e+00
2.379364e+00
2.382485e+00
2.385607e+00
2.388728e+00
2.391850e+00
2.394972e+00
2.398093e+00
2.401214e+00
2.404336e+00
2.407457e+00
2.410578e+00
2.413700e+00
2.416821e+00
2.419942e+00
2.423064e+00
2.426185e+00
2.429307e+00
2.432429e+00
2.435550e+00
2.438671e+00
2.441793e+00
2.444914e+00
2.448035e+00
2.451157e+00
2.454278e+00
2.457399e+00
2.460521e+00
2.463642e+00
2.466764e+00
2.469886e+00
2.473007e+00
2.476128e+00
2.479250e+00
2.482371e+00
2.485492e+00
2.488614e+00
2.491735e+00
2.494856e+00
2.497978e+00
2.501099e+00
2.504221e+00
2.507343e+00
2.510464e+00
2.513585e+00
2.516707e+00
2.519828e+00
2.522949e+00
2.526071e+00
2.529192e+00
2.532313e+00
2.535435e+00
2.538556e+00
2.541678e+00
2.544800e+00
2.547921e+00
2.551042e+00
2.554164e+00
2.557285e+00
2.560406e+00
2.563528e+00
2.566649e+00
2.569770e+00
2.572892e+00
2.576013e+00
2.579134e+00
2.582257e+00
2.585378e+00
2.588499e+00
2.591621e+00
2.594742e+00
2.597863e+00
2.600985e+00
2.604106e+00
2.607227e+00
2.610348e+00
2.613470e+00
2.616591e+00
2.619713e+00
2.622835e+00
2.625956e+00
2.629077e+00
2.632199e+00
2.635320e+00
2.638441e+00
2.641563e+00
2.644684e+00
2.647805e+00
2.650927e+00
2.654048e+00
2.657170e+00
2.660292e+00
2.663413e+00
2.666534e+00
2.669656e+00
2.672777e+00
2.675898e+00
2.679020e+00
2.682141e+00
2.685262e+00
2.688384e+00
2.691505e+00
2.694627e+00
2.697749e+00
2.700870e+00
2.703991e+00
2.707113e+00
2.710234e+00
2.713355e+00
2.716477e+00
2.719598e+00
2.722719e+00
2.725841e+00
2.728962e+00
2.732084e+00
2.735206e+00
2.738327e+00
2.741448e+00
2.744570e+00
2.747691e+00
2.750812e+00
2.753934e+00
2.757055e+00
2.760176e+00
2.763298e+00
2.766419e+00
2.769540e+00
2.772663e+00
2.775784e+00
2.778905e+00
2.782027e+00
2.785148e+00
2.788269e+00
2.791391e+00
2.794512e+00
2.797633e+00
2.800755e+00
2.803876e+00
2.806997e+00
2.810119e+00
2.813241e+00
2.816362e+00
2.819484e+00
2.822605e+00
2.825726e+00
2.828848e+00
2.831969e+00
2.835090e+00
2.838212e+00
2.841333e+00
2.844454e+00
2.847576e+00
2.850698e+00
2.853819e+00
2.856941e+00
2.860062e+00
2.863183e+00
2.866305e+00
2.869426e+00
2.872547e+00
2.875669e+00
2.878790e+00
2.881911e+00
2.885033e+00
2.888155e+00
2.891276e+00
2.894398e+00
2.897519e+00
2.900640e+00
2.903762e+00
2.906883e+00
2.910004e+00
2.913126e+00
2.916247e+00
2.919368e+00
2.922490e+00
2.925612e+00
2.928733e+00
2.931855e+00
2.934976e+00
2.938097e+00
2.941219e+00
2.944340e+00
2.947461e+00
2.950583e+00
2.953704e+00
2.956825e+00
2.959947e+00
2.963069e+00
2.966190e+00
2.969312e+00
2.972433e+00
2.975554e+00
2.978676e+00
2.981797e+00
2.984918e+00
2.988040e+00
2.991161e+00
2.994282e+00
2.997404e+00
3.000525e+00
3.003647e+00
3.006769e+00
3.009890e+00
3.013011e+00
3.016133e+00
3.019254e+00
3.022375e+00
3.025497e+00
3.028618e+00
3.031739e+00
3.034861e+00
3.037982e+00
3.041104e+00
3.044226e+00
3.047347e+00
3.050468e+00
3.053590e+00
3.056711e+00
3.059832e+00
3.062954e+00
3.066075e+00
3.069196e+00
3.072318e+00
3.075439e+00
3.078561e+00
3.081682e+00
3.084804e+00
3.087925e+00
3.091046e+00
3.094168e+00
3.097289e+00
3.100410e+00
3.103532e+00
3.106653e+00
3.109774e+00
3.112896e+00
3.116018e+00
3.119139e+00
3.122261e+00
3.125382e+00
3.128503e+00
3.131625e+00
3.134746e+00
3.137867e+00
3.140989e+00
3.144110e+00
3.147231e+00
3.150353e+00
3.153475e+00
3.156596e+00
3.159718e+00
3.162839e+00
3.165960e+00
3.169082e+00
3.172203e+00
3.175324e+00
3.178446e+00
3.181567e+00
3.184688e+00
3.187810e+00
3.190931e+00
3.194053e+00
3.197175e+00
3.200296e+00
3.203417e+00
3.206539e+00
3.209660e+00
3.212781e+00
3.215903e+00
3.219024e+00
3.222145e+00
3.225267e+00
3.228388e+00
3.231510e+00
3.234632e+00
3.237753e+00
3.240874e+00
3.243996e+00
3.247117e+00
3.250238e+00
3.253360e+00
3.256481e+00
3.259602e+00
3.262724e+00
3.265845e+00
3.268967e+00
3.272089e+00
3.275210e+00
3.278331e+00
3.281453e+00
3.284574e+00
3.287695e+00
3.290817e+00
3.293938e+00
3.297059e+00
3.300181e+00
3.303302e+00
3.306424e+00
3.309546e+00
3.312667e+00
3.316366e+00
3.320065e+00
3.323765e+00
3.327464e+00
3.331163e+00
3.334862e+00
3.338562e+00
3.342261e+00
3.345960e+00
3.349660e+00
3.353358e+00
3.357058e+00
3.360758e+00
3.364457e+00
3.368156e+00
3.371855e+00
3.375555e+00
3.379253e+00
3.382953e+00
3.386653e+00
3.390351e+00
3.394051e+00
3.397750e+00
3.401450e+00
3.405148e+00
3.408848e+00
3.412548e+00
3.416246e+00
3.419946e+00
3.423645e+00
3.427344e+00
3.431043e+00
3.434743e+00
3.438443e+00
3.442141e+00
3.445841e+00
3.449540e+00
3.453239e+00
3.456939e+00
3.460638e+00
3.464338e+00
3.468036e+00
3.471736e+00
3.475435e+00
3.479134e+00
3.482834e+00
3.486533e+00
3.490232e+00
3.493931e+00
3.497631e+00
3.501330e+00
3.505029e+00
3.508729e+00
3.512428e+00
3.516127e+00
3.519826e+00
3.523526e+00
3.527225e+00
3.530924e+00
3.534624e+00
3.538323e+00
3.542022e+00
3.545721e+00
3.549421e+00
3.553120e+00
3.556819e+00
3.560519e+00
3.564218e+00
3.567917e+00
3.571616e+00
3.575316e+00
3.579015e+00
3.582714e+00
3.586414e+00
3.590113e+00
3.593812e+00
3.597511e+00
3.601211e+00
3.604910e+00
3.608609e+00
3.612309e+00
3.616007e+00
3.619707e+00
3.623406e+00
3.627106e+00
3.630805e+00
3.634504e+00
3.638204e+00
3.641902e+00
3.645602e+00
3.649302e+00
3.653000e+00
3.656700e+00
3.660399e+00
3.664099e+00
3.667797e+00
3.671497e+00
3.675197e+00
3.678895e+00
3.682595e+00
3.686294e+00
3.689993e+00
3.693692e+00
3.697392e+00
3.701092e+00
3.704790e+00
3.708490e+00
3.712189e+00
3.715888e+00
3.719587e+00
3.723287e+00
3.726987e+00
3.730685e+00
3.734385e+00
3.738084e+00
3.741783e+00
3.745483e+00
3.749182e+00
3.752881e+00
3.756580e+00
3.760280e+00
3.763979e+00
3.767678e+00
3.771378e+00
3.775077e+00
3.778776e+00
3.782475e+00
3.786175e+00
3.789874e+00
3.793573e+00
3.797273e+00
3.800972e+00
3.804671e+00
3.808370e+00
3.812070e+00
3.815768e+00
3.819468e+00
3.823168e+00
3.826867e+00
3.830566e+00
3.834265e+00
3.837965e+00
3.841664e+00
3.845363e+00
3.849063e+00
3.852762e+00
3.856461e+00
3.860160e+00
3.863860e+00
3.867559e+00
3.871258e+00
3.874958e+00
3.878656e+00
3.882356e+00
3.886055e+00
3.889755e+00
3.893454e+00
3.897153e+00
3.900853e+00
3.904551e+00
3.908251e+00
3.911950e+00
3.915649e+00
3.919349e+00
3.923048e+00
3.926748e+00
3.930446e+00
3.934146e+00
3.937846e+00
3.941544e+00
3.945244e+00
3.948943e+00
3.952642e+00
3.956341e+00
3.960041e+00
3.963741e+00
3.967439e+00
3.971139e+00
3.974838e+00
3.978537e+00
3.982236e+00
3.985936e+00
3.989636e+00
3.993334e+00
3.997034e+00
4.000733e+00
4.004432e+00
4.008131e+00
4.011831e+00
4.015530e+00
4.019229e+00
4.022929e+00
4.026628e+00
4.030327e+00
4.034027e+00
4.037726e+00
4.041425e+00
4.045124e+00
4.048824e+00
4.052523e+00
4.056222e+00
4.060058e+00
4.063893e+00
4.067728e+00
4.071563e+00
4.075398e+00
4.079234e+00
4.083069e+00
4.086905e+00
4.090739e+00
4.094575e+00
4.098410e+00
4.102245e+00
4.106081e+00
4.109916e+00
4.113751e+00
4.117586e+00
4.121422e+00
4.125257e+00
4.129093e+00
4.132928e+00
4.136762e+00
4.140598e+00
4.144433e+00
4.148269e+00
4.152104e+00
4.155940e+00
4.159774e+00
4.163609e+00
4.167445e+00
4.171280e+00
4.175116e+00
4.178951e+00
4.182786e+00
4.186621e+00
4.190457e+00
4.194292e+00
4.198127e+00
4.201963e+00
4.205797e+00
4.209633e+00
4.213468e+00
4.217304e+00
4.221139e+00
4.224974e+00
4.228809e+00
4.232644e+00
4.236480e+00
4.240315e+00
4.244151e+00
4.247986e+00
4.251821e+00
4.255656e+00
4.259491e+00
4.263327e+00
4.267162e+00
4.270998e+00
4.274832e+00
4.278668e+00
4.282503e+00
4.286338e+00
4.290174e+00
4.294009e+00
4.297844e+00
4.301679e+00
4.305515e+00
4.309350e+00
4.313185e+00
4.317020e+00
4.320855e+00
4.324691e+00
4.328526e+00
4.332362e+00
4.336197e+00
4.340032e+00
4.343867e+00
4.347702e+00
4.351538e+00
4.355373e+00
4.359209e+00
4.363043e+00
4.366879e+00
4.370714e+00
4.374550e+00
4.378385e+00
4.382220e+00
4.386055e+00
4.389890e+00
4.393726e+00
4.397561e+00
4.401397e+00
4.405232e+00
4.409066e+00
4.412902e+00
4.416737e+00
4.420573e+00
4.424408e+00
4.428244e+00
4.432078e+00
4.435914e+00
4.439749e+00
4.443584e+00
4.447420e+00
4.451255e+00
4.455090e+00
4.458925e+00
4.462761e+00
4.466596e+00
4.470431e+00
4.474267e+00
4.478101e+00
4.481937e+00
4.485772e+00
4.489608e+00
4.493443e+00
4.497278e+00
4.501113e+00
4.504948e+00
4.508784e+00
4.512619e+00
4.516455e+00
4.520290e+00
4.524125e+00
4.527960e+00
4.531795e+00
4.535631e+00
4.539466e+00
4.543302e+00
4.547136e+00
4.550972e+00
4.554807e+00
4.558642e+00
4.562478e+00
4.566313e+00
4.570148e+00
4.573983e+00
4.577819e+00
4.581654e+00
4.585490e+00
4.589324e+00
4.593159e+00
4.596995e+00
4.600830e+00
4.604666e+00
4.608501e+00
4.612336e+00
4.616171e+00
4.620007e+00
4.623842e+00
4.627677e+00
4.631513e+00
4.635347e+00
4.639183e+00
4.643018e+00
4.646854e+00
4.650689e+00
4.654524e+00
4.658359e+00
4.662194e+00
4.666030e+00
4.669865e+00
4.673701e+00
4.677536e+00
4.681371e+00
4.685206e+00
4.689041e+00
4.692877e+00
4.696712e+00
4.700548e+00
4.704382e+00
4.708218e+00
4.712053e+00
4.715888e+00
4.719724e+00
4.723559e+00
4.727394e+00
4.731229e+00
4.735065e+00
4.738900e+00
4.742735e+00
4.746571e+00
4.750405e+00
4.754241e+00
4.758076e+00
4.761912e+00
4.765747e+00
4.769583e+00
4.773417e+00
4.777252e+00
4.781088e+00
4.784923e+00
4.788759e+00
4.792594e+00
4.796429e+00
4.800264e+00
4.804099e+00
4.807935e+00
4.811770e+00
4.815606e+00
4.819440e+00
4.823276e+00
4.827111e+00
4.831348e+00
4.835586e+00
4.839824e+00
4.844062e+00
4.848299e+00
4.852537e+00
4.856774e+00
4.861013e+00
4.865250e+00
4.869488e+00
4.873725e+00
4.877963e+00
4.882200e+00
4.886439e+00
4.890676e+00
4.894914e+00
4.899151e+00
4.903389e+00
4.907627e+00
4.911865e+00
4.916102e+00
4.920340e+00
4.924577e+00
4.928815e+00
4.933053e+00
4.937291e+00
4.941528e+00
4.945766e+00
4.950003e+00
4.954241e+00
4.958479e+00
4.962717e+00
4.966954e+00
4.971192e+00
4.975429e+00
4.979668e+00
4.983905e+00
4.988143e+00
4.992380e+00
4.996618e+00
5.000855e+00
5.005094e+00
5.009331e+00
5.013569e+00
5.017806e+00
5.022044e+00
5.026282e+00
5.030520e+00
5.034757e+00
5.038995e+00
5.043232e+00
5.047470e+00
5.051708e+00
5.055946e+00
5.060183e+00
5.064421e+00
5.068658e+00
5.072896e+00
5.077134e+00
5.081372e+00
5.085609e+00
5.089847e+00
5.094084e+00
5.098322e+00
5.102560e+00
5.106798e+00
5.111035e+00
5.115273e+00
5.119510e+00
5.123749e+00
5.127986e+00
5.132224e+00
5.136461e+00
5.140699e+00
5.144936e+00
5.149175e+00
5.153412e+00
5.157650e+00
5.161887e+00
5.166125e+00
5.170363e+00
5.174601e+00
5.178838e+00
5.183076e+00
5.187313e+00
5.191551e+00
5.195789e+00
5.200027e+00
5.204264e+00
5.208502e+00
5.212739e+00
5.216977e+00
5.221215e+00
5.225453e+00
5.229690e+00
5.233928e+00
5.238165e+00
5.242404e+00
5.246641e+00
5.250879e+00
5.255116e+00
5.259354e+00
5.263591e+00
5.267830e+00
5.272067e+00
5.276305e+00
5.280542e+00
5.284780e+00
5.289018e+00
5.293256e+00
5.297493e+00
5.301731e+00
5.305968e+00
5.310206e+00
5.314444e+00
5.318682e+00
5.322919e+00
5.327157e+00
5.331394e+00
5.335632e+00
5.339870e+00
5.344108e+00
5.348345e+00
5.352583e+00
5.356820e+00
5.361059e+00
5.365296e+00
5.369534e+00
5.373771e+00
5.378009e+00
5.382246e+00
5.386485e+00
5.390722e+00
5.394960e+00
5.399197e+00
5.403435e+00
5.407673e+00
5.411911e+00
5.416148e+00
5.420386e+00
5.424623e+00
5.428861e+00
5.433099e+00
5.437337e+00
5.441574e+00
5.445812e+00
5.450049e+00
5.454287e+00
5.458525e+00
5.462763e+00
5.467000e+00
5.471237e+00
5.475475e+00
5.479713e+00
5.483951e+00
5.488188e+00
5.492426e+00
5.496663e+00
5.500901e+00
5.505139e+00
5.509377e+00
5.513614e+00
5.517852e+00
5.522089e+00
5.526327e+00
5.530565e+00
5.534803e+00
5.539040e+00
5.543278e+00
5.547515e+00
5.551754e+00
5.555991e+00
5.560229e+00
5.564466e+00
5.568704e+00
5.572941e+00
5.577180e+00
5.581417e+00
5.585655e+00
5.589892e+00
5.594130e+00
5.598368e+00
5.602606e+00
5.606843e+00
5.611081e+00
5.615318e+00
5.619556e+00
5.623794e+00
5.628032e+00
5.632269e+00
5.636507e+00
5.640744e+00
5.644982e+00
5.649220e+00
5.653458e+00
5.657695e+00
5.661933e+00
5.666170e+00
5.670409e+00
5.674646e+00
5.678884e+00
5.683121e+00
5.687359e+00
5.691596e+00
5.695835e+00
5.700072e+00
5.704310e+00
5.708547e+00
5.712785e+00
5.717023e+00
5.721261e+00
5.725498e+00
5.729736e+00
5.733973e+00
5.738211e+00
5.742449e+00
5.746687e+00
5.750924e+00
5.755162e+00
5.759399e+00
5.763637e+00
5.767875e+00
5.772113e+00
5.776350e+00
5.780588e+00
5.784825e+00
5.789064e+00
5.793301e+00
5.797539e+00
5.801776e+00
5.806014e+00
5.810251e+00
5.814490e+00
5.818727e+00
5.822965e+00
5.827202e+00
5.831440e+00
5.835678e+00
5.839916e+00
5.844153e+00
5.848391e+00
5.852628e+00
5.856866e+00
5.861104e+00
5.865342e+00
5.869579e+00
5.873817e+00
5.878054e+00
5.882292e+00
5.886530e+00
5.890768e+00
5.895005e+00
5.899243e+00
5.903480e+00
5.907718e+00
5.911956e+00
5.916194e+00
5.920431e+00
5.924669e+00
5.928906e+00
5.933145e+00
5.937382e+00
5.941620e+00
5.945857e+00
5.950095e+00
5.954332e+00
5.958571e+00
5.962808e+00
5.967046e+00
5.971283e+00
5.975521e+00
5.979759e+00
5.983997e+00
5.988234e+00
5.992472e+00
5.996709e+00
6.000947e+00
6.005185e+00
6.009423e+00
6.013660e+00
6.017898e+00
6.022135e+00
6.026373e+00
6.030611e+00
6.034849e+00
6.039086e+00
6.043324e+00
6.047561e+00
6.051800e+00
6.056037e+00
6.060275e+00
6.064512e+00
6.068750e+00
6.072987e+00
6.077226e+00
6.081463e+00
6.085701e+00
6.089938e+00
6.094176e+00
6.098414e+00
6.102652e+00
6.106889e+00
6.111408e+00
6.115926e+00
6.120445e+00
6.124964e+00
6.129483e+00
6.134001e+00
6.138520e+00
6.143040e+00
6.147559e+00
6.152077e+00
6.156596e+00
6.161115e+00
6.165634e+00
6.170152e+00
6.174671e+00
6.179190e+00
6.183709e+00
6.188227e+00
6.192746e+00
6.197265e+00
6.201784e+00
6.206302e+00
6.210821e+00
6.215341e+00
6.219860e+00
6.224378e+00
6.228897e+00
6.233416e+00
6.237935e+00
6.242453e+00
6.246972e+00
6.251491e+00
6.256010e+00
6.260528e+00
6.265047e+00
6.269566e+00
6.274085e+00
6.278603e+00
6.283122e+00
6.287642e+00
6.292161e+00
6.296679e+00
6.301198e+00
6.305717e+00
6.310236e+00
6.314754e+00
6.319273e+00
6.323792e+00
6.328311e+00
6.332829e+00
6.337348e+00
6.341867e+00
6.346386e+00
6.350904e+00
6.355424e+00
6.359943e+00
6.364462e+00
6.368980e+00
6.373499e+00
6.378018e+00
6.382537e+00
6.387055e+00
6.391574e+00
6.396093e+00
6.400612e+00
6.405130e+00
6.409649e+00
6.414168e+00
6.418687e+00
6.423205e+00
6.427725e+00
6.432244e+00
6.436763e+00
6.441281e+00
6.445800e+00
6.450319e+00
6.454838e+00
6.459356e+00
6.463875e+00
6.468394e+00
6.472913e+00
6.477431e+00
6.481950e+00
6.486469e+00
6.490988e+00
6.495506e+00
6.500026e+00
6.504545e+00
6.509064e+00
6.513582e+00
6.518101e+00
6.522620e+00
6.527139e+00
6.531657e+00
6.536176e+00
6.540695e+00
6.545214e+00
6.549732e+00
6.554251e+00
6.558770e+00
6.563289e+00
6.567808e+00
6.572327e+00
6.576846e+00
6.581365e+00
6.585883e+00
6.590402e+00
6.594921e+00
6.599440e+00
6.603958e+00
6.608477e+00
6.612996e+00
6.617515e+00
6.622033e+00
6.626552e+00
6.631071e+00
6.635590e+00
6.640109e+00
6.644628e+00
6.649147e+00
6.653666e+00
6.658184e+00
6.662703e+00
6.667222e+00
6.671741e+00
6.676259e+00
6.680778e+00
6.685297e+00
6.689816e+00
6.694334e+00
6.698853e+00
6.703372e+00
6.707891e+00
6.712410e+00
6.716929e+00
6.721448e+00
6.725967e+00
6.730485e+00
6.735004e+00
6.739523e+00
6.744042e+00
6.748560e+00
6.753079e+00
6.757598e+00
6.762117e+00
6.766635e+00
6.771154e+00
6.775673e+00
6.780192e+00
6.784711e+00
6.789230e+00
6.793749e+00
6.798268e+00
6.802786e+00
6.807305e+00
6.811824e+00
6.816343e+00
6.820861e+00
6.825380e+00
6.829899e+00
6.834418e+00
6.838936e+00
6.843455e+00
6.847974e+00
6.852494e+00
6.857012e+00
6.861531e+00
6.866050e+00
6.870569e+00
6.875087e+00
6.879606e+00
6.884125e+00
6.888644e+00
6.893162e+00
6.897681e+00
6.902200e+00
6.906719e+00
6.911237e+00
6.915756e+00
6.920275e+00
6.924795e+00
6.929313e+00
6.933832e+00
6.938351e+00
6.942870e+00
6.947388e+00
6.951907e+00
6.956426e+00
6.960945e+00
6.965463e+00
6.969982e+00
6.974501e+00
6.979020e+00
6.983538e+00
6.988057e+00
6.992576e+00
6.997096e+00
7.001614e+00
7.006133e+00
7.010652e+00
7.015171e+00
7.019689e+00
7.024208e+00
7.028727e+00
7.033246e+00
7.037764e+00
7.042283e+00
7.046802e+00
7.051321e+00
7.055839e+00
7.060358e+00
7.064878e+00
7.069397e+00
7.073915e+00
7.078434e+00
7.082953e+00
7.087472e+00
7.091990e+00
7.096509e+00
7.101028e+00
7.105547e+00
7.110065e+00
7.114584e+00
7.119103e+00
7.123622e+00
7.128140e+00
7.132659e+00
7.137179e+00
7.141698e+00
7.146216e+00
7.150735e+00
7.155254e+00
7.159773e+00
7.164291e+00
7.168810e+00
7.173329e+00
7.177848e+00
7.182366e+00
7.186885e+00
7.191404e+00
7.195923e+00
7.200441e+00
7.204960e+00
7.209480e+00
7.213999e+00
7.218517e+00
7.223036e+00
7.227555e+00
7.232074e+00
7.236592e+00
7.241111e+00
7.245630e+00
7.250149e+00
7.254667e+00
7.259186e+00
7.263705e+00
7.268224e+00
7.272742e+00
7.277262e+00
7.281781e+00
7.286300e+00
7.290818e+00
7.295337e+00
7.299856e+00
7.304375e+00
7.308893e+00
7.313412e+00
7.317931e+00
7.322450e+00
7.326968e+00
7.331487e+00
7.336006e+00
7.340525e+00
7.345043e+00
7.349563e+00
7.354082e+00
7.358601e+00
7.363119e+00
7.367638e+00
7.372157e+00
7.376676e+00
7.381194e+00
7.385713e+00
7.390232e+00
7.394751e+00
7.399269e+00
7.403788e+00
7.408307e+00
7.412826e+00
7.417344e+00
7.421864e+00
7.426383e+00
7.430902e+00
7.435420e+00
7.439939e+00
7.444458e+00
7.448977e+00
7.453495e+00
7.458014e+00
7.462533e+00
7.467052e+00
7.471570e+00
7.476089e+00
7.480608e+00
7.485127e+00
7.489646e+00
7.494165e+00
7.498684e+00
7.503203e+00
7.507721e+00
7.512240e+00
7.516759e+00
7.521278e+00
7.525796e+00
7.530315e+00
7.534834e+00
7.539353e+00
7.543871e+00
7.548390e+00
7.552909e+00
7.557428e+00
7.561947e+00
7.566466e+00
7.570985e+00
7.575504e+00
7.580022e+00
7.584541e+00
7.589060e+00
7.593579e+00
7.598097e+00
7.602616e+00
7.607135e+00
7.611654e+00
7.616172e+00
7.620691e+00
7.625210e+00
7.629729e+00
7.634248e+00
7.638767e+00
7.643286e+00
7.647805e+00
7.652323e+00
7.656842e+00
7.661361e+00
7.665880e+00
7.670398e+00
7.674917e+00
7.679436e+00
7.683955e+00
7.688473e+00
7.692992e+00
7.697511e+00
7.702031e+00
7.706549e+00
7.711068e+00
7.715587e+00
7.720106e+00
7.724624e+00
7.729143e+00
7.733662e+00
7.738181e+00
7.742699e+00
7.747218e+00
7.751737e+00
7.756256e+00
7.760774e+00
7.765293e+00
7.769812e+00
7.774332e+00
7.778850e+00
7.783369e+00
7.787888e+00
7.792407e+00
7.796925e+00
7.801444e+00
7.805963e+00
7.810482e+00
7.815000e+00
7.819519e+00
7.824038e+00
7.828557e+00
7.833075e+00
7.837594e+00
7.842113e+00
7.846633e+00
7.851151e+00
7.855670e+00
7.860189e+00
7.864708e+00
7.869226e+00
7.873745e+00
7.878264e+00
7.882783e+00
7.887301e+00
7.891820e+00
7.896339e+00
7.900858e+00
7.905376e+00
7.909895e+00
7.914414e+00
7.918934e+00
7.923452e+00
7.927971e+00
7.932490e+00
7.937009e+00
7.941527e+00
7.946046e+00
7.950565e+00
7.955084e+00
7.959602e+00
7.964121e+00
7.968640e+00
7.973159e+00
7.977677e+00
7.982196e+00
7.986716e+00
7.991235e+00
7.995753e+00
8.000272e+00
8.004791e+00
8.009310e+00
8.013828e+00
8.018347e+00
8.022866e+00
8.027385e+00
8.031903e+00
8.036422e+00
8.040941e+00
8.045460e+00
8.049978e+00
8.054497e+00
8.059017e+00
8.063536e+00
8.068054e+00
8.072573e+00
8.077092e+00
8.081611e+00
8.086129e+00
8.090648e+00
8.095167e+00
8.099686e+00
8.104204e+00
8.108723e+00
8.113242e+00
8.117761e+00
8.122279e+00
8.126798e+00
8.131318e+00
8.135837e+00
8.140355e+00
8.144874e+00
8.149393e+00
8.153912e+00
8.158430e+00
8.162949e+00
8.167468e+00
8.171987e+00
8.176505e+00
8.181024e+00
8.185543e+00
8.190062e+00
8.194580e+00
8.199100e+00
8.203619e+00
8.208138e+00
8.212656e+00
8.217175e+00
8.221694e+00
8.226213e+00
8.230731e+00
8.235250e+00
8.239769e+00
8.244288e+00
8.248806e+00
8.253325e+00
8.257844e+00
8.262363e+00
8.266881e+00
8.271401e+00
8.275920e+00
8.280439e+00
8.284957e+00
8.289476e+00
8.293995e+00
8.298514e+00
8.303032e+00
8.307551e+00
8.312070e+00
8.316589e+00
8.321107e+00
8.325626e+00
8.330145e+00
8.334664e+00
8.339182e+00
8.343702e+00
8.348221e+00
8.352740e+00
8.357258e+00
8.361777e+00
8.366296e+00
8.370815e+00
8.375333e+00
8.378305e+00
8.381278e+00
8.384249e+00
8.387221e+00
8.390193e+00
8.393165e+00
8.396137e+00
8.399109e+00
8.402081e+00
8.405053e+00
8.408025e+00
8.410996e+00
8.413969e+00
8.416941e+00
8.419912e+00
8.422885e+00
8.425857e+00
8.428828e+00
8.431800e+00
8.434773e+00
8.437744e+00
8.440716e+00
8.443688e+00
8.446660e+00
8.449632e+00
8.452604e+00
8.455576e+00
8.458548e+00
8.461520e+00
8.464491e+00
8.467464e+00
8.470436e+00
8.473407e+00
8.476380e+00
8.479352e+00
8.482323e+00
8.485295e+00
8.488268e+00
8.491239e+00
8.494211e+00
8.497184e+00
8.500155e+00
8.503127e+00
8.506099e+00
8.509071e+00
8.512043e+00
8.515015e+00
8.517987e+00
8.520959e+00
8.523931e+00
8.526902e+00
8.529875e+00
8.532847e+00
8.535818e+00
8.538791e+00
8.541762e+00
8.544734e+00
8.547706e+00
8.550678e+00
8.553650e+00
8.556622e+00
8.559594e+00
8.562566e+00
8.565538e+00
8.568510e+00
8.571482e+00
8.574454e+00
8.577425e+00
8.580397e+00
8.583370e+00
8.586341e+00
8.589313e+00
8.592286e+00
8.595257e+00
8.598229e+00
8.601201e+00
8.604173e+00
8.607145e+00
8.610117e+00
8.613089e+00
8.616061e+00
8.619033e+00
8.622004e+00
8.624977e+00
8.627949e+00
8.630920e+00
8.633893e+00
8.636865e+00
8.639836e+00
8.642808e+00
8.645781e+00
8.648752e+00
8.651724e+00
8.654697e+00
8.657668e+00
8.660640e+00
8.663612e+00
8.666584e+00
8.669556e+00
8.672528e+00
8.675500e+00
8.678472e+00
8.681444e+00
8.684415e+00
8.687388e+00
8.690360e+00
8.693331e+00
8.696303e+00
8.699276e+00
8.702247e+00
8.705219e+00
8.708192e+00
8.711163e+00
8.714135e+00
8.717107e+00
8.720079e+00
8.723051e+00
8.726023e+00
8.728995e+00
8.731967e+00
8.734939e+00
8.737910e+00
8.740883e+00
8.743855e+00
8.746826e+00
8.749799e+00
8.752771e+00
8.755742e+00
8.758714e+00
8.761687e+00
8.764658e+00
8.767630e+00
8.770603e+00
8.773574e+00
8.776546e+00
8.779518e+00
8.782490e+00
8.785462e+00
8.788434e+00
8.791406e+00
8.794378e+00
8.797350e+00
8.800321e+00
8.803294e+00
8.806266e+00
8.809237e+00
8.812209e+00
8.815182e+00
8.818153e+00
8.821125e+00
8.824098e+00
8.827069e+00
8.830041e+00
8.833013e+00
8.835985e+00
8.838957e+00
8.841929e+00
8.844901e+00
8.847873e+00
8.850845e+00
8.853816e+00
8.856789e+00
8.859761e+00
8.862732e+00
8.865705e+00
8.868677e+00
8.871648e+00
8.874620e+00
8.877592e+00
8.880564e+00
8.883536e+00
8.886508e+00
8.889480e+00
8.892452e+00
8.895424e+00
8.898396e+00
8.901368e+00
8.904340e+00
8.907312e+00
8.910284e+00
8.913255e+00
8.916227e+00
8.919200e+00
8.922171e+00
8.925143e+00
8.928116e+00
8.931087e+00
8.934059e+00
8.937031e+00
8.940003e+00
8.942975e+00
8.945947e+00
8.948918e+00
8.951891e+00
8.954863e+00
8.957834e+00
8.960807e+00
8.963779e+00
8.966750e+00
8.969722e+00
8.972695e+00
8.975666e+00
8.978638e+00
8.981611e+00
8.984582e+00
8.987554e+00
8.990526e+00
8.993498e+00
8.996470e+00
8.999442e+00
9.002414e+00
9.005386e+00
9.008358e+00
9.011329e+00
9.014302e+00
9.017274e+00
9.020245e+00
9.023218e+00
9.026190e+00
9.029161e+00
9.032133e+00
9.035106e+00
9.038077e+00
9.041049e+00
9.044022e+00
9.046993e+00
9.049965e+00
9.052937e+00
9.055909e+00
9.058881e+00
9.061853e+00
9.064824e+00
9.067797e+00
9.070769e+00
9.073740e+00
9.076713e+00
9.079685e+00
9.082656e+00
9.085628e+00
9.088601e+00
9.091572e+00
9.094544e+00
9.097517e+00
9.100488e+00
9.103460e+00
9.106432e+00
9.109404e+00
9.112376e+00
9.115348e+00
9.118320e+00
9.121292e+00
9.124264e+00
9.127235e+00
9.130208e+00
9.133180e+00
9.136151e+00
9.139124e+00
9.142096e+00
9.145067e+00
9.148039e+00
9.151012e+00
9.153983e+00
9.156955e+00
9.159928e+00
9.162899e+00
9.165871e+00
9.168843e+00
9.171815e+00
9.174787e+00
9.177759e+00
9.180731e+00
9.183703e+00
9.186675e+00
9.189646e+00
9.192619e+00
9.195591e+00
9.198562e+00
9.201534e+00
9.204507e+00
9.207478e+00
9.210450e+00
9.213422e+00
9.216394e+00
9.219366e+00
9.222338e+00
9.225310e+00
9.228282e+00
9.231254e+00
9.234226e+00
9.237198e+00
9.240170e+00
9.243141e+00
9.246114e+00
9.249085e+00
9.252057e+00
9.255030e+00
9.258001e+00
9.260973e+00
9.263945e+00
9.266917e+00
9.269889e+00
9.272861e+00
9.275833e+00
9.278805e+00
9.281777e+00
9.284748e+00
9.287721e+00
9.290693e+00
9.293664e+00
9.296637e+00
9.299609e+00
9.302580e+00
9.305552e+00
9.308525e+00
9.311496e+00
9.314468e+00
9.317440e+00
9.320412e+00
9.323384e+00
9.326356e+00
9.329328e+00
9.332300e+00
9.335272e+00
9.338243e+00
9.341216e+00
9.344188e+00
9.347159e+00
9.350132e+00
9.353104e+00
9.356075e+00
9.359047e+00
9.362020e+00
9.364991e+00
9.367963e+00
9.370936e+00
9.373907e+00
9.376879e+00
9.379851e+00
9.382823e+00
9.385795e+00
9.388767e+00
9.391739e+00
9.394711e+00
9.397683e+00
9.400654e+00
9.403627e+00
9.406599e+00
9.409570e+00
9.412543e+00
9.415515e+00
9.418486e+00
9.421458e+00
9.424431e+00
9.427402e+00
9.430374e+00
9.433347e+00
9.436318e+00
9.439290e+00
9.442262e+00
9.445234e+00
9.448206e+00
9.451178e+00
9.454149e+00
9.457122e+00
9.460094e+00
9.463065e+00
9.466038e+00
9.469010e+00
9.471981e+00
9.474953e+00
9.477926e+00
9.480897e+00
9.483869e+00
9.486842e+00
9.489813e+00
9.492785e+00
9.495757e+00
9.498729e+00
9.501701e+00
9.504673e+00
9.507645e+00
9.510617e+00
9.513589e+00
9.516560e+00
9.519533e+00
9.522505e+00
9.525476e+00
9.528449e+00
9.531421e+00
9.534392e+00
9.537364e+00
9.540337e+00
9.543308e+00
9.546280e+00
9.549252e+00
9.552224e+00
9.555196e+00
9.558168e+00
9.561140e+00
9.564112e+00
9.567084e+00
9.570055e+00
9.573028e+00
9.576000e+00
9.578971e+00
9.581944e+00
9.584915e+00
9.587887e+00
9.590859e+00
9.593831e+00
9.596803e+00
9.599775e+00
9.602747e+00
9.605719e+00
9.608691e+00
9.611663e+00
9.614635e+00
9.617607e+00
9.620578e+00
9.623551e+00
9.626523e+00
9.629494e+00
9.632466e+00
9.635439e+00
9.638410e+00
9.641382e+00
9.644355e+00
9.647326e+00
9.650298e+00
9.653270e+00
9.656242e+00
9.659214e+00
9.662186e+00
9.665158e+00
9.668130e+00
9.671102e+00
9.674073e+00
9.677046e+00
9.680018e+00
9.682989e+00
9.685961e+00
9.688934e+00
9.691905e+00
9.694877e+00
9.697850e+00
9.700821e+00
9.703793e+00
9.706765e+00
9.709737e+00
9.712709e+00
9.715681e+00
9.718653e+00
9.721625e+00
9.724597e+00
9.727568e+00
9.730541e+00
9.733513e+00
9.736484e+00
9.739457e+00
9.742429e+00
9.745400e+00
9.748372e+00
9.751345e+00
9.754316e+00
9.757288e+00
9.760261e+00
9.763232e+00
9.766204e+00
9.769176e+00
9.772148e+00
9.775120e+00
9.778092e+00
9.781064e+00
9.784036e+00
9.787008e+00
9.789979e+00
9.792952e+00
9.795924e+00
9.798895e+00
9.801868e+00
9.804840e+00
9.807811e+00
9.810783e+00
9.813756e+00
9.816727e+00
9.819699e+00
9.822671e+00
9.825643e+00
9.828615e+00
9.831587e+00
9.834559e+00
9.837531e+00
9.840503e+00
9.843474e+00
9.846447e+00
9.849419e+00
9.852390e+00
9.855363e+00
9.858335e+00
9.861306e+00
9.864278e+00
9.867251e+00
9.870222e+00
9.873049e+00
9.875876e+00
9.878704e+00
9.881530e+00
9.884357e+00
9.887184e+00
9.890012e+00
9.892839e+00
9.895665e+00
9.898492e+00
9.901320e+00
9.904147e+00
9.906974e+00
9.909800e+00
9.912628e+00
9.915455e+00
9.918282e+00
9.921109e+00
9.923935e+00
9.926763e+00
9.929590e+00
9.932417e+00
9.935244e+00
9.938071e+00
9.940898e+00
9.943725e+00
9.946552e+00
9.949380e+00
9.952206e+00
9.955033e+00
9.957860e+00
9.960688e+00
9.963515e+00
9.966341e+00
9.969168e+00
9.971996e+00
9.974823e+00
9.977650e+00
9.980476e+00
9.983303e+00
9.986131e+00
9.988958e+00
9.991785e+00
9.994612e+00
9.997439e+00
1.000027e+01
1.000309e+01
1.000592e+01
1.000875e+01
1.001157e+01
1.001440e+01
1.001723e+01
1.002006e+01
1.002288e+01
1.002571e+01
1.002854e+01
1.003136e+01
1.003419e+01
1.003702e+01
1.003984e+01
1.004267e+01
1.004550e+01
1.004833e+01
1.005115e+01
1.005398e+01
1.005681e+01
1.005963e+01
1.006246e+01
1.006529e+01
1.006812e+01
1.007094e+01
1.007377e+01
1.007660e+01
1.007942e+01
1.008225e+01
1.008508e+01
1.008790e+01
1.009073e+01
1.009356e+01
1.009639e+01
1.009921e+01
1.010204e+01
1.010487e+01
1.010769e+01
1.011052e+01
1.011335e+01
1.011617e+01
1.011900e+01
1.012183e+01
1.012466e+01
1.012748e+01
1.013031e+01
1.013314e+01
1.013596e+01
1.013879e+01
1.014162e+01
1.014444e+01
1.014727e+01
1.015010e+01
1.015293e+01
1.015575e+01
1.015858e+01
1.016141e+01
1.016423e+01
1.016706e+01
1.016989e+01
1.017271e+01
1.017554e+01
1.017837e+01
1.018120e+01
1.018402e+01
1.018685e+01
1.018968e+01
1.019250e+01
1.019533e+01
1.019816e+01
1.020099e+01
1.020381e+01
1.020664e+01
1.020947e+01
1.021229e+01
1.021512e+01
1.021795e+01
1.022077e+01
1.022360e+01
1.022643e+01
1.022926e+01
1.023208e+01
1.023491e+01
1.023774e+01
1.024056e+01
1.024339e+01
1.024622e+01
1.024905e+01
1.025187e+01
1.025470e+01
1.025753e+01
1.026035e+01
1.026318e+01
1.026601e+01
1.026883e+01
1.027166e+01
1.027449e+01
1.027732e+01
1.028014e+01
1.028297e+01
1.028580e+01
1.028862e+01
1.029145e+01
1.029428e+01
1.029711e+01
1.029993e+01
1.030276e+01
1.030559e+01
1.030841e+01
1.031124e+01
1.031407e+01
1.031689e+01
1.031972e+01
1.032255e+01
1.032538e+01
1.032820e+01
1.033103e+01
1.033386e+01
1.033668e+01
1.033951e+01
1.034234e+01
1.034516e+01
1.034799e+01
1.035082e+01
1.035365e+01
1.035647e+01
1.035930e+01
1.036213e+01
1.036495e+01
1.036778e+01
1.037061e+01
1.037343e+01
1.037626e+01
1.037909e+01
1.038192e+01
1.038474e+01
1.038757e+01
1.039040e+01
1.039322e+01
1.039605e+01
1.039888e+01
1.040170e+01
1.040453e+01
1.040736e+01
1.041019e+01
1.041301e+01
1.041584e+01
1.041867e+01
1.042149e+01
1.042432e+01
1.042715e+01
1.042998e+01
1.043280e+01
1.043563e+01
1.043846e+01
1.044128e+01
1.044411e+01
1.044694e+01
1.044976e+01
1.045259e+01
1.045542e+01
1.045825e+01
1.046107e+01
1.046390e+01
1.046673e+01
1.046955e+01
1.047238e+01
1.047521e+01
1.047804e+01
1.048086e+01
1.048369e+01
1.048652e+01
1.048934e+01
1.049217e+01
1.049500e+01
1.049783e+01
1.050065e+01
1.050348e+01
1.050631e+01
1.050913e+01
1.051196e+01
1.051479e+01
1.051761e+01
1.052044e+01
1.052327e+01
1.052610e+01
1.052892e+01
1.053175e+01
1.053458e+01
1.053740e+01
1.054023e+01
1.054306e+01
1.054588e+01
1.054871e+01
1.055154e+01
1.055437e+01
1.055719e+01
1.056002e+01
1.056285e+01
1.056567e+01
1.056850e+01
1.057133e+01
1.057415e+01
1.057698e+01
1.057981e+01
1.058264e+01
1.058546e+01
1.058829e+01
1.059112e+01
1.059394e+01
1.059677e+01
1.059960e+01
1.060242e+01
1.060525e+01
1.060808e+01
1.061091e+01
1.061373e+01
1.061656e+01
1.061939e+01
1.062221e+01
1.062504e+01
1.062787e+01
1.063070e+01
1.063352e+01
1.063635e+01
1.063918e+01
1.064200e+01
1.064483e+01
1.064766e+01
1.065048e+01
1.065331e+01
1.065614e+01
1.065897e+01
1.066179e+01
1.066462e+01
1.066745e+01
1.067027e+01
1.067310e+01
1.067593e+01
1.067876e+01
1.068158e+01
1.068441e+01
1.068724e+01
1.069006e+01
1.069289e+01
1.069572e+01
1.069854e+01
1.070137e+01
1.070420e+01
1.070703e+01
1.070985e+01
1.071268e+01
1.071551e+01
1.071833e+01
1.072116e+01
1.072399e+01
1.072681e+01
1.072964e+01
1.073247e+01
1.073530e+01
1.073812e+01
1.074095e+01
1.074378e+01
1.074660e+01
1.074943e+01
1.075226e+01
1.075508e+01
1.075791e+01
1.076074e+01
1.076357e+01
1.076639e+01
1.076922e+01
1.077205e+01
1.077487e+01
1.077770e+01
1.078053e+01
1.078336e+01
1.078618e+01
1.078901e+01
1.079184e+01
1.079466e+01
1.079749e+01
1.080032e+01
1.080314e+01
1.080597e+01
1.080880e+01
1.081163e+01
1.081445e+01
1.081728e+01
1.082011e+01
1.082293e+01
1.082576e+01
1.082859e+01
1.083141e+01
1.083424e+01
1.083707e+01
1.083990e+01
1.084272e+01
1.084555e+01
1.084838e+01
1.085120e+01
1.085403e+01
1.085686e+01
1.085969e+01
1.086251e+01
1.086534e+01
1.086817e+01
1.087099e+01
1.087382e+01
1.087665e+01
1.087947e+01
1.088230e+01
1.088513e+01
1.088796e+01
1.089078e+01
1.089361e+01
1.089644e+01
1.089926e+01
1.090209e+01
1.090492e+01
1.090775e+01
1.091057e+01
1.091340e+01
1.091623e+01
1.091905e+01
1.092188e+01
1.092471e+01
1.092753e+01
1.093036e+01
1.093319e+01
1.093602e+01
1.093884e+01
1.094167e+01
1.094450e+01
1.094732e+01
1.095015e+01
1.095298e+01
1.095580e+01
1.095863e+01
1.096146e+01
1.096429e+01
1.096711e+01
1.096994e+01
1.097277e+01
1.097559e+01
1.097842e+01
1.098125e+01
1.098407e+01
1.098690e+01
1.098973e+01
1.099256e+01
1.099538e+01
1.099821e+01
1.100104e+01
1.100386e+01
1.100669e+01
1.100952e+01
1.101235e+01
1.101517e+01
1.101800e+01
1.102083e+01
1.102365e+01
1.102648e+01
1.102931e+01
1.103213e+01
1.103496e+01
1.103779e+01
1.104062e+01
1.104344e+01
1.104627e+01
1.104910e+01
1.105192e+01
1.105475e+01
1.105758e+01
1.106041e+01
1.106323e+01
1.106606e+01
1.106889e+01
1.107171e+01
1.107454e+01
1.107737e+01
1.108019e+01
1.108302e+01
1.108585e+01
1.108868e+01
1.109150e+01
1.109433e+01
1.109716e+01
1.109998e+01
1.110281e+01
1.110564e+01
1.110847e+01
1.111129e+01
1.111412e+01
1.111695e+01
1.111977e+01
1.112260e+01
1.112543e+01
1.112825e+01
1.113108e+01
1.113391e+01
1.113674e+01
1.113956e+01
1.114239e+01
1.114522e+01
1.114804e+01
1.115087e+01
1.115370e+01
1.115652e+01
1.115935e+01
1.116218e+01
1.116501e+01
1.116783e+01
1.117066e+01
1.117349e+01
1.117631e+01
1.117914e+01
1.118197e+01
1.118479e+01
1.118762e+01
1.119045e+01
1.119328e+01
1.119610e+01
1.119893e+01
1.120176e+01
1.120458e+01
1.120741e+01
1.121024e+01
1.121306e+01
1.121589e+01
1.121872e+01
1.122155e+01
1.122437e+01
1.122720e+01
1.123003e+01
