5.800000e-01
5.803333e-01
5.806667e-01
5.810000e-01
5.813333e-01
5.816667e-01
5.820000e-01
5.823333e-01
5.826667e-01
5.830000e-01
5.833333e-01
5.836667e-01
5.840000e-01
5.843333e-01
5.846667e-01
5.850000e-01
5.853333e-01
5.856667e-01
5.860000e-01
5.863333e-01
5.866667e-01
5.870000e-01
5.873333e-01
5.876667e-01
5.880000e-01
5.883333e-01
5.886667e-01
5.890000e-01
5.893333e-01
5.896667e-01
5.900000e-01
5.900500e-01
5.901000e-01
5.901500e-01
5.902000e-01
5.902500e-01
5.903000e-01
5.903500e-01
5.904000e-01
5.904500e-01
5.905000e-01
5.905500e-01
5.906000e-01
5.906500e-01
5.907000e-01
5.907500e-01
5.908000e-01
5.908500e-01
5.909000e-01
5.909500e-01
5.910000e-01
5.914500e-01
5.919000e-01
5.923500e-01
5.928000e-01
5.932500e-01
5.937000e-01
5.941500e-01
5.946000e-01
5.950500e-01
5.955000e-01
5.959500e-01
5.964000e-01
5.968500e-01
5.973000e-01
5.977500e-01
5.982000e-01
5.986500e-01
5.991000e-01
5.996334e-01
6.000000e-01
6.003666e-01
6.007334e-01
6.011000e-01
6.014666e-01
6.018334e-01
6.022000e-01
6.025666e-01
6.029334e-01
6.033000e-01
6.036666e-01
6.040334e-01
6.044000e-01
6.047666e-01
6.051334e-01
6.055000e-01
6.058666e-01
6.062334e-01
6.066000e-01
6.069666e-01
6.073334e-01
6.077000e-01
6.080666e-01
6.084334e-01
6.088000e-01
6.091666e-01
6.095334e-01
6.099000e-01
6.102666e-01
6.106334e-01
6.110000e-01
6.114000e-01
6.118000e-01
6.122000e-01
6.126000e-01
6.130000e-01
6.134000e-01
6.138000e-01
6.142000e-01
6.146000e-01
6.150000e-01
6.154000e-01
6.158000e-01
6.162000e-01
6.166000e-01
6.170000e-01
6.174000e-01
6.178000e-01
6.182000e-01
6.186000e-01
6.190000e-01
6.194000e-01
6.198000e-01
6.202000e-01
6.206000e-01
6.210000e-01
6.214000e-01
6.218000e-01
6.222000e-01
6.226000e-01
6.230000e-01
6.234000e-01
6.238000e-01
6.242000e-01
6.246000e-01
6.250000e-01
6.254000e-01
6.258000e-01
6.262000e-01
6.266000e-01
6.270000e-01
6.274000e-01
6.278000e-01
6.282000e-01
6.286000e-01
6.290000e-01
6.294000e-01
6.298000e-01
6.302000e-01
6.306000e-01
6.310000e-01
6.312200e-01
6.314400e-01
6.316600e-01
6.318800e-01
6.321000e-01
6.323200e-01
6.325400e-01
6.327600e-01
6.329800e-01
6.332000e-01
6.334200e-01
6.336400e-01
6.338600e-01
6.340800e-01
6.343000e-01
6.345200e-01
6.347400e-01
6.349600e-01
6.351800e-01
6.354000e-01
6.356200e-01
6.358400e-01
6.360600e-01
6.362800e-01
6.365000e-01
6.367200e-01
6.369400e-01
6.371600e-01
6.373800e-01
6.376000e-01
6.378200e-01
6.380400e-01
6.382600e-01
6.384800e-01
6.387000e-01
6.389200e-01
6.391400e-01
6.393600e-01
6.395800e-01
6.398000e-01
6.400200e-01
6.402400e-01
6.404600e-01
6.406800e-01
6.409000e-01
6.411200e-01
6.413400e-01
6.415600e-01
6.417800e-01
6.420000e-01
6.445900e-01
6.471800e-01
6.497700e-01
6.523600e-01
6.549500e-01
6.575400e-01
6.601300e-01
6.627200e-01
6.653100e-01
6.679000e-01
6.704900e-01
6.730800e-01
6.756700e-01
6.782600e-01
6.808500e-01
6.834400e-01
6.860300e-01
6.886200e-01
6.912100e-01
6.938000e-01
6.963900e-01
6.989800e-01
7.015700e-01
7.041600e-01
7.067500e-01
7.093400e-01
7.119300e-01
7.145200e-01
7.171100e-01
7.197000e-01
7.222900e-01
7.248800e-01
7.274700e-01
7.300600e-01
7.326500e-01
7.352400e-01
7.378300e-01
7.404200e-01
7.430100e-01
7.456000e-01
7.481900e-01
7.507800e-01
7.533700e-01
7.559600e-01
7.585500e-01
7.611400e-01
7.637300e-01
7.663200e-01
7.689100e-01
7.715000e-01
7.740900e-01
7.766800e-01
7.792700e-01
7.818600e-01
7.844500e-01
7.870400e-01
7.896300e-01
7.922200e-01
7.948100e-01
7.974000e-01
7.999900e-01
8.025800e-01
8.051700e-01
8.077600e-01
8.103500e-01
8.129400e-01
8.155300e-01
8.181200e-01
8.207100e-01
8.233000e-01
8.258900e-01
8.284800e-01
8.310700e-01
8.336600e-01
8.362500e-01
8.388400e-01
8.414300e-01
8.440200e-01
8.466100e-01
8.492000e-01
8.517900e-01
8.543800e-01
8.569700e-01
8.595600e-01
8.621500e-01
8.647400e-01
8.673300e-01
8.699200e-01
8.725100e-01
8.751000e-01
8.776900e-01
8.802800e-01
8.828700e-01
8.854600e-01
8.880500e-01
8.906400e-01
8.932300e-01
8.958200e-01
8.984100e-01
9.010000e-01
9.017000e-01
9.024000e-01
9.031000e-01
9.038000e-01
9.045000e-01
9.052000e-01
9.059000e-01
9.066000e-01
9.073000e-01
9.080000e-01
9.087000e-01
9.094000e-01
9.101000e-01
9.108000e-01
9.115000e-01
9.122000e-01
9.129000e-01
9.136000e-01
9.143000e-01
9.150000e-01
9.157000e-01
9.164000e-01
9.171000e-01
9.178000e-01
9.185000e-01
9.192000e-01
9.199000e-01
9.206000e-01
9.213000e-01
9.220000e-01
9.227000e-01
9.234000e-01
9.241000e-01
9.248000e-01
9.255000e-01
9.262000e-01
9.269000e-01
9.276000e-01
9.283000e-01
9.290000e-01
9.297000e-01
9.304000e-01
9.311000e-01
9.318000e-01
9.325000e-01
9.332000e-01
9.339000e-01
9.346000e-01
9.353000e-01
9.360000e-01
9.367000e-01
9.374000e-01
9.381000e-01
9.388000e-01
9.395000e-01
9.402000e-01
9.409000e-01
9.416000e-01
9.423000e-01
9.430000e-01
9.437000e-01
9.444000e-01
9.451000e-01
9.458000e-01
9.465000e-01
9.472000e-01
9.479000e-01
9.486000e-01
9.493000e-01
9.500000e-01
9.507000e-01
9.514000e-01
9.521000e-01
9.528000e-01
9.535000e-01
9.542000e-01
9.549000e-01
9.556000e-01
9.563000e-01
9.570000e-01
9.577000e-01
9.584000e-01
9.591000e-01
9.598000e-01
9.605000e-01
9.612000e-01
9.619000e-01
9.626000e-01
9.633000e-01
9.640000e-01
9.647000e-01
9.654000e-01
9.661000e-01
9.668000e-01
9.675000e-01
9.682000e-01
9.689000e-01
9.696000e-01
9.703000e-01
9.710000e-01
9.717000e-01
9.724000e-01
9.731000e-01
9.738000e-01
9.745000e-01
9.752000e-01
9.759000e-01
9.766000e-01
9.773000e-01
9.780000e-01
9.787000e-01
9.794000e-01
9.801000e-01
9.808000e-01
9.815000e-01
9.822000e-01
9.829000e-01
9.836000e-01
9.843000e-01
9.850000e-01
9.857000e-01
9.864000e-01
9.871000e-01
9.878000e-01
9.885000e-01
9.892000e-01
9.899000e-01
9.906000e-01
9.913000e-01
9.920000e-01
9.927000e-01
9.934000e-01
9.941000e-01
9.948000e-01
9.955000e-01
9.962000e-01
9.969000e-01
9.976000e-01
9.983000e-01
9.990000e-01
9.997000e-01
1.000400e+00
1.001100e+00
1.001800e+00
1.002500e+00
1.003200e+00
1.003900e+00
1.004600e+00
1.005300e+00
1.006000e+00
1.006700e+00
1.007400e+00
1.008100e+00
1.008800e+00
1.009500e+00
1.010200e+00
1.010900e+00
1.011600e+00
1.012300e+00
1.013000e+00
1.013700e+00
1.014400e+00
1.015100e+00
1.015800e+00
1.016500e+00
1.017200e+00
1.017900e+00
1.018600e+00
1.019300e+00
1.020000e+00
1.020700e+00
1.021400e+00
1.022100e+00
1.022800e+00
1.023500e+00
1.024200e+00
1.024900e+00
1.025600e+00
1.026300e+00
1.027000e+00
1.027700e+00
1.028400e+00
1.029100e+00
1.029800e+00
1.030500e+00
1.031200e+00
1.031900e+00
1.032600e+00
1.033300e+00
1.034000e+00
1.034700e+00
1.035400e+00
1.036100e+00
1.036800e+00
1.037500e+00
1.038200e+00
1.038900e+00
1.039600e+00
1.040300e+00
1.041000e+00
1.041700e+00
1.042400e+00
1.043100e+00
1.043800e+00
1.044500e+00
1.045200e+00
1.045900e+00
1.046600e+00
1.047300e+00
1.048000e+00
1.048700e+00
1.049400e+00
1.050100e+00
1.050800e+00
1.051500e+00
1.052200e+00
1.052900e+00
1.053600e+00
1.054300e+00
1.055000e+00
1.055700e+00
1.056400e+00
1.057100e+00
1.057800e+00
1.058500e+00
1.059200e+00
1.059900e+00
1.060600e+00
1.061300e+00
1.062000e+00
1.062700e+00
1.063400e+00
1.064100e+00
1.064800e+00
1.065500e+00
1.066200e+00
1.066900e+00
1.067600e+00
1.068300e+00
1.069000e+00
1.069700e+00
1.070400e+00
1.071100e+00
1.071800e+00
1.072500e+00
1.073200e+00
1.073900e+00
1.074600e+00
1.075300e+00
1.076000e+00
1.076700e+00
1.077400e+00
1.078100e+00
1.078800e+00
1.079500e+00
1.080200e+00
1.080900e+00
1.081600e+00
1.082300e+00
1.083000e+00
1.083700e+00
1.084400e+00
1.085100e+00
1.085800e+00
1.086500e+00
1.087200e+00
1.087900e+00
1.088600e+00
1.089300e+00
1.090000e+00
1.090700e+00
1.091400e+00
1.092100e+00
1.092800e+00
1.093500e+00
1.094200e+00
1.094900e+00
1.095600e+00
1.096300e+00
1.097000e+00
1.097700e+00
1.098400e+00
1.099100e+00
1.099800e+00
1.100500e+00
1.101200e+00
1.101900e+00
1.102600e+00
1.103300e+00
1.104000e+00
1.104700e+00
1.105400e+00
1.106100e+00
1.106800e+00
1.107500e+00
1.108200e+00
1.108900e+00
1.109600e+00
1.110300e+00
1.111000e+00
1.111890e+00
1.112780e+00
1.113670e+00
1.114560e+00
1.115450e+00
1.116340e+00
1.117230e+00
1.118120e+00
1.119010e+00
1.119900e+00
1.120790e+00
1.121680e+00
1.122570e+00
1.123460e+00
1.124350e+00
1.125240e+00
1.126130e+00
1.127020e+00
1.127910e+00
1.128800e+00
1.129690e+00
1.130580e+00
1.131470e+00
1.132360e+00
1.133250e+00
1.134140e+00
1.135030e+00
1.135920e+00
1.136810e+00
1.137700e+00
1.138590e+00
1.139480e+00
1.140370e+00
1.141260e+00
1.142150e+00
1.143040e+00
1.143930e+00
1.144820e+00
1.145710e+00
1.146600e+00
1.147490e+00
1.148380e+00
1.149270e+00
1.150160e+00
1.151050e+00
1.151940e+00
1.152830e+00
1.153720e+00
1.154610e+00
1.155500e+00
1.156390e+00
1.157280e+00
1.158170e+00
1.159060e+00
1.159950e+00
1.160840e+00
1.161730e+00
1.162620e+00
1.163510e+00
1.164400e+00
1.165290e+00
1.166180e+00
1.167070e+00
1.167960e+00
1.168850e+00
1.169740e+00
1.170630e+00
1.171520e+00
1.172410e+00
1.173300e+00
1.174190e+00
1.175080e+00
1.175970e+00
1.176860e+00
1.177750e+00
1.178640e+00
1.179530e+00
1.180420e+00
1.181310e+00
1.182200e+00
1.183090e+00
1.183980e+00
1.184870e+00
1.185760e+00
1.186650e+00
1.187540e+00
1.188430e+00
1.189320e+00
1.190210e+00
1.191100e+00
1.191990e+00
1.192880e+00
1.193770e+00
1.194660e+00
1.195550e+00
1.196440e+00
1.197330e+00
1.198220e+00
1.199110e+00
1.200000e+00
1.207158e+00
1.214316e+00
1.221474e+00
1.228632e+00
1.235790e+00
1.242948e+00
1.250106e+00
1.257265e+00
1.264423e+00
1.271581e+00
1.278739e+00
1.285897e+00
1.293055e+00
1.300213e+00
1.307371e+00
1.314529e+00
1.321687e+00
1.328845e+00
1.336003e+00
1.343161e+00
1.350319e+00
1.357477e+00
1.364636e+00
1.371794e+00
1.378952e+00
1.386110e+00
1.393268e+00
1.400426e+00
1.407584e+00
1.414742e+00
1.421900e+00
1.429058e+00
1.436216e+00
1.443374e+00
1.450532e+00
1.457690e+00
1.464848e+00
1.472007e+00
1.479165e+00
1.486323e+00
1.493481e+00
1.500639e+00
1.507797e+00
1.514955e+00
1.522113e+00
1.529271e+00
1.536429e+00
1.543587e+00
1.550745e+00
1.557903e+00
1.565061e+00
1.572219e+00
1.579378e+00
1.586536e+00
1.593694e+00
1.600852e+00
1.608010e+00
1.615168e+00
1.622326e+00
1.629484e+00
1.636642e+00
1.643800e+00
1.650958e+00
1.658116e+00
1.665274e+00
1.672432e+00
1.679590e+00
1.686749e+00
1.693907e+00
1.701065e+00
1.708223e+00
1.715381e+00
1.722539e+00
1.729697e+00
1.736855e+00
1.744013e+00
1.751171e+00
1.758329e+00
1.765487e+00
1.772645e+00
1.779803e+00
1.786961e+00
1.794120e+00
1.801278e+00
1.808436e+00
1.815594e+00
1.822752e+00
1.829910e+00
1.837068e+00
1.844226e+00
1.851384e+00
1.858542e+00
1.865700e+00
1.872858e+00
1.880016e+00
1.887174e+00
1.894332e+00
1.901491e+00
1.908649e+00
1.915807e+00
1.922965e+00
1.930123e+00
1.937281e+00
1.944439e+00
1.951597e+00
1.958755e+00
1.965913e+00
1.973071e+00
1.980229e+00
1.987387e+00
1.994545e+00
2.001703e+00
2.008861e+00
2.016020e+00
2.023178e+00
2.030336e+00
2.037494e+00
2.044652e+00
2.051810e+00
2.058968e+00
2.066126e+00
2.073284e+00
2.080442e+00
2.087600e+00
2.094758e+00
2.101916e+00
2.109074e+00
2.116232e+00
2.123391e+00
2.130549e+00
2.137707e+00
2.144865e+00
2.152023e+00
2.159181e+00
2.166339e+00
2.173497e+00
2.180655e+00
2.187813e+00
2.194971e+00
2.202129e+00
2.209287e+00
2.216445e+00
2.223603e+00
2.230762e+00
2.237920e+00
2.245078e+00
2.252236e+00
2.259394e+00
2.266552e+00
2.273710e+00
2.280868e+00
2.288026e+00
2.295184e+00
2.302342e+00
2.309500e+00
2.316658e+00
2.323816e+00
2.330974e+00
2.338133e+00
2.345291e+00
2.352449e+00
2.359607e+00
2.366765e+00
2.373923e+00
2.381081e+00
2.388239e+00
2.395397e+00
2.402555e+00
2.409713e+00
2.416871e+00
2.424029e+00
2.431187e+00
2.438345e+00
2.445504e+00
2.452662e+00
2.459820e+00
2.466978e+00
2.474136e+00
2.481294e+00
2.488452e+00
2.495610e+00
2.502768e+00
2.509926e+00
2.517084e+00
2.524242e+00
2.531400e+00
2.538558e+00
2.545716e+00
2.552875e+00
2.560033e+00
2.567191e+00
2.574349e+00
2.581507e+00
2.588665e+00
2.595823e+00
2.602981e+00
2.610139e+00
2.617297e+00
2.624455e+00
2.631613e+00
2.638771e+00
2.645929e+00
2.653087e+00
2.660246e+00
2.667404e+00
2.674562e+00
2.681720e+00
2.688878e+00
2.696036e+00
2.703194e+00
2.710352e+00
2.717510e+00
2.724668e+00
2.731826e+00
2.738984e+00
2.746142e+00
2.753300e+00
2.760458e+00
2.767617e+00
2.774775e+00
2.781933e+00
2.789091e+00
2.796249e+00
2.803407e+00
2.810565e+00
2.817723e+00
2.824881e+00
2.832039e+00
2.839197e+00
2.846355e+00
2.853513e+00
2.860671e+00
2.867829e+00
2.874988e+00
2.882146e+00
2.889304e+00
2.896462e+00
2.903620e+00
2.910778e+00
2.917936e+00
2.925094e+00
2.932252e+00
2.939410e+00
2.946568e+00
2.953726e+00
2.960884e+00
2.968042e+00
2.975200e+00
2.982359e+00
2.989517e+00
2.996675e+00
3.003833e+00
3.010991e+00
3.018149e+00
3.025307e+00
3.032465e+00
3.039623e+00
3.046781e+00
3.053939e+00
3.061097e+00
3.068255e+00
3.075413e+00
3.082571e+00
3.089730e+00
3.096888e+00
3.104046e+00
3.111204e+00
3.118362e+00
3.125520e+00
3.132678e+00
3.139836e+00
3.146994e+00
3.154152e+00
3.161310e+00
3.168468e+00
3.175626e+00
3.182784e+00
3.189942e+00
3.197101e+00
3.204259e+00
3.211417e+00
3.218575e+00
3.225733e+00
3.232891e+00
3.240049e+00
3.247207e+00
3.254365e+00
3.261523e+00
3.268681e+00
3.275839e+00
3.282997e+00
3.290155e+00
3.297313e+00
3.304472e+00
3.311630e+00
3.318788e+00
3.325946e+00
3.333104e+00
3.340262e+00
3.347420e+00
3.354578e+00
3.361736e+00
3.368894e+00
3.376052e+00
3.383210e+00
3.390368e+00
3.397526e+00
3.404684e+00
3.411842e+00
3.419001e+00
3.426159e+00
3.433317e+00
3.440475e+00
3.447633e+00
3.454791e+00
3.461949e+00
3.469107e+00
3.476265e+00
3.483423e+00
3.490581e+00
3.497739e+00
3.504897e+00
3.512055e+00
3.519213e+00
3.526372e+00
3.533530e+00
3.540688e+00
3.547846e+00
3.555004e+00
3.562162e+00
3.569320e+00
3.576478e+00
3.583636e+00
3.590794e+00
3.597952e+00
3.605110e+00
3.612268e+00
3.619426e+00
3.626584e+00
3.633743e+00
3.640901e+00
3.648059e+00
3.655217e+00
3.662375e+00
3.669533e+00
3.676691e+00
3.683849e+00
3.691007e+00
3.698165e+00
3.705323e+00
3.712481e+00
3.719639e+00
3.726797e+00
3.733955e+00
3.741114e+00
3.748272e+00
3.755430e+00
3.762588e+00
3.769746e+00
3.776904e+00
3.784062e+00
3.791220e+00
3.798378e+00
3.805536e+00
3.812694e+00
3.819852e+00
3.827010e+00
3.834168e+00
3.841326e+00
3.848485e+00
3.855643e+00
3.862801e+00
3.869959e+00
3.877117e+00
3.884275e+00
3.891433e+00
3.898591e+00
3.905749e+00
3.912907e+00
3.920065e+00
3.927223e+00
3.934381e+00
3.941539e+00
3.948697e+00
3.955856e+00
3.963014e+00
3.970172e+00
3.977330e+00
3.984488e+00
3.991646e+00
3.998804e+00
4.005962e+00
4.013120e+00
4.020278e+00
4.027436e+00
4.034594e+00
4.041752e+00
4.048910e+00
4.056068e+00
4.063227e+00
4.070385e+00
4.077543e+00
4.084701e+00
4.091859e+00
4.099017e+00
4.106175e+00
4.113333e+00
4.118304e+00
4.123276e+00
4.128247e+00
4.133218e+00
4.138189e+00
4.143160e+00
4.148131e+00
4.153102e+00
4.158073e+00
4.163044e+00
4.168016e+00
4.172987e+00
4.177958e+00
4.182929e+00
4.187900e+00
4.192871e+00
4.197842e+00
4.202813e+00
4.207784e+00
4.212756e+00
4.217727e+00
4.222698e+00
4.227669e+00
4.232640e+00
4.237611e+00
4.242582e+00
4.247553e+00
4.252524e+00
4.257496e+00
4.262467e+00
4.267438e+00
4.272409e+00
4.277380e+00
4.282351e+00
4.287322e+00
4.292293e+00
4.297264e+00
4.302236e+00
4.307207e+00
4.312178e+00
4.317149e+00
4.322120e+00
4.327091e+00
4.332062e+00
4.337033e+00
4.342004e+00
4.346976e+00
4.351947e+00
4.356918e+00
4.361889e+00
4.366860e+00
4.371831e+00
4.376802e+00
4.381773e+00
4.386744e+00
4.391716e+00
4.396687e+00
4.401658e+00
4.406629e+00
4.411600e+00
4.416571e+00
4.421542e+00
4.426513e+00
4.431484e+00
4.436456e+00
4.441427e+00
4.446398e+00
4.451369e+00
4.456340e+00
4.461311e+00
4.466282e+00
4.471253e+00
4.476224e+00
4.481196e+00
4.486167e+00
4.491138e+00
4.496109e+00
4.501080e+00
4.506051e+00
4.511022e+00
4.515993e+00
4.520964e+00
4.525936e+00
4.530907e+00
4.535878e+00
4.540849e+00
4.545820e+00
4.550791e+00
4.555762e+00
4.560733e+00
4.565704e+00
4.570676e+00
4.575647e+00
4.580618e+00
4.585589e+00
4.590560e+00
4.595531e+00
4.600502e+00
4.605473e+00
4.610444e+00
4.614721e+00
4.618997e+00
4.623274e+00
4.627550e+00
4.631826e+00
4.636103e+00
4.640379e+00
4.644656e+00
4.648932e+00
4.653208e+00
4.657485e+00
4.661761e+00
4.666038e+00
4.670314e+00
4.674590e+00
4.678867e+00
4.683143e+00
4.687420e+00
4.691696e+00
4.695972e+00
4.700249e+00
4.704525e+00
4.708802e+00
4.713078e+00
4.717354e+00
4.721631e+00
4.725907e+00
4.730184e+00
4.734460e+00
4.738736e+00
4.743013e+00
4.747289e+00
4.751566e+00
4.755842e+00
4.760118e+00
4.764395e+00
4.768671e+00
4.772947e+00
4.777224e+00
4.781500e+00
4.785777e+00
4.790053e+00
4.794329e+00
4.798606e+00
4.802882e+00
4.807159e+00
4.811435e+00
4.815711e+00
4.819988e+00
4.824264e+00
4.828541e+00
4.832817e+00
4.837093e+00
4.841370e+00
4.845646e+00
4.849923e+00
4.854199e+00
4.858475e+00
4.862752e+00
4.867028e+00
4.871305e+00
4.875581e+00
4.879857e+00
4.884134e+00
4.888410e+00
4.892687e+00
4.896963e+00
4.901239e+00
4.905516e+00
4.909792e+00
4.914069e+00
4.918345e+00
4.922621e+00
4.926898e+00
4.931174e+00
4.935451e+00
4.939727e+00
4.944003e+00
4.948280e+00
4.952556e+00
4.956832e+00
4.961109e+00
4.965385e+00
4.969662e+00
4.973938e+00
4.978214e+00
4.982491e+00
4.986767e+00
4.991044e+00
4.995320e+00
4.999596e+00
5.003873e+00
5.008149e+00
5.012426e+00
5.016702e+00
5.020978e+00
5.025255e+00
5.029531e+00
5.033808e+00
5.038084e+00
5.042360e+00
5.046637e+00
5.050913e+00
5.055190e+00
5.059466e+00
5.063742e+00
5.068019e+00
5.072295e+00
5.076572e+00
5.080848e+00
5.085124e+00
5.089401e+00
5.093677e+00
5.097954e+00
5.102230e+00
5.106506e+00
5.110783e+00
5.115059e+00
5.119336e+00
5.123612e+00
5.127888e+00
5.132165e+00
5.136441e+00
5.140717e+00
5.144994e+00
5.149270e+00
5.153547e+00
5.157823e+00
5.162100e+00
5.166376e+00
5.170652e+00
5.174929e+00
5.179205e+00
5.183482e+00
5.187758e+00
5.192034e+00
5.196310e+00
5.200587e+00
5.204863e+00
5.209140e+00
5.213416e+00
5.217693e+00
5.221969e+00
5.226245e+00
5.230522e+00
5.234798e+00
5.239075e+00
5.243351e+00
5.247628e+00
5.251904e+00
5.256180e+00
5.260456e+00
5.264733e+00
5.269010e+00
5.273286e+00
5.277562e+00
5.281838e+00
5.286115e+00
5.290391e+00
5.294668e+00
5.298944e+00
5.303221e+00
5.307497e+00
5.311773e+00
5.316049e+00
5.320326e+00
5.324603e+00
5.328879e+00
5.333156e+00
5.337432e+00
5.341708e+00
5.345984e+00
5.350261e+00
5.354537e+00
5.358814e+00
5.363090e+00
5.367367e+00
5.371643e+00
5.375919e+00
5.380196e+00
5.384472e+00
5.388749e+00
5.393025e+00
5.397301e+00
5.401577e+00
5.405854e+00
5.410130e+00
5.414407e+00
5.418683e+00
5.422960e+00
5.427236e+00
5.431512e+00
5.435789e+00
5.440065e+00
5.444342e+00
5.448618e+00
5.452895e+00
5.457171e+00
5.461447e+00
5.465723e+00
5.470000e+00
5.474799e+00
5.479598e+00
5.484397e+00
5.489196e+00
5.493996e+00
5.498795e+00
5.503594e+00
5.508393e+00
5.513192e+00
5.517991e+00
5.522791e+00
5.527589e+00
5.532388e+00
5.537188e+00
5.541987e+00
5.546786e+00
5.551585e+00
5.556384e+00
5.561183e+00
5.565983e+00
5.570781e+00
5.575580e+00
5.580380e+00
5.585179e+00
5.589978e+00
5.594777e+00
5.599576e+00
5.604375e+00
5.609175e+00
5.613974e+00
5.618772e+00
5.623572e+00
5.628371e+00
5.633170e+00
5.637969e+00
5.642768e+00
5.647567e+00
5.652367e+00
5.657166e+00
5.661965e+00
5.666764e+00
5.671563e+00
5.676362e+00
5.681161e+00
5.685960e+00
5.690759e+00
5.695559e+00
5.700358e+00
5.705157e+00
5.709956e+00
5.714755e+00
5.719554e+00
5.724354e+00
5.729152e+00
5.733951e+00
5.738751e+00
5.743550e+00
5.748349e+00
5.753148e+00
5.757947e+00
5.762746e+00
5.767546e+00
5.772344e+00
5.777143e+00
5.781943e+00
5.786742e+00
5.791541e+00
5.796340e+00
5.801139e+00
5.805938e+00
5.810738e+00
5.815537e+00
5.820335e+00
5.825135e+00
5.829934e+00
5.834733e+00
5.839532e+00
5.844331e+00
5.849130e+00
5.853929e+00
5.858729e+00
5.863527e+00
5.868326e+00
5.873126e+00
5.877925e+00
5.882724e+00
5.887523e+00
5.892322e+00
5.897121e+00
5.901921e+00
5.906720e+00
5.911518e+00
5.916318e+00
5.921117e+00
5.925916e+00
5.930715e+00
5.935514e+00
5.940313e+00
5.945113e+00
5.949912e+00
5.954711e+00
5.959510e+00
5.964309e+00
5.969108e+00
5.973907e+00
5.978706e+00
5.983505e+00
5.988305e+00
5.993104e+00
5.997903e+00
6.002702e+00
6.007501e+00
6.012300e+00
6.017100e+00
6.021898e+00
6.026697e+00
6.031497e+00
6.036296e+00
6.041095e+00
6.045894e+00
6.050693e+00
6.055492e+00
6.060292e+00
6.065090e+00
6.069889e+00
6.074689e+00
6.079488e+00
6.084287e+00
6.089086e+00
6.093885e+00
6.098684e+00
6.103484e+00
6.108283e+00
6.113081e+00
6.117881e+00
6.122680e+00
6.127479e+00
6.132278e+00
6.137077e+00
6.141876e+00
6.146676e+00
6.151475e+00
6.156273e+00
6.161073e+00
6.165872e+00
6.170671e+00
6.175470e+00
6.180269e+00
6.185068e+00
6.189868e+00
6.194667e+00
6.199466e+00
6.204265e+00
6.209064e+00
6.213863e+00
6.218662e+00
6.223461e+00
6.228260e+00
6.233060e+00
6.237859e+00
6.242658e+00
6.247457e+00
6.252256e+00
6.257055e+00
6.261855e+00
6.266653e+00
6.271452e+00
6.276252e+00
6.281051e+00
6.285850e+00
6.290649e+00
6.295448e+00
6.300247e+00
6.305047e+00
6.309846e+00
6.314644e+00
6.319444e+00
6.324243e+00
6.329042e+00
6.333841e+00
6.338640e+00
6.343439e+00
6.348239e+00
6.353038e+00
6.357836e+00
6.362636e+00
6.367435e+00
6.372234e+00
6.377033e+00
6.381832e+00
6.386631e+00
6.391431e+00
6.396230e+00
6.401029e+00
6.405828e+00
6.410627e+00
6.415426e+00
6.420225e+00
6.425024e+00
6.429823e+00
6.434623e+00
6.439422e+00
6.444221e+00
6.449020e+00
6.453819e+00
6.458618e+00
6.463418e+00
6.468216e+00
6.473015e+00
6.477815e+00
6.482614e+00
6.487413e+00
6.492212e+00
6.497011e+00
6.501810e+00
6.506610e+00
6.511408e+00
6.516207e+00
6.521007e+00
6.525806e+00
6.530605e+00
6.535404e+00
6.540203e+00
6.545002e+00
6.549802e+00
6.554601e+00
6.559399e+00
6.564198e+00
6.568998e+00
6.573797e+00
6.578596e+00
6.583395e+00
6.588194e+00
6.592993e+00
6.597793e+00
6.602592e+00
6.607390e+00
6.612190e+00
6.616989e+00
6.621788e+00
6.626587e+00
6.631386e+00
6.636185e+00
6.640985e+00
6.645784e+00
6.650582e+00
6.655382e+00
6.660181e+00
6.664980e+00
6.669779e+00
6.674578e+00
6.679377e+00
6.684177e+00
6.688976e+00
6.693775e+00
6.698574e+00
6.703373e+00
6.708172e+00
6.712971e+00
6.717770e+00
6.722569e+00
6.727369e+00
6.732168e+00
6.736967e+00
6.741766e+00
6.746565e+00
6.751364e+00
6.756164e+00
6.760962e+00
6.765761e+00
6.770561e+00
6.775360e+00
6.780159e+00
6.784958e+00
6.789757e+00
6.794556e+00
6.799356e+00
6.804154e+00
6.808953e+00
6.813753e+00
6.818552e+00
6.823351e+00
6.828150e+00
6.832949e+00
6.837748e+00
6.842548e+00
6.847347e+00
6.852145e+00
6.856945e+00
6.861744e+00
6.866543e+00
6.871342e+00
6.876141e+00
6.880940e+00
6.885740e+00
6.890539e+00
6.895338e+00
6.900137e+00
6.904936e+00
6.909735e+00
6.914534e+00
6.919333e+00
6.924570e+00
6.929805e+00
6.935042e+00
6.940277e+00
6.945514e+00
6.950749e+00
6.955986e+00
6.961222e+00
6.966458e+00
6.971694e+00
6.976930e+00
6.982166e+00
6.987402e+00
6.992638e+00
6.997874e+00
7.003110e+00
7.008346e+00
7.013582e+00
7.018818e+00
7.024054e+00
7.029290e+00
7.034526e+00
7.039762e+00
7.044998e+00
7.050234e+00
7.055470e+00
7.060707e+00
7.065942e+00
7.071179e+00
7.076414e+00
7.081651e+00
7.086886e+00
7.092123e+00
7.097359e+00
7.102595e+00
7.107831e+00
7.113067e+00
7.118303e+00
7.123539e+00
7.128775e+00
7.134011e+00
7.139247e+00
7.144483e+00
7.149719e+00
7.154955e+00
7.160192e+00
7.165427e+00
7.170664e+00
7.175899e+00
7.181136e+00
7.186371e+00
7.191608e+00
7.196844e+00
7.202079e+00
7.207316e+00
7.212551e+00
7.217788e+00
7.223023e+00
7.228260e+00
7.233496e+00
7.238732e+00
7.243968e+00
7.249204e+00
7.254440e+00
7.259676e+00
7.264912e+00
7.270148e+00
7.275384e+00
7.280620e+00
7.285856e+00
7.291092e+00
7.296329e+00
7.301564e+00
7.306801e+00
7.312036e+00
7.317273e+00
7.322508e+00
7.327745e+00
7.332981e+00
7.338217e+00
7.343453e+00
7.348689e+00
7.353925e+00
7.359161e+00
7.364397e+00
7.369633e+00
7.374869e+00
7.380105e+00
7.385341e+00
7.390577e+00
7.395813e+00
7.401049e+00
7.406285e+00
7.411521e+00
7.416757e+00
7.421993e+00
7.427229e+00
7.432466e+00
7.437701e+00
7.442938e+00
7.448173e+00
7.453410e+00
7.458645e+00
7.463882e+00
7.469118e+00
7.474354e+00
7.479590e+00
7.484826e+00
7.490062e+00
7.495298e+00
7.500534e+00
7.505770e+00
7.511006e+00
7.516242e+00
7.521478e+00
7.526714e+00
7.531951e+00
7.537186e+00
7.542423e+00
7.547658e+00
7.552895e+00
7.558130e+00
7.563367e+00
7.568603e+00
7.573838e+00
7.579075e+00
7.584310e+00
7.589547e+00
7.594782e+00
7.600019e+00
7.605255e+00
7.610491e+00
7.615727e+00
7.620963e+00
7.626199e+00
7.631435e+00
7.636671e+00
7.641907e+00
7.647143e+00
7.652379e+00
7.657615e+00
7.662851e+00
7.668088e+00
7.673323e+00
7.678560e+00
7.683795e+00
7.689032e+00
7.694267e+00
7.699504e+00
7.704740e+00
7.709976e+00
7.715212e+00
7.720448e+00
7.725684e+00
7.730920e+00
7.736156e+00
7.741392e+00
7.746628e+00
7.751864e+00
7.757100e+00
7.762336e+00
7.767572e+00
7.772808e+00
7.778044e+00
7.783280e+00
7.788516e+00
7.793752e+00
7.798988e+00
7.804225e+00
7.809460e+00
7.814697e+00
7.819932e+00
7.825169e+00
7.830404e+00
7.835641e+00
7.840877e+00
7.846113e+00
7.851349e+00
7.856585e+00
7.861821e+00
7.867057e+00
7.872293e+00
7.877529e+00
7.882765e+00
7.888001e+00
7.893237e+00
7.898473e+00
7.903709e+00
7.908945e+00
7.914182e+00
7.919417e+00
7.924654e+00
7.929889e+00
7.935126e+00
7.940362e+00
7.945597e+00
7.950834e+00
7.956069e+00
7.961306e+00
7.966541e+00
7.971778e+00
7.977117e+00
7.982456e+00
7.987794e+00
7.993133e+00
7.998472e+00
8.003811e+00
8.009150e+00
8.014489e+00
8.019827e+00
8.025166e+00
8.030505e+00
8.035844e+00
8.041183e+00
8.046522e+00
8.051860e+00
8.057199e+00
8.062538e+00
8.067877e+00
8.073216e+00
8.078555e+00
8.083894e+00
8.089233e+00
8.094572e+00
8.099910e+00
8.105249e+00
8.110588e+00
8.115927e+00
8.121266e+00
8.126605e+00
8.131944e+00
8.137283e+00
8.142622e+00
8.147960e+00
8.153299e+00
8.158638e+00
8.163977e+00
8.169316e+00
8.174655e+00
8.179993e+00
8.185332e+00
8.190671e+00
8.196010e+00
8.201349e+00
8.206688e+00
8.212026e+00
8.217365e+00
8.222704e+00
8.228043e+00
8.233382e+00
8.238721e+00
8.244059e+00
8.249398e+00
8.254737e+00
8.260076e+00
8.265415e+00
8.270754e+00
8.276093e+00
8.281432e+00
8.286771e+00
8.292110e+00
8.297449e+00
8.302788e+00
8.308126e+00
8.313465e+00
8.318804e+00
8.324143e+00
8.329482e+00
8.334820e+00
8.340159e+00
8.345498e+00
8.350837e+00
8.356176e+00
8.361515e+00
8.366853e+00
8.372192e+00
8.377531e+00
8.382870e+00
8.388209e+00
8.393548e+00
8.398886e+00
8.404225e+00
8.409564e+00
8.414903e+00
8.420242e+00
8.425581e+00
8.430920e+00
8.436259e+00
8.441597e+00
8.446936e+00
8.452275e+00
8.457614e+00
8.462953e+00
8.468292e+00
8.473631e+00
8.478970e+00
8.484309e+00
8.489648e+00
8.494986e+00
8.500325e+00
8.505664e+00
8.511003e+00
8.516342e+00
8.521681e+00
8.527019e+00
8.532358e+00
8.537697e+00
8.543036e+00
8.548375e+00
8.553714e+00
8.559052e+00
8.564391e+00
8.569730e+00
8.575069e+00
8.580408e+00
8.585747e+00
8.591085e+00
8.596424e+00
8.601763e+00
8.607102e+00
8.612441e+00
8.617780e+00
8.623119e+00
8.628458e+00
8.633797e+00
8.639136e+00
8.644475e+00
8.649813e+00
8.655152e+00
8.660491e+00
8.665830e+00
8.671169e+00
8.676508e+00
8.681847e+00
8.687185e+00
8.692524e+00
8.697863e+00
8.703202e+00
8.708541e+00
8.713879e+00
8.719218e+00
8.724557e+00
8.729896e+00
8.735235e+00
8.740574e+00
8.745912e+00
8.751251e+00
8.756590e+00
8.761929e+00
8.767268e+00
8.772607e+00
8.777946e+00
8.783284e+00
8.788623e+00
8.793962e+00
8.799301e+00
8.804640e+00
8.809979e+00
8.815318e+00
8.820657e+00
8.825996e+00
8.831335e+00
8.836674e+00
8.842012e+00
8.847351e+00
8.852690e+00
8.858029e+00
8.863368e+00
8.868707e+00
8.874045e+00
8.879384e+00
8.884723e+00
8.890062e+00
8.895401e+00
8.900740e+00
8.906078e+00
8.911417e+00
8.916756e+00
8.922095e+00
8.927434e+00
8.932773e+00
8.938111e+00
8.943450e+00
8.948789e+00
8.954128e+00
8.959467e+00
8.964806e+00
8.970145e+00
8.975484e+00
8.980823e+00
8.986162e+00
8.991500e+00
8.996839e+00
9.002178e+00
9.007517e+00
9.012856e+00
9.018195e+00
9.023534e+00
9.028873e+00
9.034211e+00
9.039550e+00
9.044889e+00
9.050532e+00
9.056175e+00
9.061818e+00
9.067461e+00
9.073104e+00
9.078748e+00
9.084390e+00
9.090034e+00
9.095677e+00
9.101320e+00
9.106963e+00
9.112606e+00
9.118249e+00
9.123893e+00
9.129535e+00
9.135179e+00
9.140822e+00
9.146465e+00
9.152108e+00
9.157751e+00
9.163394e+00
9.169038e+00
9.174680e+00
9.180324e+00
9.185967e+00
9.191610e+00
9.197253e+00
9.202896e+00
9.208539e+00
9.214183e+00
9.219825e+00
9.225469e+00
9.231112e+00
9.236755e+00
9.242398e+00
9.248041e+00
9.253684e+00
9.259328e+00
9.264970e+00
9.270614e+00
9.276257e+00
9.281900e+00
9.287543e+00
9.293186e+00
9.298829e+00
9.304473e+00
9.310115e+00
9.315759e+00
9.321402e+00
9.327045e+00
9.332688e+00
9.338331e+00
9.343974e+00
9.349617e+00
9.355260e+00
9.360904e+00
9.366547e+00
9.372190e+00
9.377833e+00
9.383476e+00
9.389119e+00
9.394762e+00
9.400405e+00
9.406049e+00
9.411691e+00
9.417335e+00
9.422978e+00
9.428621e+00
9.434264e+00
9.439907e+00
9.445550e+00
9.451194e+00
9.456836e+00
9.462480e+00
9.468123e+00
9.473766e+00
9.479409e+00
9.485052e+00
9.490695e+00
9.496339e+00
9.501981e+00
9.507625e+00
9.513268e+00
9.518911e+00
9.524554e+00
9.530197e+00
9.535840e+00
9.541484e+00
9.547126e+00
9.552770e+00
9.558413e+00
9.564056e+00
9.569699e+00
9.575342e+00
9.580985e+00
9.586629e+00
9.592271e+00
9.597915e+00
9.603558e+00
9.609201e+00
9.614844e+00
9.620487e+00
9.626130e+00
9.631774e+00
9.637416e+00
9.643060e+00
9.648703e+00
9.654346e+00
9.659989e+00
9.665632e+00
9.671275e+00
9.676919e+00
9.682561e+00
9.688205e+00
9.693848e+00
9.699491e+00
9.705134e+00
9.710777e+00
9.716420e+00
9.722064e+00
9.727706e+00
9.733350e+00
9.738993e+00
9.744636e+00
9.750279e+00
9.755922e+00
9.761565e+00
9.767209e+00
9.772851e+00
9.778495e+00
9.784138e+00
9.789781e+00
9.795424e+00
9.801067e+00
9.806710e+00
9.812354e+00
9.817996e+00
9.823640e+00
9.829283e+00
9.834926e+00
9.840569e+00
9.846212e+00
9.851855e+00
9.857498e+00
9.863141e+00
9.868785e+00
9.874428e+00
9.880071e+00
9.885714e+00
9.891357e+00
9.897000e+00
9.902643e+00
9.908286e+00
9.913929e+00
9.919572e+00
9.925215e+00
9.930859e+00
9.936502e+00
9.942145e+00
9.947788e+00
9.953431e+00
9.959074e+00
9.964717e+00
9.970360e+00
9.976004e+00
9.981646e+00
9.987290e+00
9.992933e+00
9.998576e+00
1.000422e+01
1.000986e+01
1.001551e+01
1.002115e+01
1.002679e+01
1.003243e+01
1.003808e+01
1.004372e+01
1.004936e+01
1.005501e+01
1.006065e+01
1.006629e+01
1.007194e+01
1.007758e+01
1.008322e+01
1.008887e+01
1.009451e+01
1.010015e+01
1.010580e+01
1.011144e+01
1.011708e+01
1.012272e+01
1.012837e+01
1.013401e+01
1.013965e+01
1.014530e+01
1.015094e+01
1.015658e+01
1.016223e+01
1.016787e+01
1.017351e+01
1.017916e+01
1.018480e+01
1.019044e+01
1.019609e+01
1.020173e+01
1.020737e+01
1.021301e+01
1.021866e+01
1.022430e+01
1.022994e+01
1.023559e+01
1.024123e+01
1.024687e+01
1.025252e+01
1.025816e+01
1.026380e+01
1.026945e+01
1.027509e+01
1.028073e+01
1.028638e+01
1.029202e+01
1.029766e+01
1.030330e+01
1.030895e+01
1.031459e+01
1.032023e+01
1.032588e+01
1.033152e+01
1.033716e+01
1.034281e+01
1.034845e+01
1.035409e+01
1.035974e+01
1.036538e+01
1.037102e+01
1.037667e+01
1.038231e+01
1.038795e+01
1.039359e+01
1.039924e+01
1.040488e+01
1.041052e+01
1.041617e+01
1.042181e+01
1.042745e+01
1.043310e+01
1.043874e+01
1.044438e+01
1.045003e+01
1.045567e+01
1.046131e+01
1.046696e+01
1.047260e+01
1.047824e+01
1.048388e+01
1.048953e+01
1.049517e+01
1.050081e+01
1.050646e+01
1.051210e+01
1.051774e+01
1.052339e+01
1.052903e+01
1.053467e+01
1.054032e+01
1.054596e+01
1.055160e+01
1.055724e+01
1.056289e+01
1.056853e+01
1.057417e+01
1.057982e+01
1.058546e+01
1.059110e+01
1.059675e+01
1.060239e+01
1.060803e+01
1.061368e+01
1.061932e+01
1.062496e+01
1.063061e+01
1.063625e+01
1.064189e+01
1.064753e+01
1.065318e+01
1.065882e+01
1.066446e+01
1.067011e+01
1.067575e+01
1.068139e+01
1.068704e+01
1.069268e+01
1.069832e+01
1.070397e+01
1.070961e+01
1.071525e+01
1.072090e+01
1.072654e+01
1.073218e+01
1.073782e+01
1.074347e+01
1.074911e+01
1.075497e+01
1.076082e+01
1.076668e+01
1.077253e+01
1.077839e+01
1.078424e+01
1.079010e+01
1.079596e+01
1.080181e+01
1.080767e+01
1.081352e+01
1.081938e+01
1.082524e+01
1.083109e+01
1.083695e+01
1.084280e+01
1.084866e+01
1.085451e+01
1.086037e+01
1.086622e+01
1.087208e+01
1.087794e+01
1.088379e+01
1.088965e+01
1.089550e+01
1.090136e+01
1.090721e+01
1.091307e+01
1.091893e+01
1.092478e+01
1.093064e+01
1.093649e+01
1.094235e+01
1.094820e+01
1.095406e+01
1.095992e+01
1.096577e+01
1.097163e+01
1.097748e+01
1.098334e+01
1.098919e+01
1.099505e+01
1.100091e+01
1.100676e+01
1.101262e+01
1.101847e+01
1.102433e+01
1.103018e+01
1.103604e+01
1.104190e+01
1.104775e+01
1.105361e+01
1.105946e+01
1.106532e+01
1.107117e+01
1.107703e+01
1.108289e+01
1.108874e+01
1.109460e+01
1.110045e+01
1.110631e+01
1.111216e+01
1.111802e+01
1.112388e+01
1.112973e+01
1.113559e+01
1.114144e+01
1.114730e+01
1.115315e+01
1.115901e+01
1.116487e+01
1.117072e+01
1.117658e+01
1.118243e+01
1.118829e+01
1.119414e+01
1.120000e+01
1.120585e+01
1.121171e+01
1.121757e+01
1.122342e+01
1.122928e+01
1.123513e+01
1.124099e+01
1.124684e+01
1.125270e+01
1.125856e+01
1.126441e+01
1.127027e+01
1.127612e+01
1.128198e+01
1.128783e+01
1.129369e+01
1.129955e+01
1.130540e+01
1.131126e+01
1.131711e+01
1.132297e+01
1.132882e+01
1.133468e+01
1.134054e+01
1.134639e+01
1.135225e+01
1.135810e+01
1.136396e+01
1.136981e+01
1.137567e+01
1.138153e+01
1.138738e+01
1.139324e+01
1.139909e+01
1.140495e+01
1.141080e+01
1.141666e+01
1.142252e+01
1.142837e+01
1.143423e+01
1.144008e+01
1.144594e+01
1.145179e+01
1.145765e+01
1.146351e+01
1.146936e+01
1.147522e+01
1.148107e+01
1.148693e+01
1.149278e+01
1.149864e+01
1.150449e+01
1.151035e+01
1.151621e+01
1.152206e+01
1.152792e+01
1.153377e+01
1.153963e+01
1.154548e+01
1.155134e+01
1.155720e+01
1.156305e+01
1.156891e+01
1.157476e+01
1.158062e+01
1.158647e+01
1.159233e+01
1.159819e+01
1.160404e+01
1.160990e+01
1.161575e+01
1.162161e+01
1.162746e+01
1.163332e+01
1.163918e+01
1.164503e+01
1.165089e+01
1.165674e+01
1.166260e+01
1.166845e+01
1.167431e+01
1.168017e+01
1.168602e+01
1.169188e+01
1.169773e+01
1.170359e+01
1.170944e+01
1.171530e+01
1.172116e+01
1.172701e+01
1.173287e+01
1.173872e+01
1.174458e+01
1.175043e+01
1.175629e+01
1.176215e+01
1.176800e+01
1.177386e+01
1.177971e+01
1.178557e+01
1.179142e+01
1.179728e+01
1.180313e+01
1.180899e+01
1.181485e+01
1.182070e+01
1.182656e+01
1.183241e+01
1.183827e+01
1.184412e+01
1.184998e+01
1.185584e+01
1.186169e+01
1.186755e+01
1.187340e+01
1.187926e+01
1.188511e+01
1.189097e+01
1.189683e+01
1.190268e+01
1.190854e+01
1.191439e+01
1.192025e+01
1.192610e+01
1.193196e+01
1.193782e+01
1.194367e+01
1.194953e+01
1.195538e+01
1.196124e+01
1.196709e+01
1.197295e+01
1.197881e+01
1.198466e+01
1.199052e+01
1.199637e+01
1.200223e+01
1.200808e+01
1.201394e+01
1.201980e+01
1.202565e+01
1.203151e+01
1.203736e+01
1.204322e+01
1.204907e+01
1.205493e+01
1.206079e+01
1.206664e+01
1.207250e+01
1.207835e+01
1.208421e+01
1.209006e+01
1.209592e+01
1.210178e+01
1.210763e+01
1.211349e+01
1.211934e+01
1.212520e+01
1.213105e+01
1.213691e+01
1.214276e+01
1.214862e+01
1.215448e+01
1.216033e+01
1.216619e+01
1.217204e+01
1.217790e+01
1.218376e+01
1.218961e+01
1.219547e+01
1.220132e+01
1.220718e+01
1.221303e+01
1.221889e+01
1.222474e+01
1.223060e+01
1.223646e+01
1.224231e+01
1.224817e+01
1.225402e+01
1.225988e+01
1.226573e+01
1.227159e+01
1.227745e+01
1.228330e+01
1.228916e+01
1.229501e+01
1.230087e+01
1.230672e+01
1.231258e+01
1.231844e+01
1.232429e+01
1.233015e+01
1.233600e+01
1.234186e+01
1.234771e+01
1.235357e+01
1.235943e+01
1.236528e+01
1.237114e+01
1.237699e+01
1.238285e+01
1.238870e+01
1.239456e+01
1.240042e+01
1.240627e+01
1.241213e+01
1.241798e+01
1.242384e+01
1.242969e+01
1.243555e+01
1.244140e+01
1.244726e+01
1.245312e+01
1.245897e+01
1.246483e+01
1.247068e+01
1.247654e+01
1.248239e+01
1.248825e+01
1.249411e+01
1.249996e+01
1.250582e+01
1.251167e+01
1.251753e+01
1.252338e+01
1.252924e+01
1.253510e+01
1.254095e+01
1.254681e+01
1.255266e+01
1.255852e+01
1.256437e+01
1.257023e+01
1.257609e+01
1.258194e+01
1.258780e+01
1.259365e+01
1.259951e+01
1.260536e+01
1.261122e+01
1.261708e+01
1.262293e+01
1.262879e+01
1.263464e+01
1.264050e+01
1.264635e+01
1.265221e+01
1.265807e+01
1.266392e+01
1.266978e+01
1.267563e+01
1.268149e+01
1.268734e+01
1.269320e+01
1.269906e+01
1.270491e+01
1.271077e+01
1.271662e+01
1.272248e+01
1.272833e+01
1.273419e+01
1.274005e+01
1.274590e+01
1.275176e+01
1.275761e+01
1.276347e+01
1.276932e+01
1.277518e+01
1.278103e+01
1.278689e+01
1.279275e+01
1.279860e+01
1.280446e+01
1.281031e+01
1.281617e+01
1.282203e+01
1.282788e+01
1.283374e+01
1.283959e+01
1.284545e+01
1.285130e+01
1.285716e+01
1.286301e+01
1.286887e+01
1.287473e+01
1.288058e+01
1.288644e+01
1.289229e+01
1.289815e+01
1.290400e+01
1.290986e+01
1.291572e+01
1.292157e+01
1.292743e+01
1.293328e+01
1.293914e+01
1.294499e+01
1.295085e+01
1.295671e+01
1.296256e+01
1.296842e+01
1.297427e+01
1.298013e+01
1.298598e+01
1.299184e+01
1.299770e+01
1.300355e+01
1.300941e+01
1.301526e+01
1.302112e+01
1.302697e+01
1.303283e+01
1.303869e+01
1.304454e+01
1.305040e+01
1.305625e+01
1.306211e+01
1.306796e+01
1.307382e+01
1.307967e+01
1.308553e+01
1.309139e+01
1.309724e+01
1.310310e+01
1.310895e+01
1.311481e+01
1.312067e+01
1.312652e+01
1.313238e+01
1.313823e+01
1.314409e+01
1.314994e+01
1.315580e+01
1.316165e+01
1.316751e+01
1.317337e+01
1.317922e+01
1.318508e+01
1.319093e+01
1.319679e+01
1.320264e+01
1.320850e+01
1.321436e+01
1.322021e+01
1.322607e+01
1.323192e+01
1.323778e+01
1.324363e+01
1.324949e+01
1.325535e+01
1.326120e+01
1.326706e+01
1.327291e+01
1.327877e+01
1.328462e+01
1.329048e+01
1.329634e+01
1.330219e+01
1.330805e+01
1.331390e+01
1.331976e+01
1.332561e+01
1.333147e+01
1.333733e+01
1.334318e+01
1.334904e+01
1.335489e+01
1.336075e+01
1.336660e+01
1.337246e+01
1.337832e+01
1.338417e+01
1.339003e+01
1.339588e+01
1.340174e+01
1.340759e+01
1.341345e+01
1.341930e+01
1.342516e+01
1.343102e+01
1.343687e+01
1.344273e+01
1.344858e+01
1.345444e+01
1.346030e+01
1.346615e+01
1.347201e+01
1.347786e+01
1.348372e+01
1.348957e+01
1.349543e+01
1.350128e+01
1.350714e+01
1.351300e+01
1.351885e+01
1.352471e+01
1.353056e+01
1.353642e+01
1.354227e+01
1.354813e+01
1.355399e+01
1.355984e+01
1.356570e+01
1.357155e+01
1.357741e+01
1.358326e+01
1.358912e+01
1.359498e+01
1.360083e+01
1.360669e+01
1.361254e+01
1.361840e+01
1.362425e+01
1.363011e+01
1.363597e+01
1.364182e+01
1.364768e+01
1.365353e+01
1.365939e+01
1.366524e+01
1.367110e+01
1.367696e+01
1.368281e+01
1.368867e+01
1.369335e+01
1.369804e+01
1.370273e+01
1.370741e+01
1.371210e+01
1.371678e+01
1.372147e+01
1.372616e+01
1.373084e+01
1.373553e+01
1.374021e+01
1.374490e+01
1.374959e+01
1.375427e+01
1.375896e+01
1.376364e+01
1.376833e+01
1.377302e+01
1.377770e+01
1.378239e+01
1.378707e+01
1.379176e+01
1.379645e+01
1.380113e+01
1.380582e+01
1.381051e+01
1.381519e+01
1.381988e+01
1.382456e+01
1.382925e+01
1.383394e+01
1.383862e+01
1.384331e+01
1.384799e+01
1.385268e+01
1.385737e+01
1.386205e+01
1.386674e+01
1.387142e+01
1.387611e+01
1.388080e+01
1.388548e+01
1.389017e+01
1.389486e+01
1.389954e+01
1.390423e+01
1.390891e+01
1.391360e+01
1.391829e+01
1.392297e+01
1.392766e+01
1.393234e+01
1.393703e+01
1.394172e+01
1.394640e+01
1.395109e+01
1.395577e+01
1.396046e+01
1.396515e+01
1.396983e+01
1.397452e+01
1.397921e+01
1.398389e+01
1.398858e+01
1.399326e+01
1.399795e+01
1.400264e+01
1.400732e+01
1.401201e+01
1.401669e+01
1.402138e+01
1.402607e+01
1.403075e+01
1.403544e+01
1.404012e+01
1.404481e+01
1.404950e+01
1.405418e+01
1.405887e+01
1.406356e+01
1.406824e+01
1.407293e+01
1.407761e+01
1.408230e+01
1.408699e+01
1.409167e+01
1.409636e+01
1.410104e+01
1.410573e+01
1.411042e+01
1.411510e+01
1.411979e+01
1.412447e+01
1.412916e+01
1.413385e+01
1.413853e+01
1.414322e+01
1.414791e+01
1.415259e+01
1.415728e+01
1.416196e+01
1.416665e+01
1.417134e+01
1.417602e+01
1.418071e+01
1.418539e+01
1.419008e+01
1.419477e+01
1.419945e+01
1.420414e+01
1.420882e+01
1.421351e+01
1.421820e+01
1.422288e+01
1.422757e+01
1.423226e+01
1.423694e+01
1.424163e+01
1.424631e+01
1.425100e+01
1.425569e+01
1.426037e+01
1.426506e+01
1.426974e+01
1.427443e+01
1.427912e+01
1.428380e+01
1.428849e+01
1.429317e+01
1.429786e+01
1.430255e+01
1.430723e+01
1.431192e+01
1.431660e+01
1.432129e+01
1.432598e+01
1.433066e+01
1.433535e+01
1.434004e+01
1.434472e+01
1.434941e+01
1.435409e+01
1.435878e+01
1.436347e+01
1.436815e+01
1.437284e+01
1.437752e+01
1.438221e+01
1.438690e+01
1.439158e+01
1.439627e+01
1.440095e+01
1.440564e+01
1.441033e+01
1.441501e+01
1.441970e+01
1.442439e+01
1.442907e+01
1.443376e+01
1.443844e+01
1.444313e+01
1.444782e+01
1.445250e+01
1.445719e+01
1.446187e+01
1.446656e+01
1.447125e+01
1.447593e+01
1.448062e+01
1.448530e+01
1.448999e+01
1.449468e+01
1.449936e+01
1.450405e+01
1.450873e+01
1.451342e+01
1.451811e+01
1.452279e+01
1.452748e+01
1.453217e+01
1.453685e+01
1.454154e+01
1.454622e+01
1.455091e+01
1.455560e+01
1.456028e+01
1.456497e+01
1.456965e+01
1.457434e+01
1.457903e+01
1.458371e+01
1.458840e+01
1.459308e+01
1.459777e+01
1.460246e+01
1.460714e+01
1.461183e+01
1.461652e+01
1.462120e+01
1.462589e+01
1.463057e+01
1.463526e+01
1.463995e+01
1.464463e+01
1.464932e+01
1.465400e+01
1.465869e+01
1.466338e+01
1.466806e+01
1.467275e+01
1.467744e+01
1.468212e+01
1.468681e+01
1.469149e+01
1.469618e+01
1.470087e+01
1.470555e+01
1.471024e+01
1.471492e+01
1.471961e+01
1.472430e+01
1.472898e+01
1.473367e+01
1.473835e+01
1.474304e+01
1.474773e+01
1.475241e+01
1.475710e+01
1.476179e+01
1.476647e+01
1.477116e+01
1.477584e+01
1.478053e+01
1.478522e+01
1.478990e+01
1.479459e+01
1.479927e+01
1.480396e+01
1.480865e+01
1.481333e+01
1.481802e+01
1.482270e+01
1.482739e+01
1.483208e+01
1.483676e+01
1.484145e+01
1.484613e+01
1.485082e+01
1.485551e+01
1.486019e+01
1.486488e+01
1.486957e+01
1.487425e+01
1.487894e+01
1.488362e+01
1.488831e+01
1.489300e+01
1.489768e+01
1.490237e+01
1.490705e+01
1.491174e+01
1.491643e+01
1.492111e+01
1.492580e+01
1.493048e+01
1.493517e+01
1.493986e+01
1.494454e+01
1.494923e+01
1.495392e+01
1.495860e+01
1.496329e+01
1.496797e+01
1.497266e+01
1.497735e+01
1.498203e+01
1.498672e+01
1.499140e+01
1.499609e+01
1.500078e+01
1.500546e+01
1.501015e+01
1.501483e+01
1.501952e+01
1.502421e+01
1.502889e+01
1.503358e+01
1.503826e+01
1.504295e+01
1.504764e+01
1.505232e+01
1.505701e+01
1.506170e+01
1.506638e+01
1.507107e+01
1.507575e+01
1.508044e+01
1.508513e+01
1.508981e+01
1.509450e+01
1.509918e+01
1.510387e+01
1.510856e+01
1.511324e+01
1.511793e+01
1.512261e+01
1.512730e+01
1.513199e+01
1.513667e+01
1.514136e+01
1.514605e+01
1.515073e+01
1.515542e+01
1.516010e+01
1.516479e+01
1.516948e+01
1.517416e+01
1.517885e+01
1.518353e+01
1.518822e+01
1.519291e+01
1.519759e+01
1.520228e+01
1.520696e+01
1.521165e+01
1.521634e+01
1.522102e+01
1.522571e+01
1.523040e+01
1.523508e+01
1.523977e+01
1.524445e+01
1.524914e+01
1.525383e+01
1.525851e+01
1.526320e+01
1.526788e+01
1.527257e+01
1.527726e+01
1.528194e+01
1.528663e+01
1.529132e+01
1.529600e+01
1.530069e+01
1.530537e+01
1.531006e+01
1.531475e+01
1.531943e+01
1.532412e+01
1.532880e+01
1.533349e+01
1.533818e+01
1.534286e+01
1.534755e+01
1.535223e+01
1.535692e+01
1.536161e+01
1.536629e+01
1.537098e+01
1.537566e+01
1.538035e+01
1.538504e+01
1.538972e+01
1.539441e+01
1.539910e+01
1.540378e+01
1.540847e+01
1.541315e+01
1.541784e+01
1.542253e+01
1.542721e+01
1.543190e+01
1.543658e+01
1.544127e+01
1.544596e+01
1.545064e+01
1.545533e+01
1.546001e+01
1.546470e+01
1.546939e+01
1.547407e+01
1.547876e+01
1.548345e+01
1.548813e+01
1.549282e+01
1.549750e+01
1.550219e+01
1.550688e+01
1.551156e+01
1.551625e+01
1.552093e+01
1.552562e+01
1.553031e+01
1.553499e+01
1.553968e+01
1.554436e+01
1.554905e+01
1.555374e+01
1.555842e+01
1.556311e+01
1.556779e+01
1.557248e+01
1.557717e+01
1.558185e+01
1.558654e+01
1.559123e+01
1.559591e+01
1.560060e+01
1.560528e+01
1.560997e+01
1.561466e+01
1.561934e+01
1.562403e+01
1.562871e+01
1.563340e+01
1.563809e+01
1.564277e+01
1.564746e+01
1.565214e+01
1.565683e+01
1.566152e+01
1.566620e+01
1.567089e+01
1.567558e+01
1.568026e+01
1.568495e+01
1.568963e+01
1.569432e+01
1.569901e+01
1.570369e+01
1.570838e+01
1.571306e+01
1.571775e+01
1.572244e+01
1.572712e+01
1.573181e+01
1.573649e+01
1.574118e+01
1.574587e+01
1.575055e+01
1.575524e+01
1.575993e+01
1.576461e+01
1.576930e+01
1.577398e+01
1.577867e+01
1.578336e+01
1.578804e+01
1.579273e+01
1.579741e+01
1.580210e+01
1.580679e+01
1.581147e+01
1.581616e+01
1.582084e+01
1.582553e+01
1.583022e+01
1.583490e+01
1.583959e+01
1.584428e+01
1.584896e+01
1.585365e+01
1.585833e+01
1.586302e+01
1.586771e+01
1.587239e+01
1.587708e+01
1.588176e+01
1.588645e+01
1.589114e+01
1.589582e+01
1.590051e+01
1.590519e+01
1.590988e+01
1.591457e+01
1.591925e+01
1.592394e+01
1.592863e+01
1.593331e+01
1.593800e+01
1.594268e+01
1.594737e+01
1.595206e+01
1.595674e+01
1.596143e+01
1.596611e+01
1.597080e+01
1.597549e+01
1.598017e+01
1.598486e+01
1.598954e+01
1.599423e+01
1.599892e+01
1.600360e+01
1.600829e+01
1.601298e+01
1.601766e+01
1.602235e+01
1.602703e+01
1.603172e+01
1.603641e+01
1.604109e+01
1.604578e+01
1.605035e+01
1.605493e+01
1.605951e+01
1.606408e+01
1.606866e+01
1.607324e+01
1.607781e+01
1.608239e+01
1.608697e+01
1.609154e+01
1.609612e+01
1.610070e+01
1.610527e+01
1.610985e+01
1.611443e+01
1.611900e+01
1.612358e+01
1.612816e+01
1.613273e+01
1.613731e+01
1.614189e+01
1.614646e+01
1.615104e+01
1.615561e+01
1.616019e+01
1.616477e+01
1.616934e+01
1.617392e+01
1.617850e+01
1.618307e+01
1.618765e+01
1.619223e+01
1.619680e+01
1.620138e+01
1.620596e+01
1.621053e+01
1.621511e+01
1.621969e+01
1.622426e+01
1.622884e+01
1.623342e+01
1.623799e+01
1.624257e+01
1.624715e+01
1.625172e+01
1.625630e+01
1.626088e+01
1.626545e+01
1.627003e+01
1.627460e+01
1.627918e+01
1.628376e+01
1.628833e+01
1.629291e+01
1.629749e+01
1.630206e+01
1.630664e+01
1.631122e+01
1.631579e+01
1.632037e+01
1.632495e+01
1.632952e+01
1.633410e+01
1.633868e+01
1.634325e+01
1.634783e+01
1.635241e+01
1.635698e+01
1.636156e+01
1.636614e+01
1.637071e+01
1.637529e+01
1.637987e+01
1.638444e+01
1.638902e+01
1.639359e+01
1.639817e+01
1.640275e+01
1.640732e+01
1.641190e+01
1.641648e+01
1.642105e+01
1.642563e+01
1.643021e+01
1.643478e+01
1.643936e+01
1.644394e+01
1.644851e+01
1.645309e+01
1.645767e+01
1.646224e+01
1.646682e+01
1.647140e+01
1.647597e+01
1.648055e+01
1.648513e+01
1.648970e+01
1.649428e+01
1.649886e+01
1.650343e+01
1.650801e+01
1.651258e+01
1.651716e+01
1.652174e+01
1.652631e+01
1.653089e+01
1.653547e+01
1.654004e+01
1.654462e+01
1.654920e+01
1.655377e+01
1.655835e+01
1.656293e+01
1.656750e+01
1.657208e+01
1.657666e+01
1.658123e+01
1.658581e+01
1.659039e+01
1.659496e+01
1.659954e+01
1.660412e+01
1.660869e+01
1.661327e+01
1.661785e+01
1.662242e+01
1.662700e+01
1.663157e+01
1.663615e+01
1.664073e+01
1.664530e+01
1.664988e+01
1.665446e+01
1.665903e+01
1.666361e+01
1.666819e+01
1.667276e+01
1.667734e+01
1.668192e+01
1.668649e+01
1.669107e+01
1.669565e+01
1.670022e+01
1.670480e+01
1.670938e+01
1.671395e+01
1.671853e+01
1.672311e+01
1.672768e+01
1.673226e+01
1.673684e+01
1.674141e+01
1.674599e+01
1.675056e+01
1.675514e+01
1.675972e+01
1.676429e+01
1.676887e+01
1.677345e+01
1.677802e+01
1.678260e+01
1.678718e+01
1.679175e+01
1.679633e+01
1.680091e+01
1.680548e+01
1.681006e+01
1.681464e+01
1.681921e+01
1.682379e+01
1.682837e+01
1.683294e+01
1.683752e+01
1.684210e+01
1.684667e+01
1.685125e+01
1.685583e+01
1.686040e+01
1.686498e+01
1.686956e+01
1.687413e+01
1.687871e+01
1.688328e+01
1.688786e+01
1.689244e+01
1.689701e+01
1.690159e+01
1.690617e+01
1.691074e+01
1.691532e+01
1.691990e+01
1.692447e+01
1.692905e+01
1.693363e+01
1.693820e+01
1.694278e+01
1.694736e+01
1.695193e+01
1.695651e+01
1.696109e+01
1.696566e+01
1.697024e+01
1.697482e+01
1.697939e+01
1.698397e+01
1.698855e+01
1.699312e+01
1.699770e+01
1.700227e+01
1.700685e+01
1.701143e+01
1.701600e+01
1.702058e+01
1.702516e+01
1.702973e+01
1.703431e+01
1.703889e+01
1.704346e+01
1.704804e+01
1.705262e+01
1.705719e+01
1.706177e+01
1.706635e+01
1.707092e+01
1.707550e+01
1.708008e+01
1.708465e+01
1.708923e+01
1.709381e+01
1.709838e+01
1.710296e+01
1.710754e+01
1.711211e+01
1.711669e+01
1.712127e+01
1.712584e+01
1.713042e+01
1.713499e+01
1.713957e+01
1.714415e+01
1.714872e+01
1.715330e+01
1.715788e+01
1.716245e+01
1.716703e+01
1.717161e+01
1.717618e+01
1.718076e+01
1.718534e+01
1.718991e+01
1.719449e+01
1.719907e+01
1.720364e+01
1.720822e+01
1.721280e+01
1.721737e+01
1.722195e+01
1.722653e+01
1.723110e+01
1.723568e+01
1.724026e+01
1.724483e+01
1.724941e+01
1.725398e+01
1.725856e+01
1.726314e+01
1.726771e+01
1.727229e+01
1.727687e+01
1.728144e+01
1.728602e+01
1.729060e+01
1.729517e+01
1.729975e+01
1.730433e+01
1.730890e+01
1.731348e+01
1.731806e+01
1.732263e+01
1.732721e+01
1.733179e+01
1.733636e+01
1.734094e+01
1.734552e+01
1.735009e+01
1.735467e+01
1.735925e+01
1.736382e+01
1.736840e+01
1.737297e+01
1.737755e+01
1.738213e+01
1.738670e+01
1.739128e+01
1.739586e+01
1.740043e+01
1.740501e+01
1.740959e+01
1.741416e+01
1.741874e+01
1.742332e+01
1.742789e+01
1.743247e+01
1.743705e+01
1.744162e+01
1.744620e+01
1.745078e+01
1.745535e+01
1.745993e+01
1.746451e+01
1.746908e+01
1.747366e+01
1.747824e+01
1.748281e+01
1.748739e+01
1.749196e+01
1.749654e+01
1.750112e+01
1.750569e+01
1.751027e+01
1.751485e+01
1.751942e+01
1.752400e+01
1.752858e+01
1.753315e+01
1.753773e+01
1.754231e+01
1.754688e+01
1.755146e+01
1.755604e+01
1.756061e+01
1.756519e+01
1.756977e+01
1.757434e+01
1.757892e+01
1.758350e+01
1.758807e+01
1.759265e+01
1.759722e+01
1.760180e+01
1.760638e+01
1.761095e+01
1.761553e+01
1.762011e+01
1.762468e+01
1.762926e+01
1.763384e+01
1.763841e+01
1.764299e+01
1.764757e+01
1.765214e+01
1.765672e+01
1.766130e+01
1.766587e+01
1.767045e+01
1.767503e+01
1.767960e+01
1.768418e+01
1.768876e+01
1.769333e+01
1.769791e+01
1.770249e+01
1.770706e+01
1.771164e+01
1.771621e+01
1.772079e+01
1.772537e+01
1.772994e+01
1.773452e+01
1.773910e+01
1.774367e+01
1.774825e+01
1.775283e+01
1.775740e+01
1.776198e+01
1.776656e+01
1.777113e+01
1.777571e+01
1.778029e+01
1.778486e+01
1.778944e+01
1.779402e+01
1.779859e+01
1.780317e+01
1.780775e+01
1.781232e+01
1.781690e+01
1.782148e+01
1.782605e+01
1.783063e+01
1.783521e+01
1.783978e+01
1.784436e+01
1.784893e+01
1.785351e+01
1.785809e+01
1.786266e+01
1.786724e+01
1.787182e+01
1.787639e+01
1.788097e+01
1.788555e+01
1.789012e+01
1.789470e+01
1.789928e+01
1.790385e+01
1.790843e+01
1.791301e+01
1.791758e+01
1.792216e+01
1.792674e+01
1.793131e+01
1.793589e+01
1.794047e+01
1.794504e+01
1.794962e+01
1.795420e+01
1.795877e+01
1.796335e+01
1.796792e+01
1.797250e+01
1.797708e+01
1.798165e+01
1.798623e+01
1.799081e+01
1.799538e+01
1.799996e+01
1.800454e+01
1.800911e+01
1.801369e+01
1.801827e+01
1.802284e+01
1.802742e+01
1.803200e+01
1.803657e+01
1.804115e+01
1.804573e+01
1.805030e+01
1.805488e+01
1.805946e+01
1.806403e+01
1.806861e+01
1.807319e+01
1.807776e+01
1.808234e+01
1.808692e+01
1.809149e+01
1.809607e+01
1.810064e+01
1.810522e+01
1.810980e+01
1.811437e+01
1.811895e+01
1.812353e+01
1.812810e+01
1.813268e+01
1.813726e+01
1.814183e+01
1.814641e+01
1.815099e+01
1.815556e+01
1.816014e+01
1.816472e+01
1.816929e+01
1.817387e+01
1.817845e+01
1.818302e+01
1.818760e+01
1.819218e+01
1.819675e+01
1.820133e+01
1.820591e+01
1.821048e+01
1.821506e+01
1.821963e+01
1.822421e+01
1.822879e+01
1.823336e+01
1.823794e+01
1.824252e+01
1.824709e+01
