5.800000e-01
5.803333e-01
5.806667e-01
5.810000e-01
5.813333e-01
5.816667e-01
5.820000e-01
5.823333e-01
5.826667e-01
5.830000e-01
5.833333e-01
5.836667e-01
5.840000e-01
5.843333e-01
5.846667e-01
5.850000e-01
5.853333e-01
5.856667e-01
5.860000e-01
5.863333e-01
5.866667e-01
5.870000e-01
5.873333e-01
5.876667e-01
5.880000e-01
5.883333e-01
5.886667e-01
5.890000e-01
5.893333e-01
5.896667e-01
5.900000e-01
5.903500e-01
5.907000e-01
5.910500e-01
5.914000e-01
5.917500e-01
5.921000e-01
5.924500e-01
5.928000e-01
5.931500e-01
5.935000e-01
5.938500e-01
5.942000e-01
5.945500e-01
5.949000e-01
5.952500e-01
5.956000e-01
5.959500e-01
5.963000e-01
5.966500e-01
5.970000e-01
5.971500e-01
5.973000e-01
5.974500e-01
5.976000e-01
5.977500e-01
5.979000e-01
5.980500e-01
5.982000e-01
5.983500e-01
5.985000e-01
5.986500e-01
5.988000e-01
5.989500e-01
5.991000e-01
5.992500e-01
5.994000e-01
5.995500e-01
5.997000e-01
5.994333e-01
6.000000e-01
6.005667e-01
6.011333e-01
6.017000e-01
6.022667e-01
6.028333e-01
6.034000e-01
6.039667e-01
6.045333e-01
6.051000e-01
6.056667e-01
6.062333e-01
6.068000e-01
6.073667e-01
6.079333e-01
6.085000e-01
6.090667e-01
6.096333e-01
6.102000e-01
6.107667e-01
6.113333e-01
6.119000e-01
6.124667e-01
6.130333e-01
6.136000e-01
6.141667e-01
6.147333e-01
6.153000e-01
6.158667e-01
6.164333e-01
6.170000e-01
6.174000e-01
6.178000e-01
6.182000e-01
6.186000e-01
6.190000e-01
6.194000e-01
6.198000e-01
6.202000e-01
6.206000e-01
6.210000e-01
6.214000e-01
6.218000e-01
6.222000e-01
6.226000e-01
6.230000e-01
6.234000e-01
6.238000e-01
6.242000e-01
6.246000e-01
6.250000e-01
6.254000e-01
6.258000e-01
6.262000e-01
6.266000e-01
6.270000e-01
6.274000e-01
6.278000e-01
6.282000e-01
6.286000e-01
6.290000e-01
6.294000e-01
6.298000e-01
6.302000e-01
6.306000e-01
6.310000e-01
6.314000e-01
6.318000e-01
6.322000e-01
6.326000e-01
6.330000e-01
6.334000e-01
6.338000e-01
6.342000e-01
6.346000e-01
6.350000e-01
6.354000e-01
6.358000e-01
6.362000e-01
6.366000e-01
6.370000e-01
6.373400e-01
6.376800e-01
6.380200e-01
6.383600e-01
6.387000e-01
6.390400e-01
6.393800e-01
6.397200e-01
6.400600e-01
6.404000e-01
6.407400e-01
6.410800e-01
6.414200e-01
6.417600e-01
6.421000e-01
6.424400e-01
6.427800e-01
6.431200e-01
6.434600e-01
6.438000e-01
6.441400e-01
6.444800e-01
6.448200e-01
6.451600e-01
6.455000e-01
6.458400e-01
6.461800e-01
6.465200e-01
6.468600e-01
6.472000e-01
6.475400e-01
6.478800e-01
6.482200e-01
6.485600e-01
6.489000e-01
6.492400e-01
6.495800e-01
6.499200e-01
6.502600e-01
6.506000e-01
6.509400e-01
6.512800e-01
6.516200e-01
6.519600e-01
6.523000e-01
6.526400e-01
6.529800e-01
6.533200e-01
6.536600e-01
6.540000e-01
6.565300e-01
6.590600e-01
6.615900e-01
6.641200e-01
6.666500e-01
6.691800e-01
6.717100e-01
6.742400e-01
6.767700e-01
6.793000e-01
6.818300e-01
6.843600e-01
6.868900e-01
6.894200e-01
6.919500e-01
6.944800e-01
6.970100e-01
6.995400e-01
7.020700e-01
7.046000e-01
7.071300e-01
7.096600e-01
7.121900e-01
7.147200e-01
7.172500e-01
7.197800e-01
7.223100e-01
7.248400e-01
7.273700e-01
7.299000e-01
7.324300e-01
7.349600e-01
7.374900e-01
7.400200e-01
7.425500e-01
7.450800e-01
7.476100e-01
7.501400e-01
7.526700e-01
7.552000e-01
7.577300e-01
7.602600e-01
7.627900e-01
7.653200e-01
7.678500e-01
7.703800e-01
7.729100e-01
7.754400e-01
7.779700e-01
7.805000e-01
7.830300e-01
7.855600e-01
7.880900e-01
7.906200e-01
7.931500e-01
7.956800e-01
7.982100e-01
8.007400e-01
8.032700e-01
8.058000e-01
8.083300e-01
8.108600e-01
8.133900e-01
8.159200e-01
8.184500e-01
8.209800e-01
8.235100e-01
8.260400e-01
8.285700e-01
8.311000e-01
8.336300e-01
8.361600e-01
8.386900e-01
8.412200e-01
8.437500e-01
8.462800e-01
8.488100e-01
8.513400e-01
8.538700e-01
8.564000e-01
8.589300e-01
8.614600e-01
8.639900e-01
8.665200e-01
8.690500e-01
8.715800e-01
8.741100e-01
8.766400e-01
8.791700e-01
8.817000e-01
8.842300e-01
8.867600e-01
8.892900e-01
8.918200e-01
8.943500e-01
8.968800e-01
8.994100e-01
9.019400e-01
9.044700e-01
9.070000e-01
9.077000e-01
9.084000e-01
9.091000e-01
9.098000e-01
9.105000e-01
9.112000e-01
9.119000e-01
9.126000e-01
9.133000e-01
9.140000e-01
9.147000e-01
9.154000e-01
9.161000e-01
9.168000e-01
9.175000e-01
9.182000e-01
9.189000e-01
9.196000e-01
9.203000e-01
9.210000e-01
9.217000e-01
9.224000e-01
9.231000e-01
9.238000e-01
9.245000e-01
9.252000e-01
9.259000e-01
9.266000e-01
9.273000e-01
9.280000e-01
9.287000e-01
9.294000e-01
9.301000e-01
9.308000e-01
9.315000e-01
9.322000e-01
9.329000e-01
9.336000e-01
9.343000e-01
9.350000e-01
9.357000e-01
9.364000e-01
9.371000e-01
9.378000e-01
9.385000e-01
9.392000e-01
9.399000e-01
9.406000e-01
9.413000e-01
9.420000e-01
9.427000e-01
9.434000e-01
9.441000e-01
9.448000e-01
9.455000e-01
9.462000e-01
9.469000e-01
9.476000e-01
9.483000e-01
9.490000e-01
9.497000e-01
9.504000e-01
9.511000e-01
9.518000e-01
9.525000e-01
9.532000e-01
9.539000e-01
9.546000e-01
9.553000e-01
9.560000e-01
9.567000e-01
9.574000e-01
9.581000e-01
9.588000e-01
9.595000e-01
9.602000e-01
9.609000e-01
9.616000e-01
9.623000e-01
9.630000e-01
9.637000e-01
9.644000e-01
9.651000e-01
9.658000e-01
9.665000e-01
9.672000e-01
9.679000e-01
9.686000e-01
9.693000e-01
9.700000e-01
9.707000e-01
9.714000e-01
9.721000e-01
9.728000e-01
9.735000e-01
9.742000e-01
9.749000e-01
9.756000e-01
9.763000e-01
9.770000e-01
9.777000e-01
9.784000e-01
9.791000e-01
9.798000e-01
9.805000e-01
9.812000e-01
9.819000e-01
9.826000e-01
9.833000e-01
9.840000e-01
9.847000e-01
9.854000e-01
9.861000e-01
9.868000e-01
9.875000e-01
9.882000e-01
9.889000e-01
9.896000e-01
9.903000e-01
9.910000e-01
9.917000e-01
9.924000e-01
9.931000e-01
9.938000e-01
9.945000e-01
9.952000e-01
9.959000e-01
9.966000e-01
9.973000e-01
9.980000e-01
9.987000e-01
9.994000e-01
1.000100e+00
1.000800e+00
1.001500e+00
1.002200e+00
1.002900e+00
1.003600e+00
1.004300e+00
1.005000e+00
1.005700e+00
1.006400e+00
1.007100e+00
1.007800e+00
1.008500e+00
1.009200e+00
1.009900e+00
1.010600e+00
1.011300e+00
1.012000e+00
1.012700e+00
1.013400e+00
1.014100e+00
1.014800e+00
1.015500e+00
1.016200e+00
1.016900e+00
1.017600e+00
1.018300e+00
1.019000e+00
1.019700e+00
1.020400e+00
1.021100e+00
1.021800e+00
1.022500e+00
1.023200e+00
1.023900e+00
1.024600e+00
1.025300e+00
1.026000e+00
1.026700e+00
1.027400e+00
1.028100e+00
1.028800e+00
1.029500e+00
1.030200e+00
1.030900e+00
1.031600e+00
1.032300e+00
1.033000e+00
1.033700e+00
1.034400e+00
1.035100e+00
1.035800e+00
1.036500e+00
1.037200e+00
1.037900e+00
1.038600e+00
1.039300e+00
1.040000e+00
1.040700e+00
1.041400e+00
1.042100e+00
1.042800e+00
1.043500e+00
1.044200e+00
1.044900e+00
1.045600e+00
1.046300e+00
1.047000e+00
1.047700e+00
1.048400e+00
1.049100e+00
1.049800e+00
1.050500e+00
1.051200e+00
1.051900e+00
1.052600e+00
1.053300e+00
1.054000e+00
1.054700e+00
1.055400e+00
1.056100e+00
1.056800e+00
1.057500e+00
1.058200e+00
1.058900e+00
1.059600e+00
1.060300e+00
1.061000e+00
1.061700e+00
1.062400e+00
1.063100e+00
1.063800e+00
1.064500e+00
1.065200e+00
1.065900e+00
1.066600e+00
1.067300e+00
1.068000e+00
1.068700e+00
1.069400e+00
1.070100e+00
1.070800e+00
1.071500e+00
1.072200e+00
1.072900e+00
1.073600e+00
1.074300e+00
1.075000e+00
1.075700e+00
1.076400e+00
1.077100e+00
1.077800e+00
1.078500e+00
1.079200e+00
1.079900e+00
1.080600e+00
1.081300e+00
1.082000e+00
1.082700e+00
1.083400e+00
1.084100e+00
1.084800e+00
1.085500e+00
1.086200e+00
1.086900e+00
1.087600e+00
1.088300e+00
1.089000e+00
1.089700e+00
1.090400e+00
1.091100e+00
1.091800e+00
1.092500e+00
1.093200e+00
1.093900e+00
1.094600e+00
1.095300e+00
1.096000e+00
1.096700e+00
1.097400e+00
1.098100e+00
1.098800e+00
1.099500e+00
1.100200e+00
1.100900e+00
1.101600e+00
1.102300e+00
1.103000e+00
1.103700e+00
1.104400e+00
1.105100e+00
1.105800e+00
1.106500e+00
1.107200e+00
1.107900e+00
1.108600e+00
1.109300e+00
1.110000e+00
1.110700e+00
1.111400e+00
1.112100e+00
1.112800e+00
1.113500e+00
1.114200e+00
1.114900e+00
1.115600e+00
1.116300e+00
1.117000e+00
1.117830e+00
1.118660e+00
1.119490e+00
1.120320e+00
1.121150e+00
1.121980e+00
1.122810e+00
1.123640e+00
1.124470e+00
1.125300e+00
1.126130e+00
1.126960e+00
1.127790e+00
1.128620e+00
1.129450e+00
1.130280e+00
1.131110e+00
1.131940e+00
1.132770e+00
1.133600e+00
1.134430e+00
1.135260e+00
1.136090e+00
1.136920e+00
1.137750e+00
1.138580e+00
1.139410e+00
1.140240e+00
1.141070e+00
1.141900e+00
1.142730e+00
1.143560e+00
1.144390e+00
1.145220e+00
1.146050e+00
1.146880e+00
1.147710e+00
1.148540e+00
1.149370e+00
1.150200e+00
1.151030e+00
1.151860e+00
1.152690e+00
1.153520e+00
1.154350e+00
1.155180e+00
1.156010e+00
1.156840e+00
1.157670e+00
1.158500e+00
1.159330e+00
1.160160e+00
1.160990e+00
1.161820e+00
1.162650e+00
1.163480e+00
1.164310e+00
1.165140e+00
1.165970e+00
1.166800e+00
1.167630e+00
1.168460e+00
1.169290e+00
1.170120e+00
1.170950e+00
1.171780e+00
1.172610e+00
1.173440e+00
1.174270e+00
1.175100e+00
1.175930e+00
1.176760e+00
1.177590e+00
1.178420e+00
1.179250e+00
1.180080e+00
1.180910e+00
1.181740e+00
1.182570e+00
1.183400e+00
1.184230e+00
1.185060e+00
1.185890e+00
1.186720e+00
1.187550e+00
1.188380e+00
1.189210e+00
1.190040e+00
1.190870e+00
1.191700e+00
1.192530e+00
1.193360e+00
1.194190e+00
1.195020e+00
1.195850e+00
1.196680e+00
1.197510e+00
1.198340e+00
1.199170e+00
1.200000e+00
1.203374e+00
1.206749e+00
1.210123e+00
1.213497e+00
1.216871e+00
1.220246e+00
1.223620e+00
1.226994e+00
1.230369e+00
1.233743e+00
1.237117e+00
1.240491e+00
1.243866e+00
1.247240e+00
1.250614e+00
1.253989e+00
1.257363e+00
1.260737e+00
1.264111e+00
1.267486e+00
1.270860e+00
1.274234e+00
1.277608e+00
1.280983e+00
1.284357e+00
1.287731e+00
1.291106e+00
1.294480e+00
1.297854e+00
1.301228e+00
1.304603e+00
1.307977e+00
1.311351e+00
1.314726e+00
1.318100e+00
1.321474e+00
1.324848e+00
1.328223e+00
1.331597e+00
1.334971e+00
1.338346e+00
1.341720e+00
1.345094e+00
1.348468e+00
1.351843e+00
1.355217e+00
1.358591e+00
1.361966e+00
1.365340e+00
1.368714e+00
1.372088e+00
1.375463e+00
1.378837e+00
1.382211e+00
1.385586e+00
1.388960e+00
1.392334e+00
1.395708e+00
1.399083e+00
1.402457e+00
1.405831e+00
1.409206e+00
1.412580e+00
1.415954e+00
1.419328e+00
1.422703e+00
1.426077e+00
1.429451e+00
1.432825e+00
1.436200e+00
1.439574e+00
1.442948e+00
1.446323e+00
1.449697e+00
1.453071e+00
1.456445e+00
1.459820e+00
1.463194e+00
1.466568e+00
1.469943e+00
1.473317e+00
1.476691e+00
1.480065e+00
1.483440e+00
1.486814e+00
1.490188e+00
1.493563e+00
1.496937e+00
1.500311e+00
1.503685e+00
1.507060e+00
1.510434e+00
1.513808e+00
1.517183e+00
1.520557e+00
1.523931e+00
1.527305e+00
1.530680e+00
1.534054e+00
1.537428e+00
1.540803e+00
1.544177e+00
1.547551e+00
1.550925e+00
1.554300e+00
1.557674e+00
1.561048e+00
1.564423e+00
1.567797e+00
1.571171e+00
1.574545e+00
1.577920e+00
1.581294e+00
1.584668e+00
1.588042e+00
1.591417e+00
1.594791e+00
1.598165e+00
1.601540e+00
1.604914e+00
1.608288e+00
1.611662e+00
1.615037e+00
1.618411e+00
1.621785e+00
1.625160e+00
1.628534e+00
1.631908e+00
1.635282e+00
1.638657e+00
1.642031e+00
1.645405e+00
1.648780e+00
1.652154e+00
1.655528e+00
1.658902e+00
1.662277e+00
1.665651e+00
1.669025e+00
1.672400e+00
1.675774e+00
1.679148e+00
1.682522e+00
1.685897e+00
1.689271e+00
1.692645e+00
1.696020e+00
1.699394e+00
1.702768e+00
1.706142e+00
1.709517e+00
1.712891e+00
1.716265e+00
1.719640e+00
1.723014e+00
1.726388e+00
1.729762e+00
1.733137e+00
1.736511e+00
1.739885e+00
1.743259e+00
1.746634e+00
1.750008e+00
1.753382e+00
1.756757e+00
1.760131e+00
1.763505e+00
1.766879e+00
1.770254e+00
1.773628e+00
1.777002e+00
1.780377e+00
1.783751e+00
1.787125e+00
1.790499e+00
1.793874e+00
1.797248e+00
1.800622e+00
1.803997e+00
1.807371e+00
1.810745e+00
1.814119e+00
1.817494e+00
1.820868e+00
1.824242e+00
1.827617e+00
1.830991e+00
1.834365e+00
1.837739e+00
1.841114e+00
1.844488e+00
1.847862e+00
1.851237e+00
1.854611e+00
1.857985e+00
1.861359e+00
1.864734e+00
1.868108e+00
1.871482e+00
1.874857e+00
1.878231e+00
1.881605e+00
1.884979e+00
1.888354e+00
1.891728e+00
1.895102e+00
1.898476e+00
1.901851e+00
1.905225e+00
1.908599e+00
1.911974e+00
1.915348e+00
1.918722e+00
1.922096e+00
1.925471e+00
1.928845e+00
1.932219e+00
1.935594e+00
1.938968e+00
1.942342e+00
1.945716e+00
1.949091e+00
1.952465e+00
1.955839e+00
1.959214e+00
1.962588e+00
1.965962e+00
1.969336e+00
1.972711e+00
1.976085e+00
1.979459e+00
1.982834e+00
1.986208e+00
1.989582e+00
1.992956e+00
1.996331e+00
1.999705e+00
2.003079e+00
2.006454e+00
2.009828e+00
2.013202e+00
2.016576e+00
2.019951e+00
2.023325e+00
2.026699e+00
2.030074e+00
2.033448e+00
2.036822e+00
2.040196e+00
2.043571e+00
2.046945e+00
2.050319e+00
2.053693e+00
2.057068e+00
2.060442e+00
2.063816e+00
2.067191e+00
2.070565e+00
2.073939e+00
2.077313e+00
2.080688e+00
2.084062e+00
2.087436e+00
2.090811e+00
2.094185e+00
2.097559e+00
2.100933e+00
2.104308e+00
2.107682e+00
2.111056e+00
2.114431e+00
2.117805e+00
2.121179e+00
2.124553e+00
2.127928e+00
2.131302e+00
2.134676e+00
2.138051e+00
2.141425e+00
2.144799e+00
2.148173e+00
2.151548e+00
2.154922e+00
2.158296e+00
2.161671e+00
2.165045e+00
2.168419e+00
2.171793e+00
2.175168e+00
2.178542e+00
2.181916e+00
2.185291e+00
2.188665e+00
2.192039e+00
2.195413e+00
2.198788e+00
2.202162e+00
2.205536e+00
2.208910e+00
2.212285e+00
2.215659e+00
2.219033e+00
2.222408e+00
2.225782e+00
2.229156e+00
2.232530e+00
2.235905e+00
2.239279e+00
2.242653e+00
2.246028e+00
2.249402e+00
2.252776e+00
2.256150e+00
2.259525e+00
2.262899e+00
2.266273e+00
2.269648e+00
2.273022e+00
2.276396e+00
2.279770e+00
2.283145e+00
2.286519e+00
2.289893e+00
2.293268e+00
2.296642e+00
2.300016e+00
2.303390e+00
2.306765e+00
2.310139e+00
2.313513e+00
2.316888e+00
2.320262e+00
2.323636e+00
2.327010e+00
2.330385e+00
2.333759e+00
2.337133e+00
2.340508e+00
2.343882e+00
2.347256e+00
2.350630e+00
2.354005e+00
2.357379e+00
2.360753e+00
2.364127e+00
2.367502e+00
2.370876e+00
2.374250e+00
2.377625e+00
2.380999e+00
2.384373e+00
2.387747e+00
2.391122e+00
2.394496e+00
2.397870e+00
2.401245e+00
2.404619e+00
2.407993e+00
2.411367e+00
2.414742e+00
2.418116e+00
2.421490e+00
2.424865e+00
2.428239e+00
2.431613e+00
2.434987e+00
2.438362e+00
2.441736e+00
2.445110e+00
2.448485e+00
2.451859e+00
2.455233e+00
2.458607e+00
2.461982e+00
2.465356e+00
2.468730e+00
2.472105e+00
2.475479e+00
2.478853e+00
2.482227e+00
2.485602e+00
2.488976e+00
2.492350e+00
2.495725e+00
2.499099e+00
2.502473e+00
2.505847e+00
2.509222e+00
2.512596e+00
2.515970e+00
2.519344e+00
2.522719e+00
2.526093e+00
2.529467e+00
2.532842e+00
2.536216e+00
2.539590e+00
2.542964e+00
2.546339e+00
2.549713e+00
2.553087e+00
2.556462e+00
2.559836e+00
2.563210e+00
2.566584e+00
2.569959e+00
2.573333e+00
2.577331e+00
2.581329e+00
2.585327e+00
2.589324e+00
2.593322e+00
2.597320e+00
2.601318e+00
2.605316e+00
2.609313e+00
2.613311e+00
2.617309e+00
2.621307e+00
2.625304e+00
2.629302e+00
2.633300e+00
2.637298e+00
2.641296e+00
2.645293e+00
2.649291e+00
2.653289e+00
2.657287e+00
2.661284e+00
2.665282e+00
2.669280e+00
2.673278e+00
2.677276e+00
2.681273e+00
2.685271e+00
2.689269e+00
2.693267e+00
2.697264e+00
2.701262e+00
2.705260e+00
2.709258e+00
2.713256e+00
2.717253e+00
2.721251e+00
2.725249e+00
2.729247e+00
2.733244e+00
2.737242e+00
2.741240e+00
2.745238e+00
2.749236e+00
2.753233e+00
2.757231e+00
2.761229e+00
2.765227e+00
2.769224e+00
2.773222e+00
2.777220e+00
2.781218e+00
2.785216e+00
2.789213e+00
2.793211e+00
2.797209e+00
2.801207e+00
2.805204e+00
2.809202e+00
2.813200e+00
2.817198e+00
2.821196e+00
2.825193e+00
2.829191e+00
2.833189e+00
2.837187e+00
2.841184e+00
2.845182e+00
2.849180e+00
2.853178e+00
2.857176e+00
2.861173e+00
2.865171e+00
2.869169e+00
2.873167e+00
2.877164e+00
2.881162e+00
2.885160e+00
2.889158e+00
2.893156e+00
2.897153e+00
2.901151e+00
2.905149e+00
2.909147e+00
2.913144e+00
2.917142e+00
2.921140e+00
2.925138e+00
2.929136e+00
2.933133e+00
2.937131e+00
2.941129e+00
2.945127e+00
2.949124e+00
2.953122e+00
2.957120e+00
2.961118e+00
2.965116e+00
2.969113e+00
2.973111e+00
2.976280e+00
2.979448e+00
2.982617e+00
2.985786e+00
2.988954e+00
2.992123e+00
2.995291e+00
2.998460e+00
3.001629e+00
3.004797e+00
3.007966e+00
3.011134e+00
3.014303e+00
3.017472e+00
3.020640e+00
3.023809e+00
3.026977e+00
3.030146e+00
3.033315e+00
3.036483e+00
3.039652e+00
3.042820e+00
3.045989e+00
3.049158e+00
3.052326e+00
3.055495e+00
3.058663e+00
3.061832e+00
3.065001e+00
3.068169e+00
3.071338e+00
3.074506e+00
3.077675e+00
3.080844e+00
3.084012e+00
3.087181e+00
3.090349e+00
3.093518e+00
3.096687e+00
3.099855e+00
3.103024e+00
3.106192e+00
3.109361e+00
3.112530e+00
3.115698e+00
3.118867e+00
3.122035e+00
3.125204e+00
3.128373e+00
3.131541e+00
3.134710e+00
3.137878e+00
3.141047e+00
3.144216e+00
3.147384e+00
3.150553e+00
3.153721e+00
3.156890e+00
3.160059e+00
3.163227e+00
3.166396e+00
3.169564e+00
3.172733e+00
3.175902e+00
3.179070e+00
3.182239e+00
3.185407e+00
3.188576e+00
3.191745e+00
3.194913e+00
3.198082e+00
3.201250e+00
3.204419e+00
3.207588e+00
3.210756e+00
3.213925e+00
3.217093e+00
3.220262e+00
3.223431e+00
3.226599e+00
3.229768e+00
3.232936e+00
3.236105e+00
3.239274e+00
3.242442e+00
3.245611e+00
3.248779e+00
3.251948e+00
3.255117e+00
3.258285e+00
3.261454e+00
3.264622e+00
3.267791e+00
3.270960e+00
3.274128e+00
3.277297e+00
3.280465e+00
3.283634e+00
3.286803e+00
3.289971e+00
3.293140e+00
3.296308e+00
3.299477e+00
3.302646e+00
3.305814e+00
3.308983e+00
3.312151e+00
3.315320e+00
3.318489e+00
3.321657e+00
3.324826e+00
3.327994e+00
3.331163e+00
3.334332e+00
3.337500e+00
3.340669e+00
3.343837e+00
3.347006e+00
3.350175e+00
3.353343e+00
3.356512e+00
3.359681e+00
3.362849e+00
3.366018e+00
3.369186e+00
3.372355e+00
3.375524e+00
3.378692e+00
3.381861e+00
3.385029e+00
3.388198e+00
3.391367e+00
3.394535e+00
3.397704e+00
3.400872e+00
3.404041e+00
3.407209e+00
3.410378e+00
3.413546e+00
3.416715e+00
3.419884e+00
3.423053e+00
3.426221e+00
3.429390e+00
3.432559e+00
3.435727e+00
3.438896e+00
3.442064e+00
3.445233e+00
3.448401e+00
3.451570e+00
3.454738e+00
3.457907e+00
3.461076e+00
3.464244e+00
3.467413e+00
3.470581e+00
3.473750e+00
3.476919e+00
3.480088e+00
3.483256e+00
3.486425e+00
3.489593e+00
3.492762e+00
3.495930e+00
3.499099e+00
3.502268e+00
3.505436e+00
3.508605e+00
3.511773e+00
3.514942e+00
3.518110e+00
3.521279e+00
3.524447e+00
3.527616e+00
3.530785e+00
3.533954e+00
3.537123e+00
3.540291e+00
3.543460e+00
3.546628e+00
3.549797e+00
3.552965e+00
3.556134e+00
3.559302e+00
3.562471e+00
3.565639e+00
3.568808e+00
3.571976e+00
3.575145e+00
3.578314e+00
3.581482e+00
3.584651e+00
3.587820e+00
3.590989e+00
3.594157e+00
3.597326e+00
3.600494e+00
3.603663e+00
3.606831e+00
3.610000e+00
3.613792e+00
3.617585e+00
3.621377e+00
3.625170e+00
3.628963e+00
3.632755e+00
3.636547e+00
3.640340e+00
3.644132e+00
3.647925e+00
3.651718e+00
3.655510e+00
3.659302e+00
3.663095e+00
3.666887e+00
3.670680e+00
3.674473e+00
3.678265e+00
3.682057e+00
3.685850e+00
3.689642e+00
3.693435e+00
3.697228e+00
3.701020e+00
3.704812e+00
3.708605e+00
3.712397e+00
3.716190e+00
3.719983e+00
3.723775e+00
3.727567e+00
3.731360e+00
3.735152e+00
3.738945e+00
3.742738e+00
3.746530e+00
3.750322e+00
3.754115e+00
3.757907e+00
3.761700e+00
3.765493e+00
3.769285e+00
3.773077e+00
3.776870e+00
3.780662e+00
3.784455e+00
3.788248e+00
3.792040e+00
3.795832e+00
3.799625e+00
3.803417e+00
3.807210e+00
3.811003e+00
3.814795e+00
3.818587e+00
3.822380e+00
3.826172e+00
3.829965e+00
3.833758e+00
3.837550e+00
3.841342e+00
3.845135e+00
3.848927e+00
3.852719e+00
3.856513e+00
3.860305e+00
3.864097e+00
3.867890e+00
3.871682e+00
3.875474e+00
3.879268e+00
3.883060e+00
3.886852e+00
3.890645e+00
3.894437e+00
3.898229e+00
3.902022e+00
3.905815e+00
3.909607e+00
3.913399e+00
3.917192e+00
3.920984e+00
3.924777e+00
3.928570e+00
3.932362e+00
3.936154e+00
3.939947e+00
3.943739e+00
3.947532e+00
3.951325e+00
3.955117e+00
3.958909e+00
3.962702e+00
3.966494e+00
3.970287e+00
3.974080e+00
3.977872e+00
3.981664e+00
3.985457e+00
3.989249e+00
3.993042e+00
3.996835e+00
4.000627e+00
4.004419e+00
4.008212e+00
4.012004e+00
4.015797e+00
4.019590e+00
4.023382e+00
4.027174e+00
4.030967e+00
4.034759e+00
4.038552e+00
4.042345e+00
4.046137e+00
4.049929e+00
4.053722e+00
4.057514e+00
4.061307e+00
4.065100e+00
4.068892e+00
4.072684e+00
4.076477e+00
4.080269e+00
4.084061e+00
4.087855e+00
4.091647e+00
4.095439e+00
4.099232e+00
4.103024e+00
4.106816e+00
4.110610e+00
4.114402e+00
4.118194e+00
4.121987e+00
4.125779e+00
4.129571e+00
4.133364e+00
4.137157e+00
4.140949e+00
4.144742e+00
4.148534e+00
4.152326e+00
4.156119e+00
4.159912e+00
4.163704e+00
4.167497e+00
4.171289e+00
4.175081e+00
4.178874e+00
4.182667e+00
4.186459e+00
4.190252e+00
4.194044e+00
4.197836e+00
4.201629e+00
4.205422e+00
4.209214e+00
4.213007e+00
4.216799e+00
4.220591e+00
4.224384e+00
4.228177e+00
4.231969e+00
4.235762e+00
4.239554e+00
4.243346e+00
4.247139e+00
4.250932e+00
4.254724e+00
4.258517e+00
4.262309e+00
4.266101e+00
4.269894e+00
4.273687e+00
4.277479e+00
4.281272e+00
4.285064e+00
4.288856e+00
4.292649e+00
4.296442e+00
4.300234e+00
4.304027e+00
4.307819e+00
4.311611e+00
4.315404e+00
4.319197e+00
4.322989e+00
4.326782e+00
4.330574e+00
4.334366e+00
4.338159e+00
4.341952e+00
4.345744e+00
4.349537e+00
4.353329e+00
4.357121e+00
4.360914e+00
4.364706e+00
4.368499e+00
4.372292e+00
4.376084e+00
4.379876e+00
4.383669e+00
4.387461e+00
4.391254e+00
4.395047e+00
4.398839e+00
4.402631e+00
4.406424e+00
4.410216e+00
4.414009e+00
4.417802e+00
4.421594e+00
4.425386e+00
4.429179e+00
4.432971e+00
4.436764e+00
4.440557e+00
4.444349e+00
4.448141e+00
4.451934e+00
4.455726e+00
4.459519e+00
4.463312e+00
4.467104e+00
4.470896e+00
4.474688e+00
4.478481e+00
4.482274e+00
4.486066e+00
4.489859e+00
4.493651e+00
4.497443e+00
4.501236e+00
4.505029e+00
4.508821e+00
4.512614e+00
4.516406e+00
4.520198e+00
4.523991e+00
4.527784e+00
4.531576e+00
4.535369e+00
4.539161e+00
4.542953e+00
4.546746e+00
4.550539e+00
4.554331e+00
4.558124e+00
4.561916e+00
4.565708e+00
4.569501e+00
4.573294e+00
4.577086e+00
4.580879e+00
4.584671e+00
4.588463e+00
4.592256e+00
4.596048e+00
4.599841e+00
4.603634e+00
4.607426e+00
4.611218e+00
4.615011e+00
4.618803e+00
4.622596e+00
4.626389e+00
4.630181e+00
4.633973e+00
4.637766e+00
4.641558e+00
4.645351e+00
4.649144e+00
4.652936e+00
4.656728e+00
4.660521e+00
4.664313e+00
4.668106e+00
4.671899e+00
4.675691e+00
4.679483e+00
4.683276e+00
4.687068e+00
4.690861e+00
4.694654e+00
4.698446e+00
4.702238e+00
4.706031e+00
4.709823e+00
4.713616e+00
4.717409e+00
4.721201e+00
4.724993e+00
4.728786e+00
4.732578e+00
4.736371e+00
4.740164e+00
4.743956e+00
4.747748e+00
4.751541e+00
4.755333e+00
4.759648e+00
4.763961e+00
4.768276e+00
4.772589e+00
4.776903e+00
4.781217e+00
4.785531e+00
4.789846e+00
4.794159e+00
4.798473e+00
4.802787e+00
4.807101e+00
4.811416e+00
4.815729e+00
4.820043e+00
4.824357e+00
4.828671e+00
4.832985e+00
4.837299e+00
4.841613e+00
4.845927e+00
4.850241e+00
4.854555e+00
4.858869e+00
4.863183e+00
4.867497e+00
4.871811e+00
4.876125e+00
4.880439e+00
4.884753e+00
4.889067e+00
4.893380e+00
4.897695e+00
4.902009e+00
4.906323e+00
4.910637e+00
4.914951e+00
4.919265e+00
4.923579e+00
4.927893e+00
4.932207e+00
4.936521e+00
4.940835e+00
4.945148e+00
4.949463e+00
4.953777e+00
4.958091e+00
4.962405e+00
4.966718e+00
4.971033e+00
4.975346e+00
4.979661e+00
4.983975e+00
4.988288e+00
4.992603e+00
4.996916e+00
5.001231e+00
5.005544e+00
5.009858e+00
5.014173e+00
5.018486e+00
5.022801e+00
5.027114e+00
5.031428e+00
5.035743e+00
5.040056e+00
5.044371e+00
5.048684e+00
5.052998e+00
5.057312e+00
5.061626e+00
5.065941e+00
5.070254e+00
5.074569e+00
5.078882e+00
5.083196e+00
5.087510e+00
5.091824e+00
5.096139e+00
5.100452e+00
5.104766e+00
5.109080e+00
5.113394e+00
5.117708e+00
5.122022e+00
5.126336e+00
5.130650e+00
5.134964e+00
5.139278e+00
5.143592e+00
5.147906e+00
5.152220e+00
5.156534e+00
5.160848e+00
5.165162e+00
5.169476e+00
5.173790e+00
5.178104e+00
5.182418e+00
5.186732e+00
5.191046e+00
5.195360e+00
5.199673e+00
5.203988e+00
5.208302e+00
5.212616e+00
5.216930e+00
5.221244e+00
5.225558e+00
5.229871e+00
5.234186e+00
5.238500e+00
5.242814e+00
5.247128e+00
5.251441e+00
5.255756e+00
5.260070e+00
5.264384e+00
5.268698e+00
5.273011e+00
5.277326e+00
5.281639e+00
5.285954e+00
5.290268e+00
5.294581e+00
5.298896e+00
5.303209e+00
5.307524e+00
5.311837e+00
5.316151e+00
5.320466e+00
5.324779e+00
5.329094e+00
5.333407e+00
5.337721e+00
5.342035e+00
5.346349e+00
5.350664e+00
5.354977e+00
5.359291e+00
5.363605e+00
5.367919e+00
5.372234e+00
5.376547e+00
5.380862e+00
5.385175e+00
5.389489e+00
5.393803e+00
5.398117e+00
5.402432e+00
5.406745e+00
5.411059e+00
5.415373e+00
5.419687e+00
5.424001e+00
5.428315e+00
5.432629e+00
5.436943e+00
5.441257e+00
5.445571e+00
5.449885e+00
5.454199e+00
5.458513e+00
5.462827e+00
5.467141e+00
5.471455e+00
5.475769e+00
5.480083e+00
5.484397e+00
5.488711e+00
5.493025e+00
5.497339e+00
5.501653e+00
5.505966e+00
5.510281e+00
5.514595e+00
5.518909e+00
5.523223e+00
5.527537e+00
5.531851e+00
5.536164e+00
5.540479e+00
5.544793e+00
5.549107e+00
5.553421e+00
5.557734e+00
5.562049e+00
5.566362e+00
5.570677e+00
5.574991e+00
5.579304e+00
5.583619e+00
5.587932e+00
5.592247e+00
5.596561e+00
5.600874e+00
5.605189e+00
5.609502e+00
5.613817e+00
5.618130e+00
5.622444e+00
5.626881e+00
5.631318e+00
5.635754e+00
5.640191e+00
5.644628e+00
5.649065e+00
5.653502e+00
5.657938e+00
5.662374e+00
5.666811e+00
5.671248e+00
5.675685e+00
5.680122e+00
5.684559e+00
5.688995e+00
5.693431e+00
5.697868e+00
5.702305e+00
5.706742e+00
5.711179e+00
5.715615e+00
5.720052e+00
5.724489e+00
5.728925e+00
5.733362e+00
5.737799e+00
5.742235e+00
5.746672e+00
5.751109e+00
5.755546e+00
5.759983e+00
5.764419e+00
5.768855e+00
5.773292e+00
5.777729e+00
5.782166e+00
5.786603e+00
5.791040e+00
5.795476e+00
5.799912e+00
5.804349e+00
5.808786e+00
5.813223e+00
5.817660e+00
5.822096e+00
5.826533e+00
5.830970e+00
5.835406e+00
5.839843e+00
5.844280e+00
5.848716e+00
5.853153e+00
5.857590e+00
5.862027e+00
5.866463e+00
5.870900e+00
5.875336e+00
5.879773e+00
5.884210e+00
5.888647e+00
5.893084e+00
5.897521e+00
5.901957e+00
5.906393e+00
5.910830e+00
5.915267e+00
5.919704e+00
5.924140e+00
5.928577e+00
5.933014e+00
5.937451e+00
5.941887e+00
5.946324e+00
5.950760e+00
5.955197e+00
5.959634e+00
5.964071e+00
5.968508e+00
5.972944e+00
5.977380e+00
5.981817e+00
5.986254e+00
5.990691e+00
5.995128e+00
5.999565e+00
6.004001e+00
6.008438e+00
6.012874e+00
6.017311e+00
6.021748e+00
6.026185e+00
6.030621e+00
6.035058e+00
6.039495e+00
6.043932e+00
6.048368e+00
6.052805e+00
6.057241e+00
6.061678e+00
6.066115e+00
6.070552e+00
6.074989e+00
6.079425e+00
6.083861e+00
6.088298e+00
6.092735e+00
6.097172e+00
6.101609e+00
6.106046e+00
6.110482e+00
6.114919e+00
6.119355e+00
6.123792e+00
6.128229e+00
6.132666e+00
6.137102e+00
6.141539e+00
6.145976e+00
6.150412e+00
6.154849e+00
6.159286e+00
6.163722e+00
6.168159e+00
6.172596e+00
6.177033e+00
6.181470e+00
6.185906e+00
6.190342e+00
6.194779e+00
6.199216e+00
6.203653e+00
6.208090e+00
6.212527e+00
6.216963e+00
6.221400e+00
6.225836e+00
6.230273e+00
6.234710e+00
6.239146e+00
6.243583e+00
6.248020e+00
6.252457e+00
6.256893e+00
6.261330e+00
6.265766e+00
6.270203e+00
6.274640e+00
6.279077e+00
6.283514e+00
6.287951e+00
6.292387e+00
6.296823e+00
6.301260e+00
6.305697e+00
6.310134e+00
6.314571e+00
6.319007e+00
6.323444e+00
6.327881e+00
6.332317e+00
6.336754e+00
6.341191e+00
6.345627e+00
6.350064e+00
6.354501e+00
6.358938e+00
6.363374e+00
6.367811e+00
6.372247e+00
6.376684e+00
6.381121e+00
6.385558e+00
6.389995e+00
6.394432e+00
6.398868e+00
6.403304e+00
6.407741e+00
6.412178e+00
6.416615e+00
6.421052e+00
6.425488e+00
6.429925e+00
6.434361e+00
6.438798e+00
6.443235e+00
6.447672e+00
6.452108e+00
6.456545e+00
6.460982e+00
6.465419e+00
6.469855e+00
6.474292e+00
6.478728e+00
6.483165e+00
6.487602e+00
6.492039e+00
6.496476e+00
6.500913e+00
6.505349e+00
6.509785e+00
6.514222e+00
6.519022e+00
6.523822e+00
6.528621e+00
6.533422e+00
6.538221e+00
6.543021e+00
6.547821e+00
6.552621e+00
6.557421e+00
6.562221e+00
6.567020e+00
6.571820e+00
6.576620e+00
6.581420e+00
6.586220e+00
6.591020e+00
6.595819e+00
6.600620e+00
6.605419e+00
6.610219e+00
6.615019e+00
6.619819e+00
6.624618e+00
6.629419e+00
6.634218e+00
6.639018e+00
6.643818e+00
6.648618e+00
6.653418e+00
6.658218e+00
6.663017e+00
6.667818e+00
6.672617e+00
6.677417e+00
6.682217e+00
6.687017e+00
6.691816e+00
6.696617e+00
6.701416e+00
6.706216e+00
6.711016e+00
6.715816e+00
6.720616e+00
6.725416e+00
6.730215e+00
6.735016e+00
6.739815e+00
6.744615e+00
6.749415e+00
6.754215e+00
6.759014e+00
6.763815e+00
6.768614e+00
6.773414e+00
6.778214e+00
6.783014e+00
6.787814e+00
6.792614e+00
6.797413e+00
6.802214e+00
6.807013e+00
6.811813e+00
6.816613e+00
6.821413e+00
6.826212e+00
6.831013e+00
6.835812e+00
6.840612e+00
6.845412e+00
6.850212e+00
6.855012e+00
6.859812e+00
6.864611e+00
6.869412e+00
6.874211e+00
6.879011e+00
6.883811e+00
6.888611e+00
6.893410e+00
6.898211e+00
6.903010e+00
6.907810e+00
6.912610e+00
6.917410e+00
6.922210e+00
6.927010e+00
6.931809e+00
6.936610e+00
6.941409e+00
6.946209e+00
6.951009e+00
6.955809e+00
6.960608e+00
6.965409e+00
6.970208e+00
6.975008e+00
6.979808e+00
6.984608e+00
6.989408e+00
6.994208e+00
6.999007e+00
7.003807e+00
7.008607e+00
7.013407e+00
7.018207e+00
7.023007e+00
7.027806e+00
7.032607e+00
7.037406e+00
7.042206e+00
7.047006e+00
7.051806e+00
7.056605e+00
7.061406e+00
7.066205e+00
7.071005e+00
7.075805e+00
7.080605e+00
7.085405e+00
7.090205e+00
7.095004e+00
7.099805e+00
7.104604e+00
7.109404e+00
7.114204e+00
7.119004e+00
7.123803e+00
7.128604e+00
7.133403e+00
7.138203e+00
7.143003e+00
7.147803e+00
7.152603e+00
7.157403e+00
7.162202e+00
7.167003e+00
7.171802e+00
7.176602e+00
7.181402e+00
7.186202e+00
7.191001e+00
7.195802e+00
7.200601e+00
7.205401e+00
7.210201e+00
7.215001e+00
7.219801e+00
7.224601e+00
7.229400e+00
7.234201e+00
7.239000e+00
7.243799e+00
7.248600e+00
7.253399e+00
7.258199e+00
7.262999e+00
7.267799e+00
7.272599e+00
7.277399e+00
7.282198e+00
7.286999e+00
7.291798e+00
7.296598e+00
7.301398e+00
7.306198e+00
7.310997e+00
7.315798e+00
7.320597e+00
7.325397e+00
7.330197e+00
7.334997e+00
7.339797e+00
7.344597e+00
7.349396e+00
7.354197e+00
7.358996e+00
7.363796e+00
7.368596e+00
7.373396e+00
7.378195e+00
7.382996e+00
7.387795e+00
7.392595e+00
7.397395e+00
7.402195e+00
7.406995e+00
7.411795e+00
7.416594e+00
7.421395e+00
7.426194e+00
7.430994e+00
7.435794e+00
7.440594e+00
7.445393e+00
7.450194e+00
7.454993e+00
7.459793e+00
7.464593e+00
7.469393e+00
7.474193e+00
7.478993e+00
7.483792e+00
7.488592e+00
7.493392e+00
7.498192e+00
7.502992e+00
7.507792e+00
7.512591e+00
7.517392e+00
7.522191e+00
7.526991e+00
7.531791e+00
7.536591e+00
7.541390e+00
7.546191e+00
7.550990e+00
7.555790e+00
7.560590e+00
7.565390e+00
7.570190e+00
7.574990e+00
7.579789e+00
7.584590e+00
7.589389e+00
7.594189e+00
7.598989e+00
7.603789e+00
7.608588e+00
7.613389e+00
7.618188e+00
7.622988e+00
7.627788e+00
7.632588e+00
7.637388e+00
7.642188e+00
7.646987e+00
7.651788e+00
7.656587e+00
7.661387e+00
7.666187e+00
7.670987e+00
7.675786e+00
7.680587e+00
7.685386e+00
7.690186e+00
7.694986e+00
7.699786e+00
7.704586e+00
7.709386e+00
7.714185e+00
7.718986e+00
7.723785e+00
7.728585e+00
7.733385e+00
7.738185e+00
7.742984e+00
7.747785e+00
7.752584e+00
7.757384e+00
7.762184e+00
7.766984e+00
7.771784e+00
7.776584e+00
7.781383e+00
7.786184e+00
7.790983e+00
7.795783e+00
7.800583e+00
7.805383e+00
7.810182e+00
7.814983e+00
7.819782e+00
7.824582e+00
7.829382e+00
7.834182e+00
7.838982e+00
7.843782e+00
7.848581e+00
7.853382e+00
7.858181e+00
7.862981e+00
7.867781e+00
7.872581e+00
7.877380e+00
7.882181e+00
7.886980e+00
7.891780e+00
7.896580e+00
7.901380e+00
7.906180e+00
7.910980e+00
7.915779e+00
7.920579e+00
7.925379e+00
7.930179e+00
7.934979e+00
7.939779e+00
7.944578e+00
7.949379e+00
7.954178e+00
7.958978e+00
7.963778e+00
7.968831e+00
7.973885e+00
7.978938e+00
7.983992e+00
7.989045e+00
7.994099e+00
7.999152e+00
8.004207e+00
8.009260e+00
8.014314e+00
8.019367e+00
8.024421e+00
8.029474e+00
8.034528e+00
8.039581e+00
8.044635e+00
8.049688e+00
8.054742e+00
8.059795e+00
8.064849e+00
8.069902e+00
8.074956e+00
8.080009e+00
8.085064e+00
8.090117e+00
8.095171e+00
8.100224e+00
8.105278e+00
8.110331e+00
8.115385e+00
8.120438e+00
8.125492e+00
8.130545e+00
8.135599e+00
8.140652e+00
8.145706e+00
8.150759e+00
8.155813e+00
8.160866e+00
8.165921e+00
8.170974e+00
8.176028e+00
8.181081e+00
8.186135e+00
8.191188e+00
8.196242e+00
8.201295e+00
8.206349e+00
8.211402e+00
8.216456e+00
8.221509e+00
8.226563e+00
8.231616e+00
8.236670e+00
8.241724e+00
8.246778e+00
8.251831e+00
8.256885e+00
8.261938e+00
8.266992e+00
8.272045e+00
8.277099e+00
8.282152e+00
8.287206e+00
8.292259e+00
8.297313e+00
8.302366e+00
8.307420e+00
8.312473e+00
8.317527e+00
8.322581e+00
8.327635e+00
8.332688e+00
8.337742e+00
8.342795e+00
8.347849e+00
8.352902e+00
8.357956e+00
8.363009e+00
8.368063e+00
8.373116e+00
8.378170e+00
8.383223e+00
8.388277e+00
8.393330e+00
8.398384e+00
8.403438e+00
8.408492e+00
8.413545e+00
8.418599e+00
8.423652e+00
8.428706e+00
8.433759e+00
8.438813e+00
8.443866e+00
8.448920e+00
8.453973e+00
8.459027e+00
8.464080e+00
8.469134e+00
8.474187e+00
8.479242e+00
8.484295e+00
8.489349e+00
8.494402e+00
8.499456e+00
8.504509e+00
8.509563e+00
8.514616e+00
8.519670e+00
8.524723e+00
8.529777e+00
8.534830e+00
8.539884e+00
8.544937e+00
8.549991e+00
8.555044e+00
8.560099e+00
8.565152e+00
8.570206e+00
8.575259e+00
8.580313e+00
8.585366e+00
8.590420e+00
8.595473e+00
8.600527e+00
8.605580e+00
8.610634e+00
8.615687e+00
8.620741e+00
8.625794e+00
8.630848e+00
8.635901e+00
8.640956e+00
8.646009e+00
8.651063e+00
8.656116e+00
8.661170e+00
8.666223e+00
8.671277e+00
8.676330e+00
8.681384e+00
8.686437e+00
8.691491e+00
8.696544e+00
8.701598e+00
8.706651e+00
8.711705e+00
8.716758e+00
8.721813e+00
8.726866e+00
8.731920e+00
8.736973e+00
8.742027e+00
8.747080e+00
8.752134e+00
8.757187e+00
8.762241e+00
8.767294e+00
8.772348e+00
8.777401e+00
8.782455e+00
8.787508e+00
8.792562e+00
8.797616e+00
8.802670e+00
8.807723e+00
8.812777e+00
8.817830e+00
8.822884e+00
8.827937e+00
8.832991e+00
8.838044e+00
8.843098e+00
8.848151e+00
8.853205e+00
8.858258e+00
8.863312e+00
8.868365e+00
8.873419e+00
8.878473e+00
8.883527e+00
8.888580e+00
8.893634e+00
8.898687e+00
8.903741e+00
8.908794e+00
8.913848e+00
8.918901e+00
8.923955e+00
8.929008e+00
8.934062e+00
8.939115e+00
8.944169e+00
8.949222e+00
8.954276e+00
8.959330e+00
8.964384e+00
8.969437e+00
8.974491e+00
8.979544e+00
8.984598e+00
8.989651e+00
8.994705e+00
8.999758e+00
9.004812e+00
9.009865e+00
9.014919e+00
9.019972e+00
9.025026e+00
9.030079e+00
9.035134e+00
9.040187e+00
9.045241e+00
9.050294e+00
9.055348e+00
9.060401e+00
9.065455e+00
9.070508e+00
9.075562e+00
9.080615e+00
9.085669e+00
9.090722e+00
9.095776e+00
9.100829e+00
9.105883e+00
9.110936e+00
9.115991e+00
9.121044e+00
9.126098e+00
9.131151e+00
9.136205e+00
9.141258e+00
9.146312e+00
9.151365e+00
9.156419e+00
9.161472e+00
9.166526e+00
9.171579e+00
9.176633e+00
9.181686e+00
9.186740e+00
9.191793e+00
9.196848e+00
9.201901e+00
9.206955e+00
9.212008e+00
9.217062e+00
9.222115e+00
9.227169e+00
9.232222e+00
9.237276e+00
9.242329e+00
9.247383e+00
9.252436e+00
9.257490e+00
9.262543e+00
9.267597e+00
9.272651e+00
9.277705e+00
9.282758e+00
9.287812e+00
9.292865e+00
9.297919e+00
9.302972e+00
9.308026e+00
9.313079e+00
9.318133e+00
9.323186e+00
9.328240e+00
9.333293e+00
9.338347e+00
9.343400e+00
9.348454e+00
9.353508e+00
9.358562e+00
9.363615e+00
9.368669e+00
9.373722e+00
9.378776e+00
9.383829e+00
9.388883e+00
9.393936e+00
9.398990e+00
9.404043e+00
9.409097e+00
9.414150e+00
9.419204e+00
9.424257e+00
9.429311e+00
9.434365e+00
9.439419e+00
9.444472e+00
9.449526e+00
9.454579e+00
9.459633e+00
9.464686e+00
9.469740e+00
9.474793e+00
9.479847e+00
9.484900e+00
9.489954e+00
9.495007e+00
9.500061e+00
9.505114e+00
9.510169e+00
9.515222e+00
9.520276e+00
9.525329e+00
9.530383e+00
9.535436e+00
9.540490e+00
9.545543e+00
9.550597e+00
9.555650e+00
9.560704e+00
9.565757e+00
9.570811e+00
9.575864e+00
9.580918e+00
9.585971e+00
9.591026e+00
9.596079e+00
9.601133e+00
9.606186e+00
9.611240e+00
9.616293e+00
9.621347e+00
9.626400e+00
9.631454e+00
9.636507e+00
9.641561e+00
9.646614e+00
9.651668e+00
9.656721e+00
9.661775e+00
9.666828e+00
9.671883e+00
9.676936e+00
9.681990e+00
9.687043e+00
9.692097e+00
9.697150e+00
9.702204e+00
9.707257e+00
9.712311e+00
9.717364e+00
9.722418e+00
9.727471e+00
9.732525e+00
9.737578e+00
9.742632e+00
9.747686e+00
9.752740e+00
9.757793e+00
9.762847e+00
9.767900e+00
9.772954e+00
9.778007e+00
9.783061e+00
9.788114e+00
9.793168e+00
9.798221e+00
9.803275e+00
9.808328e+00
9.813382e+00
9.818435e+00
9.823489e+00
9.828543e+00
9.833597e+00
9.838650e+00
9.843704e+00
9.848757e+00
9.853811e+00
9.858864e+00
9.863918e+00
9.868971e+00
9.874025e+00
9.879078e+00
9.884132e+00
9.889185e+00
9.894239e+00
9.899292e+00
9.904346e+00
9.909400e+00
9.914454e+00
9.919507e+00
9.924561e+00
9.929614e+00
9.934668e+00
9.939721e+00
9.944775e+00
9.949828e+00
9.954882e+00
9.959935e+00
9.964989e+00
9.970042e+00
9.975096e+00
9.980149e+00
9.985203e+00
9.990257e+00
9.995311e+00
1.000036e+01
1.000542e+01
1.001047e+01
1.001552e+01
1.002058e+01
1.002563e+01
1.003069e+01
1.003574e+01
1.004079e+01
1.004585e+01
1.005090e+01
1.005595e+01
1.006101e+01
1.006606e+01
1.007111e+01
1.007617e+01
1.008122e+01
1.008627e+01
1.009133e+01
1.009638e+01
1.010144e+01
1.010649e+01
1.011154e+01
1.011660e+01
1.012165e+01
1.012670e+01
1.013176e+01
1.013681e+01
1.014186e+01
1.014692e+01
1.015197e+01
1.015702e+01
1.016208e+01
1.016713e+01
1.017219e+01
1.017724e+01
1.018229e+01
1.018735e+01
1.019240e+01
1.019745e+01
1.020251e+01
1.020756e+01
1.021261e+01
1.021767e+01
1.022272e+01
1.022777e+01
1.023283e+01
1.023788e+01
1.024294e+01
1.024799e+01
1.025304e+01
1.025810e+01
1.026315e+01
1.026820e+01
1.027326e+01
1.027831e+01
1.028336e+01
1.028842e+01
1.029347e+01
1.029852e+01
1.030358e+01
1.030863e+01
1.031369e+01
1.031874e+01
1.032379e+01
1.032885e+01
1.033390e+01
1.033895e+01
1.034401e+01
1.034906e+01
1.035411e+01
1.035917e+01
1.036422e+01
1.036927e+01
1.037433e+01
1.037938e+01
1.038444e+01
1.038949e+01
1.039454e+01
1.039960e+01
1.040465e+01
1.040970e+01
1.041476e+01
1.041981e+01
1.042486e+01
1.042992e+01
1.043497e+01
1.044002e+01
1.044508e+01
1.045013e+01
1.045518e+01
1.046024e+01
1.046529e+01
1.047035e+01
1.047540e+01
1.048045e+01
1.048551e+01
1.049056e+01
1.049561e+01
1.050067e+01
1.050432e+01
1.050798e+01
1.051164e+01
1.051530e+01
1.051895e+01
1.052261e+01
1.052627e+01
1.052993e+01
1.053359e+01
1.053724e+01
1.054090e+01
1.054456e+01
1.054822e+01
1.055187e+01
1.055553e+01
1.055919e+01
1.056285e+01
1.056650e+01
1.057016e+01
1.057382e+01
1.057748e+01
1.058113e+01
1.058479e+01
1.058845e+01
1.059211e+01
1.059576e+01
1.059942e+01
1.060308e+01
1.060674e+01
1.061039e+01
1.061405e+01
1.061771e+01
1.062137e+01
1.062503e+01
1.062868e+01
1.063234e+01
1.063600e+01
1.063966e+01
1.064331e+01
1.064697e+01
1.065063e+01
1.065429e+01
1.065794e+01
1.066160e+01
1.066526e+01
1.066892e+01
1.067257e+01
1.067623e+01
1.067989e+01
1.068355e+01
1.068720e+01
1.069086e+01
1.069452e+01
1.069818e+01
1.070184e+01
1.070549e+01
1.070915e+01
1.071281e+01
1.071647e+01
1.072012e+01
1.072378e+01
1.072744e+01
1.073110e+01
1.073475e+01
1.073841e+01
1.074207e+01
1.074573e+01
1.074938e+01
1.075304e+01
1.075670e+01
1.076036e+01
1.076401e+01
1.076767e+01
1.077133e+01
1.077499e+01
1.077864e+01
1.078230e+01
1.078596e+01
1.078962e+01
1.079328e+01
1.079693e+01
1.080059e+01
1.080425e+01
1.080791e+01
1.081156e+01
1.081522e+01
1.081888e+01
1.082254e+01
1.082619e+01
1.082985e+01
1.083351e+01
1.083717e+01
1.084082e+01
1.084448e+01
1.084814e+01
1.085180e+01
1.085545e+01
1.085911e+01
1.086277e+01
1.086643e+01
1.087009e+01
1.087374e+01
1.087740e+01
1.088106e+01
1.088472e+01
1.088837e+01
1.089203e+01
1.089569e+01
1.089935e+01
1.090300e+01
1.090666e+01
1.091032e+01
1.091398e+01
1.091763e+01
1.092129e+01
1.092495e+01
1.092861e+01
1.093226e+01
1.093592e+01
1.093958e+01
1.094324e+01
1.094689e+01
1.095055e+01
1.095421e+01
1.095787e+01
1.096153e+01
1.096518e+01
1.096884e+01
1.097250e+01
1.097616e+01
1.097981e+01
1.098347e+01
1.098713e+01
1.099079e+01
1.099444e+01
1.099810e+01
1.100176e+01
1.100542e+01
1.100907e+01
1.101273e+01
1.101639e+01
1.102005e+01
1.102370e+01
1.102736e+01
1.103102e+01
1.103468e+01
1.103833e+01
1.104199e+01
1.104565e+01
1.104931e+01
1.105297e+01
1.105662e+01
1.106028e+01
1.106394e+01
1.106760e+01
1.107125e+01
1.107491e+01
1.107857e+01
1.108223e+01
1.108588e+01
1.108954e+01
1.109320e+01
1.109686e+01
1.110051e+01
1.110417e+01
1.110783e+01
1.111149e+01
1.111514e+01
1.111880e+01
1.112246e+01
1.112612e+01
1.112978e+01
1.113343e+01
1.113709e+01
1.114075e+01
1.114441e+01
1.114806e+01
1.115172e+01
1.115538e+01
1.115904e+01
1.116269e+01
1.116635e+01
1.117001e+01
1.117367e+01
1.117732e+01
1.118098e+01
1.118464e+01
1.118830e+01
1.119195e+01
1.119561e+01
1.119927e+01
1.120293e+01
1.120658e+01
1.121024e+01
1.121390e+01
1.121756e+01
1.122122e+01
1.122487e+01
1.122853e+01
1.123219e+01
1.123585e+01
1.123950e+01
1.124316e+01
1.124682e+01
1.125048e+01
1.125413e+01
1.125779e+01
1.126145e+01
1.126511e+01
1.126876e+01
1.127242e+01
1.127608e+01
1.127974e+01
1.128339e+01
1.128705e+01
1.129071e+01
1.129437e+01
1.129803e+01
1.130168e+01
1.130534e+01
1.130900e+01
1.131266e+01
1.131631e+01
1.131997e+01
1.132363e+01
1.132729e+01
1.133094e+01
1.133460e+01
1.133826e+01
1.134192e+01
1.134557e+01
1.134923e+01
1.135289e+01
1.135655e+01
1.136020e+01
1.136386e+01
1.136752e+01
1.137118e+01
1.137484e+01
1.137849e+01
1.138215e+01
1.138581e+01
1.138947e+01
1.139312e+01
1.139678e+01
1.140044e+01
1.140410e+01
1.140775e+01
1.141141e+01
1.141507e+01
1.141873e+01
1.142238e+01
1.142604e+01
1.142970e+01
1.143336e+01
1.143701e+01
1.144067e+01
1.144433e+01
1.144799e+01
1.145164e+01
1.145530e+01
1.145896e+01
1.146262e+01
1.146628e+01
1.146993e+01
1.147359e+01
1.147725e+01
1.148091e+01
1.148456e+01
1.148822e+01
1.149188e+01
1.149554e+01
1.149919e+01
1.150285e+01
1.150651e+01
1.151017e+01
1.151382e+01
1.151748e+01
1.152114e+01
1.152480e+01
1.152845e+01
1.153211e+01
1.153577e+01
1.153943e+01
1.154309e+01
1.154674e+01
1.155040e+01
1.155406e+01
1.155772e+01
1.156137e+01
1.156503e+01
1.156869e+01
1.157235e+01
1.157600e+01
1.157966e+01
1.158332e+01
1.158698e+01
1.159063e+01
1.159429e+01
1.159795e+01
1.160161e+01
1.160526e+01
1.160892e+01
1.161258e+01
1.161624e+01
1.161989e+01
1.162355e+01
1.162721e+01
1.163087e+01
1.163453e+01
1.163818e+01
1.164184e+01
1.164550e+01
1.164916e+01
1.165281e+01
1.165647e+01
1.166013e+01
1.166379e+01
1.166744e+01
1.167110e+01
1.167476e+01
1.167842e+01
1.168207e+01
1.168573e+01
1.168939e+01
1.169305e+01
1.169670e+01
1.170036e+01
1.170402e+01
1.170768e+01
1.171134e+01
1.171499e+01
1.171865e+01
1.172231e+01
1.172597e+01
1.172962e+01
1.173328e+01
1.173694e+01
1.174060e+01
1.174425e+01
1.174791e+01
1.175157e+01
1.175523e+01
1.175888e+01
1.176254e+01
1.176620e+01
1.176986e+01
1.177351e+01
1.177717e+01
1.178083e+01
1.178449e+01
1.178815e+01
1.179180e+01
1.179546e+01
1.179912e+01
1.180278e+01
1.180643e+01
1.181009e+01
1.181375e+01
1.181741e+01
1.182106e+01
1.182472e+01
1.182838e+01
1.183204e+01
1.183569e+01
1.183935e+01
1.184301e+01
1.184667e+01
1.185032e+01
1.185398e+01
1.185764e+01
1.186130e+01
1.186495e+01
1.186861e+01
1.187227e+01
1.187593e+01
1.187959e+01
1.188324e+01
1.188690e+01
1.189056e+01
1.189422e+01
1.189787e+01
1.190153e+01
1.190519e+01
1.190885e+01
1.191250e+01
1.191616e+01
1.191982e+01
1.192348e+01
1.192713e+01
1.193079e+01
1.193445e+01
1.193811e+01
1.194176e+01
1.194542e+01
1.194908e+01
1.195274e+01
1.195640e+01
1.196005e+01
1.196371e+01
1.196737e+01
1.197103e+01
1.197468e+01
1.197834e+01
1.198200e+01
1.198566e+01
1.198931e+01
1.199297e+01
1.199663e+01
1.200029e+01
1.200394e+01
1.200760e+01
1.201126e+01
1.201492e+01
1.201857e+01
1.202223e+01
1.202589e+01
1.202955e+01
1.203320e+01
1.203686e+01
1.204052e+01
1.204418e+01
1.204784e+01
1.205149e+01
1.205515e+01
1.205881e+01
1.206247e+01
1.206612e+01
1.206978e+01
1.207344e+01
1.207710e+01
1.208075e+01
1.208441e+01
1.208807e+01
1.209173e+01
1.209538e+01
1.209904e+01
1.210270e+01
1.210636e+01
1.211001e+01
1.211367e+01
1.211733e+01
1.212099e+01
1.212465e+01
1.212830e+01
1.213196e+01
1.213562e+01
1.213928e+01
1.214293e+01
1.214659e+01
1.215025e+01
1.215391e+01
1.215756e+01
1.216122e+01
1.216488e+01
1.216854e+01
1.217219e+01
1.217585e+01
1.217951e+01
1.218317e+01
1.218682e+01
1.219048e+01
1.219414e+01
1.219780e+01
1.220146e+01
1.220511e+01
1.220877e+01
1.221243e+01
1.221609e+01
1.221974e+01
1.222340e+01
1.222706e+01
1.223072e+01
1.223437e+01
1.223803e+01
1.224169e+01
1.224535e+01
1.224900e+01
1.225266e+01
1.225632e+01
1.225998e+01
1.226363e+01
1.226729e+01
1.227095e+01
1.227461e+01
1.227826e+01
1.228192e+01
1.228558e+01
1.228924e+01
1.229290e+01
1.229655e+01
1.230021e+01
1.230387e+01
1.230753e+01
1.231118e+01
1.231484e+01
1.231850e+01
1.232216e+01
1.232581e+01
1.232947e+01
1.233313e+01
1.233679e+01
1.234044e+01
1.234397e+01
1.234750e+01
1.235103e+01
1.235455e+01
1.235808e+01
1.236161e+01
1.236513e+01
1.236866e+01
1.237219e+01
1.237571e+01
1.237924e+01
1.238277e+01
1.238629e+01
1.238982e+01
1.239335e+01
1.239687e+01
1.240040e+01
1.240393e+01
1.240745e+01
1.241098e+01
1.241451e+01
1.241803e+01
1.242156e+01
1.242509e+01
1.242862e+01
1.243214e+01
1.243567e+01
1.243920e+01
1.244272e+01
1.244625e+01
1.244978e+01
1.245330e+01
1.245683e+01
1.246036e+01
1.246388e+01
1.246741e+01
1.247094e+01
1.247446e+01
1.247799e+01
1.248152e+01
1.248505e+01
1.248857e+01
1.249210e+01
1.249563e+01
1.249915e+01
1.250268e+01
1.250621e+01
1.250973e+01
1.251326e+01
1.251679e+01
1.252031e+01
1.252384e+01
1.252737e+01
1.253089e+01
1.253442e+01
1.253795e+01
1.254147e+01
1.254500e+01
1.254853e+01
1.255205e+01
1.255558e+01
1.255911e+01
1.256264e+01
1.256616e+01
1.256969e+01
1.257322e+01
1.257674e+01
1.258027e+01
1.258380e+01
1.258732e+01
1.259085e+01
1.259438e+01
1.259790e+01
1.260143e+01
1.260496e+01
1.260848e+01
1.261201e+01
1.261554e+01
1.261906e+01
1.262259e+01
1.262612e+01
1.262964e+01
1.263317e+01
1.263670e+01
1.264023e+01
1.264375e+01
1.264728e+01
1.265081e+01
1.265433e+01
1.265786e+01
1.266139e+01
1.266491e+01
1.266844e+01
1.267197e+01
1.267549e+01
1.267902e+01
1.268255e+01
1.268607e+01
1.268960e+01
1.269313e+01
1.269666e+01
1.270018e+01
1.270371e+01
1.270724e+01
1.271076e+01
1.271429e+01
1.271782e+01
1.272134e+01
1.272487e+01
1.272840e+01
1.273192e+01
1.273545e+01
1.273898e+01
1.274250e+01
1.274603e+01
1.274956e+01
1.275308e+01
1.275661e+01
1.276014e+01
1.276366e+01
1.276719e+01
1.277072e+01
1.277425e+01
1.277777e+01
1.278130e+01
1.278483e+01
1.278835e+01
1.279188e+01
1.279541e+01
1.279893e+01
1.280246e+01
1.280599e+01
1.280951e+01
1.281304e+01
1.281657e+01
1.282009e+01
1.282362e+01
1.282715e+01
1.283068e+01
1.283420e+01
1.283773e+01
1.284126e+01
1.284478e+01
1.284831e+01
1.285184e+01
1.285536e+01
1.285889e+01
1.286242e+01
1.286594e+01
1.286947e+01
1.287300e+01
1.287652e+01
1.288005e+01
1.288358e+01
1.288710e+01
1.289063e+01
1.289416e+01
1.289768e+01
1.290121e+01
1.290474e+01
1.290827e+01
1.291179e+01
1.291532e+01
1.291885e+01
1.292237e+01
1.292590e+01
1.292943e+01
1.293295e+01
1.293648e+01
1.294001e+01
1.294353e+01
1.294706e+01
1.295059e+01
1.295411e+01
1.295764e+01
1.296117e+01
1.296470e+01
1.296822e+01
1.297175e+01
1.297528e+01
1.297880e+01
1.298233e+01
1.298586e+01
1.298938e+01
1.299291e+01
1.299644e+01
1.299996e+01
1.300349e+01
1.300702e+01
1.301054e+01
1.301407e+01
1.301760e+01
1.302112e+01
1.302465e+01
1.302818e+01
1.303170e+01
1.303523e+01
1.303876e+01
1.304229e+01
1.304581e+01
1.304934e+01
1.305287e+01
1.305639e+01
1.305992e+01
1.306345e+01
1.306697e+01
1.307050e+01
1.307403e+01
1.307755e+01
1.308108e+01
1.308461e+01
1.308813e+01
1.309166e+01
1.309519e+01
1.309871e+01
1.310224e+01
1.310577e+01
1.310930e+01
1.311282e+01
1.311635e+01
1.311988e+01
1.312340e+01
1.312693e+01
1.313046e+01
1.313398e+01
1.313751e+01
1.314104e+01
1.314456e+01
1.314809e+01
1.315162e+01
1.315514e+01
1.315867e+01
1.316220e+01
1.316572e+01
1.316925e+01
1.317278e+01
1.317631e+01
1.317983e+01
1.318336e+01
1.318689e+01
1.319041e+01
1.319394e+01
1.319747e+01
1.320099e+01
1.320452e+01
1.320805e+01
1.321157e+01
1.321510e+01
1.321863e+01
1.322215e+01
1.322568e+01
1.322921e+01
1.323273e+01
1.323626e+01
1.323979e+01
1.324332e+01
1.324684e+01
1.325037e+01
1.325390e+01
1.325742e+01
1.326095e+01
1.326448e+01
1.326800e+01
1.327153e+01
1.327506e+01
1.327858e+01
1.328211e+01
1.328564e+01
1.328916e+01
1.329269e+01
1.329622e+01
1.329974e+01
1.330327e+01
1.330680e+01
1.331033e+01
1.331385e+01
1.331738e+01
1.332091e+01
1.332443e+01
1.332796e+01
1.333149e+01
1.333501e+01
1.333854e+01
1.334207e+01
1.334559e+01
1.334912e+01
1.335265e+01
1.335617e+01
1.335970e+01
1.336323e+01
1.336675e+01
1.337028e+01
1.337381e+01
1.337734e+01
1.338086e+01
1.338439e+01
1.338792e+01
1.339144e+01
1.339497e+01
1.339850e+01
1.340202e+01
1.340555e+01
1.340908e+01
1.341260e+01
1.341613e+01
1.341966e+01
1.342318e+01
1.342671e+01
1.343024e+01
1.343376e+01
1.343729e+01
1.344082e+01
1.344435e+01
1.344787e+01
1.345140e+01
1.345493e+01
1.345845e+01
1.346198e+01
1.346551e+01
1.346903e+01
1.347256e+01
1.347609e+01
1.347961e+01
1.348314e+01
1.348667e+01
1.349019e+01
1.349372e+01
1.349725e+01
1.350077e+01
1.350430e+01
1.350783e+01
1.351136e+01
1.351488e+01
1.351841e+01
1.352194e+01
1.352546e+01
1.352899e+01
1.353252e+01
1.353604e+01
1.353957e+01
1.354310e+01
1.354662e+01
1.355015e+01
1.355368e+01
1.355720e+01
1.356073e+01
1.356426e+01
1.356778e+01
1.357131e+01
1.357484e+01
1.357836e+01
1.358189e+01
1.358542e+01
1.358895e+01
1.359247e+01
1.359600e+01
1.359953e+01
1.360305e+01
1.360658e+01
1.361011e+01
1.361363e+01
1.361716e+01
1.362069e+01
1.362421e+01
1.362774e+01
1.363127e+01
1.363479e+01
1.363832e+01
1.364185e+01
1.364538e+01
1.364890e+01
1.365243e+01
1.365596e+01
1.365948e+01
1.366301e+01
1.366654e+01
1.367006e+01
1.367359e+01
1.367712e+01
1.368064e+01
1.368417e+01
1.368770e+01
1.369122e+01
1.369475e+01
1.369828e+01
1.370180e+01
1.370533e+01
1.370886e+01
1.371238e+01
1.371591e+01
1.371944e+01
1.372297e+01
1.372649e+01
1.373002e+01
1.373355e+01
1.373707e+01
1.374060e+01
1.374413e+01
1.374765e+01
1.375118e+01
1.375471e+01
1.375823e+01
1.376176e+01
1.376529e+01
1.376881e+01
1.377234e+01
1.377587e+01
1.377940e+01
1.378292e+01
1.378645e+01
1.378998e+01
1.379350e+01
1.379703e+01
1.380056e+01
1.380408e+01
1.380761e+01
1.381114e+01
1.381466e+01
1.381819e+01
1.382172e+01
1.382524e+01
1.382877e+01
1.383230e+01
1.383582e+01
1.383935e+01
1.384288e+01
1.384640e+01
1.384993e+01
1.385346e+01
1.385699e+01
1.386051e+01
1.386404e+01
1.386757e+01
1.387109e+01
1.387462e+01
1.387815e+01
1.388167e+01
1.388520e+01
1.388873e+01
1.389225e+01
1.389578e+01
1.389931e+01
1.390283e+01
1.390636e+01
1.390989e+01
1.391342e+01
1.391694e+01
1.392047e+01
1.392399e+01
1.392752e+01
1.393105e+01
1.393458e+01
1.393810e+01
1.394163e+01
1.394516e+01
1.394868e+01
1.395221e+01
1.395574e+01
1.395926e+01
1.396279e+01
1.396632e+01
1.396984e+01
1.397337e+01
1.397690e+01
1.398042e+01
1.398395e+01
1.398748e+01
1.399101e+01
1.399453e+01
1.399806e+01
1.400159e+01
1.400511e+01
1.400864e+01
1.401217e+01
1.401569e+01
1.401922e+01
1.402275e+01
1.402627e+01
1.402980e+01
1.403333e+01
1.403685e+01
