5.800000e-01
5.803331e-01
5.806669e-01
5.810000e-01
5.813331e-01
5.816669e-01
5.820000e-01
5.823331e-01
5.826669e-01
5.830000e-01
5.833331e-01
5.836669e-01
5.840000e-01
5.843331e-01
5.846669e-01
5.850000e-01
5.853331e-01
5.856669e-01
5.860000e-01
5.863331e-01
5.866669e-01
5.870000e-01
5.873331e-01
5.876669e-01
5.880000e-01
5.883331e-01
5.886669e-01
5.890000e-01
5.893331e-01
5.896669e-01
5.900000e-01
5.900000e-01
5.900000e-01
5.900000e-01
5.900000e-01
5.900000e-01
5.900000e-01
5.900000e-01
5.900000e-01
5.900000e-01
5.900000e-01
5.900000e-01
5.900000e-01
5.900000e-01
5.900000e-01
5.900000e-01
5.900000e-01
5.900000e-01
5.900000e-01
5.900000e-01
5.900000e-01
5.902417e-01
5.904833e-01
5.907250e-01
5.909667e-01
5.912083e-01
5.914500e-01
5.916917e-01
5.919333e-01
5.921750e-01
5.924167e-01
5.926583e-01
5.929000e-01
5.931417e-01
5.933833e-01
5.936250e-01
5.938667e-01
5.941083e-01
5.943500e-01
5.945002e-01
5.948333e-01
5.951665e-01
5.955002e-01
5.958333e-01
5.961665e-01
5.965002e-01
5.968333e-01
5.971665e-01
5.975002e-01
5.978333e-01
5.981665e-01
5.985002e-01
5.988333e-01
5.991665e-01
5.995002e-01
5.998333e-01
6.001665e-01
6.005002e-01
6.008333e-01
6.011665e-01
6.015002e-01
6.018333e-01
6.021665e-01
6.025002e-01
6.028333e-01
6.031665e-01
6.035002e-01
6.038333e-01
6.041665e-01
6.045002e-01
6.048333e-01
6.050267e-01
6.052200e-01
6.054133e-01
6.056067e-01
6.058000e-01
6.059933e-01
6.061867e-01
6.063800e-01
6.065733e-01
6.067667e-01
6.069600e-01
6.071533e-01
6.073467e-01
6.075400e-01
6.077333e-01
6.079267e-01
6.081200e-01
6.083133e-01
6.085067e-01
6.087000e-01
6.088933e-01
6.090867e-01
6.092800e-01
6.094733e-01
6.096667e-01
6.098600e-01
6.100533e-01
6.102467e-01
6.104400e-01
6.106333e-01
6.108267e-01
6.110200e-01
6.112133e-01
6.114067e-01
6.116000e-01
6.117933e-01
6.119867e-01
6.121800e-01
6.123733e-01
6.125667e-01
6.127600e-01
6.129533e-01
6.131467e-01
6.133400e-01
6.135333e-01
6.137267e-01
6.139200e-01
6.141133e-01
6.143067e-01
6.145000e-01
6.148033e-01
6.151067e-01
6.154100e-01
6.157133e-01
6.160167e-01
6.163200e-01
6.166233e-01
6.169267e-01
6.172300e-01
6.175333e-01
6.178367e-01
6.181400e-01
6.184433e-01
6.187467e-01
6.190500e-01
6.193533e-01
6.196567e-01
6.199600e-01
6.202633e-01
6.205667e-01
6.208700e-01
6.211733e-01
6.214767e-01
6.217800e-01
6.220833e-01
6.223867e-01
6.226900e-01
6.229933e-01
6.232967e-01
6.236000e-01
6.239033e-01
6.242067e-01
6.245100e-01
6.248133e-01
6.251167e-01
6.254200e-01
6.257233e-01
6.260267e-01
6.263300e-01
6.266333e-01
6.269367e-01
6.272400e-01
6.275433e-01
6.278467e-01
6.281500e-01
6.284533e-01
6.287567e-01
6.290600e-01
6.293633e-01
6.296667e-01
6.318017e-01
6.339367e-01
6.360717e-01
6.382067e-01
6.403417e-01
6.424767e-01
6.446117e-01
6.467467e-01
6.488817e-01
6.510167e-01
6.531517e-01
6.552867e-01
6.574217e-01
6.595567e-01
6.616917e-01
6.638267e-01
6.659617e-01
6.680967e-01
6.702317e-01
6.723667e-01
6.745017e-01
6.766367e-01
6.787717e-01
6.809067e-01
6.830417e-01
6.851767e-01
6.873117e-01
6.894467e-01
6.915817e-01
6.937167e-01
6.958517e-01
6.979867e-01
7.001217e-01
7.022567e-01
7.043917e-01
7.065267e-01
7.086617e-01
7.107967e-01
7.129317e-01
7.150667e-01
7.172017e-01
7.193367e-01
7.214717e-01
7.236067e-01
7.257417e-01
7.278767e-01
7.300117e-01
7.321467e-01
7.342817e-01
7.364167e-01
7.385517e-01
7.406867e-01
7.428217e-01
7.449567e-01
7.470917e-01
7.492267e-01
7.513617e-01
7.534967e-01
7.556317e-01
7.577667e-01
7.599017e-01
7.620367e-01
7.641717e-01
7.663067e-01
7.684417e-01
7.705767e-01
7.727117e-01
7.748467e-01
7.769817e-01
7.791167e-01
7.812517e-01
7.833867e-01
7.855217e-01
7.876567e-01
7.897917e-01
7.919267e-01
7.940617e-01
7.961967e-01
7.983317e-01
8.004667e-01
8.026017e-01
8.047367e-01
8.068717e-01
8.090067e-01
8.111417e-01
8.132767e-01
8.154117e-01
8.175467e-01
8.196817e-01
8.218167e-01
8.239517e-01
8.260867e-01
8.282217e-01
8.303567e-01
8.324917e-01
8.346267e-01
8.367617e-01
8.388967e-01
8.410317e-01
8.431667e-01
8.441767e-01
8.451867e-01
8.461967e-01
8.472067e-01
8.482167e-01
8.492267e-01
8.502367e-01
8.512467e-01
8.522567e-01
8.532667e-01
8.542767e-01
8.552867e-01
8.562967e-01
8.573067e-01
8.583167e-01
8.593267e-01
8.603367e-01
8.613467e-01
8.623567e-01
8.633667e-01
8.643767e-01
8.653867e-01
8.663967e-01
8.674067e-01
8.684167e-01
8.694267e-01
8.704367e-01
8.714467e-01
8.724567e-01
8.734667e-01
8.744767e-01
8.754867e-01
8.764967e-01
8.775067e-01
8.785167e-01
8.795267e-01
8.805367e-01
8.815467e-01
8.825567e-01
8.835667e-01
8.845767e-01
8.855867e-01
8.865967e-01
8.876067e-01
8.886167e-01
8.896267e-01
8.906367e-01
8.916467e-01
8.926567e-01
8.936667e-01
8.946767e-01
8.956867e-01
8.966967e-01
8.977067e-01
8.987167e-01
8.997267e-01
9.007367e-01
9.017467e-01
9.027567e-01
9.037667e-01
9.047767e-01
9.057867e-01
9.067967e-01
9.078067e-01
9.088167e-01
9.098267e-01
9.108367e-01
9.118467e-01
9.128567e-01
9.138667e-01
9.148767e-01
9.158867e-01
9.168967e-01
9.179067e-01
9.189167e-01
9.199267e-01
9.209367e-01
9.219467e-01
9.229567e-01
9.239667e-01
9.249767e-01
9.259867e-01
9.269967e-01
9.280067e-01
9.290167e-01
9.300267e-01
9.310367e-01
9.320467e-01
9.330567e-01
9.340667e-01
9.350767e-01
9.360867e-01
9.370967e-01
9.381067e-01
9.391167e-01
9.401267e-01
9.411367e-01
9.421467e-01
9.431567e-01
9.441667e-01
9.448925e-01
9.456183e-01
9.463442e-01
9.470700e-01
9.477958e-01
9.485217e-01
9.492475e-01
9.499733e-01
9.506992e-01
9.514250e-01
9.521508e-01
9.528767e-01
9.536025e-01
9.543283e-01
9.550542e-01
9.557800e-01
9.565058e-01
9.572317e-01
9.579575e-01
9.586833e-01
9.594092e-01
9.601350e-01
9.608608e-01
9.615867e-01
9.623125e-01
9.630383e-01
9.637642e-01
9.644900e-01
9.652158e-01
9.659417e-01
9.666675e-01
9.673933e-01
9.681192e-01
9.688450e-01
9.695708e-01
9.702967e-01
9.710225e-01
9.717483e-01
9.724742e-01
9.732000e-01
9.739258e-01
9.746517e-01
9.753775e-01
9.761033e-01
9.768292e-01
9.775550e-01
9.782808e-01
9.790067e-01
9.797325e-01
9.804583e-01
9.811842e-01
9.819100e-01
9.826358e-01
9.833617e-01
9.840875e-01
9.848133e-01
9.855392e-01
9.862650e-01
9.869908e-01
9.877167e-01
9.884425e-01
9.891683e-01
9.898942e-01
9.906200e-01
9.913458e-01
9.920717e-01
9.927975e-01
9.935233e-01
9.942492e-01
9.949750e-01
9.957008e-01
9.964267e-01
9.971525e-01
9.978783e-01
9.986042e-01
9.993300e-01
1.000056e+00
1.000782e+00
1.001507e+00
1.002233e+00
1.002959e+00
1.003685e+00
1.004411e+00
1.005137e+00
1.005863e+00
1.006588e+00
1.007314e+00
1.008040e+00
1.008766e+00
1.009492e+00
1.010217e+00
1.010943e+00
1.011669e+00
1.012395e+00
1.013121e+00
1.013847e+00
1.014573e+00
1.015298e+00
1.016024e+00
1.016750e+00
1.017476e+00
1.018202e+00
1.018927e+00
1.019653e+00
1.020379e+00
1.021105e+00
1.021831e+00
1.022557e+00
1.023282e+00
1.024008e+00
1.024734e+00
1.025460e+00
1.026186e+00
1.026912e+00
1.027637e+00
1.028363e+00
1.029089e+00
1.029815e+00
1.030541e+00
1.031267e+00
1.031993e+00
1.032718e+00
1.033444e+00
1.034170e+00
1.034896e+00
1.035622e+00
1.036347e+00
1.037073e+00
1.037799e+00
1.038525e+00
1.039251e+00
1.039977e+00
1.040702e+00
1.041428e+00
1.042154e+00
1.042880e+00
1.043606e+00
1.044332e+00
1.045057e+00
1.045783e+00
1.046509e+00
1.047235e+00
1.047961e+00
1.048687e+00
1.049413e+00
1.050138e+00
1.050864e+00
1.051590e+00
1.052316e+00
1.053042e+00
1.053767e+00
1.054493e+00
1.055219e+00
1.055945e+00
1.056671e+00
1.057397e+00
1.058123e+00
1.058848e+00
1.059574e+00
1.060300e+00
1.061026e+00
1.061752e+00
1.062477e+00
1.063203e+00
1.063929e+00
1.064655e+00
1.065381e+00
1.066107e+00
1.066833e+00
1.067558e+00
1.068284e+00
1.069010e+00
1.069736e+00
1.070462e+00
1.071187e+00
1.071913e+00
1.072639e+00
1.073365e+00
1.074091e+00
1.074817e+00
1.075543e+00
1.076268e+00
1.076994e+00
1.077720e+00
1.078446e+00
1.079172e+00
1.079897e+00
1.080623e+00
1.081349e+00
1.082075e+00
1.082801e+00
1.083527e+00
1.084253e+00
1.084978e+00
1.085704e+00
1.086430e+00
1.087156e+00
1.087882e+00
1.088607e+00
1.089333e+00
1.090182e+00
1.091030e+00
1.091878e+00
1.092727e+00
1.093575e+00
1.094423e+00
1.095272e+00
1.096120e+00
1.096968e+00
1.097817e+00
1.098665e+00
1.099513e+00
1.100362e+00
1.101210e+00
1.102058e+00
1.102907e+00
1.103755e+00
1.104603e+00
1.105452e+00
1.106300e+00
1.107148e+00
1.107997e+00
1.108845e+00
1.109693e+00
1.110542e+00
1.111390e+00
1.112238e+00
1.113087e+00
1.113935e+00
1.114783e+00
1.115632e+00
1.116480e+00
1.117328e+00
1.118177e+00
1.119025e+00
1.119873e+00
1.120722e+00
1.121570e+00
1.122418e+00
1.123267e+00
1.124115e+00
1.124963e+00
1.125812e+00
1.126660e+00
1.127508e+00
1.128357e+00
1.129205e+00
1.130053e+00
1.130902e+00
1.131750e+00
1.132598e+00
1.133447e+00
1.134295e+00
1.135143e+00
1.135992e+00
1.136840e+00
1.137688e+00
1.138537e+00
1.139385e+00
1.140233e+00
1.141082e+00
1.141930e+00
1.142778e+00
1.143627e+00
1.144475e+00
1.145323e+00
1.146172e+00
1.147020e+00
1.147868e+00
1.148717e+00
1.149565e+00
1.150413e+00
1.151262e+00
1.152110e+00
1.152958e+00
1.153807e+00
1.154655e+00
1.155503e+00
1.156352e+00
1.157200e+00
1.158048e+00
1.158897e+00
1.159745e+00
1.160593e+00
1.161442e+00
1.162290e+00
1.163138e+00
1.163987e+00
1.164835e+00
1.165683e+00
1.166532e+00
1.167380e+00
1.168228e+00
1.169077e+00
1.169925e+00
1.170773e+00
1.171622e+00
1.172470e+00
1.173318e+00
1.174167e+00
1.191794e+00
1.209421e+00
1.227048e+00
1.244675e+00
1.262302e+00
1.279929e+00
1.297556e+00
1.315183e+00
1.332809e+00
1.350436e+00
1.368063e+00
1.385690e+00
1.403317e+00
1.420944e+00
1.438571e+00
1.456198e+00
1.473825e+00
1.491452e+00
1.509079e+00
1.526706e+00
1.544333e+00
1.561960e+00
1.579587e+00
1.597214e+00
1.614841e+00
1.632468e+00
1.650094e+00
1.667721e+00
1.685348e+00
1.702975e+00
1.720602e+00
1.738229e+00
1.755856e+00
1.773483e+00
1.791110e+00
1.808737e+00
1.826364e+00
1.843991e+00
1.861618e+00
1.879245e+00
1.896872e+00
1.914499e+00
1.932126e+00
1.949753e+00
1.967379e+00
1.985006e+00
2.002633e+00
2.020260e+00
2.037887e+00
2.055514e+00
2.073141e+00
2.090768e+00
2.108395e+00
2.126022e+00
2.143649e+00
2.161276e+00
2.178903e+00
2.196530e+00
2.214157e+00
2.231784e+00
2.249411e+00
2.267037e+00
2.284664e+00
2.302291e+00
2.319918e+00
2.337545e+00
2.355172e+00
2.372799e+00
2.390426e+00
2.408053e+00
2.425680e+00
2.443307e+00
2.460934e+00
2.478561e+00
2.496188e+00
2.513815e+00
2.531442e+00
2.549069e+00
2.566696e+00
2.584322e+00
2.601949e+00
2.619576e+00
2.637203e+00
2.654830e+00
2.672457e+00
2.690084e+00
2.707711e+00
2.725338e+00
2.742965e+00
2.760592e+00
2.778219e+00
2.795846e+00
2.813473e+00
2.831100e+00
2.848727e+00
2.866354e+00
2.883981e+00
2.901607e+00
2.919234e+00
2.936861e+00
2.954488e+00
2.972115e+00
2.989742e+00
3.007369e+00
3.024996e+00
3.042623e+00
3.060250e+00
3.077877e+00
3.095504e+00
3.113131e+00
3.130758e+00
3.148385e+00
3.166012e+00
3.183639e+00
3.201266e+00
3.218892e+00
3.236519e+00
3.254146e+00
3.271773e+00
3.289400e+00
3.307027e+00
3.324654e+00
3.342281e+00
3.359908e+00
3.377535e+00
3.395162e+00
3.412789e+00
3.430416e+00
3.448043e+00
3.465670e+00
3.483297e+00
3.500924e+00
3.518550e+00
3.536177e+00
3.553804e+00
3.571431e+00
3.589058e+00
3.606685e+00
3.624312e+00
3.641939e+00
3.659566e+00
3.677193e+00
3.694820e+00
3.712447e+00
3.730074e+00
3.747701e+00
3.765328e+00
3.782955e+00
3.800582e+00
3.818209e+00
3.835835e+00
3.853462e+00
3.871089e+00
3.888716e+00
3.906343e+00
3.923970e+00
3.941597e+00
3.959224e+00
3.976851e+00
3.994478e+00
4.012105e+00
4.029732e+00
4.047359e+00
4.064986e+00
4.082613e+00
4.100240e+00
4.117867e+00
4.135494e+00
4.153120e+00
4.170747e+00
4.188374e+00
4.206001e+00
4.223628e+00
4.241255e+00
4.258882e+00
4.276509e+00
4.294136e+00
4.311763e+00
4.329390e+00
4.347017e+00
4.364644e+00
4.382271e+00
4.399898e+00
4.417525e+00
4.435152e+00
4.452778e+00
4.470405e+00
4.488032e+00
4.505659e+00
4.523286e+00
4.540913e+00
4.558540e+00
4.576167e+00
4.593794e+00
4.611421e+00
4.629048e+00
4.646675e+00
4.664302e+00
4.681929e+00
4.699556e+00
4.717183e+00
4.734810e+00
4.752437e+00
4.770063e+00
4.787690e+00
4.805317e+00
4.822944e+00
4.840571e+00
4.858198e+00
4.875825e+00
4.893452e+00
4.911079e+00
4.928706e+00
4.946333e+00
4.963960e+00
4.981587e+00
4.999214e+00
5.016841e+00
5.034468e+00
5.052095e+00
5.069722e+00
5.087348e+00
5.104975e+00
5.122602e+00
5.140229e+00
5.157856e+00
5.175483e+00
5.193110e+00
5.210737e+00
5.228364e+00
5.245991e+00
5.263618e+00
5.281245e+00
5.298872e+00
5.316499e+00
5.334126e+00
5.351753e+00
5.369380e+00
5.387006e+00
5.404633e+00
5.422260e+00
5.439887e+00
5.457514e+00
5.475141e+00
5.492768e+00
5.510395e+00
5.528022e+00
5.545649e+00
5.563276e+00
5.580903e+00
5.598530e+00
5.616157e+00
5.633784e+00
5.651411e+00
5.669038e+00
5.686665e+00
5.704291e+00
5.721918e+00
5.739545e+00
5.757172e+00
5.774799e+00
5.792426e+00
5.810053e+00
5.827680e+00
5.845307e+00
5.862934e+00
5.880561e+00
5.898188e+00
5.915815e+00
5.933442e+00
5.951069e+00
5.968696e+00
5.986323e+00
6.003950e+00
6.021576e+00
6.039203e+00
6.056830e+00
6.074457e+00
6.092084e+00
6.109711e+00
6.127338e+00
6.144965e+00
6.162592e+00
6.180219e+00
6.197846e+00
6.215473e+00
6.233100e+00
6.250727e+00
6.268354e+00
6.285981e+00
6.303608e+00
6.321234e+00
6.338861e+00
6.356488e+00
6.374115e+00
6.391742e+00
6.409369e+00
6.426996e+00
6.444623e+00
6.462250e+00
6.479877e+00
6.497504e+00
6.515131e+00
6.532758e+00
6.550385e+00
6.568012e+00
6.585639e+00
6.603266e+00
6.620893e+00
6.638519e+00
6.656146e+00
6.673773e+00
6.691400e+00
6.709027e+00
6.726654e+00
6.744281e+00
6.761908e+00
6.779535e+00
6.797162e+00
6.814789e+00
6.832416e+00
6.850043e+00
6.867670e+00
6.885297e+00
6.902924e+00
6.920551e+00
6.938178e+00
6.955804e+00
6.973431e+00
6.991058e+00
7.008685e+00
7.026312e+00
7.043939e+00
7.061566e+00
7.079193e+00
7.096820e+00
7.114447e+00
7.132074e+00
7.149701e+00
7.167328e+00
7.184955e+00
7.202582e+00
7.220209e+00
7.237836e+00
7.255463e+00
7.273089e+00
7.290716e+00
7.308343e+00
7.325970e+00
7.343597e+00
7.361224e+00
7.378851e+00
7.396478e+00
7.414105e+00
7.431732e+00
7.449359e+00
7.466986e+00
7.484613e+00
7.502240e+00
7.519867e+00
7.537494e+00
7.555121e+00
7.572747e+00
7.590374e+00
7.608001e+00
7.625628e+00
7.643255e+00
7.660882e+00
7.678509e+00
7.696136e+00
7.713763e+00
7.731390e+00
7.749017e+00
7.766644e+00
7.784271e+00
7.801898e+00
7.819525e+00
7.837152e+00
7.854779e+00
7.872406e+00
7.890032e+00
7.907659e+00
7.925286e+00
7.942913e+00
7.960540e+00
7.978167e+00
7.995794e+00
8.013421e+00
8.031048e+00
8.048675e+00
8.066302e+00
8.083929e+00
8.101556e+00
8.119183e+00
8.136810e+00
8.154437e+00
8.172064e+00
8.189691e+00
8.207317e+00
8.224944e+00
8.242571e+00
8.260198e+00
8.277825e+00
8.295452e+00
8.313079e+00
8.330706e+00
8.348333e+00
8.355981e+00
8.363629e+00
8.371277e+00
8.378924e+00
8.386572e+00
8.394220e+00
8.401868e+00
8.409516e+00
8.417163e+00
8.424811e+00
8.432459e+00
8.440107e+00
8.447754e+00
8.455402e+00
8.463050e+00
8.470698e+00
8.478346e+00
8.485993e+00
8.493641e+00
8.501289e+00
8.508937e+00
8.516584e+00
8.524232e+00
8.531880e+00
8.539528e+00
8.547176e+00
8.554823e+00
8.562471e+00
8.570119e+00
8.577767e+00
8.585414e+00
8.593062e+00
8.600710e+00
8.608358e+00
8.616006e+00
8.623653e+00
8.631301e+00
8.638949e+00
8.646597e+00
8.654244e+00
8.661892e+00
8.669540e+00
8.677188e+00
8.684836e+00
8.692483e+00
8.700131e+00
8.707779e+00
8.715427e+00
8.723074e+00
8.730722e+00
8.738370e+00
8.746018e+00
8.753666e+00
8.761313e+00
8.768961e+00
8.776609e+00
8.784257e+00
8.791904e+00
8.799552e+00
8.807200e+00
8.814848e+00
8.822496e+00
8.830143e+00
8.837791e+00
8.845439e+00
8.853087e+00
8.860734e+00
8.868382e+00
8.876030e+00
8.883678e+00
8.891326e+00
8.898973e+00
8.906621e+00
8.914269e+00
8.921917e+00
8.929564e+00
8.937212e+00
8.944860e+00
8.952508e+00
8.960156e+00
8.967803e+00
8.975451e+00
8.983099e+00
8.990747e+00
8.998394e+00
9.006042e+00
9.013690e+00
9.021338e+00
9.028986e+00
9.036633e+00
9.044281e+00
9.051929e+00
9.059577e+00
9.067224e+00
9.074872e+00
9.082520e+00
9.090168e+00
9.097816e+00
9.105463e+00
9.113111e+00
9.120434e+00
9.127757e+00
9.135080e+00
9.142402e+00
9.149725e+00
9.157048e+00
9.164371e+00
9.171694e+00
9.179017e+00
9.186339e+00
9.193662e+00
9.200985e+00
9.208308e+00
9.215631e+00
9.222954e+00
9.230276e+00
9.237599e+00
9.244922e+00
9.252245e+00
9.259568e+00
9.266891e+00
9.274213e+00
9.281536e+00
9.288859e+00
9.296182e+00
9.303505e+00
9.310828e+00
9.318150e+00
9.325473e+00
9.332796e+00
9.340119e+00
9.347442e+00
9.354765e+00
9.362087e+00
9.369410e+00
9.376733e+00
9.384056e+00
9.391379e+00
9.398701e+00
9.406024e+00
9.413347e+00
9.420670e+00
9.427993e+00
9.435316e+00
9.442638e+00
9.449961e+00
9.457284e+00
9.464607e+00
9.471930e+00
9.479253e+00
9.486575e+00
9.493898e+00
9.501221e+00
9.508544e+00
9.515867e+00
9.523190e+00
9.530512e+00
9.537835e+00
9.545158e+00
9.552481e+00
9.559804e+00
9.567127e+00
9.574449e+00
9.581772e+00
9.589095e+00
9.596418e+00
9.603741e+00
9.611064e+00
9.618386e+00
9.625709e+00
9.633032e+00
9.640355e+00
9.647678e+00
9.655001e+00
9.662323e+00
9.669646e+00
9.676969e+00
9.684292e+00
9.691615e+00
9.698938e+00
9.706260e+00
9.713583e+00
9.720906e+00
9.728229e+00
9.735552e+00
9.742875e+00
9.750197e+00
9.757520e+00
9.764843e+00
9.772166e+00
9.779489e+00
9.786812e+00
9.794134e+00
9.801457e+00
9.808780e+00
9.816103e+00
9.823426e+00
9.830748e+00
9.838071e+00
9.845394e+00
9.852717e+00
9.860040e+00
9.867363e+00
9.874685e+00
9.882008e+00
9.889331e+00
9.896654e+00
9.903977e+00
9.911300e+00
9.918622e+00
9.925945e+00
9.933268e+00
9.940591e+00
9.947914e+00
9.955237e+00
9.962559e+00
9.969882e+00
9.977205e+00
9.984528e+00
9.991851e+00
9.999174e+00
1.000650e+01
1.001382e+01
1.002114e+01
1.002846e+01
1.003579e+01
1.004311e+01
1.005043e+01
1.005776e+01
1.006508e+01
1.007240e+01
1.007972e+01
1.008705e+01
1.009437e+01
1.010169e+01
1.010902e+01
1.011634e+01
1.012366e+01
1.013098e+01
1.013831e+01
1.014563e+01
1.015295e+01
1.016028e+01
1.016760e+01
1.017492e+01
1.018224e+01
1.018957e+01
1.019689e+01
1.020421e+01
1.021154e+01
1.021886e+01
1.022618e+01
1.023350e+01
1.024083e+01
1.024815e+01
1.025547e+01
1.026280e+01
1.027012e+01
1.027744e+01
1.028476e+01
1.029209e+01
1.029941e+01
1.030673e+01
1.031406e+01
1.032138e+01
1.032870e+01
1.033602e+01
1.034335e+01
1.035067e+01
1.035799e+01
1.036532e+01
1.037264e+01
1.037996e+01
1.038728e+01
1.039461e+01
1.040193e+01
1.040925e+01
1.041658e+01
1.042390e+01
1.043122e+01
1.043854e+01
1.044587e+01
1.045319e+01
1.046051e+01
1.046783e+01
1.047516e+01
1.048248e+01
1.048980e+01
1.049713e+01
1.050445e+01
1.051177e+01
1.051909e+01
1.052642e+01
1.053374e+01
1.054106e+01
1.054839e+01
1.055571e+01
1.056303e+01
1.057035e+01
1.057768e+01
1.058500e+01
1.059257e+01
1.060013e+01
1.060770e+01
1.061527e+01
1.062284e+01
1.063040e+01
1.063797e+01
1.064554e+01
1.065311e+01
1.066067e+01
1.066824e+01
1.067581e+01
1.068338e+01
1.069094e+01
1.069851e+01
1.070608e+01
1.071364e+01
1.072121e+01
1.072878e+01
1.073635e+01
1.074391e+01
1.075148e+01
1.075905e+01
1.076662e+01
1.077418e+01
1.078175e+01
1.078932e+01
1.079689e+01
1.080445e+01
1.081202e+01
1.081959e+01
1.082715e+01
1.083472e+01
1.084229e+01
1.084986e+01
1.085742e+01
1.086499e+01
1.087256e+01
1.088013e+01
1.088769e+01
1.089526e+01
1.090283e+01
1.091040e+01
1.091796e+01
1.092553e+01
1.093310e+01
1.094066e+01
1.094823e+01
1.095580e+01
1.096337e+01
1.097093e+01
1.097850e+01
1.098607e+01
1.099364e+01
1.100120e+01
1.100877e+01
1.101634e+01
1.102391e+01
1.103147e+01
1.103904e+01
1.104661e+01
1.105417e+01
1.106174e+01
1.106931e+01
1.107688e+01
1.108444e+01
1.109201e+01
1.109958e+01
1.110715e+01
1.111471e+01
1.112228e+01
1.112985e+01
1.113741e+01
1.114498e+01
1.115255e+01
1.116012e+01
1.116768e+01
1.117525e+01
1.118282e+01
1.119039e+01
1.119795e+01
1.120552e+01
1.121309e+01
1.122066e+01
1.122822e+01
1.123579e+01
1.124336e+01
1.125092e+01
1.125849e+01
1.126606e+01
1.127363e+01
1.128119e+01
1.128876e+01
1.129633e+01
1.130390e+01
1.131146e+01
1.131903e+01
1.132660e+01
1.133417e+01
1.134173e+01
1.134930e+01
1.135687e+01
1.136443e+01
1.137200e+01
1.137957e+01
1.138714e+01
1.139470e+01
1.140227e+01
1.140984e+01
1.141741e+01
1.142497e+01
1.143254e+01
1.144011e+01
1.144768e+01
1.145524e+01
1.146281e+01
1.147038e+01
1.147794e+01
1.148551e+01
1.149308e+01
1.150065e+01
1.150821e+01
1.151578e+01
1.152335e+01
1.153092e+01
1.153848e+01
1.154605e+01
1.155362e+01
1.156119e+01
1.156875e+01
1.157632e+01
1.158389e+01
1.159145e+01
1.159902e+01
1.160659e+01
1.161416e+01
1.162172e+01
1.162929e+01
1.163686e+01
1.164443e+01
1.165199e+01
1.165956e+01
1.166713e+01
1.167470e+01
1.168226e+01
1.168983e+01
1.169740e+01
1.170496e+01
1.171253e+01
1.172010e+01
1.172767e+01
1.173523e+01
1.174280e+01
1.175037e+01
1.175794e+01
1.176550e+01
1.177307e+01
1.178064e+01
1.178821e+01
1.179577e+01
1.180334e+01
1.181091e+01
1.181847e+01
1.182604e+01
1.183361e+01
1.184118e+01
1.184874e+01
1.185631e+01
1.186388e+01
1.187145e+01
1.187901e+01
1.188658e+01
1.189415e+01
1.190172e+01
1.190928e+01
1.191685e+01
1.192442e+01
1.193198e+01
1.193955e+01
1.194712e+01
1.195469e+01
1.196225e+01
1.196982e+01
1.197739e+01
1.198496e+01
1.199252e+01
1.200009e+01
1.200766e+01
1.201523e+01
1.202279e+01
1.203036e+01
1.203793e+01
1.204549e+01
1.205306e+01
1.206063e+01
1.206820e+01
1.207576e+01
1.208333e+01
1.209090e+01
1.209847e+01
1.210603e+01
1.211360e+01
1.212117e+01
1.212874e+01
1.213630e+01
1.214387e+01
1.215144e+01
1.215900e+01
1.216657e+01
1.217414e+01
1.218171e+01
1.218927e+01
1.219684e+01
1.220441e+01
1.221198e+01
1.221954e+01
1.222711e+01
1.223468e+01
1.224225e+01
1.224981e+01
1.225738e+01
1.226495e+01
1.227251e+01
1.228008e+01
1.228765e+01
1.229522e+01
1.230278e+01
1.231035e+01
1.231792e+01
1.232549e+01
1.233305e+01
1.234062e+01
1.234819e+01
1.235575e+01
1.236332e+01
1.237089e+01
1.237846e+01
1.238602e+01
1.239359e+01
1.240116e+01
1.240873e+01
1.241629e+01
1.242386e+01
1.243143e+01
1.243900e+01
1.244656e+01
1.245413e+01
1.246170e+01
1.246926e+01
1.247683e+01
1.248440e+01
1.249197e+01
1.249953e+01
1.250710e+01
1.251467e+01
1.252224e+01
1.252980e+01
1.253737e+01
1.254494e+01
1.255251e+01
1.256007e+01
1.256764e+01
1.257521e+01
1.258277e+01
1.259034e+01
1.259791e+01
1.260548e+01
1.261304e+01
1.262061e+01
1.262818e+01
1.263575e+01
1.264331e+01
1.265088e+01
1.265845e+01
1.266602e+01
1.267358e+01
1.268115e+01
1.268872e+01
1.269628e+01
1.270385e+01
1.271142e+01
1.271899e+01
1.272655e+01
1.273412e+01
1.274169e+01
1.274926e+01
1.275682e+01
1.276439e+01
1.277196e+01
1.277953e+01
1.278709e+01
1.279466e+01
1.280223e+01
1.280979e+01
1.281736e+01
1.282493e+01
1.283250e+01
1.284006e+01
1.284763e+01
1.285520e+01
1.286277e+01
1.287033e+01
1.287811e+01
1.288588e+01
1.289365e+01
1.290142e+01
1.290919e+01
1.291696e+01
1.292474e+01
1.293251e+01
1.294028e+01
1.294805e+01
1.295582e+01
1.296359e+01
1.297137e+01
1.297914e+01
1.298691e+01
1.299468e+01
1.300245e+01
1.301022e+01
1.301800e+01
1.302577e+01
1.303354e+01
1.304131e+01
1.304908e+01
1.305685e+01
1.306463e+01
1.307240e+01
1.308017e+01
1.308794e+01
1.309571e+01
1.310348e+01
1.311126e+01
1.311903e+01
1.312680e+01
1.313457e+01
1.314234e+01
1.315011e+01
1.315789e+01
1.316566e+01
1.317343e+01
1.318120e+01
1.318897e+01
1.319674e+01
1.320452e+01
1.321229e+01
1.322006e+01
1.322783e+01
1.323560e+01
1.324337e+01
1.325115e+01
1.325892e+01
1.326669e+01
1.327446e+01
1.328223e+01
1.329000e+01
1.329778e+01
1.330555e+01
1.331332e+01
1.332109e+01
1.332886e+01
1.333664e+01
1.334441e+01
1.335218e+01
1.335995e+01
1.336772e+01
1.337549e+01
1.338327e+01
1.339104e+01
1.339881e+01
1.340658e+01
1.341435e+01
1.342212e+01
1.342990e+01
1.343767e+01
1.344544e+01
1.345321e+01
1.346098e+01
1.346875e+01
1.347653e+01
1.348430e+01
1.349207e+01
1.349984e+01
1.350761e+01
1.351538e+01
1.352316e+01
1.353093e+01
1.353870e+01
1.354647e+01
1.355424e+01
1.356201e+01
1.356979e+01
1.357756e+01
1.358533e+01
1.359310e+01
1.360087e+01
1.360864e+01
1.361642e+01
1.362419e+01
1.363196e+01
1.363973e+01
1.364750e+01
1.365527e+01
1.366305e+01
1.367082e+01
1.367859e+01
1.368636e+01
1.369413e+01
1.370191e+01
1.370968e+01
1.371745e+01
1.372522e+01
1.373299e+01
1.374076e+01
1.374854e+01
1.375631e+01
1.376408e+01
1.377185e+01
1.377962e+01
1.378739e+01
1.379517e+01
1.380294e+01
1.381071e+01
1.381848e+01
1.382625e+01
1.383402e+01
1.384180e+01
1.384957e+01
1.385734e+01
1.386511e+01
1.387288e+01
1.388065e+01
1.388843e+01
1.389620e+01
1.390397e+01
1.391174e+01
1.391951e+01
1.392728e+01
1.393506e+01
1.394283e+01
1.395060e+01
1.395837e+01
1.396614e+01
1.397391e+01
1.398169e+01
1.398946e+01
1.399723e+01
1.400500e+01
1.401277e+01
1.402054e+01
1.402832e+01
1.403609e+01
1.404386e+01
1.405163e+01
1.405940e+01
1.406717e+01
1.407495e+01
1.408272e+01
1.409049e+01
1.409826e+01
1.410603e+01
1.411380e+01
1.412158e+01
1.412935e+01
1.413712e+01
1.414489e+01
1.415266e+01
1.416044e+01
1.416821e+01
1.417598e+01
1.418375e+01
1.419152e+01
1.419929e+01
1.420707e+01
1.421484e+01
1.422261e+01
1.423038e+01
1.423815e+01
1.424592e+01
1.425370e+01
1.426147e+01
1.426924e+01
1.427701e+01
1.428478e+01
1.429255e+01
1.430033e+01
1.430810e+01
1.431587e+01
1.432364e+01
1.433141e+01
1.433918e+01
1.434696e+01
1.435473e+01
1.436250e+01
1.437027e+01
1.437804e+01
1.438581e+01
1.439359e+01
1.440136e+01
1.440913e+01
1.441690e+01
1.442467e+01
1.443244e+01
1.444026e+01
1.444808e+01
1.445590e+01
1.446372e+01
1.447154e+01
1.447936e+01
1.448718e+01
1.449500e+01
1.450282e+01
1.451064e+01
1.451846e+01
1.452628e+01
1.453410e+01
1.454192e+01
1.454974e+01
1.455756e+01
1.456538e+01
1.457320e+01
1.458102e+01
1.458884e+01
1.459666e+01
1.460448e+01
1.461230e+01
1.462012e+01
1.462794e+01
1.463576e+01
1.464358e+01
1.465140e+01
1.465922e+01
1.466704e+01
1.467486e+01
1.468268e+01
1.469050e+01
1.469832e+01
1.470614e+01
1.471396e+01
1.472178e+01
1.472960e+01
1.473742e+01
1.474524e+01
1.475306e+01
1.476088e+01
1.476870e+01
1.477652e+01
1.478433e+01
1.479215e+01
1.479997e+01
1.480779e+01
1.481561e+01
1.482343e+01
1.483125e+01
1.483907e+01
1.484689e+01
1.485471e+01
1.486253e+01
1.487035e+01
1.487817e+01
1.488599e+01
1.489381e+01
1.490163e+01
1.490945e+01
1.491727e+01
1.492509e+01
1.493291e+01
1.494073e+01
1.494855e+01
1.495637e+01
1.496419e+01
1.497201e+01
1.497983e+01
1.498765e+01
1.499547e+01
1.500329e+01
1.501111e+01
1.501893e+01
1.502675e+01
1.503457e+01
1.504239e+01
1.505021e+01
1.505803e+01
1.506585e+01
1.507367e+01
1.508149e+01
1.508931e+01
1.509713e+01
1.510495e+01
1.511277e+01
1.512059e+01
1.512841e+01
1.513623e+01
1.514405e+01
1.515186e+01
1.515968e+01
1.516750e+01
1.517532e+01
1.518314e+01
1.519096e+01
1.519878e+01
1.520660e+01
1.521442e+01
1.522224e+01
1.523006e+01
1.523788e+01
1.524570e+01
1.525352e+01
1.526134e+01
1.526916e+01
1.527698e+01
1.528480e+01
1.529262e+01
1.530044e+01
1.530826e+01
1.531608e+01
1.532390e+01
1.533172e+01
1.533954e+01
1.534736e+01
1.535518e+01
1.536300e+01
1.537082e+01
1.537864e+01
1.538646e+01
1.539428e+01
1.540210e+01
1.540992e+01
1.541774e+01
1.542556e+01
1.543338e+01
1.544120e+01
1.544902e+01
1.545684e+01
1.546466e+01
1.547248e+01
1.548030e+01
1.548812e+01
1.549594e+01
1.550376e+01
1.551158e+01
1.551940e+01
1.552721e+01
1.553503e+01
1.554285e+01
1.555067e+01
1.555849e+01
1.556631e+01
1.557413e+01
1.558195e+01
1.558977e+01
1.559759e+01
1.560541e+01
1.561323e+01
1.562105e+01
1.562887e+01
1.563669e+01
1.564451e+01
1.565233e+01
1.566015e+01
1.566797e+01
1.567579e+01
1.568361e+01
1.569143e+01
1.569925e+01
1.570707e+01
1.571489e+01
1.572271e+01
1.573053e+01
1.573835e+01
1.574617e+01
1.575399e+01
1.576181e+01
1.576963e+01
1.577745e+01
1.578527e+01
1.579309e+01
1.580091e+01
1.580873e+01
1.581655e+01
1.582437e+01
1.583219e+01
1.584001e+01
1.584783e+01
1.585565e+01
1.586347e+01
1.587129e+01
1.587911e+01
1.588693e+01
1.589475e+01
1.590256e+01
1.591038e+01
1.591820e+01
1.592602e+01
1.593384e+01
1.594166e+01
1.594948e+01
1.595730e+01
1.596512e+01
1.597294e+01
1.598076e+01
1.598858e+01
1.599640e+01
1.600422e+01
1.601218e+01
1.602015e+01
1.602811e+01
1.603607e+01
1.604403e+01
1.605199e+01
1.605996e+01
1.606792e+01
1.607588e+01
1.608384e+01
1.609181e+01
1.609977e+01
1.610773e+01
1.611569e+01
1.612365e+01
1.613162e+01
1.613958e+01
1.614754e+01
1.615550e+01
1.616346e+01
1.617143e+01
1.617939e+01
1.618735e+01
1.619531e+01
1.620327e+01
1.621124e+01
1.621920e+01
1.622716e+01
1.623512e+01
1.624309e+01
1.625105e+01
1.625901e+01
1.626697e+01
1.627493e+01
1.628290e+01
1.629086e+01
1.629882e+01
1.630678e+01
1.631474e+01
1.632271e+01
1.633067e+01
1.633863e+01
1.634659e+01
1.635455e+01
1.636252e+01
1.637048e+01
1.637844e+01
1.638640e+01
1.639437e+01
1.640233e+01
1.641029e+01
1.641825e+01
1.642621e+01
1.643418e+01
1.644214e+01
1.645010e+01
1.645806e+01
1.646602e+01
1.647399e+01
1.648195e+01
1.648991e+01
1.649787e+01
1.650583e+01
1.651380e+01
1.652176e+01
1.652972e+01
1.653768e+01
1.654565e+01
1.655361e+01
1.656157e+01
1.656953e+01
1.657749e+01
1.658546e+01
1.659342e+01
1.660138e+01
1.660934e+01
1.661730e+01
1.662527e+01
1.663323e+01
1.664119e+01
1.664915e+01
1.665711e+01
1.666508e+01
1.667304e+01
1.668100e+01
1.668896e+01
1.669693e+01
1.670489e+01
1.671285e+01
1.672081e+01
1.672877e+01
1.673674e+01
1.674470e+01
1.675266e+01
1.676062e+01
1.676858e+01
1.677655e+01
1.678451e+01
1.679247e+01
1.680043e+01
1.680839e+01
1.681636e+01
1.682432e+01
1.683228e+01
1.684024e+01
1.684821e+01
1.685617e+01
1.686413e+01
1.687209e+01
1.688005e+01
1.688802e+01
1.689598e+01
1.690394e+01
1.691190e+01
1.691986e+01
1.692783e+01
1.693579e+01
1.694375e+01
1.695171e+01
1.695967e+01
1.696764e+01
1.697560e+01
1.698356e+01
1.699152e+01
1.699949e+01
1.700745e+01
1.701541e+01
1.702337e+01
1.703133e+01
1.703930e+01
1.704726e+01
1.705522e+01
1.706318e+01
1.707114e+01
1.707911e+01
1.708707e+01
1.709503e+01
1.710299e+01
1.711095e+01
1.711892e+01
1.712688e+01
1.713484e+01
1.714280e+01
1.715077e+01
1.715873e+01
1.716669e+01
1.717465e+01
1.718261e+01
1.719058e+01
1.719854e+01
1.720650e+01
1.721446e+01
1.722242e+01
1.723039e+01
1.723835e+01
1.724631e+01
1.725427e+01
1.726223e+01
1.727020e+01
1.727816e+01
1.728612e+01
1.729408e+01
1.730205e+01
1.731001e+01
1.731797e+01
1.732593e+01
1.733389e+01
1.734186e+01
1.734982e+01
1.735778e+01
1.736574e+01
1.737370e+01
1.738167e+01
1.738963e+01
1.739759e+01
1.740555e+01
1.741351e+01
1.742148e+01
1.742944e+01
1.743740e+01
1.744536e+01
1.745333e+01
1.746129e+01
1.746925e+01
1.747721e+01
1.748517e+01
1.749314e+01
1.750110e+01
1.750906e+01
1.751702e+01
1.752498e+01
1.753295e+01
1.754091e+01
1.754887e+01
1.755683e+01
1.756479e+01
1.757276e+01
1.758072e+01
1.758868e+01
1.759664e+01
1.760461e+01
1.761257e+01
1.762053e+01
1.762849e+01
1.763645e+01
1.764442e+01
1.765238e+01
1.766034e+01
1.766830e+01
1.767626e+01
1.768423e+01
1.769219e+01
1.770015e+01
1.770811e+01
1.771607e+01
1.772404e+01
1.773200e+01
1.773996e+01
1.774792e+01
1.775589e+01
1.776385e+01
1.777181e+01
1.777977e+01
1.778773e+01
1.779570e+01
1.780366e+01
1.781162e+01
1.781958e+01
1.782754e+01
1.783551e+01
1.784347e+01
1.785143e+01
1.785939e+01
1.786735e+01
1.787532e+01
1.788328e+01
1.789124e+01
1.789920e+01
1.790717e+01
1.791513e+01
1.792309e+01
1.793105e+01
1.793901e+01
1.794698e+01
1.795494e+01
1.796290e+01
1.797086e+01
1.797882e+01
1.798679e+01
1.799475e+01
1.800271e+01
1.801067e+01
1.801863e+01
1.802660e+01
1.803456e+01
1.804252e+01
1.805048e+01
1.805845e+01
1.806641e+01
1.807437e+01
1.808233e+01
1.809029e+01
1.809826e+01
1.810622e+01
1.811418e+01
1.812214e+01
1.813010e+01
1.813807e+01
1.814603e+01
1.815399e+01
1.816195e+01
1.816991e+01
1.817788e+01
1.818584e+01
1.819380e+01
1.820176e+01
1.820973e+01
1.821769e+01
1.822565e+01
1.823361e+01
1.824157e+01
1.824954e+01
1.825750e+01
1.826546e+01
1.827342e+01
1.828138e+01
1.828935e+01
1.829731e+01
1.830527e+01
1.831323e+01
1.832119e+01
1.832916e+01
1.833712e+01
1.834508e+01
1.835304e+01
1.836101e+01
1.836897e+01
1.837693e+01
1.838489e+01
1.839285e+01
1.840082e+01
1.840878e+01
1.841684e+01
1.842490e+01
1.843296e+01
1.844102e+01
1.844909e+01
1.845715e+01
1.846521e+01
1.847327e+01
1.848133e+01
1.848939e+01
1.849745e+01
1.850552e+01
1.851358e+01
1.852164e+01
1.852970e+01
1.853776e+01
1.854582e+01
1.855389e+01
1.856195e+01
1.857001e+01
1.857807e+01
1.858613e+01
1.859419e+01
1.860225e+01
1.861032e+01
1.861838e+01
1.862644e+01
1.863450e+01
1.864256e+01
1.865062e+01
1.865869e+01
1.866675e+01
1.867481e+01
1.868287e+01
1.869093e+01
1.869899e+01
1.870705e+01
1.871512e+01
1.872318e+01
1.873124e+01
1.873930e+01
1.874736e+01
1.875542e+01
1.876349e+01
1.877155e+01
1.877961e+01
1.878767e+01
1.879573e+01
1.880379e+01
1.881185e+01
1.881992e+01
1.882798e+01
1.883604e+01
1.884410e+01
1.885216e+01
1.886022e+01
1.886829e+01
1.887635e+01
1.888441e+01
1.889247e+01
1.890053e+01
1.890859e+01
1.891665e+01
1.892472e+01
1.893278e+01
1.894084e+01
1.894890e+01
1.895696e+01
1.896502e+01
1.897308e+01
1.898115e+01
1.898921e+01
1.899727e+01
1.900533e+01
1.901339e+01
1.902145e+01
1.902952e+01
1.903758e+01
1.904564e+01
1.905370e+01
1.906176e+01
1.906982e+01
1.907788e+01
1.908595e+01
1.909401e+01
1.910207e+01
1.911013e+01
1.911819e+01
1.912625e+01
1.913432e+01
1.914238e+01
1.915044e+01
1.915850e+01
1.916656e+01
1.917462e+01
1.918268e+01
1.919075e+01
1.919881e+01
1.920687e+01
1.921493e+01
1.922299e+01
1.923105e+01
1.923912e+01
1.924718e+01
1.925524e+01
1.926330e+01
1.927136e+01
1.927942e+01
1.928748e+01
1.929555e+01
1.930361e+01
1.931167e+01
1.931973e+01
1.932779e+01
1.933585e+01
1.934392e+01
1.935198e+01
1.936004e+01
1.936810e+01
1.937616e+01
1.938422e+01
1.939228e+01
1.940035e+01
1.940841e+01
1.941647e+01
1.942453e+01
1.943259e+01
1.944065e+01
1.944872e+01
1.945678e+01
1.946484e+01
1.947290e+01
1.948096e+01
1.948902e+01
1.949708e+01
1.950515e+01
1.951321e+01
1.952127e+01
1.952933e+01
1.953739e+01
1.954545e+01
1.955352e+01
1.956158e+01
1.956964e+01
1.957770e+01
1.958576e+01
1.959382e+01
1.960188e+01
1.960995e+01
1.961801e+01
1.962607e+01
1.963413e+01
1.964219e+01
1.965025e+01
1.965832e+01
1.966638e+01
1.967444e+01
1.968250e+01
1.969056e+01
1.969862e+01
1.970668e+01
1.971475e+01
1.972281e+01
1.973087e+01
1.973893e+01
1.974699e+01
1.975505e+01
1.976312e+01
1.977118e+01
1.977924e+01
1.978730e+01
1.979536e+01
1.980342e+01
1.981148e+01
1.981955e+01
1.982761e+01
1.983567e+01
1.984373e+01
1.985179e+01
1.985985e+01
1.986792e+01
1.987598e+01
1.988404e+01
1.989210e+01
1.990016e+01
1.990822e+01
1.991628e+01
1.992435e+01
1.993241e+01
1.994047e+01
1.994853e+01
1.995659e+01
1.996465e+01
1.997271e+01
1.998078e+01
1.998884e+01
1.999690e+01
2.000496e+01
2.001302e+01
2.002108e+01
2.002915e+01
2.003721e+01
2.004527e+01
2.005333e+01
2.006139e+01
2.006945e+01
2.007751e+01
2.008558e+01
2.009364e+01
2.010170e+01
2.010976e+01
2.011782e+01
2.012588e+01
2.013395e+01
2.014201e+01
2.015007e+01
2.015813e+01
2.016619e+01
2.017425e+01
2.018231e+01
2.019038e+01
2.019844e+01
2.020650e+01
2.021456e+01
2.022262e+01
2.023068e+01
2.023875e+01
2.024681e+01
2.025487e+01
2.026293e+01
2.027099e+01
2.027905e+01
2.028711e+01
2.029518e+01
2.030324e+01
2.031130e+01
2.031936e+01
2.032742e+01
2.033548e+01
2.034355e+01
2.035161e+01
2.035967e+01
2.036773e+01
2.037579e+01
2.038385e+01
2.039191e+01
2.039998e+01
2.040804e+01
2.041610e+01
2.042416e+01
2.043222e+01
2.044028e+01
2.044835e+01
2.045641e+01
2.046447e+01
2.047253e+01
2.048059e+01
2.048865e+01
2.049671e+01
2.050478e+01
2.051284e+01
2.052090e+01
2.052896e+01
2.053702e+01
2.054508e+01
2.055315e+01
2.056121e+01
2.056927e+01
2.057733e+01
2.058539e+01
2.059345e+01
2.060151e+01
2.060958e+01
2.061764e+01
2.062570e+01
2.063376e+01
2.064182e+01
2.064988e+01
2.065795e+01
2.066601e+01
2.067407e+01
2.068213e+01
2.069019e+01
2.069825e+01
2.070631e+01
2.071438e+01
2.072244e+01
2.073050e+01
2.073856e+01
2.074662e+01
2.075468e+01
2.076275e+01
2.077081e+01
2.077887e+01
2.078693e+01
2.079499e+01
2.080305e+01
2.081111e+01
2.081918e+01
2.082724e+01
2.083530e+01
2.084336e+01
2.085142e+01
2.085948e+01
2.086754e+01
2.087561e+01
2.088367e+01
2.089173e+01
2.089979e+01
2.090785e+01
2.091591e+01
2.092398e+01
2.093204e+01
2.094010e+01
2.094816e+01
2.095622e+01
2.096428e+01
2.097234e+01
2.098041e+01
2.098847e+01
2.099653e+01
2.100459e+01
2.101265e+01
2.102071e+01
2.102878e+01
2.103684e+01
2.104490e+01
2.105296e+01
2.106102e+01
2.106908e+01
2.107714e+01
2.108521e+01
2.109327e+01
2.110133e+01
2.110939e+01
2.111745e+01
2.112551e+01
2.113358e+01
2.114164e+01
2.114970e+01
2.115776e+01
2.116582e+01
2.117388e+01
2.118194e+01
2.119001e+01
2.119807e+01
2.120613e+01
2.121419e+01
2.122225e+01
2.123031e+01
2.123838e+01
2.124644e+01
2.125450e+01
2.126256e+01
2.127062e+01
2.127868e+01
2.128674e+01
2.129481e+01
2.130287e+01
2.131093e+01
2.131899e+01
2.132705e+01
2.133511e+01
2.134318e+01
2.135124e+01
2.135930e+01
2.136736e+01
2.137542e+01
2.138348e+01
2.139154e+01
2.139961e+01
2.140767e+01
2.141573e+01
2.142379e+01
2.143185e+01
2.143991e+01
2.144798e+01
2.145604e+01
2.146410e+01
2.147216e+01
2.148022e+01
2.148828e+01
2.149634e+01
2.150441e+01
2.151247e+01
2.152053e+01
2.152859e+01
2.153665e+01
2.154471e+01
2.155278e+01
2.156084e+01
2.156890e+01
2.157696e+01
2.158502e+01
2.159308e+01
2.160114e+01
2.160921e+01
2.161727e+01
2.162533e+01
2.163339e+01
2.164145e+01
2.164951e+01
2.165758e+01
2.166564e+01
2.167370e+01
2.168176e+01
2.168982e+01
2.169788e+01
2.170594e+01
2.171401e+01
2.172207e+01
2.173013e+01
2.173819e+01
2.174625e+01
2.175431e+01
2.176238e+01
2.177044e+01
2.177850e+01
2.178656e+01
2.179462e+01
2.180268e+01
2.181074e+01
2.181881e+01
2.182687e+01
2.183493e+01
2.184299e+01
2.185105e+01
2.185911e+01
2.186717e+01
2.187524e+01
2.188330e+01
2.189136e+01
2.189942e+01
2.190748e+01
2.191554e+01
2.192361e+01
2.193167e+01
2.193973e+01
2.194779e+01
2.195585e+01
2.196391e+01
2.197197e+01
2.198004e+01
2.198810e+01
2.199616e+01
2.200422e+01
2.201228e+01
2.202034e+01
2.202841e+01
2.203647e+01
2.204453e+01
2.205259e+01
2.206065e+01
2.206871e+01
2.207677e+01
2.208484e+01
2.209290e+01
2.210096e+01
2.210902e+01
2.211708e+01
2.212514e+01
2.213321e+01
2.214127e+01
2.214933e+01
2.215739e+01
2.216545e+01
2.217351e+01
2.218157e+01
2.218964e+01
2.219770e+01
2.220576e+01
2.221382e+01
2.222188e+01
2.222994e+01
2.223801e+01
2.224607e+01
2.225413e+01
2.226219e+01
2.227025e+01
2.227831e+01
2.228637e+01
2.229444e+01
2.230250e+01
2.231056e+01
2.231862e+01
2.232668e+01
2.233474e+01
2.234281e+01
2.235087e+01
2.235893e+01
2.236699e+01
2.237505e+01
2.238311e+01
2.239117e+01
2.239924e+01
2.240730e+01
2.241536e+01
2.242342e+01
2.243148e+01
2.243954e+01
2.244761e+01
2.245567e+01
2.246318e+01
2.247070e+01
2.247821e+01
2.248572e+01
2.249324e+01
2.250075e+01
2.250827e+01
2.251578e+01
2.252330e+01
2.253081e+01
2.253833e+01
2.254584e+01
2.255335e+01
2.256087e+01
2.256838e+01
2.257590e+01
2.258341e+01
2.259093e+01
2.259844e+01
2.260596e+01
2.261347e+01
2.262098e+01
2.262850e+01
2.263601e+01
2.264353e+01
2.265104e+01
2.265856e+01
2.266607e+01
2.267359e+01
2.268110e+01
2.268862e+01
2.269613e+01
2.270364e+01
2.271116e+01
2.271867e+01
2.272619e+01
2.273370e+01
2.274122e+01
2.274873e+01
2.275625e+01
2.276376e+01
2.277127e+01
2.277879e+01
2.278630e+01
2.279382e+01
2.280133e+01
2.280885e+01
2.281636e+01
2.282388e+01
2.283139e+01
2.283890e+01
2.284642e+01
2.285393e+01
2.286145e+01
2.286896e+01
2.287648e+01
2.288399e+01
2.289151e+01
2.289902e+01
2.290653e+01
2.291405e+01
2.292156e+01
2.292908e+01
2.293659e+01
2.294411e+01
2.295162e+01
2.295914e+01
2.296665e+01
2.297416e+01
2.298168e+01
2.298919e+01
2.299671e+01
2.300422e+01
2.301174e+01
2.301925e+01
2.302677e+01
2.303428e+01
2.304180e+01
2.304931e+01
2.305682e+01
2.306434e+01
2.307185e+01
2.307937e+01
2.308688e+01
2.309440e+01
2.310191e+01
2.310943e+01
2.311694e+01
2.312445e+01
2.313197e+01
2.313948e+01
2.314700e+01
2.315451e+01
2.316203e+01
2.316954e+01
2.317706e+01
2.318457e+01
2.319208e+01
2.319960e+01
2.320711e+01
2.321463e+01
2.322214e+01
2.322966e+01
2.323717e+01
2.324469e+01
2.325220e+01
2.325971e+01
2.326723e+01
2.327474e+01
2.328226e+01
2.328977e+01
2.329729e+01
2.330480e+01
2.331232e+01
2.331983e+01
2.332735e+01
2.333486e+01
2.334237e+01
2.334989e+01
2.335740e+01
2.336492e+01
2.337243e+01
2.337995e+01
2.338746e+01
2.339498e+01
2.340249e+01
2.341000e+01
2.341752e+01
2.342503e+01
2.343255e+01
2.344006e+01
2.344758e+01
2.345509e+01
2.346261e+01
2.347012e+01
2.347763e+01
2.348515e+01
2.349266e+01
2.350018e+01
2.350769e+01
2.351521e+01
2.352272e+01
2.353024e+01
2.353775e+01
2.354526e+01
2.355278e+01
2.356029e+01
2.356781e+01
2.357532e+01
2.358284e+01
2.359035e+01
2.359787e+01
2.360538e+01
2.361289e+01
2.362041e+01
2.362792e+01
2.363544e+01
2.364295e+01
2.365047e+01
2.365798e+01
2.366550e+01
2.367301e+01
2.368053e+01
2.368804e+01
2.369555e+01
2.370307e+01
2.371058e+01
2.371810e+01
2.372561e+01
2.373313e+01
2.374064e+01
2.374816e+01
2.375567e+01
2.376318e+01
2.377070e+01
2.377821e+01
2.378573e+01
2.379324e+01
2.380076e+01
2.380827e+01
2.381579e+01
2.382330e+01
2.383081e+01
2.383833e+01
2.384584e+01
2.385336e+01
2.386087e+01
2.386839e+01
2.387590e+01
2.388342e+01
2.389093e+01
2.389844e+01
2.390596e+01
2.391347e+01
2.392099e+01
2.392850e+01
2.393602e+01
2.394353e+01
2.395105e+01
2.395856e+01
2.396607e+01
2.397359e+01
2.398110e+01
2.398862e+01
2.399613e+01
2.400365e+01
2.401116e+01
2.401868e+01
2.402619e+01
2.403371e+01
2.404122e+01
2.404873e+01
2.405625e+01
2.406376e+01
2.407128e+01
2.407879e+01
2.408631e+01
2.409382e+01
2.410134e+01
2.410885e+01
2.411636e+01
2.412388e+01
2.413139e+01
2.413891e+01
2.414642e+01
2.415394e+01
2.416145e+01
2.416897e+01
2.417648e+01
2.418399e+01
2.419151e+01
2.419902e+01
2.420654e+01
2.421405e+01
2.422157e+01
2.422908e+01
2.423660e+01
2.424411e+01
2.425162e+01
2.425914e+01
2.426665e+01
2.427417e+01
2.428168e+01
2.428920e+01
2.429671e+01
2.430423e+01
2.431174e+01
2.431925e+01
2.432677e+01
2.433428e+01
2.434180e+01
2.434931e+01
2.435683e+01
2.436434e+01
2.437186e+01
2.437937e+01
2.438689e+01
2.439440e+01
2.440191e+01
2.440943e+01
2.441694e+01
2.442446e+01
2.443197e+01
2.443949e+01
2.444700e+01
2.445452e+01
2.446203e+01
2.446954e+01
2.447706e+01
2.448457e+01
2.449209e+01
2.449960e+01
2.450712e+01
2.451463e+01
2.452215e+01
2.452966e+01
2.453717e+01
2.454469e+01
2.455220e+01
2.455972e+01
2.456723e+01
2.457475e+01
2.458226e+01
2.458978e+01
2.459729e+01
2.460480e+01
2.461232e+01
2.461983e+01
2.462735e+01
2.463486e+01
2.464238e+01
2.464989e+01
2.465741e+01
2.466492e+01
2.467243e+01
2.467995e+01
2.468746e+01
2.469498e+01
2.470249e+01
2.471001e+01
2.471752e+01
2.472504e+01
2.473255e+01
2.474007e+01
2.474758e+01
2.475509e+01
2.476261e+01
2.477012e+01
2.477764e+01
2.478515e+01
2.479267e+01
2.480018e+01
2.480770e+01
2.481521e+01
2.482272e+01
2.483024e+01
2.483775e+01
2.484527e+01
2.485278e+01
2.486030e+01
2.486781e+01
2.487533e+01
2.488284e+01
2.489035e+01
2.489787e+01
2.490538e+01
2.491290e+01
2.492041e+01
2.492793e+01
2.493544e+01
2.494296e+01
2.495047e+01
2.495798e+01
2.496550e+01
2.497301e+01
2.498053e+01
2.498804e+01
2.499556e+01
2.500307e+01
2.501059e+01
2.501810e+01
2.502562e+01
2.503313e+01
2.504064e+01
2.504816e+01
2.505567e+01
2.506319e+01
2.507070e+01
2.507822e+01
2.508573e+01
2.509325e+01
2.510076e+01
2.510827e+01
2.511579e+01
2.512330e+01
2.513082e+01
2.513833e+01
2.514585e+01
2.515336e+01
2.516088e+01
2.516839e+01
2.517590e+01
2.518342e+01
2.519093e+01
2.519845e+01
2.520596e+01
2.521348e+01
2.522099e+01
2.522851e+01
2.523602e+01
2.524353e+01
2.525105e+01
2.525856e+01
2.526608e+01
2.527359e+01
2.528111e+01
2.528862e+01
2.529614e+01
2.530365e+01
2.531116e+01
2.531868e+01
2.532619e+01
2.533371e+01
2.534122e+01
2.534874e+01
2.535625e+01
2.536377e+01
2.537128e+01
2.537880e+01
2.538631e+01
2.539382e+01
2.540134e+01
2.540885e+01
2.541637e+01
2.542388e+01
2.543140e+01
2.543891e+01
2.544643e+01
2.545394e+01
2.546145e+01
2.546897e+01
2.547648e+01
2.548400e+01
2.549151e+01
2.549903e+01
2.550654e+01
2.551406e+01
2.552157e+01
2.552908e+01
2.553660e+01
2.554411e+01
2.555163e+01
2.555914e+01
2.556666e+01
2.557417e+01
2.558169e+01
2.558920e+01
2.559671e+01
2.560423e+01
2.561174e+01
2.561926e+01
2.562677e+01
2.563429e+01
2.564180e+01
2.564932e+01
2.565683e+01
2.566434e+01
2.567186e+01
2.567937e+01
2.568689e+01
2.569440e+01
2.570192e+01
2.570943e+01
2.571695e+01
2.572446e+01
2.573198e+01
2.573949e+01
2.574700e+01
2.575452e+01
2.576203e+01
2.576955e+01
2.577706e+01
2.578458e+01
2.579209e+01
2.579961e+01
2.580712e+01
2.581463e+01
2.582215e+01
2.582966e+01
2.583718e+01
2.584469e+01
2.585221e+01
2.585972e+01
2.586724e+01
2.587475e+01
2.588226e+01
2.588978e+01
2.589729e+01
2.590481e+01
2.591232e+01
2.591984e+01
2.592735e+01
2.593487e+01
2.594238e+01
2.594989e+01
2.595741e+01
2.596492e+01
2.597244e+01
2.597995e+01
2.598747e+01
2.599498e+01
2.600250e+01
2.601001e+01
2.601752e+01
2.602504e+01
2.603255e+01
2.604007e+01
2.604758e+01
2.605510e+01
2.606261e+01
2.607013e+01
2.607764e+01
2.608515e+01
2.609267e+01
2.610018e+01
2.610770e+01
2.611521e+01
2.612273e+01
2.613024e+01
2.613776e+01
2.614527e+01
2.615279e+01
2.616030e+01
2.616781e+01
2.617533e+01
2.618284e+01
2.619036e+01
2.619787e+01
2.620539e+01
2.621290e+01
2.622042e+01
2.622793e+01
2.623544e+01
2.624291e+01
2.625037e+01
2.625783e+01
2.626530e+01
2.627276e+01
2.628022e+01
2.628769e+01
2.629515e+01
2.630261e+01
2.631008e+01
2.631754e+01
2.632500e+01
2.633247e+01
2.633993e+01
2.634739e+01
2.635486e+01
2.636232e+01
2.636978e+01
2.637725e+01
2.638471e+01
2.639217e+01
2.639964e+01
2.640710e+01
2.641456e+01
2.642202e+01
2.642949e+01
2.643695e+01
2.644441e+01
2.645188e+01
2.645934e+01
2.646680e+01
2.647427e+01
2.648173e+01
2.648919e+01
2.649666e+01
2.650412e+01
2.651158e+01
2.651905e+01
2.652651e+01
2.653397e+01
2.654144e+01
2.654890e+01
2.655636e+01
2.656383e+01
2.657129e+01
2.657875e+01
2.658622e+01
2.659368e+01
2.660114e+01
2.660861e+01
2.661607e+01
2.662353e+01
2.663100e+01
2.663846e+01
2.664592e+01
2.665338e+01
2.666085e+01
2.666831e+01
2.667577e+01
2.668324e+01
2.669070e+01
2.669816e+01
2.670563e+01
2.671309e+01
2.672055e+01
2.672802e+01
2.673548e+01
2.674294e+01
2.675041e+01
2.675787e+01
2.676533e+01
2.677280e+01
2.678026e+01
2.678772e+01
2.679519e+01
2.680265e+01
2.681011e+01
2.681758e+01
2.682504e+01
2.683250e+01
2.683997e+01
2.684743e+01
2.685489e+01
2.686236e+01
2.686982e+01
2.687728e+01
2.688474e+01
2.689221e+01
2.689967e+01
2.690713e+01
2.691460e+01
2.692206e+01
2.692952e+01
2.693699e+01
2.694445e+01
2.695191e+01
2.695938e+01
2.696684e+01
2.697430e+01
2.698177e+01
2.698923e+01
2.699669e+01
2.700416e+01
2.701162e+01
2.701908e+01
2.702655e+01
2.703401e+01
2.704147e+01
2.704894e+01
2.705640e+01
2.706386e+01
2.707133e+01
2.707879e+01
2.708625e+01
2.709371e+01
2.710118e+01
2.710864e+01
2.711610e+01
2.712357e+01
2.713103e+01
2.713849e+01
2.714596e+01
2.715342e+01
2.716088e+01
2.716835e+01
2.717581e+01
2.718327e+01
2.719074e+01
2.719820e+01
2.720566e+01
2.721313e+01
2.722059e+01
2.722805e+01
2.723552e+01
2.724298e+01
2.725044e+01
2.725791e+01
2.726537e+01
2.727283e+01
2.728030e+01
2.728776e+01
2.729522e+01
2.730269e+01
2.731015e+01
2.731761e+01
2.732507e+01
2.733254e+01
2.734000e+01
2.734746e+01
2.735493e+01
2.736239e+01
2.736985e+01
2.737732e+01
2.738478e+01
2.739224e+01
2.739971e+01
2.740717e+01
2.741463e+01
2.742210e+01
2.742956e+01
2.743702e+01
2.744449e+01
2.745195e+01
2.745941e+01
2.746688e+01
2.747434e+01
2.748180e+01
2.748927e+01
2.749673e+01
2.750419e+01
2.751166e+01
2.751912e+01
2.752658e+01
2.753404e+01
2.754151e+01
2.754897e+01
2.755643e+01
2.756390e+01
2.757136e+01
2.757882e+01
2.758629e+01
2.759375e+01
2.760121e+01
2.760868e+01
2.761614e+01
2.762360e+01
2.763107e+01
2.763853e+01
2.764599e+01
2.765346e+01
2.766092e+01
2.766838e+01
2.767585e+01
2.768331e+01
2.769077e+01
2.769824e+01
2.770570e+01
2.771316e+01
2.772063e+01
2.772809e+01
2.773555e+01
2.774302e+01
2.775048e+01
2.775794e+01
2.776540e+01
2.777287e+01
2.778033e+01
2.778779e+01
2.779526e+01
2.780272e+01
2.781018e+01
2.781765e+01
2.782511e+01
2.783257e+01
2.784004e+01
2.784750e+01
2.785496e+01
2.786243e+01
2.786989e+01
2.787735e+01
2.788482e+01
2.789228e+01
2.789974e+01
2.790721e+01
2.791467e+01
2.792213e+01
2.792960e+01
2.793706e+01
2.794452e+01
2.795199e+01
2.795945e+01
2.796691e+01
2.797437e+01
2.798184e+01
2.798930e+01
2.799676e+01
2.800423e+01
2.801169e+01
2.801915e+01
2.802662e+01
2.803408e+01
2.804154e+01
2.804901e+01
2.805647e+01
2.806393e+01
2.807140e+01
2.807886e+01
2.808632e+01
2.809379e+01
2.810125e+01
2.810871e+01
2.811618e+01
2.812364e+01
2.813110e+01
2.813857e+01
2.814603e+01
2.815349e+01
2.816096e+01
2.816842e+01
2.817588e+01
2.818335e+01
2.819081e+01
2.819827e+01
2.820573e+01
2.821320e+01
2.822066e+01
2.822812e+01
2.823559e+01
2.824305e+01
2.825051e+01
2.825798e+01
2.826544e+01
2.827290e+01
2.828037e+01
2.828783e+01
2.829529e+01
2.830276e+01
2.831022e+01
2.831768e+01
2.832515e+01
2.833261e+01
2.834007e+01
2.834754e+01
2.835500e+01
2.836246e+01
2.836993e+01
2.837739e+01
2.838485e+01
2.839232e+01
2.839978e+01
2.840724e+01
2.841470e+01
2.842217e+01
2.842963e+01
2.843709e+01
2.844456e+01
2.845202e+01
2.845948e+01
2.846695e+01
2.847441e+01
2.848187e+01
2.848934e+01
2.849680e+01
2.850426e+01
2.851173e+01
2.851919e+01
2.852665e+01
2.853412e+01
2.854158e+01
2.854904e+01
2.855651e+01
2.856397e+01
2.857143e+01
2.857890e+01
2.858636e+01
2.859382e+01
2.860129e+01
2.860875e+01
2.861621e+01
2.862368e+01
2.863114e+01
2.863860e+01
2.864606e+01
2.865353e+01
2.866099e+01
2.866845e+01
2.867592e+01
2.868338e+01
2.869084e+01
2.869831e+01
2.870577e+01
2.871323e+01
2.872070e+01
2.872816e+01
2.873562e+01
2.874309e+01
2.875055e+01
2.875801e+01
2.876548e+01
2.877294e+01
2.878040e+01
2.878787e+01
2.879533e+01
2.880279e+01
2.881026e+01
2.881772e+01
2.882518e+01
2.883265e+01
2.884011e+01
2.884757e+01
2.885503e+01
2.886250e+01
2.886996e+01
2.887742e+01
2.888489e+01
2.889235e+01
2.889981e+01
2.890728e+01
2.891474e+01
2.892220e+01
2.892967e+01
2.893713e+01
2.894459e+01
2.895206e+01
2.895952e+01
2.896698e+01
2.897445e+01
2.898191e+01
2.898937e+01
2.899684e+01
2.900430e+01
2.901176e+01
2.901923e+01
2.902669e+01
2.903415e+01
2.904162e+01
2.904908e+01
2.905654e+01
2.906401e+01
2.907147e+01
2.907893e+01
2.908639e+01
2.909386e+01
2.910132e+01
2.910878e+01
2.911625e+01
2.912371e+01
2.913117e+01
2.913864e+01
2.914610e+01
2.915356e+01
2.916103e+01
2.916849e+01
2.917595e+01
2.918342e+01
2.919088e+01
2.919834e+01
2.920581e+01
2.921327e+01
2.922073e+01
2.922820e+01
2.923566e+01
2.924312e+01
2.925059e+01
2.925805e+01
2.926551e+01
2.927298e+01
2.928044e+01
2.928790e+01
2.929536e+01
2.930283e+01
2.931029e+01
2.931775e+01
2.932522e+01
2.933268e+01
2.934014e+01
2.934761e+01
2.935507e+01
2.936253e+01
2.937000e+01
2.937746e+01
2.938492e+01
2.939239e+01
2.939985e+01
2.940731e+01
2.941478e+01
2.942224e+01
2.942970e+01
2.943717e+01
2.944463e+01
2.945209e+01
2.945956e+01
2.946702e+01
2.947448e+01
2.948195e+01
2.948941e+01
2.949687e+01
2.950434e+01
2.951180e+01
2.951926e+01
2.952672e+01
2.953419e+01
2.954165e+01
2.954911e+01
2.955658e+01
2.956404e+01
2.957150e+01
2.957897e+01
2.958643e+01
2.959389e+01
2.960136e+01
2.960882e+01
2.961628e+01
2.962375e+01
2.963121e+01
2.963867e+01
2.964614e+01
2.965360e+01
2.966106e+01
2.966853e+01
2.967599e+01
2.968345e+01
2.969092e+01
2.969838e+01
2.970584e+01
2.971331e+01
2.972077e+01
2.972823e+01
2.973569e+01
2.974316e+01
2.975062e+01
2.975808e+01
2.976555e+01
2.977301e+01
2.978047e+01
2.978794e+01
2.979540e+01
2.980286e+01
2.981033e+01
2.981779e+01
2.982525e+01
