5.800000e-01
5.803333e-01
5.806667e-01
5.810000e-01
5.813333e-01
5.816667e-01
5.820000e-01
5.823333e-01
5.826667e-01
5.830000e-01
5.833333e-01
5.836667e-01
5.840000e-01
5.843333e-01
5.846667e-01
5.850000e-01
5.853333e-01
5.856667e-01
5.860000e-01
5.863333e-01
5.866667e-01
5.870000e-01
5.873333e-01
5.876667e-01
5.880000e-01
5.883333e-01
5.886667e-01
5.890000e-01
5.893333e-01
5.896667e-01
5.900000e-01
5.900000e-01
5.900000e-01
5.900000e-01
5.900000e-01
5.900000e-01
5.900000e-01
5.900000e-01
5.900000e-01
5.900000e-01
5.900000e-01
5.900000e-01
5.900000e-01
5.900000e-01
5.900000e-01
5.900000e-01
5.900000e-01
5.900000e-01
5.900000e-01
5.900000e-01
5.900000e-01
5.904833e-01
5.909667e-01
5.914500e-01
5.919333e-01
5.924167e-01
5.929000e-01
5.933833e-01
5.938667e-01
5.943500e-01
5.948333e-01
5.953167e-01
5.958000e-01
5.962833e-01
5.967667e-01
5.972500e-01
5.977333e-01
5.982167e-01
5.987000e-01
5.993334e-01
5.996667e-01
6.000000e-01
6.003334e-01
6.006667e-01
6.010000e-01
6.013334e-01
6.016667e-01
6.020000e-01
6.023334e-01
6.026667e-01
6.030000e-01
6.033334e-01
6.036667e-01
6.040000e-01
6.043334e-01
6.046667e-01
6.050000e-01
6.053334e-01
6.056667e-01
6.060000e-01
6.063334e-01
6.066667e-01
6.070000e-01
6.073334e-01
6.076667e-01
6.080000e-01
6.083334e-01
6.086667e-01
6.090000e-01
6.093334e-01
6.096667e-01
6.100533e-01
6.104400e-01
6.108267e-01
6.112133e-01
6.116000e-01
6.119867e-01
6.123733e-01
6.127600e-01
6.131467e-01
6.135333e-01
6.139200e-01
6.143067e-01
6.146933e-01
6.150800e-01
6.154667e-01
6.158533e-01
6.162400e-01
6.166267e-01
6.170133e-01
6.174000e-01
6.177867e-01
6.181733e-01
6.185600e-01
6.189467e-01
6.193333e-01
6.197200e-01
6.201067e-01
6.204933e-01
6.208800e-01
6.212667e-01
6.216533e-01
6.220400e-01
6.224267e-01
6.228133e-01
6.232000e-01
6.235867e-01
6.239733e-01
6.243600e-01
6.247467e-01
6.251333e-01
6.255200e-01
6.259067e-01
6.262933e-01
6.266800e-01
6.270667e-01
6.274533e-01
6.278400e-01
6.282267e-01
6.286133e-01
6.290000e-01
6.292067e-01
6.294133e-01
6.296200e-01
6.298267e-01
6.300333e-01
6.302400e-01
6.304467e-01
6.306533e-01
6.308600e-01
6.310667e-01
6.312733e-01
6.314800e-01
6.316867e-01
6.318933e-01
6.321000e-01
6.323067e-01
6.325133e-01
6.327200e-01
6.329267e-01
6.331333e-01
6.333400e-01
6.335467e-01
6.337533e-01
6.339600e-01
6.341667e-01
6.343733e-01
6.345800e-01
6.347867e-01
6.349933e-01
6.352000e-01
6.354067e-01
6.356133e-01
6.358200e-01
6.360267e-01
6.362333e-01
6.364400e-01
6.366467e-01
6.368533e-01
6.370600e-01
6.372667e-01
6.374733e-01
6.376800e-01
6.378867e-01
6.380933e-01
6.383000e-01
6.385067e-01
6.387133e-01
6.389200e-01
6.391267e-01
6.393333e-01
6.419033e-01
6.444733e-01
6.470433e-01
6.496133e-01
6.521833e-01
6.547533e-01
6.573233e-01
6.598933e-01
6.624633e-01
6.650333e-01
6.676033e-01
6.701733e-01
6.727433e-01
6.753133e-01
6.778833e-01
6.804533e-01
6.830233e-01
6.855933e-01
6.881633e-01
6.907333e-01
6.933033e-01
6.958733e-01
6.984433e-01
7.010133e-01
7.035833e-01
7.061533e-01
7.087233e-01
7.112933e-01
7.138633e-01
7.164333e-01
7.190033e-01
7.215733e-01
7.241433e-01
7.267133e-01
7.292833e-01
7.318533e-01
7.344233e-01
7.369933e-01
7.395633e-01
7.421333e-01
7.447033e-01
7.472733e-01
7.498433e-01
7.524133e-01
7.549833e-01
7.575533e-01
7.601233e-01
7.626933e-01
7.652633e-01
7.678333e-01
7.704033e-01
7.729733e-01
7.755433e-01
7.781133e-01
7.806833e-01
7.832533e-01
7.858233e-01
7.883933e-01
7.909633e-01
7.935333e-01
7.961033e-01
7.986733e-01
8.012433e-01
8.038133e-01
8.063833e-01
8.089533e-01
8.115233e-01
8.140933e-01
8.166633e-01
8.192333e-01
8.218033e-01
8.243733e-01
8.269433e-01
8.295133e-01
8.320833e-01
8.346533e-01
8.372233e-01
8.397933e-01
8.423633e-01
8.449333e-01
8.475033e-01
8.500733e-01
8.526433e-01
8.552133e-01
8.577833e-01
8.603533e-01
8.629233e-01
8.654933e-01
8.680633e-01
8.706333e-01
8.732033e-01
8.757733e-01
8.783433e-01
8.809133e-01
8.834833e-01
8.860533e-01
8.886233e-01
8.911933e-01
8.937633e-01
8.963333e-01
8.970533e-01
8.977733e-01
8.984933e-01
8.992133e-01
8.999333e-01
9.006533e-01
9.013733e-01
9.020933e-01
9.028133e-01
9.035333e-01
9.042533e-01
9.049733e-01
9.056933e-01
9.064133e-01
9.071333e-01
9.078533e-01
9.085733e-01
9.092933e-01
9.100133e-01
9.107333e-01
9.114533e-01
9.121733e-01
9.128933e-01
9.136133e-01
9.143333e-01
9.150533e-01
9.157733e-01
9.164933e-01
9.172133e-01
9.179333e-01
9.186533e-01
9.193733e-01
9.200933e-01
9.208133e-01
9.215333e-01
9.222533e-01
9.229733e-01
9.236933e-01
9.244133e-01
9.251333e-01
9.258533e-01
9.265733e-01
9.272933e-01
9.280133e-01
9.287333e-01
9.294533e-01
9.301733e-01
9.308933e-01
9.316133e-01
9.323333e-01
9.330533e-01
9.337733e-01
9.344933e-01
9.352133e-01
9.359333e-01
9.366533e-01
9.373733e-01
9.380933e-01
9.388133e-01
9.395333e-01
9.402533e-01
9.409733e-01
9.416933e-01
9.424133e-01
9.431333e-01
9.438533e-01
9.445733e-01
9.452933e-01
9.460133e-01
9.467333e-01
9.474533e-01
9.481733e-01
9.488933e-01
9.496133e-01
9.503333e-01
9.510533e-01
9.517733e-01
9.524933e-01
9.532133e-01
9.539333e-01
9.546533e-01
9.553733e-01
9.560933e-01
9.568133e-01
9.575333e-01
9.582533e-01
9.589733e-01
9.596933e-01
9.604133e-01
9.611333e-01
9.618533e-01
9.625733e-01
9.632933e-01
9.640133e-01
9.647333e-01
9.654533e-01
9.661733e-01
9.668933e-01
9.676133e-01
9.683333e-01
9.690350e-01
9.697367e-01
9.704383e-01
9.711400e-01
9.718417e-01
9.725433e-01
9.732450e-01
9.739467e-01
9.746483e-01
9.753500e-01
9.760517e-01
9.767533e-01
9.774550e-01
9.781567e-01
9.788583e-01
9.795600e-01
9.802617e-01
9.809633e-01
9.816650e-01
9.823667e-01
9.830683e-01
9.837700e-01
9.844717e-01
9.851733e-01
9.858750e-01
9.865767e-01
9.872783e-01
9.879800e-01
9.886817e-01
9.893833e-01
9.900850e-01
9.907867e-01
9.914883e-01
9.921900e-01
9.928917e-01
9.935933e-01
9.942950e-01
9.949967e-01
9.956983e-01
9.964000e-01
9.971017e-01
9.978033e-01
9.985050e-01
9.992067e-01
9.999083e-01
1.000610e+00
1.001312e+00
1.002013e+00
1.002715e+00
1.003417e+00
1.004118e+00
1.004820e+00
1.005522e+00
1.006223e+00
1.006925e+00
1.007627e+00
1.008328e+00
1.009030e+00
1.009732e+00
1.010433e+00
1.011135e+00
1.011837e+00
1.012538e+00
1.013240e+00
1.013942e+00
1.014643e+00
1.015345e+00
1.016047e+00
1.016748e+00
1.017450e+00
1.018152e+00
1.018853e+00
1.019555e+00
1.020257e+00
1.020958e+00
1.021660e+00
1.022362e+00
1.023063e+00
1.023765e+00
1.024467e+00
1.025168e+00
1.025870e+00
1.026572e+00
1.027273e+00
1.027975e+00
1.028677e+00
1.029378e+00
1.030080e+00
1.030782e+00
1.031483e+00
1.032185e+00
1.032887e+00
1.033588e+00
1.034290e+00
1.034992e+00
1.035693e+00
1.036395e+00
1.037097e+00
1.037798e+00
1.038500e+00
1.039202e+00
1.039903e+00
1.040605e+00
1.041307e+00
1.042008e+00
1.042710e+00
1.043412e+00
1.044113e+00
1.044815e+00
1.045517e+00
1.046218e+00
1.046920e+00
1.047622e+00
1.048323e+00
1.049025e+00
1.049727e+00
1.050428e+00
1.051130e+00
1.051832e+00
1.052533e+00
1.053235e+00
1.053937e+00
1.054638e+00
1.055340e+00
1.056042e+00
1.056743e+00
1.057445e+00
1.058147e+00
1.058848e+00
1.059550e+00
1.060252e+00
1.060953e+00
1.061655e+00
1.062357e+00
1.063058e+00
1.063760e+00
1.064462e+00
1.065163e+00
1.065865e+00
1.066567e+00
1.067268e+00
1.067970e+00
1.068672e+00
1.069373e+00
1.070075e+00
1.070777e+00
1.071478e+00
1.072180e+00
1.072882e+00
1.073583e+00
1.074285e+00
1.074987e+00
1.075688e+00
1.076390e+00
1.077092e+00
1.077793e+00
1.078495e+00
1.079197e+00
1.079898e+00
1.080600e+00
1.081302e+00
1.082003e+00
1.082705e+00
1.083407e+00
1.084108e+00
1.084810e+00
1.085512e+00
1.086213e+00
1.086915e+00
1.087617e+00
1.088318e+00
1.089020e+00
1.089722e+00
1.090423e+00
1.091125e+00
1.091827e+00
1.092528e+00
1.093230e+00
1.093932e+00
1.094633e+00
1.095335e+00
1.096037e+00
1.096738e+00
1.097440e+00
1.098142e+00
1.098843e+00
1.099545e+00
1.100247e+00
1.100948e+00
1.101650e+00
1.102352e+00
1.103053e+00
1.103755e+00
1.104457e+00
1.105158e+00
1.105860e+00
1.106562e+00
1.107263e+00
1.107965e+00
1.108667e+00
1.109563e+00
1.110460e+00
1.111357e+00
1.112253e+00
1.113150e+00
1.114047e+00
1.114943e+00
1.115840e+00
1.116737e+00
1.117633e+00
1.118530e+00
1.119427e+00
1.120323e+00
1.121220e+00
1.122117e+00
1.123013e+00
1.123910e+00
1.124807e+00
1.125703e+00
1.126600e+00
1.127497e+00
1.128393e+00
1.129290e+00
1.130187e+00
1.131083e+00
1.131980e+00
1.132877e+00
1.133773e+00
1.134670e+00
1.135567e+00
1.136463e+00
1.137360e+00
1.138257e+00
1.139153e+00
1.140050e+00
1.140947e+00
1.141843e+00
1.142740e+00
1.143637e+00
1.144533e+00
1.145430e+00
1.146327e+00
1.147223e+00
1.148120e+00
1.149017e+00
1.149913e+00
1.150810e+00
1.151707e+00
1.152603e+00
1.153500e+00
1.154397e+00
1.155293e+00
1.156190e+00
1.157087e+00
1.157983e+00
1.158880e+00
1.159777e+00
1.160673e+00
1.161570e+00
1.162467e+00
1.163363e+00
1.164260e+00
1.165157e+00
1.166053e+00
1.166950e+00
1.167847e+00
1.168743e+00
1.169640e+00
1.170537e+00
1.171433e+00
1.172330e+00
1.173227e+00
1.174123e+00
1.175020e+00
1.175917e+00
1.176813e+00
1.177710e+00
1.178607e+00
1.179503e+00
1.180400e+00
1.181297e+00
1.182193e+00
1.183090e+00
1.183987e+00
1.184883e+00
1.185780e+00
1.186677e+00
1.187573e+00
1.188470e+00
1.189367e+00
1.190263e+00
1.191160e+00
1.192057e+00
1.192953e+00
1.193850e+00
1.194747e+00
1.195643e+00
1.196540e+00
1.197437e+00
1.198333e+00
1.206756e+00
1.215180e+00
1.223603e+00
1.232027e+00
1.240450e+00
1.248874e+00
1.257297e+00
1.265720e+00
1.274144e+00
1.282567e+00
1.290991e+00
1.299414e+00
1.307838e+00
1.316261e+00
1.324684e+00
1.333108e+00
1.341531e+00
1.349955e+00
1.358378e+00
1.366802e+00
1.375225e+00
1.383648e+00
1.392072e+00
1.400495e+00
1.408919e+00
1.417342e+00
1.425765e+00
1.434189e+00
1.442612e+00
1.451036e+00
1.459459e+00
1.467883e+00
1.476306e+00
1.484729e+00
1.493153e+00
1.501576e+00
1.510000e+00
1.518423e+00
1.526847e+00
1.535270e+00
1.543693e+00
1.552117e+00
1.560540e+00
1.568964e+00
1.577387e+00
1.585811e+00
1.594234e+00
1.602657e+00
1.611081e+00
1.619504e+00
1.627928e+00
1.636351e+00
1.644775e+00
1.653198e+00
1.661621e+00
1.670045e+00
1.678468e+00
1.686892e+00
1.695315e+00
1.703739e+00
1.712162e+00
1.720585e+00
1.729009e+00
1.737432e+00
1.745856e+00
1.754279e+00
1.762702e+00
1.771126e+00
1.779549e+00
1.787973e+00
1.796396e+00
1.804820e+00
1.813243e+00
1.821666e+00
1.830090e+00
1.838513e+00
1.846937e+00
1.855360e+00
1.863784e+00
1.872207e+00
1.880630e+00
1.889054e+00
1.897477e+00
1.905901e+00
1.914324e+00
1.922748e+00
1.931171e+00
1.939594e+00
1.948018e+00
1.956441e+00
1.964865e+00
1.973288e+00
1.981712e+00
1.990135e+00
1.998558e+00
2.006982e+00
2.015405e+00
2.023829e+00
2.032252e+00
2.040676e+00
2.049099e+00
2.057522e+00
2.065946e+00
2.074369e+00
2.082793e+00
2.091216e+00
2.099639e+00
2.108063e+00
2.116486e+00
2.124910e+00
2.133333e+00
2.141757e+00
2.150180e+00
2.158603e+00
2.167027e+00
2.175450e+00
2.183874e+00
2.192297e+00
2.200721e+00
2.209144e+00
2.217567e+00
2.225991e+00
2.234414e+00
2.242838e+00
2.251261e+00
2.259685e+00
2.268108e+00
2.276531e+00
2.284955e+00
2.293378e+00
2.301802e+00
2.310225e+00
2.318649e+00
2.327072e+00
2.335495e+00
2.343919e+00
2.352342e+00
2.360766e+00
2.369189e+00
2.377613e+00
2.386036e+00
2.394459e+00
2.402883e+00
2.411306e+00
2.419730e+00
2.428153e+00
2.436576e+00
2.445000e+00
2.453423e+00
2.461847e+00
2.470270e+00
2.478694e+00
2.487117e+00
2.495540e+00
2.503964e+00
2.512387e+00
2.520811e+00
2.529234e+00
2.537658e+00
2.546081e+00
2.554504e+00
2.562928e+00
2.571351e+00
2.579775e+00
2.588198e+00
2.596622e+00
2.605045e+00
2.613468e+00
2.621892e+00
2.630315e+00
2.638739e+00
2.647162e+00
2.655586e+00
2.664009e+00
2.672432e+00
2.680856e+00
2.689279e+00
2.697703e+00
2.706126e+00
2.714550e+00
2.722973e+00
2.731396e+00
2.739820e+00
2.748243e+00
2.756667e+00
2.765090e+00
2.773513e+00
2.781937e+00
2.790360e+00
2.798784e+00
2.807207e+00
2.815631e+00
2.824054e+00
2.832477e+00
2.840901e+00
2.849324e+00
2.857748e+00
2.866171e+00
2.874595e+00
2.883018e+00
2.891441e+00
2.899865e+00
2.908288e+00
2.916712e+00
2.925135e+00
2.933559e+00
2.941982e+00
2.950405e+00
2.958829e+00
2.967252e+00
2.975676e+00
2.984099e+00
2.992523e+00
3.000946e+00
3.009369e+00
3.017793e+00
3.026216e+00
3.034640e+00
3.043063e+00
3.051487e+00
3.059910e+00
3.068333e+00
3.076757e+00
3.085180e+00
3.093604e+00
3.102027e+00
3.110450e+00
3.118874e+00
3.127297e+00
3.135721e+00
3.144144e+00
3.152568e+00
3.160991e+00
3.169414e+00
3.177838e+00
3.186261e+00
3.194685e+00
3.203108e+00
3.211532e+00
3.219955e+00
3.228378e+00
3.236802e+00
3.245225e+00
3.253649e+00
3.262072e+00
3.270496e+00
3.278919e+00
3.287342e+00
3.295766e+00
3.304189e+00
3.312613e+00
3.321036e+00
3.329460e+00
3.337883e+00
3.346306e+00
3.354730e+00
3.363153e+00
3.371577e+00
3.380000e+00
3.388424e+00
3.396847e+00
3.405270e+00
3.413694e+00
3.422117e+00
3.430541e+00
3.438964e+00
3.447387e+00
3.455811e+00
3.464234e+00
3.472658e+00
3.481081e+00
3.489505e+00
3.497928e+00
3.506351e+00
3.514775e+00
3.523198e+00
3.531622e+00
3.540045e+00
3.548469e+00
3.556892e+00
3.565315e+00
3.573739e+00
3.582162e+00
3.590586e+00
3.599009e+00
3.607433e+00
3.615856e+00
3.624279e+00
3.632703e+00
3.641126e+00
3.649550e+00
3.657973e+00
3.666397e+00
3.674820e+00
3.683243e+00
3.691667e+00
3.700090e+00
3.708514e+00
3.716937e+00
3.725361e+00
3.733784e+00
3.742207e+00
3.750631e+00
3.759054e+00
3.767478e+00
3.775901e+00
3.784324e+00
3.792748e+00
3.801171e+00
3.809595e+00
3.818018e+00
3.826442e+00
3.834865e+00
3.843288e+00
3.851712e+00
3.860135e+00
3.868559e+00
3.876982e+00
3.885406e+00
3.893829e+00
3.902252e+00
3.910676e+00
3.919099e+00
3.927523e+00
3.935946e+00
3.944370e+00
3.952793e+00
3.961216e+00
3.969640e+00
3.978063e+00
3.986487e+00
3.994910e+00
4.003334e+00
4.011757e+00
4.020180e+00
4.028604e+00
4.037027e+00
4.045451e+00
4.053874e+00
4.062298e+00
4.070721e+00
4.079144e+00
4.087568e+00
4.095991e+00
4.104415e+00
4.112838e+00
4.121261e+00
4.129685e+00
4.138108e+00
4.146532e+00
4.154955e+00
4.163379e+00
4.171802e+00
4.180225e+00
4.188649e+00
4.197072e+00
4.205496e+00
4.213919e+00
4.222343e+00
4.230766e+00
4.239189e+00
4.247613e+00
4.256036e+00
4.264460e+00
4.272883e+00
4.281307e+00
4.289730e+00
4.298153e+00
4.306577e+00
4.315000e+00
4.323424e+00
4.331847e+00
4.340271e+00
4.348694e+00
4.357117e+00
4.365541e+00
4.373964e+00
4.382388e+00
4.390811e+00
4.399235e+00
4.407658e+00
4.416081e+00
4.424505e+00
4.432928e+00
4.441352e+00
4.449775e+00
4.458198e+00
4.466622e+00
4.475045e+00
4.483469e+00
4.491892e+00
4.500316e+00
4.508739e+00
4.517162e+00
4.525586e+00
4.534009e+00
4.542433e+00
4.550856e+00
4.559280e+00
4.567703e+00
4.576126e+00
4.584550e+00
4.592973e+00
4.601397e+00
4.609820e+00
4.618244e+00
4.626667e+00
4.631962e+00
4.637258e+00
4.642553e+00
4.647849e+00
4.653144e+00
4.658440e+00
4.663736e+00
4.669031e+00
4.674327e+00
4.679622e+00
4.684918e+00
4.690213e+00
4.695509e+00
4.700804e+00
4.706100e+00
4.711396e+00
4.716691e+00
4.721987e+00
4.727282e+00
4.732578e+00
4.737873e+00
4.743169e+00
4.748464e+00
4.753760e+00
4.759056e+00
4.764351e+00
4.769647e+00
4.774942e+00
4.780238e+00
4.785533e+00
4.790829e+00
4.796124e+00
4.801420e+00
4.806716e+00
4.812011e+00
4.817307e+00
4.822602e+00
4.827898e+00
4.833193e+00
4.838489e+00
4.843784e+00
4.849080e+00
4.854376e+00
4.859671e+00
4.864967e+00
4.870262e+00
4.875558e+00
4.880853e+00
4.886149e+00
4.891444e+00
4.896740e+00
4.902036e+00
4.907331e+00
4.912627e+00
4.917922e+00
4.923218e+00
4.928513e+00
4.933809e+00
4.939104e+00
4.944400e+00
4.949696e+00
4.954991e+00
4.960287e+00
4.965582e+00
4.970878e+00
4.976173e+00
4.981469e+00
4.986764e+00
4.992060e+00
4.997356e+00
5.002651e+00
5.007947e+00
5.013242e+00
5.018538e+00
5.023833e+00
5.029129e+00
5.034424e+00
5.039720e+00
5.045016e+00
5.050311e+00
5.055607e+00
5.060902e+00
5.066198e+00
5.071493e+00
5.076789e+00
5.082084e+00
5.087380e+00
5.092676e+00
5.097971e+00
5.103267e+00
5.108562e+00
5.113858e+00
5.119153e+00
5.124449e+00
5.129744e+00
5.135040e+00
5.140336e+00
5.145631e+00
5.150927e+00
5.156222e+00
5.160868e+00
5.165514e+00
5.170159e+00
5.174805e+00
5.179451e+00
5.184096e+00
5.188742e+00
5.193387e+00
5.198033e+00
5.202679e+00
5.207325e+00
5.211970e+00
5.216616e+00
5.221261e+00
5.225907e+00
5.230553e+00
5.235198e+00
5.239844e+00
5.244490e+00
5.249135e+00
5.253781e+00
5.258427e+00
5.263072e+00
5.267718e+00
5.272364e+00
5.277009e+00
5.281655e+00
5.286301e+00
5.290946e+00
5.295592e+00
5.300238e+00
5.304883e+00
5.309529e+00
5.314175e+00
5.318820e+00
5.323466e+00
5.328112e+00
5.332757e+00
5.337403e+00
5.342049e+00
5.346694e+00
5.351340e+00
5.355986e+00
5.360631e+00
5.365277e+00
5.369923e+00
5.374568e+00
5.379214e+00
5.383860e+00
5.388505e+00
5.393151e+00
5.397797e+00
5.402442e+00
5.407088e+00
5.411734e+00
5.416379e+00
5.421025e+00
5.425671e+00
5.430316e+00
5.434962e+00
5.439608e+00
5.444253e+00
5.448899e+00
5.453544e+00
5.458190e+00
5.462836e+00
5.467481e+00
5.472127e+00
5.476773e+00
5.481418e+00
5.486064e+00
5.490710e+00
5.495355e+00
5.500001e+00
5.504647e+00
5.509292e+00
5.513938e+00
5.518584e+00
5.523229e+00
5.527875e+00
5.532521e+00
5.537166e+00
5.541812e+00
5.546458e+00
5.551103e+00
5.555749e+00
5.560395e+00
5.565040e+00
5.569686e+00
5.574332e+00
5.578977e+00
5.583623e+00
5.588269e+00
5.592914e+00
5.597560e+00
5.602206e+00
5.606851e+00
5.611497e+00
5.616143e+00
5.620788e+00
5.625434e+00
5.630080e+00
5.634725e+00
5.639371e+00
5.644017e+00
5.648662e+00
5.653308e+00
5.657954e+00
5.662599e+00
5.667245e+00
5.671891e+00
5.676536e+00
5.681182e+00
5.685828e+00
5.690473e+00
5.695119e+00
5.699764e+00
5.704410e+00
5.709056e+00
5.713702e+00
5.718347e+00
5.722993e+00
5.727638e+00
5.732284e+00
5.736930e+00
5.741575e+00
5.746221e+00
5.750867e+00
5.755512e+00
5.760158e+00
5.764804e+00
5.769450e+00
5.774095e+00
5.778741e+00
5.783386e+00
5.788032e+00
5.792678e+00
5.797323e+00
5.801969e+00
5.806615e+00
5.811260e+00
5.815906e+00
5.820552e+00
5.825197e+00
5.829843e+00
5.834489e+00
5.839135e+00
5.843780e+00
5.848426e+00
5.853071e+00
5.857717e+00
5.862362e+00
5.867008e+00
5.871654e+00
5.876300e+00
5.880946e+00
5.885591e+00
5.890237e+00
5.894882e+00
5.899528e+00
5.904173e+00
5.908819e+00
5.913465e+00
5.918111e+00
5.922756e+00
5.927402e+00
5.932048e+00
5.936693e+00
5.941339e+00
5.945984e+00
5.950630e+00
5.955276e+00
5.959922e+00
5.964567e+00
5.969213e+00
5.973858e+00
5.978504e+00
5.983150e+00
5.987795e+00
5.992441e+00
5.997087e+00
6.001733e+00
6.006378e+00
6.011024e+00
6.015669e+00
6.020315e+00
6.024960e+00
6.029606e+00
6.034252e+00
6.038898e+00
6.043544e+00
6.048189e+00
6.052835e+00
6.057480e+00
6.062126e+00
6.066772e+00
6.071417e+00
6.076063e+00
6.080709e+00
6.085354e+00
6.090000e+00
6.095134e+00
6.100270e+00
6.105404e+00
6.110538e+00
6.115674e+00
6.120808e+00
6.125942e+00
6.131077e+00
6.136212e+00
6.141346e+00
6.146481e+00
6.151616e+00
6.156750e+00
6.161885e+00
6.167020e+00
6.172154e+00
6.177289e+00
6.182424e+00
6.187558e+00
6.192693e+00
6.197828e+00
6.202962e+00
6.208097e+00
6.213232e+00
6.218366e+00
6.223501e+00
6.228636e+00
6.233770e+00
6.238905e+00
6.244040e+00
6.249174e+00
6.254309e+00
6.259444e+00
6.264578e+00
6.269713e+00
6.274848e+00
6.279982e+00
6.285117e+00
6.290252e+00
6.295386e+00
6.300521e+00
6.305656e+00
6.310790e+00
6.315925e+00
6.321060e+00
6.326194e+00
6.331329e+00
6.336464e+00
6.341598e+00
6.346733e+00
6.351868e+00
6.357002e+00
6.362137e+00
6.367272e+00
6.372406e+00
6.377541e+00
6.382676e+00
6.387810e+00
6.392945e+00
6.398080e+00
6.403214e+00
6.408349e+00
6.413484e+00
6.418618e+00
6.423753e+00
6.428888e+00
6.434022e+00
6.439157e+00
6.444291e+00
6.449426e+00
6.454561e+00
6.459695e+00
6.464830e+00
6.469965e+00
6.475099e+00
6.480234e+00
6.485368e+00
6.490503e+00
6.495638e+00
6.500772e+00
6.505907e+00
6.511042e+00
6.516176e+00
6.521311e+00
6.526446e+00
6.531580e+00
6.536715e+00
6.541850e+00
6.546984e+00
6.552119e+00
6.557254e+00
6.562388e+00
6.567523e+00
6.572658e+00
6.577792e+00
6.582927e+00
6.588062e+00
6.593196e+00
6.598331e+00
6.603466e+00
6.608600e+00
6.613735e+00
6.618870e+00
6.624004e+00
6.629139e+00
6.634274e+00
6.639408e+00
6.644543e+00
6.649678e+00
6.654812e+00
6.659947e+00
6.665082e+00
6.670216e+00
6.675351e+00
6.680486e+00
6.685620e+00
6.690755e+00
6.695890e+00
6.701024e+00
6.706159e+00
6.711294e+00
6.716428e+00
6.721563e+00
6.726698e+00
6.731832e+00
6.736967e+00
6.742102e+00
6.747236e+00
6.752371e+00
6.757505e+00
6.762640e+00
6.767775e+00
6.772909e+00
6.778044e+00
6.783179e+00
6.788313e+00
6.793448e+00
6.798583e+00
6.803717e+00
6.808852e+00
6.813987e+00
6.819121e+00
6.824256e+00
6.829391e+00
6.834525e+00
6.839660e+00
6.844795e+00
6.849929e+00
6.855064e+00
6.860199e+00
6.865333e+00
6.870468e+00
6.875603e+00
6.880737e+00
6.885872e+00
6.891007e+00
6.896141e+00
6.901276e+00
6.906411e+00
6.911545e+00
6.916680e+00
6.921815e+00
6.926949e+00
6.932084e+00
6.937219e+00
6.942353e+00
6.947488e+00
6.952623e+00
6.957757e+00
6.962892e+00
6.968027e+00
6.973161e+00
6.978296e+00
6.983431e+00
6.988565e+00
6.993700e+00
6.998835e+00
7.003969e+00
7.009104e+00
7.014239e+00
7.019373e+00
7.024508e+00
7.029643e+00
7.034777e+00
7.039912e+00
7.045047e+00
7.050181e+00
7.055316e+00
7.060451e+00
7.065585e+00
7.070719e+00
7.075855e+00
7.080989e+00
7.086123e+00
7.091259e+00
7.096393e+00
7.101527e+00
7.106663e+00
7.111797e+00
7.116931e+00
7.122067e+00
7.127201e+00
7.132335e+00
7.137470e+00
7.142605e+00
7.147739e+00
7.152874e+00
7.158009e+00
7.163143e+00
7.168278e+00
7.173413e+00
7.178547e+00
7.183682e+00
7.188817e+00
7.193951e+00
7.199086e+00
7.204221e+00
7.209355e+00
7.214490e+00
7.219625e+00
7.224759e+00
7.229894e+00
7.235029e+00
7.240163e+00
7.245298e+00
7.250433e+00
7.255567e+00
7.260702e+00
7.265837e+00
7.270971e+00
7.276106e+00
7.281241e+00
7.286375e+00
7.291510e+00
7.296645e+00
7.301779e+00
7.306914e+00
7.312049e+00
7.317183e+00
7.322318e+00
7.327453e+00
7.332587e+00
7.337722e+00
7.342857e+00
7.347991e+00
7.353126e+00
7.358261e+00
7.363395e+00
7.368530e+00
7.373665e+00
7.378799e+00
7.383933e+00
7.389069e+00
7.394203e+00
7.399337e+00
7.404473e+00
7.409607e+00
7.414741e+00
7.419877e+00
7.425011e+00
7.430145e+00
7.435281e+00
7.440415e+00
7.445549e+00
7.450684e+00
7.455819e+00
7.460953e+00
7.466088e+00
7.471223e+00
7.476357e+00
7.481492e+00
7.486627e+00
7.491761e+00
7.496896e+00
7.502031e+00
7.507165e+00
7.512300e+00
7.517435e+00
7.522569e+00
7.527704e+00
7.532839e+00
7.537973e+00
7.543108e+00
7.548243e+00
7.553377e+00
7.558512e+00
7.563647e+00
7.568781e+00
7.573916e+00
7.579051e+00
7.584185e+00
7.589320e+00
7.594455e+00
7.599589e+00
7.604724e+00
7.609859e+00
7.614993e+00
7.620128e+00
7.625263e+00
7.630397e+00
7.635532e+00
7.640667e+00
7.646210e+00
7.651753e+00
7.657297e+00
7.662840e+00
7.668384e+00
7.673927e+00
7.679470e+00
7.685014e+00
7.690557e+00
7.696101e+00
7.701644e+00
7.707187e+00
7.712731e+00
7.718274e+00
7.723818e+00
7.729361e+00
7.734904e+00
7.740448e+00
7.745991e+00
7.751535e+00
7.757078e+00
7.762622e+00
7.768165e+00
7.773708e+00
7.779251e+00
7.784795e+00
7.790339e+00
7.795882e+00
7.801425e+00
7.806968e+00
7.812512e+00
7.818055e+00
7.823599e+00
7.829142e+00
7.834685e+00
7.840229e+00
7.845772e+00
7.851316e+00
7.856859e+00
7.862402e+00
7.867946e+00
7.873489e+00
7.879033e+00
7.884576e+00
7.890119e+00
7.895663e+00
7.901206e+00
7.906750e+00
7.912293e+00
7.917836e+00
7.923379e+00
7.928923e+00
7.934467e+00
7.940010e+00
7.945554e+00
7.951097e+00
7.956640e+00
7.962183e+00
7.967727e+00
7.973271e+00
7.978814e+00
7.984357e+00
7.989900e+00
7.995444e+00
8.000988e+00
8.006531e+00
8.012074e+00
8.017617e+00
8.023161e+00
8.028704e+00
8.034248e+00
8.039791e+00
8.045334e+00
8.050878e+00
8.056421e+00
8.061965e+00
8.067508e+00
8.073051e+00
8.078595e+00
8.084138e+00
8.089682e+00
8.095225e+00
8.100768e+00
8.106311e+00
8.111855e+00
8.117399e+00
8.122942e+00
8.128485e+00
8.134029e+00
8.139572e+00
8.145116e+00
8.150659e+00
8.156203e+00
8.161746e+00
8.167289e+00
8.172832e+00
8.178376e+00
8.183920e+00
8.189463e+00
8.195006e+00
8.200549e+00
8.206093e+00
8.211636e+00
8.217180e+00
8.222723e+00
8.228266e+00
8.233810e+00
8.239353e+00
8.244897e+00
8.250440e+00
8.255983e+00
8.261527e+00
8.267070e+00
8.272614e+00
8.278157e+00
8.283700e+00
8.289244e+00
8.294787e+00
8.300331e+00
8.305874e+00
8.311417e+00
8.316960e+00
8.322504e+00
8.328048e+00
8.333591e+00
8.339135e+00
8.344678e+00
8.350221e+00
8.355764e+00
8.361308e+00
8.366852e+00
8.372395e+00
8.377938e+00
8.383481e+00
8.389025e+00
8.394568e+00
8.400112e+00
8.405655e+00
8.411198e+00
8.416742e+00
8.422285e+00
8.427829e+00
8.433372e+00
8.438915e+00
8.444459e+00
8.450002e+00
8.455546e+00
8.461089e+00
8.466632e+00
8.472176e+00
8.477719e+00
8.483263e+00
8.488806e+00
8.494349e+00
8.499892e+00
8.505436e+00
8.510980e+00
8.516523e+00
8.522066e+00
8.527610e+00
8.533153e+00
8.538696e+00
8.544240e+00
8.549784e+00
8.555327e+00
8.560870e+00
8.566413e+00
8.571957e+00
8.577501e+00
8.583044e+00
8.588587e+00
8.594130e+00
8.599674e+00
8.605217e+00
8.610761e+00
8.616304e+00
8.621847e+00
8.627391e+00
8.632934e+00
8.638478e+00
8.644021e+00
8.649564e+00
8.655108e+00
8.660651e+00
8.666195e+00
8.671738e+00
8.677281e+00
8.682824e+00
8.688368e+00
8.693912e+00
8.699455e+00
8.704998e+00
8.710541e+00
8.716085e+00
8.721629e+00
8.727172e+00
8.732716e+00
8.738259e+00
8.743802e+00
8.749345e+00
8.754889e+00
8.760529e+00
8.766168e+00
8.771807e+00
8.777447e+00
8.783087e+00
8.788726e+00
8.794366e+00
8.800006e+00
8.805645e+00
8.811284e+00
8.816924e+00
8.822564e+00
8.828204e+00
8.833843e+00
8.839482e+00
8.845122e+00
8.850762e+00
8.856401e+00
8.862041e+00
8.867681e+00
8.873320e+00
8.878959e+00
8.884599e+00
8.890239e+00
8.895879e+00
8.901518e+00
8.907157e+00
8.912797e+00
8.918437e+00
8.924076e+00
8.929716e+00
8.935356e+00
8.940995e+00
8.946634e+00
8.952274e+00
8.957914e+00
8.963554e+00
8.969193e+00
8.974832e+00
8.980472e+00
8.986112e+00
8.991751e+00
8.997391e+00
9.003031e+00
9.008670e+00
9.014309e+00
9.019949e+00
9.025589e+00
9.031228e+00
9.036868e+00
9.042507e+00
9.048147e+00
9.053787e+00
9.059426e+00
9.065066e+00
9.070706e+00
9.076345e+00
9.081984e+00
9.087624e+00
9.093264e+00
9.098903e+00
9.104543e+00
9.110182e+00
9.115822e+00
9.121462e+00
9.127101e+00
9.132741e+00
9.138380e+00
9.144020e+00
9.149659e+00
9.155299e+00
9.160939e+00
9.166578e+00
9.172217e+00
9.177857e+00
9.183497e+00
9.189137e+00
9.194776e+00
9.200416e+00
9.206055e+00
9.211695e+00
9.217334e+00
9.222974e+00
9.228614e+00
9.234253e+00
9.239892e+00
9.245532e+00
9.251172e+00
9.256812e+00
9.262451e+00
9.268091e+00
9.273730e+00
9.279370e+00
9.285009e+00
9.290649e+00
9.296289e+00
9.301928e+00
9.307567e+00
9.313207e+00
9.318847e+00
9.324487e+00
9.330126e+00
9.335766e+00
9.341405e+00
9.347045e+00
9.352684e+00
9.358324e+00
9.363964e+00
9.369603e+00
9.375242e+00
9.380882e+00
9.386522e+00
9.392161e+00
9.397801e+00
9.403441e+00
9.409080e+00
9.414720e+00
9.420359e+00
9.425999e+00
9.431639e+00
9.437278e+00
9.442917e+00
9.448557e+00
9.454197e+00
9.459836e+00
9.465476e+00
9.471116e+00
9.476755e+00
9.482395e+00
9.488034e+00
9.493674e+00
9.499314e+00
9.504953e+00
9.510592e+00
9.516232e+00
9.521872e+00
9.527511e+00
9.533151e+00
9.538790e+00
9.544430e+00
9.550070e+00
9.555709e+00
9.561349e+00
9.566989e+00
9.572628e+00
9.578267e+00
9.583907e+00
9.589547e+00
9.595186e+00
9.600826e+00
9.606465e+00
9.612105e+00
9.617745e+00
9.623384e+00
9.629024e+00
9.634664e+00
9.640303e+00
9.645942e+00
9.651582e+00
9.657222e+00
9.662861e+00
9.668501e+00
9.674140e+00
9.679780e+00
9.685420e+00
9.691059e+00
9.696699e+00
9.702339e+00
9.707978e+00
9.713617e+00
9.719257e+00
9.724897e+00
9.730536e+00
9.736176e+00
9.741815e+00
9.747455e+00
9.753094e+00
9.758734e+00
9.764374e+00
9.770014e+00
9.775653e+00
9.781292e+00
9.786932e+00
9.792572e+00
9.798211e+00
9.803851e+00
9.809490e+00
9.815130e+00
9.820769e+00
9.826409e+00
9.832049e+00
9.837689e+00
9.843328e+00
9.848967e+00
9.854607e+00
9.860247e+00
9.865886e+00
9.871526e+00
9.877165e+00
9.882805e+00
9.888444e+00
9.894368e+00
9.900293e+00
9.906217e+00
9.912141e+00
9.918065e+00
9.923990e+00
9.929914e+00
9.935838e+00
9.941762e+00
9.947687e+00
9.953610e+00
9.959535e+00
9.965459e+00
9.971383e+00
9.977307e+00
9.983232e+00
9.989156e+00
9.995080e+00
1.000100e+01
1.000693e+01
1.001285e+01
1.001878e+01
1.002470e+01
1.003063e+01
1.003655e+01
1.004247e+01
1.004840e+01
1.005432e+01
1.006025e+01
1.006617e+01
1.007209e+01
1.007802e+01
1.008394e+01
1.008987e+01
1.009579e+01
1.010172e+01
1.010764e+01
1.011356e+01
1.011949e+01
1.012541e+01
1.013134e+01
1.013726e+01
1.014319e+01
1.014911e+01
1.015503e+01
1.016096e+01
1.016688e+01
1.017281e+01
1.017873e+01
1.018466e+01
1.019058e+01
1.019650e+01
1.020243e+01
1.020835e+01
1.021428e+01
1.022020e+01
1.022612e+01
1.023205e+01
1.023797e+01
1.024390e+01
1.024982e+01
1.025575e+01
1.026167e+01
1.026759e+01
1.027352e+01
1.027944e+01
1.028537e+01
1.029129e+01
1.029721e+01
1.030314e+01
1.030906e+01
1.031499e+01
1.032091e+01
1.032684e+01
1.033276e+01
1.033868e+01
1.034461e+01
1.035053e+01
1.035646e+01
1.036238e+01
1.036831e+01
1.037423e+01
1.038015e+01
1.038608e+01
1.039200e+01
1.039793e+01
1.040385e+01
1.040978e+01
1.041570e+01
1.042162e+01
1.042755e+01
1.043347e+01
1.043940e+01
1.044532e+01
1.045124e+01
1.045717e+01
1.046309e+01
1.046902e+01
1.047494e+01
1.048087e+01
1.048679e+01
1.049271e+01
1.049864e+01
1.050456e+01
1.051049e+01
1.051641e+01
1.052233e+01
1.052826e+01
1.053418e+01
1.054011e+01
1.054603e+01
1.055196e+01
1.055788e+01
1.056380e+01
1.056973e+01
1.057565e+01
1.058158e+01
1.058750e+01
1.059343e+01
1.059935e+01
1.060527e+01
1.061120e+01
1.061712e+01
1.062305e+01
1.062897e+01
1.063490e+01
1.064082e+01
1.064674e+01
1.065267e+01
1.065859e+01
1.066452e+01
1.067044e+01
1.067636e+01
1.068229e+01
1.068821e+01
1.069414e+01
1.070006e+01
1.070599e+01
1.071191e+01
1.071783e+01
1.072376e+01
1.072968e+01
1.073561e+01
1.074153e+01
1.074745e+01
1.075338e+01
1.075930e+01
1.076523e+01
1.077115e+01
1.077708e+01
1.078300e+01
1.078892e+01
1.079485e+01
1.080077e+01
1.080670e+01
1.081262e+01
1.081855e+01
1.082447e+01
1.083039e+01
1.083632e+01
1.084224e+01
1.084817e+01
1.085409e+01
1.086001e+01
1.086594e+01
1.087186e+01
1.087779e+01
1.088371e+01
1.088964e+01
1.089556e+01
1.090148e+01
1.090741e+01
1.091333e+01
1.091926e+01
1.092518e+01
1.093110e+01
1.093703e+01
1.094295e+01
1.094888e+01
1.095480e+01
1.096073e+01
1.096665e+01
1.097257e+01
1.097850e+01
1.098442e+01
1.099035e+01
1.099627e+01
1.100220e+01
1.100812e+01
1.101404e+01
1.101997e+01
1.102589e+01
1.103182e+01
1.103774e+01
1.104367e+01
1.104959e+01
1.105551e+01
1.106144e+01
1.106736e+01
1.107329e+01
1.107921e+01
1.108513e+01
1.109106e+01
1.109698e+01
1.110291e+01
1.110883e+01
1.111476e+01
1.112068e+01
1.112660e+01
1.113253e+01
1.113845e+01
1.114438e+01
1.115030e+01
1.115622e+01
1.116215e+01
1.116807e+01
1.117400e+01
1.117992e+01
1.118585e+01
1.119177e+01
1.119769e+01
1.120362e+01
1.120954e+01
1.121547e+01
1.122139e+01
1.122732e+01
1.123324e+01
1.123916e+01
1.124509e+01
1.125101e+01
1.125694e+01
1.126286e+01
1.126879e+01
1.127471e+01
1.128063e+01
1.128656e+01
1.129248e+01
1.129841e+01
1.130433e+01
1.131025e+01
1.131618e+01
1.132210e+01
1.132803e+01
1.133395e+01
1.133988e+01
1.134580e+01
1.135172e+01
1.135765e+01
1.136357e+01
1.136950e+01
1.137542e+01
1.138135e+01
1.138727e+01
1.139319e+01
1.139912e+01
1.140504e+01
1.141097e+01
1.141689e+01
1.142281e+01
1.142874e+01
1.143466e+01
1.144059e+01
1.144651e+01
1.145244e+01
1.145836e+01
1.146428e+01
1.147021e+01
1.147613e+01
1.148206e+01
1.148798e+01
1.149391e+01
1.149983e+01
1.150575e+01
1.151168e+01
1.151760e+01
1.152353e+01
1.152945e+01
1.153537e+01
1.154130e+01
1.154722e+01
1.155315e+01
1.155907e+01
1.156500e+01
1.157092e+01
1.157684e+01
1.158277e+01
1.158869e+01
1.159462e+01
1.160054e+01
1.160647e+01
1.161239e+01
1.161831e+01
1.162424e+01
1.163016e+01
1.163609e+01
1.164201e+01
1.164793e+01
1.165386e+01
1.165978e+01
1.166571e+01
1.167163e+01
1.167756e+01
1.168368e+01
1.168980e+01
1.169592e+01
1.170205e+01
1.170817e+01
1.171429e+01
1.172042e+01
1.172654e+01
1.173266e+01
1.173879e+01
1.174491e+01
1.175103e+01
1.175716e+01
1.176328e+01
1.176940e+01
1.177552e+01
1.178165e+01
1.178777e+01
1.179389e+01
1.180002e+01
1.180614e+01
1.181226e+01
1.181839e+01
1.182451e+01
1.183063e+01
1.183676e+01
1.184288e+01
1.184900e+01
1.185512e+01
1.186125e+01
1.186737e+01
1.187349e+01
1.187962e+01
1.188574e+01
1.189186e+01
1.189799e+01
1.190411e+01
1.191023e+01
1.191635e+01
1.192248e+01
1.192860e+01
1.193472e+01
1.194085e+01
1.194697e+01
1.195309e+01
1.195922e+01
1.196534e+01
1.197146e+01
1.197759e+01
1.198371e+01
1.198983e+01
1.199595e+01
1.200208e+01
1.200820e+01
1.201432e+01
1.202045e+01
1.202657e+01
1.203269e+01
1.203882e+01
1.204494e+01
1.205106e+01
1.205719e+01
1.206331e+01
1.206943e+01
1.207555e+01
1.208168e+01
1.208780e+01
1.209392e+01
1.210005e+01
1.210617e+01
1.211229e+01
1.211842e+01
1.212454e+01
1.213066e+01
1.213679e+01
1.214291e+01
1.214903e+01
1.215515e+01
1.216128e+01
1.216740e+01
1.217352e+01
1.217965e+01
1.218577e+01
1.219189e+01
1.219802e+01
1.220414e+01
1.221026e+01
1.221639e+01
1.222251e+01
1.222863e+01
1.223475e+01
1.224088e+01
1.224700e+01
1.225312e+01
1.225925e+01
1.226537e+01
1.227149e+01
1.227762e+01
1.228374e+01
1.228986e+01
1.229598e+01
1.230211e+01
1.230823e+01
1.231435e+01
1.232048e+01
1.232660e+01
1.233272e+01
1.233885e+01
1.234497e+01
1.235109e+01
1.235722e+01
1.236334e+01
1.236946e+01
1.237558e+01
1.238171e+01
1.238783e+01
1.239395e+01
1.240008e+01
1.240620e+01
1.241232e+01
1.241845e+01
1.242457e+01
1.243069e+01
1.243682e+01
1.244294e+01
1.244906e+01
1.245518e+01
1.246131e+01
1.246743e+01
1.247355e+01
1.247968e+01
1.248580e+01
1.249192e+01
1.249805e+01
1.250417e+01
1.251029e+01
1.251642e+01
1.252254e+01
1.252866e+01
1.253478e+01
1.254091e+01
1.254703e+01
1.255315e+01
1.255928e+01
1.256540e+01
1.257152e+01
1.257765e+01
1.258377e+01
1.258989e+01
1.259602e+01
1.260214e+01
1.260826e+01
1.261438e+01
1.262051e+01
1.262663e+01
1.263275e+01
1.263888e+01
1.264500e+01
1.265112e+01
1.265725e+01
1.266337e+01
1.266949e+01
1.267561e+01
1.268174e+01
1.268786e+01
1.269398e+01
1.270011e+01
1.270623e+01
1.271235e+01
1.271848e+01
1.272460e+01
1.273072e+01
1.273685e+01
1.274297e+01
1.274909e+01
1.275521e+01
1.276134e+01
1.276746e+01
1.277358e+01
1.277971e+01
1.278583e+01
1.279195e+01
1.279808e+01
1.280420e+01
1.281032e+01
1.281645e+01
1.282257e+01
1.282869e+01
1.283481e+01
1.284094e+01
1.284706e+01
1.285318e+01
1.285931e+01
1.286543e+01
1.287155e+01
1.287768e+01
1.288380e+01
1.288992e+01
1.289605e+01
1.290217e+01
1.290829e+01
1.291441e+01
1.292054e+01
1.292666e+01
1.293278e+01
1.293891e+01
1.294503e+01
1.295115e+01
1.295728e+01
1.296340e+01
1.296952e+01
1.297565e+01
1.298177e+01
1.298789e+01
1.299401e+01
1.300014e+01
1.300626e+01
1.301238e+01
1.301851e+01
1.302463e+01
1.303075e+01
1.303688e+01
1.304300e+01
1.304912e+01
1.305524e+01
1.306137e+01
1.306749e+01
1.307361e+01
1.307974e+01
1.308586e+01
1.309198e+01
1.309811e+01
1.310423e+01
1.311035e+01
1.311648e+01
1.312260e+01
1.312872e+01
1.313484e+01
1.314097e+01
1.314709e+01
1.315321e+01
1.315934e+01
1.316546e+01
1.317158e+01
1.317771e+01
1.318383e+01
1.318995e+01
1.319608e+01
1.320220e+01
1.320832e+01
1.321444e+01
1.322057e+01
1.322669e+01
1.323281e+01
1.323894e+01
1.324506e+01
1.325118e+01
1.325731e+01
1.326343e+01
1.326955e+01
1.327568e+01
1.328180e+01
1.328792e+01
1.329404e+01
1.330017e+01
1.330629e+01
1.331241e+01
1.331854e+01
1.332466e+01
1.333078e+01
1.333691e+01
1.334303e+01
1.334915e+01
1.335527e+01
1.336140e+01
1.336752e+01
1.337364e+01
1.337977e+01
1.338589e+01
1.339201e+01
1.339814e+01
1.340426e+01
1.341038e+01
1.341651e+01
1.342263e+01
1.342875e+01
1.343487e+01
1.344100e+01
1.344712e+01
1.345324e+01
1.345937e+01
1.346549e+01
1.347161e+01
1.347774e+01
1.348386e+01
1.348998e+01
1.349611e+01
1.350223e+01
1.350835e+01
1.351447e+01
1.352060e+01
1.352672e+01
1.353284e+01
1.353897e+01
1.354509e+01
1.355121e+01
1.355734e+01
1.356346e+01
1.356958e+01
1.357571e+01
1.358183e+01
1.358795e+01
1.359407e+01
1.360020e+01
1.360632e+01
1.361244e+01
1.361857e+01
1.362469e+01
1.363081e+01
1.363694e+01
1.364306e+01
1.364918e+01
1.365531e+01
1.366143e+01
1.366755e+01
1.367367e+01
1.367980e+01
1.368592e+01
1.369204e+01
1.369817e+01
1.370429e+01
1.371041e+01
1.371654e+01
1.372266e+01
1.372878e+01
1.373490e+01
1.374103e+01
1.374715e+01
1.375327e+01
1.375940e+01
1.376552e+01
1.377164e+01
1.377777e+01
1.378389e+01
1.379001e+01
1.379614e+01
1.380226e+01
1.380838e+01
1.381450e+01
1.382063e+01
1.382675e+01
1.383287e+01
1.383900e+01
1.384512e+01
1.385124e+01
1.385737e+01
1.386349e+01
1.386961e+01
1.387574e+01
1.388186e+01
1.388798e+01
1.389410e+01
1.390023e+01
1.390635e+01
1.391247e+01
1.391860e+01
1.392472e+01
1.393084e+01
1.393697e+01
1.394309e+01
1.394921e+01
1.395534e+01
1.396146e+01
1.396758e+01
1.397370e+01
1.397983e+01
1.398595e+01
1.399207e+01
1.399820e+01
1.400432e+01
1.401044e+01
1.401657e+01
1.402269e+01
1.402881e+01
1.403494e+01
1.404106e+01
1.404718e+01
1.405330e+01
1.405943e+01
1.406555e+01
1.407167e+01
1.407780e+01
1.408392e+01
1.409004e+01
1.409617e+01
1.410229e+01
1.410841e+01
1.411453e+01
1.412066e+01
1.412678e+01
1.413290e+01
1.413903e+01
1.414515e+01
1.415127e+01
1.415740e+01
1.416352e+01
1.416964e+01
1.417577e+01
1.418189e+01
1.418801e+01
1.419413e+01
1.420026e+01
1.420638e+01
1.421250e+01
1.421863e+01
1.422475e+01
1.423087e+01
1.423700e+01
1.424312e+01
1.424924e+01
1.425537e+01
1.426149e+01
1.426761e+01
1.427373e+01
1.427986e+01
1.428598e+01
1.429210e+01
1.429823e+01
1.430435e+01
1.431047e+01
1.431660e+01
1.432272e+01
1.432884e+01
1.433497e+01
1.434109e+01
1.434721e+01
1.435333e+01
1.435946e+01
1.436558e+01
1.437170e+01
1.437783e+01
1.438395e+01
1.439007e+01
1.439620e+01
1.440232e+01
1.440844e+01
1.441456e+01
1.442069e+01
1.442681e+01
1.443293e+01
1.443906e+01
1.444518e+01
1.445130e+01
1.445743e+01
1.446355e+01
1.446967e+01
1.447580e+01
1.448192e+01
1.448804e+01
1.449416e+01
1.450029e+01
1.450641e+01
1.451253e+01
1.451866e+01
1.452478e+01
1.453090e+01
1.453703e+01
1.454315e+01
1.454927e+01
1.455540e+01
1.456152e+01
1.456764e+01
1.457376e+01
1.457989e+01
1.458601e+01
1.459213e+01
1.459826e+01
1.460438e+01
1.461050e+01
1.461663e+01
1.462275e+01
1.462887e+01
1.463500e+01
1.464112e+01
1.464724e+01
1.465336e+01
1.465949e+01
1.466561e+01
1.467173e+01
1.467786e+01
1.468398e+01
1.469010e+01
1.469623e+01
1.470235e+01
1.470847e+01
1.471460e+01
1.472072e+01
1.472684e+01
1.473296e+01
1.473909e+01
1.474521e+01
1.475133e+01
1.475636e+01
1.476139e+01
1.476642e+01
1.477145e+01
1.477648e+01
1.478151e+01
1.478654e+01
1.479156e+01
1.479659e+01
1.480162e+01
1.480665e+01
1.481168e+01
1.481671e+01
1.482174e+01
1.482677e+01
1.483180e+01
1.483683e+01
1.484185e+01
1.484688e+01
1.485191e+01
1.485694e+01
1.486197e+01
1.486700e+01
1.487203e+01
1.487706e+01
1.488209e+01
1.488711e+01
1.489214e+01
1.489717e+01
1.490220e+01
1.490723e+01
1.491226e+01
1.491729e+01
1.492232e+01
1.492735e+01
1.493237e+01
1.493740e+01
1.494243e+01
1.494746e+01
1.495249e+01
1.495752e+01
1.496255e+01
1.496758e+01
1.497261e+01
1.497764e+01
1.498266e+01
1.498769e+01
1.499272e+01
1.499775e+01
1.500278e+01
1.500781e+01
1.501284e+01
1.501787e+01
1.502290e+01
1.502793e+01
1.503295e+01
1.503798e+01
1.504301e+01
1.504804e+01
1.505307e+01
1.505810e+01
1.506313e+01
1.506816e+01
1.507319e+01
1.507821e+01
1.508324e+01
1.508827e+01
1.509330e+01
1.509833e+01
1.510336e+01
1.510839e+01
1.511342e+01
1.511845e+01
1.512347e+01
1.512850e+01
1.513353e+01
1.513856e+01
1.514359e+01
1.514862e+01
1.515365e+01
1.515868e+01
1.516371e+01
1.516873e+01
1.517376e+01
1.517879e+01
1.518382e+01
1.518885e+01
1.519388e+01
1.519891e+01
1.520394e+01
1.520897e+01
1.521400e+01
1.521902e+01
1.522405e+01
1.522908e+01
1.523411e+01
1.523914e+01
1.524417e+01
1.524920e+01
1.525423e+01
1.525926e+01
1.526429e+01
1.526931e+01
1.527434e+01
1.527937e+01
1.528440e+01
1.528943e+01
1.529446e+01
1.529949e+01
1.530452e+01
1.530955e+01
1.531457e+01
1.531960e+01
1.532463e+01
1.532966e+01
1.533469e+01
1.533972e+01
1.534475e+01
1.534978e+01
1.535481e+01
1.535983e+01
1.536486e+01
1.536989e+01
1.537492e+01
1.537995e+01
1.538498e+01
1.539001e+01
1.539504e+01
1.540007e+01
1.540510e+01
1.541012e+01
1.541515e+01
1.542018e+01
1.542521e+01
1.543024e+01
1.543527e+01
1.544030e+01
1.544533e+01
1.545036e+01
1.545538e+01
1.546041e+01
1.546544e+01
1.547047e+01
1.547550e+01
1.548053e+01
1.548556e+01
1.549059e+01
1.549562e+01
1.550064e+01
1.550567e+01
1.551070e+01
1.551573e+01
1.552076e+01
1.552579e+01
1.553082e+01
1.553585e+01
1.554088e+01
1.554591e+01
1.555093e+01
1.555596e+01
1.556099e+01
1.556602e+01
1.557105e+01
1.557608e+01
1.558111e+01
1.558614e+01
1.559117e+01
1.559619e+01
1.560122e+01
1.560625e+01
1.561128e+01
1.561631e+01
1.562134e+01
1.562637e+01
1.563140e+01
1.563643e+01
1.564146e+01
1.564648e+01
1.565151e+01
1.565654e+01
1.566157e+01
1.566660e+01
1.567163e+01
1.567666e+01
1.568169e+01
1.568672e+01
1.569174e+01
1.569677e+01
1.570180e+01
1.570683e+01
1.571186e+01
1.571689e+01
1.572192e+01
1.572695e+01
1.573198e+01
1.573700e+01
1.574203e+01
1.574706e+01
1.575209e+01
1.575712e+01
1.576215e+01
1.576718e+01
1.577221e+01
1.577724e+01
1.578227e+01
1.578729e+01
1.579232e+01
1.579735e+01
1.580238e+01
1.580741e+01
1.581244e+01
1.581747e+01
1.582250e+01
1.582753e+01
1.583256e+01
1.583758e+01
1.584261e+01
1.584764e+01
1.585267e+01
1.585770e+01
1.586273e+01
1.586776e+01
1.587279e+01
1.587782e+01
1.588284e+01
1.588787e+01
1.589290e+01
1.589793e+01
1.590296e+01
1.590799e+01
1.591302e+01
1.591805e+01
1.592308e+01
1.592810e+01
1.593313e+01
1.593816e+01
1.594319e+01
1.594822e+01
1.595325e+01
1.595828e+01
1.596331e+01
1.596834e+01
1.597337e+01
1.597839e+01
1.598342e+01
1.598845e+01
1.599348e+01
1.599851e+01
1.600354e+01
1.600857e+01
1.601360e+01
1.601863e+01
1.602365e+01
1.602868e+01
1.603371e+01
1.603874e+01
1.604377e+01
1.604880e+01
1.605383e+01
1.605886e+01
1.606389e+01
1.606891e+01
1.607394e+01
1.607897e+01
1.608400e+01
1.608903e+01
1.609406e+01
1.609909e+01
1.610412e+01
1.610915e+01
1.611418e+01
1.611920e+01
1.612423e+01
1.612926e+01
1.613429e+01
1.613932e+01
1.614435e+01
1.614938e+01
1.615441e+01
1.615944e+01
1.616446e+01
1.616949e+01
1.617452e+01
1.617955e+01
1.618458e+01
1.618961e+01
1.619464e+01
1.619967e+01
1.620470e+01
1.620973e+01
1.621475e+01
1.621978e+01
1.622481e+01
1.622984e+01
1.623487e+01
1.623990e+01
1.624493e+01
1.624996e+01
1.625499e+01
1.626001e+01
1.626504e+01
1.627007e+01
1.627510e+01
1.628013e+01
1.628516e+01
1.629019e+01
1.629522e+01
1.630025e+01
1.630527e+01
1.631030e+01
1.631533e+01
1.632036e+01
1.632539e+01
1.633042e+01
1.633545e+01
1.634048e+01
1.634551e+01
1.635054e+01
1.635556e+01
1.636059e+01
1.636562e+01
1.637065e+01
1.637568e+01
1.638071e+01
1.638574e+01
1.639077e+01
1.639580e+01
1.640083e+01
1.640585e+01
1.641088e+01
1.641591e+01
1.642094e+01
1.642597e+01
1.643100e+01
1.643603e+01
1.644106e+01
1.644609e+01
1.645111e+01
1.645614e+01
1.646117e+01
1.646620e+01
1.647123e+01
1.647626e+01
1.648129e+01
1.648632e+01
1.649135e+01
1.649637e+01
1.650140e+01
1.650643e+01
1.651146e+01
1.651649e+01
1.652152e+01
1.652655e+01
1.653158e+01
1.653661e+01
1.654164e+01
1.654666e+01
1.655169e+01
1.655672e+01
1.656175e+01
1.656678e+01
1.657181e+01
1.657684e+01
1.658187e+01
1.658690e+01
1.659192e+01
1.659695e+01
1.660198e+01
1.660701e+01
1.661204e+01
1.661707e+01
1.662210e+01
1.662713e+01
1.663216e+01
1.663718e+01
1.664221e+01
1.664724e+01
1.665227e+01
1.665730e+01
1.666233e+01
1.666736e+01
1.667239e+01
1.667742e+01
1.668245e+01
1.668747e+01
1.669250e+01
1.669753e+01
1.670256e+01
1.670759e+01
1.671262e+01
1.671765e+01
1.672268e+01
1.672771e+01
1.673273e+01
1.673776e+01
1.674279e+01
1.674782e+01
1.675285e+01
1.675788e+01
1.676291e+01
1.676794e+01
1.677297e+01
1.677800e+01
1.678302e+01
1.678805e+01
1.679308e+01
1.679811e+01
1.680314e+01
1.680817e+01
1.681320e+01
1.681823e+01
1.682326e+01
1.682828e+01
1.683331e+01
1.683834e+01
1.684337e+01
1.684840e+01
1.685343e+01
1.685846e+01
1.686349e+01
1.686852e+01
1.687354e+01
1.687857e+01
1.688360e+01
1.688863e+01
1.689366e+01
1.689869e+01
1.690372e+01
1.690875e+01
1.691378e+01
1.691881e+01
1.692383e+01
1.692886e+01
1.693389e+01
1.693892e+01
1.694395e+01
1.694898e+01
1.695401e+01
1.695904e+01
1.696407e+01
1.696909e+01
1.697412e+01
1.697915e+01
1.698418e+01
1.698921e+01
1.699424e+01
1.699927e+01
1.700430e+01
1.700933e+01
1.701436e+01
1.701938e+01
1.702441e+01
1.702944e+01
1.703447e+01
1.703950e+01
1.704453e+01
1.704956e+01
1.705459e+01
1.705962e+01
1.706464e+01
1.706967e+01
1.707470e+01
1.707973e+01
1.708476e+01
1.708979e+01
1.709482e+01
1.709985e+01
1.710488e+01
1.710990e+01
1.711493e+01
1.711996e+01
1.712499e+01
1.713002e+01
1.713505e+01
1.714008e+01
1.714511e+01
1.715014e+01
1.715517e+01
1.716019e+01
1.716522e+01
1.717025e+01
1.717528e+01
1.718031e+01
1.718534e+01
1.719037e+01
1.719540e+01
1.720043e+01
1.720545e+01
1.721048e+01
1.721551e+01
1.722054e+01
1.722557e+01
1.723060e+01
1.723563e+01
1.724066e+01
1.724569e+01
1.725072e+01
1.725574e+01
1.726077e+01
1.726580e+01
1.727083e+01
1.727586e+01
1.728089e+01
1.728582e+01
1.729074e+01
1.729567e+01
1.730059e+01
1.730552e+01
1.731045e+01
1.731537e+01
1.732030e+01
1.732523e+01
1.733015e+01
1.733508e+01
1.734001e+01
1.734493e+01
1.734986e+01
1.735479e+01
1.735971e+01
1.736464e+01
1.736956e+01
1.737449e+01
1.737942e+01
1.738434e+01
1.738927e+01
1.739420e+01
1.739912e+01
1.740405e+01
1.740898e+01
1.741390e+01
1.741883e+01
1.742376e+01
1.742868e+01
1.743361e+01
1.743854e+01
1.744346e+01
1.744839e+01
1.745331e+01
1.745824e+01
1.746317e+01
1.746809e+01
1.747302e+01
1.747795e+01
1.748287e+01
1.748780e+01
1.749273e+01
1.749765e+01
1.750258e+01
1.750751e+01
1.751243e+01
1.751736e+01
1.752228e+01
1.752721e+01
1.753214e+01
1.753706e+01
1.754199e+01
1.754692e+01
1.755184e+01
1.755677e+01
1.756170e+01
1.756662e+01
1.757155e+01
1.757648e+01
1.758140e+01
1.758633e+01
1.759125e+01
1.759618e+01
1.760111e+01
1.760603e+01
1.761096e+01
1.761589e+01
1.762081e+01
1.762574e+01
1.763067e+01
1.763559e+01
1.764052e+01
1.764545e+01
1.765037e+01
1.765530e+01
1.766022e+01
1.766515e+01
1.767008e+01
1.767500e+01
1.767993e+01
1.768486e+01
1.768978e+01
1.769471e+01
1.769964e+01
1.770456e+01
1.770949e+01
1.771442e+01
1.771934e+01
1.772427e+01
1.772920e+01
1.773412e+01
1.773905e+01
1.774397e+01
1.774890e+01
1.775383e+01
1.775875e+01
1.776368e+01
1.776861e+01
1.777353e+01
1.777846e+01
1.778339e+01
1.778831e+01
1.779324e+01
1.779817e+01
1.780309e+01
1.780802e+01
1.781294e+01
1.781787e+01
1.782280e+01
1.782772e+01
1.783265e+01
1.783758e+01
1.784250e+01
1.784743e+01
1.785236e+01
1.785728e+01
1.786221e+01
1.786714e+01
1.787206e+01
1.787699e+01
1.788191e+01
1.788684e+01
1.789177e+01
1.789669e+01
1.790162e+01
1.790655e+01
1.791147e+01
1.791640e+01
1.792133e+01
1.792625e+01
1.793118e+01
1.793611e+01
1.794103e+01
1.794596e+01
1.795088e+01
1.795581e+01
1.796074e+01
1.796566e+01
1.797059e+01
1.797552e+01
1.798044e+01
1.798537e+01
1.799030e+01
1.799522e+01
1.800015e+01
1.800508e+01
1.801000e+01
1.801493e+01
1.801985e+01
1.802478e+01
1.802971e+01
1.803463e+01
1.803956e+01
1.804449e+01
1.804941e+01
1.805434e+01
1.805927e+01
1.806419e+01
1.806912e+01
1.807405e+01
1.807897e+01
1.808390e+01
1.808883e+01
1.809375e+01
1.809868e+01
1.810360e+01
1.810853e+01
1.811346e+01
1.811838e+01
1.812331e+01
1.812824e+01
1.813316e+01
1.813809e+01
1.814302e+01
1.814794e+01
1.815287e+01
1.815780e+01
1.816272e+01
1.816765e+01
1.817257e+01
1.817750e+01
1.818243e+01
1.818735e+01
1.819228e+01
1.819721e+01
1.820213e+01
1.820706e+01
1.821199e+01
1.821691e+01
1.822184e+01
1.822677e+01
1.823169e+01
1.823662e+01
1.824154e+01
1.824647e+01
1.825140e+01
1.825632e+01
1.826125e+01
1.826618e+01
1.827110e+01
1.827603e+01
1.828096e+01
1.828588e+01
1.829081e+01
1.829574e+01
1.830066e+01
1.830559e+01
1.831051e+01
1.831544e+01
1.832037e+01
1.832529e+01
1.833022e+01
1.833515e+01
1.834007e+01
1.834500e+01
1.834993e+01
1.835485e+01
1.835978e+01
1.836471e+01
1.836963e+01
1.837456e+01
1.837949e+01
1.838441e+01
1.838934e+01
1.839426e+01
1.839919e+01
1.840412e+01
1.840904e+01
1.841397e+01
1.841890e+01
1.842382e+01
1.842875e+01
1.843368e+01
1.843860e+01
1.844353e+01
1.844846e+01
1.845338e+01
1.845831e+01
1.846323e+01
1.846816e+01
1.847309e+01
1.847801e+01
1.848294e+01
1.848787e+01
1.849279e+01
1.849772e+01
1.850265e+01
1.850757e+01
1.851250e+01
1.851743e+01
1.852235e+01
1.852728e+01
1.853220e+01
1.853713e+01
1.854206e+01
1.854698e+01
1.855191e+01
1.855684e+01
1.856176e+01
1.856669e+01
1.857162e+01
1.857654e+01
1.858147e+01
1.858640e+01
1.859132e+01
1.859625e+01
1.860117e+01
1.860610e+01
1.861103e+01
1.861595e+01
1.862088e+01
1.862581e+01
1.863073e+01
1.863566e+01
1.864059e+01
1.864551e+01
1.865044e+01
1.865537e+01
1.866029e+01
1.866522e+01
1.867015e+01
1.867507e+01
1.868000e+01
1.868492e+01
1.868985e+01
1.869478e+01
1.869970e+01
1.870463e+01
1.870956e+01
1.871448e+01
1.871941e+01
1.872434e+01
1.872926e+01
1.873419e+01
1.873912e+01
1.874404e+01
1.874897e+01
1.875390e+01
1.875882e+01
1.876375e+01
1.876867e+01
1.877360e+01
1.877853e+01
1.878345e+01
1.878838e+01
1.879331e+01
1.879823e+01
1.880316e+01
1.880809e+01
1.881301e+01
1.881794e+01
1.882287e+01
1.882779e+01
1.883272e+01
1.883764e+01
1.884257e+01
1.884750e+01
1.885242e+01
1.885735e+01
1.886228e+01
1.886720e+01
1.887213e+01
1.887706e+01
1.888198e+01
1.888691e+01
1.889183e+01
1.889676e+01
1.890169e+01
1.890661e+01
1.891154e+01
1.891647e+01
1.892139e+01
1.892632e+01
1.893125e+01
1.893617e+01
1.894110e+01
1.894603e+01
1.895095e+01
1.895588e+01
1.896081e+01
1.896573e+01
1.897066e+01
1.897558e+01
1.898051e+01
1.898544e+01
1.899036e+01
1.899529e+01
1.900022e+01
1.900514e+01
1.901007e+01
1.901500e+01
1.901992e+01
1.902485e+01
1.902978e+01
1.903470e+01
1.903963e+01
1.904456e+01
1.904948e+01
1.905441e+01
1.905933e+01
1.906426e+01
1.906919e+01
1.907411e+01
1.907904e+01
1.908397e+01
1.908889e+01
1.909382e+01
1.909875e+01
1.910367e+01
1.910860e+01
1.911353e+01
1.911845e+01
1.912338e+01
1.912830e+01
1.913323e+01
1.913816e+01
1.914308e+01
1.914801e+01
1.915294e+01
1.915786e+01
1.916279e+01
1.916772e+01
1.917264e+01
1.917757e+01
1.918250e+01
1.918742e+01
1.919235e+01
1.919727e+01
1.920220e+01
1.920713e+01
1.921205e+01
1.921698e+01
1.922191e+01
1.922683e+01
1.923176e+01
1.923669e+01
1.924161e+01
1.924654e+01
1.925147e+01
1.925639e+01
1.926132e+01
1.926624e+01
1.927117e+01
1.927610e+01
1.928102e+01
1.928595e+01
1.929088e+01
1.929580e+01
1.930073e+01
1.930566e+01
1.931058e+01
1.931551e+01
1.932044e+01
1.932536e+01
1.933029e+01
1.933522e+01
1.934014e+01
1.934507e+01
1.934999e+01
1.935492e+01
1.935985e+01
1.936477e+01
1.936970e+01
1.937463e+01
1.937955e+01
1.938448e+01
1.938941e+01
1.939433e+01
1.939926e+01
1.940419e+01
1.940911e+01
1.941404e+01
1.941896e+01
1.942389e+01
1.942882e+01
1.943374e+01
1.943867e+01
1.944360e+01
1.944852e+01
1.945345e+01
1.945838e+01
1.946330e+01
1.946823e+01
1.947316e+01
1.947808e+01
1.948301e+01
1.948793e+01
1.949286e+01
1.949779e+01
1.950271e+01
1.950764e+01
1.951257e+01
1.951749e+01
1.952242e+01
1.952735e+01
1.953227e+01
1.953720e+01
1.954213e+01
1.954705e+01
1.955198e+01
1.955690e+01
1.956183e+01
1.956676e+01
1.957168e+01
1.957661e+01
1.958154e+01
1.958646e+01
1.959139e+01
1.959632e+01
1.960124e+01
1.960617e+01
1.961110e+01
1.961602e+01
1.962095e+01
1.962588e+01
1.963080e+01
1.963573e+01
1.964065e+01
1.964558e+01
1.965051e+01
