5.800000e-01
5.803333e-01
5.806667e-01
5.810000e-01
5.813333e-01
5.816667e-01
5.820000e-01
5.823333e-01
5.826667e-01
5.830000e-01
5.833333e-01
5.836667e-01
5.840000e-01
5.843333e-01
5.846667e-01
5.850000e-01
5.853333e-01
5.856667e-01
5.860000e-01
5.863333e-01
5.866667e-01
5.870000e-01
5.873333e-01
5.876667e-01
5.880000e-01
5.883333e-01
5.886667e-01
5.890000e-01
5.893333e-01
5.896667e-01
5.900000e-01
5.900000e-01
5.900000e-01
5.900000e-01
5.900000e-01
5.900000e-01
5.900000e-01
5.900000e-01
5.900000e-01
5.900000e-01
5.900000e-01
5.900000e-01
5.900000e-01
5.900000e-01
5.900000e-01
5.900000e-01
5.900000e-01
5.900000e-01
5.900000e-01
5.900000e-01
5.900000e-01
5.904250e-01
5.908500e-01
5.912750e-01
5.917000e-01
5.921250e-01
5.925500e-01
5.929750e-01
5.934000e-01
5.938250e-01
5.942500e-01
5.946750e-01
5.951000e-01
5.955250e-01
5.959500e-01
5.963750e-01
5.968000e-01
5.972250e-01
5.976500e-01
5.981667e-01
5.985000e-01
5.988333e-01
5.991667e-01
5.995000e-01
5.998333e-01
6.001667e-01
6.005000e-01
6.008333e-01
6.011667e-01
6.015000e-01
6.018333e-01
6.021667e-01
6.025000e-01
6.028333e-01
6.031667e-01
6.035000e-01
6.038333e-01
6.041667e-01
6.045000e-01
6.048333e-01
6.051667e-01
6.055000e-01
6.058333e-01
6.061667e-01
6.065000e-01
6.068333e-01
6.071667e-01
6.075000e-01
6.078333e-01
6.081667e-01
6.085000e-01
6.088400e-01
6.091800e-01
6.095200e-01
6.098600e-01
6.102000e-01
6.105400e-01
6.108800e-01
6.112200e-01
6.115600e-01
6.119000e-01
6.122400e-01
6.125800e-01
6.129200e-01
6.132600e-01
6.136000e-01
6.139400e-01
6.142800e-01
6.146200e-01
6.149600e-01
6.153000e-01
6.156400e-01
6.159800e-01
6.163200e-01
6.166600e-01
6.170000e-01
6.173400e-01
6.176800e-01
6.180200e-01
6.183600e-01
6.187000e-01
6.190400e-01
6.193800e-01
6.197200e-01
6.200600e-01
6.204000e-01
6.207400e-01
6.210800e-01
6.214200e-01
6.217600e-01
6.221000e-01
6.224400e-01
6.227800e-01
6.231200e-01
6.234600e-01
6.238000e-01
6.241400e-01
6.244800e-01
6.248200e-01
6.251600e-01
6.255000e-01
6.257300e-01
6.259600e-01
6.261900e-01
6.264200e-01
6.266500e-01
6.268800e-01
6.271100e-01
6.273400e-01
6.275700e-01
6.278000e-01
6.280300e-01
6.282600e-01
6.284900e-01
6.287200e-01
6.289500e-01
6.291800e-01
6.294100e-01
6.296400e-01
6.298700e-01
6.301000e-01
6.303300e-01
6.305600e-01
6.307900e-01
6.310200e-01
6.312500e-01
6.314800e-01
6.317100e-01
6.319400e-01
6.321700e-01
6.324000e-01
6.326300e-01
6.328600e-01
6.330900e-01
6.333200e-01
6.335500e-01
6.337800e-01
6.340100e-01
6.342400e-01
6.344700e-01
6.347000e-01
6.349300e-01
6.351600e-01
6.353900e-01
6.356200e-01
6.358500e-01
6.360800e-01
6.363100e-01
6.365400e-01
6.367700e-01
6.370000e-01
6.394650e-01
6.419300e-01
6.443950e-01
6.468600e-01
6.493250e-01
6.517900e-01
6.542550e-01
6.567200e-01
6.591850e-01
6.616500e-01
6.641150e-01
6.665800e-01
6.690450e-01
6.715100e-01
6.739750e-01
6.764400e-01
6.789050e-01
6.813700e-01
6.838350e-01
6.863000e-01
6.887650e-01
6.912300e-01
6.936950e-01
6.961600e-01
6.986250e-01
7.010900e-01
7.035550e-01
7.060200e-01
7.084850e-01
7.109500e-01
7.134150e-01
7.158800e-01
7.183450e-01
7.208100e-01
7.232750e-01
7.257400e-01
7.282050e-01
7.306700e-01
7.331350e-01
7.356000e-01
7.380650e-01
7.405300e-01
7.429950e-01
7.454600e-01
7.479250e-01
7.503900e-01
7.528550e-01
7.553200e-01
7.577850e-01
7.602500e-01
7.627150e-01
7.651800e-01
7.676450e-01
7.701100e-01
7.725750e-01
7.750400e-01
7.775050e-01
7.799700e-01
7.824350e-01
7.849000e-01
7.873650e-01
7.898300e-01
7.922950e-01
7.947600e-01
7.972250e-01
7.996900e-01
8.021550e-01
8.046200e-01
8.070850e-01
8.095500e-01
8.120150e-01
8.144800e-01
8.169450e-01
8.194100e-01
8.218750e-01
8.243400e-01
8.268050e-01
8.292700e-01
8.317350e-01
8.342000e-01
8.366650e-01
8.391300e-01
8.415950e-01
8.440600e-01
8.465250e-01
8.489900e-01
8.514550e-01
8.539200e-01
8.563850e-01
8.588500e-01
8.613150e-01
8.637800e-01
8.662450e-01
8.687100e-01
8.711750e-01
8.736400e-01
8.761050e-01
8.785700e-01
8.810350e-01
8.835000e-01
8.842900e-01
8.850800e-01
8.858700e-01
8.866600e-01
8.874500e-01
8.882400e-01
8.890300e-01
8.898200e-01
8.906100e-01
8.914000e-01
8.921900e-01
8.929800e-01
8.937700e-01
8.945600e-01
8.953500e-01
8.961400e-01
8.969300e-01
8.977200e-01
8.985100e-01
8.993000e-01
9.000900e-01
9.008800e-01
9.016700e-01
9.024600e-01
9.032500e-01
9.040400e-01
9.048300e-01
9.056200e-01
9.064100e-01
9.072000e-01
9.079900e-01
9.087800e-01
9.095700e-01
9.103600e-01
9.111500e-01
9.119400e-01
9.127300e-01
9.135200e-01
9.143100e-01
9.151000e-01
9.158900e-01
9.166800e-01
9.174700e-01
9.182600e-01
9.190500e-01
9.198400e-01
9.206300e-01
9.214200e-01
9.222100e-01
9.230000e-01
9.237900e-01
9.245800e-01
9.253700e-01
9.261600e-01
9.269500e-01
9.277400e-01
9.285300e-01
9.293200e-01
9.301100e-01
9.309000e-01
9.316900e-01
9.324800e-01
9.332700e-01
9.340600e-01
9.348500e-01
9.356400e-01
9.364300e-01
9.372200e-01
9.380100e-01
9.388000e-01
9.395900e-01
9.403800e-01
9.411700e-01
9.419600e-01
9.427500e-01
9.435400e-01
9.443300e-01
9.451200e-01
9.459100e-01
9.467000e-01
9.474900e-01
9.482800e-01
9.490700e-01
9.498600e-01
9.506500e-01
9.514400e-01
9.522300e-01
9.530200e-01
9.538100e-01
9.546000e-01
9.553900e-01
9.561800e-01
9.569700e-01
9.577600e-01
9.585500e-01
9.593400e-01
9.601300e-01
9.609200e-01
9.617100e-01
9.625000e-01
9.632075e-01
9.639150e-01
9.646225e-01
9.653300e-01
9.660375e-01
9.667450e-01
9.674525e-01
9.681600e-01
9.688675e-01
9.695750e-01
9.702825e-01
9.709900e-01
9.716975e-01
9.724050e-01
9.731125e-01
9.738200e-01
9.745275e-01
9.752350e-01
9.759425e-01
9.766500e-01
9.773575e-01
9.780650e-01
9.787725e-01
9.794800e-01
9.801875e-01
9.808950e-01
9.816025e-01
9.823100e-01
9.830175e-01
9.837250e-01
9.844325e-01
9.851400e-01
9.858475e-01
9.865550e-01
9.872625e-01
9.879700e-01
9.886775e-01
9.893850e-01
9.900925e-01
9.908000e-01
9.915075e-01
9.922150e-01
9.929225e-01
9.936300e-01
9.943375e-01
9.950450e-01
9.957525e-01
9.964600e-01
9.971675e-01
9.978750e-01
9.985825e-01
9.992900e-01
9.999975e-01
1.000705e+00
1.001413e+00
1.002120e+00
1.002827e+00
1.003535e+00
1.004243e+00
1.004950e+00
1.005657e+00
1.006365e+00
1.007073e+00
1.007780e+00
1.008487e+00
1.009195e+00
1.009902e+00
1.010610e+00
1.011318e+00
1.012025e+00
1.012733e+00
1.013440e+00
1.014147e+00
1.014855e+00
1.015562e+00
1.016270e+00
1.016978e+00
1.017685e+00
1.018393e+00
1.019100e+00
1.019807e+00
1.020515e+00
1.021222e+00
1.021930e+00
1.022638e+00
1.023345e+00
1.024053e+00
1.024760e+00
1.025467e+00
1.026175e+00
1.026883e+00
1.027590e+00
1.028297e+00
1.029005e+00
1.029713e+00
1.030420e+00
1.031127e+00
1.031835e+00
1.032542e+00
1.033250e+00
1.033957e+00
1.034665e+00
1.035373e+00
1.036080e+00
1.036787e+00
1.037495e+00
1.038202e+00
1.038910e+00
1.039618e+00
1.040325e+00
1.041033e+00
1.041740e+00
1.042447e+00
1.043155e+00
1.043862e+00
1.044570e+00
1.045278e+00
1.045985e+00
1.046692e+00
1.047400e+00
1.048107e+00
1.048815e+00
1.049523e+00
1.050230e+00
1.050938e+00
1.051645e+00
1.052353e+00
1.053060e+00
1.053767e+00
1.054475e+00
1.055183e+00
1.055890e+00
1.056597e+00
1.057305e+00
1.058013e+00
1.058720e+00
1.059427e+00
1.060135e+00
1.060842e+00
1.061550e+00
1.062258e+00
1.062965e+00
1.063673e+00
1.064380e+00
1.065087e+00
1.065795e+00
1.066502e+00
1.067210e+00
1.067918e+00
1.068625e+00
1.069333e+00
1.070040e+00
1.070747e+00
1.071455e+00
1.072162e+00
1.072870e+00
1.073578e+00
1.074285e+00
1.074993e+00
1.075700e+00
1.076407e+00
1.077115e+00
1.077823e+00
1.078530e+00
1.079237e+00
1.079945e+00
1.080653e+00
1.081360e+00
1.082067e+00
1.082775e+00
1.083482e+00
1.084190e+00
1.084897e+00
1.085605e+00
1.086313e+00
1.087020e+00
1.087728e+00
1.088435e+00
1.089142e+00
1.089850e+00
1.090558e+00
1.091265e+00
1.091973e+00
1.092680e+00
1.093387e+00
1.094095e+00
1.094802e+00
1.095510e+00
1.096218e+00
1.096925e+00
1.097633e+00
1.098340e+00
1.099047e+00
1.099755e+00
1.100463e+00
1.101170e+00
1.101878e+00
1.102585e+00
1.103293e+00
1.104000e+00
1.104885e+00
1.105770e+00
1.106655e+00
1.107540e+00
1.108425e+00
1.109310e+00
1.110195e+00
1.111080e+00
1.111965e+00
1.112850e+00
1.113735e+00
1.114620e+00
1.115505e+00
1.116390e+00
1.117275e+00
1.118160e+00
1.119045e+00
1.119930e+00
1.120815e+00
1.121700e+00
1.122585e+00
1.123470e+00
1.124355e+00
1.125240e+00
1.126125e+00
1.127010e+00
1.127895e+00
1.128780e+00
1.129665e+00
1.130550e+00
1.131435e+00
1.132320e+00
1.133205e+00
1.134090e+00
1.134975e+00
1.135860e+00
1.136745e+00
1.137630e+00
1.138515e+00
1.139400e+00
1.140285e+00
1.141170e+00
1.142055e+00
1.142940e+00
1.143825e+00
1.144710e+00
1.145595e+00
1.146480e+00
1.147365e+00
1.148250e+00
1.149135e+00
1.150020e+00
1.150905e+00
1.151790e+00
1.152675e+00
1.153560e+00
1.154445e+00
1.155330e+00
1.156215e+00
1.157100e+00
1.157985e+00
1.158870e+00
1.159755e+00
1.160640e+00
1.161525e+00
1.162410e+00
1.163295e+00
1.164180e+00
1.165065e+00
1.165950e+00
1.166835e+00
1.167720e+00
1.168605e+00
1.169490e+00
1.170375e+00
1.171260e+00
1.172145e+00
1.173030e+00
1.173915e+00
1.174800e+00
1.175685e+00
1.176570e+00
1.177455e+00
1.178340e+00
1.179225e+00
1.180110e+00
1.180995e+00
1.181880e+00
1.182765e+00
1.183650e+00
1.184535e+00
1.185420e+00
1.186305e+00
1.187190e+00
1.188075e+00
1.188960e+00
1.189845e+00
1.190730e+00
1.191615e+00
1.192500e+00
1.203145e+00
1.213790e+00
1.224435e+00
1.235080e+00
1.245725e+00
1.256370e+00
1.267015e+00
1.277660e+00
1.288305e+00
1.298950e+00
1.309595e+00
1.320240e+00
1.330885e+00
1.341529e+00
1.352174e+00
1.362819e+00
1.373464e+00
1.384109e+00
1.394754e+00
1.405399e+00
1.416044e+00
1.426689e+00
1.437334e+00
1.447979e+00
1.458624e+00
1.469269e+00
1.479914e+00
1.490559e+00
1.501204e+00
1.511849e+00
1.522494e+00
1.533139e+00
1.543784e+00
1.554429e+00
1.565074e+00
1.575719e+00
1.586364e+00
1.597009e+00
1.607654e+00
1.618299e+00
1.628943e+00
1.639588e+00
1.650233e+00
1.660878e+00
1.671523e+00
1.682168e+00
1.692813e+00
1.703458e+00
1.714103e+00
1.724748e+00
1.735393e+00
1.746038e+00
1.756683e+00
1.767328e+00
1.777973e+00
1.788618e+00
1.799263e+00
1.809908e+00
1.820553e+00
1.831198e+00
1.841843e+00
1.852488e+00
1.863133e+00
1.873778e+00
1.884423e+00
1.895068e+00
1.905713e+00
1.916357e+00
1.927002e+00
1.937647e+00
1.948292e+00
1.958937e+00
1.969582e+00
1.980227e+00
1.990872e+00
2.001517e+00
2.012162e+00
2.022807e+00
2.033452e+00
2.044097e+00
2.054742e+00
2.065387e+00
2.076032e+00
2.086677e+00
2.097322e+00
2.107967e+00
2.118612e+00
2.129257e+00
2.139902e+00
2.150547e+00
2.161192e+00
2.171837e+00
2.182482e+00
2.193127e+00
2.203771e+00
2.214416e+00
2.225061e+00
2.235706e+00
2.246351e+00
2.256996e+00
2.267641e+00
2.278286e+00
2.288931e+00
2.299576e+00
2.310221e+00
2.320866e+00
2.331511e+00
2.342156e+00
2.352801e+00
2.363446e+00
2.374091e+00
2.384736e+00
2.395381e+00
2.406026e+00
2.416671e+00
2.427316e+00
2.437961e+00
2.448606e+00
2.459251e+00
2.469896e+00
2.480541e+00
2.491186e+00
2.501830e+00
2.512475e+00
2.523120e+00
2.533765e+00
2.544410e+00
2.555055e+00
2.565700e+00
2.576345e+00
2.586990e+00
2.597635e+00
2.608280e+00
2.618925e+00
2.629570e+00
2.640215e+00
2.650860e+00
2.661505e+00
2.672150e+00
2.682795e+00
2.693440e+00
2.704085e+00
2.714730e+00
2.725375e+00
2.736020e+00
2.746665e+00
2.757310e+00
2.767955e+00
2.778600e+00
2.789244e+00
2.799889e+00
2.810534e+00
2.821179e+00
2.831824e+00
2.842469e+00
2.853114e+00
2.863759e+00
2.874404e+00
2.885049e+00
2.895694e+00
2.906339e+00
2.916984e+00
2.927629e+00
2.938274e+00
2.948919e+00
2.959564e+00
2.970209e+00
2.980854e+00
2.991499e+00
3.002144e+00
3.012789e+00
3.023434e+00
3.034079e+00
3.044724e+00
3.055369e+00
3.066014e+00
3.076658e+00
3.087303e+00
3.097948e+00
3.108593e+00
3.119238e+00
3.129883e+00
3.140528e+00
3.151173e+00
3.161818e+00
3.172463e+00
3.183108e+00
3.193753e+00
3.204398e+00
3.215043e+00
3.225688e+00
3.236333e+00
3.246978e+00
3.257623e+00
3.268268e+00
3.278913e+00
3.289558e+00
3.300203e+00
3.310848e+00
3.321493e+00
3.332138e+00
3.342783e+00
3.353428e+00
3.364072e+00
3.374717e+00
3.385362e+00
3.396007e+00
3.406652e+00
3.417297e+00
3.427942e+00
3.438587e+00
3.449232e+00
3.459877e+00
3.470522e+00
3.481167e+00
3.491812e+00
3.502457e+00
3.513102e+00
3.523747e+00
3.534392e+00
3.545037e+00
3.555682e+00
3.566327e+00
3.576972e+00
3.587617e+00
3.598262e+00
3.608907e+00
3.619552e+00
3.630197e+00
3.640842e+00
3.651486e+00
3.662131e+00
3.672776e+00
3.683421e+00
3.694066e+00
3.704711e+00
3.715356e+00
3.726001e+00
3.736646e+00
3.747291e+00
3.757936e+00
3.768581e+00
3.779226e+00
3.789871e+00
3.800516e+00
3.811161e+00
3.821806e+00
3.832451e+00
3.843096e+00
3.853741e+00
3.864386e+00
3.875031e+00
3.885676e+00
3.896321e+00
3.906966e+00
3.917611e+00
3.928256e+00
3.938900e+00
3.949545e+00
3.960190e+00
3.970835e+00
3.981480e+00
3.992125e+00
4.002770e+00
4.013415e+00
4.024060e+00
4.034705e+00
4.045350e+00
4.055995e+00
4.066640e+00
4.077285e+00
4.087930e+00
4.098575e+00
4.109220e+00
4.119865e+00
4.130510e+00
4.141155e+00
4.151800e+00
4.162445e+00
4.173090e+00
4.183735e+00
4.194380e+00
4.205025e+00
4.215670e+00
4.226314e+00
4.236959e+00
4.247604e+00
4.258249e+00
4.268894e+00
4.279539e+00
4.290184e+00
4.300829e+00
4.311474e+00
4.322119e+00
4.332764e+00
4.343409e+00
4.354054e+00
4.364699e+00
4.375344e+00
4.385989e+00
4.396634e+00
4.407279e+00
4.417924e+00
4.428569e+00
4.439214e+00
4.449859e+00
4.460504e+00
4.471149e+00
4.481794e+00
4.492439e+00
4.503084e+00
4.513729e+00
4.524373e+00
4.535018e+00
4.545663e+00
4.556308e+00
4.566953e+00
4.577598e+00
4.588243e+00
4.598888e+00
4.609533e+00
4.620178e+00
4.630823e+00
4.641468e+00
4.652113e+00
4.662758e+00
4.673403e+00
4.684048e+00
4.694693e+00
4.705338e+00
4.715983e+00
4.726628e+00
4.737273e+00
4.747918e+00
4.758563e+00
4.769208e+00
4.779853e+00
4.790498e+00
4.801143e+00
4.811787e+00
4.822432e+00
4.833077e+00
4.843722e+00
4.854367e+00
4.865012e+00
4.875657e+00
4.886302e+00
4.896947e+00
4.907592e+00
4.918237e+00
4.928882e+00
4.939527e+00
4.950172e+00
4.960817e+00
4.971462e+00
4.982107e+00
4.992752e+00
5.003397e+00
5.014042e+00
5.024687e+00
5.035332e+00
5.045977e+00
5.056622e+00
5.067267e+00
5.077912e+00
5.088557e+00
5.099201e+00
5.109846e+00
5.120491e+00
5.131136e+00
5.141781e+00
5.152426e+00
5.163071e+00
5.173716e+00
5.184361e+00
5.195006e+00
5.205651e+00
5.216296e+00
5.226941e+00
5.237586e+00
5.248231e+00
5.258876e+00
5.269521e+00
5.280166e+00
5.290811e+00
5.301456e+00
5.312101e+00
5.322746e+00
5.333391e+00
5.344036e+00
5.354681e+00
5.365326e+00
5.375971e+00
5.386615e+00
5.397260e+00
5.407905e+00
5.418550e+00
5.429195e+00
5.439840e+00
5.450485e+00
5.461130e+00
5.471775e+00
5.482420e+00
5.493065e+00
5.503710e+00
5.514355e+00
5.525000e+00
5.530863e+00
5.536727e+00
5.542590e+00
5.548453e+00
5.554317e+00
5.560180e+00
5.566043e+00
5.571907e+00
5.577770e+00
5.583633e+00
5.589497e+00
5.595360e+00
5.601223e+00
5.607087e+00
5.612950e+00
5.618813e+00
5.624677e+00
5.630540e+00
5.636403e+00
5.642267e+00
5.648130e+00
5.653993e+00
5.659857e+00
5.665720e+00
5.671583e+00
5.677447e+00
5.683310e+00
5.689173e+00
5.695037e+00
5.700900e+00
5.706763e+00
5.712627e+00
5.718490e+00
5.724353e+00
5.730217e+00
5.736080e+00
5.741943e+00
5.747807e+00
5.753670e+00
5.759533e+00
5.765397e+00
5.771260e+00
5.777123e+00
5.782987e+00
5.788850e+00
5.794713e+00
5.800577e+00
5.806440e+00
5.812303e+00
5.818167e+00
5.824030e+00
5.829893e+00
5.835757e+00
5.841620e+00
5.847483e+00
5.853347e+00
5.859210e+00
5.865073e+00
5.870937e+00
5.876800e+00
5.882663e+00
5.888527e+00
5.894390e+00
5.900253e+00
5.906117e+00
5.911980e+00
5.917843e+00
5.923707e+00
5.929570e+00
5.935433e+00
5.941297e+00
5.947160e+00
5.953023e+00
5.958887e+00
5.964750e+00
5.970613e+00
5.976477e+00
5.982340e+00
5.988203e+00
5.994067e+00
5.999930e+00
6.005793e+00
6.011657e+00
6.017520e+00
6.023383e+00
6.029247e+00
6.035110e+00
6.040973e+00
6.046837e+00
6.052700e+00
6.058563e+00
6.064427e+00
6.070290e+00
6.076153e+00
6.082017e+00
6.087880e+00
6.093743e+00
6.099607e+00
6.105470e+00
6.111333e+00
6.116625e+00
6.121917e+00
6.127209e+00
6.132501e+00
6.137793e+00
6.143085e+00
6.148376e+00
6.153668e+00
6.158960e+00
6.164252e+00
6.169544e+00
6.174836e+00
6.180128e+00
6.185420e+00
6.190711e+00
6.196003e+00
6.201295e+00
6.206587e+00
6.211879e+00
6.217171e+00
6.222463e+00
6.227755e+00
6.233046e+00
6.238338e+00
6.243630e+00
6.248922e+00
6.254214e+00
6.259506e+00
6.264798e+00
6.270090e+00
6.275381e+00
6.280673e+00
6.285965e+00
6.291257e+00
6.296549e+00
6.301841e+00
6.307133e+00
6.312425e+00
6.317716e+00
6.323008e+00
6.328300e+00
6.333592e+00
6.338884e+00
6.344176e+00
6.349468e+00
6.354760e+00
6.360051e+00
6.365343e+00
6.370635e+00
6.375927e+00
6.381219e+00
6.386511e+00
6.391803e+00
6.397095e+00
6.402386e+00
6.407678e+00
6.412970e+00
6.418262e+00
6.423554e+00
6.428846e+00
6.434138e+00
6.439430e+00
6.444721e+00
6.450013e+00
6.455305e+00
6.460597e+00
6.465889e+00
6.471181e+00
6.476473e+00
6.481765e+00
6.487056e+00
6.492348e+00
6.497640e+00
6.502932e+00
6.508224e+00
6.513516e+00
6.518808e+00
6.524100e+00
6.529391e+00
6.534683e+00
6.539975e+00
6.545267e+00
6.550559e+00
6.555851e+00
6.561143e+00
6.566434e+00
6.571726e+00
6.577018e+00
6.582310e+00
6.587602e+00
6.592894e+00
6.598186e+00
6.603478e+00
6.608769e+00
6.614061e+00
6.619353e+00
6.624645e+00
6.629937e+00
6.635229e+00
6.640521e+00
6.645813e+00
6.651104e+00
6.656396e+00
6.661688e+00
6.666980e+00
6.672272e+00
6.677564e+00
6.682856e+00
6.688148e+00
6.693439e+00
6.698731e+00
6.704023e+00
6.709315e+00
6.714607e+00
6.719899e+00
6.725191e+00
6.730483e+00
6.735774e+00
6.741066e+00
6.746358e+00
6.751650e+00
6.756942e+00
6.762234e+00
6.767526e+00
6.772818e+00
6.778109e+00
6.783401e+00
6.788693e+00
6.793985e+00
6.799277e+00
6.804569e+00
6.809861e+00
6.815152e+00
6.820445e+00
6.825736e+00
6.831028e+00
6.836320e+00
6.841612e+00
6.846904e+00
6.852196e+00
6.857487e+00
6.862779e+00
6.868072e+00
6.873363e+00
6.878655e+00
6.883947e+00
6.889239e+00
6.894531e+00
6.899823e+00
6.905114e+00
6.910406e+00
6.915698e+00
6.920990e+00
6.926282e+00
6.931574e+00
6.936866e+00
6.942157e+00
6.947450e+00
6.952741e+00
6.958033e+00
6.963325e+00
6.968617e+00
6.973909e+00
6.979201e+00
6.984492e+00
6.989784e+00
6.995077e+00
7.000368e+00
7.005660e+00
7.010952e+00
7.016244e+00
7.021535e+00
7.026828e+00
7.032119e+00
7.037411e+00
7.042703e+00
7.047995e+00
7.053287e+00
7.058579e+00
7.063871e+00
7.069162e+00
7.074455e+00
7.079746e+00
7.085038e+00
7.090330e+00
7.095622e+00
7.100914e+00
7.106206e+00
7.111497e+00
7.116789e+00
7.122082e+00
7.127373e+00
7.132665e+00
7.137957e+00
7.143249e+00
7.148540e+00
7.153833e+00
7.159124e+00
7.164416e+00
7.169708e+00
7.175000e+00
7.180722e+00
7.186444e+00
7.192166e+00
7.197887e+00
7.203609e+00
7.209331e+00
7.215053e+00
7.220775e+00
7.226497e+00
7.232218e+00
7.237941e+00
7.243662e+00
7.249384e+00
7.255106e+00
7.260828e+00
7.266549e+00
7.272272e+00
7.277993e+00
7.283715e+00
7.289437e+00
7.295159e+00
7.300881e+00
7.306603e+00
7.312325e+00
7.318046e+00
7.323768e+00
7.329490e+00
7.335212e+00
7.340934e+00
7.346656e+00
7.352377e+00
7.358100e+00
7.363821e+00
7.369543e+00
7.375265e+00
7.380987e+00
7.386708e+00
7.392431e+00
7.398152e+00
7.403874e+00
7.409596e+00
7.415318e+00
7.421040e+00
7.426762e+00
7.432483e+00
7.438205e+00
7.443927e+00
7.449649e+00
7.455371e+00
7.461093e+00
7.466815e+00
7.472536e+00
7.478259e+00
7.483980e+00
7.489702e+00
7.495424e+00
7.501146e+00
7.506867e+00
7.512590e+00
7.518311e+00
7.524033e+00
7.529755e+00
7.535477e+00
7.541199e+00
7.546921e+00
7.552642e+00
7.558364e+00
7.564086e+00
7.569808e+00
7.575530e+00
7.581252e+00
7.586974e+00
7.592695e+00
7.598418e+00
7.604139e+00
7.609861e+00
7.615582e+00
7.621305e+00
7.627026e+00
7.632748e+00
7.638470e+00
7.644192e+00
7.649914e+00
7.655636e+00
7.661358e+00
7.667079e+00
7.672801e+00
7.678523e+00
7.684245e+00
7.689967e+00
7.695689e+00
7.701410e+00
7.707133e+00
7.712854e+00
7.718576e+00
7.724298e+00
7.730020e+00
7.735741e+00
7.741464e+00
7.747185e+00
7.752907e+00
7.758629e+00
7.764351e+00
7.770073e+00
7.775795e+00
7.781517e+00
7.787238e+00
7.792960e+00
7.798682e+00
7.804404e+00
7.810126e+00
7.815848e+00
7.821569e+00
7.827292e+00
7.833013e+00
7.838735e+00
7.844457e+00
7.850179e+00
7.855900e+00
7.861623e+00
7.867344e+00
7.873066e+00
7.878788e+00
7.884510e+00
7.890232e+00
7.895954e+00
7.901675e+00
7.907397e+00
7.913119e+00
7.918841e+00
7.924563e+00
7.930285e+00
7.936007e+00
7.941728e+00
7.947450e+00
7.953172e+00
7.958894e+00
7.964616e+00
7.970338e+00
7.976059e+00
7.981782e+00
7.987503e+00
7.993225e+00
7.998947e+00
8.004669e+00
8.010391e+00
8.016113e+00
8.021834e+00
8.027556e+00
8.033278e+00
8.039000e+00
8.044722e+00
8.050444e+00
8.056166e+00
8.061887e+00
8.067609e+00
8.073331e+00
8.079053e+00
8.084775e+00
8.090497e+00
8.096218e+00
8.101941e+00
8.107662e+00
8.113384e+00
8.119106e+00
8.124828e+00
8.130549e+00
8.136272e+00
8.141993e+00
8.147715e+00
8.153437e+00
8.159159e+00
8.164881e+00
8.170603e+00
8.176325e+00
8.182046e+00
8.187768e+00
8.193490e+00
8.199212e+00
8.204934e+00
8.210656e+00
8.216377e+00
8.222100e+00
8.227821e+00
8.233543e+00
8.239265e+00
8.244987e+00
8.250708e+00
8.256431e+00
8.262152e+00
8.267874e+00
8.273596e+00
8.279318e+00
8.285040e+00
8.290762e+00
8.296483e+00
8.302205e+00
8.307927e+00
8.313649e+00
8.319371e+00
8.325093e+00
8.330815e+00
8.336536e+00
8.342259e+00
8.347980e+00
8.353702e+00
8.359424e+00
8.365146e+00
8.370867e+00
8.376590e+00
8.382311e+00
8.388033e+00
8.393755e+00
8.399477e+00
8.405199e+00
8.410921e+00
8.416642e+00
8.422364e+00
8.428086e+00
8.433808e+00
8.439530e+00
8.445252e+00
8.450974e+00
8.456695e+00
8.462417e+00
8.468139e+00
8.473861e+00
8.479582e+00
8.485305e+00
8.491026e+00
8.496748e+00
8.502470e+00
8.508192e+00
8.513914e+00
8.519636e+00
8.525358e+00
8.531079e+00
8.536801e+00
8.542523e+00
8.548245e+00
8.553967e+00
8.559689e+00
8.565410e+00
8.571133e+00
8.576854e+00
8.582576e+00
8.588298e+00
8.594020e+00
8.599741e+00
8.605464e+00
8.611185e+00
8.616907e+00
8.622629e+00
8.628351e+00
8.634073e+00
8.639795e+00
8.645516e+00
8.651238e+00
8.656960e+00
8.662682e+00
8.668404e+00
8.674126e+00
8.679848e+00
8.685569e+00
8.691292e+00
8.697013e+00
8.702735e+00
8.708457e+00
8.714179e+00
8.719900e+00
8.725623e+00
8.731344e+00
8.737066e+00
8.742788e+00
8.748510e+00
8.754232e+00
8.759954e+00
8.765675e+00
8.771397e+00
8.777119e+00
8.782841e+00
8.788563e+00
8.794285e+00
8.800007e+00
8.805728e+00
8.811451e+00
8.817172e+00
8.822894e+00
8.828616e+00
8.834338e+00
8.840059e+00
8.845782e+00
8.851503e+00
8.857225e+00
8.862947e+00
8.868669e+00
8.874391e+00
8.880113e+00
8.885834e+00
8.891556e+00
8.897278e+00
8.903000e+00
8.909081e+00
8.915162e+00
8.921244e+00
8.927325e+00
8.933406e+00
8.939487e+00
8.945569e+00
8.951650e+00
8.957731e+00
8.963813e+00
8.969894e+00
8.975975e+00
8.982057e+00
8.988138e+00
8.994219e+00
9.000300e+00
9.006382e+00
9.012462e+00
9.018544e+00
9.024625e+00
9.030706e+00
9.036788e+00
9.042869e+00
9.048950e+00
9.055031e+00
9.061113e+00
9.067194e+00
9.073275e+00
9.079357e+00
9.085438e+00
9.091519e+00
9.097600e+00
9.103682e+00
9.109763e+00
9.115844e+00
9.121925e+00
9.128006e+00
9.134088e+00
9.140169e+00
9.146250e+00
9.152332e+00
9.158413e+00
9.164494e+00
9.170575e+00
9.176657e+00
9.182738e+00
9.188819e+00
9.194901e+00
9.200982e+00
9.207063e+00
9.213144e+00
9.219226e+00
9.225307e+00
9.231388e+00
9.237469e+00
9.243550e+00
9.249632e+00
9.255713e+00
9.261794e+00
9.267876e+00
9.273957e+00
9.280038e+00
9.286119e+00
9.292201e+00
9.298282e+00
9.304363e+00
9.310445e+00
9.316526e+00
9.322607e+00
9.328688e+00
9.334769e+00
9.340851e+00
9.346932e+00
9.353013e+00
9.359094e+00
9.365176e+00
9.371257e+00
9.377338e+00
9.383420e+00
9.389501e+00
9.395582e+00
9.401663e+00
9.407745e+00
9.413826e+00
9.419907e+00
9.425989e+00
9.432070e+00
9.438151e+00
9.444232e+00
9.450313e+00
9.456395e+00
9.462476e+00
9.468557e+00
9.474638e+00
9.480720e+00
9.486801e+00
9.492882e+00
9.498964e+00
9.505045e+00
9.511126e+00
9.517207e+00
9.523289e+00
9.529370e+00
9.535451e+00
9.541533e+00
9.547614e+00
9.553695e+00
9.559776e+00
9.565857e+00
9.571938e+00
9.578020e+00
9.584101e+00
9.590182e+00
9.596264e+00
9.602345e+00
9.608426e+00
9.614508e+00
9.620589e+00
9.626670e+00
9.632751e+00
9.638833e+00
9.644914e+00
9.650995e+00
9.657077e+00
9.663157e+00
9.669239e+00
9.675320e+00
9.681401e+00
9.687482e+00
9.693564e+00
9.699645e+00
9.705726e+00
9.711808e+00
9.717889e+00
9.723970e+00
9.730051e+00
9.736133e+00
9.742214e+00
9.748295e+00
9.754377e+00
9.760458e+00
9.766539e+00
9.772621e+00
9.778701e+00
9.784783e+00
9.790864e+00
9.796945e+00
9.803026e+00
9.809108e+00
9.815189e+00
9.821270e+00
9.827352e+00
9.833433e+00
9.839514e+00
9.845595e+00
9.851677e+00
9.857758e+00
9.863839e+00
9.869921e+00
9.876001e+00
9.882083e+00
9.888164e+00
9.894245e+00
9.900327e+00
9.906408e+00
9.912489e+00
9.918570e+00
9.924652e+00
9.930733e+00
9.936814e+00
9.942896e+00
9.948977e+00
9.955058e+00
9.961139e+00
9.967221e+00
9.973302e+00
9.979383e+00
9.985464e+00
9.991545e+00
9.997627e+00
1.000371e+01
1.000979e+01
1.001587e+01
1.002195e+01
1.002803e+01
1.003411e+01
1.004020e+01
1.004628e+01
1.005236e+01
1.005844e+01
1.006452e+01
1.007060e+01
1.007668e+01
1.008276e+01
1.008885e+01
1.009493e+01
1.010101e+01
1.010709e+01
1.011317e+01
1.011925e+01
1.012533e+01
1.013150e+01
1.013767e+01
1.014383e+01
1.015000e+01
1.015616e+01
1.016233e+01
1.016849e+01
1.017466e+01
1.018083e+01
1.018699e+01
1.019316e+01
1.019932e+01
1.020549e+01
1.021166e+01
1.021782e+01
1.022399e+01
1.023015e+01
1.023632e+01
1.024248e+01
1.024865e+01
1.025482e+01
1.026098e+01
1.026715e+01
1.027331e+01
1.027948e+01
1.028565e+01
1.029181e+01
1.029798e+01
1.030414e+01
1.031031e+01
1.031647e+01
1.032264e+01
1.032881e+01
1.033497e+01
1.034114e+01
1.034730e+01
1.035347e+01
1.035964e+01
1.036580e+01
1.037197e+01
1.037813e+01
1.038430e+01
1.039046e+01
1.039663e+01
1.040280e+01
1.040896e+01
1.041513e+01
1.042129e+01
1.042746e+01
1.043363e+01
1.043979e+01
1.044596e+01
1.045212e+01
1.045829e+01
1.046445e+01
1.047062e+01
1.047679e+01
1.048295e+01
1.048912e+01
1.049528e+01
1.050145e+01
1.050762e+01
1.051378e+01
1.051995e+01
1.052611e+01
1.053228e+01
1.053844e+01
1.054461e+01
1.055078e+01
1.055694e+01
1.056311e+01
1.056927e+01
1.057544e+01
1.058161e+01
1.058777e+01
1.059394e+01
1.060010e+01
1.060627e+01
1.061243e+01
1.061860e+01
1.062477e+01
1.063093e+01
1.063710e+01
1.064326e+01
1.064943e+01
1.065560e+01
1.066176e+01
1.066793e+01
1.067409e+01
1.068026e+01
1.068642e+01
1.069259e+01
1.069876e+01
1.070492e+01
1.071109e+01
1.071725e+01
1.072342e+01
1.072959e+01
1.073575e+01
1.074192e+01
1.074808e+01
1.075425e+01
1.076041e+01
1.076658e+01
1.077275e+01
1.077891e+01
1.078508e+01
1.079124e+01
1.079741e+01
1.080358e+01
1.080974e+01
1.081591e+01
1.082207e+01
1.082824e+01
1.083440e+01
1.084057e+01
1.084674e+01
1.085290e+01
1.085907e+01
1.086523e+01
1.087140e+01
1.087757e+01
1.088373e+01
1.088990e+01
1.089606e+01
1.090223e+01
1.090839e+01
1.091456e+01
1.092073e+01
1.092689e+01
1.093306e+01
1.093922e+01
1.094539e+01
1.095156e+01
1.095772e+01
1.096389e+01
1.097005e+01
1.097622e+01
1.098238e+01
1.098855e+01
1.099472e+01
1.100088e+01
1.100705e+01
1.101321e+01
1.101938e+01
1.102555e+01
1.103171e+01
1.103788e+01
1.104404e+01
1.105021e+01
1.105637e+01
1.106254e+01
1.106871e+01
1.107487e+01
1.108104e+01
1.108720e+01
1.109337e+01
1.109954e+01
1.110570e+01
1.111187e+01
1.111803e+01
1.112420e+01
1.113036e+01
1.113653e+01
1.114270e+01
1.114886e+01
1.115503e+01
1.116119e+01
1.116736e+01
1.117353e+01
1.117969e+01
1.118586e+01
1.119202e+01
1.119819e+01
1.120435e+01
1.121052e+01
1.121669e+01
1.122285e+01
1.122902e+01
1.123518e+01
1.124135e+01
1.124752e+01
1.125368e+01
1.125985e+01
1.126601e+01
1.127218e+01
1.127834e+01
1.128451e+01
1.129068e+01
1.129684e+01
1.130301e+01
1.130917e+01
1.131534e+01
1.132151e+01
1.132767e+01
1.133384e+01
1.134000e+01
1.134617e+01
1.135233e+01
1.135850e+01
1.136467e+01
1.137108e+01
1.137750e+01
1.138391e+01
1.139033e+01
1.139675e+01
1.140316e+01
1.140958e+01
1.141600e+01
1.142241e+01
1.142883e+01
1.143524e+01
1.144166e+01
1.144808e+01
1.145449e+01
1.146091e+01
1.146732e+01
1.147374e+01
1.148016e+01
1.148657e+01
1.149299e+01
1.149940e+01
1.150582e+01
1.151224e+01
1.151865e+01
1.152507e+01
1.153149e+01
1.153790e+01
1.154432e+01
1.155073e+01
1.155715e+01
1.156357e+01
1.156998e+01
1.157640e+01
1.158281e+01
1.158923e+01
1.159565e+01
1.160206e+01
1.160848e+01
1.161489e+01
1.162131e+01
1.162773e+01
1.163414e+01
1.164056e+01
1.164698e+01
1.165339e+01
1.165981e+01
1.166622e+01
1.167264e+01
1.167906e+01
1.168547e+01
1.169189e+01
1.169830e+01
1.170472e+01
1.171114e+01
1.171755e+01
1.172397e+01
1.173039e+01
1.173680e+01
1.174322e+01
1.174963e+01
1.175605e+01
1.176247e+01
1.176888e+01
1.177530e+01
1.178171e+01
1.178813e+01
1.179455e+01
1.180096e+01
1.180738e+01
1.181379e+01
1.182021e+01
1.182663e+01
1.183304e+01
1.183946e+01
1.184588e+01
1.185229e+01
1.185871e+01
1.186512e+01
1.187154e+01
1.187796e+01
1.188437e+01
1.189079e+01
1.189720e+01
1.190362e+01
1.191004e+01
1.191645e+01
1.192287e+01
1.192928e+01
1.193570e+01
1.194212e+01
1.194853e+01
1.195495e+01
1.196137e+01
1.196778e+01
1.197420e+01
1.198061e+01
1.198703e+01
1.199345e+01
1.199986e+01
1.200628e+01
1.201269e+01
1.201911e+01
1.202553e+01
1.203194e+01
1.203836e+01
1.204478e+01
1.205119e+01
1.205761e+01
1.206402e+01
1.207044e+01
1.207686e+01
1.208327e+01
1.208969e+01
1.209610e+01
1.210252e+01
1.210894e+01
1.211535e+01
1.212177e+01
1.212818e+01
1.213460e+01
1.214102e+01
1.214743e+01
1.215385e+01
1.216027e+01
1.216668e+01
1.217310e+01
1.217951e+01
1.218593e+01
1.219235e+01
1.219876e+01
1.220518e+01
1.221159e+01
1.221801e+01
1.222443e+01
1.223084e+01
1.223726e+01
1.224367e+01
1.225009e+01
1.225651e+01
1.226292e+01
1.226934e+01
1.227576e+01
1.228217e+01
1.228859e+01
1.229500e+01
1.230142e+01
1.230784e+01
1.231425e+01
1.232067e+01
1.232708e+01
1.233350e+01
1.233992e+01
1.234633e+01
1.235275e+01
1.235916e+01
1.236558e+01
1.237200e+01
1.237841e+01
1.238483e+01
1.239124e+01
1.239766e+01
1.240408e+01
1.241049e+01
1.241691e+01
1.242333e+01
1.242974e+01
1.243616e+01
1.244257e+01
1.244899e+01
1.245541e+01
1.246182e+01
1.246824e+01
1.247465e+01
1.248107e+01
1.248749e+01
1.249390e+01
1.250032e+01
1.250673e+01
1.251315e+01
1.251957e+01
1.252598e+01
1.253240e+01
1.253882e+01
1.254523e+01
1.255165e+01
1.255806e+01
1.256448e+01
1.257090e+01
1.257731e+01
1.258373e+01
1.259014e+01
1.259656e+01
1.260298e+01
1.260939e+01
1.261581e+01
1.262222e+01
1.262864e+01
1.263506e+01
1.264147e+01
1.264789e+01
1.265431e+01
1.266072e+01
1.266714e+01
1.267355e+01
1.267997e+01
1.268639e+01
1.269280e+01
1.269922e+01
1.270563e+01
1.271205e+01
1.271847e+01
1.272488e+01
1.273130e+01
1.273772e+01
1.274413e+01
1.275055e+01
1.275696e+01
1.276338e+01
1.276980e+01
1.277621e+01
1.278263e+01
1.278904e+01
1.279546e+01
1.280188e+01
1.280829e+01
1.281471e+01
1.282112e+01
1.282754e+01
1.283396e+01
1.284037e+01
1.284679e+01
1.285321e+01
1.285962e+01
1.286604e+01
1.287245e+01
1.287887e+01
1.288529e+01
1.289170e+01
1.289812e+01
1.290453e+01
1.291095e+01
1.291737e+01
1.292378e+01
1.293020e+01
1.293661e+01
1.294303e+01
1.294945e+01
1.295586e+01
1.296228e+01
1.296870e+01
1.297511e+01
1.298153e+01
1.298794e+01
1.299436e+01
1.300078e+01
1.300719e+01
1.301361e+01
1.302002e+01
1.302644e+01
1.303286e+01
1.303927e+01
1.304569e+01
1.305211e+01
1.305852e+01
1.306494e+01
1.307135e+01
1.307777e+01
1.308419e+01
1.309060e+01
1.309702e+01
1.310343e+01
1.310985e+01
1.311627e+01
1.312268e+01
1.312910e+01
1.313551e+01
1.314193e+01
1.314835e+01
1.315476e+01
1.316118e+01
1.316760e+01
1.317401e+01
1.318043e+01
1.318684e+01
1.319326e+01
1.319968e+01
1.320609e+01
1.321251e+01
1.321892e+01
1.322534e+01
1.323176e+01
1.323817e+01
1.324459e+01
1.325100e+01
1.325742e+01
1.326384e+01
1.327025e+01
1.327667e+01
1.328309e+01
1.328950e+01
1.329592e+01
1.330233e+01
1.330892e+01
1.331552e+01
1.332211e+01
1.332870e+01
1.333529e+01
1.334188e+01
1.334847e+01
1.335506e+01
1.336165e+01
1.336824e+01
1.337483e+01
1.338143e+01
1.338802e+01
1.339461e+01
1.340120e+01
1.340779e+01
1.341438e+01
1.342097e+01
1.342756e+01
1.343415e+01
1.344074e+01
1.344733e+01
1.345393e+01
1.346052e+01
1.346711e+01
1.347370e+01
1.348029e+01
1.348688e+01
1.349347e+01
1.350006e+01
1.350665e+01
1.351324e+01
1.351984e+01
1.352643e+01
1.353302e+01
1.353961e+01
1.354620e+01
1.355279e+01
1.355938e+01
1.356597e+01
1.357256e+01
1.357915e+01
1.358575e+01
1.359234e+01
1.359893e+01
1.360552e+01
1.361211e+01
1.361870e+01
1.362529e+01
1.363188e+01
1.363847e+01
1.364506e+01
1.365165e+01
1.365825e+01
1.366484e+01
1.367143e+01
1.367802e+01
1.368461e+01
1.369120e+01
1.369779e+01
1.370438e+01
1.371097e+01
1.371756e+01
1.372416e+01
1.373075e+01
1.373734e+01
1.374393e+01
1.375052e+01
1.375711e+01
1.376370e+01
1.377029e+01
1.377688e+01
1.378347e+01
1.379007e+01
1.379666e+01
1.380325e+01
1.380984e+01
1.381643e+01
1.382302e+01
1.382961e+01
1.383620e+01
1.384279e+01
1.384938e+01
1.385597e+01
1.386257e+01
1.386916e+01
1.387575e+01
1.388234e+01
1.388893e+01
1.389552e+01
1.390211e+01
1.390870e+01
1.391529e+01
1.392188e+01
1.392848e+01
1.393507e+01
1.394166e+01
1.394825e+01
1.395484e+01
1.396143e+01
1.396802e+01
1.397461e+01
1.398120e+01
1.398779e+01
1.399439e+01
1.400098e+01
1.400757e+01
1.401416e+01
1.402075e+01
1.402734e+01
1.403393e+01
1.404052e+01
1.404711e+01
1.405370e+01
1.406029e+01
1.406689e+01
1.407348e+01
1.408007e+01
1.408666e+01
1.409325e+01
1.409984e+01
1.410643e+01
1.411302e+01
1.411961e+01
1.412620e+01
1.413280e+01
1.413939e+01
1.414598e+01
1.415257e+01
1.415916e+01
1.416575e+01
1.417234e+01
1.417893e+01
1.418552e+01
1.419211e+01
1.419871e+01
1.420530e+01
1.421189e+01
1.421848e+01
1.422507e+01
1.423166e+01
1.423825e+01
1.424484e+01
1.425143e+01
1.425802e+01
1.426461e+01
1.427121e+01
1.427780e+01
1.428439e+01
1.429098e+01
1.429757e+01
1.430416e+01
1.431075e+01
1.431734e+01
1.432393e+01
1.433052e+01
1.433712e+01
1.434371e+01
1.435030e+01
1.435689e+01
1.436348e+01
1.437007e+01
1.437666e+01
1.438325e+01
1.438984e+01
1.439643e+01
1.440303e+01
1.440962e+01
1.441621e+01
1.442280e+01
1.442939e+01
1.443598e+01
1.444257e+01
1.444916e+01
1.445575e+01
1.446234e+01
1.446893e+01
1.447553e+01
1.448212e+01
1.448871e+01
1.449530e+01
1.450189e+01
1.450848e+01
1.451507e+01
1.452166e+01
1.452825e+01
1.453484e+01
1.454144e+01
1.454803e+01
1.455462e+01
1.456121e+01
1.456780e+01
1.457439e+01
1.458098e+01
1.458757e+01
1.459416e+01
1.460075e+01
1.460735e+01
1.461394e+01
1.462053e+01
1.462712e+01
1.463371e+01
1.464030e+01
1.464689e+01
1.465348e+01
1.466007e+01
1.466666e+01
1.467325e+01
1.467985e+01
1.468644e+01
1.469303e+01
1.469962e+01
1.470621e+01
1.471280e+01
1.471939e+01
1.472598e+01
1.473257e+01
1.473916e+01
1.474576e+01
1.475235e+01
1.475894e+01
1.476553e+01
1.477212e+01
1.477871e+01
1.478530e+01
1.479189e+01
1.479848e+01
1.480507e+01
1.481167e+01
1.481826e+01
1.482485e+01
1.483144e+01
1.483803e+01
1.484462e+01
1.485121e+01
1.485780e+01
1.486439e+01
1.487098e+01
1.487757e+01
1.488417e+01
1.489076e+01
1.489735e+01
1.490394e+01
1.491053e+01
1.491712e+01
1.492371e+01
1.493030e+01
1.493689e+01
1.494348e+01
1.495008e+01
1.495667e+01
1.496326e+01
1.496985e+01
1.497644e+01
1.498303e+01
1.498962e+01
1.499621e+01
1.500280e+01
1.500939e+01
1.501599e+01
1.502258e+01
1.502917e+01
1.503576e+01
1.504235e+01
1.504894e+01
1.505553e+01
1.506212e+01
1.506871e+01
1.507530e+01
1.508189e+01
1.508849e+01
1.509508e+01
1.510167e+01
1.510826e+01
1.511485e+01
1.512144e+01
1.512803e+01
1.513462e+01
1.514121e+01
1.514780e+01
1.515440e+01
1.516099e+01
1.516758e+01
1.517417e+01
1.518076e+01
1.518735e+01
1.519394e+01
1.520053e+01
1.520712e+01
1.521371e+01
1.522031e+01
1.522690e+01
1.523349e+01
1.524008e+01
1.524667e+01
1.525326e+01
1.525985e+01
1.526644e+01
1.527303e+01
1.527962e+01
1.528622e+01
1.529281e+01
1.529940e+01
1.530599e+01
1.531258e+01
1.531917e+01
1.532576e+01
1.533235e+01
1.533894e+01
1.534553e+01
1.535212e+01
1.535872e+01
1.536531e+01
1.537190e+01
1.537849e+01
1.538508e+01
1.539167e+01
1.539826e+01
1.540485e+01
1.541144e+01
1.541803e+01
1.542463e+01
1.543122e+01
1.543781e+01
1.544440e+01
1.545099e+01
1.545758e+01
1.546417e+01
1.547076e+01
1.547735e+01
1.548394e+01
1.549054e+01
1.549713e+01
1.550372e+01
1.551031e+01
1.551690e+01
1.552349e+01
1.553008e+01
1.553667e+01
1.554326e+01
1.554985e+01
1.555644e+01
1.556304e+01
1.556963e+01
1.557622e+01
1.558281e+01
1.558940e+01
1.559599e+01
1.560258e+01
1.560917e+01
1.561576e+01
1.562235e+01
1.562895e+01
1.563554e+01
1.564213e+01
1.564872e+01
1.565531e+01
1.566190e+01
1.566849e+01
1.567508e+01
1.568167e+01
1.568826e+01
1.569486e+01
1.570145e+01
1.570804e+01
1.571463e+01
1.572122e+01
1.572781e+01
1.573440e+01
1.574099e+01
1.574758e+01
1.575417e+01
1.576077e+01
1.576736e+01
1.577395e+01
1.578054e+01
1.578713e+01
1.579372e+01
1.580031e+01
1.580690e+01
1.581349e+01
1.582008e+01
1.582667e+01
1.583327e+01
1.583986e+01
1.584645e+01
1.585304e+01
1.585963e+01
1.586622e+01
1.587281e+01
1.587940e+01
1.588599e+01
1.589258e+01
1.589918e+01
1.590577e+01
1.591236e+01
1.591895e+01
1.592554e+01
1.593213e+01
1.593872e+01
1.594531e+01
1.595190e+01
1.595849e+01
1.596509e+01
1.597168e+01
1.597827e+01
1.598486e+01
1.599145e+01
1.599804e+01
1.600463e+01
1.601122e+01
1.601781e+01
1.602440e+01
1.603099e+01
1.603759e+01
1.604418e+01
1.605077e+01
1.605736e+01
1.606395e+01
1.607054e+01
1.607713e+01
1.608372e+01
1.609031e+01
1.609690e+01
1.610350e+01
1.611009e+01
1.611668e+01
1.612327e+01
1.612986e+01
1.613645e+01
1.614304e+01
1.614963e+01
1.615622e+01
1.616281e+01
1.616941e+01
1.617600e+01
1.618259e+01
1.618918e+01
1.619577e+01
1.620236e+01
1.620895e+01
1.621554e+01
1.622213e+01
1.622872e+01
1.623531e+01
1.624191e+01
1.624850e+01
1.625509e+01
1.626168e+01
1.626827e+01
1.627486e+01
1.628145e+01
1.628804e+01
1.629463e+01
1.630122e+01
1.630782e+01
1.631441e+01
1.632100e+01
1.632759e+01
1.633418e+01
1.634077e+01
1.634736e+01
1.635395e+01
1.636054e+01
1.636713e+01
1.637373e+01
1.638032e+01
1.638691e+01
1.639350e+01
1.640009e+01
1.640668e+01
1.641327e+01
1.641986e+01
1.642645e+01
1.643304e+01
1.643963e+01
1.644623e+01
1.645282e+01
1.645941e+01
1.646600e+01
1.647259e+01
1.647918e+01
1.648577e+01
1.649236e+01
1.649895e+01
1.650554e+01
1.651214e+01
1.651873e+01
1.652532e+01
1.653191e+01
1.653850e+01
1.654509e+01
1.655168e+01
1.655827e+01
1.656486e+01
1.657145e+01
1.657805e+01
1.658464e+01
1.659123e+01
1.659782e+01
1.660441e+01
1.661100e+01
1.661663e+01
1.662226e+01
1.662789e+01
1.663352e+01
1.663914e+01
1.664477e+01
1.665040e+01
1.665603e+01
1.666166e+01
1.666729e+01
1.667292e+01
1.667855e+01
1.668418e+01
1.668980e+01
1.669543e+01
1.670106e+01
1.670669e+01
1.671232e+01
1.671795e+01
1.672358e+01
1.672921e+01
1.673484e+01
1.674046e+01
1.674609e+01
1.675172e+01
1.675735e+01
1.676298e+01
1.676861e+01
1.677424e+01
1.677987e+01
1.678550e+01
1.679112e+01
1.679675e+01
1.680238e+01
1.680801e+01
1.681364e+01
1.681927e+01
1.682490e+01
1.683053e+01
1.683616e+01
1.684178e+01
1.684741e+01
1.685304e+01
1.685867e+01
1.686430e+01
1.686993e+01
1.687556e+01
1.688119e+01
1.688682e+01
1.689244e+01
1.689807e+01
1.690370e+01
1.690933e+01
1.691496e+01
1.692059e+01
1.692622e+01
1.693185e+01
1.693748e+01
1.694310e+01
1.694873e+01
1.695436e+01
1.695999e+01
1.696562e+01
1.697125e+01
1.697688e+01
1.698251e+01
1.698814e+01
1.699376e+01
1.699939e+01
1.700502e+01
1.701065e+01
1.701628e+01
1.702191e+01
1.702754e+01
1.703317e+01
1.703880e+01
1.704442e+01
1.705005e+01
1.705568e+01
1.706131e+01
1.706694e+01
1.707257e+01
1.707820e+01
1.708383e+01
1.708946e+01
1.709508e+01
1.710071e+01
1.710634e+01
1.711197e+01
1.711760e+01
1.712323e+01
1.712886e+01
1.713449e+01
1.714012e+01
1.714574e+01
1.715137e+01
1.715700e+01
1.716263e+01
1.716826e+01
1.717389e+01
1.717952e+01
1.718515e+01
1.719078e+01
1.719640e+01
1.720203e+01
1.720766e+01
1.721329e+01
1.721892e+01
1.722455e+01
1.723018e+01
1.723581e+01
1.724144e+01
1.724706e+01
1.725269e+01
1.725832e+01
1.726395e+01
1.726958e+01
1.727521e+01
1.728084e+01
1.728647e+01
1.729210e+01
1.729772e+01
1.730335e+01
1.730898e+01
1.731461e+01
1.732024e+01
1.732587e+01
1.733150e+01
1.733713e+01
1.734276e+01
1.734839e+01
1.735401e+01
1.735964e+01
1.736527e+01
1.737090e+01
1.737653e+01
1.738216e+01
1.738779e+01
1.739342e+01
1.739905e+01
1.740467e+01
1.741030e+01
1.741593e+01
1.742156e+01
1.742719e+01
1.743282e+01
1.743845e+01
1.744408e+01
1.744971e+01
1.745533e+01
1.746096e+01
1.746659e+01
1.747222e+01
1.747785e+01
1.748348e+01
1.748911e+01
1.749474e+01
1.750037e+01
1.750599e+01
1.751162e+01
1.751725e+01
1.752288e+01
1.752851e+01
1.753414e+01
1.753977e+01
1.754540e+01
1.755103e+01
1.755665e+01
1.756228e+01
1.756791e+01
1.757354e+01
1.757917e+01
1.758480e+01
1.759043e+01
1.759606e+01
1.760169e+01
1.760731e+01
1.761294e+01
1.761857e+01
1.762420e+01
1.762983e+01
1.763546e+01
1.764109e+01
1.764672e+01
1.765235e+01
1.765797e+01
1.766360e+01
1.766923e+01
1.767486e+01
1.768049e+01
1.768612e+01
1.769175e+01
1.769738e+01
1.770301e+01
1.770863e+01
1.771426e+01
1.771989e+01
1.772552e+01
1.773115e+01
1.773678e+01
1.774241e+01
1.774804e+01
1.775367e+01
1.775929e+01
1.776492e+01
1.777055e+01
1.777618e+01
1.778181e+01
1.778744e+01
1.779307e+01
1.779870e+01
1.780433e+01
1.780995e+01
1.781558e+01
1.782121e+01
1.782684e+01
1.783247e+01
1.783810e+01
1.784373e+01
1.784936e+01
1.785499e+01
1.786061e+01
1.786624e+01
1.787187e+01
1.787750e+01
1.788313e+01
1.788876e+01
1.789439e+01
1.790002e+01
1.790565e+01
1.791127e+01
1.791690e+01
1.792253e+01
1.792816e+01
1.793379e+01
1.793942e+01
1.794505e+01
1.795068e+01
1.795631e+01
1.796193e+01
1.796756e+01
1.797319e+01
1.797882e+01
1.798445e+01
1.799008e+01
1.799571e+01
1.800134e+01
1.800697e+01
1.801259e+01
1.801822e+01
1.802385e+01
1.802948e+01
1.803511e+01
1.804074e+01
1.804637e+01
1.805200e+01
1.805763e+01
1.806325e+01
1.806888e+01
1.807451e+01
1.808014e+01
1.808577e+01
1.809140e+01
1.809703e+01
1.810266e+01
1.810829e+01
1.811391e+01
1.811954e+01
1.812517e+01
1.813080e+01
1.813643e+01
1.814206e+01
1.814769e+01
1.815332e+01
1.815895e+01
1.816457e+01
1.817020e+01
1.817583e+01
1.818146e+01
1.818709e+01
1.819272e+01
1.819835e+01
1.820398e+01
1.820961e+01
1.821523e+01
1.822086e+01
1.822649e+01
1.823212e+01
1.823775e+01
1.824338e+01
1.824901e+01
1.825464e+01
1.826027e+01
1.826589e+01
1.827152e+01
1.827715e+01
1.828278e+01
1.828841e+01
1.829404e+01
1.829967e+01
1.830530e+01
1.831093e+01
1.831655e+01
1.832218e+01
1.832781e+01
1.833344e+01
1.833907e+01
1.834470e+01
1.835033e+01
1.835596e+01
1.836159e+01
1.836721e+01
1.837284e+01
1.837847e+01
1.838410e+01
1.838973e+01
1.839536e+01
1.840099e+01
1.840662e+01
1.841225e+01
1.841787e+01
1.842350e+01
1.842913e+01
1.843476e+01
1.844039e+01
1.844602e+01
1.845165e+01
1.845728e+01
1.846291e+01
1.846853e+01
1.847416e+01
1.847979e+01
1.848542e+01
1.849105e+01
1.849668e+01
1.850231e+01
1.850794e+01
1.851357e+01
1.851919e+01
1.852482e+01
1.853045e+01
1.853608e+01
1.854171e+01
1.854734e+01
1.855297e+01
1.855860e+01
1.856423e+01
1.856985e+01
1.857548e+01
1.858111e+01
1.858674e+01
1.859237e+01
1.859800e+01
1.860363e+01
1.860926e+01
1.861489e+01
1.862052e+01
1.862614e+01
1.863177e+01
1.863740e+01
1.864303e+01
1.864866e+01
1.865429e+01
1.865992e+01
1.866555e+01
1.867117e+01
1.867680e+01
1.868243e+01
1.868806e+01
1.869369e+01
1.869932e+01
1.870495e+01
1.871058e+01
1.871621e+01
1.872184e+01
1.872746e+01
1.873309e+01
1.873872e+01
1.874435e+01
1.874998e+01
1.875561e+01
1.876124e+01
1.876687e+01
1.877249e+01
1.877812e+01
1.878375e+01
1.878938e+01
1.879501e+01
1.880064e+01
1.880627e+01
1.881190e+01
1.881753e+01
1.882316e+01
1.882878e+01
1.883441e+01
1.884004e+01
1.884567e+01
1.885130e+01
1.885693e+01
1.886256e+01
1.886819e+01
1.887381e+01
1.887944e+01
1.888507e+01
1.889070e+01
1.889633e+01
1.890196e+01
1.890759e+01
1.891322e+01
1.891885e+01
1.892448e+01
1.893010e+01
1.893573e+01
1.894136e+01
1.894699e+01
1.895262e+01
1.895825e+01
1.896388e+01
1.896951e+01
1.897514e+01
1.898076e+01
1.898639e+01
1.899202e+01
1.899765e+01
1.900328e+01
1.900891e+01
1.901454e+01
1.902017e+01
1.902580e+01
1.903142e+01
1.903705e+01
1.904268e+01
1.904831e+01
1.905394e+01
1.905957e+01
1.906520e+01
1.907083e+01
1.907646e+01
1.908208e+01
1.908771e+01
1.909334e+01
1.909897e+01
1.910460e+01
1.911023e+01
1.911586e+01
1.912149e+01
1.912712e+01
1.913274e+01
1.913837e+01
1.914400e+01
1.914963e+01
1.915526e+01
1.916089e+01
1.916652e+01
1.917215e+01
1.917778e+01
1.918340e+01
1.918903e+01
1.919466e+01
1.920029e+01
1.920592e+01
1.921155e+01
1.921718e+01
1.922281e+01
1.922844e+01
1.923406e+01
1.923969e+01
1.924532e+01
1.925095e+01
1.925658e+01
1.926221e+01
1.926784e+01
1.927347e+01
1.927910e+01
1.928472e+01
1.929035e+01
1.929598e+01
1.930161e+01
1.930724e+01
1.931287e+01
1.931850e+01
1.932413e+01
1.932976e+01
1.933538e+01
1.934101e+01
1.934664e+01
1.935227e+01
1.935790e+01
1.936353e+01
1.936916e+01
1.937479e+01
1.938042e+01
1.938604e+01
1.939167e+01
1.939730e+01
1.940293e+01
1.940856e+01
1.941419e+01
1.941982e+01
1.942545e+01
1.943108e+01
1.943670e+01
1.944233e+01
1.944787e+01
1.945341e+01
1.945895e+01
1.946449e+01
1.947003e+01
1.947557e+01
1.948110e+01
1.948664e+01
1.949218e+01
1.949772e+01
1.950326e+01
1.950880e+01
1.951434e+01
1.951988e+01
1.952542e+01
1.953095e+01
1.953649e+01
1.954203e+01
1.954757e+01
1.955311e+01
1.955865e+01
1.956419e+01
1.956972e+01
1.957526e+01
1.958080e+01
1.958634e+01
1.959188e+01
1.959742e+01
1.960296e+01
1.960850e+01
1.961403e+01
1.961957e+01
1.962511e+01
1.963065e+01
1.963619e+01
1.964173e+01
1.964727e+01
1.965281e+01
1.965835e+01
1.966388e+01
1.966942e+01
1.967496e+01
1.968050e+01
1.968604e+01
1.969158e+01
1.969712e+01
1.970266e+01
1.970819e+01
1.971373e+01
1.971927e+01
1.972481e+01
1.973035e+01
1.973589e+01
1.974143e+01
1.974697e+01
1.975250e+01
1.975804e+01
1.976358e+01
1.976912e+01
1.977466e+01
1.978020e+01
1.978574e+01
1.979128e+01
1.979681e+01
1.980235e+01
1.980789e+01
1.981343e+01
1.981897e+01
1.982451e+01
1.983005e+01
1.983559e+01
1.984112e+01
1.984666e+01
1.985220e+01
1.985774e+01
1.986328e+01
1.986882e+01
1.987436e+01
1.987990e+01
1.988543e+01
1.989097e+01
1.989651e+01
1.990205e+01
1.990759e+01
1.991313e+01
1.991867e+01
1.992421e+01
1.992974e+01
1.993528e+01
1.994082e+01
1.994636e+01
1.995190e+01
1.995744e+01
1.996298e+01
1.996852e+01
1.997406e+01
1.997959e+01
1.998513e+01
1.999067e+01
1.999621e+01
2.000175e+01
2.000729e+01
2.001283e+01
2.001837e+01
2.002390e+01
2.002944e+01
2.003498e+01
2.004052e+01
2.004606e+01
2.005160e+01
2.005714e+01
2.006268e+01
2.006821e+01
2.007375e+01
2.007929e+01
2.008483e+01
2.009037e+01
2.009591e+01
2.010145e+01
2.010699e+01
2.011252e+01
2.011806e+01
2.012360e+01
2.012914e+01
2.013468e+01
2.014022e+01
2.014576e+01
2.015130e+01
2.015683e+01
2.016237e+01
2.016791e+01
2.017345e+01
2.017899e+01
2.018453e+01
2.019007e+01
2.019561e+01
2.020114e+01
2.020668e+01
2.021222e+01
2.021776e+01
2.022330e+01
2.022884e+01
2.023438e+01
2.023992e+01
2.024545e+01
2.025099e+01
2.025653e+01
2.026207e+01
2.026761e+01
2.027315e+01
2.027869e+01
2.028423e+01
2.028976e+01
2.029530e+01
2.030084e+01
2.030638e+01
2.031192e+01
2.031746e+01
2.032300e+01
2.032854e+01
2.033407e+01
2.033961e+01
2.034515e+01
2.035069e+01
2.035623e+01
2.036177e+01
2.036731e+01
2.037285e+01
2.037839e+01
2.038392e+01
2.038946e+01
2.039500e+01
2.040054e+01
2.040608e+01
2.041162e+01
2.041716e+01
2.042270e+01
2.042823e+01
2.043377e+01
2.043931e+01
2.044485e+01
2.045039e+01
2.045593e+01
2.046147e+01
2.046701e+01
2.047254e+01
2.047808e+01
2.048362e+01
2.048916e+01
2.049470e+01
2.050024e+01
2.050578e+01
2.051132e+01
2.051685e+01
2.052239e+01
2.052793e+01
2.053347e+01
2.053901e+01
2.054455e+01
2.055009e+01
2.055563e+01
2.056116e+01
2.056670e+01
2.057224e+01
2.057778e+01
2.058332e+01
2.058886e+01
2.059440e+01
2.059994e+01
2.060547e+01
2.061101e+01
2.061655e+01
2.062209e+01
2.062763e+01
2.063317e+01
2.063871e+01
2.064425e+01
2.064978e+01
2.065532e+01
2.066086e+01
2.066640e+01
2.067194e+01
2.067748e+01
2.068302e+01
2.068856e+01
2.069409e+01
2.069963e+01
2.070517e+01
2.071071e+01
2.071625e+01
2.072179e+01
2.072733e+01
2.073287e+01
2.073840e+01
2.074394e+01
2.074948e+01
2.075502e+01
2.076056e+01
2.076610e+01
2.077164e+01
2.077718e+01
2.078271e+01
2.078825e+01
2.079379e+01
2.079933e+01
2.080487e+01
2.081041e+01
2.081595e+01
2.082149e+01
2.082703e+01
2.083256e+01
2.083810e+01
2.084364e+01
2.084918e+01
2.085472e+01
2.086026e+01
2.086580e+01
2.087134e+01
2.087687e+01
2.088241e+01
2.088795e+01
2.089349e+01
2.089903e+01
2.090457e+01
2.091011e+01
2.091565e+01
2.092118e+01
2.092672e+01
2.093226e+01
2.093780e+01
2.094334e+01
2.094888e+01
2.095442e+01
2.095996e+01
2.096549e+01
2.097103e+01
2.097657e+01
2.098211e+01
2.098765e+01
2.099319e+01
2.099873e+01
2.100427e+01
2.100980e+01
2.101534e+01
2.102088e+01
2.102642e+01
2.103196e+01
2.103750e+01
2.104304e+01
2.104858e+01
2.105411e+01
2.105965e+01
2.106519e+01
2.107073e+01
2.107627e+01
2.108181e+01
2.108735e+01
2.109289e+01
2.109842e+01
2.110396e+01
2.110950e+01
2.111504e+01
2.112058e+01
2.112612e+01
2.113166e+01
2.113720e+01
2.114274e+01
2.114827e+01
2.115381e+01
2.115935e+01
2.116489e+01
2.117043e+01
2.117597e+01
2.118151e+01
2.118705e+01
2.119258e+01
2.119812e+01
2.120366e+01
2.120920e+01
2.121474e+01
2.122028e+01
2.122582e+01
2.123135e+01
2.123689e+01
2.124243e+01
2.124797e+01
2.125351e+01
2.125905e+01
2.126459e+01
2.127013e+01
2.127567e+01
2.128120e+01
2.128674e+01
2.129228e+01
2.129782e+01
2.130336e+01
2.130890e+01
2.131444e+01
2.131998e+01
2.132551e+01
2.133105e+01
2.133659e+01
2.134213e+01
2.134767e+01
2.135321e+01
2.135875e+01
2.136429e+01
2.136982e+01
2.137536e+01
2.138090e+01
2.138644e+01
2.139198e+01
2.139752e+01
2.140306e+01
2.140860e+01
2.141413e+01
2.141967e+01
2.142521e+01
2.143075e+01
2.143629e+01
2.144183e+01
2.144737e+01
2.145291e+01
2.145844e+01
2.146398e+01
2.146952e+01
2.147506e+01
2.148060e+01
2.148614e+01
2.149168e+01
2.149722e+01
2.150275e+01
2.150829e+01
2.151383e+01
2.151937e+01
2.152491e+01
2.153045e+01
2.153599e+01
2.154153e+01
2.154706e+01
2.155260e+01
2.155814e+01
2.156368e+01
2.156922e+01
2.157476e+01
2.158030e+01
2.158584e+01
2.159138e+01
2.159691e+01
2.160245e+01
2.160799e+01
2.161353e+01
2.161907e+01
2.162461e+01
2.163015e+01
2.163569e+01
2.164122e+01
2.164676e+01
2.165230e+01
2.165784e+01
2.166338e+01
2.166892e+01
2.167446e+01
2.168000e+01
2.168553e+01
2.169107e+01
2.169661e+01
2.170215e+01
2.170769e+01
2.171323e+01
2.171877e+01
2.172431e+01
2.172984e+01
2.173538e+01
2.174092e+01
2.174646e+01
2.175200e+01
2.175754e+01
2.176308e+01
2.176862e+01
2.177415e+01
2.177969e+01
2.178523e+01
2.179077e+01
2.179631e+01
2.180185e+01
2.180739e+01
2.181293e+01
2.181846e+01
2.182400e+01
2.182954e+01
2.183508e+01
2.184062e+01
2.184616e+01
2.185170e+01
2.185724e+01
2.186277e+01
2.186831e+01
2.187385e+01
2.187939e+01
2.188493e+01
2.189047e+01
2.189601e+01
2.190155e+01
2.190708e+01
2.191262e+01
2.191816e+01
2.192370e+01
2.192924e+01
2.193478e+01
2.194032e+01
2.194586e+01
2.195139e+01
2.195693e+01
2.196247e+01
2.196801e+01
2.197355e+01
2.197909e+01
2.198463e+01
2.199017e+01
2.199571e+01
2.200124e+01
2.200678e+01
2.201232e+01
2.201786e+01
2.202340e+01
2.202894e+01
2.203448e+01
2.204002e+01
2.204555e+01
2.205109e+01
2.205663e+01
2.206217e+01
2.206771e+01
2.207325e+01
2.207879e+01
2.208433e+01
2.208986e+01
2.209540e+01
2.210094e+01
2.210648e+01
