5.800000e-01
5.803332e-01
5.806668e-01
5.810000e-01
5.813332e-01
5.816668e-01
5.820000e-01
5.823332e-01
5.826668e-01
5.830000e-01
5.833332e-01
5.836668e-01
5.840000e-01
5.843332e-01
5.846668e-01
5.850000e-01
5.853332e-01
5.856668e-01
5.860000e-01
5.863332e-01
5.866668e-01
5.870000e-01
5.873332e-01
5.876668e-01
5.880000e-01
5.883332e-01
5.886668e-01
5.890000e-01
5.893332e-01
5.896668e-01
5.900000e-01
5.900000e-01
5.900000e-01
5.900000e-01
5.900000e-01
5.900000e-01
5.900000e-01
5.900000e-01
5.900000e-01
5.900000e-01
5.900000e-01
5.900000e-01
5.900000e-01
5.900000e-01
5.900000e-01
5.900000e-01
5.900000e-01
5.900000e-01
5.900000e-01
5.900000e-01
5.900000e-01
5.903833e-01
5.907667e-01
5.911500e-01
5.915333e-01
5.919167e-01
5.923000e-01
5.926833e-01
5.930667e-01
5.934500e-01
5.938333e-01
5.942167e-01
5.946000e-01
5.949833e-01
5.953667e-01
5.957500e-01
5.961333e-01
5.965167e-01
5.969000e-01
5.973334e-01
5.976667e-01
5.979999e-01
5.983334e-01
5.986667e-01
5.989999e-01
5.993334e-01
5.996667e-01
5.999999e-01
6.003334e-01
6.006667e-01
6.009999e-01
6.013334e-01
6.016667e-01
6.019999e-01
6.023334e-01
6.026667e-01
6.029999e-01
6.033334e-01
6.036667e-01
6.039999e-01
6.043334e-01
6.046667e-01
6.049999e-01
6.053334e-01
6.056667e-01
6.059999e-01
6.063334e-01
6.066667e-01
6.069999e-01
6.073334e-01
6.076667e-01
6.079733e-01
6.082800e-01
6.085867e-01
6.088933e-01
6.092000e-01
6.095067e-01
6.098133e-01
6.101200e-01
6.104267e-01
6.107333e-01
6.110400e-01
6.113467e-01
6.116533e-01
6.119600e-01
6.122667e-01
6.125733e-01
6.128800e-01
6.131867e-01
6.134933e-01
6.138000e-01
6.141067e-01
6.144133e-01
6.147200e-01
6.150267e-01
6.153333e-01
6.156400e-01
6.159467e-01
6.162533e-01
6.165600e-01
6.168667e-01
6.171733e-01
6.174800e-01
6.177867e-01
6.180933e-01
6.184000e-01
6.187067e-01
6.190133e-01
6.193200e-01
6.196267e-01
6.199333e-01
6.202400e-01
6.205467e-01
6.208533e-01
6.211600e-01
6.214667e-01
6.217733e-01
6.220800e-01
6.223867e-01
6.226933e-01
6.230000e-01
6.232467e-01
6.234933e-01
6.237400e-01
6.239867e-01
6.242333e-01
6.244800e-01
6.247267e-01
6.249733e-01
6.252200e-01
6.254667e-01
6.257133e-01
6.259600e-01
6.262067e-01
6.264533e-01
6.267000e-01
6.269467e-01
6.271933e-01
6.274400e-01
6.276867e-01
6.279333e-01
6.281800e-01
6.284267e-01
6.286733e-01
6.289200e-01
6.291667e-01
6.294133e-01
6.296600e-01
6.299067e-01
6.301533e-01
6.304000e-01
6.306467e-01
6.308933e-01
6.311400e-01
6.313867e-01
6.316333e-01
6.318800e-01
6.321267e-01
6.323733e-01
6.326200e-01
6.328667e-01
6.331133e-01
6.333600e-01
6.336067e-01
6.338533e-01
6.341000e-01
6.343467e-01
6.345933e-01
6.348400e-01
6.350867e-01
6.353333e-01
6.377233e-01
6.401133e-01
6.425033e-01
6.448933e-01
6.472833e-01
6.496733e-01
6.520633e-01
6.544533e-01
6.568433e-01
6.592333e-01
6.616233e-01
6.640133e-01
6.664033e-01
6.687933e-01
6.711833e-01
6.735733e-01
6.759633e-01
6.783533e-01
6.807433e-01
6.831333e-01
6.855233e-01
6.879133e-01
6.903033e-01
6.926933e-01
6.950833e-01
6.974733e-01
6.998633e-01
7.022533e-01
7.046433e-01
7.070333e-01
7.094233e-01
7.118133e-01
7.142033e-01
7.165933e-01
7.189833e-01
7.213733e-01
7.237633e-01
7.261533e-01
7.285433e-01
7.309333e-01
7.333233e-01
7.357133e-01
7.381033e-01
7.404933e-01
7.428833e-01
7.452733e-01
7.476633e-01
7.500533e-01
7.524433e-01
7.548333e-01
7.572233e-01
7.596133e-01
7.620033e-01
7.643933e-01
7.667833e-01
7.691733e-01
7.715633e-01
7.739533e-01
7.763433e-01
7.787333e-01
7.811233e-01
7.835133e-01
7.859033e-01
7.882933e-01
7.906833e-01
7.930733e-01
7.954633e-01
7.978533e-01
8.002433e-01
8.026333e-01
8.050233e-01
8.074133e-01
8.098033e-01
8.121933e-01
8.145833e-01
8.169733e-01
8.193633e-01
8.217533e-01
8.241433e-01
8.265333e-01
8.289233e-01
8.313133e-01
8.337033e-01
8.360933e-01
8.384833e-01
8.408733e-01
8.432633e-01
8.456533e-01
8.480433e-01
8.504333e-01
8.528233e-01
8.552133e-01
8.576033e-01
8.599933e-01
8.623833e-01
8.647733e-01
8.671633e-01
8.695533e-01
8.719433e-01
8.743333e-01
8.751733e-01
8.760133e-01
8.768533e-01
8.776933e-01
8.785333e-01
8.793733e-01
8.802133e-01
8.810533e-01
8.818933e-01
8.827333e-01
8.835733e-01
8.844133e-01
8.852533e-01
8.860933e-01
8.869333e-01
8.877733e-01
8.886133e-01
8.894533e-01
8.902933e-01
8.911333e-01
8.919733e-01
8.928133e-01
8.936533e-01
8.944933e-01
8.953333e-01
8.961733e-01
8.970133e-01
8.978533e-01
8.986933e-01
8.995333e-01
9.003733e-01
9.012133e-01
9.020533e-01
9.028933e-01
9.037333e-01
9.045733e-01
9.054133e-01
9.062533e-01
9.070933e-01
9.079333e-01
9.087733e-01
9.096133e-01
9.104533e-01
9.112933e-01
9.121333e-01
9.129733e-01
9.138133e-01
9.146533e-01
9.154933e-01
9.163333e-01
9.171733e-01
9.180133e-01
9.188533e-01
9.196933e-01
9.205333e-01
9.213733e-01
9.222133e-01
9.230533e-01
9.238933e-01
9.247333e-01
9.255733e-01
9.264133e-01
9.272533e-01
9.280933e-01
9.289333e-01
9.297733e-01
9.306133e-01
9.314533e-01
9.322933e-01
9.331333e-01
9.339733e-01
9.348133e-01
9.356533e-01
9.364933e-01
9.373333e-01
9.381733e-01
9.390133e-01
9.398533e-01
9.406933e-01
9.415333e-01
9.423733e-01
9.432133e-01
9.440533e-01
9.448933e-01
9.457333e-01
9.465733e-01
9.474133e-01
9.482533e-01
9.490933e-01
9.499333e-01
9.507733e-01
9.516133e-01
9.524533e-01
9.532933e-01
9.541333e-01
9.549733e-01
9.558133e-01
9.566533e-01
9.574933e-01
9.583333e-01
9.590450e-01
9.597567e-01
9.604683e-01
9.611800e-01
9.618917e-01
9.626033e-01
9.633150e-01
9.640267e-01
9.647383e-01
9.654500e-01
9.661617e-01
9.668733e-01
9.675850e-01
9.682967e-01
9.690083e-01
9.697200e-01
9.704317e-01
9.711433e-01
9.718550e-01
9.725667e-01
9.732783e-01
9.739900e-01
9.747017e-01
9.754133e-01
9.761250e-01
9.768367e-01
9.775483e-01
9.782600e-01
9.789717e-01
9.796833e-01
9.803950e-01
9.811067e-01
9.818183e-01
9.825300e-01
9.832417e-01
9.839533e-01
9.846650e-01
9.853767e-01
9.860883e-01
9.868000e-01
9.875117e-01
9.882233e-01
9.889350e-01
9.896467e-01
9.903583e-01
9.910700e-01
9.917817e-01
9.924933e-01
9.932050e-01
9.939167e-01
9.946283e-01
9.953400e-01
9.960517e-01
9.967633e-01
9.974750e-01
9.981867e-01
9.988983e-01
9.996100e-01
1.000322e+00
1.001033e+00
1.001745e+00
1.002457e+00
1.003168e+00
1.003880e+00
1.004592e+00
1.005303e+00
1.006015e+00
1.006727e+00
1.007438e+00
1.008150e+00
1.008862e+00
1.009573e+00
1.010285e+00
1.010997e+00
1.011708e+00
1.012420e+00
1.013132e+00
1.013843e+00
1.014555e+00
1.015267e+00
1.015978e+00
1.016690e+00
1.017402e+00
1.018113e+00
1.018825e+00
1.019537e+00
1.020248e+00
1.020960e+00
1.021672e+00
1.022383e+00
1.023095e+00
1.023807e+00
1.024518e+00
1.025230e+00
1.025942e+00
1.026653e+00
1.027365e+00
1.028077e+00
1.028788e+00
1.029500e+00
1.030212e+00
1.030923e+00
1.031635e+00
1.032347e+00
1.033058e+00
1.033770e+00
1.034482e+00
1.035193e+00
1.035905e+00
1.036617e+00
1.037328e+00
1.038040e+00
1.038752e+00
1.039463e+00
1.040175e+00
1.040887e+00
1.041598e+00
1.042310e+00
1.043022e+00
1.043733e+00
1.044445e+00
1.045157e+00
1.045868e+00
1.046580e+00
1.047292e+00
1.048003e+00
1.048715e+00
1.049427e+00
1.050138e+00
1.050850e+00
1.051562e+00
1.052273e+00
1.052985e+00
1.053697e+00
1.054408e+00
1.055120e+00
1.055832e+00
1.056543e+00
1.057255e+00
1.057967e+00
1.058678e+00
1.059390e+00
1.060102e+00
1.060813e+00
1.061525e+00
1.062237e+00
1.062948e+00
1.063660e+00
1.064372e+00
1.065083e+00
1.065795e+00
1.066507e+00
1.067218e+00
1.067930e+00
1.068642e+00
1.069353e+00
1.070065e+00
1.070777e+00
1.071488e+00
1.072200e+00
1.072912e+00
1.073623e+00
1.074335e+00
1.075047e+00
1.075758e+00
1.076470e+00
1.077182e+00
1.077893e+00
1.078605e+00
1.079317e+00
1.080028e+00
1.080740e+00
1.081452e+00
1.082163e+00
1.082875e+00
1.083587e+00
1.084298e+00
1.085010e+00
1.085722e+00
1.086433e+00
1.087145e+00
1.087857e+00
1.088568e+00
1.089280e+00
1.089992e+00
1.090703e+00
1.091415e+00
1.092127e+00
1.092838e+00
1.093550e+00
1.094262e+00
1.094973e+00
1.095685e+00
1.096397e+00
1.097108e+00
1.097820e+00
1.098532e+00
1.099243e+00
1.099955e+00
1.100667e+00
1.101543e+00
1.102420e+00
1.103297e+00
1.104173e+00
1.105050e+00
1.105927e+00
1.106803e+00
1.107680e+00
1.108557e+00
1.109433e+00
1.110310e+00
1.111187e+00
1.112063e+00
1.112940e+00
1.113817e+00
1.114693e+00
1.115570e+00
1.116447e+00
1.117323e+00
1.118200e+00
1.119077e+00
1.119953e+00
1.120830e+00
1.121707e+00
1.122583e+00
1.123460e+00
1.124337e+00
1.125213e+00
1.126090e+00
1.126967e+00
1.127843e+00
1.128720e+00
1.129597e+00
1.130473e+00
1.131350e+00
1.132227e+00
1.133103e+00
1.133980e+00
1.134857e+00
1.135733e+00
1.136610e+00
1.137487e+00
1.138363e+00
1.139240e+00
1.140117e+00
1.140993e+00
1.141870e+00
1.142747e+00
1.143623e+00
1.144500e+00
1.145377e+00
1.146253e+00
1.147130e+00
1.148007e+00
1.148883e+00
1.149760e+00
1.150637e+00
1.151513e+00
1.152390e+00
1.153267e+00
1.154143e+00
1.155020e+00
1.155897e+00
1.156773e+00
1.157650e+00
1.158527e+00
1.159403e+00
1.160280e+00
1.161157e+00
1.162033e+00
1.162910e+00
1.163787e+00
1.164663e+00
1.165540e+00
1.166417e+00
1.167293e+00
1.168170e+00
1.169047e+00
1.169923e+00
1.170800e+00
1.171677e+00
1.172553e+00
1.173430e+00
1.174307e+00
1.175183e+00
1.176060e+00
1.176937e+00
1.177813e+00
1.178690e+00
1.179567e+00
1.180443e+00
1.181320e+00
1.182197e+00
1.183073e+00
1.183950e+00
1.184827e+00
1.185703e+00
1.186580e+00
1.187457e+00
1.188333e+00
1.200565e+00
1.212797e+00
1.225028e+00
1.237260e+00
1.249492e+00
1.261724e+00
1.273955e+00
1.286187e+00
1.298419e+00
1.310651e+00
1.322883e+00
1.335114e+00
1.347346e+00
1.359578e+00
1.371810e+00
1.384041e+00
1.396273e+00
1.408505e+00
1.420737e+00
1.432969e+00
1.445200e+00
1.457432e+00
1.469664e+00
1.481896e+00
1.494127e+00
1.506359e+00
1.518591e+00
1.530823e+00
1.543055e+00
1.555286e+00
1.567518e+00
1.579750e+00
1.591982e+00
1.604213e+00
1.616445e+00
1.628677e+00
1.640909e+00
1.653141e+00
1.665372e+00
1.677604e+00
1.689836e+00
1.702068e+00
1.714299e+00
1.726531e+00
1.738763e+00
1.750995e+00
1.763227e+00
1.775458e+00
1.787690e+00
1.799922e+00
1.812154e+00
1.824386e+00
1.836617e+00
1.848849e+00
1.861081e+00
1.873313e+00
1.885544e+00
1.897776e+00
1.910008e+00
1.922240e+00
1.934472e+00
1.946703e+00
1.958935e+00
1.971167e+00
1.983399e+00
1.995630e+00
2.007862e+00
2.020094e+00
2.032326e+00
2.044558e+00
2.056789e+00
2.069021e+00
2.081253e+00
2.093485e+00
2.105716e+00
2.117948e+00
2.130180e+00
2.142412e+00
2.154644e+00
2.166875e+00
2.179107e+00
2.191339e+00
2.203571e+00
2.215802e+00
2.228034e+00
2.240266e+00
2.252498e+00
2.264730e+00
2.276961e+00
2.289193e+00
2.301425e+00
2.313657e+00
2.325888e+00
2.338120e+00
2.350352e+00
2.362584e+00
2.374816e+00
2.387047e+00
2.399279e+00
2.411511e+00
2.423743e+00
2.435974e+00
2.448206e+00
2.460438e+00
2.472670e+00
2.484902e+00
2.497133e+00
2.509365e+00
2.521597e+00
2.533829e+00
2.546060e+00
2.558292e+00
2.570524e+00
2.582756e+00
2.594988e+00
2.607219e+00
2.619451e+00
2.631683e+00
2.643915e+00
2.656146e+00
2.668378e+00
2.680610e+00
2.692842e+00
2.705074e+00
2.717305e+00
2.729537e+00
2.741769e+00
2.754001e+00
2.766232e+00
2.778464e+00
2.790696e+00
2.802928e+00
2.815160e+00
2.827391e+00
2.839623e+00
2.851855e+00
2.864087e+00
2.876318e+00
2.888550e+00
2.900782e+00
2.913014e+00
2.925246e+00
2.937477e+00
2.949709e+00
2.961941e+00
2.974173e+00
2.986404e+00
2.998636e+00
3.010868e+00
3.023100e+00
3.035332e+00
3.047563e+00
3.059795e+00
3.072027e+00
3.084259e+00
3.096491e+00
3.108722e+00
3.120954e+00
3.133186e+00
3.145418e+00
3.157649e+00
3.169881e+00
3.182113e+00
3.194345e+00
3.206577e+00
3.218808e+00
3.231040e+00
3.243272e+00
3.255504e+00
3.267735e+00
3.279967e+00
3.292199e+00
3.304431e+00
3.316663e+00
3.328894e+00
3.341126e+00
3.353358e+00
3.365590e+00
3.377821e+00
3.390053e+00
3.402285e+00
3.414517e+00
3.426749e+00
3.438980e+00
3.451212e+00
3.463444e+00
3.475676e+00
3.487907e+00
3.500139e+00
3.512371e+00
3.524603e+00
3.536835e+00
3.549066e+00
3.561298e+00
3.573530e+00
3.585762e+00
3.597993e+00
3.610225e+00
3.622457e+00
3.634689e+00
3.646921e+00
3.659152e+00
3.671384e+00
3.683616e+00
3.695848e+00
3.708079e+00
3.720311e+00
3.732543e+00
3.744775e+00
3.757007e+00
3.769238e+00
3.781470e+00
3.793702e+00
3.805934e+00
3.818165e+00
3.830397e+00
3.842629e+00
3.854861e+00
3.867093e+00
3.879324e+00
3.891556e+00
3.903788e+00
3.916020e+00
3.928251e+00
3.940483e+00
3.952715e+00
3.964947e+00
3.977179e+00
3.989410e+00
4.001642e+00
4.013874e+00
4.026106e+00
4.038337e+00
4.050569e+00
4.062801e+00
4.075033e+00
4.087265e+00
4.099496e+00
4.111728e+00
4.123960e+00
4.136192e+00
4.148423e+00
4.160655e+00
4.172887e+00
4.185119e+00
4.197351e+00
4.209582e+00
4.221814e+00
4.234046e+00
4.246278e+00
4.258509e+00
4.270741e+00
4.282973e+00
4.295205e+00
4.307437e+00
4.319668e+00
4.331900e+00
4.344132e+00
4.356364e+00
4.368596e+00
4.380827e+00
4.393059e+00
4.405291e+00
4.417523e+00
4.429754e+00
4.441986e+00
4.454218e+00
4.466450e+00
4.478682e+00
4.490913e+00
4.503145e+00
4.515377e+00
4.527609e+00
4.539840e+00
4.552072e+00
4.564304e+00
4.576536e+00
4.588768e+00
4.600999e+00
4.613231e+00
4.625463e+00
4.637695e+00
4.649926e+00
4.662158e+00
4.674390e+00
4.686622e+00
4.698854e+00
4.711085e+00
4.723317e+00
4.735549e+00
4.747781e+00
4.760012e+00
4.772244e+00
4.784476e+00
4.796708e+00
4.808940e+00
4.821171e+00
4.833403e+00
4.845635e+00
4.857867e+00
4.870098e+00
4.882330e+00
4.894562e+00
4.906794e+00
4.919026e+00
4.931257e+00
4.943489e+00
4.955721e+00
4.967953e+00
4.980184e+00
4.992416e+00
5.004648e+00
5.016880e+00
5.029112e+00
5.041343e+00
5.053575e+00
5.065807e+00
5.078039e+00
5.090270e+00
5.102502e+00
5.114734e+00
5.126966e+00
5.139198e+00
5.151429e+00
5.163661e+00
5.175893e+00
5.188125e+00
5.200356e+00
5.212588e+00
5.224820e+00
5.237052e+00
5.249284e+00
5.261515e+00
5.273747e+00
5.285979e+00
5.298211e+00
5.310442e+00
5.322674e+00
5.334906e+00
5.347138e+00
5.359370e+00
5.371601e+00
5.383833e+00
5.396065e+00
5.408297e+00
5.420528e+00
5.432760e+00
5.444992e+00
5.457224e+00
5.469456e+00
5.481687e+00
5.493919e+00
5.506151e+00
5.518383e+00
5.530614e+00
5.542846e+00
5.555078e+00
5.567310e+00
5.579542e+00
5.591773e+00
5.604005e+00
5.616237e+00
5.628469e+00
5.640701e+00
5.652932e+00
5.665164e+00
5.677396e+00
5.689628e+00
5.701859e+00
5.714091e+00
5.726323e+00
5.738555e+00
5.750787e+00
5.763018e+00
5.775250e+00
5.787482e+00
5.799714e+00
5.811945e+00
5.824177e+00
5.836409e+00
5.848641e+00
5.860873e+00
5.873104e+00
5.885336e+00
5.897568e+00
5.909800e+00
5.922031e+00
5.934263e+00
5.946495e+00
5.958727e+00
5.970959e+00
5.983190e+00
5.995422e+00
6.007654e+00
6.019886e+00
6.032117e+00
6.044349e+00
6.056581e+00
6.068813e+00
6.081045e+00
6.093276e+00
6.105508e+00
6.117740e+00
6.129972e+00
6.142203e+00
6.154435e+00
6.166667e+00
6.172936e+00
6.179204e+00
6.185473e+00
6.191742e+00
6.198011e+00
6.204280e+00
6.210549e+00
6.216818e+00
6.223087e+00
6.229356e+00
6.235624e+00
6.241893e+00
6.248162e+00
6.254431e+00
6.260700e+00
6.266969e+00
6.273238e+00
6.279507e+00
6.285776e+00
6.292044e+00
6.298313e+00
6.304582e+00
6.310851e+00
6.317120e+00
6.323389e+00
6.329658e+00
6.335927e+00
6.342196e+00
6.348464e+00
6.354733e+00
6.361002e+00
6.367271e+00
6.373540e+00
6.379809e+00
6.386078e+00
6.392347e+00
6.398616e+00
6.404884e+00
6.411153e+00
6.417422e+00
6.423691e+00
6.429960e+00
6.436229e+00
6.442498e+00
6.448767e+00
6.455036e+00
6.461304e+00
6.467573e+00
6.473842e+00
6.480111e+00
6.486380e+00
6.492649e+00
6.498918e+00
6.505187e+00
6.511456e+00
6.517724e+00
6.523993e+00
6.530262e+00
6.536531e+00
6.542800e+00
6.549069e+00
6.555338e+00
6.561607e+00
6.567876e+00
6.574144e+00
6.580413e+00
6.586682e+00
6.592951e+00
6.599220e+00
6.605489e+00
6.611758e+00
6.618027e+00
6.624296e+00
6.630564e+00
6.636833e+00
6.643102e+00
6.649371e+00
6.655640e+00
6.661909e+00
6.668178e+00
6.674447e+00
6.680716e+00
6.686984e+00
6.693253e+00
6.699522e+00
6.705791e+00
6.712060e+00
6.718329e+00
6.724598e+00
6.730867e+00
6.737136e+00
6.743404e+00
6.749673e+00
6.755942e+00
6.762211e+00
6.768480e+00
6.774749e+00
6.781018e+00
6.787287e+00
6.793556e+00
6.799309e+00
6.805062e+00
6.810816e+00
6.816569e+00
6.822323e+00
6.828076e+00
6.833830e+00
6.839583e+00
6.845337e+00
6.851090e+00
6.856844e+00
6.862597e+00
6.868350e+00
6.874104e+00
6.879857e+00
6.885611e+00
6.891364e+00
6.897118e+00
6.902871e+00
6.908625e+00
6.914378e+00
6.920132e+00
6.925885e+00
6.931638e+00
6.937392e+00
6.943145e+00
6.948899e+00
6.954652e+00
6.960406e+00
6.966159e+00
6.971913e+00
6.977666e+00
6.983420e+00
6.989173e+00
6.994926e+00
7.000680e+00
7.006433e+00
7.012187e+00
7.017940e+00
7.023694e+00
7.029447e+00
7.035201e+00
7.040954e+00
7.046708e+00
7.052461e+00
7.058214e+00
7.063968e+00
7.069721e+00
7.075475e+00
7.081228e+00
7.086982e+00
7.092735e+00
7.098489e+00
7.104242e+00
7.109996e+00
7.115749e+00
7.121502e+00
7.127256e+00
7.133009e+00
7.138763e+00
7.144516e+00
7.150270e+00
7.156023e+00
7.161777e+00
7.167530e+00
7.173284e+00
7.179037e+00
7.184791e+00
7.190544e+00
7.196297e+00
7.202051e+00
7.207804e+00
7.213558e+00
7.219311e+00
7.225065e+00
7.230818e+00
7.236572e+00
7.242325e+00
7.248078e+00
7.253832e+00
7.259585e+00
7.265339e+00
7.271092e+00
7.276846e+00
7.282599e+00
7.288353e+00
7.294106e+00
7.299860e+00
7.305613e+00
7.311366e+00
7.317120e+00
7.322873e+00
7.328627e+00
7.334380e+00
7.340134e+00
7.345887e+00
7.351641e+00
7.357394e+00
7.363148e+00
7.368901e+00
7.374655e+00
7.380408e+00
7.386161e+00
7.391915e+00
7.397668e+00
7.403422e+00
7.409175e+00
7.414929e+00
7.420682e+00
7.426436e+00
7.432189e+00
7.437942e+00
7.443696e+00
7.449449e+00
7.455203e+00
7.460956e+00
7.466710e+00
7.472463e+00
7.478217e+00
7.483970e+00
7.489724e+00
7.495477e+00
7.501231e+00
7.506984e+00
7.512738e+00
7.518491e+00
7.524244e+00
7.529998e+00
7.535751e+00
7.541504e+00
7.547258e+00
7.553012e+00
7.558765e+00
7.564519e+00
7.570272e+00
7.576026e+00
7.581779e+00
7.587532e+00
7.593286e+00
7.599039e+00
7.604792e+00
7.610546e+00
7.616300e+00
7.622053e+00
7.627807e+00
7.633560e+00
7.639314e+00
7.645067e+00
7.650820e+00
7.656574e+00
7.662327e+00
7.668080e+00
7.673834e+00
7.679588e+00
7.685341e+00
7.691095e+00
7.696848e+00
7.702602e+00
7.708355e+00
7.714108e+00
7.719862e+00
7.725615e+00
7.731369e+00
7.737122e+00
7.742875e+00
7.748629e+00
7.754383e+00
7.760136e+00
7.765890e+00
7.771643e+00
7.777396e+00
7.783150e+00
7.788903e+00
7.794657e+00
7.800410e+00
7.806163e+00
7.811917e+00
7.817671e+00
7.823424e+00
7.829178e+00
7.834931e+00
7.840685e+00
7.846438e+00
7.852191e+00
7.857945e+00
7.863698e+00
7.869451e+00
7.875205e+00
7.880958e+00
7.886712e+00
7.892466e+00
7.898219e+00
7.903973e+00
7.909726e+00
7.915479e+00
7.921233e+00
7.926986e+00
7.932739e+00
7.938493e+00
7.944246e+00
7.950000e+00
7.956141e+00
7.962283e+00
7.968424e+00
7.974565e+00
7.980707e+00
7.986848e+00
7.992989e+00
7.999130e+00
8.005272e+00
8.011413e+00
8.017554e+00
8.023695e+00
8.029836e+00
8.035978e+00
8.042119e+00
8.048260e+00
8.054402e+00
8.060543e+00
8.066684e+00
8.072826e+00
8.078967e+00
8.085108e+00
8.091250e+00
8.097391e+00
8.103532e+00
8.109673e+00
8.115815e+00
8.121956e+00
8.128097e+00
8.134238e+00
8.140380e+00
8.146521e+00
8.152662e+00
8.158803e+00
8.164945e+00
8.171086e+00
8.177227e+00
8.183369e+00
8.189510e+00
8.195651e+00
8.201793e+00
8.207934e+00
8.214075e+00
8.220217e+00
8.226358e+00
8.232499e+00
8.238640e+00
8.244782e+00
8.250923e+00
8.257064e+00
8.263205e+00
8.269346e+00
8.275488e+00
8.281629e+00
8.287770e+00
8.293912e+00
8.300053e+00
8.306194e+00
8.312336e+00
8.318477e+00
8.324618e+00
8.330760e+00
8.336901e+00
8.343042e+00
8.349183e+00
8.355325e+00
8.361466e+00
8.367607e+00
8.373748e+00
8.379890e+00
8.386031e+00
8.392172e+00
8.398313e+00
8.404455e+00
8.410596e+00
8.416737e+00
8.422878e+00
8.429020e+00
8.435161e+00
8.441302e+00
8.447444e+00
8.453585e+00
8.459726e+00
8.465868e+00
8.472009e+00
8.478150e+00
8.484291e+00
8.490433e+00
8.496574e+00
8.502715e+00
8.508856e+00
8.514998e+00
8.521139e+00
8.527280e+00
8.533421e+00
8.539563e+00
8.545704e+00
8.551845e+00
8.557987e+00
8.564128e+00
8.570269e+00
8.576411e+00
8.582552e+00
8.588693e+00
8.594835e+00
8.600976e+00
8.607117e+00
8.613258e+00
8.619400e+00
8.625541e+00
8.631682e+00
8.637823e+00
8.643964e+00
8.650106e+00
8.656247e+00
8.662388e+00
8.668530e+00
8.674671e+00
8.680812e+00
8.686954e+00
8.693095e+00
8.699236e+00
8.705378e+00
8.711519e+00
8.717660e+00
8.723801e+00
8.729943e+00
8.736084e+00
8.742225e+00
8.748366e+00
8.754508e+00
8.760649e+00
8.766790e+00
8.772931e+00
8.779073e+00
8.785214e+00
8.791355e+00
8.797497e+00
8.803638e+00
8.809779e+00
8.815921e+00
8.822062e+00
8.828203e+00
8.834345e+00
8.840486e+00
8.846627e+00
8.852768e+00
8.858909e+00
8.865051e+00
8.871192e+00
8.877333e+00
8.883474e+00
8.889616e+00
8.895757e+00
8.901898e+00
8.908040e+00
8.914181e+00
8.920322e+00
8.926464e+00
8.932605e+00
8.938746e+00
8.944888e+00
8.951029e+00
8.957170e+00
8.963311e+00
8.969453e+00
8.975594e+00
8.981735e+00
8.987876e+00
8.994018e+00
9.000159e+00
9.006300e+00
9.012441e+00
9.018583e+00
9.024724e+00
9.030865e+00
9.037007e+00
9.043148e+00
9.049289e+00
9.055431e+00
9.061572e+00
9.067713e+00
9.073855e+00
9.079996e+00
9.086137e+00
9.092278e+00
9.098419e+00
9.104561e+00
9.110702e+00
9.116843e+00
9.122984e+00
9.129126e+00
9.135267e+00
9.141408e+00
9.147550e+00
9.153691e+00
9.159832e+00
9.165974e+00
9.172115e+00
9.178256e+00
9.184398e+00
9.190539e+00
9.196680e+00
9.202821e+00
9.208963e+00
9.215104e+00
9.221245e+00
9.227386e+00
9.233527e+00
9.239669e+00
9.245810e+00
9.251951e+00
9.258093e+00
9.264234e+00
9.270375e+00
9.276517e+00
9.282658e+00
9.288799e+00
9.294941e+00
9.301082e+00
9.307223e+00
9.313364e+00
9.319506e+00
9.325647e+00
9.331788e+00
9.337929e+00
9.344071e+00
9.350212e+00
9.356353e+00
9.362494e+00
9.368636e+00
9.374777e+00
9.380918e+00
9.387059e+00
9.393201e+00
9.399342e+00
9.405483e+00
9.411625e+00
9.417766e+00
9.423907e+00
9.430049e+00
9.436190e+00
9.442331e+00
9.448473e+00
9.454614e+00
9.460755e+00
9.466896e+00
9.473037e+00
9.479179e+00
9.485320e+00
9.491461e+00
9.497602e+00
9.503744e+00
9.509885e+00
9.516026e+00
9.522168e+00
9.528309e+00
9.534450e+00
9.540592e+00
9.546733e+00
9.552874e+00
9.559016e+00
9.565157e+00
9.571298e+00
9.577439e+00
9.583581e+00
9.589722e+00
9.595863e+00
9.602004e+00
9.608145e+00
9.614287e+00
9.620428e+00
9.626569e+00
9.632711e+00
9.638852e+00
9.644993e+00
9.651135e+00
9.657276e+00
9.663417e+00
9.669559e+00
9.675700e+00
9.681841e+00
9.687982e+00
9.694124e+00
9.700265e+00
9.706406e+00
9.712547e+00
9.718689e+00
9.724830e+00
9.730971e+00
9.737112e+00
9.743254e+00
9.749395e+00
9.755536e+00
9.761678e+00
9.767819e+00
9.773960e+00
9.780102e+00
9.786243e+00
9.792384e+00
9.798526e+00
9.804667e+00
9.811132e+00
9.817597e+00
9.824063e+00
9.830528e+00
9.836994e+00
9.843459e+00
9.849925e+00
9.856390e+00
9.862856e+00
9.869321e+00
9.875786e+00
9.882252e+00
9.888718e+00
9.895183e+00
9.901649e+00
9.908114e+00
9.914579e+00
9.921045e+00
9.927510e+00
9.933976e+00
9.940441e+00
9.946907e+00
9.953372e+00
9.959838e+00
9.966303e+00
9.972768e+00
9.979234e+00
9.985699e+00
9.992165e+00
9.998630e+00
1.000510e+01
1.001156e+01
1.001803e+01
1.002449e+01
1.003096e+01
1.003742e+01
1.004389e+01
1.005035e+01
1.005682e+01
1.006328e+01
1.006975e+01
1.007622e+01
1.008268e+01
1.008915e+01
1.009561e+01
1.010208e+01
1.010854e+01
1.011501e+01
1.012147e+01
1.012794e+01
1.013440e+01
1.014087e+01
1.014734e+01
1.015380e+01
1.016027e+01
1.016673e+01
1.017320e+01
1.017966e+01
1.018613e+01
1.019259e+01
1.019906e+01
1.020552e+01
1.021199e+01
1.021846e+01
1.022492e+01
1.023139e+01
1.023785e+01
1.024432e+01
1.025078e+01
1.025725e+01
1.026371e+01
1.027018e+01
1.027664e+01
1.028311e+01
1.028958e+01
1.029604e+01
1.030251e+01
1.030897e+01
1.031544e+01
1.032190e+01
1.032837e+01
1.033483e+01
1.034130e+01
1.034776e+01
1.035423e+01
1.036070e+01
1.036716e+01
1.037363e+01
1.038009e+01
1.038656e+01
1.039302e+01
1.039949e+01
1.040595e+01
1.041242e+01
1.041888e+01
1.042535e+01
1.043182e+01
1.043828e+01
1.044475e+01
1.045121e+01
1.045768e+01
1.046414e+01
1.047061e+01
1.047707e+01
1.048354e+01
1.049000e+01
1.049647e+01
1.050294e+01
1.050940e+01
1.051587e+01
1.052233e+01
1.052880e+01
1.053526e+01
1.054173e+01
1.054819e+01
1.055466e+01
1.056112e+01
1.056759e+01
1.057406e+01
1.058052e+01
1.058699e+01
1.059345e+01
1.059992e+01
1.060638e+01
1.061285e+01
1.061931e+01
1.062578e+01
1.063224e+01
1.063871e+01
1.064518e+01
1.065164e+01
1.065811e+01
1.066457e+01
1.067104e+01
1.067750e+01
1.068397e+01
1.069043e+01
1.069690e+01
1.070336e+01
1.070983e+01
1.071630e+01
1.072276e+01
1.072923e+01
1.073569e+01
1.074216e+01
1.074862e+01
1.075509e+01
1.076155e+01
1.076802e+01
1.077448e+01
1.078095e+01
1.078742e+01
1.079388e+01
1.080035e+01
1.080681e+01
1.081328e+01
1.081974e+01
1.082621e+01
1.083267e+01
1.083914e+01
1.084560e+01
1.085207e+01
1.085854e+01
1.086500e+01
1.087147e+01
1.087793e+01
1.088440e+01
1.089086e+01
1.089733e+01
1.090379e+01
1.091026e+01
1.091672e+01
1.092319e+01
1.092965e+01
1.093612e+01
1.094259e+01
1.094905e+01
1.095552e+01
1.096198e+01
1.096845e+01
1.097491e+01
1.098138e+01
1.098784e+01
1.099431e+01
1.100078e+01
1.100724e+01
1.101371e+01
1.102017e+01
1.102664e+01
1.103310e+01
1.103957e+01
1.104603e+01
1.105250e+01
1.105896e+01
1.106543e+01
1.107189e+01
1.107836e+01
1.108483e+01
1.109129e+01
1.109776e+01
1.110422e+01
1.111076e+01
1.111731e+01
1.112385e+01
1.113039e+01
1.113693e+01
1.114347e+01
1.115001e+01
1.115656e+01
1.116310e+01
1.116964e+01
1.117618e+01
1.118272e+01
1.118926e+01
1.119581e+01
1.120235e+01
1.120889e+01
1.121543e+01
1.122197e+01
1.122852e+01
1.123506e+01
1.124160e+01
1.124814e+01
1.125468e+01
1.126122e+01
1.126777e+01
1.127431e+01
1.128085e+01
1.128739e+01
1.129393e+01
1.130047e+01
1.130702e+01
1.131356e+01
1.132010e+01
1.132664e+01
1.133318e+01
1.133972e+01
1.134627e+01
1.135281e+01
1.135935e+01
1.136589e+01
1.137243e+01
1.137898e+01
1.138552e+01
1.139206e+01
1.139860e+01
1.140514e+01
1.141168e+01
1.141823e+01
1.142477e+01
1.143131e+01
1.143785e+01
1.144439e+01
1.145093e+01
1.145748e+01
1.146402e+01
1.147056e+01
1.147710e+01
1.148364e+01
1.149018e+01
1.149673e+01
1.150327e+01
1.150981e+01
1.151635e+01
1.152289e+01
1.152944e+01
1.153598e+01
1.154252e+01
1.154906e+01
1.155560e+01
1.156214e+01
1.156869e+01
1.157523e+01
1.158177e+01
1.158831e+01
1.159485e+01
1.160139e+01
1.160794e+01
1.161448e+01
1.162102e+01
1.162756e+01
1.163410e+01
1.164064e+01
1.164719e+01
1.165373e+01
1.166027e+01
1.166681e+01
1.167335e+01
1.167989e+01
1.168644e+01
1.169298e+01
1.169952e+01
1.170606e+01
1.171260e+01
1.171915e+01
1.172569e+01
1.173223e+01
1.173877e+01
1.174531e+01
1.175185e+01
1.175840e+01
1.176494e+01
1.177148e+01
1.177802e+01
1.178456e+01
1.179110e+01
1.179765e+01
1.180419e+01
1.181073e+01
1.181727e+01
1.182381e+01
1.183035e+01
1.183690e+01
1.184344e+01
1.184998e+01
1.185652e+01
1.186306e+01
1.186961e+01
1.187615e+01
1.188269e+01
1.188923e+01
1.189577e+01
1.190231e+01
1.190886e+01
1.191540e+01
1.192194e+01
1.192848e+01
1.193502e+01
1.194156e+01
1.194811e+01
1.195465e+01
1.196119e+01
1.196773e+01
1.197427e+01
1.198081e+01
1.198736e+01
1.199390e+01
1.200044e+01
1.200698e+01
1.201352e+01
1.202007e+01
1.202661e+01
1.203315e+01
1.203969e+01
1.204623e+01
1.205277e+01
1.205932e+01
1.206586e+01
1.207240e+01
1.207894e+01
1.208548e+01
1.209202e+01
1.209857e+01
1.210511e+01
1.211165e+01
1.211819e+01
1.212473e+01
1.213127e+01
1.213782e+01
1.214436e+01
1.215090e+01
1.215744e+01
1.216398e+01
1.217052e+01
1.217707e+01
1.218361e+01
1.219015e+01
1.219669e+01
1.220323e+01
1.220978e+01
1.221632e+01
1.222286e+01
1.222940e+01
1.223594e+01
1.224248e+01
1.224903e+01
1.225557e+01
1.226211e+01
1.226865e+01
1.227519e+01
1.228173e+01
1.228828e+01
1.229482e+01
1.230136e+01
1.230790e+01
1.231444e+01
1.232099e+01
1.232753e+01
1.233407e+01
1.234061e+01
1.234715e+01
1.235369e+01
1.236024e+01
1.236678e+01
1.237332e+01
1.237986e+01
1.238640e+01
1.239294e+01
1.239949e+01
1.240603e+01
1.241257e+01
1.241911e+01
1.242588e+01
1.243265e+01
1.243941e+01
1.244618e+01
1.245295e+01
1.245972e+01
1.246648e+01
1.247325e+01
1.248002e+01
1.248679e+01
1.249355e+01
1.250032e+01
1.250709e+01
1.251386e+01
1.252062e+01
1.252739e+01
1.253416e+01
1.254093e+01
1.254769e+01
1.255446e+01
1.256123e+01
1.256800e+01
1.257476e+01
1.258153e+01
1.258830e+01
1.259507e+01
1.260183e+01
1.260860e+01
1.261537e+01
1.262214e+01
1.262890e+01
1.263567e+01
1.264244e+01
1.264921e+01
1.265597e+01
1.266274e+01
1.266951e+01
1.267628e+01
1.268304e+01
1.268981e+01
1.269658e+01
1.270335e+01
1.271011e+01
1.271688e+01
1.272365e+01
1.273042e+01
1.273718e+01
1.274395e+01
1.275072e+01
1.275749e+01
1.276425e+01
1.277102e+01
1.277779e+01
1.278455e+01
1.279132e+01
1.279809e+01
1.280486e+01
1.281162e+01
1.281839e+01
1.282516e+01
1.283193e+01
1.283869e+01
1.284546e+01
1.285223e+01
1.285900e+01
1.286576e+01
1.287253e+01
1.287930e+01
1.288607e+01
1.289283e+01
1.289960e+01
1.290637e+01
1.291314e+01
1.291990e+01
1.292667e+01
1.293344e+01
1.294021e+01
1.294697e+01
1.295374e+01
1.296051e+01
1.296728e+01
1.297404e+01
1.298081e+01
1.298758e+01
1.299435e+01
1.300111e+01
1.300788e+01
1.301465e+01
1.302142e+01
1.302818e+01
1.303495e+01
1.304172e+01
1.304849e+01
1.305525e+01
1.306202e+01
1.306879e+01
1.307556e+01
1.308232e+01
1.308909e+01
1.309586e+01
1.310263e+01
1.310939e+01
1.311616e+01
1.312293e+01
1.312970e+01
1.313646e+01
1.314323e+01
1.315000e+01
1.315677e+01
1.316353e+01
1.317030e+01
1.317707e+01
1.318384e+01
1.319060e+01
1.319737e+01
1.320414e+01
1.321091e+01
1.321767e+01
1.322444e+01
1.323121e+01
1.323798e+01
1.324474e+01
1.325151e+01
1.325828e+01
1.326505e+01
1.327181e+01
1.327858e+01
1.328535e+01
1.329212e+01
1.329888e+01
1.330565e+01
1.331242e+01
1.331919e+01
1.332595e+01
1.333272e+01
1.333949e+01
1.334626e+01
1.335302e+01
1.335979e+01
1.336656e+01
1.337333e+01
1.338009e+01
1.338686e+01
1.339363e+01
1.340040e+01
1.340716e+01
1.341393e+01
1.342070e+01
1.342747e+01
1.343423e+01
1.344100e+01
1.344777e+01
1.345453e+01
1.346130e+01
1.346807e+01
1.347484e+01
1.348160e+01
1.348837e+01
1.349514e+01
1.350191e+01
1.350867e+01
1.351544e+01
1.352221e+01
1.352898e+01
1.353574e+01
1.354251e+01
1.354928e+01
1.355605e+01
1.356281e+01
1.356958e+01
1.357635e+01
1.358312e+01
1.358988e+01
1.359665e+01
1.360342e+01
1.361019e+01
1.361695e+01
1.362372e+01
1.363049e+01
1.363726e+01
1.364402e+01
1.365079e+01
1.365756e+01
1.366433e+01
1.367109e+01
1.367786e+01
1.368463e+01
1.369140e+01
1.369816e+01
1.370493e+01
1.371170e+01
1.371847e+01
1.372523e+01
1.373200e+01
1.373877e+01
1.374554e+01
1.375230e+01
1.375907e+01
1.376584e+01
1.377261e+01
1.377937e+01
1.378614e+01
1.379291e+01
1.379968e+01
1.380644e+01
1.381321e+01
1.381998e+01
1.382675e+01
1.383351e+01
1.384028e+01
1.384705e+01
1.385382e+01
1.386058e+01
1.386735e+01
1.387412e+01
1.388089e+01
1.388765e+01
1.389442e+01
1.390119e+01
1.390796e+01
1.391472e+01
1.392149e+01
1.392826e+01
1.393503e+01
1.394179e+01
1.394856e+01
1.395533e+01
1.396210e+01
1.396886e+01
1.397563e+01
1.398240e+01
1.398917e+01
1.399593e+01
1.400270e+01
1.400947e+01
1.401624e+01
1.402300e+01
1.402977e+01
1.403654e+01
1.404331e+01
1.405007e+01
1.405684e+01
1.406361e+01
1.407038e+01
1.407714e+01
1.408391e+01
1.409068e+01
1.409745e+01
1.410421e+01
1.411098e+01
1.411775e+01
1.412452e+01
1.413128e+01
1.413805e+01
1.414482e+01
1.415158e+01
1.415835e+01
1.416512e+01
1.417189e+01
1.417865e+01
1.418542e+01
1.419219e+01
1.419896e+01
1.420572e+01
1.421249e+01
1.421926e+01
1.422603e+01
1.423279e+01
1.423956e+01
1.424633e+01
1.425310e+01
1.425986e+01
1.426663e+01
1.427340e+01
1.428017e+01
1.428693e+01
1.429370e+01
1.430047e+01
1.430724e+01
1.431400e+01
1.432077e+01
1.432754e+01
1.433431e+01
1.434107e+01
1.434784e+01
1.435461e+01
1.436138e+01
1.436814e+01
1.437491e+01
1.438168e+01
1.438845e+01
1.439521e+01
1.440198e+01
1.440875e+01
1.441552e+01
1.442228e+01
1.442905e+01
1.443582e+01
1.444259e+01
1.444935e+01
1.445612e+01
1.446289e+01
1.446981e+01
1.447674e+01
1.448366e+01
1.449059e+01
1.449751e+01
1.450444e+01
1.451136e+01
1.451829e+01
1.452522e+01
1.453214e+01
1.453907e+01
1.454599e+01
1.455292e+01
1.455984e+01
1.456677e+01
1.457369e+01
1.458062e+01
1.458754e+01
1.459447e+01
1.460139e+01
1.460832e+01
1.461524e+01
1.462217e+01
1.462909e+01
1.463602e+01
1.464294e+01
1.464987e+01
1.465679e+01
1.466372e+01
1.467064e+01
1.467757e+01
1.468449e+01
1.469142e+01
1.469835e+01
1.470527e+01
1.471220e+01
1.471912e+01
1.472605e+01
1.473297e+01
1.473990e+01
1.474682e+01
1.475375e+01
1.476067e+01
1.476760e+01
1.477452e+01
1.478145e+01
1.478837e+01
1.479530e+01
1.480222e+01
1.480915e+01
1.481607e+01
1.482300e+01
1.482992e+01
1.483685e+01
1.484377e+01
1.485070e+01
1.485762e+01
1.486455e+01
1.487148e+01
1.487840e+01
1.488533e+01
1.489225e+01
1.489918e+01
1.490610e+01
1.491303e+01
1.491995e+01
1.492688e+01
1.493380e+01
1.494073e+01
1.494765e+01
1.495458e+01
1.496150e+01
1.496843e+01
1.497535e+01
1.498228e+01
1.498920e+01
1.499613e+01
1.500305e+01
1.500998e+01
1.501690e+01
1.502383e+01
1.503075e+01
1.503768e+01
1.504460e+01
1.505153e+01
1.505845e+01
1.506538e+01
1.507231e+01
1.507923e+01
1.508616e+01
1.509308e+01
1.510001e+01
1.510693e+01
1.511386e+01
1.512078e+01
1.512771e+01
1.513463e+01
1.514156e+01
1.514848e+01
1.515541e+01
1.516233e+01
1.516926e+01
1.517618e+01
1.518311e+01
1.519003e+01
1.519696e+01
1.520388e+01
1.521081e+01
1.521773e+01
1.522466e+01
1.523158e+01
1.523851e+01
1.524544e+01
1.525236e+01
1.525929e+01
1.526621e+01
1.527314e+01
1.528006e+01
1.528699e+01
1.529391e+01
1.530084e+01
1.530776e+01
1.531469e+01
1.532161e+01
1.532854e+01
1.533546e+01
1.534239e+01
1.534931e+01
1.535624e+01
1.536316e+01
1.537009e+01
1.537701e+01
1.538394e+01
1.539086e+01
1.539779e+01
1.540471e+01
1.541164e+01
1.541856e+01
1.542549e+01
1.543242e+01
1.543934e+01
1.544627e+01
1.545319e+01
1.546012e+01
1.546704e+01
1.547397e+01
1.548089e+01
1.548782e+01
1.549474e+01
1.550167e+01
1.550859e+01
1.551552e+01
1.552244e+01
1.552937e+01
1.553629e+01
1.554322e+01
1.555014e+01
1.555707e+01
1.556399e+01
1.557092e+01
1.557784e+01
1.558477e+01
1.559169e+01
1.559862e+01
1.560555e+01
1.561247e+01
1.561940e+01
1.562632e+01
1.563325e+01
1.564017e+01
1.564710e+01
1.565402e+01
1.566095e+01
1.566787e+01
1.567480e+01
1.568172e+01
1.568865e+01
1.569557e+01
1.570250e+01
1.570942e+01
1.571635e+01
1.572327e+01
1.573020e+01
1.573712e+01
1.574405e+01
1.575097e+01
1.575790e+01
1.576482e+01
1.577175e+01
1.577867e+01
1.578560e+01
1.579252e+01
1.579945e+01
1.580638e+01
1.581330e+01
1.582023e+01
1.582715e+01
1.583408e+01
1.584100e+01
1.584793e+01
1.585485e+01
1.586178e+01
1.586870e+01
1.587563e+01
1.588255e+01
1.588948e+01
1.589640e+01
1.590333e+01
1.591025e+01
1.591718e+01
1.592410e+01
1.593103e+01
1.593795e+01
1.594488e+01
1.595180e+01
1.595873e+01
1.596565e+01
1.597258e+01
1.597951e+01
1.598643e+01
1.599336e+01
1.600028e+01
1.600721e+01
1.601413e+01
1.602106e+01
1.602798e+01
1.603491e+01
1.604183e+01
1.604876e+01
1.605568e+01
1.606261e+01
1.606953e+01
1.607646e+01
1.608338e+01
1.609031e+01
1.609723e+01
1.610416e+01
1.611108e+01
1.611801e+01
1.612493e+01
1.613186e+01
1.613878e+01
1.614571e+01
1.615264e+01
1.615956e+01
1.616649e+01
1.617341e+01
1.618034e+01
1.618726e+01
1.619419e+01
1.620111e+01
1.620804e+01
1.621496e+01
1.622189e+01
1.622881e+01
1.623574e+01
1.624266e+01
1.624959e+01
1.625651e+01
1.626344e+01
1.627036e+01
1.627729e+01
1.628421e+01
1.629114e+01
1.629806e+01
1.630499e+01
1.631191e+01
1.631884e+01
1.632576e+01
1.633269e+01
1.633961e+01
1.634654e+01
1.635347e+01
1.636039e+01
1.636732e+01
1.637424e+01
1.638117e+01
1.638809e+01
1.639502e+01
1.640194e+01
1.640887e+01
1.641579e+01
1.642272e+01
1.642964e+01
1.643657e+01
1.644349e+01
1.645042e+01
1.645734e+01
1.646427e+01
1.647119e+01
1.647812e+01
1.648504e+01
1.649197e+01
1.649889e+01
1.650582e+01
1.651274e+01
1.651967e+01
1.652659e+01
1.653352e+01
1.654045e+01
1.654737e+01
1.655430e+01
1.656122e+01
1.656815e+01
1.657507e+01
1.658200e+01
1.658892e+01
1.659585e+01
1.660277e+01
1.660970e+01
1.661662e+01
1.662355e+01
1.663047e+01
1.663740e+01
1.664432e+01
1.665125e+01
1.665817e+01
1.666510e+01
1.667202e+01
1.667895e+01
1.668587e+01
1.669280e+01
1.669972e+01
1.670665e+01
1.671358e+01
1.672050e+01
1.672743e+01
1.673435e+01
1.674128e+01
1.674820e+01
1.675513e+01
1.676205e+01
1.676898e+01
1.677590e+01
1.678283e+01
1.678975e+01
1.679668e+01
1.680360e+01
1.681053e+01
1.681745e+01
1.682438e+01
1.683130e+01
1.683823e+01
1.684515e+01
1.685208e+01
1.685900e+01
1.686593e+01
1.687285e+01
1.687978e+01
1.688670e+01
1.689363e+01
1.690055e+01
1.690748e+01
1.691441e+01
1.692133e+01
1.692826e+01
1.693518e+01
1.694211e+01
1.694903e+01
1.695596e+01
1.696288e+01
1.696981e+01
1.697673e+01
1.698366e+01
1.699058e+01
1.699751e+01
1.700443e+01
1.701136e+01
1.701828e+01
1.702521e+01
1.703213e+01
1.703906e+01
1.704598e+01
1.705291e+01
1.705983e+01
1.706676e+01
1.707368e+01
1.708061e+01
1.708754e+01
1.709446e+01
1.710139e+01
1.710831e+01
1.711524e+01
1.712216e+01
1.712909e+01
1.713601e+01
1.714294e+01
1.714986e+01
1.715679e+01
1.716371e+01
1.717064e+01
1.717756e+01
1.718449e+01
1.719141e+01
1.719834e+01
1.720526e+01
1.721219e+01
1.721911e+01
1.722604e+01
1.723296e+01
1.723989e+01
1.724681e+01
1.725374e+01
1.726067e+01
1.726759e+01
1.727452e+01
1.728144e+01
1.728837e+01
1.729529e+01
1.730222e+01
1.730914e+01
1.731607e+01
1.732299e+01
1.732992e+01
1.733684e+01
1.734377e+01
1.735069e+01
1.735762e+01
1.736454e+01
1.737147e+01
1.737839e+01
1.738532e+01
1.739224e+01
1.739917e+01
1.740609e+01
1.741302e+01
1.741994e+01
1.742687e+01
1.743379e+01
1.744072e+01
1.744764e+01
1.745457e+01
1.746150e+01
1.746842e+01
1.747535e+01
1.748227e+01
1.748920e+01
1.749612e+01
1.750305e+01
1.750997e+01
1.751690e+01
1.752382e+01
1.753075e+01
1.753767e+01
1.754460e+01
1.755152e+01
1.755845e+01
1.756537e+01
1.757230e+01
1.757922e+01
1.758615e+01
1.759307e+01
1.760000e+01
1.760692e+01
1.761385e+01
1.762077e+01
1.762770e+01
1.763462e+01
1.764155e+01
1.764848e+01
1.765540e+01
1.766233e+01
1.766925e+01
1.767618e+01
1.768310e+01
1.769003e+01
1.769695e+01
1.770388e+01
1.771080e+01
1.771773e+01
1.772465e+01
1.773158e+01
1.773850e+01
1.774543e+01
1.775235e+01
1.775928e+01
1.776620e+01
1.777313e+01
1.778005e+01
1.778698e+01
1.779390e+01
1.780083e+01
1.780775e+01
1.781468e+01
1.782161e+01
1.782853e+01
1.783546e+01
1.784238e+01
1.784931e+01
1.785623e+01
1.786316e+01
1.787008e+01
1.787701e+01
1.788393e+01
1.789086e+01
1.789778e+01
1.790471e+01
1.791163e+01
1.791856e+01
1.792548e+01
1.793241e+01
1.793933e+01
1.794539e+01
1.795145e+01
1.795751e+01
1.796356e+01
1.796962e+01
1.797568e+01
1.798174e+01
1.798779e+01
1.799385e+01
1.799991e+01
1.800597e+01
1.801202e+01
1.801808e+01
1.802414e+01
1.803019e+01
1.803625e+01
1.804231e+01
1.804837e+01
1.805442e+01
1.806048e+01
1.806654e+01
1.807260e+01
1.807865e+01
1.808471e+01
1.809077e+01
1.809683e+01
1.810288e+01
1.810894e+01
1.811500e+01
1.812106e+01
1.812711e+01
1.813317e+01
1.813923e+01
1.814529e+01
1.815134e+01
1.815740e+01
1.816346e+01
1.816952e+01
1.817557e+01
1.818163e+01
1.818769e+01
1.819375e+01
1.819980e+01
1.820586e+01
1.821192e+01
1.821798e+01
1.822403e+01
1.823009e+01
1.823615e+01
1.824220e+01
1.824826e+01
1.825432e+01
1.826038e+01
1.826643e+01
1.827249e+01
1.827855e+01
1.828461e+01
1.829066e+01
1.829672e+01
1.830278e+01
1.830884e+01
1.831489e+01
1.832095e+01
1.832701e+01
1.833307e+01
1.833912e+01
1.834518e+01
1.835124e+01
1.835730e+01
1.836335e+01
1.836941e+01
1.837547e+01
1.838153e+01
1.838758e+01
1.839364e+01
1.839970e+01
1.840576e+01
1.841181e+01
1.841787e+01
1.842393e+01
1.842999e+01
1.843604e+01
1.844210e+01
1.844816e+01
1.845422e+01
1.846027e+01
1.846633e+01
1.847239e+01
1.847844e+01
1.848450e+01
1.849056e+01
1.849662e+01
1.850267e+01
1.850873e+01
1.851479e+01
1.852085e+01
1.852690e+01
1.853296e+01
1.853902e+01
1.854508e+01
1.855113e+01
1.855719e+01
1.856325e+01
1.856931e+01
1.857536e+01
1.858142e+01
1.858748e+01
1.859354e+01
1.859959e+01
1.860565e+01
1.861171e+01
1.861777e+01
1.862382e+01
1.862988e+01
1.863594e+01
1.864200e+01
1.864805e+01
1.865411e+01
1.866017e+01
1.866623e+01
1.867228e+01
1.867834e+01
1.868440e+01
1.869046e+01
1.869651e+01
1.870257e+01
1.870863e+01
1.871468e+01
1.872074e+01
1.872680e+01
1.873286e+01
1.873891e+01
1.874497e+01
1.875103e+01
1.875709e+01
1.876314e+01
1.876920e+01
1.877526e+01
1.878132e+01
1.878737e+01
1.879343e+01
1.879949e+01
1.880555e+01
1.881160e+01
1.881766e+01
1.882372e+01
1.882978e+01
1.883583e+01
1.884189e+01
1.884795e+01
1.885401e+01
1.886006e+01
1.886612e+01
1.887218e+01
1.887824e+01
1.888429e+01
1.889035e+01
1.889641e+01
1.890247e+01
1.890852e+01
1.891458e+01
1.892064e+01
1.892669e+01
1.893275e+01
1.893881e+01
1.894487e+01
1.895092e+01
1.895698e+01
1.896304e+01
1.896910e+01
1.897515e+01
1.898121e+01
1.898727e+01
1.899333e+01
1.899938e+01
1.900544e+01
1.901150e+01
1.901756e+01
1.902361e+01
1.902967e+01
1.903573e+01
1.904179e+01
1.904784e+01
1.905390e+01
1.905996e+01
1.906602e+01
1.907207e+01
1.907813e+01
1.908419e+01
1.909025e+01
1.909630e+01
1.910236e+01
1.910842e+01
1.911448e+01
1.912053e+01
1.912659e+01
1.913265e+01
1.913871e+01
1.914476e+01
1.915082e+01
1.915688e+01
1.916293e+01
1.916899e+01
1.917505e+01
1.918111e+01
1.918716e+01
1.919322e+01
1.919928e+01
1.920534e+01
1.921139e+01
1.921745e+01
1.922351e+01
1.922957e+01
1.923562e+01
1.924168e+01
1.924774e+01
1.925380e+01
1.925985e+01
1.926591e+01
1.927197e+01
1.927803e+01
1.928408e+01
1.929014e+01
1.929620e+01
1.930226e+01
1.930831e+01
1.931437e+01
1.932043e+01
1.932649e+01
1.933254e+01
1.933860e+01
1.934466e+01
1.935072e+01
1.935677e+01
1.936283e+01
1.936889e+01
1.937495e+01
1.938100e+01
1.938706e+01
1.939312e+01
1.939917e+01
1.940523e+01
1.941129e+01
1.941735e+01
1.942340e+01
1.942946e+01
1.943552e+01
1.944158e+01
1.944763e+01
1.945369e+01
1.945975e+01
1.946581e+01
1.947186e+01
1.947792e+01
1.948398e+01
1.949004e+01
1.949609e+01
1.950215e+01
1.950821e+01
1.951427e+01
1.952032e+01
1.952638e+01
1.953244e+01
1.953850e+01
1.954455e+01
1.955061e+01
1.955667e+01
1.956273e+01
1.956878e+01
1.957484e+01
1.958090e+01
1.958696e+01
1.959301e+01
1.959907e+01
1.960513e+01
1.961118e+01
1.961724e+01
1.962330e+01
1.962936e+01
1.963541e+01
1.964147e+01
1.964753e+01
1.965359e+01
1.965964e+01
1.966570e+01
1.967176e+01
1.967782e+01
1.968387e+01
1.968993e+01
1.969599e+01
1.970205e+01
1.970810e+01
1.971416e+01
1.972022e+01
1.972628e+01
1.973233e+01
1.973839e+01
1.974445e+01
1.975051e+01
1.975656e+01
1.976262e+01
1.976868e+01
1.977474e+01
1.978079e+01
1.978685e+01
1.979291e+01
1.979897e+01
1.980502e+01
1.981108e+01
1.981714e+01
1.982320e+01
1.982925e+01
1.983531e+01
1.984137e+01
1.984742e+01
1.985348e+01
1.985954e+01
1.986560e+01
1.987165e+01
1.987771e+01
1.988377e+01
1.988983e+01
1.989588e+01
1.990194e+01
1.990800e+01
1.991406e+01
1.992011e+01
1.992617e+01
1.993223e+01
1.993829e+01
1.994434e+01
1.995040e+01
1.995646e+01
1.996252e+01
1.996857e+01
1.997463e+01
1.998069e+01
1.998675e+01
1.999280e+01
1.999886e+01
2.000492e+01
2.001098e+01
2.001703e+01
2.002309e+01
2.002915e+01
2.003521e+01
2.004126e+01
2.004732e+01
2.005338e+01
2.005944e+01
2.006549e+01
2.007155e+01
2.007761e+01
2.008366e+01
2.008972e+01
2.009578e+01
2.010184e+01
2.010789e+01
2.011395e+01
2.012001e+01
2.012607e+01
2.013212e+01
2.013818e+01
2.014424e+01
2.015030e+01
2.015635e+01
2.016241e+01
2.016847e+01
2.017453e+01
2.018058e+01
2.018664e+01
2.019270e+01
2.019876e+01
2.020481e+01
2.021087e+01
2.021693e+01
2.022299e+01
2.022904e+01
2.023510e+01
2.024116e+01
2.024722e+01
2.025327e+01
2.025933e+01
2.026539e+01
2.027145e+01
2.027750e+01
2.028356e+01
2.028962e+01
2.029567e+01
2.030173e+01
2.030779e+01
2.031385e+01
2.031990e+01
2.032596e+01
2.033202e+01
2.033808e+01
2.034413e+01
2.035019e+01
2.035625e+01
2.036231e+01
2.036836e+01
2.037442e+01
2.038048e+01
2.038654e+01
2.039259e+01
2.039865e+01
2.040471e+01
2.041077e+01
2.041682e+01
2.042288e+01
2.042894e+01
2.043500e+01
2.044105e+01
2.044711e+01
2.045317e+01
2.045923e+01
2.046528e+01
2.047134e+01
2.047740e+01
2.048346e+01
2.048951e+01
2.049557e+01
2.050163e+01
2.050769e+01
2.051374e+01
2.051980e+01
2.052586e+01
2.053191e+01
2.053797e+01
2.054403e+01
2.055009e+01
2.055614e+01
2.056220e+01
2.056826e+01
2.057432e+01
2.058037e+01
2.058643e+01
2.059249e+01
2.059855e+01
2.060460e+01
2.061066e+01
2.061672e+01
2.062278e+01
2.062883e+01
2.063489e+01
2.064095e+01
2.064701e+01
2.065306e+01
2.065912e+01
2.066518e+01
2.067124e+01
2.067729e+01
2.068335e+01
2.068941e+01
2.069547e+01
2.070152e+01
2.070758e+01
2.071364e+01
2.071970e+01
2.072575e+01
2.073181e+01
2.073787e+01
2.074393e+01
2.074998e+01
2.075604e+01
2.076210e+01
2.076815e+01
2.077421e+01
2.078027e+01
2.078633e+01
2.079238e+01
2.079844e+01
2.080450e+01
2.081056e+01
2.081661e+01
2.082267e+01
2.082873e+01
2.083479e+01
2.084084e+01
2.084690e+01
2.085296e+01
2.085902e+01
2.086507e+01
2.087113e+01
2.087719e+01
2.088325e+01
2.088930e+01
2.089536e+01
2.090142e+01
2.090748e+01
2.091353e+01
2.091959e+01
2.092565e+01
2.093171e+01
2.093776e+01
2.094382e+01
2.094988e+01
2.095594e+01
2.096199e+01
2.096805e+01
2.097411e+01
2.098016e+01
2.098622e+01
2.099220e+01
2.099817e+01
2.100415e+01
2.101013e+01
2.101610e+01
2.102208e+01
2.102806e+01
2.103403e+01
2.104001e+01
2.104598e+01
2.105196e+01
2.105794e+01
2.106391e+01
2.106989e+01
2.107586e+01
2.108184e+01
2.108782e+01
2.109379e+01
2.109977e+01
2.110575e+01
2.111172e+01
2.111770e+01
2.112367e+01
2.112965e+01
2.113563e+01
2.114160e+01
2.114758e+01
2.115355e+01
2.115953e+01
2.116551e+01
2.117148e+01
2.117746e+01
2.118344e+01
2.118941e+01
2.119539e+01
2.120136e+01
2.120734e+01
2.121332e+01
2.121929e+01
2.122527e+01
2.123124e+01
2.123722e+01
2.124320e+01
2.124917e+01
2.125515e+01
2.126112e+01
2.126710e+01
2.127308e+01
2.127905e+01
2.128503e+01
2.129101e+01
2.129698e+01
2.130296e+01
2.130893e+01
2.131491e+01
2.132089e+01
2.132686e+01
2.133284e+01
2.133881e+01
2.134479e+01
2.135077e+01
2.135674e+01
2.136272e+01
2.136870e+01
2.137467e+01
2.138065e+01
2.138662e+01
2.139260e+01
2.139858e+01
2.140455e+01
2.141053e+01
2.141650e+01
2.142248e+01
2.142846e+01
2.143443e+01
2.144041e+01
2.144639e+01
2.145236e+01
2.145834e+01
2.146431e+01
2.147029e+01
2.147627e+01
2.148224e+01
2.148822e+01
2.149419e+01
2.150017e+01
2.150615e+01
2.151212e+01
2.151810e+01
2.152407e+01
2.153005e+01
2.153603e+01
2.154200e+01
2.154798e+01
2.155396e+01
2.155993e+01
2.156591e+01
2.157188e+01
2.157786e+01
2.158384e+01
2.158981e+01
2.159579e+01
2.160176e+01
2.160774e+01
2.161372e+01
2.161969e+01
2.162567e+01
2.163165e+01
2.163762e+01
2.164360e+01
2.164957e+01
2.165555e+01
2.166153e+01
2.166750e+01
2.167348e+01
2.167945e+01
2.168543e+01
2.169141e+01
2.169738e+01
2.170336e+01
2.170934e+01
2.171531e+01
2.172129e+01
2.172726e+01
2.173324e+01
2.173922e+01
2.174519e+01
2.175117e+01
2.175714e+01
2.176312e+01
2.176910e+01
2.177507e+01
2.178105e+01
2.178703e+01
2.179300e+01
2.179898e+01
2.180495e+01
2.181093e+01
2.181691e+01
2.182288e+01
2.182886e+01
2.183483e+01
2.184081e+01
2.184679e+01
2.185276e+01
2.185874e+01
2.186472e+01
2.187069e+01
2.187667e+01
2.188264e+01
2.188862e+01
2.189460e+01
2.190057e+01
2.190655e+01
2.191252e+01
2.191850e+01
2.192448e+01
2.193045e+01
2.193643e+01
2.194241e+01
2.194838e+01
2.195436e+01
2.196033e+01
2.196631e+01
2.197229e+01
2.197826e+01
2.198424e+01
2.199021e+01
2.199619e+01
2.200217e+01
2.200814e+01
2.201412e+01
2.202010e+01
2.202607e+01
2.203205e+01
2.203802e+01
2.204400e+01
2.204998e+01
2.205595e+01
2.206193e+01
2.206790e+01
2.207388e+01
2.207986e+01
2.208583e+01
2.209181e+01
2.209778e+01
2.210376e+01
2.210974e+01
2.211571e+01
2.212169e+01
2.212767e+01
2.213364e+01
2.213962e+01
2.214559e+01
2.215157e+01
2.215755e+01
2.216352e+01
2.216950e+01
2.217547e+01
2.218145e+01
2.218743e+01
2.219340e+01
2.219938e+01
2.220536e+01
2.221133e+01
2.221731e+01
2.222328e+01
2.222926e+01
2.223524e+01
2.224121e+01
2.224719e+01
2.225316e+01
2.225914e+01
2.226512e+01
2.227109e+01
2.227707e+01
2.228305e+01
2.228902e+01
2.229500e+01
2.230097e+01
2.230695e+01
2.231293e+01
2.231890e+01
2.232488e+01
2.233085e+01
2.233683e+01
2.234281e+01
2.234878e+01
2.235476e+01
2.236073e+01
2.236671e+01
2.237269e+01
2.237866e+01
2.238464e+01
2.239062e+01
2.239659e+01
2.240257e+01
2.240854e+01
2.241452e+01
2.242050e+01
2.242647e+01
2.243245e+01
2.243842e+01
2.244440e+01
2.245038e+01
2.245635e+01
2.246233e+01
2.246831e+01
2.247428e+01
2.248026e+01
2.248623e+01
2.249221e+01
2.249819e+01
2.250416e+01
2.251014e+01
2.251612e+01
2.252209e+01
2.252807e+01
2.253404e+01
2.254002e+01
2.254600e+01
2.255197e+01
2.255795e+01
2.256392e+01
2.256990e+01
2.257588e+01
2.258185e+01
2.258783e+01
2.259380e+01
2.259978e+01
2.260576e+01
2.261173e+01
2.261771e+01
2.262369e+01
2.262966e+01
2.263564e+01
2.264161e+01
2.264759e+01
2.265357e+01
2.265954e+01
2.266552e+01
2.267149e+01
2.267747e+01
2.268345e+01
2.268942e+01
2.269540e+01
2.270138e+01
2.270735e+01
2.271333e+01
2.271930e+01
2.272528e+01
2.273126e+01
2.273723e+01
2.274321e+01
2.274918e+01
2.275516e+01
2.276114e+01
2.276711e+01
2.277309e+01
2.277907e+01
2.278504e+01
2.279102e+01
2.279699e+01
2.280297e+01
2.280895e+01
2.281492e+01
2.282090e+01
2.282687e+01
2.283285e+01
2.283883e+01
2.284480e+01
2.285078e+01
2.285675e+01
2.286273e+01
2.286871e+01
2.287468e+01
2.288066e+01
2.288664e+01
2.289261e+01
2.289859e+01
2.290456e+01
2.291054e+01
2.291652e+01
2.292249e+01
2.292847e+01
2.293444e+01
2.294042e+01
2.294640e+01
2.295237e+01
2.295835e+01
2.296433e+01
2.297030e+01
2.297628e+01
2.298225e+01
2.298823e+01
2.299421e+01
2.300018e+01
2.300616e+01
2.301213e+01
2.301811e+01
2.302409e+01
2.303006e+01
2.303604e+01
2.304202e+01
2.304799e+01
2.305397e+01
2.305994e+01
2.306592e+01
2.307190e+01
2.307787e+01
2.308385e+01
2.308982e+01
2.309580e+01
2.310178e+01
2.310775e+01
2.311373e+01
2.311971e+01
2.312568e+01
2.313166e+01
2.313763e+01
2.314361e+01
2.314959e+01
2.315556e+01
2.316154e+01
2.316751e+01
2.317349e+01
2.317947e+01
2.318544e+01
2.319142e+01
2.319740e+01
2.320337e+01
2.320935e+01
2.321532e+01
2.322130e+01
2.322728e+01
2.323325e+01
2.323923e+01
2.324520e+01
2.325118e+01
2.325716e+01
2.326313e+01
2.326911e+01
2.327509e+01
2.328106e+01
2.328704e+01
2.329301e+01
2.329899e+01
2.330497e+01
2.331094e+01
2.331692e+01
2.332289e+01
2.332887e+01
2.333485e+01
2.334082e+01
2.334680e+01
2.335278e+01
2.335875e+01
2.336473e+01
2.337070e+01
2.337668e+01
2.338266e+01
2.338863e+01
2.339461e+01
2.340058e+01
2.340656e+01
2.341254e+01
2.341851e+01
2.342449e+01
2.343046e+01
2.343644e+01
2.344242e+01
2.344839e+01
2.345437e+01
2.346035e+01
2.346632e+01
2.347230e+01
2.347827e+01
2.348425e+01
2.349023e+01
2.349620e+01
2.350218e+01
2.350815e+01
2.351413e+01
2.352011e+01
2.352608e+01
2.353206e+01
2.353804e+01
2.354401e+01
2.354999e+01
2.355596e+01
2.356194e+01
2.356792e+01
2.357389e+01
2.357987e+01
2.358584e+01
2.359182e+01
2.359780e+01
2.360377e+01
2.360975e+01
2.361573e+01
2.362170e+01
2.362768e+01
2.363365e+01
2.363963e+01
2.364561e+01
2.365158e+01
2.365756e+01
2.366353e+01
2.366951e+01
2.367549e+01
2.368146e+01
2.368744e+01
2.369341e+01
2.369939e+01
2.370537e+01
2.371134e+01
2.371732e+01
2.372330e+01
2.372927e+01
2.373525e+01
2.374122e+01
2.374720e+01
2.375318e+01
2.375915e+01
2.376513e+01
2.377110e+01
2.377708e+01
2.378306e+01
2.378903e+01
2.379501e+01
2.380099e+01
2.380696e+01
2.381294e+01
2.381891e+01
2.382489e+01
2.383087e+01
2.383684e+01
2.384282e+01
2.384879e+01
2.385477e+01
2.386075e+01
