1.535100e-03
1.518263e-03
1.501426e-03
1.484589e-03
1.467752e-03
1.450915e-03
1.434078e-03
1.417241e-03
1.400404e-03
1.383567e-03
1.366730e-03
1.349893e-03
1.333056e-03
1.316219e-03
1.299382e-03
1.282545e-03
1.265708e-03
1.248871e-03
1.232034e-03
1.215197e-03
1.198360e-03
1.181523e-03
1.164686e-03
1.147849e-03
1.131012e-03
1.114175e-03
1.097338e-03
1.080501e-03
1.063664e-03
1.046827e-03
1.029990e-03
1.138165e-03
1.246341e-03
1.354516e-03
1.462692e-03
1.570867e-03
1.679043e-03
1.787218e-03
1.895394e-03
2.003569e-03
2.111745e-03
2.219920e-03
2.328096e-03
2.436272e-03
2.544447e-03
2.652622e-03
2.760798e-03
2.868973e-03
2.977149e-03
3.085324e-03
3.193500e-03
3.240120e-03
3.286740e-03
3.333360e-03
3.379980e-03
3.426600e-03
3.473220e-03
3.519840e-03
3.566460e-03
3.613080e-03
3.659700e-03
3.706320e-03
3.752940e-03
3.799560e-03
3.846180e-03
3.892800e-03
3.939420e-03
3.986040e-03
4.032660e-03
3.995796e-03
4.125900e-03
4.256004e-03
4.386106e-03
4.516210e-03
4.646314e-03
4.776416e-03
4.906520e-03
5.036624e-03
5.166726e-03
5.296830e-03
5.426934e-03
5.557036e-03
5.687140e-03
5.817244e-03
5.947346e-03
6.077450e-03
6.207554e-03
6.337656e-03
6.467760e-03
6.597864e-03
6.727966e-03
6.858070e-03
6.988174e-03
7.118276e-03
7.248380e-03
7.378484e-03
7.508586e-03
7.638690e-03
7.768794e-03
7.898896e-03
8.029000e-03
8.150870e-03
8.272740e-03
8.394610e-03
8.516480e-03
8.638350e-03
8.760220e-03
8.882090e-03
9.003960e-03
9.125830e-03
9.247700e-03
9.369570e-03
9.491440e-03
9.613310e-03
9.735180e-03
9.857050e-03
9.978920e-03
1.010079e-02
1.022266e-02
1.034453e-02
1.046640e-02
1.058827e-02
1.071014e-02
1.083201e-02
1.095388e-02
1.107575e-02
1.119762e-02
1.131949e-02
1.144136e-02
1.156323e-02
1.168510e-02
1.180697e-02
1.192884e-02
1.205071e-02
1.217258e-02
1.229445e-02
1.241632e-02
1.253819e-02
1.266006e-02
1.278193e-02
1.290380e-02
1.302567e-02
1.314754e-02
1.326941e-02
1.339128e-02
1.351315e-02
1.363502e-02
1.375689e-02
1.387876e-02
1.400063e-02
1.412250e-02
1.425843e-02
1.439436e-02
1.453029e-02
1.466622e-02
1.480215e-02
1.493808e-02
1.507401e-02
1.520994e-02
1.534587e-02
1.548180e-02
1.561773e-02
1.575366e-02
1.588959e-02
1.602552e-02
1.616145e-02
1.629738e-02
1.643331e-02
1.656924e-02
1.670517e-02
1.684110e-02
1.697703e-02
1.711296e-02
1.724889e-02
1.738482e-02
1.752075e-02
1.765668e-02
1.779261e-02
1.792854e-02
1.806447e-02
1.820040e-02
1.833633e-02
1.847226e-02
1.860819e-02
1.874412e-02
1.888005e-02
1.901598e-02
1.915191e-02
1.928784e-02
1.942377e-02
1.955970e-02
1.969563e-02
1.983156e-02
1.996749e-02
2.010342e-02
2.023935e-02
2.037528e-02
2.051121e-02
2.064714e-02
2.078307e-02
2.091900e-02
2.095781e-02
2.099662e-02
2.103543e-02
2.107424e-02
2.111305e-02
2.115186e-02
2.119067e-02
2.122948e-02
2.126829e-02
2.130710e-02
2.134591e-02
2.138472e-02
2.142353e-02
2.146234e-02
2.150115e-02
2.153996e-02
2.157877e-02
2.161758e-02
2.165639e-02
2.169520e-02
2.173401e-02
2.177282e-02
2.181163e-02
2.185044e-02
2.188925e-02
2.192806e-02
2.196687e-02
2.200568e-02
2.204449e-02
2.208330e-02
2.212211e-02
2.216092e-02
2.219973e-02
2.223854e-02
2.227735e-02
2.231616e-02
2.235497e-02
2.239378e-02
2.243259e-02
2.247140e-02
2.251021e-02
2.254902e-02
2.258783e-02
2.262664e-02
2.266545e-02
2.270426e-02
2.274307e-02
2.278188e-02
2.282069e-02
2.285950e-02
2.289831e-02
2.293712e-02
2.297593e-02
2.301474e-02
2.305355e-02
2.309236e-02
2.313117e-02
2.316998e-02
2.320879e-02
2.324760e-02
2.328641e-02
2.332522e-02
2.336403e-02
2.340284e-02
2.344165e-02
2.348046e-02
2.351927e-02
2.355808e-02
2.359689e-02
2.363570e-02
2.367451e-02
2.371332e-02
2.375213e-02
2.379094e-02
2.382975e-02
2.386856e-02
2.390737e-02
2.394618e-02
2.398499e-02
2.402380e-02
2.406261e-02
2.410142e-02
2.414023e-02
2.417904e-02
2.421785e-02
2.425666e-02
2.429547e-02
2.433428e-02
2.437309e-02
2.441190e-02
2.445071e-02
2.448952e-02
2.452833e-02
2.456714e-02
2.460595e-02
2.464476e-02
2.468357e-02
2.472238e-02
2.476119e-02
2.480000e-02
2.486678e-02
2.493355e-02
2.500033e-02
2.506710e-02
2.513387e-02
2.520065e-02
2.526742e-02
2.533420e-02
2.540097e-02
2.546775e-02
2.553453e-02
2.560130e-02
2.566807e-02
2.573485e-02
2.580163e-02
2.586840e-02
2.593518e-02
2.600195e-02
2.606873e-02
2.613550e-02
2.620228e-02
2.626905e-02
2.633583e-02
2.640260e-02
2.646937e-02
2.653615e-02
2.660293e-02
2.666970e-02
2.673647e-02
2.680325e-02
2.687002e-02
2.693680e-02
2.700358e-02
2.707035e-02
2.713712e-02
2.720390e-02
2.727068e-02
2.733745e-02
2.740423e-02
2.747100e-02
2.753778e-02
2.760455e-02
2.767133e-02
2.773810e-02
2.780487e-02
2.787165e-02
2.793842e-02
2.800520e-02
2.807198e-02
2.813875e-02
2.820552e-02
2.827230e-02
2.833908e-02
2.840585e-02
2.847262e-02
2.853940e-02
2.860618e-02
2.867295e-02
2.873973e-02
2.880650e-02
2.887328e-02
2.894005e-02
2.900682e-02
2.907360e-02
2.914037e-02
2.920715e-02
2.927392e-02
2.934070e-02
2.940747e-02
2.947425e-02
2.954102e-02
2.960780e-02
2.967457e-02
2.974135e-02
2.980813e-02
2.987490e-02
2.994167e-02
3.000845e-02
3.007523e-02
3.014200e-02
3.020878e-02
3.027555e-02
3.034232e-02
3.040910e-02
3.047587e-02
3.054265e-02
3.060942e-02
3.067620e-02
3.074297e-02
3.080975e-02
3.087653e-02
3.094330e-02
3.101007e-02
3.107685e-02
3.114363e-02
3.121040e-02
3.127717e-02
3.134395e-02
3.141073e-02
3.147750e-02
3.159208e-02
3.170666e-02
3.182124e-02
3.193582e-02
3.205040e-02
3.216498e-02
3.227956e-02
3.239414e-02
3.250872e-02
3.262330e-02
3.273788e-02
3.285246e-02
3.296704e-02
3.308162e-02
3.319620e-02
3.331078e-02
3.342536e-02
3.353994e-02
3.365452e-02
3.376910e-02
3.388368e-02
3.399826e-02
3.411284e-02
3.422742e-02
3.434200e-02
3.445658e-02
3.457116e-02
3.468574e-02
3.480032e-02
3.491490e-02
3.502948e-02
3.514406e-02
3.525864e-02
3.537322e-02
3.548780e-02
3.560238e-02
3.571696e-02
3.583154e-02
3.594612e-02
3.606070e-02
3.617528e-02
3.628986e-02
3.640444e-02
3.651902e-02
3.663360e-02
3.674818e-02
3.686276e-02
3.697734e-02
3.709192e-02
3.720650e-02
3.732108e-02
3.743566e-02
3.755024e-02
3.766482e-02
3.777940e-02
3.789398e-02
3.800856e-02
3.812314e-02
3.823772e-02
3.835230e-02
3.846688e-02
3.858146e-02
3.869604e-02
3.881062e-02
3.892520e-02
3.903978e-02
3.915436e-02
3.926894e-02
3.938352e-02
3.949810e-02
3.961268e-02
3.972726e-02
3.984184e-02
3.995642e-02
4.007100e-02
4.018558e-02
4.030016e-02
4.041474e-02
4.052932e-02
4.064390e-02
4.075848e-02
4.087306e-02
4.098764e-02
4.110222e-02
4.121680e-02
4.133138e-02
4.144596e-02
4.156054e-02
4.167512e-02
4.178970e-02
4.190428e-02
4.201886e-02
4.213344e-02
4.224802e-02
4.236260e-02
4.247718e-02
4.259176e-02
4.270634e-02
4.282092e-02
4.293550e-02
4.305008e-02
4.316466e-02
4.327924e-02
4.339382e-02
4.350840e-02
4.362298e-02
4.373756e-02
4.385214e-02
4.396672e-02
4.408130e-02
4.419588e-02
4.431046e-02
4.442504e-02
4.453962e-02
4.465420e-02
4.476878e-02
4.488336e-02
4.499794e-02
4.511252e-02
4.522710e-02
4.534168e-02
4.545626e-02
4.557084e-02
4.568542e-02
4.580000e-02
4.591458e-02
4.602916e-02
4.614374e-02
4.625832e-02
4.637290e-02
4.648748e-02
4.660206e-02
4.671664e-02
4.683122e-02
4.694580e-02
4.706038e-02
4.717496e-02
4.728954e-02
4.740412e-02
4.751870e-02
4.763328e-02
4.774786e-02
4.786244e-02
4.797702e-02
4.809160e-02
4.820618e-02
4.832076e-02
4.843534e-02
4.854992e-02
4.866450e-02
4.877908e-02
4.889366e-02
4.900824e-02
4.912282e-02
4.923740e-02
4.935198e-02
4.946656e-02
4.958114e-02
4.969572e-02
4.981030e-02
4.992488e-02
5.003946e-02
5.015404e-02
5.026862e-02
5.038320e-02
5.049778e-02
5.061236e-02
5.072694e-02
5.084152e-02
5.095610e-02
5.107068e-02
5.118526e-02
5.129984e-02
5.141442e-02
5.152900e-02
5.164358e-02
5.175816e-02
5.187274e-02
5.198732e-02
5.210190e-02
5.221648e-02
5.233106e-02
5.244564e-02
5.256022e-02
5.267480e-02
5.278938e-02
5.290396e-02
5.301854e-02
5.313312e-02
5.324770e-02
5.336228e-02
5.347686e-02
5.359144e-02
5.370602e-02
5.382060e-02
5.393518e-02
5.404976e-02
5.416434e-02
5.427892e-02
5.439350e-02
5.452952e-02
5.466555e-02
5.480158e-02
5.493760e-02
5.507363e-02
5.520965e-02
5.534567e-02
5.548170e-02
5.561772e-02
5.575375e-02
5.588977e-02
5.602580e-02
5.616182e-02
5.629785e-02
5.643388e-02
5.656990e-02
5.670592e-02
5.684195e-02
5.697797e-02
5.711400e-02
5.725003e-02
5.738605e-02
5.752207e-02
5.765810e-02
5.779413e-02
5.793015e-02
5.806617e-02
5.820220e-02
5.833823e-02
5.847425e-02
5.861028e-02
5.874630e-02
5.888232e-02
5.901835e-02
5.915437e-02
5.929040e-02
5.942643e-02
5.956245e-02
5.969848e-02
5.983450e-02
5.997052e-02
6.010655e-02
6.024257e-02
6.037860e-02
6.051463e-02
6.065065e-02
6.078667e-02
6.092270e-02
6.105873e-02
6.119475e-02
6.133077e-02
6.146680e-02
6.160282e-02
6.173885e-02
6.187488e-02
6.201090e-02
6.214692e-02
6.228295e-02
6.241897e-02
6.255500e-02
6.269102e-02
6.282705e-02
6.296308e-02
6.309910e-02
6.323513e-02
6.337115e-02
6.350717e-02
6.364320e-02
6.377922e-02
6.391525e-02
6.405127e-02
6.418730e-02
6.432332e-02
6.445935e-02
6.459538e-02
6.473140e-02
6.486743e-02
6.500345e-02
6.513948e-02
6.527550e-02
6.541152e-02
6.554755e-02
6.568357e-02
6.581960e-02
6.595562e-02
6.609165e-02
6.622767e-02
6.636370e-02
6.649972e-02
6.663575e-02
6.677177e-02
6.690780e-02
6.704383e-02
6.717985e-02
6.731587e-02
6.745190e-02
6.758793e-02
6.772395e-02
6.785998e-02
6.799600e-02
6.897419e-02
6.995239e-02
7.093058e-02
7.190877e-02
7.288697e-02
7.386516e-02
7.484335e-02
7.582155e-02
7.679974e-02
7.777793e-02
7.875613e-02
7.973432e-02
8.071251e-02
8.169071e-02
8.266890e-02
8.364709e-02
8.462529e-02
8.560348e-02
8.658167e-02
8.755987e-02
8.853806e-02
8.951625e-02
9.049445e-02
9.147264e-02
9.245083e-02
9.342903e-02
9.440722e-02
9.538541e-02
9.636361e-02
9.734180e-02
9.831999e-02
9.929819e-02
1.002764e-01
1.012546e-01
1.022328e-01
1.032110e-01
1.041892e-01
1.051673e-01
1.061455e-01
1.071237e-01
1.081019e-01
1.090801e-01
1.100583e-01
1.110365e-01
1.120147e-01
1.129929e-01
1.139711e-01
1.149493e-01
1.159275e-01
1.169057e-01
1.178839e-01
1.188621e-01
1.198402e-01
1.208184e-01
1.217966e-01
1.227748e-01
1.237530e-01
1.247312e-01
1.257094e-01
1.266876e-01
1.276658e-01
1.286440e-01
1.296222e-01
1.306004e-01
1.315786e-01
1.325568e-01
1.335350e-01
1.345131e-01
1.354913e-01
1.364695e-01
1.374477e-01
1.384259e-01
1.394041e-01
1.403823e-01
1.413605e-01
1.423387e-01
1.433169e-01
1.442951e-01
1.452733e-01
1.462515e-01
1.472297e-01
1.482079e-01
1.491860e-01
1.501642e-01
1.511424e-01
1.521206e-01
1.530988e-01
1.540770e-01
1.550552e-01
1.560334e-01
1.570116e-01
1.579898e-01
1.589680e-01
1.599462e-01
1.609244e-01
1.619026e-01
1.628808e-01
1.638589e-01
1.648371e-01
1.658153e-01
1.667935e-01
1.677717e-01
1.687499e-01
1.697281e-01
1.707063e-01
1.716845e-01
1.726627e-01
1.736409e-01
1.746191e-01
1.755973e-01
1.765755e-01
1.775537e-01
1.785319e-01
1.795100e-01
1.804882e-01
1.814664e-01
1.824446e-01
1.834228e-01
1.844010e-01
1.853792e-01
1.863574e-01
1.873356e-01
1.883138e-01
1.892920e-01
1.902702e-01
1.912484e-01
1.922266e-01
1.932048e-01
1.941829e-01
1.951611e-01
1.961393e-01
1.971175e-01
1.980957e-01
1.990739e-01
2.000521e-01
2.010303e-01
2.020085e-01
2.029867e-01
2.039649e-01
2.049431e-01
2.059213e-01
2.068995e-01
2.078777e-01
2.088558e-01
2.098340e-01
2.108122e-01
2.117904e-01
2.127686e-01
2.137468e-01
2.147250e-01
2.157032e-01
2.166814e-01
2.176596e-01
2.186378e-01
2.196160e-01
2.205942e-01
2.215724e-01
2.225506e-01
2.235287e-01
2.245069e-01
2.254851e-01
2.264633e-01
2.274415e-01
2.284197e-01
2.293979e-01
2.303761e-01
2.313543e-01
2.323325e-01
2.333107e-01
2.342889e-01
2.352671e-01
2.362453e-01
2.372235e-01
2.382016e-01
2.391798e-01
2.401580e-01
2.411362e-01
2.421144e-01
2.430926e-01
2.440708e-01
2.450490e-01
2.460272e-01
2.470054e-01
2.479836e-01
2.489618e-01
2.499400e-01
2.509182e-01
2.518964e-01
2.528745e-01
2.538527e-01
2.548309e-01
2.558091e-01
2.567873e-01
2.577655e-01
2.587437e-01
2.597219e-01
2.607001e-01
2.616783e-01
2.626565e-01
2.636347e-01
2.646129e-01
2.655911e-01
2.665693e-01
2.675474e-01
2.685256e-01
2.695038e-01
2.704820e-01
2.714602e-01
2.724384e-01
2.734166e-01
2.743948e-01
2.753730e-01
2.763512e-01
2.773294e-01
2.783076e-01
2.792858e-01
2.802640e-01
2.812422e-01
2.822203e-01
2.831985e-01
2.841767e-01
2.851549e-01
2.861331e-01
2.871113e-01
2.880895e-01
2.890677e-01
2.900459e-01
2.910241e-01
2.920023e-01
2.929805e-01
2.939587e-01
2.949369e-01
2.959151e-01
2.968932e-01
2.978714e-01
2.988496e-01
2.998278e-01
3.008060e-01
3.017842e-01
3.027624e-01
3.037406e-01
3.047188e-01
3.056970e-01
3.066752e-01
3.076534e-01
3.086316e-01
3.096098e-01
3.105880e-01
3.115661e-01
3.125443e-01
3.135225e-01
3.145007e-01
3.154789e-01
3.164571e-01
3.174353e-01
3.184135e-01
3.193917e-01
3.203699e-01
3.213481e-01
3.223263e-01
3.233045e-01
3.242827e-01
3.252609e-01
3.262390e-01
3.272172e-01
3.281954e-01
3.291736e-01
3.301518e-01
3.311300e-01
3.321082e-01
3.330864e-01
3.340646e-01
3.350428e-01
3.360210e-01
3.369992e-01
3.379774e-01
3.389556e-01
3.399338e-01
3.409119e-01
3.418901e-01
3.428683e-01
3.438465e-01
3.448247e-01
3.458029e-01
3.467811e-01
3.477593e-01
3.487375e-01
3.497157e-01
3.506939e-01
3.516721e-01
3.526503e-01
3.536285e-01
3.546067e-01
3.555848e-01
3.565630e-01
3.575412e-01
3.585194e-01
3.594976e-01
3.604758e-01
3.614540e-01
3.624322e-01
3.634104e-01
3.643886e-01
3.653668e-01
3.663450e-01
3.673232e-01
3.683014e-01
3.692796e-01
3.702578e-01
3.712359e-01
3.722141e-01
3.731923e-01
3.741705e-01
3.751487e-01
3.761269e-01
3.771051e-01
3.780833e-01
3.790615e-01
3.800397e-01
3.810179e-01
3.819961e-01
3.829743e-01
3.839525e-01
3.849307e-01
3.859088e-01
3.868870e-01
3.878652e-01
3.888434e-01
3.898216e-01
3.907998e-01
3.917780e-01
3.927562e-01
3.937344e-01
3.947126e-01
3.956908e-01
3.966690e-01
3.976472e-01
3.986254e-01
3.996036e-01
4.005817e-01
4.015599e-01
4.025381e-01
4.035163e-01
4.044945e-01
4.054727e-01
4.064509e-01
4.074291e-01
4.084073e-01
4.093855e-01
4.103637e-01
4.113419e-01
4.123201e-01
4.132983e-01
4.142765e-01
4.152546e-01
4.162328e-01
4.172110e-01
4.181892e-01
4.191674e-01
4.201456e-01
4.211238e-01
4.221020e-01
4.230802e-01
4.240584e-01
4.250366e-01
4.260148e-01
4.269930e-01
4.279712e-01
4.289494e-01
4.299275e-01
4.309057e-01
4.318839e-01
4.328621e-01
4.338403e-01
4.348185e-01
4.357967e-01
4.367749e-01
4.377531e-01
4.387313e-01
4.397095e-01
4.406877e-01
4.416659e-01
4.426441e-01
4.436223e-01
4.446004e-01
4.455786e-01
4.465568e-01
4.475350e-01
4.485132e-01
4.494914e-01
4.504696e-01
4.514478e-01
4.524260e-01
4.534042e-01
4.543824e-01
4.553606e-01
4.563388e-01
4.573170e-01
4.582952e-01
4.592733e-01
4.602515e-01
4.612297e-01
4.622079e-01
4.631861e-01
4.641643e-01
4.651425e-01
4.661207e-01
4.670104e-01
4.679000e-01
4.687897e-01
4.696794e-01
4.705691e-01
4.714588e-01
4.723485e-01
4.732382e-01
4.741278e-01
4.750175e-01
4.759072e-01
4.767969e-01
4.776866e-01
4.785763e-01
4.794660e-01
4.803557e-01
4.812453e-01
4.821350e-01
4.830247e-01
4.839144e-01
4.848041e-01
4.856938e-01
4.865835e-01
4.874731e-01
4.883628e-01
4.892525e-01
4.901422e-01
4.910319e-01
4.919216e-01
4.928113e-01
4.937010e-01
4.945906e-01
4.954803e-01
4.963700e-01
4.972597e-01
4.981494e-01
4.990391e-01
4.999288e-01
5.008184e-01
5.017081e-01
5.025978e-01
5.034875e-01
5.043772e-01
5.052669e-01
5.061566e-01
5.070463e-01
5.079359e-01
5.088256e-01
5.097153e-01
5.106050e-01
5.114947e-01
5.123844e-01
5.132741e-01
5.141637e-01
5.150534e-01
5.159431e-01
5.168328e-01
5.177225e-01
5.186122e-01
5.195019e-01
5.203916e-01
5.212812e-01
5.221709e-01
5.230606e-01
5.239503e-01
5.248400e-01
5.257297e-01
5.266194e-01
5.275090e-01
5.283987e-01
5.292884e-01
5.301781e-01
5.310678e-01
5.319575e-01
5.328472e-01
5.337369e-01
5.346265e-01
5.355162e-01
5.364059e-01
5.372956e-01
5.381853e-01
5.390750e-01
5.399647e-01
5.408543e-01
5.417440e-01
5.426337e-01
5.435234e-01
5.444131e-01
5.453028e-01
5.461925e-01
5.470822e-01
5.479718e-01
5.488615e-01
5.497512e-01
5.506409e-01
5.515306e-01
5.524203e-01
5.533100e-01
5.541996e-01
5.550893e-01
5.580749e-01
5.610605e-01
5.640461e-01
5.670317e-01
5.700173e-01
5.730029e-01
5.759885e-01
5.789741e-01
5.819597e-01
5.849453e-01
5.879309e-01
5.909164e-01
5.939021e-01
5.968876e-01
5.998733e-01
6.028588e-01
6.058445e-01
6.088300e-01
6.118157e-01
6.148012e-01
6.177869e-01
6.207724e-01
6.237581e-01
6.267436e-01
6.297292e-01
6.327148e-01
6.357004e-01
6.386860e-01
6.416716e-01
6.446572e-01
6.476428e-01
6.506284e-01
6.536140e-01
6.565996e-01
6.595852e-01
6.625707e-01
6.655564e-01
6.685419e-01
6.715276e-01
6.745131e-01
6.774988e-01
6.804843e-01
6.834700e-01
6.864555e-01
6.894412e-01
6.924267e-01
6.954124e-01
6.983979e-01
7.013835e-01
7.043691e-01
7.073547e-01
7.103403e-01
7.133259e-01
7.163115e-01
7.192971e-01
7.222827e-01
7.252683e-01
7.282539e-01
7.312395e-01
7.342250e-01
7.372107e-01
7.401962e-01
7.431819e-01
7.461674e-01
7.491531e-01
7.521386e-01
7.551243e-01
7.581098e-01
7.610955e-01
7.640810e-01
7.670666e-01
7.700522e-01
7.730378e-01
7.760234e-01
7.790090e-01
7.819946e-01
7.849802e-01
7.879658e-01
7.909513e-01
7.939370e-01
7.969226e-01
7.999082e-01
8.028937e-01
8.058793e-01
8.088649e-01
8.118505e-01
8.148361e-01
8.178217e-01
8.208073e-01
8.237929e-01
8.267785e-01
8.297641e-01
8.327497e-01
8.357353e-01
8.387208e-01
8.417065e-01
8.446920e-01
8.476777e-01
8.506632e-01
8.536489e-01
8.566344e-01
8.596201e-01
8.626056e-01
8.655913e-01
8.685768e-01
8.715625e-01
8.745480e-01
8.775336e-01
8.805192e-01
8.835048e-01
8.864904e-01
8.894760e-01
8.924616e-01
8.954472e-01
8.984328e-01
9.014184e-01
9.044040e-01
9.073896e-01
9.103751e-01
9.133608e-01
9.163463e-01
9.193320e-01
9.223175e-01
9.253032e-01
9.282887e-01
9.312744e-01
9.342599e-01
9.372456e-01
9.402311e-01
9.432168e-01
9.462023e-01
9.491879e-01
9.521735e-01
9.551591e-01
9.581447e-01
9.611303e-01
9.641159e-01
9.671015e-01
9.700871e-01
9.730727e-01
9.760583e-01
9.790439e-01
9.820294e-01
9.850151e-01
9.880006e-01
9.909863e-01
9.939718e-01
9.969575e-01
9.999430e-01
1.002929e+00
1.005915e+00
1.008900e+00
1.011885e+00
1.014871e+00
1.017857e+00
1.020842e+00
1.023828e+00
1.026814e+00
1.029799e+00
1.032784e+00
1.035770e+00
1.038756e+00
1.041741e+00
1.044727e+00
1.047713e+00
1.050698e+00
1.053684e+00
1.056669e+00
1.059655e+00
1.062641e+00
1.065627e+00
1.068611e+00
1.071597e+00
1.074583e+00
1.077568e+00
1.080554e+00
1.083540e+00
1.086526e+00
1.089511e+00
1.092496e+00
1.095482e+00
1.098468e+00
1.101453e+00
1.104439e+00
1.107424e+00
1.110410e+00
1.113395e+00
1.116381e+00
1.119367e+00
1.122353e+00
1.125339e+00
1.128323e+00
1.131309e+00
1.134295e+00
1.137280e+00
1.140266e+00
1.143252e+00
1.146237e+00
1.149223e+00
1.152208e+00
1.155194e+00
1.157471e+00
1.159749e+00
1.162027e+00
1.164304e+00
1.166582e+00
1.168859e+00
1.171136e+00
1.173414e+00
1.175692e+00
1.177969e+00
1.180246e+00
1.182524e+00
1.184801e+00
1.187079e+00
1.189357e+00
1.191634e+00
1.193911e+00
1.196189e+00
1.198467e+00
1.200744e+00
1.203022e+00
1.205299e+00
1.207576e+00
1.209854e+00
1.212132e+00
1.214409e+00
1.216687e+00
1.218964e+00
1.221241e+00
1.223519e+00
1.225797e+00
1.228074e+00
1.230351e+00
1.232629e+00
1.234906e+00
1.237184e+00
1.239462e+00
1.241739e+00
1.244016e+00
1.246294e+00
1.248572e+00
1.250849e+00
1.253127e+00
1.255404e+00
1.257681e+00
1.259959e+00
1.262237e+00
1.264514e+00
1.266791e+00
1.269069e+00
1.271346e+00
1.273624e+00
1.275902e+00
1.278179e+00
1.280456e+00
1.282734e+00
1.285012e+00
1.287289e+00
1.289567e+00
1.291844e+00
1.294121e+00
1.296399e+00
1.298677e+00
1.300954e+00
1.303232e+00
1.305509e+00
1.307786e+00
1.310064e+00
1.312342e+00
1.314619e+00
1.316896e+00
1.319174e+00
1.321452e+00
1.323729e+00
1.326007e+00
1.328284e+00
1.330561e+00
1.332839e+00
1.335117e+00
1.337394e+00
1.339672e+00
1.341949e+00
1.344226e+00
1.346504e+00
1.348782e+00
1.351059e+00
1.353336e+00
1.355614e+00
1.357892e+00
1.360169e+00
1.362447e+00
1.364724e+00
1.367001e+00
1.369279e+00
1.371557e+00
1.373834e+00
1.376112e+00
1.378389e+00
1.380666e+00
1.382945e+00
1.385222e+00
1.387499e+00
1.389777e+00
1.392054e+00
1.394331e+00
1.396609e+00
1.398887e+00
1.401164e+00
1.403441e+00
1.405719e+00
1.407997e+00
1.410274e+00
1.412552e+00
1.414829e+00
1.417106e+00
1.419385e+00
1.421662e+00
1.423939e+00
1.426217e+00
1.428494e+00
1.430771e+00
1.433050e+00
1.435327e+00
1.437604e+00
1.439881e+00
1.442159e+00
1.444437e+00
1.446714e+00
1.448992e+00
1.451269e+00
1.453546e+00
1.455824e+00
1.458102e+00
1.460379e+00
1.462657e+00
1.464934e+00
1.467211e+00
1.469490e+00
1.471767e+00
1.474044e+00
1.476322e+00
1.478599e+00
1.480877e+00
1.483154e+00
1.485432e+00
1.487709e+00
1.489986e+00
1.492264e+00
1.494542e+00
1.496819e+00
1.499097e+00
1.501374e+00
1.503651e+00
1.505930e+00
1.508207e+00
1.510484e+00
1.512762e+00
1.515039e+00
1.517316e+00
1.519594e+00
1.521872e+00
1.524149e+00
1.526426e+00
1.528704e+00
1.530982e+00
1.533259e+00
1.535537e+00
1.537814e+00
1.540091e+00
1.542370e+00
1.544647e+00
1.546924e+00
1.549202e+00
1.551479e+00
1.553756e+00
1.556035e+00
1.558312e+00
1.560589e+00
1.562866e+00
1.565144e+00
1.567422e+00
1.569699e+00
1.571977e+00
1.574254e+00
1.576531e+00
1.578809e+00
1.581087e+00
1.583364e+00
1.585642e+00
1.587919e+00
1.590196e+00
1.592475e+00
1.594752e+00
1.597029e+00
1.599307e+00
1.601584e+00
1.603862e+00
1.606139e+00
1.608417e+00
1.610694e+00
1.612971e+00
1.615249e+00
1.617527e+00
1.619804e+00
1.622082e+00
1.624359e+00
1.626636e+00
1.628915e+00
1.631192e+00
1.633469e+00
1.635747e+00
1.638024e+00
1.640301e+00
1.642580e+00
1.644857e+00
1.647134e+00
1.649412e+00
1.651689e+00
1.653967e+00
1.656244e+00
1.658522e+00
1.660799e+00
1.663076e+00
1.665355e+00
1.667632e+00
1.669909e+00
1.672187e+00
1.674464e+00
1.676741e+00
1.679020e+00
1.681297e+00
1.683574e+00
1.685852e+00
1.688129e+00
1.690407e+00
1.692684e+00
1.694962e+00
1.697239e+00
1.699516e+00
1.701795e+00
1.704072e+00
1.706349e+00
1.708627e+00
1.710904e+00
1.713181e+00
1.715460e+00
1.717737e+00
1.720014e+00
1.722292e+00
1.724569e+00
1.726847e+00
1.729125e+00
1.731402e+00
1.733679e+00
1.735957e+00
1.738234e+00
1.740512e+00
1.742789e+00
1.745067e+00
1.747344e+00
1.749621e+00
1.751900e+00
1.754177e+00
1.756454e+00
1.758732e+00
1.761009e+00
1.763287e+00
1.765565e+00
1.767842e+00
1.770119e+00
1.772397e+00
1.774674e+00
1.776952e+00
1.779230e+00
1.781507e+00
1.783784e+00
1.786061e+00
1.788340e+00
1.790617e+00
1.792894e+00
1.795172e+00
1.797449e+00
1.799726e+00
1.802005e+00
1.804282e+00
1.806559e+00
1.808837e+00
1.811114e+00
1.813392e+00
1.815670e+00
1.817947e+00
1.820224e+00
1.822501e+00
1.824780e+00
1.827057e+00
1.829334e+00
1.831612e+00
1.833889e+00
1.836166e+00
1.838445e+00
1.840722e+00
1.842999e+00
1.847362e+00
1.851724e+00
1.856086e+00
1.860449e+00
1.864811e+00
1.869173e+00
1.873536e+00
1.877898e+00
1.882260e+00
1.886623e+00
1.890985e+00
1.895347e+00
1.899710e+00
1.904072e+00
1.908434e+00
1.912796e+00
1.917158e+00
1.921521e+00
1.925883e+00
1.930245e+00
1.934608e+00
1.938970e+00
1.943332e+00
1.947695e+00
1.952057e+00
1.956419e+00
1.960782e+00
1.965144e+00
1.969506e+00
1.973869e+00
1.978231e+00
1.982593e+00
1.986956e+00
1.991318e+00
1.995680e+00
2.000043e+00
2.004405e+00
2.008767e+00
2.013130e+00
2.017492e+00
2.021855e+00
2.026217e+00
2.030579e+00
2.034941e+00
2.039303e+00
2.043665e+00
2.048028e+00
2.052390e+00
2.056752e+00
2.061115e+00
2.065477e+00
2.069839e+00
2.074202e+00
2.078564e+00
2.082926e+00
2.087289e+00
2.091651e+00
2.096013e+00
2.100376e+00
2.104738e+00
2.109100e+00
2.113463e+00
2.117825e+00
2.122188e+00
2.126550e+00
2.130912e+00
2.135275e+00
2.139637e+00
2.143999e+00
2.148362e+00
2.152724e+00
2.157085e+00
2.161448e+00
2.165810e+00
2.170172e+00
2.174535e+00
2.178897e+00
2.183259e+00
2.187622e+00
2.191984e+00
2.196346e+00
2.200709e+00
2.205071e+00
2.209433e+00
2.213796e+00
2.218158e+00
2.222520e+00
2.226883e+00
2.231245e+00
2.235608e+00
2.239970e+00
2.244332e+00
2.248695e+00
2.253057e+00
2.257419e+00
2.261782e+00
2.266144e+00
2.270506e+00
2.274869e+00
2.279231e+00
2.283592e+00
2.287955e+00
2.292317e+00
2.296679e+00
2.301042e+00
2.305404e+00
2.309766e+00
2.314129e+00
2.318491e+00
2.322853e+00
2.327216e+00
2.331578e+00
2.335940e+00
2.340303e+00
2.344665e+00
2.349028e+00
2.353390e+00
2.357752e+00
2.362115e+00
2.366477e+00
2.370839e+00
2.375202e+00
2.379564e+00
2.383926e+00
2.388289e+00
2.392651e+00
2.397013e+00
2.401376e+00
2.405738e+00
2.410099e+00
2.414462e+00
2.418824e+00
2.423186e+00
2.427549e+00
2.431911e+00
2.436273e+00
2.440636e+00
2.444998e+00
2.449361e+00
2.453723e+00
2.458085e+00
2.462448e+00
2.466810e+00
2.471172e+00
2.475535e+00
2.479897e+00
2.484259e+00
2.488622e+00
2.492984e+00
2.497346e+00
2.501709e+00
2.506071e+00
2.510433e+00
2.514796e+00
2.519158e+00
2.523520e+00
2.527883e+00
2.532244e+00
2.536606e+00
2.540969e+00
2.545331e+00
2.549694e+00
2.554056e+00
2.558418e+00
2.562781e+00
2.567143e+00
2.571505e+00
2.575868e+00
2.580230e+00
2.584592e+00
2.588955e+00
2.593317e+00
2.597679e+00
2.602042e+00
2.606404e+00
2.610766e+00
2.615129e+00
2.619491e+00
2.623853e+00
2.628216e+00
2.632578e+00
2.636940e+00
2.641303e+00
2.645665e+00
2.650027e+00
2.654390e+00
2.658751e+00
2.663113e+00
2.667476e+00
2.671838e+00
2.676201e+00
2.680563e+00
2.684925e+00
2.689288e+00
2.693650e+00
2.698012e+00
2.702375e+00
2.706737e+00
2.711099e+00
2.715462e+00
2.719824e+00
2.723148e+00
2.726473e+00
2.729798e+00
2.733122e+00
2.736447e+00
2.739771e+00
2.743097e+00
2.746421e+00
2.749745e+00
2.753070e+00
2.756395e+00
2.759719e+00
2.763044e+00
2.766368e+00
2.769693e+00
2.773018e+00
2.776342e+00
2.779666e+00
2.782991e+00
2.786316e+00
2.789641e+00
2.792965e+00
2.796289e+00
2.799615e+00
2.802939e+00
2.806263e+00
2.809588e+00
2.812912e+00
2.816237e+00
2.819562e+00
2.822886e+00
2.826210e+00
2.829536e+00
2.832860e+00
2.836185e+00
2.839509e+00
2.842834e+00
2.846159e+00
2.849483e+00
2.852807e+00
2.856133e+00
2.859457e+00
2.862781e+00
2.866106e+00
2.869430e+00
2.872755e+00
2.876080e+00
2.879404e+00
2.882729e+00
2.886054e+00
2.889378e+00
2.892703e+00
2.896027e+00
2.899352e+00
2.902677e+00
2.906001e+00
2.909325e+00
2.912650e+00
2.915975e+00
2.919299e+00
2.922624e+00
2.925948e+00
2.929274e+00
2.932598e+00
2.935922e+00
2.939247e+00
2.942572e+00
2.945896e+00
2.949221e+00
2.952545e+00
2.955869e+00
2.959195e+00
2.962519e+00
2.965844e+00
2.969168e+00
2.972493e+00
2.975818e+00
2.979142e+00
2.982466e+00
2.985792e+00
2.989116e+00
2.992440e+00
2.995765e+00
2.999090e+00
3.002414e+00
3.005739e+00
3.009063e+00
3.012388e+00
3.015713e+00
3.019037e+00
3.022362e+00
3.025686e+00
3.029011e+00
3.032336e+00
3.035660e+00
3.038984e+00
3.042309e+00
3.045634e+00
3.048958e+00
3.052283e+00
3.055607e+00
3.058933e+00
3.062257e+00
3.065581e+00
3.068906e+00
3.072231e+00
3.075555e+00
3.078880e+00
3.082204e+00
3.085529e+00
3.088854e+00
3.092178e+00
3.095502e+00
3.098827e+00
3.102152e+00
3.105477e+00
3.108801e+00
3.112125e+00
3.115451e+00
3.118775e+00
3.122099e+00
3.125424e+00
3.128749e+00
3.132073e+00
3.135398e+00
3.138722e+00
3.142047e+00
3.145372e+00
3.148696e+00
3.152021e+00
3.155345e+00
3.158670e+00
3.161995e+00
3.165319e+00
3.168643e+00
3.171969e+00
3.175293e+00
3.178617e+00
3.181942e+00
3.185267e+00
3.188592e+00
3.191916e+00
3.195240e+00
3.198565e+00
3.201890e+00
3.205214e+00
3.208539e+00
3.211863e+00
3.215188e+00
3.218513e+00
3.221837e+00
3.225161e+00
3.228487e+00
3.231811e+00
3.235136e+00
3.238460e+00
3.241784e+00
3.245110e+00
3.248434e+00
3.251758e+00
3.255083e+00
3.258408e+00
3.261732e+00
3.265057e+00
3.268381e+00
3.271706e+00
3.275031e+00
3.278355e+00
3.281680e+00
3.285004e+00
3.288329e+00
3.291654e+00
3.294978e+00
3.298302e+00
3.301628e+00
3.304952e+00
3.308276e+00
3.311601e+00
3.314926e+00
3.318250e+00
3.321575e+00
3.324899e+00
3.328224e+00
3.331549e+00
3.334873e+00
3.338198e+00
3.341522e+00
3.344847e+00
3.348172e+00
3.351496e+00
3.354820e+00
3.358146e+00
3.361470e+00
3.364794e+00
3.368119e+00
3.371444e+00
3.374769e+00
3.378093e+00
3.381417e+00
3.384742e+00
3.388067e+00
3.391935e+00
3.395804e+00
3.399673e+00
3.403542e+00
3.407411e+00
3.411279e+00
3.415148e+00
3.419017e+00
3.422885e+00
3.426755e+00
3.430623e+00
3.434492e+00
3.438361e+00
3.442229e+00
3.446098e+00
3.449968e+00
3.453836e+00
3.457705e+00
3.461573e+00
3.465442e+00
3.469311e+00
3.473179e+00
3.477049e+00
3.480917e+00
3.484786e+00
3.488655e+00
3.492523e+00
3.496392e+00
3.500262e+00
3.504130e+00
3.507999e+00
3.511867e+00
3.515736e+00
3.519605e+00
3.523474e+00
3.527343e+00
3.531211e+00
3.535080e+00
3.538949e+00
3.542817e+00
3.546687e+00
3.550556e+00
3.554424e+00
3.558293e+00
3.562161e+00
3.566030e+00
3.569899e+00
3.573768e+00
3.577637e+00
3.581505e+00
3.585374e+00
3.589243e+00
3.593111e+00
3.596981e+00
3.600850e+00
3.604718e+00
3.608587e+00
3.612455e+00
3.616324e+00
3.620194e+00
3.624062e+00
3.627931e+00
3.631799e+00
3.635668e+00
3.639537e+00
3.643405e+00
3.647275e+00
3.651144e+00
3.655012e+00
3.658881e+00
3.662749e+00
3.666618e+00
3.670488e+00
3.674356e+00
3.678225e+00
3.682093e+00
3.685962e+00
3.689831e+00
3.693700e+00
3.697569e+00
3.701438e+00
3.705306e+00
3.709175e+00
3.713043e+00
3.716913e+00
3.720782e+00
3.724650e+00
3.728519e+00
3.732387e+00
3.736256e+00
3.740125e+00
3.743994e+00
3.747863e+00
3.751732e+00
3.755600e+00
3.759469e+00
3.763337e+00
3.767207e+00
3.771076e+00
3.774944e+00
3.778813e+00
3.782682e+00
3.786550e+00
3.790420e+00
3.794288e+00
3.798157e+00
3.802026e+00
3.805894e+00
3.809763e+00
3.813631e+00
3.817501e+00
3.821370e+00
3.825238e+00
3.829107e+00
3.832975e+00
3.836844e+00
3.840714e+00
3.844582e+00
3.848451e+00
3.852320e+00
3.856188e+00
3.860057e+00
3.863926e+00
3.867795e+00
3.871664e+00
3.875532e+00
3.879401e+00
3.883269e+00
3.887139e+00
3.891008e+00
3.894876e+00
3.898745e+00
3.902614e+00
3.906482e+00
3.910351e+00
3.914220e+00
3.918089e+00
3.921958e+00
3.925826e+00
3.929695e+00
3.933564e+00
3.937433e+00
3.941302e+00
3.945170e+00
3.949039e+00
3.952908e+00
3.956776e+00
3.960646e+00
3.964514e+00
3.968383e+00
3.972252e+00
3.976120e+00
3.979989e+00
3.983858e+00
3.987727e+00
3.991596e+00
3.995464e+00
3.999333e+00
4.003202e+00
4.007070e+00
4.010940e+00
4.014808e+00
4.018677e+00
4.022546e+00
4.026414e+00
4.030283e+00
4.034153e+00
4.038021e+00
4.041890e+00
4.045758e+00
4.049627e+00
4.053496e+00
4.057364e+00
4.061234e+00
4.065102e+00
4.068971e+00
4.072840e+00
4.076708e+00
4.080577e+00
4.084447e+00
4.088315e+00
4.092184e+00
4.096052e+00
4.099921e+00
4.103790e+00
4.107659e+00
4.111528e+00
4.115396e+00
4.119265e+00
4.123134e+00
4.127002e+00
4.130872e+00
4.134741e+00
4.138609e+00
4.142478e+00
4.146346e+00
4.150215e+00
4.154084e+00
4.157953e+00
4.161822e+00
4.165690e+00
4.169559e+00
4.173428e+00
4.177296e+00
4.181166e+00
4.185035e+00
4.188903e+00
4.192772e+00
4.196640e+00
4.200509e+00
4.204379e+00
4.208247e+00
4.212116e+00
4.215984e+00
4.219853e+00
4.223722e+00
4.227590e+00
4.231460e+00
4.235329e+00
4.239197e+00
4.243066e+00
4.246934e+00
4.250803e+00
4.254673e+00
4.258541e+00
4.262410e+00
4.266278e+00
4.270147e+00
4.274016e+00
4.277885e+00
4.281754e+00
4.285623e+00
4.289491e+00
4.293360e+00
4.297228e+00
4.301098e+00
4.304967e+00
4.308835e+00
4.312704e+00
4.316573e+00
4.320441e+00
4.324310e+00
4.328179e+00
4.332048e+00
4.335917e+00
4.339785e+00
4.343654e+00
4.347522e+00
4.351392e+00
4.355261e+00
4.359129e+00
4.362998e+00
4.366867e+00
4.370735e+00
4.374605e+00
4.378473e+00
4.382342e+00
4.386211e+00
4.390079e+00
4.393948e+00
4.397816e+00
4.401686e+00
4.405555e+00
4.409423e+00
4.413292e+00
4.417161e+00
4.421029e+00
4.424899e+00
4.428767e+00
4.432636e+00
4.436505e+00
4.440373e+00
4.444242e+00
4.448111e+00
4.451980e+00
4.455849e+00
4.459717e+00
4.463586e+00
4.467454e+00
4.471324e+00
4.475193e+00
4.479061e+00
4.482930e+00
4.486799e+00
4.490667e+00
4.494536e+00
4.498405e+00
4.502274e+00
4.506143e+00
4.510011e+00
4.513880e+00
4.517749e+00
4.521618e+00
4.525487e+00
4.529355e+00
4.533224e+00
4.537093e+00
4.540961e+00
4.544831e+00
4.548699e+00
4.552568e+00
4.556437e+00
4.560781e+00
4.565124e+00
4.569467e+00
4.573810e+00
4.578154e+00
4.582497e+00
4.586841e+00
4.591185e+00
4.595528e+00
4.599872e+00
4.604215e+00
4.608559e+00
4.612902e+00
4.617246e+00
4.621589e+00
4.625932e+00
4.630276e+00
4.634619e+00
4.638963e+00
4.643306e+00
4.647650e+00
4.651994e+00
4.656337e+00
4.660681e+00
4.665024e+00
4.669368e+00
4.673710e+00
4.678054e+00
4.682398e+00
4.686741e+00
4.691085e+00
4.695428e+00
4.699772e+00
4.704116e+00
4.708459e+00
4.712803e+00
4.717146e+00
4.721490e+00
4.725833e+00
4.730176e+00
4.734520e+00
4.738863e+00
4.743207e+00
4.747550e+00
4.751894e+00
4.756237e+00
4.760581e+00
4.764925e+00
4.769268e+00
4.773612e+00
4.777955e+00
4.782298e+00
4.786641e+00
4.790985e+00
4.795329e+00
4.799672e+00
4.804016e+00
4.808359e+00
4.812703e+00
4.817046e+00
4.821390e+00
4.825734e+00
4.830077e+00
4.834420e+00
4.838763e+00
4.843107e+00
4.847450e+00
4.851794e+00
4.856138e+00
4.860481e+00
4.864825e+00
4.869168e+00
4.873512e+00
4.877855e+00
4.882199e+00
4.886543e+00
4.890885e+00
4.895229e+00
4.899572e+00
4.903916e+00
4.908259e+00
4.912603e+00
4.916947e+00
4.921290e+00
4.925634e+00
4.929977e+00
4.934321e+00
4.938664e+00
4.943007e+00
4.947351e+00
4.951694e+00
4.956038e+00
4.960381e+00
4.964725e+00
4.969069e+00
4.973412e+00
4.977756e+00
4.982099e+00
4.986443e+00
4.990786e+00
4.995129e+00
4.999473e+00
5.003816e+00
5.008160e+00
5.012503e+00
5.016847e+00
5.021190e+00
5.025534e+00
5.029878e+00
5.034221e+00
5.038565e+00
5.042908e+00
5.047251e+00
5.051594e+00
5.055938e+00
5.060282e+00
5.064625e+00
5.068969e+00
5.073312e+00
5.077656e+00
5.081999e+00
5.086343e+00
5.090687e+00
5.095030e+00
5.099374e+00
5.103716e+00
5.108060e+00
5.112403e+00
5.116747e+00
5.121091e+00
5.125434e+00
5.129778e+00
5.134121e+00
5.138465e+00
5.142808e+00
5.147152e+00
5.151496e+00
5.155838e+00
5.160182e+00
5.164525e+00
5.168869e+00
5.173212e+00
5.177556e+00
5.181900e+00
5.186243e+00
5.190587e+00
5.194930e+00
5.199274e+00
5.203617e+00
5.207961e+00
5.212304e+00
5.216647e+00
5.220991e+00
5.225334e+00
5.229678e+00
5.234021e+00
5.238365e+00
5.242709e+00
5.247052e+00
5.251396e+00
5.255739e+00
5.260083e+00
5.264426e+00
5.268769e+00
5.273113e+00
5.277456e+00
5.281800e+00
5.286143e+00
5.290487e+00
5.294831e+00
5.299174e+00
5.303518e+00
5.307861e+00
5.312205e+00
5.316548e+00
5.320891e+00
5.325235e+00
5.329578e+00
5.333922e+00
5.338265e+00
5.342609e+00
5.346952e+00
5.351296e+00
5.355640e+00
5.359983e+00
5.364327e+00
5.368670e+00
5.373013e+00
5.377356e+00
5.381700e+00
5.386044e+00
5.390387e+00
5.394731e+00
5.399074e+00
5.403418e+00
5.407761e+00
5.412105e+00
5.416449e+00
5.420792e+00
5.425135e+00
5.429478e+00
5.433822e+00
5.438165e+00
5.442509e+00
5.446853e+00
5.451196e+00
5.455540e+00
5.459883e+00
5.464227e+00
5.468570e+00
5.472914e+00
5.477257e+00
5.481600e+00
5.485944e+00
5.490287e+00
5.494631e+00
5.498974e+00
5.503318e+00
5.507662e+00
5.512005e+00
5.516349e+00
5.520692e+00
5.525036e+00
5.529380e+00
5.533722e+00
5.538066e+00
5.542409e+00
5.546753e+00
5.551096e+00
5.555440e+00
5.559784e+00
5.564127e+00
5.568471e+00
5.572814e+00
5.577158e+00
5.581501e+00
5.585844e+00
5.590188e+00
5.594531e+00
5.598875e+00
5.603218e+00
5.607562e+00
5.611905e+00
5.616249e+00
5.620593e+00
5.624936e+00
5.629280e+00
5.633623e+00
5.637967e+00
5.642309e+00
5.646653e+00
5.650997e+00
5.655340e+00
5.659684e+00
5.664027e+00
5.668371e+00
5.672714e+00
5.677058e+00
5.681402e+00
5.685745e+00
5.690088e+00
5.694431e+00
5.698775e+00
5.703118e+00
5.707462e+00
5.711806e+00
5.716149e+00
5.720493e+00
5.724836e+00
5.729180e+00
5.733523e+00
5.737867e+00
5.742211e+00
5.746553e+00
5.750897e+00
5.755240e+00
5.759584e+00
5.763927e+00
5.768271e+00
5.772615e+00
5.776958e+00
5.781302e+00
5.785645e+00
5.789989e+00
5.794333e+00
5.798675e+00
5.803019e+00
5.807362e+00
5.811706e+00
5.816049e+00
5.820393e+00
5.824737e+00
5.829080e+00
5.833424e+00
5.837767e+00
5.842111e+00
5.846454e+00
5.850798e+00
5.855141e+00
5.859484e+00
5.863828e+00
5.868171e+00
5.872515e+00
5.876858e+00
5.881202e+00
5.885546e+00
5.889889e+00
5.894233e+00
5.898576e+00
5.902920e+00
5.907262e+00
5.911606e+00
5.915950e+00
5.920293e+00
5.924637e+00
5.928980e+00
5.933324e+00
5.937667e+00
5.942011e+00
5.946355e+00
5.950698e+00
5.955042e+00
5.959385e+00
5.963728e+00
5.968071e+00
5.972415e+00
5.976759e+00
5.981102e+00
5.985446e+00
5.989789e+00
5.994133e+00
5.998476e+00
6.002820e+00
6.007164e+00
6.011507e+00
6.015850e+00
6.020193e+00
6.024537e+00
6.028880e+00
6.033224e+00
6.037568e+00
6.041911e+00
6.046255e+00
6.050598e+00
6.054942e+00
6.059286e+00
6.063629e+00
6.067972e+00
6.072315e+00
6.076659e+00
6.081002e+00
6.085346e+00
6.089690e+00
6.094033e+00
6.098377e+00
6.102720e+00
6.107064e+00
6.111407e+00
6.115751e+00
6.120095e+00
6.124437e+00
6.128781e+00
6.133124e+00
6.137468e+00
6.141811e+00
6.146155e+00
6.150499e+00
6.154842e+00
6.159186e+00
6.163529e+00
6.167873e+00
6.172216e+00
6.176559e+00
6.180903e+00
6.185246e+00
6.189590e+00
6.193933e+00
6.198277e+00
6.202620e+00
6.206964e+00
6.211308e+00
6.215651e+00
6.219995e+00
6.224338e+00
6.228681e+00
6.233024e+00
6.237368e+00
6.241712e+00
6.246055e+00
6.250399e+00
6.254742e+00
6.259086e+00
6.263429e+00
6.267773e+00
6.272117e+00
6.276460e+00
6.280804e+00
6.285146e+00
6.289490e+00
6.293833e+00
6.298177e+00
6.302521e+00
6.306864e+00
6.311208e+00
6.315551e+00
6.319895e+00
6.324238e+00
6.328582e+00
6.332926e+00
6.337268e+00
6.341612e+00
6.345955e+00
6.350299e+00
6.354643e+00
6.358986e+00
6.363330e+00
6.367673e+00
6.372017e+00
6.376360e+00
6.380704e+00
6.385048e+00
6.389390e+00
6.393734e+00
6.398077e+00
6.402421e+00
6.406764e+00
6.411108e+00
6.415452e+00
6.419795e+00
6.424139e+00
6.428482e+00
6.432826e+00
6.437169e+00
6.441512e+00
6.445856e+00
6.450199e+00
6.454543e+00
6.458886e+00
6.463230e+00
6.467573e+00
6.471917e+00
6.476261e+00
6.480604e+00
6.484948e+00
6.489291e+00
6.493635e+00
6.497977e+00
6.502321e+00
6.506665e+00
6.511008e+00
6.515352e+00
6.519695e+00
6.524039e+00
6.528382e+00
6.532726e+00
6.537070e+00
6.541413e+00
6.545757e+00
6.550099e+00
6.554443e+00
6.558786e+00
6.563130e+00
6.567474e+00
6.571817e+00
6.576161e+00
6.580504e+00
6.584848e+00
6.589191e+00
6.593535e+00
6.597879e+00
6.602222e+00
6.606565e+00
6.610908e+00
6.615252e+00
6.619596e+00
6.623939e+00
6.628283e+00
6.632626e+00
6.636970e+00
6.641313e+00
6.645657e+00
6.650001e+00
6.654344e+00
6.658687e+00
6.663030e+00
6.667374e+00
6.671717e+00
6.676061e+00
6.680405e+00
6.684748e+00
6.689092e+00
6.693435e+00
6.697779e+00
6.702122e+00
6.706466e+00
6.710809e+00
6.715152e+00
6.719496e+00
6.723839e+00
6.728183e+00
6.732526e+00
6.736870e+00
6.741337e+00
6.745803e+00
6.750271e+00
6.754738e+00
6.759204e+00
6.763671e+00
6.768138e+00
6.772604e+00
6.777072e+00
6.781539e+00
6.786005e+00
6.790472e+00
6.794939e+00
6.799406e+00
6.803873e+00
6.808340e+00
6.812806e+00
6.817273e+00
6.821740e+00
6.826207e+00
6.830674e+00
6.835141e+00
6.839607e+00
6.844074e+00
6.848542e+00
6.853008e+00
6.857475e+00
6.861942e+00
6.866408e+00
6.870875e+00
6.875343e+00
6.879809e+00
6.884276e+00
6.888743e+00
6.893209e+00
6.897677e+00
6.902144e+00
6.906610e+00
6.911077e+00
6.915544e+00
6.920011e+00
6.924478e+00
6.928945e+00
6.933411e+00
6.937878e+00
6.942345e+00
6.946812e+00
6.951279e+00
6.955746e+00
6.960212e+00
6.964679e+00
6.969147e+00
6.973613e+00
6.978080e+00
6.982547e+00
6.987013e+00
6.991480e+00
6.995948e+00
7.000414e+00
7.004881e+00
7.009348e+00
7.013814e+00
7.018282e+00
7.022749e+00
7.027215e+00
7.031682e+00
7.036149e+00
7.040615e+00
7.045083e+00
7.049550e+00
7.054016e+00
7.058483e+00
7.062950e+00
7.067417e+00
7.071884e+00
7.076351e+00
7.080817e+00
7.085284e+00
7.089752e+00
7.094218e+00
7.098685e+00
7.103152e+00
7.107618e+00
7.112085e+00
7.116553e+00
7.121019e+00
7.125486e+00
7.129953e+00
7.134419e+00
7.138887e+00
7.143354e+00
7.147820e+00
7.152287e+00
7.156754e+00
7.161220e+00
7.165688e+00
7.170155e+00
7.174621e+00
7.179088e+00
7.183555e+00
7.188022e+00
7.192489e+00
7.196956e+00
7.201422e+00
7.205889e+00
7.210356e+00
7.214823e+00
7.219290e+00
7.223757e+00
7.228223e+00
7.232690e+00
7.237158e+00
7.241624e+00
7.246091e+00
7.250558e+00
7.255024e+00
7.259491e+00
7.263959e+00
7.268425e+00
7.272892e+00
7.277359e+00
7.281825e+00
7.286293e+00
7.290760e+00
7.295226e+00
7.299693e+00
7.304160e+00
7.308626e+00
7.313094e+00
7.317561e+00
7.322027e+00
7.326494e+00
7.330961e+00
7.335428e+00
7.339895e+00
7.344362e+00
7.348828e+00
7.353295e+00
7.357762e+00
7.362229e+00
7.366696e+00
7.371163e+00
7.375629e+00
7.380096e+00
7.384564e+00
7.389030e+00
7.393497e+00
7.397964e+00
7.402430e+00
7.406898e+00
7.411365e+00
7.415831e+00
7.420298e+00
7.424765e+00
7.429231e+00
7.433699e+00
7.438166e+00
7.442632e+00
7.447099e+00
7.451566e+00
7.456033e+00
7.460500e+00
7.464967e+00
7.469433e+00
7.473900e+00
7.478367e+00
7.482834e+00
7.487301e+00
7.491768e+00
7.496234e+00
7.500701e+00
7.505169e+00
7.509635e+00
7.514102e+00
7.518569e+00
7.523035e+00
7.527503e+00
7.531970e+00
7.536436e+00
7.540903e+00
7.545370e+00
7.549836e+00
7.554304e+00
7.558771e+00
7.563237e+00
7.567704e+00
7.572171e+00
7.576638e+00
7.581105e+00
7.585572e+00
7.590038e+00
7.594505e+00
7.598972e+00
7.603439e+00
7.607906e+00
7.612373e+00
7.616839e+00
7.621306e+00
7.625774e+00
7.630240e+00
7.634707e+00
7.639174e+00
7.643640e+00
7.648107e+00
7.652575e+00
7.657041e+00
7.661508e+00
7.665975e+00
7.670441e+00
7.674909e+00
7.679376e+00
7.683842e+00
7.688309e+00
7.692776e+00
7.697242e+00
7.701710e+00
7.706177e+00
7.710643e+00
7.715110e+00
7.719577e+00
7.724044e+00
7.728511e+00
7.732978e+00
7.737444e+00
7.741911e+00
7.746378e+00
7.750845e+00
7.755312e+00
7.759779e+00
7.764245e+00
7.768712e+00
7.773180e+00
7.777646e+00
7.782113e+00
7.786580e+00
7.791046e+00
7.795514e+00
7.799981e+00
7.804447e+00
7.808914e+00
7.813381e+00
7.817847e+00
7.822315e+00
7.826782e+00
7.831248e+00
7.835715e+00
7.840182e+00
7.844649e+00
7.849116e+00
7.853583e+00
7.858049e+00
7.862516e+00
7.866982e+00
7.871450e+00
7.875917e+00
7.880383e+00
7.884850e+00
7.889317e+00
7.893784e+00
7.898251e+00
7.902718e+00
7.907184e+00
7.911651e+00
7.916118e+00
7.920585e+00
7.925052e+00
7.929519e+00
7.933985e+00
7.938452e+00
7.942920e+00
7.947386e+00
7.951853e+00
7.956320e+00
7.960786e+00
7.965254e+00
7.969721e+00
7.974187e+00
7.978654e+00
7.983121e+00
7.987587e+00
7.992055e+00
7.996522e+00
8.000988e+00
8.005455e+00
8.009922e+00
8.014389e+00
8.018856e+00
8.023323e+00
8.027789e+00
8.032256e+00
8.036723e+00
8.041190e+00
8.045657e+00
8.050124e+00
8.054590e+00
8.059057e+00
8.063524e+00
8.067991e+00
8.072458e+00
8.076925e+00
8.081391e+00
8.085858e+00
8.090326e+00
8.094792e+00
8.099259e+00
8.103726e+00
8.108192e+00
8.112660e+00
8.117127e+00
8.121593e+00
8.126060e+00
8.130527e+00
8.134993e+00
8.139461e+00
8.143928e+00
8.148394e+00
8.152861e+00
8.157328e+00
8.161795e+00
8.166262e+00
8.170729e+00
8.175195e+00
8.179662e+00
8.184129e+00
8.188596e+00
8.193063e+00
8.197530e+00
8.201996e+00
8.206463e+00
8.210931e+00
8.215397e+00
8.219864e+00
8.224331e+00
8.228797e+00
8.233265e+00
8.237732e+00
8.242198e+00
8.246665e+00
8.251132e+00
8.255598e+00
8.260066e+00
8.264533e+00
8.268999e+00
8.273466e+00
8.277933e+00
8.282400e+00
8.286867e+00
8.291334e+00
8.295800e+00
8.300267e+00
8.304734e+00
8.309201e+00
8.313668e+00
8.318135e+00
8.322601e+00
8.327068e+00
8.331536e+00
8.336002e+00
8.340469e+00
8.344936e+00
8.349402e+00
8.353869e+00
8.358337e+00
8.362803e+00
8.367270e+00
8.371737e+00
8.376203e+00
8.380671e+00
8.385138e+00
8.389604e+00
8.394071e+00
8.398538e+00
8.403004e+00
8.407472e+00
8.411939e+00
8.416405e+00
8.420872e+00
8.425339e+00
8.429806e+00
8.434273e+00
8.438740e+00
8.443206e+00
8.447673e+00
8.452140e+00
8.456607e+00
8.461074e+00
8.465541e+00
8.470007e+00
8.474474e+00
8.478942e+00
8.483408e+00
8.487875e+00
8.492342e+00
8.496808e+00
8.501275e+00
8.505743e+00
8.510209e+00
8.514676e+00
8.519143e+00
8.523609e+00
8.528077e+00
8.532544e+00
8.537010e+00
8.541477e+00
8.545944e+00
8.550411e+00
8.554878e+00
8.559345e+00
8.563811e+00
8.568278e+00
8.572745e+00
8.577212e+00
8.581679e+00
8.586146e+00
8.590612e+00
8.595079e+00
8.599547e+00
8.604013e+00
8.608480e+00
8.612947e+00
8.617413e+00
8.621880e+00
8.626348e+00
8.630814e+00
8.635281e+00
8.639748e+00
8.644214e+00
8.648682e+00
8.653149e+00
8.657615e+00
8.662082e+00
8.666549e+00
8.671016e+00
8.675483e+00
8.679950e+00
8.684416e+00
8.688883e+00
8.693350e+00
8.697817e+00
8.702284e+00
8.706751e+00
8.711217e+00
8.715684e+00
8.720152e+00
8.724618e+00
8.729085e+00
8.733552e+00
8.738018e+00
8.742485e+00
8.746953e+00
8.751419e+00
8.755886e+00
8.760353e+00
8.764819e+00
8.769287e+00
8.773754e+00
8.778220e+00
8.782687e+00
8.787154e+00
8.791620e+00
8.796088e+00
8.800555e+00
8.805021e+00
8.809488e+00
8.813955e+00
8.818422e+00
8.822889e+00
8.827356e+00
8.831822e+00
8.836289e+00
8.840756e+00
8.845223e+00
8.849690e+00
8.854157e+00
8.858623e+00
8.863090e+00
8.867558e+00
8.872024e+00
8.876491e+00
8.880958e+00
8.885424e+00
8.889891e+00
8.894359e+00
8.898825e+00
8.903292e+00
8.907759e+00
8.912225e+00
8.916693e+00
8.921160e+00
8.925626e+00
8.930093e+00
8.934560e+00
8.939026e+00
8.943494e+00
8.947961e+00
8.952427e+00
8.956894e+00
8.961361e+00
8.965828e+00
8.970295e+00
8.974762e+00
8.979228e+00
8.983695e+00
8.988414e+00
8.993133e+00
8.997851e+00
9.002570e+00
9.007288e+00
9.012007e+00
9.016725e+00
9.021444e+00
9.026163e+00
9.030881e+00
9.035600e+00
9.040318e+00
9.045037e+00
9.049756e+00
9.054474e+00
9.059193e+00
9.063911e+00
9.068630e+00
9.073348e+00
9.078068e+00
9.082786e+00
9.087504e+00
9.092223e+00
9.096941e+00
9.101660e+00
9.106378e+00
9.111098e+00
9.115816e+00
9.120534e+00
9.125253e+00
9.129971e+00
9.134690e+00
9.139409e+00
9.144128e+00
9.148846e+00
9.153564e+00
9.158283e+00
9.163001e+00
9.167721e+00
9.172439e+00
9.177158e+00
9.181876e+00
9.186594e+00
9.191313e+00
9.196032e+00
9.200751e+00
9.205469e+00
9.210188e+00
9.214906e+00
9.219624e+00
9.224343e+00
9.229062e+00
9.233781e+00
9.238499e+00
9.243218e+00
9.247936e+00
9.252655e+00
9.257374e+00
9.262092e+00
9.266811e+00
9.271529e+00
9.276248e+00
9.280966e+00
9.285685e+00
9.290404e+00
9.295122e+00
9.299841e+00
9.304559e+00
9.309278e+00
9.313997e+00
9.318715e+00
9.323434e+00
9.328152e+00
9.332871e+00
9.337589e+00
9.342308e+00
9.347027e+00
9.351745e+00
9.356464e+00
9.361182e+00
9.365901e+00
9.370620e+00
9.375339e+00
9.380057e+00
9.384776e+00
9.389494e+00
9.394212e+00
9.398931e+00
9.403650e+00
9.408369e+00
9.413087e+00
9.417806e+00
9.422524e+00
9.427242e+00
9.431962e+00
9.436680e+00
9.441399e+00
9.446117e+00
9.450836e+00
9.455554e+00
9.460273e+00
9.464992e+00
9.469710e+00
9.474429e+00
9.479147e+00
9.483866e+00
9.488584e+00
9.493303e+00
9.498022e+00
9.502740e+00
9.507459e+00
9.512177e+00
9.516896e+00
9.521615e+00
9.526333e+00
9.531052e+00
9.535770e+00
9.540489e+00
9.545207e+00
9.549927e+00
9.554645e+00
9.559363e+00
9.564082e+00
9.568800e+00
9.573519e+00
9.578238e+00
9.582957e+00
9.587675e+00
9.592393e+00
9.597112e+00
9.601830e+00
9.606549e+00
9.611268e+00
9.615987e+00
9.620705e+00
9.625423e+00
9.630142e+00
9.634860e+00
9.639580e+00
9.644298e+00
9.649017e+00
9.653735e+00
9.658453e+00
9.663172e+00
9.667891e+00
9.672610e+00
9.677328e+00
9.682047e+00
9.686765e+00
9.691483e+00
9.696203e+00
9.700921e+00
9.705640e+00
9.710358e+00
9.715077e+00
9.719795e+00
9.724514e+00
9.729233e+00
9.733951e+00
9.738670e+00
9.743388e+00
9.748107e+00
9.752825e+00
9.757544e+00
9.762263e+00
9.766981e+00
9.771700e+00
9.776418e+00
9.781137e+00
9.785856e+00
9.790574e+00
9.795293e+00
9.800011e+00
9.804730e+00
9.809448e+00
9.814168e+00
9.818886e+00
9.823604e+00
9.828323e+00
9.833041e+00
9.837760e+00
9.842479e+00
9.847198e+00
9.851916e+00
9.856634e+00
9.861353e+00
9.866071e+00
9.870790e+00
9.875509e+00
9.880228e+00
9.884946e+00
9.889664e+00
9.894383e+00
9.899101e+00
9.903821e+00
9.908539e+00
9.913258e+00
9.917976e+00
9.922694e+00
9.927413e+00
9.932132e+00
9.936851e+00
9.941569e+00
9.946288e+00
9.951006e+00
9.955724e+00
9.960444e+00
9.965162e+00
9.969881e+00
9.974599e+00
9.979318e+00
9.984036e+00
9.988759e+00
9.993470e+00
9.998190e+00
1.000291e+01
1.000763e+01
1.001235e+01
1.001707e+01
1.002178e+01
1.002650e+01
1.003122e+01
1.003594e+01
1.004066e+01
1.004538e+01
1.005010e+01
1.005481e+01
1.005953e+01
1.006425e+01
1.006897e+01
1.007369e+01
1.007841e+01
1.008312e+01
1.008784e+01
1.009256e+01
1.009728e+01
1.010200e+01
1.010672e+01
1.011143e+01
1.011615e+01
1.012087e+01
1.012559e+01
1.013031e+01
1.013503e+01
1.013975e+01
1.014446e+01
1.014919e+01
1.015391e+01
1.015863e+01
1.016335e+01
1.016807e+01
1.017278e+01
1.017750e+01
1.018222e+01
1.018694e+01
1.019166e+01
1.019638e+01
1.020109e+01
1.020581e+01
1.021053e+01
1.021525e+01
1.021997e+01
1.022469e+01
1.022941e+01
1.023412e+01
1.023884e+01
1.024356e+01
1.024828e+01
1.025300e+01
1.025772e+01
1.026243e+01
1.026715e+01
1.027187e+01
1.027659e+01
1.028131e+01
1.028603e+01
1.029074e+01
1.029546e+01
1.030018e+01
1.030490e+01
1.030962e+01
1.031434e+01
1.031906e+01
1.032377e+01
1.032849e+01
1.033321e+01
1.033793e+01
1.034265e+01
1.034737e+01
1.035208e+01
1.035680e+01
1.036152e+01
1.036624e+01
1.037096e+01
1.037568e+01
1.038040e+01
1.038511e+01
1.038983e+01
1.039455e+01
1.039927e+01
1.040399e+01
1.040871e+01
1.041342e+01
1.041814e+01
1.042286e+01
1.042758e+01
1.043230e+01
1.043702e+01
1.044174e+01
1.044646e+01
1.045118e+01
1.045590e+01
1.046062e+01
1.046534e+01
1.047006e+01
1.047477e+01
1.047949e+01
1.048421e+01
1.048893e+01
1.049365e+01
1.049837e+01
1.050308e+01
1.050780e+01
1.051252e+01
1.051724e+01
1.052196e+01
1.052668e+01
1.053139e+01
1.053611e+01
1.054083e+01
1.054555e+01
1.055027e+01
1.055499e+01
1.055971e+01
1.056442e+01
1.056914e+01
1.057386e+01
1.057858e+01
1.058330e+01
1.058802e+01
1.059273e+01
1.059745e+01
1.060217e+01
1.060689e+01
1.061161e+01
1.061633e+01
1.062105e+01
1.062576e+01
1.063048e+01
1.063520e+01
1.063992e+01
1.064464e+01
1.064936e+01
1.065407e+01
1.065879e+01
1.066351e+01
1.066823e+01
1.067295e+01
1.067767e+01
1.068238e+01
1.068710e+01
1.069182e+01
1.069654e+01
1.070126e+01
1.070598e+01
1.071070e+01
1.071541e+01
1.072013e+01
1.072485e+01
1.072957e+01
1.073429e+01
1.073902e+01
1.074373e+01
1.074845e+01
1.075317e+01
1.075789e+01
1.076261e+01
1.076733e+01
1.077204e+01
1.077676e+01
1.078148e+01
1.078620e+01
1.079092e+01
1.079564e+01
1.080036e+01
1.080507e+01
1.080979e+01
1.081451e+01
1.081923e+01
1.082395e+01
1.082867e+01
1.083338e+01
1.083810e+01
1.084282e+01
1.084754e+01
1.085226e+01
1.085698e+01
1.086169e+01
1.086641e+01
1.087113e+01
1.087585e+01
1.088057e+01
1.088529e+01
1.089001e+01
1.089472e+01
1.089944e+01
1.090416e+01
1.090888e+01
1.091360e+01
1.091832e+01
1.092303e+01
1.092775e+01
1.093247e+01
1.093719e+01
1.094191e+01
1.094663e+01
1.095135e+01
1.095606e+01
1.096078e+01
1.096550e+01
1.097022e+01
1.097494e+01
1.097966e+01
1.098437e+01
1.098909e+01
1.099381e+01
1.099853e+01
1.100325e+01
1.100797e+01
1.101268e+01
1.101740e+01
1.102212e+01
1.102684e+01
1.103157e+01
1.103628e+01
1.104101e+01
1.104572e+01
1.105044e+01
1.105516e+01
1.105988e+01
1.106460e+01
1.106932e+01
1.107403e+01
1.107875e+01
1.108347e+01
1.108819e+01
1.109291e+01
1.109763e+01
1.110234e+01
1.110706e+01
1.111178e+01
1.111650e+01
1.112122e+01
1.112594e+01
1.113066e+01
1.113537e+01
1.114009e+01
1.114481e+01
1.114953e+01
1.115425e+01
1.115897e+01
1.116368e+01
1.116840e+01
1.117312e+01
1.117784e+01
1.118256e+01
1.118728e+01
1.119199e+01
1.119671e+01
1.120143e+01
1.120615e+01
1.121087e+01
1.121559e+01
1.122031e+01
1.122502e+01
1.122974e+01
1.123446e+01
1.123918e+01
1.124390e+01
1.124862e+01
1.125333e+01
