1.560067e-03
1.541699e-03
1.523333e-03
1.504966e-03
1.486599e-03
1.468233e-03
1.449865e-03
1.431498e-03
1.413132e-03
1.394765e-03
1.376397e-03
1.358031e-03
1.339664e-03
1.321297e-03
1.302931e-03
1.284563e-03
1.266196e-03
1.247830e-03
1.229463e-03
1.211095e-03
1.192729e-03
1.174362e-03
1.155995e-03
1.137629e-03
1.119261e-03
1.100894e-03
1.082528e-03
1.064161e-03
1.045793e-03
1.027427e-03
1.009060e-03
1.117057e-03
1.225054e-03
1.333051e-03
1.441048e-03
1.549045e-03
1.657042e-03
1.765039e-03
1.873036e-03
1.981033e-03
2.089030e-03
2.197027e-03
2.305024e-03
2.413021e-03
2.521018e-03
2.629015e-03
2.737012e-03
2.845009e-03
2.953006e-03
3.061003e-03
3.169000e-03
3.215230e-03
3.261460e-03
3.307690e-03
3.353920e-03
3.400150e-03
3.446380e-03
3.492610e-03
3.538840e-03
3.585070e-03
3.631300e-03
3.677530e-03
3.723760e-03
3.769990e-03
3.816220e-03
3.862450e-03
3.908680e-03
3.954910e-03
4.001140e-03
3.964075e-03
4.093600e-03
4.223125e-03
4.352649e-03
4.482173e-03
4.611698e-03
4.741222e-03
4.870747e-03
5.000271e-03
5.129795e-03
5.259320e-03
5.388845e-03
5.518369e-03
5.647893e-03
5.777418e-03
5.906942e-03
6.036467e-03
6.165991e-03
6.295515e-03
6.425040e-03
6.554565e-03
6.684089e-03
6.813613e-03
6.943138e-03
7.072662e-03
7.202187e-03
7.331711e-03
7.461235e-03
7.590760e-03
7.720285e-03
7.849809e-03
7.979333e-03
8.101380e-03
8.223427e-03
8.345473e-03
8.467520e-03
8.589567e-03
8.711613e-03
8.833660e-03
8.955707e-03
9.077753e-03
9.199800e-03
9.321847e-03
9.443893e-03
9.565940e-03
9.687987e-03
9.810033e-03
9.932080e-03
1.005413e-02
1.017617e-02
1.029822e-02
1.042027e-02
1.054231e-02
1.066436e-02
1.078641e-02
1.090845e-02
1.103050e-02
1.115255e-02
1.127459e-02
1.139664e-02
1.151869e-02
1.164073e-02
1.176278e-02
1.188483e-02
1.200687e-02
1.212892e-02
1.225097e-02
1.237301e-02
1.249506e-02
1.261711e-02
1.273915e-02
1.286120e-02
1.298325e-02
1.310529e-02
1.322734e-02
1.334939e-02
1.347143e-02
1.359348e-02
1.371553e-02
1.383757e-02
1.395962e-02
1.408167e-02
1.421735e-02
1.435304e-02
1.448873e-02
1.462441e-02
1.476010e-02
1.489579e-02
1.503147e-02
1.516716e-02
1.530285e-02
1.543853e-02
1.557422e-02
1.570991e-02
1.584559e-02
1.598128e-02
1.611697e-02
1.625265e-02
1.638834e-02
1.652403e-02
1.665971e-02
1.679540e-02
1.693109e-02
1.706677e-02
1.720246e-02
1.733815e-02
1.747383e-02
1.760952e-02
1.774521e-02
1.788089e-02
1.801658e-02
1.815227e-02
1.828795e-02
1.842364e-02
1.855933e-02
1.869501e-02
1.883070e-02
1.896639e-02
1.910207e-02
1.923776e-02
1.937345e-02
1.950913e-02
1.964482e-02
1.978051e-02
1.991619e-02
2.005188e-02
2.018757e-02
2.032325e-02
2.045894e-02
2.059463e-02
2.073031e-02
2.086600e-02
2.090587e-02
2.094575e-02
2.098562e-02
2.102549e-02
2.106537e-02
2.110524e-02
2.114511e-02
2.118499e-02
2.122486e-02
2.126473e-02
2.130461e-02
2.134448e-02
2.138435e-02
2.142423e-02
2.146410e-02
2.150397e-02
2.154385e-02
2.158372e-02
2.162359e-02
2.166347e-02
2.170334e-02
2.174321e-02
2.178309e-02
2.182296e-02
2.186283e-02
2.190271e-02
2.194258e-02
2.198245e-02
2.202233e-02
2.206220e-02
2.210207e-02
2.214195e-02
2.218182e-02
2.222169e-02
2.226157e-02
2.230144e-02
2.234131e-02
2.238119e-02
2.242106e-02
2.246093e-02
2.250081e-02
2.254068e-02
2.258055e-02
2.262043e-02
2.266030e-02
2.270017e-02
2.274005e-02
2.277992e-02
2.281979e-02
2.285967e-02
2.289954e-02
2.293941e-02
2.297929e-02
2.301916e-02
2.305903e-02
2.309891e-02
2.313878e-02
2.317865e-02
2.321853e-02
2.325840e-02
2.329827e-02
2.333815e-02
2.337802e-02
2.341789e-02
2.345777e-02
2.349764e-02
2.353751e-02
2.357739e-02
2.361726e-02
2.365713e-02
2.369701e-02
2.373688e-02
2.377675e-02
2.381663e-02
2.385650e-02
2.389637e-02
2.393625e-02
2.397612e-02
2.401599e-02
2.405587e-02
2.409574e-02
2.413561e-02
2.417549e-02
2.421536e-02
2.425523e-02
2.429511e-02
2.433498e-02
2.437485e-02
2.441473e-02
2.445460e-02
2.449447e-02
2.453435e-02
2.457422e-02
2.461409e-02
2.465397e-02
2.469384e-02
2.473371e-02
2.477359e-02
2.481346e-02
2.485333e-02
2.491932e-02
2.498530e-02
2.505128e-02
2.511727e-02
2.518325e-02
2.524923e-02
2.531522e-02
2.538120e-02
2.544718e-02
2.551317e-02
2.557915e-02
2.564513e-02
2.571112e-02
2.577710e-02
2.584308e-02
2.590907e-02
2.597505e-02
2.604103e-02
2.610702e-02
2.617300e-02
2.623898e-02
2.630497e-02
2.637095e-02
2.643693e-02
2.650292e-02
2.656890e-02
2.663488e-02
2.670087e-02
2.676685e-02
2.683283e-02
2.689882e-02
2.696480e-02
2.703078e-02
2.709677e-02
2.716275e-02
2.722873e-02
2.729472e-02
2.736070e-02
2.742668e-02
2.749267e-02
2.755865e-02
2.762463e-02
2.769062e-02
2.775660e-02
2.782258e-02
2.788857e-02
2.795455e-02
2.802053e-02
2.808652e-02
2.815250e-02
2.821848e-02
2.828447e-02
2.835045e-02
2.841643e-02
2.848242e-02
2.854840e-02
2.861438e-02
2.868037e-02
2.874635e-02
2.881233e-02
2.887832e-02
2.894430e-02
2.901028e-02
2.907627e-02
2.914225e-02
2.920823e-02
2.927422e-02
2.934020e-02
2.940618e-02
2.947217e-02
2.953815e-02
2.960413e-02
2.967012e-02
2.973610e-02
2.980208e-02
2.986807e-02
2.993405e-02
3.000003e-02
3.006602e-02
3.013200e-02
3.019798e-02
3.026397e-02
3.032995e-02
3.039593e-02
3.046192e-02
3.052790e-02
3.059388e-02
3.065987e-02
3.072585e-02
3.079183e-02
3.085782e-02
3.092380e-02
3.098978e-02
3.105577e-02
3.112175e-02
3.118773e-02
3.125372e-02
3.131970e-02
3.138568e-02
3.145167e-02
3.156602e-02
3.168037e-02
3.179473e-02
3.190908e-02
3.202343e-02
3.213779e-02
3.225214e-02
3.236649e-02
3.248085e-02
3.259520e-02
3.270955e-02
3.282391e-02
3.293826e-02
3.305261e-02
3.316697e-02
3.328132e-02
3.339567e-02
3.351003e-02
3.362438e-02
3.373873e-02
3.385309e-02
3.396744e-02
3.408179e-02
3.419615e-02
3.431050e-02
3.442485e-02
3.453921e-02
3.465356e-02
3.476791e-02
3.488227e-02
3.499662e-02
3.511097e-02
3.522533e-02
3.533968e-02
3.545403e-02
3.556839e-02
3.568274e-02
3.579709e-02
3.591145e-02
3.602580e-02
3.614015e-02
3.625451e-02
3.636886e-02
3.648321e-02
3.659757e-02
3.671192e-02
3.682627e-02
3.694063e-02
3.705498e-02
3.716933e-02
3.728369e-02
3.739804e-02
3.751239e-02
3.762675e-02
3.774110e-02
3.785545e-02
3.796981e-02
3.808416e-02
3.819851e-02
3.831287e-02
3.842722e-02
3.854157e-02
3.865593e-02
3.877028e-02
3.888463e-02
3.899899e-02
3.911334e-02
3.922769e-02
3.934205e-02
3.945640e-02
3.957075e-02
3.968511e-02
3.979946e-02
3.991381e-02
4.002817e-02
4.014252e-02
4.025687e-02
4.037123e-02
4.048558e-02
4.059993e-02
4.071429e-02
4.082864e-02
4.094299e-02
4.105735e-02
4.117170e-02
4.128605e-02
4.140041e-02
4.151476e-02
4.162911e-02
4.174347e-02
4.185782e-02
4.197217e-02
4.208653e-02
4.220088e-02
4.231523e-02
4.242959e-02
4.254394e-02
4.265829e-02
4.277265e-02
4.288700e-02
4.300135e-02
4.311571e-02
4.323006e-02
4.334441e-02
4.345877e-02
4.357312e-02
4.368747e-02
4.380183e-02
4.391618e-02
4.403053e-02
4.414489e-02
4.425924e-02
4.437359e-02
4.448795e-02
4.460230e-02
4.471665e-02
4.483101e-02
4.494536e-02
4.505971e-02
4.517407e-02
4.528842e-02
4.540277e-02
4.551713e-02
4.563148e-02
4.574583e-02
4.586019e-02
4.597454e-02
4.608889e-02
4.620325e-02
4.631760e-02
4.643195e-02
4.654631e-02
4.666066e-02
4.677501e-02
4.688937e-02
4.700372e-02
4.711807e-02
4.723243e-02
4.734678e-02
4.746113e-02
4.757549e-02
4.768984e-02
4.780419e-02
4.791855e-02
4.803290e-02
4.814725e-02
4.826161e-02
4.837596e-02
4.849031e-02
4.860467e-02
4.871902e-02
4.883337e-02
4.894773e-02
4.906208e-02
4.917643e-02
4.929079e-02
4.940514e-02
4.951949e-02
4.963385e-02
4.974820e-02
4.986255e-02
4.997691e-02
5.009126e-02
5.020561e-02
5.031997e-02
5.043432e-02
5.054867e-02
5.066303e-02
5.077738e-02
5.089173e-02
5.100609e-02
5.112044e-02
5.123479e-02
5.134915e-02
5.146350e-02
5.157785e-02
5.169221e-02
5.180656e-02
5.192091e-02
5.203527e-02
5.214962e-02
5.226397e-02
5.237833e-02
5.249268e-02
5.260703e-02
5.272139e-02
5.283574e-02
5.295009e-02
5.306445e-02
5.317880e-02
5.329315e-02
5.340751e-02
5.352186e-02
5.363621e-02
5.375057e-02
5.386492e-02
5.397927e-02
5.409363e-02
5.420798e-02
5.432233e-02
5.445668e-02
5.459103e-02
5.472538e-02
5.485973e-02
5.499408e-02
5.512843e-02
5.526278e-02
5.539713e-02
5.553148e-02
5.566583e-02
5.580018e-02
5.593453e-02
5.606888e-02
5.620323e-02
5.633758e-02
5.647193e-02
5.660628e-02
5.674063e-02
5.687498e-02
5.700933e-02
5.714368e-02
5.727803e-02
5.741238e-02
5.754673e-02
5.768108e-02
5.781543e-02
5.794978e-02
5.808413e-02
5.821848e-02
5.835283e-02
5.848718e-02
5.862153e-02
5.875588e-02
5.889023e-02
5.902458e-02
5.915893e-02
5.929328e-02
5.942763e-02
5.956198e-02
5.969633e-02
5.983068e-02
5.996503e-02
6.009938e-02
6.023373e-02
6.036808e-02
6.050243e-02
6.063678e-02
6.077113e-02
6.090548e-02
6.103983e-02
6.117418e-02
6.130853e-02
6.144288e-02
6.157723e-02
6.171158e-02
6.184593e-02
6.198028e-02
6.211463e-02
6.224898e-02
6.238333e-02
6.251768e-02
6.265203e-02
6.278638e-02
6.292073e-02
6.305508e-02
6.318943e-02
6.332378e-02
6.345813e-02
6.359248e-02
6.372683e-02
6.386118e-02
6.399553e-02
6.412988e-02
6.426423e-02
6.439858e-02
6.453293e-02
6.466728e-02
6.480163e-02
6.493598e-02
6.507033e-02
6.520468e-02
6.533903e-02
6.547338e-02
6.560773e-02
6.574208e-02
6.587643e-02
6.601078e-02
6.614513e-02
6.627948e-02
6.641383e-02
6.654818e-02
6.668253e-02
6.681688e-02
6.695123e-02
6.708558e-02
6.721993e-02
6.735428e-02
6.748863e-02
6.762298e-02
6.775733e-02
6.873519e-02
6.971305e-02
7.069092e-02
7.166878e-02
7.264664e-02
7.362450e-02
7.460236e-02
7.558022e-02
7.655809e-02
7.753595e-02
7.851381e-02
7.949167e-02
8.046953e-02
8.144740e-02
8.242526e-02
8.340312e-02
8.438098e-02
8.535884e-02
8.633671e-02
8.731457e-02
8.829243e-02
8.927029e-02
9.024815e-02
9.122601e-02
9.220388e-02
9.318174e-02
9.415960e-02
9.513746e-02
9.611532e-02
9.709319e-02
9.807105e-02
9.904891e-02
1.000268e-01
1.010046e-01
1.019825e-01
1.029604e-01
1.039382e-01
1.049161e-01
1.058939e-01
1.068718e-01
1.078497e-01
1.088275e-01
1.098054e-01
1.107833e-01
1.117611e-01
1.127390e-01
1.137168e-01
1.146947e-01
1.156726e-01
1.166504e-01
1.176283e-01
1.186061e-01
1.195840e-01
1.205619e-01
1.215397e-01
1.225176e-01
1.234955e-01
1.244733e-01
1.254512e-01
1.264290e-01
1.274069e-01
1.283848e-01
1.293626e-01
1.303405e-01
1.313183e-01
1.322962e-01
1.332741e-01
1.342519e-01
1.352298e-01
1.362077e-01
1.371855e-01
1.381634e-01
1.391412e-01
1.401191e-01
1.410970e-01
1.420748e-01
1.430527e-01
1.440306e-01
1.450084e-01
1.459863e-01
1.469641e-01
1.479420e-01
1.489199e-01
1.498977e-01
1.508756e-01
1.518534e-01
1.528313e-01
1.538092e-01
1.547870e-01
1.557649e-01
1.567428e-01
1.577206e-01
1.586985e-01
1.596763e-01
1.606542e-01
1.616321e-01
1.626099e-01
1.635878e-01
1.645657e-01
1.655435e-01
1.665214e-01
1.674992e-01
1.684771e-01
1.694550e-01
1.704328e-01
1.714107e-01
1.723885e-01
1.733664e-01
1.743443e-01
1.753221e-01
1.763000e-01
1.772779e-01
1.782557e-01
1.792336e-01
1.802114e-01
1.811893e-01
1.821672e-01
1.831450e-01
1.841229e-01
1.851008e-01
1.860786e-01
1.870565e-01
1.880343e-01
1.890122e-01
1.899901e-01
1.909679e-01
1.919458e-01
1.929236e-01
1.939015e-01
1.948794e-01
1.958572e-01
1.968351e-01
1.978130e-01
1.987908e-01
1.997687e-01
2.007465e-01
2.017244e-01
2.027023e-01
2.036801e-01
2.046580e-01
2.056358e-01
2.066137e-01
2.075916e-01
2.085694e-01
2.095473e-01
2.105252e-01
2.115030e-01
2.124809e-01
2.134587e-01
2.144366e-01
2.154145e-01
2.163923e-01
2.173702e-01
2.183481e-01
2.193259e-01
2.203038e-01
2.212816e-01
2.222595e-01
2.232374e-01
2.242152e-01
2.251931e-01
2.261709e-01
2.271488e-01
2.281267e-01
2.291045e-01
2.300824e-01
2.310603e-01
2.320381e-01
2.330160e-01
2.339938e-01
2.349717e-01
2.359496e-01
2.369274e-01
2.379053e-01
2.388832e-01
2.398610e-01
2.408389e-01
2.418167e-01
2.427946e-01
2.437725e-01
2.447503e-01
2.457282e-01
2.467060e-01
2.476839e-01
2.486618e-01
2.496396e-01
2.506175e-01
2.515954e-01
2.525732e-01
2.535511e-01
2.545289e-01
2.555068e-01
2.564847e-01
2.574625e-01
2.584404e-01
2.594183e-01
2.603961e-01
2.613740e-01
2.623518e-01
2.633297e-01
2.643076e-01
2.652854e-01
2.662633e-01
2.672411e-01
2.682190e-01
2.691969e-01
2.701747e-01
2.711526e-01
2.721305e-01
2.731083e-01
2.740862e-01
2.750640e-01
2.760419e-01
2.770198e-01
2.779976e-01
2.789755e-01
2.799533e-01
2.809312e-01
2.819091e-01
2.828869e-01
2.838648e-01
2.848427e-01
2.858205e-01
2.867984e-01
2.877762e-01
2.887541e-01
2.897320e-01
2.907098e-01
2.916877e-01
2.926656e-01
2.936434e-01
2.946213e-01
2.955991e-01
2.965770e-01
2.975549e-01
2.985327e-01
2.995106e-01
3.004884e-01
3.014663e-01
3.024442e-01
3.034220e-01
3.043999e-01
3.053778e-01
3.063556e-01
3.073335e-01
3.083113e-01
3.092892e-01
3.102671e-01
3.112449e-01
3.122228e-01
3.132007e-01
3.141785e-01
3.151564e-01
3.161342e-01
3.171121e-01
3.180900e-01
3.190678e-01
3.200457e-01
3.210235e-01
3.220014e-01
3.229793e-01
3.239571e-01
3.249350e-01
3.259129e-01
3.268907e-01
3.278686e-01
3.288464e-01
3.298243e-01
3.308022e-01
3.317800e-01
3.327579e-01
3.337358e-01
3.347136e-01
3.356915e-01
3.366693e-01
3.376472e-01
3.386251e-01
3.396029e-01
3.405808e-01
3.415586e-01
3.425365e-01
3.435144e-01
3.444922e-01
3.454701e-01
3.464480e-01
3.474258e-01
3.484037e-01
3.493815e-01
3.503594e-01
3.513373e-01
3.523151e-01
3.532930e-01
3.542708e-01
3.552487e-01
3.562266e-01
3.572044e-01
3.581823e-01
3.591602e-01
3.601380e-01
3.611159e-01
3.620937e-01
3.630716e-01
3.640495e-01
3.650273e-01
3.660052e-01
3.669831e-01
3.679609e-01
3.689388e-01
3.699166e-01
3.708945e-01
3.718724e-01
3.728502e-01
3.738281e-01
3.748059e-01
3.757838e-01
3.767617e-01
3.777395e-01
3.787174e-01
3.796953e-01
3.806731e-01
3.816510e-01
3.826288e-01
3.836067e-01
3.845846e-01
3.855624e-01
3.865403e-01
3.875182e-01
3.884960e-01
3.894739e-01
3.904517e-01
3.914296e-01
3.924075e-01
3.933853e-01
3.943632e-01
3.953410e-01
3.963189e-01
3.972968e-01
3.982746e-01
3.992525e-01
4.002304e-01
4.012082e-01
4.021861e-01
4.031639e-01
4.041418e-01
4.051197e-01
4.060975e-01
4.070754e-01
4.080533e-01
4.090311e-01
4.100090e-01
4.109868e-01
4.119647e-01
4.129426e-01
4.139204e-01
4.148983e-01
4.158761e-01
4.168540e-01
4.178319e-01
4.188097e-01
4.197876e-01
4.207655e-01
4.217433e-01
4.227212e-01
4.236990e-01
4.246769e-01
4.256548e-01
4.266326e-01
4.276105e-01
4.285883e-01
4.295662e-01
4.305441e-01
4.315219e-01
4.324998e-01
4.334777e-01
4.344555e-01
4.354334e-01
4.364112e-01
4.373891e-01
4.383670e-01
4.393448e-01
4.403227e-01
4.413006e-01
4.422784e-01
4.432563e-01
4.442341e-01
4.452120e-01
4.461899e-01
4.471677e-01
4.481456e-01
4.491234e-01
4.501013e-01
4.510792e-01
4.520570e-01
4.530349e-01
4.540128e-01
4.549906e-01
4.559685e-01
4.569463e-01
4.579242e-01
4.589021e-01
4.598799e-01
4.608578e-01
4.618357e-01
4.628135e-01
4.637914e-01
4.647692e-01
4.657471e-01
4.666162e-01
4.674854e-01
4.683545e-01
4.692236e-01
4.700927e-01
4.709619e-01
4.718310e-01
4.727001e-01
4.735692e-01
4.744384e-01
4.753075e-01
4.761766e-01
4.770457e-01
4.779149e-01
4.787840e-01
4.796531e-01
4.805222e-01
4.813914e-01
4.822605e-01
4.831296e-01
4.839987e-01
4.848678e-01
4.857370e-01
4.866061e-01
4.874752e-01
4.883443e-01
4.892135e-01
4.900826e-01
4.909517e-01
4.918208e-01
4.926900e-01
4.935591e-01
4.944282e-01
4.952973e-01
4.961665e-01
4.970356e-01
4.979047e-01
4.987738e-01
4.996430e-01
5.005121e-01
5.013812e-01
5.022503e-01
5.031195e-01
5.039886e-01
5.048577e-01
5.057268e-01
5.065960e-01
5.074651e-01
5.083342e-01
5.092033e-01
5.100725e-01
5.109416e-01
5.118107e-01
5.126798e-01
5.135490e-01
5.144181e-01
5.152872e-01
5.161563e-01
5.170255e-01
5.178946e-01
5.187637e-01
5.196328e-01
5.205020e-01
5.213711e-01
5.222402e-01
5.231093e-01
5.239784e-01
5.248476e-01
5.257167e-01
5.265858e-01
5.274549e-01
5.283241e-01
5.291932e-01
5.300623e-01
5.309314e-01
5.318006e-01
5.326697e-01
5.335388e-01
5.344079e-01
5.352771e-01
5.361462e-01
5.370153e-01
5.378844e-01
5.387536e-01
5.396227e-01
5.404918e-01
5.413609e-01
5.422301e-01
5.430992e-01
5.439683e-01
5.448374e-01
5.457066e-01
5.465757e-01
5.474448e-01
5.483139e-01
5.491831e-01
5.500522e-01
5.509213e-01
5.517904e-01
5.526596e-01
5.556602e-01
5.586609e-01
5.616616e-01
5.646623e-01
5.676629e-01
5.706637e-01
5.736643e-01
5.766650e-01
5.796657e-01
5.826664e-01
5.856670e-01
5.886677e-01
5.916684e-01
5.946690e-01
5.976698e-01
6.006704e-01
6.036711e-01
6.066718e-01
6.096725e-01
6.126731e-01
6.156738e-01
6.186745e-01
6.216752e-01
6.246758e-01
6.276765e-01
6.306772e-01
6.336778e-01
6.366786e-01
6.396792e-01
6.426799e-01
6.456806e-01
6.486813e-01
6.516819e-01
6.546827e-01
6.576833e-01
6.606839e-01
6.636847e-01
6.666853e-01
6.696860e-01
6.726867e-01
6.756874e-01
6.786880e-01
6.816888e-01
6.846894e-01
6.876901e-01
6.906908e-01
6.936915e-01
6.966921e-01
6.996928e-01
7.026935e-01
7.056941e-01
7.086949e-01
7.116955e-01
7.146962e-01
7.176969e-01
7.206976e-01
7.236982e-01
7.266990e-01
7.296996e-01
7.327002e-01
7.357010e-01
7.387016e-01
7.417023e-01
7.447030e-01
7.477037e-01
7.507043e-01
7.537051e-01
7.567057e-01
7.597064e-01
7.627071e-01
7.657077e-01
7.687084e-01
7.717091e-01
7.747098e-01
7.777104e-01
7.807112e-01
7.837118e-01
7.867125e-01
7.897132e-01
7.927139e-01
7.957145e-01
7.987153e-01
8.017159e-01
8.047165e-01
8.077173e-01
8.107179e-01
8.137186e-01
8.167193e-01
8.197200e-01
8.227206e-01
8.257214e-01
8.287220e-01
8.317227e-01
8.347234e-01
8.377240e-01
8.407247e-01
8.437254e-01
8.467261e-01
8.497267e-01
8.527275e-01
8.557281e-01
8.587288e-01
8.617295e-01
8.647302e-01
8.677308e-01
8.707316e-01
8.737322e-01
8.767328e-01
8.797336e-01
8.827342e-01
8.857349e-01
8.887356e-01
8.917363e-01
8.947369e-01
8.977377e-01
9.007383e-01
9.037390e-01
9.067397e-01
9.097403e-01
9.127410e-01
9.157417e-01
9.187424e-01
9.217430e-01
9.247438e-01
9.277444e-01
9.307451e-01
9.337458e-01
9.367465e-01
9.397471e-01
9.427479e-01
9.457485e-01
9.487491e-01
9.517499e-01
9.547505e-01
9.577512e-01
9.607519e-01
9.637526e-01
9.667532e-01
9.697539e-01
9.727546e-01
9.757553e-01
9.787559e-01
9.817566e-01
9.847573e-01
9.877579e-01
9.907587e-01
9.937593e-01
9.967600e-01
9.997607e-01
1.002762e+00
1.005762e+00
1.008763e+00
1.011763e+00
1.014764e+00
1.017765e+00
1.020766e+00
1.023766e+00
1.026767e+00
1.029767e+00
1.032768e+00
1.035769e+00
1.038770e+00
1.041770e+00
1.044771e+00
1.047772e+00
1.050772e+00
1.053773e+00
1.056774e+00
1.059774e+00
1.062775e+00
1.065776e+00
1.068776e+00
1.071777e+00
1.074778e+00
1.077778e+00
1.080779e+00
1.083780e+00
1.086781e+00
1.089781e+00
1.092782e+00
1.095782e+00
1.098783e+00
1.101784e+00
1.104785e+00
1.107785e+00
1.110786e+00
1.113786e+00
1.116787e+00
1.119788e+00
1.122789e+00
1.125790e+00
1.128790e+00
1.131790e+00
1.134791e+00
1.137792e+00
1.140793e+00
1.143794e+00
1.146794e+00
1.149794e+00
1.152795e+00
1.155796e+00
1.158072e+00
1.160347e+00
1.162624e+00
1.164899e+00
1.167175e+00
1.169450e+00
1.171726e+00
1.174001e+00
1.176278e+00
1.178553e+00
1.180829e+00
1.183105e+00
1.185380e+00
1.187657e+00
1.189932e+00
1.192208e+00
1.194483e+00
1.196759e+00
1.199035e+00
1.201311e+00
1.203586e+00
1.205862e+00
1.208138e+00
1.210413e+00
1.212690e+00
1.214965e+00
1.217241e+00
1.219516e+00
1.221792e+00
1.224068e+00
1.226344e+00
1.228619e+00
1.230895e+00
1.233170e+00
1.235446e+00
1.237723e+00
1.239998e+00
1.242274e+00
1.244549e+00
1.246825e+00
1.249101e+00
1.251377e+00
1.253652e+00
1.255928e+00
1.258203e+00
1.260480e+00
1.262756e+00
1.265031e+00
1.267307e+00
1.269582e+00
1.271858e+00
1.274134e+00
1.276410e+00
1.278685e+00
1.280961e+00
1.283236e+00
1.285513e+00
1.287789e+00
1.290064e+00
1.292340e+00
1.294615e+00
1.296891e+00
1.299167e+00
1.301443e+00
1.303718e+00
1.305994e+00
1.308269e+00
1.310546e+00
1.312822e+00
1.315097e+00
1.317373e+00
1.319648e+00
1.321925e+00
1.324200e+00
1.326476e+00
1.328751e+00
1.331027e+00
1.333302e+00
1.335579e+00
1.337854e+00
1.340130e+00
1.342406e+00
1.344681e+00
1.346958e+00
1.349233e+00
1.351509e+00
1.353784e+00
1.356060e+00
1.358336e+00
1.360612e+00
1.362887e+00
1.365163e+00
1.367439e+00
1.369714e+00
1.371991e+00
1.374266e+00
1.376542e+00
1.378817e+00
1.381093e+00
1.383369e+00
1.385645e+00
1.387920e+00
1.390196e+00
1.392472e+00
1.394747e+00
1.397024e+00
1.399299e+00
1.401575e+00
1.403850e+00
1.406126e+00
1.408402e+00
1.410678e+00
1.412953e+00
1.415229e+00
1.417505e+00
1.419781e+00
1.422057e+00
1.424332e+00
1.426608e+00
1.428883e+00
1.431159e+00
1.433435e+00
1.435711e+00
1.437986e+00
1.440262e+00
1.442538e+00
1.444814e+00
1.447090e+00
1.449365e+00
1.451641e+00
1.453916e+00
1.456192e+00
1.458468e+00
1.460744e+00
1.463019e+00
1.465295e+00
1.467571e+00
1.469847e+00
1.472123e+00
1.474398e+00
1.476674e+00
1.478949e+00
1.481226e+00
1.483501e+00
1.485777e+00
1.488052e+00
1.490328e+00
1.492603e+00
1.494880e+00
1.497156e+00
1.499431e+00
1.501707e+00
1.503982e+00
1.506259e+00
1.508534e+00
1.510810e+00
1.513085e+00
1.515361e+00
1.517636e+00
1.519913e+00
1.522189e+00
1.524464e+00
1.526740e+00
1.529015e+00
1.531292e+00
1.533567e+00
1.535843e+00
1.538118e+00
1.540394e+00
1.542670e+00
1.544946e+00
1.547222e+00
1.549497e+00
1.551773e+00
1.554048e+00
1.556325e+00
1.558600e+00
1.560876e+00
1.563151e+00
1.565427e+00
1.567703e+00
1.569979e+00
1.572255e+00
1.574530e+00
1.576806e+00
1.579081e+00
1.581358e+00
1.583633e+00
1.585909e+00
1.588184e+00
1.590460e+00
1.592736e+00
1.595012e+00
1.597287e+00
1.599563e+00
1.601839e+00
1.604115e+00
1.606391e+00
1.608666e+00
1.610942e+00
1.613217e+00
1.615493e+00
1.617769e+00
1.620045e+00
1.622320e+00
1.624596e+00
1.626872e+00
1.629148e+00
1.631424e+00
1.633699e+00
1.635975e+00
1.638250e+00
1.640526e+00
1.642802e+00
1.645078e+00
1.647353e+00
1.649629e+00
1.651905e+00
1.654181e+00
1.656457e+00
1.658732e+00
1.661008e+00
1.663283e+00
1.665560e+00
1.667835e+00
1.670111e+00
1.672386e+00
1.674662e+00
1.676938e+00
1.679214e+00
1.681490e+00
1.683765e+00
1.686041e+00
1.688316e+00
1.690593e+00
1.692868e+00
1.695144e+00
1.697419e+00
1.699695e+00
1.701971e+00
1.704247e+00
1.706523e+00
1.708798e+00
1.711074e+00
1.713349e+00
1.715626e+00
1.717901e+00
1.720177e+00
1.722452e+00
1.724728e+00
1.727004e+00
1.729280e+00
1.731556e+00
1.733831e+00
1.736107e+00
1.738382e+00
1.740659e+00
1.742934e+00
1.745210e+00
1.747485e+00
1.749761e+00
1.752037e+00
1.754313e+00
1.756589e+00
1.758864e+00
1.761140e+00
1.763416e+00
1.765692e+00
1.767967e+00
1.770243e+00
1.772518e+00
1.774794e+00
1.777070e+00
1.779346e+00
1.781622e+00
1.783897e+00
1.786173e+00
1.788449e+00
1.790725e+00
1.793000e+00
1.795276e+00
1.797551e+00
1.799827e+00
1.802103e+00
1.804379e+00
1.806655e+00
1.808930e+00
1.811206e+00
1.813482e+00
1.815758e+00
1.818033e+00
1.820309e+00
1.822584e+00
1.824861e+00
1.827136e+00
1.829412e+00
1.831688e+00
1.833963e+00
1.836239e+00
1.838515e+00
1.840791e+00
1.843066e+00
1.847443e+00
1.851821e+00
1.856198e+00
1.860575e+00
1.864952e+00
1.869330e+00
1.873707e+00
1.878084e+00
1.882461e+00
1.886839e+00
1.891216e+00
1.895593e+00
1.899970e+00
1.904347e+00
1.908724e+00
1.913101e+00
1.917478e+00
1.921855e+00
1.926233e+00
1.930610e+00
1.934987e+00
1.939364e+00
1.943742e+00
1.948119e+00
1.952496e+00
1.956873e+00
1.961250e+00
1.965628e+00
1.970005e+00
1.974382e+00
1.978759e+00
1.983137e+00
1.987514e+00
1.991891e+00
1.996268e+00
2.000646e+00
2.005023e+00
2.009400e+00
2.013777e+00
2.018154e+00
2.022532e+00
2.026909e+00
2.031286e+00
2.035662e+00
2.040040e+00
2.044417e+00
2.048794e+00
2.053171e+00
2.057549e+00
2.061926e+00
2.066303e+00
2.070680e+00
2.075057e+00
2.079435e+00
2.083812e+00
2.088189e+00
2.092566e+00
2.096944e+00
2.101321e+00
2.105698e+00
2.110075e+00
2.114453e+00
2.118830e+00
2.123207e+00
2.127584e+00
2.131961e+00
2.136339e+00
2.140716e+00
2.145093e+00
2.149470e+00
2.153848e+00
2.158224e+00
2.162601e+00
2.166978e+00
2.171356e+00
2.175733e+00
2.180110e+00
2.184487e+00
2.188864e+00
2.193242e+00
2.197619e+00
2.201996e+00
2.206373e+00
2.210751e+00
2.215128e+00
2.219505e+00
2.223882e+00
2.228260e+00
2.232637e+00
2.237014e+00
2.241391e+00
2.245768e+00
2.250146e+00
2.254523e+00
2.258900e+00
2.263277e+00
2.267655e+00
2.272032e+00
2.276409e+00
2.280786e+00
2.285163e+00
2.289540e+00
2.293917e+00
2.298294e+00
2.302671e+00
2.307049e+00
2.311426e+00
2.315803e+00
2.320180e+00
2.324558e+00
2.328935e+00
2.333312e+00
2.337689e+00
2.342067e+00
2.346444e+00
2.350821e+00
2.355198e+00
2.359575e+00
2.363953e+00
2.368330e+00
2.372707e+00
2.377084e+00
2.381462e+00
2.385839e+00
2.390216e+00
2.394593e+00
2.398971e+00
2.403348e+00
2.407725e+00
2.412101e+00
2.416479e+00
2.420856e+00
2.425233e+00
2.429610e+00
2.433987e+00
2.438365e+00
2.442742e+00
2.447119e+00
2.451496e+00
2.455874e+00
2.460251e+00
2.464628e+00
2.469005e+00
2.473382e+00
2.477760e+00
2.482137e+00
2.486514e+00
2.490891e+00
2.495269e+00
2.499646e+00
2.504023e+00
2.508400e+00
2.512778e+00
2.517155e+00
2.521532e+00
2.525909e+00
2.530286e+00
2.534663e+00
2.539040e+00
2.543417e+00
2.547794e+00
2.552172e+00
2.556549e+00
2.560926e+00
2.565303e+00
2.569681e+00
2.574058e+00
2.578435e+00
2.582812e+00
2.587190e+00
2.591567e+00
2.595944e+00
2.600321e+00
2.604698e+00
2.609076e+00
2.613453e+00
2.617830e+00
2.622207e+00
2.626585e+00
2.630962e+00
2.635339e+00
2.639716e+00
2.644093e+00
2.648471e+00
2.652848e+00
2.657225e+00
2.661601e+00
2.665979e+00
2.670356e+00
2.674733e+00
2.679110e+00
2.683488e+00
2.687865e+00
2.692242e+00
2.696619e+00
2.700997e+00
2.705374e+00
2.709751e+00
2.714128e+00
2.718505e+00
2.722883e+00
2.726208e+00
2.729535e+00
2.732860e+00
2.736186e+00
2.739512e+00
2.742838e+00
2.746164e+00
2.749490e+00
2.752815e+00
2.756142e+00
2.759467e+00
2.762793e+00
2.766119e+00
2.769445e+00
2.772770e+00
2.776096e+00
2.779422e+00
2.782747e+00
2.786074e+00
2.789399e+00
2.792726e+00
2.796051e+00
2.799377e+00
2.802703e+00
2.806029e+00
2.809354e+00
2.812681e+00
2.816006e+00
2.819332e+00
2.822658e+00
2.825984e+00
2.829309e+00
2.832636e+00
2.835961e+00
2.839288e+00
2.842613e+00
2.845939e+00
2.849265e+00
2.852591e+00
2.855916e+00
2.859243e+00
2.862568e+00
2.865894e+00
2.869220e+00
2.872546e+00
2.875871e+00
2.879198e+00
2.882523e+00
2.885850e+00
2.889175e+00
2.892501e+00
2.895827e+00
2.899153e+00
2.902478e+00
2.905805e+00
2.909130e+00
2.912455e+00
2.915782e+00
2.919107e+00
2.922433e+00
2.925759e+00
2.929085e+00
2.932411e+00
2.935737e+00
2.939062e+00
2.942389e+00
2.945714e+00
2.949040e+00
2.952366e+00
2.955692e+00
2.959017e+00
2.962344e+00
2.965669e+00
2.968996e+00
2.972321e+00
2.975647e+00
2.978973e+00
2.982299e+00
2.985624e+00
2.988951e+00
2.992276e+00
2.995602e+00
2.998928e+00
3.002254e+00
3.005579e+00
3.008906e+00
3.012231e+00
3.015558e+00
3.018883e+00
3.022209e+00
3.025535e+00
3.028861e+00
3.032186e+00
3.035513e+00
3.038838e+00
3.042164e+00
3.045490e+00
3.048816e+00
3.052141e+00
3.055467e+00
3.058793e+00
3.062119e+00
3.065445e+00
3.068770e+00
3.072097e+00
3.075422e+00
3.078748e+00
3.082074e+00
3.085400e+00
3.088725e+00
3.092052e+00
3.095377e+00
3.098703e+00
3.102029e+00
3.105355e+00
3.108681e+00
3.112007e+00
3.115332e+00
3.118659e+00
3.121984e+00
3.125310e+00
3.128636e+00
3.131962e+00
3.135287e+00
3.138614e+00
3.141939e+00
3.145265e+00
3.148591e+00
3.151917e+00
3.155243e+00
3.158569e+00
3.161894e+00
3.165221e+00
3.168546e+00
3.171872e+00
3.175198e+00
3.178524e+00
3.181849e+00
3.185176e+00
3.188501e+00
3.191827e+00
3.195153e+00
3.198478e+00
3.201805e+00
3.205130e+00
3.208456e+00
3.211782e+00
3.215108e+00
3.218433e+00
3.221760e+00
3.225085e+00
3.228411e+00
3.231737e+00
3.235063e+00
3.238389e+00
3.241715e+00
3.245040e+00
3.248367e+00
3.251692e+00
3.255018e+00
3.258344e+00
3.261670e+00
3.264995e+00
3.268322e+00
3.271647e+00
3.274973e+00
3.278299e+00
3.281625e+00
3.284951e+00
3.288277e+00
3.291602e+00
3.294929e+00
3.298254e+00
3.301580e+00
3.304906e+00
3.308232e+00
3.311557e+00
3.314884e+00
3.318209e+00
3.321535e+00
3.324861e+00
3.328187e+00
3.331513e+00
3.334838e+00
3.338164e+00
3.341490e+00
3.344816e+00
3.348141e+00
3.351468e+00
3.354793e+00
3.358119e+00
3.361445e+00
3.364771e+00
3.368096e+00
3.371423e+00
3.374748e+00
3.378075e+00
3.381400e+00
3.384726e+00
3.388052e+00
3.391378e+00
3.395249e+00
3.399120e+00
3.402991e+00
3.406863e+00
3.410734e+00
3.414605e+00
3.418476e+00
3.422347e+00
3.426218e+00
3.430091e+00
3.433962e+00
3.437833e+00
3.441704e+00
3.445575e+00
3.449446e+00
3.453318e+00
3.457189e+00
3.461060e+00
3.464931e+00
3.468802e+00
3.472673e+00
3.476544e+00
3.480417e+00
3.484288e+00
3.488159e+00
3.492030e+00
3.495901e+00
3.499772e+00
3.503644e+00
3.507515e+00
3.511386e+00
3.515257e+00
3.519128e+00
3.522999e+00
3.526871e+00
3.530743e+00
3.534614e+00
3.538485e+00
3.542356e+00
3.546227e+00
3.550099e+00
3.553970e+00
3.557841e+00
3.561712e+00
3.565583e+00
3.569454e+00
3.573325e+00
3.577197e+00
3.581069e+00
3.584940e+00
3.588811e+00
3.592682e+00
3.596553e+00
3.600425e+00
3.604296e+00
3.608167e+00
3.612038e+00
3.615909e+00
3.619780e+00
3.623652e+00
3.627523e+00
3.631395e+00
3.635266e+00
3.639137e+00
3.643008e+00
3.646879e+00
3.650751e+00
3.654622e+00
3.658493e+00
3.662364e+00
3.666235e+00
3.670106e+00
3.673978e+00
3.677849e+00
3.681721e+00
3.685592e+00
3.689463e+00
3.693334e+00
3.697206e+00
3.701077e+00
3.704948e+00
3.708819e+00
3.712690e+00
3.716561e+00
3.720433e+00
3.724304e+00
3.728175e+00
3.732047e+00
3.735918e+00
3.739789e+00
3.743660e+00
3.747532e+00
3.751403e+00
3.755274e+00
3.759145e+00
3.763016e+00
3.766887e+00
3.770759e+00
3.774630e+00
3.778502e+00
3.782373e+00
3.786244e+00
3.790115e+00
3.793987e+00
3.797858e+00
3.801729e+00
3.805600e+00
3.809471e+00
3.813342e+00
3.817213e+00
3.821085e+00
3.824956e+00
3.828828e+00
3.832699e+00
3.836570e+00
3.840441e+00
3.844313e+00
3.848184e+00
3.852055e+00
3.855926e+00
3.859797e+00
3.863668e+00
3.867540e+00
3.871411e+00
3.875282e+00
3.879154e+00
3.883025e+00
3.886896e+00
3.890768e+00
3.894639e+00
3.898510e+00
3.902381e+00
3.906252e+00
3.910123e+00
3.913994e+00
3.917866e+00
3.921737e+00
3.925608e+00
3.929480e+00
3.933351e+00
3.937222e+00
3.941094e+00
3.944965e+00
3.948836e+00
3.952707e+00
3.956578e+00
3.960449e+00
3.964321e+00
3.968192e+00
3.972063e+00
3.975934e+00
3.979806e+00
3.983677e+00
3.987548e+00
3.991420e+00
3.995291e+00
3.999162e+00
4.003033e+00
4.006904e+00
4.010775e+00
4.014647e+00
4.018518e+00
4.022389e+00
4.026260e+00
4.030132e+00
4.034003e+00
4.037875e+00
4.041746e+00
4.045617e+00
4.049488e+00
4.053359e+00
4.057230e+00
4.061101e+00
4.064973e+00
4.068844e+00
4.072715e+00
4.076586e+00
4.080458e+00
4.084329e+00
4.088201e+00
4.092072e+00
4.095943e+00
4.099814e+00
4.103685e+00
4.107556e+00
4.111428e+00
4.115299e+00
4.119170e+00
4.123041e+00
4.126912e+00
4.130784e+00
4.134656e+00
4.138527e+00
4.142398e+00
4.146269e+00
4.150140e+00
4.154011e+00
4.157882e+00
4.161754e+00
4.165625e+00
4.169496e+00
4.173367e+00
4.177238e+00
4.181110e+00
4.184982e+00
4.188853e+00
4.192724e+00
4.196595e+00
4.200466e+00
4.204337e+00
4.208209e+00
4.212080e+00
4.215951e+00
4.219822e+00
4.223693e+00
4.227564e+00
4.231436e+00
4.235308e+00
4.239179e+00
4.243050e+00
4.246921e+00
4.250792e+00
4.254663e+00
4.258535e+00
4.262406e+00
4.266277e+00
4.270148e+00
4.274019e+00
4.277890e+00
4.281763e+00
4.285634e+00
4.289505e+00
4.293376e+00
4.297247e+00
4.301118e+00
4.304990e+00
4.308861e+00
4.312732e+00
4.316603e+00
4.320474e+00
4.324345e+00
4.328216e+00
4.332089e+00
4.335960e+00
4.339831e+00
4.343702e+00
4.347573e+00
4.351444e+00
4.355316e+00
4.359187e+00
4.363058e+00
4.366929e+00
4.370800e+00
4.374671e+00
4.378543e+00
4.382415e+00
4.386286e+00
4.390157e+00
4.394028e+00
4.397899e+00
4.401770e+00
4.405642e+00
4.409513e+00
4.413384e+00
4.417255e+00
4.421126e+00
4.424997e+00
4.428869e+00
4.432741e+00
4.436612e+00
4.440483e+00
4.444354e+00
4.448225e+00
4.452097e+00
4.455968e+00
4.459839e+00
4.463710e+00
4.467581e+00
4.471452e+00
4.475324e+00
4.479195e+00
4.483067e+00
4.486938e+00
4.490809e+00
4.494680e+00
4.498551e+00
4.502423e+00
4.506294e+00
4.510165e+00
4.514036e+00
4.517907e+00
4.521778e+00
4.525650e+00
4.529521e+00
4.533393e+00
4.537264e+00
4.541135e+00
4.545006e+00
4.548878e+00
4.552749e+00
4.556620e+00
4.560491e+00
4.564839e+00
4.569187e+00
4.573535e+00
4.577882e+00
4.582231e+00
4.586578e+00
4.590926e+00
4.595274e+00
4.599622e+00
4.603970e+00
4.608317e+00
4.612665e+00
4.617013e+00
4.621361e+00
4.625709e+00
4.630057e+00
4.634405e+00
4.638752e+00
4.643100e+00
4.647448e+00
4.651796e+00
4.656144e+00
4.660492e+00
4.664840e+00
4.669187e+00
4.673535e+00
4.677883e+00
4.682231e+00
4.686579e+00
4.690926e+00
4.695275e+00
4.699622e+00
4.703970e+00
4.708319e+00
4.712666e+00
4.717014e+00
4.721361e+00
4.725710e+00
4.730057e+00
4.734405e+00
4.738754e+00
4.743101e+00
4.747449e+00
4.751796e+00
4.756145e+00
4.760492e+00
4.764840e+00
4.769189e+00
4.773536e+00
4.777884e+00
4.782231e+00
4.786580e+00
4.790927e+00
4.795275e+00
4.799623e+00
4.803971e+00
4.808319e+00
4.812666e+00
4.817015e+00
4.821362e+00
4.825710e+00
4.830058e+00
4.834406e+00
4.838754e+00
4.843101e+00
4.847450e+00
4.851797e+00
4.856145e+00
4.860493e+00
4.864841e+00
4.869189e+00
4.873536e+00
4.877884e+00
4.882232e+00
4.886580e+00
4.890928e+00
4.895276e+00
4.899624e+00
4.903971e+00
4.908319e+00
4.912667e+00
4.917015e+00
4.921363e+00
4.925711e+00
4.930059e+00
4.934406e+00
4.938754e+00
4.943102e+00
4.947450e+00
4.951798e+00
4.956146e+00
4.960494e+00
4.964841e+00
4.969189e+00
4.973538e+00
4.977885e+00
4.982233e+00
4.986580e+00
4.990929e+00
4.995276e+00
4.999624e+00
5.003973e+00
5.008320e+00
5.012668e+00
5.017015e+00
5.021364e+00
5.025711e+00
5.030059e+00
5.034408e+00
5.038755e+00
5.043103e+00
5.047450e+00
5.051799e+00
5.056146e+00
5.060494e+00
5.064843e+00
5.069190e+00
5.073538e+00
5.077885e+00
5.082234e+00
5.086581e+00
5.090929e+00
5.095277e+00
5.099625e+00
5.103973e+00
5.108320e+00
5.112669e+00
5.117016e+00
5.121364e+00
5.125712e+00
5.130060e+00
5.134408e+00
5.138755e+00
5.143104e+00
5.147451e+00
5.151799e+00
5.156147e+00
5.160495e+00
5.164843e+00
5.169190e+00
5.173538e+00
5.177886e+00
5.182234e+00
5.186582e+00
5.190930e+00
5.195278e+00
5.199625e+00
5.203973e+00
5.208321e+00
5.212669e+00
5.217017e+00
5.221365e+00
5.225713e+00
5.230060e+00
5.234408e+00
5.238756e+00
5.243104e+00
5.247452e+00
5.251800e+00
5.256148e+00
5.260495e+00
5.264843e+00
5.269192e+00
5.273539e+00
5.277887e+00
5.282234e+00
5.286583e+00
5.290930e+00
5.295278e+00
5.299627e+00
5.303974e+00
5.308322e+00
5.312669e+00
5.317018e+00
5.321365e+00
5.325713e+00
5.330062e+00
5.334409e+00
5.338757e+00
5.343104e+00
5.347453e+00
5.351800e+00
5.356148e+00
5.360496e+00
5.364844e+00
5.369192e+00
5.373539e+00
5.377888e+00
5.382235e+00
5.386583e+00
5.390931e+00
5.395279e+00
5.399627e+00
5.403974e+00
5.408323e+00
5.412670e+00
5.417018e+00
5.421366e+00
5.425714e+00
5.430062e+00
5.434409e+00
5.438758e+00
5.443105e+00
5.447453e+00
5.451801e+00
5.456149e+00
5.460497e+00
5.464844e+00
5.469192e+00
5.473540e+00
5.477888e+00
5.482236e+00
5.486584e+00
5.490932e+00
5.495279e+00
5.499627e+00
5.503975e+00
5.508323e+00
5.512671e+00
5.517019e+00
5.521367e+00
5.525714e+00
5.530062e+00
5.534411e+00
5.538758e+00
5.543106e+00
5.547454e+00
5.551802e+00
5.556149e+00
5.560497e+00
5.564846e+00
5.569193e+00
5.573541e+00
5.577888e+00
5.582237e+00
5.586584e+00
5.590932e+00
5.595281e+00
5.599628e+00
5.603976e+00
5.608323e+00
5.612672e+00
5.617019e+00
5.621367e+00
5.625716e+00
5.630063e+00
5.634411e+00
5.638758e+00
5.643107e+00
5.647454e+00
5.651802e+00
5.656150e+00
5.660498e+00
5.664846e+00
5.669193e+00
5.673542e+00
5.677889e+00
5.682237e+00
5.686585e+00
5.690933e+00
5.695281e+00
5.699628e+00
5.703977e+00
5.708324e+00
5.712672e+00
5.717020e+00
5.721368e+00
5.725716e+00
5.730063e+00
5.734412e+00
5.738759e+00
5.743107e+00
5.747455e+00
5.751803e+00
5.756151e+00
5.760498e+00
5.764846e+00
5.769194e+00
5.773542e+00
5.777890e+00
5.782238e+00
5.786586e+00
5.790933e+00
5.795281e+00
5.799630e+00
5.803977e+00
5.808325e+00
5.812673e+00
5.817021e+00
5.821368e+00
5.825716e+00
5.830065e+00
5.834412e+00
5.838760e+00
5.843108e+00
5.847456e+00
5.851803e+00
5.856151e+00
5.860500e+00
5.864847e+00
5.869195e+00
5.873542e+00
5.877891e+00
5.882238e+00
5.886586e+00
5.890935e+00
5.895282e+00
5.899630e+00
5.903977e+00
5.908326e+00
5.912673e+00
5.917021e+00
5.921370e+00
5.925717e+00
5.930065e+00
5.934412e+00
5.938761e+00
5.943108e+00
5.947456e+00
5.951804e+00
5.956152e+00
5.960500e+00
5.964847e+00
5.969196e+00
5.973543e+00
5.977891e+00
5.982239e+00
5.986587e+00
5.990935e+00
5.995282e+00
5.999631e+00
6.003978e+00
6.008326e+00
6.012674e+00
6.017022e+00
6.021370e+00
6.025717e+00
6.030066e+00
6.034413e+00
6.038761e+00
6.043109e+00
6.047457e+00
6.051805e+00
6.056152e+00
6.060500e+00
6.064849e+00
6.069196e+00
6.073544e+00
6.077892e+00
6.082240e+00
6.086587e+00
6.090935e+00
6.095284e+00
6.099631e+00
6.103979e+00
6.108327e+00
6.112675e+00
6.117022e+00
6.121370e+00
6.125719e+00
6.130066e+00
6.134414e+00
6.138762e+00
6.143110e+00
6.147457e+00
6.151805e+00
6.156154e+00
6.160501e+00
6.164849e+00
6.169196e+00
6.173545e+00
6.177892e+00
6.182240e+00
6.186589e+00
6.190936e+00
6.195284e+00
6.199631e+00
6.203980e+00
6.208327e+00
6.212675e+00
6.217024e+00
6.221371e+00
6.225719e+00
6.230066e+00
6.234415e+00
6.238762e+00
6.243110e+00
6.247458e+00
6.251806e+00
6.256154e+00
6.260501e+00
6.264850e+00
6.269197e+00
6.273545e+00
6.277893e+00
6.282241e+00
6.286589e+00
6.290936e+00
6.295285e+00
6.299632e+00
6.303980e+00
6.308328e+00
6.312676e+00
6.317024e+00
6.321371e+00
6.325720e+00
6.330067e+00
6.334415e+00
6.338763e+00
6.343111e+00
6.347459e+00
6.351806e+00
6.356154e+00
6.360503e+00
6.364850e+00
6.369198e+00
6.373546e+00
6.377894e+00
6.382241e+00
6.386589e+00
6.390938e+00
6.395285e+00
6.399633e+00
6.403981e+00
6.408329e+00
6.412676e+00
6.417024e+00
6.421373e+00
6.425720e+00
6.430068e+00
6.434416e+00
6.438764e+00
6.443111e+00
6.447459e+00
6.451808e+00
6.456155e+00
6.460503e+00
6.464850e+00
6.469199e+00
6.473546e+00
6.477894e+00
6.482243e+00
6.486590e+00
6.490938e+00
6.495285e+00
6.499634e+00
6.503981e+00
6.508329e+00
6.512678e+00
6.517025e+00
6.521373e+00
6.525720e+00
6.530069e+00
6.534416e+00
6.538764e+00
6.543112e+00
6.547460e+00
6.551808e+00
6.556155e+00
6.560504e+00
6.564851e+00
6.569199e+00
6.573547e+00
6.577895e+00
6.582243e+00
6.586590e+00
6.590939e+00
6.595286e+00
6.599634e+00
6.603982e+00
6.608330e+00
6.612678e+00
6.617025e+00
6.621374e+00
6.625722e+00
6.630069e+00
6.634417e+00
6.638765e+00
6.643113e+00
6.647460e+00
6.651808e+00
6.656157e+00
6.660504e+00
6.664852e+00
6.669200e+00
6.673548e+00
6.677895e+00
6.682243e+00
6.686592e+00
6.690939e+00
6.695287e+00
6.699635e+00
6.703983e+00
6.708330e+00
6.712678e+00
6.717027e+00
6.721374e+00
6.725722e+00
6.730070e+00
6.734418e+00
6.738765e+00
6.743113e+00
6.747577e+00
6.752039e+00
6.756503e+00
6.760966e+00
6.765429e+00
6.769892e+00
6.774356e+00
6.778818e+00
6.783281e+00
6.787745e+00
6.792207e+00
6.796671e+00
6.801134e+00
6.805597e+00
6.810060e+00
6.814524e+00
6.818986e+00
6.823450e+00
6.827913e+00
6.832375e+00
6.836839e+00
6.841302e+00
6.845765e+00
6.850228e+00
6.854692e+00
6.859154e+00
6.863618e+00
6.868081e+00
6.872544e+00
6.877007e+00
6.881470e+00
6.885933e+00
6.890396e+00
6.894860e+00
6.899322e+00
6.903786e+00
6.908249e+00
6.912712e+00
6.917175e+00
6.921639e+00
6.926101e+00
6.930564e+00
6.935028e+00
6.939490e+00
6.943954e+00
6.948417e+00
6.952880e+00
6.957343e+00
6.961807e+00
6.966269e+00
6.970733e+00
6.975196e+00
6.979658e+00
6.984122e+00
6.988585e+00
6.993048e+00
6.997511e+00
7.001975e+00
7.006437e+00
7.010901e+00
7.015364e+00
7.019827e+00
7.024290e+00
7.028753e+00
7.033216e+00
7.037679e+00
7.042143e+00
7.046605e+00
7.051069e+00
7.055532e+00
7.059995e+00
7.064458e+00
7.068922e+00
7.073384e+00
7.077848e+00
7.082311e+00
7.086773e+00
7.091237e+00
7.095700e+00
7.100163e+00
7.104626e+00
7.109090e+00
7.113552e+00
7.118016e+00
7.122479e+00
7.126942e+00
7.131405e+00
7.135868e+00
7.140331e+00
7.144794e+00
7.149258e+00
7.153720e+00
7.158184e+00
7.162647e+00
7.167110e+00
7.171573e+00
7.176037e+00
7.180499e+00
7.184962e+00
7.189426e+00
7.193888e+00
7.198352e+00
7.202815e+00
7.207278e+00
7.211741e+00
7.216205e+00
7.220667e+00
7.225131e+00
7.229594e+00
7.234056e+00
7.238520e+00
7.242983e+00
7.247446e+00
7.251909e+00
7.256373e+00
7.260835e+00
7.265299e+00
7.269762e+00
7.274225e+00
7.278688e+00
7.283151e+00
7.287614e+00
7.292077e+00
7.296541e+00
7.301003e+00
7.305467e+00
7.309930e+00
7.314393e+00
7.318856e+00
7.323320e+00
7.327782e+00
7.332245e+00
7.336709e+00
7.341171e+00
7.345635e+00
7.350098e+00
7.354561e+00
7.359024e+00
7.363488e+00
7.367950e+00
7.372414e+00
7.376877e+00
7.381340e+00
7.385803e+00
7.390266e+00
7.394729e+00
7.399192e+00
7.403656e+00
7.408118e+00
7.412582e+00
7.417045e+00
7.421508e+00
7.425971e+00
7.430435e+00
7.434897e+00
7.439360e+00
7.443824e+00
7.448286e+00
7.452750e+00
7.457213e+00
7.461676e+00
7.466139e+00
7.470603e+00
7.475065e+00
7.479529e+00
7.483992e+00
7.488454e+00
7.492918e+00
7.497381e+00
7.501844e+00
7.506307e+00
7.510771e+00
7.515233e+00
7.519697e+00
7.524160e+00
7.528623e+00
7.533086e+00
7.537549e+00
7.542012e+00
7.546475e+00
7.550939e+00
7.555401e+00
7.559865e+00
7.564328e+00
7.568791e+00
7.573254e+00
7.577718e+00
7.582180e+00
7.586643e+00
7.591107e+00
7.595569e+00
7.600033e+00
7.604496e+00
7.608959e+00
7.613422e+00
7.617886e+00
7.622348e+00
7.626812e+00
7.631275e+00
7.635737e+00
7.640201e+00
7.644664e+00
7.649127e+00
7.653590e+00
7.658054e+00
7.662516e+00
7.666980e+00
7.671443e+00
7.675906e+00
7.680369e+00
7.684832e+00
7.689295e+00
7.693758e+00
7.698222e+00
7.702684e+00
7.707148e+00
7.711611e+00
7.716074e+00
7.720537e+00
7.725001e+00
7.729463e+00
7.733926e+00
7.738390e+00
7.742852e+00
7.747316e+00
7.751779e+00
7.756242e+00
7.760705e+00
7.765169e+00
7.769631e+00
7.774095e+00
7.778558e+00
7.783021e+00
7.787484e+00
7.791947e+00
7.796410e+00
7.800873e+00
7.805337e+00
7.809799e+00
7.814263e+00
7.818726e+00
7.823189e+00
7.827652e+00
7.832116e+00
7.836578e+00
7.841041e+00
7.845505e+00
7.849967e+00
7.854431e+00
7.858894e+00
7.863357e+00
7.867820e+00
7.872283e+00
7.876746e+00
7.881210e+00
7.885672e+00
7.890135e+00
7.894599e+00
7.899061e+00
7.903525e+00
7.907988e+00
7.912451e+00
7.916914e+00
7.921378e+00
7.925840e+00
7.930304e+00
7.934767e+00
7.939229e+00
7.943693e+00
7.948156e+00
7.952619e+00
7.957082e+00
7.961546e+00
7.966008e+00
7.970472e+00
7.974935e+00
7.979398e+00
7.983861e+00
7.988324e+00
7.992787e+00
7.997250e+00
8.001714e+00
8.006176e+00
8.010640e+00
8.015103e+00
8.019566e+00
8.024029e+00
8.028493e+00
8.032955e+00
8.037418e+00
8.041882e+00
8.046344e+00
8.050808e+00
8.055271e+00
8.059734e+00
8.064197e+00
8.068661e+00
8.073123e+00
8.077587e+00
8.082050e+00
8.086513e+00
8.090976e+00
8.095439e+00
8.099902e+00
8.104365e+00
8.108829e+00
8.113291e+00
8.117755e+00
8.122218e+00
8.126681e+00
8.131144e+00
8.135608e+00
8.140070e+00
8.144533e+00
8.148997e+00
8.153459e+00
8.157923e+00
8.162386e+00
8.166849e+00
8.171312e+00
8.175776e+00
8.180238e+00
8.184702e+00
8.189165e+00
8.193627e+00
8.198091e+00
8.202554e+00
8.207017e+00
8.211480e+00
8.215944e+00
8.220406e+00
8.224870e+00
8.229333e+00
8.233796e+00
8.238259e+00
8.242722e+00
8.247185e+00
8.251648e+00
8.256112e+00
8.260574e+00
8.265038e+00
8.269501e+00
8.273964e+00
8.278427e+00
8.282891e+00
8.287353e+00
8.291816e+00
8.296280e+00
8.300742e+00
8.305206e+00
8.309669e+00
8.314132e+00
8.318595e+00
8.323059e+00
8.327521e+00
8.331985e+00
8.336448e+00
8.340910e+00
8.345374e+00
8.349837e+00
8.354300e+00
8.358763e+00
8.363227e+00
8.367689e+00
8.372153e+00
8.376616e+00
8.381079e+00
8.385542e+00
8.390005e+00
8.394468e+00
8.398931e+00
8.403395e+00
8.407857e+00
8.412321e+00
8.416784e+00
8.421247e+00
8.425710e+00
8.430174e+00
8.434636e+00
8.439100e+00
8.443563e+00
8.448025e+00
8.452489e+00
8.456952e+00
8.461415e+00
8.465878e+00
8.470342e+00
8.474804e+00
8.479268e+00
8.483731e+00
8.488194e+00
8.492657e+00
8.497120e+00
8.501583e+00
8.506046e+00
8.510510e+00
8.514972e+00
8.519436e+00
8.523899e+00
8.528362e+00
8.532825e+00
8.537289e+00
8.541751e+00
8.546214e+00
8.550678e+00
8.555140e+00
8.559604e+00
8.564067e+00
8.568530e+00
8.572993e+00
8.577457e+00
8.581919e+00
8.586383e+00
8.590846e+00
8.595308e+00
8.599772e+00
8.604235e+00
8.608698e+00
8.613161e+00
8.617625e+00
8.622087e+00
8.626551e+00
8.631014e+00
8.635477e+00
8.639940e+00
8.644403e+00
8.648866e+00
8.653329e+00
8.657793e+00
8.662255e+00
8.666719e+00
8.671182e+00
8.675645e+00
8.680108e+00
8.684572e+00
8.689034e+00
8.693497e+00
8.697961e+00
8.702423e+00
8.706887e+00
8.711350e+00
8.715813e+00
8.720276e+00
8.724740e+00
8.729202e+00
8.733666e+00
8.738129e+00
8.742591e+00
8.747055e+00
8.751518e+00
8.755981e+00
8.760444e+00
8.764908e+00
8.769370e+00
8.773834e+00
8.778297e+00
8.782760e+00
8.787223e+00
8.791686e+00
8.796149e+00
8.800612e+00
8.805076e+00
8.809538e+00
8.814002e+00
8.818465e+00
8.822928e+00
8.827391e+00
8.831855e+00
8.836317e+00
8.840781e+00
8.845244e+00
8.849706e+00
8.854170e+00
8.858633e+00
8.863096e+00
8.867559e+00
8.872023e+00
8.876485e+00
8.880949e+00
8.885412e+00
8.889875e+00
8.894338e+00
8.898801e+00
8.903264e+00
8.907727e+00
8.912191e+00
8.916653e+00
8.921117e+00
8.925580e+00
8.930043e+00
8.934506e+00
8.938970e+00
8.943432e+00
8.947895e+00
8.952359e+00
8.956821e+00
8.961285e+00
8.965748e+00
8.970211e+00
8.974674e+00
8.979138e+00
8.983600e+00
8.988064e+00
8.992785e+00
8.997507e+00
9.002229e+00
9.006951e+00
9.011673e+00
9.016395e+00
9.021117e+00
9.025838e+00
9.030561e+00
9.035282e+00
9.040004e+00
9.044726e+00
9.049448e+00
9.054170e+00
9.058891e+00
9.063614e+00
9.068335e+00
9.073057e+00
9.077779e+00
9.082501e+00
9.087223e+00
9.091944e+00
9.096667e+00
9.101388e+00
9.106111e+00
9.110832e+00
9.115554e+00
9.120276e+00
9.124997e+00
9.129720e+00
9.134441e+00
9.139164e+00
9.143885e+00
9.148608e+00
9.153329e+00
9.158050e+00
9.162773e+00
9.167494e+00
9.172217e+00
9.176938e+00
9.181661e+00
9.186382e+00
9.191103e+00
9.195826e+00
9.200547e+00
9.205270e+00
9.209991e+00
9.214714e+00
9.219435e+00
9.224157e+00
9.228879e+00
9.233600e+00
9.238323e+00
9.243044e+00
9.247767e+00
9.252488e+00
9.257210e+00
9.261932e+00
9.266654e+00
9.271376e+00
9.276097e+00
9.280820e+00
9.285541e+00
9.290263e+00
9.294985e+00
9.299707e+00
9.304429e+00
9.309150e+00
9.313873e+00
9.318594e+00
9.323316e+00
9.328038e+00
9.332760e+00
9.337482e+00
9.342204e+00
9.346926e+00
9.351647e+00
9.356369e+00
9.361091e+00
9.365813e+00
9.370535e+00
9.375257e+00
9.379979e+00
9.384701e+00
9.389423e+00
9.394144e+00
9.398866e+00
9.403588e+00
9.408310e+00
9.413032e+00
9.417754e+00
9.422476e+00
9.427197e+00
9.431919e+00
9.436641e+00
9.441363e+00
9.446085e+00
9.450807e+00
9.455529e+00
9.460251e+00
9.464972e+00
9.469694e+00
9.474416e+00
9.479138e+00
9.483860e+00
9.488582e+00
9.493304e+00
9.498025e+00
9.502748e+00
9.507469e+00
9.512191e+00
9.516913e+00
9.521635e+00
9.526357e+00
9.531078e+00
9.535801e+00
9.540522e+00
9.545244e+00
9.549966e+00
9.554688e+00
9.559410e+00
9.564131e+00
9.568854e+00
9.573575e+00
9.578298e+00
9.583019e+00
9.587741e+00
9.592463e+00
9.597184e+00
9.601907e+00
9.606628e+00
9.611351e+00
9.616072e+00
9.620795e+00
9.625516e+00
9.630237e+00
9.634960e+00
9.639681e+00
9.644404e+00
9.649125e+00
9.653848e+00
9.658569e+00
9.663291e+00
9.668013e+00
9.672734e+00
9.677457e+00
9.682178e+00
9.686901e+00
9.691622e+00
9.696344e+00
9.701066e+00
9.705787e+00
9.710510e+00
9.715231e+00
9.719954e+00
9.724675e+00
9.729397e+00
9.734119e+00
9.738841e+00
9.743563e+00
9.748284e+00
9.753007e+00
9.757728e+00
9.762450e+00
9.767172e+00
9.771894e+00
9.776616e+00
9.781338e+00
9.786060e+00
9.790781e+00
9.795503e+00
9.800225e+00
9.804947e+00
9.809669e+00
9.814391e+00
9.819113e+00
9.823834e+00
9.828556e+00
9.833278e+00
9.838000e+00
9.842722e+00
9.847444e+00
9.852166e+00
9.856888e+00
9.861609e+00
9.866331e+00
9.871053e+00
9.875775e+00
9.880497e+00
9.885219e+00
9.889941e+00
9.894662e+00
9.899385e+00
9.904106e+00
9.908828e+00
9.913550e+00
9.918272e+00
9.922994e+00
9.927715e+00
9.932438e+00
9.937159e+00
9.941881e+00
9.946603e+00
9.951325e+00
9.956047e+00
9.960768e+00
9.965491e+00
9.970212e+00
9.974935e+00
9.979656e+00
9.984378e+00
9.989100e+00
9.993826e+00
9.998540e+00
1.000326e+01
1.000799e+01
1.001271e+01
1.001743e+01
1.002216e+01
1.002687e+01
1.003159e+01
1.003632e+01
1.004104e+01
1.004576e+01
1.005049e+01
1.005521e+01
1.005992e+01
1.006465e+01
1.006937e+01
1.007409e+01
1.007882e+01
1.008354e+01
1.008826e+01
1.009298e+01
1.009770e+01
1.010243e+01
1.010715e+01
1.011187e+01
1.011659e+01
1.012131e+01
1.012603e+01
1.013076e+01
1.013548e+01
1.014020e+01
1.014493e+01
1.014964e+01
1.015436e+01
1.015909e+01
1.016381e+01
1.016853e+01
1.017326e+01
1.017797e+01
1.018269e+01
1.018742e+01
1.019214e+01
1.019686e+01
1.020159e+01
1.020630e+01
1.021102e+01
1.021575e+01
1.022047e+01
1.022519e+01
1.022992e+01
1.023464e+01
1.023936e+01
1.024408e+01
1.024880e+01
1.025353e+01
1.025825e+01
1.026297e+01
1.026769e+01
1.027241e+01
1.027713e+01
1.028186e+01
1.028658e+01
1.029130e+01
1.029602e+01
1.030074e+01
1.030546e+01
1.031019e+01
1.031491e+01
1.031963e+01
1.032436e+01
1.032907e+01
1.033379e+01
1.033852e+01
1.034324e+01
1.034796e+01
1.035269e+01
1.035740e+01
1.036212e+01
1.036685e+01
1.037157e+01
1.037629e+01
1.038102e+01
1.038574e+01
1.039046e+01
1.039518e+01
1.039990e+01
1.040463e+01
1.040935e+01
1.041407e+01
1.041879e+01
1.042351e+01
1.042823e+01
1.043296e+01
1.043768e+01
1.044240e+01
1.044712e+01
1.045184e+01
1.045656e+01
1.046129e+01
1.046601e+01
1.047073e+01
1.047546e+01
1.048017e+01
1.048489e+01
1.048962e+01
1.049434e+01
1.049906e+01
1.050379e+01
1.050850e+01
1.051322e+01
1.051795e+01
1.052267e+01
1.052740e+01
1.053212e+01
1.053683e+01
1.054156e+01
1.054628e+01
1.055100e+01
1.055573e+01
1.056045e+01
1.056517e+01
1.056989e+01
1.057461e+01
1.057933e+01
1.058406e+01
1.058878e+01
1.059350e+01
1.059822e+01
1.060294e+01
1.060766e+01
1.061239e+01
1.061711e+01
1.062183e+01
1.062656e+01
1.063127e+01
1.063599e+01
1.064072e+01
1.064544e+01
1.065016e+01
1.065489e+01
1.065960e+01
1.066432e+01
1.066905e+01
1.067377e+01
1.067850e+01
1.068322e+01
1.068793e+01
1.069266e+01
1.069738e+01
1.070210e+01
1.070683e+01
1.071155e+01
1.071627e+01
1.072099e+01
1.072571e+01
1.073043e+01
1.073516e+01
1.073988e+01
1.074460e+01
1.074932e+01
1.075404e+01
1.075876e+01
1.076349e+01
1.076821e+01
1.077293e+01
1.077765e+01
1.078237e+01
1.078709e+01
1.079182e+01
1.079654e+01
1.080126e+01
1.080599e+01
1.081070e+01
1.081542e+01
1.082015e+01
1.082487e+01
1.082960e+01
1.083432e+01
1.083903e+01
1.084376e+01
1.084848e+01
1.085320e+01
1.085793e+01
1.086265e+01
1.086736e+01
1.087209e+01
1.087681e+01
1.088153e+01
1.088626e+01
1.089098e+01
1.089570e+01
1.090042e+01
1.090514e+01
1.090986e+01
1.091459e+01
1.091931e+01
1.092403e+01
1.092875e+01
1.093347e+01
1.093819e+01
1.094292e+01
1.094764e+01
1.095236e+01
1.095709e+01
1.096180e+01
1.096653e+01
1.097125e+01
1.097597e+01
1.098070e+01
1.098542e+01
1.099013e+01
1.099486e+01
1.099958e+01
1.100430e+01
1.100903e+01
1.101375e+01
1.101846e+01
1.102319e+01
1.102791e+01
1.103263e+01
1.103736e+01
1.104208e+01
1.104680e+01
1.105152e+01
1.105624e+01
1.106096e+01
1.106569e+01
1.107041e+01
1.107513e+01
1.107985e+01
1.108457e+01
1.108929e+01
1.109402e+01
1.109874e+01
1.110346e+01
1.110818e+01
1.111290e+01
1.111763e+01
1.112235e+01
1.112707e+01
1.113180e+01
1.113652e+01
1.114123e+01
1.114596e+01
1.115068e+01
1.115540e+01
1.116013e+01
1.116485e+01
1.116956e+01
1.117429e+01
1.117901e+01
1.118373e+01
1.118846e+01
1.119318e+01
1.119789e+01
1.120262e+01
1.120734e+01
1.121206e+01
1.121679e+01
1.122151e+01
1.122623e+01
1.123095e+01
1.123567e+01
1.124039e+01
1.124512e+01
1.124984e+01
1.125456e+01
1.125928e+01
