1.619333e-04
2.292402e-04
2.965471e-04
3.638540e-04
4.311609e-04
4.984678e-04
5.657747e-04
6.330816e-04
7.003884e-04
7.676953e-04
8.350022e-04
9.023091e-04
9.696160e-04
1.036923e-03
1.104229e-03
1.171537e-03
1.238844e-03
1.306150e-03
1.373457e-03
1.440765e-03
1.508071e-03
1.575378e-03
1.642685e-03
1.709991e-03
1.777299e-03
1.844606e-03
1.911912e-03
1.979219e-03
2.046527e-03
2.113833e-03
2.181140e-03
2.299133e-03
2.417126e-03
2.535119e-03
2.653112e-03
2.771105e-03
2.889098e-03
3.007091e-03
3.125084e-03
3.243077e-03
3.361070e-03
3.479063e-03
3.597056e-03
3.715049e-03
3.833042e-03
3.951035e-03
4.069028e-03
4.187021e-03
4.305014e-03
4.423007e-03
4.541000e-03
4.609070e-03
4.677140e-03
4.745210e-03
4.813280e-03
4.881350e-03
4.949420e-03
5.017490e-03
5.085560e-03
5.153630e-03
5.221700e-03
5.289770e-03
5.357840e-03
5.425910e-03
5.493980e-03
5.562050e-03
5.630120e-03
5.698190e-03
5.766260e-03
5.740458e-03
5.902400e-03
6.064342e-03
6.226284e-03
6.388227e-03
6.550169e-03
6.712111e-03
6.874053e-03
7.035996e-03
7.197938e-03
7.359880e-03
7.521822e-03
7.683764e-03
7.845707e-03
8.007649e-03
8.169591e-03
8.331533e-03
8.493476e-03
8.655418e-03
8.817360e-03
8.979302e-03
9.141244e-03
9.303187e-03
9.465129e-03
9.627071e-03
9.789013e-03
9.950956e-03
1.011290e-02
1.027484e-02
1.043678e-02
1.059872e-02
1.076067e-02
1.087282e-02
1.098497e-02
1.109713e-02
1.120928e-02
1.132143e-02
1.143359e-02
1.154574e-02
1.165789e-02
1.177005e-02
1.188220e-02
1.199435e-02
1.210651e-02
1.221866e-02
1.233081e-02
1.244297e-02
1.255512e-02
1.266727e-02
1.277943e-02
1.289158e-02
1.300373e-02
1.311589e-02
1.322804e-02
1.334019e-02
1.345235e-02
1.356450e-02
1.367665e-02
1.378881e-02
1.390096e-02
1.401311e-02
1.412527e-02
1.423742e-02
1.434957e-02
1.446173e-02
1.457388e-02
1.468603e-02
1.479819e-02
1.491034e-02
1.502249e-02
1.513465e-02
1.524680e-02
1.535895e-02
1.547111e-02
1.558326e-02
1.569541e-02
1.580757e-02
1.591972e-02
1.603187e-02
1.614403e-02
1.625618e-02
1.636833e-02
1.651765e-02
1.666696e-02
1.681627e-02
1.696559e-02
1.711490e-02
1.726421e-02
1.741353e-02
1.756284e-02
1.771215e-02
1.786147e-02
1.801078e-02
1.816009e-02
1.830941e-02
1.845872e-02
1.860803e-02
1.875735e-02
1.890666e-02
1.905597e-02
1.920529e-02
1.935460e-02
1.950391e-02
1.965323e-02
1.980254e-02
1.995185e-02
2.010117e-02
2.025048e-02
2.039979e-02
2.054911e-02
2.069842e-02
2.084773e-02
2.099705e-02
2.114636e-02
2.129567e-02
2.144499e-02
2.159430e-02
2.174361e-02
2.189293e-02
2.204224e-02
2.219155e-02
2.234087e-02
2.249018e-02
2.263949e-02
2.278881e-02
2.293812e-02
2.308743e-02
2.323675e-02
2.338606e-02
2.353537e-02
2.368469e-02
2.383400e-02
2.381433e-02
2.379465e-02
2.377498e-02
2.375531e-02
2.373563e-02
2.371596e-02
2.369629e-02
2.367661e-02
2.365694e-02
2.363727e-02
2.361759e-02
2.359792e-02
2.357825e-02
2.355857e-02
2.353890e-02
2.351923e-02
2.349955e-02
2.347988e-02
2.346021e-02
2.344053e-02
2.342086e-02
2.340119e-02
2.338151e-02
2.336184e-02
2.334217e-02
2.332249e-02
2.330282e-02
2.328315e-02
2.326347e-02
2.324380e-02
2.322413e-02
2.320445e-02
2.318478e-02
2.316511e-02
2.314543e-02
2.312576e-02
2.310609e-02
2.308641e-02
2.306674e-02
2.304707e-02
2.302739e-02
2.300772e-02
2.298805e-02
2.296837e-02
2.294870e-02
2.292903e-02
2.290935e-02
2.288968e-02
2.287001e-02
2.285033e-02
2.283066e-02
2.281099e-02
2.279131e-02
2.277164e-02
2.275197e-02
2.273229e-02
2.271262e-02
2.269295e-02
2.267327e-02
2.265360e-02
2.263393e-02
2.261425e-02
2.259458e-02
2.257491e-02
2.255523e-02
2.253556e-02
2.251589e-02
2.249621e-02
2.247654e-02
2.245687e-02
2.243719e-02
2.241752e-02
2.239785e-02
2.237817e-02
2.235850e-02
2.233883e-02
2.231915e-02
2.229948e-02
2.227981e-02
2.226013e-02
2.224046e-02
2.222079e-02
2.220111e-02
2.218144e-02
2.216177e-02
2.214209e-02
2.212242e-02
2.210275e-02
2.208307e-02
2.206340e-02
2.204373e-02
2.202405e-02
2.200438e-02
2.198471e-02
2.196503e-02
2.194536e-02
2.192569e-02
2.190601e-02
2.188634e-02
2.186667e-02
2.197698e-02
2.208730e-02
2.219762e-02
2.230793e-02
2.241825e-02
2.252857e-02
2.263888e-02
2.274920e-02
2.285952e-02
2.296983e-02
2.308015e-02
2.319047e-02
2.330078e-02
2.341110e-02
2.352142e-02
2.363173e-02
2.374205e-02
2.385237e-02
2.396268e-02
2.407300e-02
2.418332e-02
2.429363e-02
2.440395e-02
2.451427e-02
2.462458e-02
2.473490e-02
2.484522e-02
2.495553e-02
2.506585e-02
2.517617e-02
2.528648e-02
2.539680e-02
2.550712e-02
2.561743e-02
2.572775e-02
2.583807e-02
2.594838e-02
2.605870e-02
2.616902e-02
2.627933e-02
2.638965e-02
2.649997e-02
2.661028e-02
2.672060e-02
2.683092e-02
2.694123e-02
2.705155e-02
2.716187e-02
2.727218e-02
2.738250e-02
2.749282e-02
2.760313e-02
2.771345e-02
2.782377e-02
2.793408e-02
2.804440e-02
2.815472e-02
2.826503e-02
2.837535e-02
2.848567e-02
2.859598e-02
2.870630e-02
2.881662e-02
2.892693e-02
2.903725e-02
2.914757e-02
2.925788e-02
2.936820e-02
2.947852e-02
2.958883e-02
2.969915e-02
2.980947e-02
2.991978e-02
3.003010e-02
3.014042e-02
3.025073e-02
3.036105e-02
3.047137e-02
3.058168e-02
3.069200e-02
3.080232e-02
3.091263e-02
3.102295e-02
3.113327e-02
3.124358e-02
3.135390e-02
3.146422e-02
3.157453e-02
3.168485e-02
3.179517e-02
3.190548e-02
3.201580e-02
3.212612e-02
3.223643e-02
3.234675e-02
3.245707e-02
3.256738e-02
3.267770e-02
3.278802e-02
3.289833e-02
3.302538e-02
3.315243e-02
3.327947e-02
3.340652e-02
3.353357e-02
3.366061e-02
3.378766e-02
3.391471e-02
3.404175e-02
3.416880e-02
3.429585e-02
3.442289e-02
3.454994e-02
3.467699e-02
3.480403e-02
3.493108e-02
3.505813e-02
3.518517e-02
3.531222e-02
3.543927e-02
3.556631e-02
3.569336e-02
3.582041e-02
3.594745e-02
3.607450e-02
3.620155e-02
3.632859e-02
3.645564e-02
3.658269e-02
3.670973e-02
3.683678e-02
3.696383e-02
3.709087e-02
3.721792e-02
3.734497e-02
3.747201e-02
3.759906e-02
3.772611e-02
3.785315e-02
3.798020e-02
3.810725e-02
3.823429e-02
3.836134e-02
3.848839e-02
3.861543e-02
3.874248e-02
3.886953e-02
3.899657e-02
3.912362e-02
3.925067e-02
3.937771e-02
3.950476e-02
3.963181e-02
3.975885e-02
3.988590e-02
4.001295e-02
4.013999e-02
4.026704e-02
4.039409e-02
4.052113e-02
4.064818e-02
4.077523e-02
4.090227e-02
4.102932e-02
4.115637e-02
4.128341e-02
4.141046e-02
4.153751e-02
4.166455e-02
4.179160e-02
4.191865e-02
4.204569e-02
4.217274e-02
4.229979e-02
4.242683e-02
4.255388e-02
4.268093e-02
4.280797e-02
4.293502e-02
4.306207e-02
4.318911e-02
4.331616e-02
4.344321e-02
4.357025e-02
4.369730e-02
4.382435e-02
4.395139e-02
4.407844e-02
4.420549e-02
4.433253e-02
4.445958e-02
4.458663e-02
4.471367e-02
4.484072e-02
4.496777e-02
4.509481e-02
4.522186e-02
4.534891e-02
4.547595e-02
4.560300e-02
4.573005e-02
4.585709e-02
4.598414e-02
4.611119e-02
4.623823e-02
4.636528e-02
4.649233e-02
4.661937e-02
4.674642e-02
4.687347e-02
4.700051e-02
4.712756e-02
4.725461e-02
4.738165e-02
4.750870e-02
4.763575e-02
4.776279e-02
4.788984e-02
4.801689e-02
4.814393e-02
4.827098e-02
4.839803e-02
4.852507e-02
4.865212e-02
4.877917e-02
4.890621e-02
4.903326e-02
4.916031e-02
4.928735e-02
4.941440e-02
4.954145e-02
4.966849e-02
4.979554e-02
4.992259e-02
5.004963e-02
5.017668e-02
5.030373e-02
5.043077e-02
5.055782e-02
5.068487e-02
5.081191e-02
5.093896e-02
5.106601e-02
5.119305e-02
5.132010e-02
5.144715e-02
5.157419e-02
5.170124e-02
5.182829e-02
5.195533e-02
5.208238e-02
5.220943e-02
5.233647e-02
5.246352e-02
5.259057e-02
5.271761e-02
5.284466e-02
5.297171e-02
5.309875e-02
5.322580e-02
5.335285e-02
5.347989e-02
5.360694e-02
5.373399e-02
5.386103e-02
5.398808e-02
5.411513e-02
5.424217e-02
5.436922e-02
5.449627e-02
5.462331e-02
5.475036e-02
5.487741e-02
5.500445e-02
5.513150e-02
5.525855e-02
5.538559e-02
5.551264e-02
5.563969e-02
5.576673e-02
5.589378e-02
5.602083e-02
5.614787e-02
5.627492e-02
5.640197e-02
5.652901e-02
5.665606e-02
5.678311e-02
5.691015e-02
5.703720e-02
5.716425e-02
5.729129e-02
5.741834e-02
5.754539e-02
5.767243e-02
5.779948e-02
5.792653e-02
5.805357e-02
5.818062e-02
5.830767e-02
5.853582e-02
5.876397e-02
5.899212e-02
5.922027e-02
5.944842e-02
5.967657e-02
5.990472e-02
6.013287e-02
6.036102e-02
6.058917e-02
6.081732e-02
6.104547e-02
6.127362e-02
6.150177e-02
6.172992e-02
6.195807e-02
6.218622e-02
6.241437e-02
6.264252e-02
6.287067e-02
6.309882e-02
6.332697e-02
6.355512e-02
6.378327e-02
6.401142e-02
6.423957e-02
6.446772e-02
6.469587e-02
6.492402e-02
6.515217e-02
6.538032e-02
6.560847e-02
6.583662e-02
6.606477e-02
6.629292e-02
6.652107e-02
6.674922e-02
6.697737e-02
6.720552e-02
6.743367e-02
6.766182e-02
6.788997e-02
6.811812e-02
6.834627e-02
6.857442e-02
6.880257e-02
6.903072e-02
6.925887e-02
6.948702e-02
6.971517e-02
6.994332e-02
7.017147e-02
7.039962e-02
7.062777e-02
7.085592e-02
7.108407e-02
7.131222e-02
7.154037e-02
7.176852e-02
7.199667e-02
7.222482e-02
7.245297e-02
7.268112e-02
7.290927e-02
7.313742e-02
7.336557e-02
7.359372e-02
7.382187e-02
7.405002e-02
7.427817e-02
7.450632e-02
7.473447e-02
7.496262e-02
7.519077e-02
7.541892e-02
7.564707e-02
7.587522e-02
7.610337e-02
7.633152e-02
7.655967e-02
7.678782e-02
7.701597e-02
7.724412e-02
7.747227e-02
7.770042e-02
7.792857e-02
7.815672e-02
7.838487e-02
7.861302e-02
7.884117e-02
7.906932e-02
7.929747e-02
7.952562e-02
7.975377e-02
7.998192e-02
8.021007e-02
8.043822e-02
8.066637e-02
8.089452e-02
8.112267e-02
8.211909e-02
8.311551e-02
8.411193e-02
8.510836e-02
8.610478e-02
8.710120e-02
8.809762e-02
8.909404e-02
9.009046e-02
9.108688e-02
9.208331e-02
9.307973e-02
9.407615e-02
9.507257e-02
9.606899e-02
9.706541e-02
9.806183e-02
9.905826e-02
1.000547e-01
1.010511e-01
1.020475e-01
1.030439e-01
1.040404e-01
1.050368e-01
1.060332e-01
1.070296e-01
1.080260e-01
1.090225e-01
1.100189e-01
1.110153e-01
1.120117e-01
1.130082e-01
1.140046e-01
1.150010e-01
1.159974e-01
1.169938e-01
1.179903e-01
1.189867e-01
1.199831e-01
1.209795e-01
1.219759e-01
1.229724e-01
1.239688e-01
1.249652e-01
1.259616e-01
1.269581e-01
1.279545e-01
1.289509e-01
1.299473e-01
1.309437e-01
1.319402e-01
1.329366e-01
1.339330e-01
1.349294e-01
1.359258e-01
1.369223e-01
1.379187e-01
1.389151e-01
1.399115e-01
1.409080e-01
1.419044e-01
1.429008e-01
1.438972e-01
1.448936e-01
1.458901e-01
1.468865e-01
1.478829e-01
1.488793e-01
1.498758e-01
1.508722e-01
1.518686e-01
1.528650e-01
1.538614e-01
1.548579e-01
1.558543e-01
1.568507e-01
1.578471e-01
1.588435e-01
1.598400e-01
1.608364e-01
1.618328e-01
1.628292e-01
1.638257e-01
1.648221e-01
1.658185e-01
1.668149e-01
1.678113e-01
1.688078e-01
1.698042e-01
1.708006e-01
1.717970e-01
1.727934e-01
1.737899e-01
1.747863e-01
1.757827e-01
1.767791e-01
1.777756e-01
1.787720e-01
1.797684e-01
1.807648e-01
1.817612e-01
1.827577e-01
1.837541e-01
1.847505e-01
1.857469e-01
1.867433e-01
1.877398e-01
1.887362e-01
1.897326e-01
1.907290e-01
1.917255e-01
1.927219e-01
1.937183e-01
1.947147e-01
1.957111e-01
1.967076e-01
1.977040e-01
1.987004e-01
1.996968e-01
2.006932e-01
2.016897e-01
2.026861e-01
2.036825e-01
2.046789e-01
2.056754e-01
2.066718e-01
2.076682e-01
2.086646e-01
2.096610e-01
2.106575e-01
2.116539e-01
2.126503e-01
2.136467e-01
2.146431e-01
2.156396e-01
2.166360e-01
2.176324e-01
2.186288e-01
2.196253e-01
2.206217e-01
2.216181e-01
2.226145e-01
2.236109e-01
2.246074e-01
2.256038e-01
2.266002e-01
2.275966e-01
2.285930e-01
2.295895e-01
2.305859e-01
2.315823e-01
2.325787e-01
2.335752e-01
2.345716e-01
2.355680e-01
2.365644e-01
2.375608e-01
2.385573e-01
2.395537e-01
2.405501e-01
2.415465e-01
2.425429e-01
2.435394e-01
2.445358e-01
2.455322e-01
2.465286e-01
2.475251e-01
2.485215e-01
2.495179e-01
2.505143e-01
2.515107e-01
2.525072e-01
2.535036e-01
2.545000e-01
2.554964e-01
2.564928e-01
2.574893e-01
2.584857e-01
2.594821e-01
2.604785e-01
2.614750e-01
2.624714e-01
2.634678e-01
2.644642e-01
2.654606e-01
2.664571e-01
2.674535e-01
2.684499e-01
2.694463e-01
2.704427e-01
2.714392e-01
2.724356e-01
2.734320e-01
2.744284e-01
2.754249e-01
2.764213e-01
2.774177e-01
2.784141e-01
2.794105e-01
2.804070e-01
2.814034e-01
2.823998e-01
2.833962e-01
2.843926e-01
2.853891e-01
2.863855e-01
2.873819e-01
2.883783e-01
2.893748e-01
2.903712e-01
2.913676e-01
2.923640e-01
2.933604e-01
2.943569e-01
2.953533e-01
2.963497e-01
2.973461e-01
2.983425e-01
2.993390e-01
3.003354e-01
3.013318e-01
3.023282e-01
3.033247e-01
3.043211e-01
3.053175e-01
3.063139e-01
3.073103e-01
3.083068e-01
3.093032e-01
3.102996e-01
3.112960e-01
3.122924e-01
3.132889e-01
3.142853e-01
3.152817e-01
3.162781e-01
3.172746e-01
3.182710e-01
3.192674e-01
3.202638e-01
3.212602e-01
3.222567e-01
3.232531e-01
3.242495e-01
3.252459e-01
3.262423e-01
3.272388e-01
3.282352e-01
3.292316e-01
3.302280e-01
3.312245e-01
3.322209e-01
3.332173e-01
3.342137e-01
3.352101e-01
3.362066e-01
3.372030e-01
3.381994e-01
3.391958e-01
3.401922e-01
3.411887e-01
3.421851e-01
3.431815e-01
3.441779e-01
3.451744e-01
3.461708e-01
3.471672e-01
3.481636e-01
3.491600e-01
3.501565e-01
3.511529e-01
3.521493e-01
3.531457e-01
3.541421e-01
3.551386e-01
3.561350e-01
3.571314e-01
3.581278e-01
3.591243e-01
3.601207e-01
3.611171e-01
3.621135e-01
3.631099e-01
3.641064e-01
3.651028e-01
3.660992e-01
3.670956e-01
3.680920e-01
3.690885e-01
3.700849e-01
3.710813e-01
3.720777e-01
3.730742e-01
3.740706e-01
3.750670e-01
3.760634e-01
3.770598e-01
3.780563e-01
3.790527e-01
3.800491e-01
3.810455e-01
3.820419e-01
3.830384e-01
3.840348e-01
3.850312e-01
3.860276e-01
3.870241e-01
3.880205e-01
3.890169e-01
3.900133e-01
3.910097e-01
3.920062e-01
3.930026e-01
3.939990e-01
3.949954e-01
3.959918e-01
3.969883e-01
3.979847e-01
3.989811e-01
3.999775e-01
4.009740e-01
4.019704e-01
4.029668e-01
4.039632e-01
4.049596e-01
4.059561e-01
4.069525e-01
4.079489e-01
4.089453e-01
4.099417e-01
4.109382e-01
4.119346e-01
4.129310e-01
4.139274e-01
4.149239e-01
4.159203e-01
4.169167e-01
4.179131e-01
4.189095e-01
4.199060e-01
4.209024e-01
4.218988e-01
4.228952e-01
4.238916e-01
4.248881e-01
4.258845e-01
4.268809e-01
4.278773e-01
4.288738e-01
4.298702e-01
4.308666e-01
4.318630e-01
4.328594e-01
4.338559e-01
4.348523e-01
4.358487e-01
4.368451e-01
4.378415e-01
4.388380e-01
4.398344e-01
4.408308e-01
4.418272e-01
4.428237e-01
4.438201e-01
4.448165e-01
4.458129e-01
4.468093e-01
4.478058e-01
4.488022e-01
4.497986e-01
4.507950e-01
4.517914e-01
4.527879e-01
4.537843e-01
4.547807e-01
4.557771e-01
4.567736e-01
4.577700e-01
4.587664e-01
4.597628e-01
4.607592e-01
4.617557e-01
4.627521e-01
4.637485e-01
4.647449e-01
4.657413e-01
4.667378e-01
4.677342e-01
4.687306e-01
4.697270e-01
4.707235e-01
4.717199e-01
4.727163e-01
4.737127e-01
4.747091e-01
4.757056e-01
4.767020e-01
4.776984e-01
4.786948e-01
4.796912e-01
4.806877e-01
4.816841e-01
4.826805e-01
4.836769e-01
4.846734e-01
4.856698e-01
4.866662e-01
4.886868e-01
4.907074e-01
4.927280e-01
4.947487e-01
4.967693e-01
4.987899e-01
5.008105e-01
5.028311e-01
5.048517e-01
5.068723e-01
5.088929e-01
5.109135e-01
5.129341e-01
5.149547e-01
5.169754e-01
5.189960e-01
5.210166e-01
5.230372e-01
5.250578e-01
5.270784e-01
5.290990e-01
5.311196e-01
5.331402e-01
5.351608e-01
5.371814e-01
5.392021e-01
5.412227e-01
5.432433e-01
5.452639e-01
5.472845e-01
5.493051e-01
5.513257e-01
5.533463e-01
5.553669e-01
5.573875e-01
5.594081e-01
5.614288e-01
5.634494e-01
5.654700e-01
5.674906e-01
5.695112e-01
5.715318e-01
5.735524e-01
5.755730e-01
5.775936e-01
5.796142e-01
5.816348e-01
5.836554e-01
5.856761e-01
5.876967e-01
5.897173e-01
5.917379e-01
5.937585e-01
5.957791e-01
5.977997e-01
5.998203e-01
6.018409e-01
6.038615e-01
6.058821e-01
6.079028e-01
6.099234e-01
6.119440e-01
6.139646e-01
6.159852e-01
6.180058e-01
6.200264e-01
6.220470e-01
6.240676e-01
6.260882e-01
6.281088e-01
6.301295e-01
6.321501e-01
6.341707e-01
6.361913e-01
6.382119e-01
6.402325e-01
6.422531e-01
6.442737e-01
6.462943e-01
6.483149e-01
6.503355e-01
6.523562e-01
6.543768e-01
6.563974e-01
6.584180e-01
6.604386e-01
6.624592e-01
6.644798e-01
6.665004e-01
6.685210e-01
6.705416e-01
6.725622e-01
6.745828e-01
6.766035e-01
6.786241e-01
6.806447e-01
6.826653e-01
6.846859e-01
6.867065e-01
6.887271e-01
6.908831e-01
6.930391e-01
6.951951e-01
6.973511e-01
6.995071e-01
7.016631e-01
7.038191e-01
7.059752e-01
7.081311e-01
7.102871e-01
7.124432e-01
7.145991e-01
7.167551e-01
7.189112e-01
7.210672e-01
7.232231e-01
7.253792e-01
7.275352e-01
7.296912e-01
7.318472e-01
7.340032e-01
7.361592e-01
7.383153e-01
7.404712e-01
7.426272e-01
7.447833e-01
7.469392e-01
7.490952e-01
7.512513e-01
7.534073e-01
7.555632e-01
7.577193e-01
7.598753e-01
7.620313e-01
7.641873e-01
7.663433e-01
7.684993e-01
7.706553e-01
7.728113e-01
7.749673e-01
7.771233e-01
7.792793e-01
7.814353e-01
7.835913e-01
7.857473e-01
7.879033e-01
7.900594e-01
7.922153e-01
7.943713e-01
7.965274e-01
7.986833e-01
8.008393e-01
8.029954e-01
8.051514e-01
8.073073e-01
8.094634e-01
8.116194e-01
8.137754e-01
8.159314e-01
8.180874e-01
8.202434e-01
8.223994e-01
8.245554e-01
8.267114e-01
8.288674e-01
8.310234e-01
8.331794e-01
8.353354e-01
8.374914e-01
8.396474e-01
8.418034e-01
8.439594e-01
8.461154e-01
8.482715e-01
8.504274e-01
8.525834e-01
8.547395e-01
8.568955e-01
8.590514e-01
8.612075e-01
8.633635e-01
8.655195e-01
8.676755e-01
8.698315e-01
8.719875e-01
8.741435e-01
8.762995e-01
8.784555e-01
8.806115e-01
8.827675e-01
8.849235e-01
8.870795e-01
8.892355e-01
8.913915e-01
8.935475e-01
8.957035e-01
8.978595e-01
9.000156e-01
9.021715e-01
9.043275e-01
9.064836e-01
9.086396e-01
9.107955e-01
9.129516e-01
9.151076e-01
9.172636e-01
9.194196e-01
9.215756e-01
9.237316e-01
9.258876e-01
9.280436e-01
9.301996e-01
9.323556e-01
9.345116e-01
9.366676e-01
9.388236e-01
9.409796e-01
9.431356e-01
9.452916e-01
9.474476e-01
9.496036e-01
9.517597e-01
9.539156e-01
9.560716e-01
9.582277e-01
9.603837e-01
9.625396e-01
9.646957e-01
9.668517e-01
9.690077e-01
9.711637e-01
9.733197e-01
9.754757e-01
9.776317e-01
9.797877e-01
9.819437e-01
9.840997e-01
9.862557e-01
9.884117e-01
9.905679e-01
9.927238e-01
9.948795e-01
9.970359e-01
9.991918e-01
1.001348e+00
1.003504e+00
1.005660e+00
1.007816e+00
1.009972e+00
1.012128e+00
1.014284e+00
1.016440e+00
1.018596e+00
1.020751e+00
1.022908e+00
1.025064e+00
1.027220e+00
1.029376e+00
1.031532e+00
1.033687e+00
1.035844e+00
1.038000e+00
1.040156e+00
1.042312e+00
1.044468e+00
1.046623e+00
1.048780e+00
1.050936e+00
1.053092e+00
1.055248e+00
1.057404e+00
1.059559e+00
1.061716e+00
1.063872e+00
1.066028e+00
1.068184e+00
1.070340e+00
1.072496e+00
1.074652e+00
1.076808e+00
1.078964e+00
1.081120e+00
1.083276e+00
1.085432e+00
1.087588e+00
1.089744e+00
1.091900e+00
1.094056e+00
1.096212e+00
1.098368e+00
1.100524e+00
1.102680e+00
1.104836e+00
1.106992e+00
1.109148e+00
1.111304e+00
1.113460e+00
1.115616e+00
1.117772e+00
1.119928e+00
1.122084e+00
1.124459e+00
1.126834e+00
1.129209e+00
1.131584e+00
1.133959e+00
1.136334e+00
1.138709e+00
1.141083e+00
1.143459e+00
1.145834e+00
1.148208e+00
1.150583e+00
1.152959e+00
1.155333e+00
1.157709e+00
1.160083e+00
1.162458e+00
1.164833e+00
1.167208e+00
1.169583e+00
1.171958e+00
1.174333e+00
1.176708e+00
1.179083e+00
1.181458e+00
1.183833e+00
1.186208e+00
1.188582e+00
1.190958e+00
1.193333e+00
1.195707e+00
1.198083e+00
1.200458e+00
1.202832e+00
1.205207e+00
1.207583e+00
1.209957e+00
1.212332e+00
1.214707e+00
1.217082e+00
1.219457e+00
1.221832e+00
1.224207e+00
1.226582e+00
1.228957e+00
1.231332e+00
1.233707e+00
1.236082e+00
1.238457e+00
1.240832e+00
1.243206e+00
1.245582e+00
1.247957e+00
1.250331e+00
1.252706e+00
1.255082e+00
1.257456e+00
1.259831e+00
1.262207e+00
1.264581e+00
1.266956e+00
1.269331e+00
1.271706e+00
1.274081e+00
1.276456e+00
1.278831e+00
1.281206e+00
1.283581e+00
1.285956e+00
1.288331e+00
1.290706e+00
1.293081e+00
1.295456e+00
1.297831e+00
1.300206e+00
1.302581e+00
1.304955e+00
1.307330e+00
1.309706e+00
1.312080e+00
1.314455e+00
1.316830e+00
1.319205e+00
1.321580e+00
1.323955e+00
1.326330e+00
1.328705e+00
1.331080e+00
1.333455e+00
1.335830e+00
1.338205e+00
1.340580e+00
1.342955e+00
1.345330e+00
1.347705e+00
1.350080e+00
1.352455e+00
1.354829e+00
1.357204e+00
1.359580e+00
1.361954e+00
1.364330e+00
1.366705e+00
1.369079e+00
1.371454e+00
1.373829e+00
1.376204e+00
1.378579e+00
1.380954e+00
1.383329e+00
1.385704e+00
1.388079e+00
1.390454e+00
1.392829e+00
1.395203e+00
1.397579e+00
1.399954e+00
1.402329e+00
1.404704e+00
1.407079e+00
1.409453e+00
1.411829e+00
1.414204e+00
1.416578e+00
1.418953e+00
1.421328e+00
1.423703e+00
1.426078e+00
1.428454e+00
1.430828e+00
1.433203e+00
1.435578e+00
1.437953e+00
1.440328e+00
1.442703e+00
1.445078e+00
1.447453e+00
1.449828e+00
1.452203e+00
1.454578e+00
1.456952e+00
1.459327e+00
1.461703e+00
1.464077e+00
1.466452e+00
1.468828e+00
1.471202e+00
1.473577e+00
1.475953e+00
1.478327e+00
1.480702e+00
1.483077e+00
1.485452e+00
1.487827e+00
1.490202e+00
1.492577e+00
1.494952e+00
1.497327e+00
1.499702e+00
1.502077e+00
1.504452e+00
1.506827e+00
1.509202e+00
1.511577e+00
1.513952e+00
1.516327e+00
1.518701e+00
1.521076e+00
1.523451e+00
1.525826e+00
1.528201e+00
1.530576e+00
1.532951e+00
1.535326e+00
1.537701e+00
1.540076e+00
1.542451e+00
1.544826e+00
1.547201e+00
1.549576e+00
1.551951e+00
1.554326e+00
1.556701e+00
1.559076e+00
1.561450e+00
1.563826e+00
1.566201e+00
1.568575e+00
1.570951e+00
1.573326e+00
1.575700e+00
1.578076e+00
1.580451e+00
1.582825e+00
1.585200e+00
1.587575e+00
1.589950e+00
1.592325e+00
1.594700e+00
1.597075e+00
1.599450e+00
1.601824e+00
1.604200e+00
1.606575e+00
1.608950e+00
1.611325e+00
1.613700e+00
1.616075e+00
1.618450e+00
1.620825e+00
1.623199e+00
1.625574e+00
1.627949e+00
1.630324e+00
1.632699e+00
1.635075e+00
1.637449e+00
1.639824e+00
1.642200e+00
1.644574e+00
1.646949e+00
1.649324e+00
1.651699e+00
1.654074e+00
1.656449e+00
1.658824e+00
1.661199e+00
1.663573e+00
1.665948e+00
1.668324e+00
1.670698e+00
1.673074e+00
1.675449e+00
1.677823e+00
1.680199e+00
1.682574e+00
1.684948e+00
1.687323e+00
1.689698e+00
1.692073e+00
1.694448e+00
1.696823e+00
1.699198e+00
1.701573e+00
1.703948e+00
1.706323e+00
1.708698e+00
1.711073e+00
1.713448e+00
1.715823e+00
1.718198e+00
1.720573e+00
1.722948e+00
1.725323e+00
1.727697e+00
1.730072e+00
1.732447e+00
1.734822e+00
1.737197e+00
1.739572e+00
1.741947e+00
1.744323e+00
1.746697e+00
1.749072e+00
1.751447e+00
1.753822e+00
1.756197e+00
1.758572e+00
1.760947e+00
1.763322e+00
1.765697e+00
1.768071e+00
1.770447e+00
1.772822e+00
1.775196e+00
1.777572e+00
1.779947e+00
1.782322e+00
1.784697e+00
1.787072e+00
1.789446e+00
1.791821e+00
1.794196e+00
1.796571e+00
1.798946e+00
1.801321e+00
1.803696e+00
1.806071e+00
1.808446e+00
1.810821e+00
1.813196e+00
1.815571e+00
1.817946e+00
1.820321e+00
1.822696e+00
1.825071e+00
1.827446e+00
1.829820e+00
1.832195e+00
1.834571e+00
1.836945e+00
1.839320e+00
1.842864e+00
1.846408e+00
1.849951e+00
1.853495e+00
1.857039e+00
1.860582e+00
1.864126e+00
1.867670e+00
1.871213e+00
1.874757e+00
1.878301e+00
1.881844e+00
1.885388e+00
1.888932e+00
1.892475e+00
1.896019e+00
1.899563e+00
1.903107e+00
1.906650e+00
1.910193e+00
1.913738e+00
1.917281e+00
1.920824e+00
1.924369e+00
1.927912e+00
1.931455e+00
1.935000e+00
1.938543e+00
1.942087e+00
1.945631e+00
1.949174e+00
1.952718e+00
1.956261e+00
1.959805e+00
1.963349e+00
1.966892e+00
1.970436e+00
1.973980e+00
1.977523e+00
1.981068e+00
1.984611e+00
1.988154e+00
1.991699e+00
1.995242e+00
1.998785e+00
2.002329e+00
2.005873e+00
2.009416e+00
2.012960e+00
2.016504e+00
2.020048e+00
2.023591e+00
2.027135e+00
2.030679e+00
2.034222e+00
2.037766e+00
2.041310e+00
2.044853e+00
2.048396e+00
2.051941e+00
2.055484e+00
2.059028e+00
2.062572e+00
2.066115e+00
2.069659e+00
2.073203e+00
2.076746e+00
2.080290e+00
2.083834e+00
2.087377e+00
2.090921e+00
2.094464e+00
2.098008e+00
2.101552e+00
2.105095e+00
2.108639e+00
2.112183e+00
2.115726e+00
2.119270e+00
2.122814e+00
2.126357e+00
2.129901e+00
2.133445e+00
2.136989e+00
2.140532e+00
2.144076e+00
2.147620e+00
2.151163e+00
2.154707e+00
2.158251e+00
2.161794e+00
2.165338e+00
2.168882e+00
2.172425e+00
2.175969e+00
2.179513e+00
2.183056e+00
2.186600e+00
2.190144e+00
2.193687e+00
2.197231e+00
2.200774e+00
2.204318e+00
2.207862e+00
2.211405e+00
2.214949e+00
2.218493e+00
2.222036e+00
2.225580e+00
2.229124e+00
2.232667e+00
2.236211e+00
2.239755e+00
2.243298e+00
2.246842e+00
2.250386e+00
2.253929e+00
2.257473e+00
2.261017e+00
2.264561e+00
2.268104e+00
2.271648e+00
2.275192e+00
2.278735e+00
2.282279e+00
2.285823e+00
2.289366e+00
2.292910e+00
2.296454e+00
2.299997e+00
2.303541e+00
2.307084e+00
2.310628e+00
2.314172e+00
2.317715e+00
2.321259e+00
2.324803e+00
2.328346e+00
2.331890e+00
2.335434e+00
2.338977e+00
2.342521e+00
2.346065e+00
2.349608e+00
2.353152e+00
2.356696e+00
2.360239e+00
2.363783e+00
2.367327e+00
2.370870e+00
2.374414e+00
2.377958e+00
2.381502e+00
2.385045e+00
2.388589e+00
2.392133e+00
2.395676e+00
2.399219e+00
2.402763e+00
2.406307e+00
2.409850e+00
2.413394e+00
2.416938e+00
2.420482e+00
2.424025e+00
2.427569e+00
2.431113e+00
2.434656e+00
2.438200e+00
2.441744e+00
2.445287e+00
2.448831e+00
2.452375e+00
2.455918e+00
2.459462e+00
2.463006e+00
2.466549e+00
2.470093e+00
2.473637e+00
2.477180e+00
2.480724e+00
2.484268e+00
2.487811e+00
2.491355e+00
2.494899e+00
2.498443e+00
2.501986e+00
2.505529e+00
2.509073e+00
2.512617e+00
2.516160e+00
2.519704e+00
2.523248e+00
2.526791e+00
2.530335e+00
2.533879e+00
2.537423e+00
2.540966e+00
2.544510e+00
2.548054e+00
2.551597e+00
2.554853e+00
2.558109e+00
2.561364e+00
2.564619e+00
2.567875e+00
2.571130e+00
2.574386e+00
2.577642e+00
2.580897e+00
2.584152e+00
2.587408e+00
2.590663e+00
2.593919e+00
2.597175e+00
2.600430e+00
2.603686e+00
2.606941e+00
2.610197e+00
2.613452e+00
2.616707e+00
2.619963e+00
2.623219e+00
2.626474e+00
2.629730e+00
2.632985e+00
2.636240e+00
2.639496e+00
2.642752e+00
2.646007e+00
2.649263e+00
2.652518e+00
2.655773e+00
2.659030e+00
2.662285e+00
2.665540e+00
2.668796e+00
2.672051e+00
2.675307e+00
2.678563e+00
2.681818e+00
2.685073e+00
2.688329e+00
2.691584e+00
2.694840e+00
2.698096e+00
2.701351e+00
2.704606e+00
2.707862e+00
2.711118e+00
2.714373e+00
2.717628e+00
2.720884e+00
2.724139e+00
2.727395e+00
2.730651e+00
2.733906e+00
2.737161e+00
2.740417e+00
2.743673e+00
2.746928e+00
2.750184e+00
2.753439e+00
2.756695e+00
2.759950e+00
2.763206e+00
2.766461e+00
2.769717e+00
2.772972e+00
2.776228e+00
2.779483e+00
2.782739e+00
2.785994e+00
2.789250e+00
2.792506e+00
2.795761e+00
2.799017e+00
2.802272e+00
2.805527e+00
2.808783e+00
2.812039e+00
2.815294e+00
2.818550e+00
2.821805e+00
2.825060e+00
2.828316e+00
2.831572e+00
2.834827e+00
2.838082e+00
2.841338e+00
2.844593e+00
2.847849e+00
2.851105e+00
2.854360e+00
2.857615e+00
2.860871e+00
2.864126e+00
2.867382e+00
2.870638e+00
2.873893e+00
2.877149e+00
2.880404e+00
2.883660e+00
2.886915e+00
2.890171e+00
2.893426e+00
2.896682e+00
2.899937e+00
2.903193e+00
2.906448e+00
2.909704e+00
2.912959e+00
2.916215e+00
2.919470e+00
2.922726e+00
2.925981e+00
2.929237e+00
2.932493e+00
2.935748e+00
2.939003e+00
2.942259e+00
2.945514e+00
2.948770e+00
2.952026e+00
2.955281e+00
2.958536e+00
2.961792e+00
2.965047e+00
2.968303e+00
2.971559e+00
2.974814e+00
2.978069e+00
2.981325e+00
2.984581e+00
2.987836e+00
2.991092e+00
2.994347e+00
2.997602e+00
3.000858e+00
3.004114e+00
3.007369e+00
3.010625e+00
3.013880e+00
3.017136e+00
3.020392e+00
3.023647e+00
3.026902e+00
3.030158e+00
3.033413e+00
3.036669e+00
3.039925e+00
3.043180e+00
3.046435e+00
3.049691e+00
3.052946e+00
3.056202e+00
3.059457e+00
3.062713e+00
3.065969e+00
3.069224e+00
3.072480e+00
3.075735e+00
3.078990e+00
3.082246e+00
3.085502e+00
3.088757e+00
3.092013e+00
3.095268e+00
3.098523e+00
3.101780e+00
3.105035e+00
3.108290e+00
3.111546e+00
3.114801e+00
3.118056e+00
3.121313e+00
3.124568e+00
3.127823e+00
3.131079e+00
3.134334e+00
3.137589e+00
3.140846e+00
3.144101e+00
3.147356e+00
3.150612e+00
3.153867e+00
3.157123e+00
3.160378e+00
3.163634e+00
3.166889e+00
3.170145e+00
3.173400e+00
3.176656e+00
3.179911e+00
3.183167e+00
3.186422e+00
3.189678e+00
3.192934e+00
3.196189e+00
3.199444e+00
3.202700e+00
3.205956e+00
3.209689e+00
3.213422e+00
3.217156e+00
3.220890e+00
3.224623e+00
3.228356e+00
3.232089e+00
3.235823e+00
3.239556e+00
3.243289e+00
3.247023e+00
3.250757e+00
3.254490e+00
3.258223e+00
3.261957e+00
3.265690e+00
3.269424e+00
3.273157e+00
3.276890e+00
3.280624e+00
3.284357e+00
3.288090e+00
3.291824e+00
3.295557e+00
3.299291e+00
3.303024e+00
3.306757e+00
3.310491e+00
3.314224e+00
3.317958e+00
3.321691e+00
3.325424e+00
3.329158e+00
3.332891e+00
3.336625e+00
3.340358e+00
3.344092e+00
3.347825e+00
3.351558e+00
3.355291e+00
3.359025e+00
3.362759e+00
3.366492e+00
3.370225e+00
3.373959e+00
3.377692e+00
3.381425e+00
3.385159e+00
3.388892e+00
3.392626e+00
3.396359e+00
3.400092e+00
3.403826e+00
3.407559e+00
3.411293e+00
3.415026e+00
3.418759e+00
3.422493e+00
3.426226e+00
3.429960e+00
3.433693e+00
3.437426e+00
3.441160e+00
3.444893e+00
3.448626e+00
3.452360e+00
3.456094e+00
3.459827e+00
3.463560e+00
3.467294e+00
3.471027e+00
3.474760e+00
3.478494e+00
3.482227e+00
3.485961e+00
3.489694e+00
3.493427e+00
3.497161e+00
3.500894e+00
3.504628e+00
3.508361e+00
3.512094e+00
3.515828e+00
3.519561e+00
3.523295e+00
3.527028e+00
3.530761e+00
3.534495e+00
3.538228e+00
3.541961e+00
3.545695e+00
3.549428e+00
3.553162e+00
3.556895e+00
3.560628e+00
3.564362e+00
3.568095e+00
3.571829e+00
3.575562e+00
3.579296e+00
3.583029e+00
3.586762e+00
3.590495e+00
3.594229e+00
3.597963e+00
3.601696e+00
3.605429e+00
3.609163e+00
3.612896e+00
3.616629e+00
3.620363e+00
3.624096e+00
3.627830e+00
3.631563e+00
3.635296e+00
3.639030e+00
3.642763e+00
3.646497e+00
3.650230e+00
3.653963e+00
3.657697e+00
3.661430e+00
3.665164e+00
3.668897e+00
3.672630e+00
3.676364e+00
3.680097e+00
3.683830e+00
3.687564e+00
3.691298e+00
3.695031e+00
3.698764e+00
3.702498e+00
3.706231e+00
3.709964e+00
3.713698e+00
3.717431e+00
3.721165e+00
3.724898e+00
3.728631e+00
3.732365e+00
3.736098e+00
3.739832e+00
3.743565e+00
3.747298e+00
3.751032e+00
3.754765e+00
3.758499e+00
3.762232e+00
3.765965e+00
3.769699e+00
3.773432e+00
3.777165e+00
3.780899e+00
3.784633e+00
3.788366e+00
3.792099e+00
3.795832e+00
3.799566e+00
3.803300e+00
3.807033e+00
3.810766e+00
3.814500e+00
3.818233e+00
3.821966e+00
3.825700e+00
3.829433e+00
3.833167e+00
3.836900e+00
3.840633e+00
3.844367e+00
3.848100e+00
3.851834e+00
3.855567e+00
3.859300e+00
3.863034e+00
3.866768e+00
3.870500e+00
3.874234e+00
3.877967e+00
3.881701e+00
3.885434e+00
3.889167e+00
3.892901e+00
3.896635e+00
3.900368e+00
3.904101e+00
3.907835e+00
3.911568e+00
3.915302e+00
3.919034e+00
3.922768e+00
3.926502e+00
3.930235e+00
3.933968e+00
3.937702e+00
3.941435e+00
3.945169e+00
3.948903e+00
3.952635e+00
3.956369e+00
3.960102e+00
3.963836e+00
3.967569e+00
3.971302e+00
3.975036e+00
3.978770e+00
3.982502e+00
3.986236e+00
3.989970e+00
3.993703e+00
3.997437e+00
4.001169e+00
4.004903e+00
4.008637e+00
4.012370e+00
4.016103e+00
4.019837e+00
4.023570e+00
4.027304e+00
4.031037e+00
4.034770e+00
4.038504e+00
4.042237e+00
4.045971e+00
4.049704e+00
4.053437e+00
4.057171e+00
4.060904e+00
4.064637e+00
4.068371e+00
4.072104e+00
4.075838e+00
4.079571e+00
4.083304e+00
4.087038e+00
4.090772e+00
4.094505e+00
4.098238e+00
4.101972e+00
4.105705e+00
4.109438e+00
4.113171e+00
4.116905e+00
4.120639e+00
4.124372e+00
4.128105e+00
4.131839e+00
4.135572e+00
4.139306e+00
4.143039e+00
4.146772e+00
4.150506e+00
4.154239e+00
4.157973e+00
4.161706e+00
4.165439e+00
4.169173e+00
4.172906e+00
4.176639e+00
4.180373e+00
4.184107e+00
4.187840e+00
4.191573e+00
4.195306e+00
4.199040e+00
4.202773e+00
4.206507e+00
4.210240e+00
4.213974e+00
4.217707e+00
4.221440e+00
4.225174e+00
4.228907e+00
4.232641e+00
4.236374e+00
4.240107e+00
4.243841e+00
4.247574e+00
4.251308e+00
4.255041e+00
4.258774e+00
4.262508e+00
4.266241e+00
4.269974e+00
4.273708e+00
4.277441e+00
4.281175e+00
4.284908e+00
4.288641e+00
4.292375e+00
4.296108e+00
4.299842e+00
4.303575e+00
4.307309e+00
4.311042e+00
4.314775e+00
4.318508e+00
4.322242e+00
4.325976e+00
4.329709e+00
4.333442e+00
4.337546e+00
4.341649e+00
4.345753e+00
4.349857e+00
4.353961e+00
4.358064e+00
4.362168e+00
4.366272e+00
4.370375e+00
4.374479e+00
4.378583e+00
4.382687e+00
4.386790e+00
4.390894e+00
4.394997e+00
4.399101e+00
4.403204e+00
4.407309e+00
4.411412e+00
4.415516e+00
4.419619e+00
4.423723e+00
4.427826e+00
4.431930e+00
4.436034e+00
4.440138e+00
4.444241e+00
4.448345e+00
4.452449e+00
4.456552e+00
4.460656e+00
4.464760e+00
4.468864e+00
4.472967e+00
4.477071e+00
4.481175e+00
4.485278e+00
4.489382e+00
4.493486e+00
4.497589e+00
4.501693e+00
4.505796e+00
4.509900e+00
4.514004e+00
4.518107e+00
4.522211e+00
4.526315e+00
4.530419e+00
4.534522e+00
4.538626e+00
4.542729e+00
4.546833e+00
4.550937e+00
4.555041e+00
4.559145e+00
4.563248e+00
4.567352e+00
4.571455e+00
4.575559e+00
4.579663e+00
4.583767e+00
4.587870e+00
4.591974e+00
4.596077e+00
4.600181e+00
4.604284e+00
4.608388e+00
4.612492e+00
4.616596e+00
4.620699e+00
4.624803e+00
4.628906e+00
4.633010e+00
4.637114e+00
4.641218e+00
4.645322e+00
4.649425e+00
4.653529e+00
4.657632e+00
4.661736e+00
4.665840e+00
4.669944e+00
4.674047e+00
4.678151e+00
4.682254e+00
4.686358e+00
4.690462e+00
4.694566e+00
4.698669e+00
4.702773e+00
4.706876e+00
4.710980e+00
4.715084e+00
4.719187e+00
4.723292e+00
4.727395e+00
4.731499e+00
4.735602e+00
4.739706e+00
4.743809e+00
4.747913e+00
4.752017e+00
4.756121e+00
4.760225e+00
4.764328e+00
4.768432e+00
4.772535e+00
4.776639e+00
4.780743e+00
4.784846e+00
4.788950e+00
4.793054e+00
4.797157e+00
4.801261e+00
4.805364e+00
4.809469e+00
4.813572e+00
4.817676e+00
4.821779e+00
4.825883e+00
4.829986e+00
4.834090e+00
4.838195e+00
4.842298e+00
4.846402e+00
4.850505e+00
4.854609e+00
4.858712e+00
4.862817e+00
4.866920e+00
4.871024e+00
4.875127e+00
4.879231e+00
4.883334e+00
4.887438e+00
4.891542e+00
4.895646e+00
4.899749e+00
4.903853e+00
4.907956e+00
4.912060e+00
4.916164e+00
4.920268e+00
4.924372e+00
4.928475e+00
4.932579e+00
4.936682e+00
4.940786e+00
4.944889e+00
4.948994e+00
4.953097e+00
4.957201e+00
4.961304e+00
4.965408e+00
4.969512e+00
4.973615e+00
4.977719e+00
4.981823e+00
4.985926e+00
4.990030e+00
4.994134e+00
4.998237e+00
5.002341e+00
5.006445e+00
5.010549e+00
5.014652e+00
5.018756e+00
5.022859e+00
5.026963e+00
5.031067e+00
5.035171e+00
5.039275e+00
5.043378e+00
5.047482e+00
5.051585e+00
5.055689e+00
5.059792e+00
5.063896e+00
5.068000e+00
5.072104e+00
5.076207e+00
5.080311e+00
5.084414e+00
5.088518e+00
5.092622e+00
5.096726e+00
5.100829e+00
5.104933e+00
5.109036e+00
5.113140e+00
5.117244e+00
5.121348e+00
5.125452e+00
5.129555e+00
5.133659e+00
5.137762e+00
5.141866e+00
5.145970e+00
5.150074e+00
5.154177e+00
5.158281e+00
5.162384e+00
5.166488e+00
5.170592e+00
5.174695e+00
5.178799e+00
5.182903e+00
5.187006e+00
5.191110e+00
5.195214e+00
5.199317e+00
5.203421e+00
5.207525e+00
5.211629e+00
5.215732e+00
5.219836e+00
5.223939e+00
5.228043e+00
5.232147e+00
5.236251e+00
5.240354e+00
5.244458e+00
5.248562e+00
5.252665e+00
5.256769e+00
5.260872e+00
5.264976e+00
5.269080e+00
5.273184e+00
5.277287e+00
5.281391e+00
5.285494e+00
5.289598e+00
5.293702e+00
5.297806e+00
5.301909e+00
5.306013e+00
5.310117e+00
5.314220e+00
5.318324e+00
5.322428e+00
5.326532e+00
5.330635e+00
5.334739e+00
5.338842e+00
5.342946e+00
5.347050e+00
5.351154e+00
5.355257e+00
5.359361e+00
5.363464e+00
5.367568e+00
5.371672e+00
5.375775e+00
5.379879e+00
5.383983e+00
5.388086e+00
5.392190e+00
5.396294e+00
5.400397e+00
5.404501e+00
5.408605e+00
5.412709e+00
5.416812e+00
5.420916e+00
5.425020e+00
5.429123e+00
5.433227e+00
5.437331e+00
5.441434e+00
5.445538e+00
5.449642e+00
5.453745e+00
5.457849e+00
5.461952e+00
5.466056e+00
5.470160e+00
5.474264e+00
5.478367e+00
5.482471e+00
5.486574e+00
5.490678e+00
5.494782e+00
5.498886e+00
5.502990e+00
5.507093e+00
5.511197e+00
5.515300e+00
5.519404e+00
5.523508e+00
5.527612e+00
5.531715e+00
5.535819e+00
5.539922e+00
5.544026e+00
5.548130e+00
5.552234e+00
5.556337e+00
5.560441e+00
5.564544e+00
5.568648e+00
5.572752e+00
5.576855e+00
5.580959e+00
5.585063e+00
5.589167e+00
5.593270e+00
5.597374e+00
5.601477e+00
5.605581e+00
5.609685e+00
5.613789e+00
5.617892e+00
5.621996e+00
5.626100e+00
5.630203e+00
5.634307e+00
5.638411e+00
5.642514e+00
5.646618e+00
5.650722e+00
5.654825e+00
5.658929e+00
5.663032e+00
5.667136e+00
5.671240e+00
5.675344e+00
5.679447e+00
5.683551e+00
5.687654e+00
5.691758e+00
5.695862e+00
5.699966e+00
5.704070e+00
5.708173e+00
5.712277e+00
5.716380e+00
5.720484e+00
5.724588e+00
5.728692e+00
5.732795e+00
5.736899e+00
5.741002e+00
5.745106e+00
5.749210e+00
5.753314e+00
5.757417e+00
5.761521e+00
5.765624e+00
5.769728e+00
5.773832e+00
5.777935e+00
5.782040e+00
5.786143e+00
5.790247e+00
5.794350e+00
5.798454e+00
5.802557e+00
5.806661e+00
5.810765e+00
5.814869e+00
5.818972e+00
5.823076e+00
5.827180e+00
5.831283e+00
5.835387e+00
5.839491e+00
5.843594e+00
5.847698e+00
5.851802e+00
5.855905e+00
5.860009e+00
5.864112e+00
5.868217e+00
5.872320e+00
5.876424e+00
5.880527e+00
5.884631e+00
5.888734e+00
5.892839e+00
5.896942e+00
5.901046e+00
5.905150e+00
5.909253e+00
5.913357e+00
5.917460e+00
5.921564e+00
5.925668e+00
5.929772e+00
5.933875e+00
5.937979e+00
5.942082e+00
5.946186e+00
5.950290e+00
5.954394e+00
5.958497e+00
5.962601e+00
5.966704e+00
5.970808e+00
5.974911e+00
5.979016e+00
5.983120e+00
5.987223e+00
5.991327e+00
5.995430e+00
5.999534e+00
6.003637e+00
6.007742e+00
6.011845e+00
6.015949e+00
6.020052e+00
6.024156e+00
6.028260e+00
6.032363e+00
6.036467e+00
6.040571e+00
6.044674e+00
6.048778e+00
6.052882e+00
6.056985e+00
6.061089e+00
6.065193e+00
6.069297e+00
6.073400e+00
6.077504e+00
6.081607e+00
6.085711e+00
6.089815e+00
6.093919e+00
6.098022e+00
6.102126e+00
6.106230e+00
6.110333e+00
6.114437e+00
6.118540e+00
6.122644e+00
6.126748e+00
6.130852e+00
6.134955e+00
6.139059e+00
6.143162e+00
6.147266e+00
6.151370e+00
6.155474e+00
6.159577e+00
6.163681e+00
6.167784e+00
6.171888e+00
6.175992e+00
6.180096e+00
6.184200e+00
6.188303e+00
6.192407e+00
6.196510e+00
6.200614e+00
6.204718e+00
6.208822e+00
6.212925e+00
6.217029e+00
6.221132e+00
6.225236e+00
6.229340e+00
6.233443e+00
6.237547e+00
6.241651e+00
6.245754e+00
6.249858e+00
6.253961e+00
6.258065e+00
6.262169e+00
6.266273e+00
6.270377e+00
6.274480e+00
6.278584e+00
6.282688e+00
6.286791e+00
6.290895e+00
6.294999e+00
6.299102e+00
6.303206e+00
6.307310e+00
6.311413e+00
6.315517e+00
6.319620e+00
6.323724e+00
6.327828e+00
6.331932e+00
6.336035e+00
6.340139e+00
6.344242e+00
6.348346e+00
6.352450e+00
6.356554e+00
6.360657e+00
6.364761e+00
6.368865e+00
6.372968e+00
6.377072e+00
6.381176e+00
6.385280e+00
6.389383e+00
6.393487e+00
6.398159e+00
6.402830e+00
6.407503e+00
6.412175e+00
6.416846e+00
6.421518e+00
6.426190e+00
6.430861e+00
6.435534e+00
6.440206e+00
6.444877e+00
6.449549e+00
6.454221e+00
6.458893e+00
6.463565e+00
6.468237e+00
6.472909e+00
6.477580e+00
6.482252e+00
6.486924e+00
6.491596e+00
6.496268e+00
6.500940e+00
6.505612e+00
6.510284e+00
6.514955e+00
6.519628e+00
6.524300e+00
6.528971e+00
6.533643e+00
6.538315e+00
6.542987e+00
6.547659e+00
6.552331e+00
6.557002e+00
6.561674e+00
6.566346e+00
6.571018e+00
6.575690e+00
6.580362e+00
6.585034e+00
6.589706e+00
6.594377e+00
6.599050e+00
6.603721e+00
6.608393e+00
6.613065e+00
6.617737e+00
6.622409e+00
6.627081e+00
6.631753e+00
6.636425e+00
6.641096e+00
6.645768e+00
6.650441e+00
6.655112e+00
6.659784e+00
6.664456e+00
6.669127e+00
6.673799e+00
6.678472e+00
6.683143e+00
6.687815e+00
6.692487e+00
6.697159e+00
6.701831e+00
6.706503e+00
6.711175e+00
6.715847e+00
6.720518e+00
6.725190e+00
6.729862e+00
6.734534e+00
6.739206e+00
6.743878e+00
6.748550e+00
6.753221e+00
6.757893e+00
6.762566e+00
6.767237e+00
6.771909e+00
6.776581e+00
6.781253e+00
6.785925e+00
6.790597e+00
6.795268e+00
6.799940e+00
6.804612e+00
6.809284e+00
6.813956e+00
6.818628e+00
6.823300e+00
6.827972e+00
6.832644e+00
6.837315e+00
6.841988e+00
6.846659e+00
6.851331e+00
6.856003e+00
6.860675e+00
6.865346e+00
6.870019e+00
6.874691e+00
6.879362e+00
6.884034e+00
6.888706e+00
6.893378e+00
6.898050e+00
6.902722e+00
6.907394e+00
6.912065e+00
6.916737e+00
6.921409e+00
6.926081e+00
6.930753e+00
6.935425e+00
6.940097e+00
6.944769e+00
6.949441e+00
6.954113e+00
6.958785e+00
6.963456e+00
6.968128e+00
6.972800e+00
6.977472e+00
6.982144e+00
6.986816e+00
6.991487e+00
6.996159e+00
7.000831e+00
7.005503e+00
7.010175e+00
7.014847e+00
7.019519e+00
7.024190e+00
7.028863e+00
7.033535e+00
7.038206e+00
7.042878e+00
7.047550e+00
7.052222e+00
7.056894e+00
7.061566e+00
7.066238e+00
7.070910e+00
7.075581e+00
7.080253e+00
7.084926e+00
7.089597e+00
7.094269e+00
7.098941e+00
7.103612e+00
7.108284e+00
7.112957e+00
7.117628e+00
7.122300e+00
7.126972e+00
7.131644e+00
7.136316e+00
7.140988e+00
7.145660e+00
7.150332e+00
7.155003e+00
7.159675e+00
7.164347e+00
7.169019e+00
7.173691e+00
7.178363e+00
7.183035e+00
7.187706e+00
7.192379e+00
7.197051e+00
7.201722e+00
7.206394e+00
7.211066e+00
7.215737e+00
7.220410e+00
7.225082e+00
7.229753e+00
7.234425e+00
7.239097e+00
7.243769e+00
7.248441e+00
7.253113e+00
7.257785e+00
7.262457e+00
7.267128e+00
7.271801e+00
7.276473e+00
7.281144e+00
7.285816e+00
7.290488e+00
7.295160e+00
7.299832e+00
7.304504e+00
7.309176e+00
7.313847e+00
7.318519e+00
7.323191e+00
7.327863e+00
7.332535e+00
7.337207e+00
7.341878e+00
7.346550e+00
7.351222e+00
7.355894e+00
7.360566e+00
7.365238e+00
7.369910e+00
7.374582e+00
7.379254e+00
7.383926e+00
7.388598e+00
7.393269e+00
7.397941e+00
7.402613e+00
7.407285e+00
7.411957e+00
7.416629e+00
7.421301e+00
7.425972e+00
7.430644e+00
7.435317e+00
7.439988e+00
7.444660e+00
7.449332e+00
7.454004e+00
7.458675e+00
7.463348e+00
7.468020e+00
7.472691e+00
7.477363e+00
7.482035e+00
7.486707e+00
7.491379e+00
7.496051e+00
7.500723e+00
7.505395e+00
7.510066e+00
7.514739e+00
7.519411e+00
7.524082e+00
7.528754e+00
7.533426e+00
7.538097e+00
7.542770e+00
7.547442e+00
7.552113e+00
7.556785e+00
7.561457e+00
7.566129e+00
7.570801e+00
7.575473e+00
7.580145e+00
7.584816e+00
7.589488e+00
7.594160e+00
7.598832e+00
7.603504e+00
7.608176e+00
7.612848e+00
7.617519e+00
7.622191e+00
7.626864e+00
7.631535e+00
7.636207e+00
7.640879e+00
7.645551e+00
7.650223e+00
7.654895e+00
7.659566e+00
7.664238e+00
7.668910e+00
7.673582e+00
7.678254e+00
7.682926e+00
7.687598e+00
7.692270e+00
7.696942e+00
7.701613e+00
7.706286e+00
7.710957e+00
7.715629e+00
7.720301e+00
7.724973e+00
7.729644e+00
7.734317e+00
7.738989e+00
7.743660e+00
7.748332e+00
7.753004e+00
7.757676e+00
7.762348e+00
7.767020e+00
7.771692e+00
7.776363e+00
7.781035e+00
7.785708e+00
7.790379e+00
7.795051e+00
7.799723e+00
7.804395e+00
7.809067e+00
7.813739e+00
7.818411e+00
7.823083e+00
7.827754e+00
7.832426e+00
7.837098e+00
7.841770e+00
7.846442e+00
7.851114e+00
7.855785e+00
7.860457e+00
7.865129e+00
7.869801e+00
7.874473e+00
7.879145e+00
7.883817e+00
7.888489e+00
7.893161e+00
7.897833e+00
7.902504e+00
7.907176e+00
7.911848e+00
7.916520e+00
7.921192e+00
7.925864e+00
7.930536e+00
7.935208e+00
7.939879e+00
7.944551e+00
7.949224e+00
7.953895e+00
7.958567e+00
7.963239e+00
7.967910e+00
7.972582e+00
7.977255e+00
7.981926e+00
7.986598e+00
7.991270e+00
7.995942e+00
8.000614e+00
8.005286e+00
8.009958e+00
8.014630e+00
8.019301e+00
8.023973e+00
8.028645e+00
8.033317e+00
8.037989e+00
8.042661e+00
8.047333e+00
8.052004e+00
8.056677e+00
8.061349e+00
8.066020e+00
8.070692e+00
8.075364e+00
8.080035e+00
8.084708e+00
8.089380e+00
8.094051e+00
8.098723e+00
8.103395e+00
8.108067e+00
8.112739e+00
8.117411e+00
8.122083e+00
8.126755e+00
8.131426e+00
8.136099e+00
8.140771e+00
8.145442e+00
8.150114e+00
8.154786e+00
8.159458e+00
8.164130e+00
8.168802e+00
8.173474e+00
8.178145e+00
8.182817e+00
8.187489e+00
8.192161e+00
8.196833e+00
8.201505e+00
8.206177e+00
8.210848e+00
8.215520e+00
8.220192e+00
8.224864e+00
8.229536e+00
8.234208e+00
8.238880e+00
8.243552e+00
8.248224e+00
8.252896e+00
8.257568e+00
8.262239e+00
8.266911e+00
8.271583e+00
8.276255e+00
8.280927e+00
8.285599e+00
8.290270e+00
8.294942e+00
8.299615e+00
8.304286e+00
8.308958e+00
8.313630e+00
8.318302e+00
8.322973e+00
8.327646e+00
8.332318e+00
8.336989e+00
8.341661e+00
8.346333e+00
8.351005e+00
8.355677e+00
8.360349e+00
8.365021e+00
8.369693e+00
8.374364e+00
8.379037e+00
8.383709e+00
8.388380e+00
8.393052e+00
8.397724e+00
8.402395e+00
8.407068e+00
8.411740e+00
8.416411e+00
8.421083e+00
8.425755e+00
8.430427e+00
8.435099e+00
8.439771e+00
8.444443e+00
8.449114e+00
8.453786e+00
8.458458e+00
8.463130e+00
8.467802e+00
8.472474e+00
8.477146e+00
8.481818e+00
8.486489e+00
8.491162e+00
8.495834e+00
8.500505e+00
8.505177e+00
8.509849e+00
8.514521e+00
8.519193e+00
8.523865e+00
8.528536e+00
8.533208e+00
8.537880e+00
8.542552e+00
8.547224e+00
8.551896e+00
8.556568e+00
8.561240e+00
8.565911e+00
8.570584e+00
8.575256e+00
8.579927e+00
8.584599e+00
8.589271e+00
8.593943e+00
8.598615e+00
8.603287e+00
8.607959e+00
8.612630e+00
8.617302e+00
8.621975e+00
8.626646e+00
8.631318e+00
8.635990e+00
8.640661e+00
8.645333e+00
8.650006e+00
8.654677e+00
8.659349e+00
8.664021e+00
8.668693e+00
8.673365e+00
8.678037e+00
8.682709e+00
8.687381e+00
8.692052e+00
8.696724e+00
8.701396e+00
8.706068e+00
8.710740e+00
8.715412e+00
8.720084e+00
8.724755e+00
8.729427e+00
8.734100e+00
8.738771e+00
8.743443e+00
8.747981e+00
8.752519e+00
8.757058e+00
8.761596e+00
8.766134e+00
8.770672e+00
8.775211e+00
8.779749e+00
8.784287e+00
8.788825e+00
8.793364e+00
8.797901e+00
8.802440e+00
8.806978e+00
8.811516e+00
8.816054e+00
8.820592e+00
8.825131e+00
8.829669e+00
8.834207e+00
8.838745e+00
8.843283e+00
8.847822e+00
8.852360e+00
8.856898e+00
8.861436e+00
8.865974e+00
8.870513e+00
8.875051e+00
8.879589e+00
8.884127e+00
8.888666e+00
8.893204e+00
8.897742e+00
8.902280e+00
8.906818e+00
8.911356e+00
8.915894e+00
8.920433e+00
8.924971e+00
8.929509e+00
8.934047e+00
8.938585e+00
8.943124e+00
8.947662e+00
8.952200e+00
8.956738e+00
8.961277e+00
8.965815e+00
8.970353e+00
8.974891e+00
8.979430e+00
8.983968e+00
8.988506e+00
8.993044e+00
8.997582e+00
9.002120e+00
9.006659e+00
9.011196e+00
9.015735e+00
9.020273e+00
9.024811e+00
9.029349e+00
9.033887e+00
9.038426e+00
9.042964e+00
9.047502e+00
9.052040e+00
9.056579e+00
9.061117e+00
9.065655e+00
9.070193e+00
9.074732e+00
9.079270e+00
9.083808e+00
9.088346e+00
9.092885e+00
9.097422e+00
9.101961e+00
9.106499e+00
9.111037e+00
9.115575e+00
9.120114e+00
9.124651e+00
9.129190e+00
9.133728e+00
9.138266e+00
9.142804e+00
9.147342e+00
9.151881e+00
9.156419e+00
9.160957e+00
9.165495e+00
9.170034e+00
9.174572e+00
9.179110e+00
9.183648e+00
9.188187e+00
9.192725e+00
9.197263e+00
9.201801e+00
9.206340e+00
9.210877e+00
9.215416e+00
9.219954e+00
9.224492e+00
9.229030e+00
9.233568e+00
9.238106e+00
9.242644e+00
9.247183e+00
9.251721e+00
9.256259e+00
9.260797e+00
9.265336e+00
9.269874e+00
9.274412e+00
9.278950e+00
9.283489e+00
9.288027e+00
9.292565e+00
9.297103e+00
9.301642e+00
9.306180e+00
9.310718e+00
9.315256e+00
9.319795e+00
9.324332e+00
9.328870e+00
9.333409e+00
9.337947e+00
9.342485e+00
9.347023e+00
9.351561e+00
9.356099e+00
9.360638e+00
9.365176e+00
9.369714e+00
9.374252e+00
9.378791e+00
9.383329e+00
9.387867e+00
9.392405e+00
9.396944e+00
9.401482e+00
9.406020e+00
9.410558e+00
9.415097e+00
9.419635e+00
9.424172e+00
9.428711e+00
9.433249e+00
9.437787e+00
9.442325e+00
9.446864e+00
9.451402e+00
9.455940e+00
9.460478e+00
9.465016e+00
9.469554e+00
9.474093e+00
9.478631e+00
9.483169e+00
9.487707e+00
9.492246e+00
9.496784e+00
9.501322e+00
9.505860e+00
9.510399e+00
9.514937e+00
9.519474e+00
9.524013e+00
9.528551e+00
9.533090e+00
9.537627e+00
9.542166e+00
9.546704e+00
9.551242e+00
9.555780e+00
9.560318e+00
9.564857e+00
9.569395e+00
9.573933e+00
9.578471e+00
9.583010e+00
9.587548e+00
9.592086e+00
9.596624e+00
9.601162e+00
9.605701e+00
9.610239e+00
9.614777e+00
9.619315e+00
9.623853e+00
9.628392e+00
9.632929e+00
9.637468e+00
9.642006e+00
9.646544e+00
9.651082e+00
9.655620e+00
9.660159e+00
9.664697e+00
9.669235e+00
9.673773e+00
9.678312e+00
9.682850e+00
9.687388e+00
9.691926e+00
9.696465e+00
9.701003e+00
9.705541e+00
9.710080e+00
9.714615e+00
9.719155e+00
9.723693e+00
9.728232e+00
9.732771e+00
9.737310e+00
9.741845e+00
9.746383e+00
9.750922e+00
9.755461e+00
9.760000e+00
9.764538e+00
9.769077e+00
9.773613e+00
9.778151e+00
9.782690e+00
9.787229e+00
9.791768e+00
9.796306e+00
9.800841e+00
9.805380e+00
9.809919e+00
9.814458e+00
9.818996e+00
9.823535e+00
9.828070e+00
9.832609e+00
9.837148e+00
9.841687e+00
9.846225e+00
9.850764e+00
9.855303e+00
9.859838e+00
9.864377e+00
9.868916e+00
9.873455e+00
9.877993e+00
9.882532e+00
9.887067e+00
9.891606e+00
9.896145e+00
9.900683e+00
9.905222e+00
9.909761e+00
9.914296e+00
9.918835e+00
9.923374e+00
9.927913e+00
9.932451e+00
9.936990e+00
9.941529e+00
9.946064e+00
9.950603e+00
9.955141e+00
9.959680e+00
9.964219e+00
9.968758e+00
9.973293e+00
9.977831e+00
9.982371e+00
9.986909e+00
9.991448e+00
9.995986e+00
1.000052e+01
1.000506e+01
1.000960e+01
1.001414e+01
1.001868e+01
1.002322e+01
1.002775e+01
1.003229e+01
1.003683e+01
1.004137e+01
1.004591e+01
1.005044e+01
1.005498e+01
1.005952e+01
1.006406e+01
1.006860e+01
1.007313e+01
1.007767e+01
1.008221e+01
1.008675e+01
1.009129e+01
1.009583e+01
1.010036e+01
1.010490e+01
1.010944e+01
1.011398e+01
1.011852e+01
1.012305e+01
1.012759e+01
1.013213e+01
1.013667e+01
1.014121e+01
1.014574e+01
1.015028e+01
1.015482e+01
1.015936e+01
1.016390e+01
1.016844e+01
1.017298e+01
1.017751e+01
1.018205e+01
1.018659e+01
1.019113e+01
1.019567e+01
1.020021e+01
1.020474e+01
1.020928e+01
1.021382e+01
1.021836e+01
1.022290e+01
1.022743e+01
1.023197e+01
1.023651e+01
1.024105e+01
1.024558e+01
1.025013e+01
1.025466e+01
1.025920e+01
1.026374e+01
1.026828e+01
1.027281e+01
1.027736e+01
1.028189e+01
1.028643e+01
1.029097e+01
1.029551e+01
1.030004e+01
1.030458e+01
1.030912e+01
1.031366e+01
1.031820e+01
1.032274e+01
1.032727e+01
1.033181e+01
1.033635e+01
1.034089e+01
1.034543e+01
1.034997e+01
1.035450e+01
1.035904e+01
1.036358e+01
1.036812e+01
1.037265e+01
1.037719e+01
1.038173e+01
1.038627e+01
1.039081e+01
1.039535e+01
1.039988e+01
1.040443e+01
1.040896e+01
1.041350e+01
1.041804e+01
1.042258e+01
1.042711e+01
1.043166e+01
1.043619e+01
1.044073e+01
1.044527e+01
1.044981e+01
1.045434e+01
1.045888e+01
1.046342e+01
1.046796e+01
1.047249e+01
1.047704e+01
1.048157e+01
1.048611e+01
1.049065e+01
1.049519e+01
1.049972e+01
1.050426e+01
1.050880e+01
1.051334e+01
1.051788e+01
1.052241e+01
1.052695e+01
1.053149e+01
1.053603e+01
1.054057e+01
1.054511e+01
1.054964e+01
1.055418e+01
1.055872e+01
1.056326e+01
1.056780e+01
1.057234e+01
1.057688e+01
1.058141e+01
1.058595e+01
1.059049e+01
1.059503e+01
1.059957e+01
1.060411e+01
1.060864e+01
1.061318e+01
1.061772e+01
1.062226e+01
1.062679e+01
1.063134e+01
1.063587e+01
1.064041e+01
1.064495e+01
1.064948e+01
1.065402e+01
1.065856e+01
1.066310e+01
1.066763e+01
1.067218e+01
1.067671e+01
1.068125e+01
1.068579e+01
1.069033e+01
1.069486e+01
1.069941e+01
1.070394e+01
1.070848e+01
1.071302e+01
1.071756e+01
1.072210e+01
1.072664e+01
1.073117e+01
1.073571e+01
1.074025e+01
1.074479e+01
1.074933e+01
1.075387e+01
1.075840e+01
1.076294e+01
1.076748e+01
1.077202e+01
1.077656e+01
1.078109e+01
1.078563e+01
1.079017e+01
1.079470e+01
1.079925e+01
1.080378e+01
1.080832e+01
1.081286e+01
1.081740e+01
1.082193e+01
1.082648e+01
1.083101e+01
1.083555e+01
1.084009e+01
1.084463e+01
1.084916e+01
1.085371e+01
1.085824e+01
1.086278e+01
1.086732e+01
1.087186e+01
1.087639e+01
1.088094e+01
1.088547e+01
1.089001e+01
1.089455e+01
1.089909e+01
1.090362e+01
1.090817e+01
1.091270e+01
1.091724e+01
1.092178e+01
1.092631e+01
