6.862333e-04
7.214124e-04
7.565919e-04
7.917710e-04
8.269501e-04
8.621296e-04
8.973087e-04
9.324878e-04
9.676672e-04
1.002846e-03
1.038025e-03
1.073205e-03
1.108384e-03
1.143563e-03
1.178742e-03
1.213922e-03
1.249101e-03
1.284280e-03
1.319459e-03
1.354639e-03
1.389818e-03
1.424997e-03
1.460176e-03
1.495355e-03
1.530535e-03
1.565714e-03
1.600893e-03
1.636072e-03
1.671252e-03
1.706431e-03
1.741610e-03
1.855855e-03
1.970099e-03
2.084343e-03
2.198588e-03
2.312833e-03
2.427077e-03
2.541321e-03
2.655566e-03
2.769810e-03
2.884055e-03
2.998300e-03
3.112544e-03
3.226788e-03
3.341033e-03
3.455278e-03
3.569522e-03
3.683767e-03
3.798011e-03
3.912255e-03
4.026500e-03
4.086380e-03
4.146260e-03
4.206140e-03
4.266020e-03
4.325900e-03
4.385780e-03
4.445660e-03
4.505540e-03
4.565420e-03
4.625300e-03
4.685180e-03
4.745060e-03
4.804940e-03
4.864820e-03
4.924700e-03
4.984580e-03
5.044460e-03
5.104340e-03
5.074314e-03
5.224100e-03
5.373886e-03
5.523671e-03
5.673457e-03
5.823242e-03
5.973028e-03
6.122813e-03
6.272599e-03
6.422384e-03
6.572170e-03
6.721956e-03
6.871741e-03
7.021527e-03
7.171312e-03
7.321098e-03
7.470883e-03
7.620669e-03
7.770454e-03
7.920240e-03
8.070026e-03
8.219811e-03
8.369597e-03
8.519382e-03
8.669168e-03
8.818953e-03
8.968739e-03
9.118524e-03
9.268310e-03
9.418096e-03
9.567881e-03
9.717667e-03
9.833530e-03
9.949393e-03
1.006526e-02
1.018112e-02
1.029698e-02
1.041285e-02
1.052871e-02
1.064457e-02
1.076044e-02
1.087630e-02
1.099216e-02
1.110803e-02
1.122389e-02
1.133975e-02
1.145562e-02
1.157148e-02
1.168734e-02
1.180321e-02
1.191907e-02
1.203493e-02
1.215080e-02
1.226666e-02
1.238252e-02
1.249839e-02
1.261425e-02
1.273011e-02
1.284598e-02
1.296184e-02
1.307770e-02
1.319357e-02
1.330943e-02
1.342529e-02
1.354116e-02
1.365702e-02
1.377288e-02
1.388875e-02
1.400461e-02
1.412047e-02
1.423634e-02
1.435220e-02
1.446806e-02
1.458393e-02
1.469979e-02
1.481565e-02
1.493152e-02
1.504738e-02
1.516324e-02
1.527911e-02
1.539497e-02
1.551083e-02
1.565504e-02
1.579924e-02
1.594344e-02
1.608765e-02
1.623185e-02
1.637605e-02
1.652026e-02
1.666446e-02
1.680866e-02
1.695287e-02
1.709707e-02
1.724127e-02
1.738548e-02
1.752968e-02
1.767388e-02
1.781809e-02
1.796229e-02
1.810649e-02
1.825070e-02
1.839490e-02
1.853910e-02
1.868331e-02
1.882751e-02
1.897171e-02
1.911592e-02
1.926012e-02
1.940432e-02
1.954853e-02
1.969273e-02
1.983693e-02
1.998114e-02
2.012534e-02
2.026954e-02
2.041375e-02
2.055795e-02
2.070215e-02
2.084636e-02
2.099056e-02
2.113476e-02
2.127897e-02
2.142317e-02
2.156737e-02
2.171158e-02
2.185578e-02
2.199998e-02
2.214419e-02
2.228839e-02
2.243259e-02
2.257680e-02
2.272100e-02
2.272366e-02
2.272631e-02
2.272897e-02
2.273163e-02
2.273428e-02
2.273694e-02
2.273960e-02
2.274225e-02
2.274491e-02
2.274757e-02
2.275022e-02
2.275288e-02
2.275554e-02
2.275819e-02
2.276085e-02
2.276351e-02
2.276616e-02
2.276882e-02
2.277148e-02
2.277413e-02
2.277679e-02
2.277945e-02
2.278210e-02
2.278476e-02
2.278742e-02
2.279007e-02
2.279273e-02
2.279539e-02
2.279804e-02
2.280070e-02
2.280336e-02
2.280601e-02
2.280867e-02
2.281133e-02
2.281398e-02
2.281664e-02
2.281930e-02
2.282195e-02
2.282461e-02
2.282727e-02
2.282992e-02
2.283258e-02
2.283524e-02
2.283789e-02
2.284055e-02
2.284321e-02
2.284586e-02
2.284852e-02
2.285118e-02
2.285383e-02
2.285649e-02
2.285915e-02
2.286180e-02
2.286446e-02
2.286712e-02
2.286977e-02
2.287243e-02
2.287509e-02
2.287774e-02
2.288040e-02
2.288306e-02
2.288571e-02
2.288837e-02
2.289103e-02
2.289368e-02
2.289634e-02
2.289900e-02
2.290165e-02
2.290431e-02
2.290697e-02
2.290962e-02
2.291228e-02
2.291494e-02
2.291759e-02
2.292025e-02
2.292291e-02
2.292556e-02
2.292822e-02
2.293088e-02
2.293353e-02
2.293619e-02
2.293885e-02
2.294150e-02
2.294416e-02
2.294682e-02
2.294947e-02
2.295213e-02
2.295479e-02
2.295744e-02
2.296010e-02
2.296276e-02
2.296541e-02
2.296807e-02
2.297073e-02
2.297338e-02
2.297604e-02
2.297870e-02
2.298135e-02
2.298401e-02
2.298667e-02
2.308036e-02
2.317405e-02
2.326774e-02
2.336143e-02
2.345513e-02
2.354882e-02
2.364251e-02
2.373620e-02
2.382989e-02
2.392358e-02
2.401728e-02
2.411097e-02
2.420466e-02
2.429835e-02
2.439204e-02
2.448573e-02
2.457942e-02
2.467312e-02
2.476681e-02
2.486050e-02
2.495419e-02
2.504788e-02
2.514157e-02
2.523527e-02
2.532896e-02
2.542265e-02
2.551634e-02
2.561003e-02
2.570373e-02
2.579742e-02
2.589111e-02
2.598480e-02
2.607849e-02
2.617218e-02
2.626588e-02
2.635957e-02
2.645326e-02
2.654695e-02
2.664064e-02
2.673433e-02
2.682803e-02
2.692172e-02
2.701541e-02
2.710910e-02
2.720279e-02
2.729648e-02
2.739017e-02
2.748387e-02
2.757756e-02
2.767125e-02
2.776494e-02
2.785863e-02
2.795233e-02
2.804602e-02
2.813971e-02
2.823340e-02
2.832709e-02
2.842078e-02
2.851448e-02
2.860817e-02
2.870186e-02
2.879555e-02
2.888924e-02
2.898293e-02
2.907662e-02
2.917032e-02
2.926401e-02
2.935770e-02
2.945139e-02
2.954508e-02
2.963877e-02
2.973247e-02
2.982616e-02
2.991985e-02
3.001354e-02
3.010723e-02
3.020092e-02
3.029462e-02
3.038831e-02
3.048200e-02
3.057569e-02
3.066938e-02
3.076308e-02
3.085677e-02
3.095046e-02
3.104415e-02
3.113784e-02
3.123153e-02
3.132522e-02
3.141892e-02
3.151261e-02
3.160630e-02
3.169999e-02
3.179368e-02
3.188738e-02
3.198107e-02
3.207476e-02
3.216845e-02
3.226214e-02
3.235583e-02
3.247812e-02
3.260041e-02
3.272269e-02
3.284498e-02
3.296727e-02
3.308955e-02
3.321184e-02
3.333413e-02
3.345641e-02
3.357870e-02
3.370099e-02
3.382327e-02
3.394556e-02
3.406785e-02
3.419013e-02
3.431242e-02
3.443471e-02
3.455699e-02
3.467928e-02
3.480157e-02
3.492385e-02
3.504614e-02
3.516843e-02
3.529071e-02
3.541300e-02
3.553529e-02
3.565757e-02
3.577986e-02
3.590215e-02
3.602443e-02
3.614672e-02
3.626901e-02
3.639129e-02
3.651358e-02
3.663587e-02
3.675815e-02
3.688044e-02
3.700273e-02
3.712501e-02
3.724730e-02
3.736959e-02
3.749187e-02
3.761416e-02
3.773645e-02
3.785873e-02
3.798102e-02
3.810331e-02
3.822559e-02
3.834788e-02
3.847017e-02
3.859245e-02
3.871474e-02
3.883703e-02
3.895931e-02
3.908160e-02
3.920389e-02
3.932617e-02
3.944846e-02
3.957075e-02
3.969303e-02
3.981532e-02
3.993761e-02
4.005989e-02
4.018218e-02
4.030447e-02
4.042675e-02
4.054904e-02
4.067133e-02
4.079361e-02
4.091590e-02
4.103819e-02
4.116047e-02
4.128276e-02
4.140505e-02
4.152733e-02
4.164962e-02
4.177191e-02
4.189419e-02
4.201648e-02
4.213877e-02
4.226105e-02
4.238334e-02
4.250563e-02
4.262791e-02
4.275020e-02
4.287249e-02
4.299477e-02
4.311706e-02
4.323935e-02
4.336163e-02
4.348392e-02
4.360621e-02
4.372849e-02
4.385078e-02
4.397307e-02
4.409535e-02
4.421764e-02
4.433993e-02
4.446221e-02
4.458450e-02
4.470679e-02
4.482907e-02
4.495136e-02
4.507365e-02
4.519593e-02
4.531822e-02
4.544051e-02
4.556279e-02
4.568508e-02
4.580737e-02
4.592965e-02
4.605194e-02
4.617423e-02
4.629651e-02
4.641880e-02
4.654109e-02
4.666337e-02
4.678566e-02
4.690795e-02
4.703023e-02
4.715252e-02
4.727481e-02
4.739709e-02
4.751938e-02
4.764167e-02
4.776395e-02
4.788624e-02
4.800853e-02
4.813081e-02
4.825310e-02
4.837539e-02
4.849767e-02
4.861996e-02
4.874225e-02
4.886453e-02
4.898682e-02
4.910911e-02
4.923139e-02
4.935368e-02
4.947597e-02
4.959825e-02
4.972054e-02
4.984283e-02
4.996511e-02
5.008740e-02
5.020969e-02
5.033197e-02
5.045426e-02
5.057655e-02
5.069883e-02
5.082112e-02
5.094341e-02
5.106569e-02
5.118798e-02
5.131027e-02
5.143255e-02
5.155484e-02
5.167713e-02
5.179941e-02
5.192170e-02
5.204399e-02
5.216627e-02
5.228856e-02
5.241085e-02
5.253313e-02
5.265542e-02
5.277771e-02
5.289999e-02
5.302228e-02
5.314457e-02
5.326685e-02
5.338914e-02
5.351143e-02
5.363371e-02
5.375600e-02
5.387829e-02
5.400057e-02
5.412286e-02
5.424515e-02
5.436743e-02
5.448972e-02
5.461201e-02
5.473429e-02
5.485658e-02
5.497887e-02
5.510115e-02
5.522344e-02
5.534573e-02
5.546801e-02
5.559030e-02
5.571259e-02
5.583487e-02
5.595716e-02
5.607945e-02
5.620173e-02
5.632402e-02
5.644631e-02
5.656859e-02
5.669088e-02
5.681317e-02
5.700614e-02
5.719912e-02
5.739209e-02
5.758507e-02
5.777804e-02
5.797102e-02
5.816399e-02
5.835697e-02
5.854994e-02
5.874292e-02
5.893589e-02
5.912887e-02
5.932184e-02
5.951482e-02
5.970779e-02
5.990077e-02
6.009374e-02
6.028672e-02
6.047969e-02
6.067267e-02
6.086564e-02
6.105862e-02
6.125159e-02
6.144457e-02
6.163754e-02
6.183052e-02
6.202349e-02
6.221647e-02
6.240944e-02
6.260242e-02
6.279539e-02
6.298837e-02
6.318134e-02
6.337432e-02
6.356729e-02
6.376027e-02
6.395324e-02
6.414622e-02
6.433919e-02
6.453217e-02
6.472514e-02
6.491812e-02
6.511109e-02
6.530407e-02
6.549704e-02
6.569002e-02
6.588299e-02
6.607597e-02
6.626894e-02
6.646192e-02
6.665489e-02
6.684787e-02
6.704084e-02
6.723382e-02
6.742679e-02
6.761977e-02
6.781274e-02
6.800572e-02
6.819869e-02
6.839167e-02
6.858464e-02
6.877762e-02
6.897059e-02
6.916357e-02
6.935654e-02
6.954952e-02
6.974249e-02
6.993547e-02
7.012844e-02
7.032142e-02
7.051439e-02
7.070737e-02
7.090034e-02
7.109332e-02
7.128629e-02
7.147927e-02
7.167224e-02
7.186522e-02
7.205819e-02
7.225117e-02
7.244414e-02
7.263712e-02
7.283009e-02
7.302307e-02
7.321604e-02
7.340902e-02
7.360199e-02
7.379497e-02
7.398794e-02
7.418092e-02
7.437389e-02
7.456687e-02
7.475984e-02
7.495282e-02
7.514579e-02
7.533877e-02
7.553174e-02
7.572472e-02
7.591769e-02
7.611067e-02
7.710013e-02
7.808959e-02
7.907906e-02
8.006852e-02
8.105798e-02
8.204744e-02
8.303690e-02
8.402636e-02
8.501583e-02
8.600529e-02
8.699475e-02
8.798421e-02
8.897367e-02
8.996313e-02
9.095260e-02
9.194206e-02
9.293152e-02
9.392098e-02
9.491044e-02
9.589990e-02
9.688937e-02
9.787883e-02
9.886829e-02
9.985775e-02
1.008472e-01
1.018367e-01
1.028261e-01
1.038156e-01
1.048051e-01
1.057945e-01
1.067840e-01
1.077734e-01
1.087629e-01
1.097524e-01
1.107418e-01
1.117313e-01
1.127208e-01
1.137102e-01
1.146997e-01
1.156891e-01
1.166786e-01
1.176681e-01
1.186575e-01
1.196470e-01
1.206364e-01
1.216259e-01
1.226154e-01
1.236048e-01
1.245943e-01
1.255838e-01
1.265732e-01
1.275627e-01
1.285521e-01
1.295416e-01
1.305311e-01
1.315205e-01
1.325100e-01
1.334995e-01
1.344889e-01
1.354784e-01
1.364678e-01
1.374573e-01
1.384468e-01
1.394362e-01
1.404257e-01
1.414151e-01
1.424046e-01
1.433941e-01
1.443835e-01
1.453730e-01
1.463625e-01
1.473519e-01
1.483414e-01
1.493308e-01
1.503203e-01
1.513098e-01
1.522992e-01
1.532887e-01
1.542781e-01
1.552676e-01
1.562571e-01
1.572465e-01
1.582360e-01
1.592255e-01
1.602149e-01
1.612044e-01
1.621938e-01
1.631833e-01
1.641728e-01
1.651622e-01
1.661517e-01
1.671412e-01
1.681306e-01
1.691201e-01
1.701095e-01
1.710990e-01
1.720885e-01
1.730779e-01
1.740674e-01
1.750568e-01
1.760463e-01
1.770358e-01
1.780252e-01
1.790147e-01
1.800042e-01
1.809936e-01
1.819831e-01
1.829725e-01
1.839620e-01
1.849515e-01
1.859409e-01
1.869304e-01
1.879198e-01
1.889093e-01
1.898988e-01
1.908882e-01
1.918777e-01
1.928672e-01
1.938566e-01
1.948461e-01
1.958355e-01
1.968250e-01
1.978145e-01
1.988039e-01
1.997934e-01
2.007828e-01
2.017723e-01
2.027618e-01
2.037512e-01
2.047407e-01
2.057302e-01
2.067196e-01
2.077091e-01
2.086985e-01
2.096880e-01
2.106775e-01
2.116669e-01
2.126564e-01
2.136459e-01
2.146353e-01
2.156248e-01
2.166142e-01
2.176037e-01
2.185932e-01
2.195826e-01
2.205721e-01
2.215615e-01
2.225510e-01
2.235405e-01
2.245299e-01
2.255194e-01
2.265089e-01
2.274983e-01
2.284878e-01
2.294772e-01
2.304667e-01
2.314562e-01
2.324456e-01
2.334351e-01
2.344245e-01
2.354140e-01
2.364035e-01
2.373929e-01
2.383824e-01
2.393719e-01
2.403613e-01
2.413508e-01
2.423402e-01
2.433297e-01
2.443192e-01
2.453086e-01
2.462981e-01
2.472876e-01
2.482770e-01
2.492665e-01
2.502559e-01
2.512454e-01
2.522349e-01
2.532243e-01
2.542138e-01
2.552032e-01
2.561927e-01
2.571822e-01
2.581716e-01
2.591611e-01
2.601506e-01
2.611400e-01
2.621295e-01
2.631189e-01
2.641084e-01
2.650979e-01
2.660873e-01
2.670768e-01
2.680662e-01
2.690557e-01
2.700452e-01
2.710346e-01
2.720241e-01
2.730136e-01
2.740030e-01
2.749925e-01
2.759819e-01
2.769714e-01
2.779609e-01
2.789503e-01
2.799398e-01
2.809293e-01
2.819187e-01
2.829082e-01
2.838976e-01
2.848871e-01
2.858766e-01
2.868660e-01
2.878555e-01
2.888449e-01
2.898344e-01
2.908239e-01
2.918133e-01
2.928028e-01
2.937923e-01
2.947817e-01
2.957712e-01
2.967606e-01
2.977501e-01
2.987396e-01
2.997290e-01
3.007185e-01
3.017079e-01
3.026974e-01
3.036869e-01
3.046763e-01
3.056658e-01
3.066553e-01
3.076447e-01
3.086342e-01
3.096236e-01
3.106131e-01
3.116026e-01
3.125920e-01
3.135815e-01
3.145710e-01
3.155604e-01
3.165499e-01
3.175393e-01
3.185288e-01
3.195183e-01
3.205077e-01
3.214972e-01
3.224866e-01
3.234761e-01
3.244656e-01
3.254550e-01
3.264445e-01
3.274340e-01
3.284234e-01
3.294129e-01
3.304023e-01
3.313918e-01
3.323813e-01
3.333707e-01
3.343602e-01
3.353496e-01
3.363391e-01
3.373286e-01
3.383180e-01
3.393075e-01
3.402970e-01
3.412864e-01
3.422759e-01
3.432653e-01
3.442548e-01
3.452443e-01
3.462337e-01
3.472232e-01
3.482126e-01
3.492021e-01
3.501916e-01
3.511810e-01
3.521705e-01
3.531600e-01
3.541494e-01
3.551389e-01
3.561283e-01
3.571178e-01
3.581073e-01
3.590967e-01
3.600862e-01
3.610757e-01
3.620651e-01
3.630546e-01
3.640440e-01
3.650335e-01
3.660230e-01
3.670124e-01
3.680019e-01
3.689913e-01
3.699808e-01
3.709703e-01
3.719597e-01
3.729492e-01
3.739387e-01
3.749281e-01
3.759176e-01
3.769070e-01
3.778965e-01
3.788860e-01
3.798754e-01
3.808649e-01
3.818543e-01
3.828438e-01
3.838333e-01
3.848227e-01
3.858122e-01
3.868017e-01
3.877911e-01
3.887806e-01
3.897700e-01
3.907595e-01
3.917490e-01
3.927384e-01
3.937279e-01
3.947174e-01
3.957068e-01
3.966963e-01
3.976857e-01
3.986752e-01
3.996647e-01
4.006541e-01
4.016436e-01
4.026330e-01
4.036225e-01
4.046120e-01
4.056014e-01
4.065909e-01
4.075804e-01
4.085698e-01
4.095593e-01
4.105487e-01
4.115382e-01
4.125277e-01
4.135171e-01
4.145066e-01
4.154960e-01
4.164855e-01
4.174750e-01
4.184644e-01
4.194539e-01
4.204434e-01
4.214328e-01
4.224223e-01
4.234117e-01
4.244012e-01
4.253907e-01
4.263801e-01
4.273696e-01
4.283591e-01
4.293485e-01
4.303380e-01
4.313274e-01
4.323169e-01
4.333064e-01
4.342958e-01
4.352853e-01
4.362747e-01
4.372642e-01
4.382537e-01
4.392431e-01
4.402326e-01
4.412221e-01
4.422115e-01
4.432010e-01
4.441904e-01
4.451799e-01
4.461694e-01
4.471588e-01
4.481483e-01
4.491377e-01
4.501272e-01
4.511167e-01
4.521061e-01
4.530956e-01
4.540851e-01
4.550745e-01
4.560640e-01
4.570534e-01
4.580429e-01
4.590324e-01
4.600218e-01
4.610113e-01
4.620008e-01
4.629902e-01
4.639797e-01
4.649691e-01
4.659586e-01
4.669481e-01
4.679375e-01
4.689270e-01
4.699164e-01
4.709059e-01
4.718954e-01
4.728848e-01
4.738743e-01
4.748638e-01
4.758532e-01
4.768427e-01
4.778321e-01
4.788216e-01
4.804104e-01
4.819992e-01
4.835880e-01
4.851768e-01
4.867656e-01
4.883544e-01
4.899432e-01
4.915320e-01
4.931208e-01
4.947096e-01
4.962984e-01
4.978872e-01
4.994760e-01
5.010648e-01
5.026536e-01
5.042424e-01
5.058312e-01
5.074200e-01
5.090088e-01
5.105976e-01
5.121864e-01
5.137752e-01
5.153640e-01
5.169528e-01
5.185416e-01
5.201304e-01
5.217192e-01
5.233080e-01
5.248968e-01
5.264856e-01
5.280744e-01
5.296632e-01
5.312520e-01
5.328408e-01
5.344296e-01
5.360184e-01
5.376072e-01
5.391960e-01
5.407848e-01
5.423736e-01
5.439624e-01
5.455512e-01
5.471401e-01
5.487289e-01
5.503177e-01
5.519065e-01
5.534953e-01
5.550841e-01
5.566729e-01
5.582617e-01
5.598505e-01
5.614393e-01
5.630281e-01
5.646169e-01
5.662057e-01
5.677945e-01
5.693833e-01
5.709721e-01
5.725609e-01
5.741497e-01
5.757385e-01
5.773273e-01
5.789161e-01
5.805049e-01
5.820937e-01
5.836825e-01
5.852713e-01
5.868601e-01
5.884489e-01
5.900377e-01
5.916265e-01
5.932153e-01
5.948041e-01
5.963929e-01
5.979817e-01
5.995705e-01
6.011593e-01
6.027481e-01
6.043369e-01
6.059257e-01
6.075145e-01
6.091033e-01
6.106921e-01
6.122809e-01
6.138697e-01
6.154585e-01
6.170473e-01
6.186362e-01
6.202250e-01
6.218138e-01
6.234026e-01
6.249914e-01
6.265802e-01
6.281690e-01
6.297578e-01
6.313466e-01
6.329354e-01
6.345242e-01
6.361130e-01
6.377018e-01
6.401745e-01
6.426473e-01
6.451200e-01
6.475928e-01
6.500656e-01
6.525383e-01
6.550111e-01
6.574839e-01
6.599566e-01
6.624294e-01
6.649021e-01
6.673748e-01
6.698476e-01
6.723204e-01
6.747931e-01
6.772659e-01
6.797387e-01
6.822114e-01
6.846842e-01
6.871569e-01
6.896297e-01
6.921024e-01
6.945752e-01
6.970480e-01
6.995207e-01
7.019935e-01
7.044662e-01
7.069390e-01
7.094117e-01
7.118845e-01
7.143572e-01
7.168300e-01
7.193028e-01
7.217755e-01
7.242483e-01
7.267210e-01
7.291938e-01
7.316665e-01
7.341393e-01
7.366120e-01
7.390849e-01
7.415576e-01
7.440303e-01
7.465031e-01
7.489759e-01
7.514486e-01
7.539214e-01
7.563941e-01
7.588668e-01
7.613397e-01
7.638124e-01
7.662852e-01
7.687579e-01
7.712307e-01
7.737034e-01
7.761762e-01
7.786489e-01
7.811217e-01
7.835945e-01
7.860672e-01
7.885400e-01
7.910127e-01
7.934855e-01
7.959582e-01
7.984310e-01
8.009037e-01
8.033765e-01
8.058493e-01
8.083221e-01
8.107948e-01
8.132675e-01
8.157403e-01
8.182130e-01
8.206858e-01
8.231586e-01
8.256313e-01
8.281041e-01
8.305769e-01
8.330496e-01
8.355224e-01
8.379951e-01
8.404679e-01
8.429406e-01
8.454134e-01
8.478861e-01
8.503589e-01
8.528317e-01
8.553044e-01
8.577772e-01
8.602499e-01
8.627227e-01
8.651955e-01
8.676682e-01
8.701410e-01
8.726137e-01
8.750865e-01
8.775592e-01
8.800320e-01
8.825047e-01
8.849775e-01
8.874503e-01
8.899230e-01
8.923958e-01
8.948686e-01
8.973413e-01
8.998141e-01
9.022868e-01
9.047595e-01
9.072323e-01
9.097051e-01
9.121779e-01
9.146506e-01
9.171234e-01
9.195961e-01
9.220689e-01
9.245416e-01
9.270144e-01
9.294871e-01
9.319599e-01
9.344327e-01
9.369054e-01
9.393782e-01
9.418509e-01
9.443237e-01
9.467964e-01
9.492692e-01
9.517419e-01
9.542148e-01
9.566875e-01
9.591602e-01
9.616330e-01
9.641057e-01
9.665785e-01
9.690513e-01
9.715240e-01
9.739967e-01
9.764696e-01
9.789423e-01
9.814151e-01
9.838879e-01
9.863606e-01
9.888332e-01
9.913062e-01
9.937788e-01
9.962514e-01
9.987245e-01
1.001197e+00
1.003670e+00
1.006143e+00
1.008615e+00
1.011088e+00
1.013561e+00
1.016033e+00
1.018506e+00
1.020979e+00
1.023452e+00
1.025925e+00
1.028398e+00
1.030870e+00
1.033343e+00
1.035816e+00
1.038288e+00
1.040761e+00
1.043234e+00
1.045707e+00
1.048179e+00
1.050652e+00
1.053125e+00
1.055598e+00
1.058071e+00
1.060544e+00
1.063016e+00
1.065489e+00
1.067961e+00
1.070434e+00
1.072907e+00
1.075380e+00
1.077853e+00
1.080325e+00
1.082798e+00
1.085271e+00
1.087744e+00
1.090216e+00
1.092689e+00
1.095162e+00
1.097634e+00
1.100107e+00
1.102580e+00
1.105053e+00
1.107526e+00
1.109999e+00
1.112471e+00
1.114944e+00
1.117417e+00
1.119889e+00
1.122362e+00
1.124835e+00
1.127307e+00
1.129780e+00
1.132253e+00
1.134726e+00
1.137064e+00
1.139401e+00
1.141740e+00
1.144077e+00
1.146415e+00
1.148752e+00
1.151090e+00
1.153428e+00
1.155766e+00
1.158104e+00
1.160441e+00
1.162779e+00
1.165117e+00
1.167455e+00
1.169792e+00
1.172130e+00
1.174468e+00
1.176805e+00
1.179143e+00
1.181481e+00
1.183819e+00
1.186156e+00
1.188494e+00
1.190832e+00
1.193170e+00
1.195507e+00
1.197845e+00
1.200183e+00
1.202520e+00
1.204859e+00
1.207196e+00
1.209534e+00
1.211872e+00
1.214209e+00
1.216547e+00
1.218885e+00
1.221223e+00
1.223560e+00
1.225898e+00
1.228235e+00
1.230574e+00
1.232912e+00
1.235249e+00
1.237587e+00
1.239925e+00
1.242263e+00
1.244600e+00
1.246938e+00
1.249275e+00
1.251613e+00
1.253951e+00
1.256289e+00
1.258627e+00
1.260964e+00
1.263302e+00
1.265640e+00
1.267978e+00
1.270315e+00
1.272653e+00
1.274991e+00
1.277328e+00
1.279666e+00
1.282004e+00
1.284342e+00
1.286680e+00
1.289017e+00
1.291355e+00
1.293693e+00
1.296030e+00
1.298368e+00
1.300706e+00
1.303043e+00
1.305382e+00
1.307720e+00
1.310057e+00
1.312395e+00
1.314732e+00
1.317070e+00
1.319408e+00
1.321746e+00
1.324083e+00
1.326421e+00
1.328758e+00
1.331097e+00
1.333435e+00
1.335772e+00
1.338110e+00
1.340448e+00
1.342785e+00
1.345123e+00
1.347461e+00
1.349798e+00
1.352136e+00
1.354474e+00
1.356812e+00
1.359150e+00
1.361487e+00
1.363825e+00
1.366163e+00
1.368501e+00
1.370838e+00
1.373176e+00
1.375514e+00
1.377851e+00
1.380189e+00
1.382527e+00
1.384865e+00
1.387203e+00
1.389540e+00
1.391878e+00
1.394216e+00
1.396553e+00
1.398891e+00
1.401229e+00
1.403566e+00
1.405905e+00
1.408243e+00
1.410580e+00
1.412918e+00
1.415255e+00
1.417593e+00
1.419931e+00
1.422269e+00
1.424606e+00
1.426944e+00
1.429282e+00
1.431620e+00
1.433958e+00
1.436295e+00
1.438633e+00
1.440971e+00
1.443308e+00
1.445646e+00
1.447984e+00
1.450322e+00
1.452659e+00
1.454997e+00
1.457335e+00
1.459673e+00
1.462010e+00
1.464348e+00
1.466686e+00
1.469024e+00
1.471361e+00
1.473699e+00
1.476037e+00
1.478374e+00
1.480712e+00
1.483050e+00
1.485388e+00
1.487726e+00
1.490063e+00
1.492401e+00
1.494739e+00
1.497077e+00
1.499414e+00
1.501752e+00
1.504090e+00
1.506427e+00
1.508765e+00
1.511103e+00
1.513441e+00
1.515778e+00
1.518116e+00
1.520454e+00
1.522792e+00
1.525129e+00
1.527467e+00
1.529805e+00
1.532143e+00
1.534481e+00
1.536818e+00
1.539156e+00
1.541494e+00
1.543831e+00
1.546169e+00
1.548507e+00
1.550845e+00
1.553182e+00
1.555520e+00
1.557858e+00
1.560196e+00
1.562533e+00
1.564871e+00
1.567209e+00
1.569546e+00
1.571885e+00
1.574222e+00
1.576560e+00
1.578898e+00
1.581235e+00
1.583573e+00
1.585911e+00
1.588249e+00
1.590586e+00
1.592924e+00
1.595262e+00
1.597600e+00
1.599937e+00
1.602275e+00
1.604613e+00
1.606950e+00
1.609288e+00
1.611626e+00
1.613964e+00
1.616301e+00
1.618639e+00
1.620977e+00
1.623315e+00
1.625653e+00
1.627990e+00
1.630328e+00
1.632666e+00
1.635004e+00
1.637341e+00
1.639679e+00
1.642016e+00
1.644354e+00
1.646693e+00
1.649030e+00
1.651368e+00
1.653706e+00
1.656043e+00
1.658381e+00
1.660719e+00
1.663056e+00
1.665394e+00
1.667732e+00
1.670069e+00
1.672408e+00
1.674745e+00
1.677083e+00
1.679421e+00
1.681758e+00
1.684096e+00
1.686434e+00
1.688772e+00
1.691109e+00
1.693447e+00
1.695785e+00
1.698123e+00
1.700461e+00
1.702798e+00
1.705136e+00
1.707474e+00
1.709811e+00
1.712149e+00
1.714487e+00
1.716824e+00
1.719162e+00
1.721501e+00
1.723838e+00
1.726176e+00
1.728513e+00
1.730851e+00
1.733189e+00
1.735527e+00
1.737864e+00
1.740202e+00
1.742539e+00
1.744877e+00
1.747216e+00
1.749553e+00
1.751891e+00
1.754229e+00
1.756566e+00
1.758904e+00
1.761242e+00
1.763579e+00
1.765917e+00
1.768255e+00
1.770592e+00
1.772931e+00
1.775268e+00
1.777606e+00
1.779944e+00
1.782281e+00
1.784619e+00
1.786957e+00
1.789295e+00
1.791632e+00
1.793970e+00
1.796308e+00
1.798646e+00
1.800984e+00
1.803321e+00
1.805659e+00
1.807997e+00
1.810334e+00
1.812672e+00
1.815010e+00
1.817347e+00
1.819685e+00
1.822024e+00
1.824361e+00
1.826699e+00
1.829036e+00
1.831374e+00
1.833712e+00
1.836050e+00
1.838387e+00
1.840725e+00
1.844581e+00
1.848438e+00
1.852294e+00
1.856150e+00
1.860006e+00
1.863863e+00
1.867719e+00
1.871575e+00
1.875431e+00
1.879288e+00
1.883144e+00
1.887000e+00
1.890857e+00
1.894713e+00
1.898568e+00
1.902425e+00
1.906281e+00
1.910137e+00
1.913994e+00
1.917850e+00
1.921706e+00
1.925562e+00
1.929418e+00
1.933275e+00
1.937131e+00
1.940987e+00
1.944844e+00
1.948700e+00
1.952556e+00
1.956412e+00
1.960268e+00
1.964125e+00
1.967981e+00
1.971837e+00
1.975694e+00
1.979550e+00
1.983406e+00
1.987262e+00
1.991119e+00
1.994975e+00
1.998831e+00
2.002687e+00
2.006544e+00
2.010399e+00
2.014256e+00
2.018112e+00
2.021968e+00
2.025824e+00
2.029681e+00
2.033537e+00
2.037393e+00
2.041250e+00
2.045106e+00
2.048962e+00
2.052818e+00
2.056674e+00
2.060531e+00
2.064387e+00
2.068243e+00
2.072100e+00
2.075956e+00
2.079812e+00
2.083668e+00
2.087525e+00
2.091381e+00
2.095237e+00
2.099093e+00
2.102950e+00
2.106806e+00
2.110662e+00
2.114519e+00
2.118374e+00
2.122231e+00
2.126087e+00
2.129943e+00
2.133799e+00
2.137655e+00
2.141512e+00
2.145368e+00
2.149224e+00
2.153080e+00
2.156937e+00
2.160793e+00
2.164649e+00
2.168506e+00
2.172362e+00
2.176218e+00
2.180074e+00
2.183930e+00
2.187787e+00
2.191643e+00
2.195499e+00
2.199356e+00
2.203212e+00
2.207068e+00
2.210924e+00
2.214781e+00
2.218637e+00
2.222493e+00
2.226349e+00
2.230205e+00
2.234061e+00
2.237917e+00
2.241774e+00
2.245630e+00
2.249486e+00
2.253343e+00
2.257199e+00
2.261055e+00
2.264911e+00
2.268768e+00
2.272624e+00
2.276480e+00
2.280336e+00
2.284193e+00
2.288049e+00
2.291905e+00
2.295762e+00
2.299618e+00
2.303474e+00
2.307330e+00
2.311186e+00
2.315043e+00
2.318899e+00
2.322755e+00
2.326612e+00
2.330468e+00
2.334324e+00
2.338180e+00
2.342036e+00
2.345892e+00
2.349749e+00
2.353605e+00
2.357461e+00
2.361317e+00
2.365173e+00
2.369030e+00
2.372886e+00
2.376742e+00
2.380599e+00
2.384455e+00
2.388311e+00
2.392167e+00
2.396024e+00
2.399880e+00
2.403736e+00
2.407592e+00
2.411449e+00
2.415305e+00
2.419161e+00
2.423018e+00
2.426874e+00
2.430730e+00
2.434586e+00
2.438442e+00
2.442299e+00
2.446155e+00
2.450011e+00
2.453867e+00
2.457723e+00
2.461579e+00
2.465436e+00
2.469292e+00
2.473148e+00
2.477005e+00
2.480861e+00
2.484717e+00
2.488573e+00
2.492429e+00
2.496286e+00
2.500142e+00
2.503998e+00
2.507855e+00
2.511711e+00
2.515567e+00
2.519423e+00
2.523280e+00
2.527136e+00
2.530992e+00
2.534848e+00
2.538705e+00
2.542561e+00
2.546417e+00
2.550274e+00
2.554130e+00
2.557986e+00
2.561842e+00
2.565698e+00
2.569554e+00
2.573410e+00
2.577267e+00
2.581123e+00
2.584979e+00
2.588835e+00
2.592692e+00
2.596548e+00
2.600404e+00
2.604261e+00
2.608117e+00
2.611973e+00
2.615829e+00
2.619111e+00
2.622393e+00
2.625675e+00
2.628957e+00
2.632239e+00
2.635521e+00
2.638803e+00
2.642085e+00
2.645366e+00
2.648648e+00
2.651930e+00
2.655212e+00
2.658494e+00
2.661776e+00
2.665058e+00
2.668340e+00
2.671621e+00
2.674903e+00
2.678185e+00
2.681467e+00
2.684749e+00
2.688031e+00
2.691312e+00
2.694595e+00
2.697877e+00
2.701158e+00
2.704441e+00
2.707722e+00
2.711004e+00
2.714286e+00
2.717568e+00
2.720849e+00
2.724132e+00
2.727413e+00
2.730696e+00
2.733978e+00
2.737259e+00
2.740541e+00
2.743823e+00
2.747105e+00
2.750387e+00
2.753669e+00
2.756950e+00
2.760232e+00
2.763514e+00
2.766796e+00
2.770078e+00
2.773360e+00
2.776642e+00
2.779924e+00
2.783205e+00
2.786488e+00
2.789769e+00
2.793051e+00
2.796333e+00
2.799615e+00
2.802897e+00
2.806179e+00
2.809461e+00
2.812742e+00
2.816025e+00
2.819306e+00
2.822588e+00
2.825870e+00
2.829152e+00
2.832434e+00
2.835716e+00
2.838998e+00
2.842280e+00
2.845562e+00
2.848843e+00
2.852125e+00
2.855407e+00
2.858689e+00
2.861971e+00
2.865253e+00
2.868535e+00
2.871817e+00
2.875099e+00
2.878381e+00
2.881662e+00
2.884944e+00
2.888226e+00
2.891508e+00
2.894789e+00
2.898072e+00
2.901353e+00
2.904636e+00
2.907918e+00
2.911199e+00
2.914481e+00
2.917763e+00
2.921045e+00
2.924327e+00
2.927609e+00
2.930890e+00
2.934172e+00
2.937454e+00
2.940736e+00
2.944018e+00
2.947300e+00
2.950582e+00
2.953864e+00
2.957146e+00
2.960428e+00
2.963709e+00
2.966991e+00
2.970273e+00
2.973555e+00
2.976837e+00
2.980119e+00
2.983401e+00
2.986683e+00
2.989965e+00
2.993246e+00
2.996529e+00
2.999810e+00
3.003092e+00
3.006374e+00
3.009656e+00
3.012938e+00
3.016220e+00
3.019502e+00
3.022783e+00
3.026065e+00
3.029347e+00
3.032629e+00
3.035911e+00
3.039193e+00
3.042475e+00
3.045757e+00
3.049039e+00
3.052321e+00
3.055602e+00
3.058884e+00
3.062166e+00
3.065448e+00
3.068730e+00
3.072012e+00
3.075293e+00
3.078576e+00
3.081858e+00
3.085139e+00
3.088422e+00
3.091703e+00
3.094985e+00
3.098267e+00
3.101549e+00
3.104830e+00
3.108113e+00
3.111394e+00
3.114676e+00
3.117958e+00
3.121240e+00
3.124522e+00
3.127804e+00
3.131086e+00
3.134368e+00
3.137649e+00
3.140931e+00
3.144214e+00
3.147495e+00
3.150777e+00
3.154059e+00
3.157341e+00
3.160623e+00
3.163905e+00
3.167186e+00
3.170469e+00
3.173750e+00
3.177032e+00
3.180315e+00
3.183596e+00
3.186878e+00
3.190160e+00
3.193442e+00
3.196723e+00
3.200006e+00
3.203287e+00
3.206569e+00
3.209851e+00
3.213133e+00
3.216415e+00
3.219697e+00
3.222979e+00
3.226261e+00
3.229542e+00
3.232824e+00
3.236106e+00
3.239388e+00
3.242670e+00
3.245952e+00
3.249234e+00
3.252515e+00
3.255798e+00
3.259079e+00
3.262362e+00
3.265643e+00
3.268925e+00
3.272207e+00
3.275489e+00
3.279274e+00
3.283059e+00
3.286844e+00
3.290630e+00
3.294414e+00
3.298200e+00
3.301984e+00
3.305769e+00
3.309555e+00
3.313340e+00
3.317125e+00
3.320910e+00
3.324695e+00
3.328480e+00
3.332265e+00
3.336050e+00
3.339836e+00
3.343620e+00
3.347406e+00
3.351191e+00
3.354975e+00
3.358761e+00
3.362546e+00
3.366331e+00
3.370116e+00
3.373901e+00
3.377686e+00
3.381471e+00
3.385257e+00
3.389042e+00
3.392827e+00
3.396612e+00
3.400397e+00
3.404182e+00
3.407967e+00
3.411752e+00
3.415537e+00
3.419322e+00
3.423107e+00
3.426892e+00
3.430678e+00
3.434463e+00
3.438248e+00
3.442033e+00
3.445818e+00
3.449603e+00
3.453388e+00
3.457174e+00
3.460958e+00
3.464743e+00
3.468528e+00
3.472313e+00
3.476098e+00
3.479884e+00
3.483669e+00
3.487454e+00
3.491239e+00
3.495024e+00
3.498809e+00
3.502594e+00
3.506380e+00
3.510164e+00
3.513949e+00
3.517735e+00
3.521519e+00
3.525304e+00
3.529090e+00
3.532875e+00
3.536660e+00
3.540445e+00
3.544230e+00
3.548015e+00
3.551800e+00
3.555586e+00
3.559371e+00
3.563155e+00
3.566941e+00
3.570726e+00
3.574511e+00
3.578296e+00
3.582081e+00
3.585866e+00
3.589651e+00
3.593436e+00
3.597222e+00
3.601007e+00
3.604792e+00
3.608577e+00
3.612362e+00
3.616147e+00
3.619932e+00
3.623717e+00
3.627502e+00
3.631287e+00
3.635072e+00
3.638857e+00
3.642642e+00
3.646428e+00
3.650213e+00
3.653998e+00
3.657783e+00
3.661568e+00
3.665353e+00
3.669138e+00
3.672923e+00
3.676708e+00
3.680493e+00
3.684278e+00
3.688063e+00
3.691848e+00
3.695634e+00
3.699419e+00
3.703204e+00
3.706989e+00
3.710774e+00
3.714559e+00
3.718344e+00
3.722129e+00
3.725915e+00
3.729699e+00
3.733484e+00
3.737270e+00
3.741055e+00
3.744840e+00
3.748625e+00
3.752410e+00
3.756195e+00
3.759980e+00
3.763766e+00
3.767551e+00
3.771335e+00
3.775121e+00
3.778906e+00
3.782690e+00
3.786476e+00
3.790261e+00
3.794046e+00
3.797831e+00
3.801616e+00
3.805401e+00
3.809186e+00
3.812972e+00
3.816757e+00
3.820542e+00
3.824327e+00
3.828112e+00
3.831896e+00
3.835682e+00
3.839467e+00
3.843252e+00
3.847037e+00
3.850822e+00
3.854607e+00
3.858392e+00
3.862178e+00
3.865963e+00
3.869748e+00
3.873533e+00
3.877318e+00
3.881103e+00
3.884888e+00
3.888673e+00
3.892458e+00
3.896243e+00
3.900028e+00
3.903814e+00
3.907599e+00
3.911384e+00
3.915169e+00
3.918954e+00
3.922739e+00
3.926524e+00
3.930309e+00
3.934095e+00
3.937879e+00
3.941664e+00
3.945450e+00
3.949234e+00
3.953020e+00
3.956805e+00
3.960590e+00
3.964375e+00
3.968160e+00
3.971945e+00
3.975730e+00
3.979515e+00
3.983301e+00
3.987086e+00
3.990870e+00
3.994656e+00
3.998440e+00
4.002226e+00
4.006011e+00
4.009796e+00
4.013581e+00
4.017366e+00
4.021151e+00
4.024936e+00
4.028722e+00
4.032507e+00
4.036292e+00
4.040076e+00
4.043862e+00
4.047647e+00
4.051432e+00
4.055217e+00
4.059002e+00
4.062787e+00
4.066572e+00
4.070357e+00
4.074143e+00
4.077928e+00
4.081713e+00
4.085498e+00
4.089283e+00
4.093068e+00
4.096853e+00
4.100639e+00
4.104423e+00
4.108208e+00
4.111994e+00
4.115778e+00
4.119563e+00
4.123349e+00
4.127134e+00
4.130919e+00
4.134704e+00
4.138489e+00
4.142274e+00
4.146059e+00
4.149845e+00
4.153629e+00
4.157414e+00
4.161200e+00
4.164984e+00
4.168770e+00
4.172555e+00
4.176340e+00
4.180125e+00
4.183910e+00
4.187695e+00
4.191480e+00
4.195265e+00
4.199051e+00
4.202836e+00
4.206620e+00
4.210406e+00
4.214191e+00
4.217976e+00
4.221761e+00
4.225546e+00
4.229331e+00
4.233116e+00
4.236901e+00
4.240687e+00
4.244472e+00
4.248257e+00
4.252042e+00
4.255827e+00
4.259612e+00
4.263397e+00
4.267182e+00
4.270967e+00
4.274752e+00
4.278537e+00
4.282322e+00
4.286107e+00
4.289893e+00
4.293678e+00
4.297463e+00
4.301248e+00
4.305033e+00
4.308818e+00
4.312603e+00
4.316388e+00
4.320173e+00
4.323958e+00
4.327743e+00
4.331528e+00
4.335314e+00
4.339099e+00
4.342884e+00
4.346669e+00
4.350454e+00
4.354239e+00
4.358024e+00
4.361809e+00
4.365594e+00
4.369380e+00
4.373164e+00
4.376949e+00
4.380735e+00
4.384520e+00
4.388305e+00
4.392090e+00
4.395875e+00
4.399660e+00
4.403445e+00
4.407231e+00
4.411016e+00
4.414800e+00
4.418586e+00
4.422781e+00
4.426976e+00
4.431171e+00
4.435367e+00
4.439562e+00
4.443757e+00
4.447952e+00
4.452148e+00
4.456343e+00
4.460538e+00
4.464733e+00
4.468929e+00
4.473123e+00
4.477319e+00
4.481514e+00
4.485709e+00
4.489905e+00
4.494100e+00
4.498295e+00
4.502490e+00
4.506686e+00
4.510881e+00
4.515076e+00
4.519271e+00
4.523467e+00
4.527662e+00
4.531857e+00
4.536052e+00
4.540248e+00
4.544443e+00
4.548638e+00
4.552833e+00
4.557029e+00
4.561224e+00
4.565419e+00
4.569614e+00
4.573809e+00
4.578005e+00
4.582200e+00
4.586395e+00
4.590591e+00
4.594786e+00
4.598981e+00
4.603176e+00
4.607371e+00
4.611567e+00
4.615762e+00
4.619957e+00
4.624152e+00
4.628348e+00
4.632543e+00
4.636738e+00
4.640933e+00
4.645129e+00
4.649324e+00
4.653519e+00
4.657714e+00
4.661909e+00
4.666105e+00
4.670300e+00
4.674495e+00
4.678691e+00
4.682886e+00
4.687081e+00
4.691276e+00
4.695471e+00
4.699667e+00
4.703862e+00
4.708057e+00
4.712252e+00
4.716448e+00
4.720643e+00
4.724838e+00
4.729033e+00
4.733229e+00
4.737424e+00
4.741619e+00
4.745814e+00
4.750009e+00
4.754205e+00
4.758400e+00
4.762595e+00
4.766791e+00
4.770986e+00
4.775181e+00
4.779376e+00
4.783571e+00
4.787767e+00
4.791962e+00
4.796158e+00
4.800352e+00
4.804548e+00
4.808743e+00
4.812938e+00
4.817134e+00
4.821329e+00
4.825524e+00
4.829719e+00
4.833914e+00
4.838109e+00
4.842305e+00
4.846501e+00
4.850695e+00
4.854891e+00
4.859086e+00
4.863281e+00
4.867476e+00
4.871671e+00
4.875867e+00
4.880062e+00
4.884258e+00
4.888452e+00
4.892648e+00
4.896843e+00
4.901038e+00
4.905234e+00
4.909429e+00
4.913624e+00
4.917819e+00
4.922015e+00
4.926209e+00
4.930405e+00
4.934601e+00
4.938795e+00
4.942991e+00
4.947186e+00
4.951381e+00
4.955576e+00
4.959772e+00
4.963967e+00
4.968162e+00
4.972358e+00
4.976552e+00
4.980748e+00
4.984943e+00
4.989139e+00
4.993334e+00
4.997529e+00
5.001724e+00
5.005919e+00
5.010115e+00
5.014309e+00
5.018505e+00
5.022701e+00
5.026896e+00
5.031091e+00
5.035286e+00
5.039481e+00
5.043676e+00
5.047872e+00
5.052067e+00
5.056262e+00
5.060458e+00
5.064652e+00
5.068848e+00
5.073043e+00
5.077239e+00
5.081434e+00
5.085629e+00
5.089824e+00
5.094019e+00
5.098215e+00
5.102410e+00
5.106605e+00
5.110801e+00
5.114996e+00
5.119191e+00
5.123386e+00
5.127581e+00
5.131777e+00
5.135972e+00
5.140167e+00
5.144362e+00
5.148558e+00
5.152753e+00
5.156948e+00
5.161143e+00
5.165339e+00
5.169534e+00
5.173729e+00
5.177924e+00
5.182119e+00
5.186315e+00
5.190510e+00
5.194705e+00
5.198901e+00
5.203096e+00
5.207291e+00
5.211486e+00
5.215681e+00
5.219877e+00
5.224072e+00
5.228267e+00
5.232462e+00
5.236658e+00
5.240853e+00
5.245048e+00
5.249243e+00
5.253439e+00
5.257634e+00
5.261829e+00
5.266024e+00
5.270219e+00
5.274415e+00
5.278610e+00
5.282805e+00
5.287001e+00
5.291196e+00
5.295391e+00
5.299586e+00
5.303781e+00
5.307977e+00
5.312172e+00
5.316367e+00
5.320562e+00
5.324758e+00
5.328953e+00
5.333148e+00
5.337343e+00
5.341539e+00
5.345734e+00
5.349929e+00
5.354124e+00
5.358320e+00
5.362515e+00
5.366710e+00
5.370905e+00
5.375101e+00
5.379296e+00
5.383491e+00
5.387687e+00
5.391881e+00
5.396077e+00
5.400272e+00
5.404467e+00
5.408662e+00
5.412858e+00
5.417053e+00
5.421248e+00
5.425443e+00
5.429639e+00
5.433834e+00
5.438029e+00
5.442224e+00
5.446420e+00
5.450615e+00
5.454810e+00
5.459005e+00
5.463201e+00
5.467396e+00
5.471591e+00
5.475787e+00
5.479981e+00
5.484177e+00
5.488372e+00
5.492568e+00
5.496762e+00
5.500958e+00
5.505153e+00
5.509348e+00
5.513543e+00
5.517739e+00
5.521934e+00
5.526129e+00
5.530324e+00
5.534520e+00
5.538715e+00
5.542910e+00
5.547105e+00
5.551301e+00
5.555496e+00
5.559691e+00
5.563887e+00
5.568081e+00
5.572277e+00
5.576472e+00
5.580668e+00
5.584862e+00
5.589058e+00
5.593253e+00
5.597448e+00
5.601644e+00
5.605839e+00
5.610034e+00
5.614230e+00
5.618424e+00
5.622620e+00
5.626815e+00
5.631010e+00
5.635205e+00
5.639401e+00
5.643596e+00
5.647791e+00
5.651987e+00
5.656181e+00
5.660377e+00
5.664572e+00
5.668768e+00
5.672963e+00
5.677158e+00
5.681353e+00
5.685548e+00
5.689744e+00
5.693939e+00
5.698134e+00
5.702330e+00
5.706525e+00
5.710720e+00
5.714915e+00
5.719110e+00
5.723306e+00
5.727501e+00
5.731696e+00
5.735891e+00
5.740087e+00
5.744281e+00
5.748477e+00
5.752672e+00
5.756868e+00
5.761063e+00
5.765258e+00
5.769453e+00
5.773648e+00
5.777844e+00
5.782039e+00
5.786234e+00
5.790430e+00
5.794625e+00
5.798820e+00
5.803015e+00
5.807210e+00
5.811406e+00
5.815601e+00
5.819796e+00
5.823991e+00
5.828187e+00
5.832382e+00
5.836577e+00
5.840772e+00
5.844968e+00
5.849163e+00
5.853358e+00
5.857553e+00
5.861748e+00
5.865944e+00
5.870139e+00
5.874334e+00
5.878530e+00
5.882725e+00
5.886920e+00
5.891115e+00
5.895310e+00
5.899506e+00
5.903701e+00
5.907896e+00
5.912091e+00
5.916287e+00
5.920482e+00
5.924677e+00
5.928873e+00
5.933068e+00
5.937263e+00
5.941458e+00
5.945653e+00
5.949848e+00
5.954044e+00
5.958240e+00
5.962434e+00
5.966630e+00
5.970825e+00
5.975020e+00
5.979215e+00
5.983410e+00
5.987606e+00
5.991801e+00
5.995996e+00
6.000191e+00
6.004387e+00
6.008582e+00
6.012777e+00
6.016973e+00
6.021168e+00
6.025363e+00
6.029558e+00
6.033753e+00
6.037948e+00
6.042144e+00
6.046340e+00
6.050534e+00
6.054730e+00
6.058925e+00
6.063120e+00
6.067315e+00
6.071511e+00
6.075706e+00
6.079901e+00
6.084097e+00
6.088291e+00
6.092487e+00
6.096682e+00
6.100877e+00
6.105073e+00
6.109268e+00
6.113463e+00
6.117658e+00
6.121853e+00
6.126048e+00
6.130244e+00
6.134440e+00
6.138634e+00
6.142830e+00
6.147025e+00
6.151220e+00
6.155416e+00
6.159611e+00
6.163806e+00
6.168001e+00
6.172197e+00
6.176391e+00
6.180587e+00
6.184782e+00
6.188978e+00
6.193173e+00
6.197368e+00
6.201563e+00
6.205758e+00
6.209953e+00
6.214149e+00
6.218344e+00
6.222540e+00
6.226734e+00
6.230930e+00
6.235125e+00
6.239320e+00
6.243516e+00
6.247711e+00
6.251906e+00
6.256101e+00
6.260297e+00
6.264491e+00
6.268687e+00
6.272882e+00
6.277078e+00
6.281273e+00
6.285468e+00
6.289663e+00
6.293858e+00
6.298054e+00
6.302249e+00
6.306444e+00
6.310640e+00
6.314834e+00
6.319030e+00
6.323225e+00
6.327420e+00
6.331616e+00
6.335811e+00
6.340006e+00
6.344201e+00
6.348397e+00
6.352591e+00
6.356787e+00
6.360982e+00
6.365178e+00
6.369373e+00
6.373568e+00
6.377763e+00
6.381958e+00
6.386154e+00
6.390349e+00
6.394544e+00
6.398740e+00
6.402935e+00
6.407130e+00
6.411325e+00
6.415520e+00
6.419716e+00
6.423911e+00
6.428106e+00
6.432301e+00
6.436497e+00
6.440692e+00
6.444887e+00
6.449082e+00
6.453278e+00
6.457473e+00
6.461668e+00
6.465863e+00
6.470059e+00
6.474254e+00
6.478449e+00
6.482644e+00
6.486840e+00
6.491035e+00
6.495230e+00
6.499425e+00
6.503620e+00
6.507816e+00
6.512011e+00
6.516206e+00
6.520401e+00
6.524597e+00
6.529190e+00
6.533784e+00
6.538378e+00
6.542971e+00
6.547565e+00
6.552158e+00
6.556752e+00
6.561345e+00
6.565939e+00
6.570533e+00
6.575126e+00
6.579720e+00
6.584314e+00
6.588907e+00
6.593501e+00
6.598095e+00
6.602688e+00
6.607281e+00
6.611875e+00
6.616468e+00
6.621062e+00
6.625656e+00
6.630249e+00
6.634843e+00
6.639437e+00
6.644030e+00
6.648624e+00
6.653218e+00
6.657811e+00
6.662405e+00
6.666998e+00
6.671592e+00
6.676185e+00
6.680779e+00
6.685372e+00
6.689966e+00
6.694560e+00
6.699153e+00
6.703747e+00
6.708341e+00
6.712934e+00
6.717528e+00
6.722121e+00
6.726715e+00
6.731309e+00
6.735902e+00
6.740495e+00
6.745089e+00
6.749683e+00
6.754276e+00
6.758870e+00
6.763464e+00
6.768057e+00
6.772651e+00
6.777245e+00
6.781838e+00
6.786432e+00
6.791025e+00
6.795619e+00
6.800212e+00
6.804806e+00
6.809400e+00
6.813993e+00
6.818587e+00
6.823180e+00
6.827774e+00
6.832368e+00
6.836961e+00
6.841555e+00
6.846149e+00
6.850742e+00
6.855335e+00
6.859930e+00
6.864523e+00
6.869116e+00
6.873710e+00
6.878303e+00
6.882897e+00
6.887491e+00
6.892084e+00
6.896678e+00
6.901272e+00
6.905865e+00
6.910459e+00
6.915053e+00
6.919646e+00
6.924240e+00
6.928833e+00
6.933426e+00
6.938021e+00
6.942614e+00
6.947207e+00
6.951801e+00
6.956395e+00
6.960988e+00
6.965582e+00
6.970176e+00
6.974769e+00
6.979363e+00
6.983956e+00
6.988550e+00
6.993144e+00
6.997737e+00
7.002331e+00
7.006924e+00
7.011518e+00
7.016112e+00
7.020705e+00
7.025299e+00
7.029892e+00
7.034486e+00
7.039080e+00
7.043673e+00
7.048267e+00
7.052861e+00
7.057454e+00
7.062047e+00
7.066641e+00
7.071235e+00
7.075828e+00
7.080422e+00
7.085015e+00
7.089609e+00
7.094203e+00
7.098796e+00
7.103390e+00
7.107984e+00
7.112577e+00
7.117171e+00
7.121764e+00
7.126358e+00
7.130952e+00
7.135545e+00
7.140138e+00
7.144732e+00
7.149326e+00
7.153919e+00
7.158513e+00
7.163107e+00
7.167700e+00
7.172294e+00
7.176888e+00
7.181481e+00
7.186075e+00
7.190668e+00
7.195262e+00
7.199855e+00
7.204449e+00
7.209043e+00
7.213636e+00
7.218230e+00
7.222823e+00
7.227417e+00
7.232011e+00
7.236604e+00
7.241198e+00
7.245792e+00
7.250385e+00
7.254979e+00
7.259573e+00
7.264166e+00
7.268759e+00
7.273353e+00
7.277946e+00
7.282540e+00
7.287134e+00
7.291727e+00
7.296321e+00
7.300915e+00
7.305508e+00
7.310102e+00
7.314696e+00
7.319289e+00
7.323883e+00
7.328476e+00
7.333069e+00
7.337663e+00
7.342257e+00
7.346850e+00
7.351444e+00
7.356038e+00
7.360631e+00
7.365225e+00
7.369819e+00
7.374412e+00
7.379006e+00
7.383599e+00
7.388193e+00
7.392787e+00
7.397380e+00
7.401973e+00
7.406567e+00
7.411161e+00
7.415754e+00
7.420348e+00
7.424942e+00
7.429535e+00
7.434129e+00
7.438722e+00
7.443316e+00
7.447910e+00
7.452503e+00
7.457097e+00
7.461690e+00
7.466284e+00
7.470878e+00
7.475471e+00
7.480065e+00
7.484658e+00
7.489252e+00
7.493846e+00
7.498439e+00
7.503033e+00
7.507627e+00
7.512220e+00
7.516813e+00
7.521408e+00
7.526001e+00
7.530594e+00
7.535188e+00
7.539781e+00
7.544375e+00
7.548969e+00
7.553562e+00
7.558156e+00
7.562750e+00
7.567343e+00
7.571937e+00
7.576531e+00
7.581124e+00
7.585718e+00
7.590311e+00
7.594904e+00
7.599498e+00
7.604092e+00
7.608685e+00
7.613279e+00
7.617873e+00
7.622466e+00
7.627060e+00
7.631654e+00
7.636247e+00
7.640841e+00
7.645434e+00
7.650028e+00
7.654622e+00
7.659215e+00
7.663809e+00
7.668402e+00
7.672996e+00
7.677589e+00
7.682183e+00
7.686776e+00
7.691370e+00
7.695964e+00
7.700557e+00
7.705151e+00
7.709745e+00
7.714338e+00
7.718932e+00
7.723525e+00
7.728119e+00
7.732712e+00
7.737306e+00
7.741900e+00
7.746493e+00
7.751087e+00
7.755680e+00
7.760274e+00
7.764868e+00
7.769461e+00
7.774055e+00
7.778649e+00
7.783242e+00
7.787836e+00
7.792430e+00
7.797023e+00
7.801616e+00
7.806210e+00
7.810803e+00
7.815397e+00
7.819991e+00
7.824584e+00
7.829178e+00
7.833772e+00
7.838365e+00
7.842959e+00
7.847553e+00
7.852146e+00
7.856740e+00
7.861333e+00
7.865927e+00
7.870521e+00
7.875114e+00
7.879707e+00
7.884301e+00
7.888895e+00
7.893488e+00
7.898082e+00
7.902676e+00
7.907269e+00
7.911863e+00
7.916456e+00
7.921050e+00
7.925644e+00
7.930237e+00
7.934831e+00
7.939424e+00
7.944018e+00
7.948612e+00
7.953205e+00
7.957799e+00
7.962392e+00
7.966986e+00
7.971580e+00
7.976173e+00
7.980767e+00
7.985361e+00
7.989954e+00
7.994547e+00
7.999142e+00
8.003735e+00
8.008328e+00
8.012922e+00
8.017515e+00
8.022109e+00
8.026703e+00
8.031296e+00
8.035890e+00
8.040484e+00
8.045077e+00
8.049671e+00
8.054265e+00
8.058858e+00
8.063451e+00
8.068045e+00
8.072638e+00
8.077232e+00
8.081826e+00
8.086419e+00
8.091013e+00
8.095607e+00
8.100200e+00
8.104794e+00
8.109388e+00
8.113981e+00
8.118575e+00
8.123168e+00
8.127761e+00
8.132356e+00
8.136949e+00
8.141542e+00
8.146136e+00
8.150730e+00
8.155323e+00
8.159917e+00
8.164511e+00
8.169104e+00
8.173698e+00
8.178291e+00
8.182885e+00
8.187479e+00
8.192072e+00
8.196666e+00
8.201259e+00
8.205853e+00
8.210446e+00
8.215040e+00
8.219634e+00
8.224227e+00
8.228821e+00
8.233415e+00
8.238008e+00
8.242602e+00
8.247196e+00
8.251789e+00
8.256382e+00
8.260976e+00
8.265570e+00
8.270163e+00
8.274757e+00
8.279350e+00
8.283944e+00
8.288538e+00
8.293131e+00
8.297725e+00
8.302319e+00
8.306912e+00
8.311506e+00
8.316099e+00
8.320693e+00
8.325287e+00
8.329880e+00
8.334473e+00
8.339067e+00
8.343661e+00
8.348254e+00
8.352848e+00
8.357442e+00
8.362035e+00
8.366629e+00
8.371223e+00
8.375816e+00
8.380410e+00
8.385003e+00
8.389597e+00
8.394190e+00
8.398784e+00
8.403378e+00
8.407971e+00
8.412565e+00
8.417158e+00
8.421752e+00
8.426346e+00
8.430939e+00
8.435533e+00
8.440127e+00
8.444720e+00
8.449313e+00
8.453908e+00
8.458501e+00
8.463094e+00
8.467688e+00
8.472281e+00
8.476875e+00
8.481469e+00
8.486062e+00
8.490656e+00
8.495250e+00
8.499843e+00
8.504437e+00
8.509031e+00
8.513624e+00
8.518218e+00
8.522811e+00
8.527404e+00
8.531999e+00
8.536592e+00
8.541185e+00
8.545779e+00
8.550373e+00
8.554966e+00
8.559560e+00
8.564154e+00
8.568747e+00
8.573341e+00
8.577934e+00
8.582528e+00
8.587122e+00
8.591715e+00
8.596309e+00
8.600902e+00
8.605496e+00
8.610090e+00
8.614683e+00
8.619277e+00
8.623870e+00
8.628464e+00
8.633058e+00
8.637651e+00
8.642245e+00
8.646839e+00
8.651432e+00
8.656025e+00
8.660619e+00
8.665213e+00
8.669806e+00
8.674400e+00
8.678993e+00
8.683587e+00
8.688181e+00
8.692774e+00
8.697368e+00
8.701962e+00
8.706555e+00
8.711149e+00
8.715743e+00
8.720336e+00
8.724930e+00
8.729523e+00
8.734116e+00
8.738710e+00
8.743304e+00
8.747897e+00
8.752491e+00
8.757085e+00
8.761678e+00
8.766272e+00
8.770866e+00
8.775459e+00
8.780053e+00
8.784646e+00
8.789239e+00
8.793833e+00
8.798427e+00
8.803020e+00
8.807614e+00
8.812208e+00
8.816801e+00
8.821395e+00
8.825989e+00
8.830582e+00
8.835176e+00
8.839783e+00
8.844390e+00
8.848997e+00
8.853604e+00
8.858211e+00
8.862818e+00
8.867425e+00
8.872032e+00
8.876639e+00
8.881246e+00
8.885854e+00
8.890461e+00
8.895068e+00
8.899675e+00
8.904282e+00
8.908889e+00
8.913496e+00
8.918103e+00
8.922710e+00
8.927318e+00
8.931924e+00
8.936531e+00
8.941139e+00
8.945745e+00
8.950353e+00
8.954959e+00
8.959567e+00
8.964174e+00
8.968781e+00
8.973388e+00
8.977995e+00
8.982602e+00
8.987209e+00
8.991816e+00
8.996423e+00
9.001030e+00
9.005638e+00
9.010244e+00
9.014852e+00
9.019459e+00
9.024066e+00
9.028673e+00
9.033280e+00
9.037887e+00
9.042494e+00
9.047101e+00
9.051708e+00
9.056316e+00
9.060922e+00
9.065529e+00
9.070137e+00
9.074744e+00
9.079351e+00
9.083958e+00
9.088565e+00
9.093172e+00
9.097779e+00
9.102386e+00
9.106993e+00
9.111600e+00
9.116207e+00
9.120815e+00
9.125421e+00
9.130028e+00
9.134636e+00
9.139243e+00
9.143850e+00
9.148457e+00
9.153064e+00
9.157671e+00
9.162278e+00
9.166885e+00
9.171492e+00
9.176099e+00
9.180706e+00
9.185313e+00
9.189921e+00
9.194527e+00
9.199135e+00
9.203741e+00
9.208349e+00
9.212956e+00
9.217563e+00
9.222170e+00
9.226777e+00
9.231384e+00
9.235991e+00
9.240598e+00
9.245205e+00
9.249813e+00
9.254420e+00
9.259027e+00
9.263634e+00
9.268241e+00
9.272848e+00
9.277455e+00
9.282062e+00
9.286669e+00
9.291276e+00
9.295883e+00
9.300490e+00
9.305098e+00
9.309704e+00
9.314312e+00
9.318918e+00
9.323526e+00
9.328133e+00
9.332740e+00
9.337347e+00
9.341954e+00
9.346561e+00
9.351168e+00
9.355775e+00
9.360382e+00
9.364989e+00
9.369597e+00
9.374203e+00
9.378811e+00
9.383418e+00
9.388025e+00
9.392632e+00
9.397238e+00
9.401846e+00
9.406453e+00
9.411060e+00
9.415667e+00
9.420275e+00
9.424881e+00
9.429488e+00
9.434095e+00
9.438703e+00
9.443310e+00
9.447917e+00
9.452524e+00
9.457131e+00
9.461738e+00
9.466345e+00
9.470952e+00
9.475559e+00
9.480166e+00
9.484774e+00
9.489380e+00
9.493987e+00
9.498595e+00
9.503201e+00
9.507809e+00
9.512415e+00
9.517023e+00
9.521630e+00
9.526237e+00
9.530844e+00
9.535451e+00
9.540058e+00
9.544665e+00
9.549272e+00
9.553880e+00
9.558486e+00
9.563094e+00
9.567700e+00
9.572308e+00
9.576915e+00
9.581522e+00
9.586129e+00
9.590735e+00
9.595343e+00
9.599950e+00
9.604557e+00
9.609164e+00
9.613772e+00
9.618378e+00
9.622985e+00
9.627592e+00
9.632200e+00
9.636807e+00
9.641414e+00
9.646021e+00
9.650628e+00
9.655235e+00
9.659842e+00
9.664449e+00
9.669057e+00
9.673663e+00
9.678271e+00
9.682877e+00
9.687484e+00
9.692092e+00
9.696698e+00
9.701306e+00
9.705912e+00
9.710520e+00
9.715127e+00
9.719734e+00
9.724341e+00
9.728948e+00
9.733555e+00
9.738162e+00
9.742769e+00
9.747377e+00
9.751983e+00
9.756591e+00
9.761197e+00
9.765805e+00
9.770412e+00
9.775019e+00
9.779626e+00
9.784233e+00
9.788840e+00
9.793447e+00
9.798054e+00
9.802661e+00
9.807269e+00
9.811875e+00
9.816485e+00
9.821087e+00
9.825695e+00
9.830303e+00
9.834911e+00
9.839519e+00
9.844127e+00
9.848729e+00
9.853337e+00
9.857945e+00
9.862554e+00
9.867161e+00
9.871769e+00
9.876377e+00
9.880980e+00
9.885588e+00
9.890195e+00
9.894803e+00
9.899412e+00
9.904020e+00
9.908622e+00
9.913230e+00
9.917838e+00
9.922446e+00
9.927054e+00
9.931662e+00
9.936264e+00
9.940872e+00
9.945480e+00
9.950088e+00
9.954696e+00
9.959304e+00
9.963912e+00
9.968514e+00
9.973122e+00
9.977730e+00
9.982338e+00
9.986946e+00
9.991554e+00
9.996156e+00
1.000076e+01
1.000537e+01
1.000998e+01
1.001459e+01
1.001920e+01
1.002380e+01
1.002841e+01
1.003301e+01
1.003762e+01
1.004223e+01
1.004684e+01
1.005145e+01
1.005605e+01
1.006066e+01
1.006526e+01
1.006987e+01
1.007448e+01
1.007909e+01
1.008369e+01
1.008830e+01
1.009291e+01
1.009751e+01
1.010212e+01
1.010673e+01
1.011133e+01
1.011594e+01
1.012055e+01
1.012516e+01
1.012976e+01
1.013437e+01
1.013898e+01
1.014358e+01
1.014819e+01
1.015280e+01
1.015741e+01
1.016201e+01
1.016662e+01
1.017122e+01
1.017583e+01
1.018044e+01
1.018505e+01
1.018966e+01
1.019426e+01
1.019887e+01
1.020347e+01
1.020808e+01
1.021269e+01
1.021730e+01
1.022191e+01
1.022651e+01
1.023112e+01
1.023572e+01
1.024033e+01
1.024494e+01
1.024955e+01
1.025416e+01
1.025876e+01
1.026337e+01
1.026797e+01
1.027258e+01
1.027719e+01
1.028180e+01
1.028641e+01
1.029101e+01
1.029562e+01
1.030022e+01
1.030483e+01
1.030944e+01
1.031405e+01
1.031865e+01
1.032326e+01
1.032787e+01
1.033247e+01
1.033708e+01
1.034169e+01
1.034629e+01
1.035090e+01
1.035551e+01
1.036012e+01
1.036473e+01
1.036933e+01
1.037394e+01
1.037855e+01
1.038315e+01
1.038776e+01
1.039237e+01
1.039698e+01
1.040158e+01
1.040619e+01
1.041079e+01
1.041540e+01
1.042001e+01
1.042462e+01
1.042922e+01
1.043383e+01
1.043844e+01
1.044304e+01
1.044765e+01
1.045226e+01
1.045687e+01
1.046147e+01
1.046608e+01
1.047069e+01
1.047529e+01
1.047990e+01
1.048451e+01
1.048912e+01
1.049372e+01
1.049833e+01
1.050293e+01
1.050755e+01
1.051215e+01
1.051676e+01
1.052137e+01
1.052597e+01
1.053058e+01
1.053519e+01
1.053979e+01
1.054440e+01
1.054901e+01
1.055361e+01
1.055822e+01
1.056283e+01
1.056744e+01
1.057204e+01
1.057665e+01
1.058125e+01
1.058586e+01
1.059047e+01
1.059508e+01
1.059969e+01
1.060429e+01
1.060890e+01
1.061350e+01
1.061811e+01
1.062272e+01
1.062733e+01
1.063193e+01
1.063655e+01
1.064115e+01
1.064575e+01
1.065036e+01
1.065497e+01
1.065958e+01
1.066419e+01
1.066879e+01
1.067340e+01
1.067801e+01
1.068261e+01
1.068722e+01
1.069183e+01
1.069644e+01
1.070104e+01
1.070565e+01
1.071025e+01
1.071486e+01
1.071947e+01
1.072408e+01
1.072868e+01
1.073329e+01
1.073790e+01
1.074250e+01
1.074711e+01
1.075172e+01
1.075633e+01
1.076093e+01
1.076554e+01
1.077015e+01
1.077475e+01
1.077936e+01
1.078397e+01
1.078857e+01
1.079318e+01
1.079779e+01
1.080240e+01
1.080701e+01
1.081161e+01
1.081621e+01
1.082082e+01
1.082543e+01
1.083004e+01
1.083465e+01
1.083926e+01
1.084386e+01
1.084847e+01
1.085307e+01
1.085768e+01
1.086229e+01
1.086690e+01
1.087150e+01
1.087611e+01
1.088072e+01
1.088532e+01
1.088993e+01
1.089454e+01
1.089915e+01
1.090375e+01
1.090836e+01
1.091296e+01
1.091757e+01
1.092218e+01
1.092679e+01
1.093140e+01
1.093600e+01
1.094061e+01
1.094521e+01
1.094982e+01
1.095443e+01
1.095904e+01
1.096364e+01
1.096825e+01
1.097286e+01
1.097747e+01
1.098207e+01
1.098668e+01
1.099128e+01
1.099589e+01
1.100050e+01
1.100511e+01
1.100972e+01
1.101432e+01
1.101893e+01
1.102353e+01
1.102814e+01
1.103275e+01
1.103736e+01
1.104196e+01
1.104658e+01
1.105118e+01
