5.114667e-04
5.573550e-04
6.032436e-04
6.491320e-04
6.950204e-04
7.409090e-04
7.867973e-04
8.326857e-04
8.785743e-04
9.244627e-04
9.703510e-04
1.016240e-03
1.062128e-03
1.108017e-03
1.153905e-03
1.199793e-03
1.245682e-03
1.291570e-03
1.337459e-03
1.383347e-03
1.429235e-03
1.475124e-03
1.521013e-03
1.566901e-03
1.612789e-03
1.658678e-03
1.704566e-03
1.750455e-03
1.796343e-03
1.842231e-03
1.888120e-03
2.003614e-03
2.119108e-03
2.234602e-03
2.350096e-03
2.465590e-03
2.581084e-03
2.696578e-03
2.812072e-03
2.927566e-03
3.043060e-03
3.158554e-03
3.274048e-03
3.389542e-03
3.505036e-03
3.620530e-03
3.736024e-03
3.851518e-03
3.967012e-03
4.082506e-03
4.198000e-03
4.260610e-03
4.323220e-03
4.385830e-03
4.448440e-03
4.511050e-03
4.573660e-03
4.636270e-03
4.698880e-03
4.761490e-03
4.824100e-03
4.886710e-03
4.949320e-03
5.011930e-03
5.074540e-03
5.137150e-03
5.199760e-03
5.262370e-03
5.324980e-03
5.296362e-03
5.450200e-03
5.604038e-03
5.757875e-03
5.911713e-03
6.065551e-03
6.219389e-03
6.373227e-03
6.527065e-03
6.680902e-03
6.834740e-03
6.988578e-03
7.142415e-03
7.296253e-03
7.450091e-03
7.603929e-03
7.757767e-03
7.911605e-03
8.065442e-03
8.219280e-03
8.373118e-03
8.526955e-03
8.680793e-03
8.834631e-03
8.988469e-03
9.142307e-03
9.296145e-03
9.449982e-03
9.603820e-03
9.757658e-03
9.911495e-03
1.006533e-02
1.017996e-02
1.029459e-02
1.040921e-02
1.052384e-02
1.063847e-02
1.075309e-02
1.086772e-02
1.098235e-02
1.109697e-02
1.121160e-02
1.132623e-02
1.144085e-02
1.155548e-02
1.167011e-02
1.178473e-02
1.189936e-02
1.201399e-02
1.212861e-02
1.224324e-02
1.235787e-02
1.247249e-02
1.258712e-02
1.270175e-02
1.281637e-02
1.293100e-02
1.304563e-02
1.316025e-02
1.327488e-02
1.338951e-02
1.350413e-02
1.361876e-02
1.373339e-02
1.384801e-02
1.396264e-02
1.407727e-02
1.419189e-02
1.430652e-02
1.442115e-02
1.453577e-02
1.465040e-02
1.476503e-02
1.487965e-02
1.499428e-02
1.510891e-02
1.522353e-02
1.533816e-02
1.545279e-02
1.556741e-02
1.568204e-02
1.579667e-02
1.594257e-02
1.608848e-02
1.623439e-02
1.638029e-02
1.652620e-02
1.667211e-02
1.681801e-02
1.696392e-02
1.710983e-02
1.725573e-02
1.740164e-02
1.754755e-02
1.769345e-02
1.783936e-02
1.798527e-02
1.813117e-02
1.827708e-02
1.842299e-02
1.856889e-02
1.871480e-02
1.886071e-02
1.900661e-02
1.915252e-02
1.929843e-02
1.944433e-02
1.959024e-02
1.973615e-02
1.988205e-02
2.002796e-02
2.017387e-02
2.031977e-02
2.046568e-02
2.061159e-02
2.075749e-02
2.090340e-02
2.104931e-02
2.119521e-02
2.134112e-02
2.148703e-02
2.163293e-02
2.177884e-02
2.192475e-02
2.207065e-02
2.221656e-02
2.236247e-02
2.250837e-02
2.265428e-02
2.280019e-02
2.294609e-02
2.309200e-02
2.308721e-02
2.308243e-02
2.307764e-02
2.307285e-02
2.306807e-02
2.306328e-02
2.305849e-02
2.305371e-02
2.304892e-02
2.304413e-02
2.303935e-02
2.303456e-02
2.302977e-02
2.302499e-02
2.302020e-02
2.301541e-02
2.301063e-02
2.300584e-02
2.300105e-02
2.299627e-02
2.299148e-02
2.298669e-02
2.298191e-02
2.297712e-02
2.297233e-02
2.296755e-02
2.296276e-02
2.295797e-02
2.295319e-02
2.294840e-02
2.294361e-02
2.293883e-02
2.293404e-02
2.292925e-02
2.292447e-02
2.291968e-02
2.291489e-02
2.291011e-02
2.290532e-02
2.290053e-02
2.289575e-02
2.289096e-02
2.288617e-02
2.288139e-02
2.287660e-02
2.287181e-02
2.286703e-02
2.286224e-02
2.285745e-02
2.285267e-02
2.284788e-02
2.284309e-02
2.283831e-02
2.283352e-02
2.282873e-02
2.282395e-02
2.281916e-02
2.281437e-02
2.280959e-02
2.280480e-02
2.280001e-02
2.279523e-02
2.279044e-02
2.278565e-02
2.278087e-02
2.277608e-02
2.277129e-02
2.276651e-02
2.276172e-02
2.275693e-02
2.275215e-02
2.274736e-02
2.274257e-02
2.273779e-02
2.273300e-02
2.272821e-02
2.272343e-02
2.271864e-02
2.271385e-02
2.270907e-02
2.270428e-02
2.269949e-02
2.269471e-02
2.268992e-02
2.268513e-02
2.268035e-02
2.267556e-02
2.267077e-02
2.266599e-02
2.266120e-02
2.265641e-02
2.265163e-02
2.264684e-02
2.264205e-02
2.263727e-02
2.263248e-02
2.262769e-02
2.262291e-02
2.261812e-02
2.261333e-02
2.271257e-02
2.281180e-02
2.291103e-02
2.301027e-02
2.310950e-02
2.320873e-02
2.330797e-02
2.340720e-02
2.350643e-02
2.360567e-02
2.370490e-02
2.380413e-02
2.390337e-02
2.400260e-02
2.410183e-02
2.420107e-02
2.430030e-02
2.439953e-02
2.449877e-02
2.459800e-02
2.469723e-02
2.479647e-02
2.489570e-02
2.499493e-02
2.509417e-02
2.519340e-02
2.529263e-02
2.539187e-02
2.549110e-02
2.559033e-02
2.568957e-02
2.578880e-02
2.588803e-02
2.598727e-02
2.608650e-02
2.618573e-02
2.628497e-02
2.638420e-02
2.648343e-02
2.658267e-02
2.668190e-02
2.678113e-02
2.688037e-02
2.697960e-02
2.707883e-02
2.717807e-02
2.727730e-02
2.737653e-02
2.747577e-02
2.757500e-02
2.767423e-02
2.777347e-02
2.787270e-02
2.797193e-02
2.807117e-02
2.817040e-02
2.826963e-02
2.836887e-02
2.846810e-02
2.856733e-02
2.866657e-02
2.876580e-02
2.886503e-02
2.896427e-02
2.906350e-02
2.916273e-02
2.926197e-02
2.936120e-02
2.946043e-02
2.955967e-02
2.965890e-02
2.975813e-02
2.985737e-02
2.995660e-02
3.005583e-02
3.015507e-02
3.025430e-02
3.035353e-02
3.045277e-02
3.055200e-02
3.065123e-02
3.075047e-02
3.084970e-02
3.094893e-02
3.104817e-02
3.114740e-02
3.124663e-02
3.134587e-02
3.144510e-02
3.154433e-02
3.164357e-02
3.174280e-02
3.184203e-02
3.194127e-02
3.204050e-02
3.213973e-02
3.223897e-02
3.233820e-02
3.243743e-02
3.253667e-02
3.266054e-02
3.278441e-02
3.290829e-02
3.303216e-02
3.315603e-02
3.327991e-02
3.340378e-02
3.352765e-02
3.365153e-02
3.377540e-02
3.389927e-02
3.402315e-02
3.414702e-02
3.427089e-02
3.439477e-02
3.451864e-02
3.464251e-02
3.476639e-02
3.489026e-02
3.501413e-02
3.513801e-02
3.526188e-02
3.538575e-02
3.550963e-02
3.563350e-02
3.575737e-02
3.588125e-02
3.600512e-02
3.612899e-02
3.625287e-02
3.637674e-02
3.650061e-02
3.662449e-02
3.674836e-02
3.687223e-02
3.699611e-02
3.711998e-02
3.724385e-02
3.736773e-02
3.749160e-02
3.761547e-02
3.773935e-02
3.786322e-02
3.798709e-02
3.811097e-02
3.823484e-02
3.835871e-02
3.848259e-02
3.860646e-02
3.873033e-02
3.885421e-02
3.897808e-02
3.910195e-02
3.922583e-02
3.934970e-02
3.947357e-02
3.959745e-02
3.972132e-02
3.984519e-02
3.996907e-02
4.009294e-02
4.021681e-02
4.034069e-02
4.046456e-02
4.058843e-02
4.071231e-02
4.083618e-02
4.096005e-02
4.108393e-02
4.120780e-02
4.133167e-02
4.145555e-02
4.157942e-02
4.170329e-02
4.182717e-02
4.195104e-02
4.207491e-02
4.219879e-02
4.232266e-02
4.244653e-02
4.257041e-02
4.269428e-02
4.281815e-02
4.294203e-02
4.306590e-02
4.318977e-02
4.331365e-02
4.343752e-02
4.356139e-02
4.368527e-02
4.380914e-02
4.393301e-02
4.405689e-02
4.418076e-02
4.430463e-02
4.442851e-02
4.455238e-02
4.467625e-02
4.480013e-02
4.492400e-02
4.504787e-02
4.517175e-02
4.529562e-02
4.541949e-02
4.554337e-02
4.566724e-02
4.579111e-02
4.591499e-02
4.603886e-02
4.616273e-02
4.628661e-02
4.641048e-02
4.653435e-02
4.665823e-02
4.678210e-02
4.690597e-02
4.702985e-02
4.715372e-02
4.727759e-02
4.740147e-02
4.752534e-02
4.764921e-02
4.777309e-02
4.789696e-02
4.802083e-02
4.814471e-02
4.826858e-02
4.839245e-02
4.851633e-02
4.864020e-02
4.876407e-02
4.888795e-02
4.901182e-02
4.913569e-02
4.925957e-02
4.938344e-02
4.950731e-02
4.963119e-02
4.975506e-02
4.987893e-02
5.000281e-02
5.012668e-02
5.025055e-02
5.037443e-02
5.049830e-02
5.062217e-02
5.074605e-02
5.086992e-02
5.099379e-02
5.111767e-02
5.124154e-02
5.136541e-02
5.148929e-02
5.161316e-02
5.173703e-02
5.186091e-02
5.198478e-02
5.210865e-02
5.223253e-02
5.235640e-02
5.248027e-02
5.260415e-02
5.272802e-02
5.285189e-02
5.297577e-02
5.309964e-02
5.322351e-02
5.334739e-02
5.347126e-02
5.359513e-02
5.371901e-02
5.384288e-02
5.396675e-02
5.409063e-02
5.421450e-02
5.433837e-02
5.446225e-02
5.458612e-02
5.470999e-02
5.483387e-02
5.495774e-02
5.508161e-02
5.520549e-02
5.532936e-02
5.545323e-02
5.557711e-02
5.570098e-02
5.582485e-02
5.594873e-02
5.607260e-02
5.619647e-02
5.632035e-02
5.644422e-02
5.656809e-02
5.669197e-02
5.681584e-02
5.693971e-02
5.706359e-02
5.718746e-02
5.731133e-02
5.751603e-02
5.772073e-02
5.792543e-02
5.813013e-02
5.833483e-02
5.853953e-02
5.874423e-02
5.894893e-02
5.915363e-02
5.935833e-02
5.956303e-02
5.976773e-02
5.997243e-02
6.017713e-02
6.038183e-02
6.058653e-02
6.079123e-02
6.099593e-02
6.120063e-02
6.140533e-02
6.161003e-02
6.181473e-02
6.201943e-02
6.222413e-02
6.242883e-02
6.263353e-02
6.283823e-02
6.304293e-02
6.324763e-02
6.345233e-02
6.365703e-02
6.386173e-02
6.406643e-02
6.427113e-02
6.447583e-02
6.468053e-02
6.488523e-02
6.508993e-02
6.529463e-02
6.549933e-02
6.570403e-02
6.590873e-02
6.611343e-02
6.631813e-02
6.652283e-02
6.672753e-02
6.693223e-02
6.713693e-02
6.734163e-02
6.754633e-02
6.775103e-02
6.795573e-02
6.816043e-02
6.836513e-02
6.856983e-02
6.877453e-02
6.897923e-02
6.918393e-02
6.938863e-02
6.959333e-02
6.979803e-02
7.000273e-02
7.020743e-02
7.041213e-02
7.061683e-02
7.082153e-02
7.102623e-02
7.123093e-02
7.143563e-02
7.164033e-02
7.184503e-02
7.204973e-02
7.225443e-02
7.245913e-02
7.266383e-02
7.286853e-02
7.307323e-02
7.327793e-02
7.348263e-02
7.368733e-02
7.389203e-02
7.409673e-02
7.430143e-02
7.450613e-02
7.471083e-02
7.491553e-02
7.512023e-02
7.532493e-02
7.552963e-02
7.573433e-02
7.593903e-02
7.614373e-02
7.634843e-02
7.655313e-02
7.675783e-02
7.696253e-02
7.716723e-02
7.737193e-02
7.757663e-02
7.778133e-02
7.877311e-02
7.976489e-02
8.075667e-02
8.174846e-02
8.274024e-02
8.373202e-02
8.472380e-02
8.571558e-02
8.670736e-02
8.769914e-02
8.869093e-02
8.968271e-02
9.067449e-02
9.166627e-02
9.265805e-02
9.364983e-02
9.464162e-02
9.563340e-02
9.662518e-02
9.761696e-02
9.860874e-02
9.960052e-02
1.005923e-01
1.015841e-01
1.025759e-01
1.035676e-01
1.045594e-01
1.055512e-01
1.065430e-01
1.075348e-01
1.085266e-01
1.095183e-01
1.105101e-01
1.115019e-01
1.124937e-01
1.134855e-01
1.144772e-01
1.154690e-01
1.164608e-01
1.174526e-01
1.184444e-01
1.194362e-01
1.204279e-01
1.214197e-01
1.224115e-01
1.234033e-01
1.243951e-01
1.253868e-01
1.263786e-01
1.273704e-01
1.283622e-01
1.293540e-01
1.303457e-01
1.313375e-01
1.323293e-01
1.333211e-01
1.343129e-01
1.353047e-01
1.362964e-01
1.372882e-01
1.382800e-01
1.392718e-01
1.402636e-01
1.412553e-01
1.422471e-01
1.432389e-01
1.442307e-01
1.452225e-01
1.462143e-01
1.472060e-01
1.481978e-01
1.491896e-01
1.501814e-01
1.511732e-01
1.521649e-01
1.531567e-01
1.541485e-01
1.551403e-01
1.561321e-01
1.571238e-01
1.581156e-01
1.591074e-01
1.600992e-01
1.610910e-01
1.620828e-01
1.630745e-01
1.640663e-01
1.650581e-01
1.660499e-01
1.670417e-01
1.680334e-01
1.690252e-01
1.700170e-01
1.710088e-01
1.720006e-01
1.729924e-01
1.739841e-01
1.749759e-01
1.759677e-01
1.769595e-01
1.779513e-01
1.789430e-01
1.799348e-01
1.809266e-01
1.819184e-01
1.829102e-01
1.839020e-01
1.848937e-01
1.858855e-01
1.868773e-01
1.878691e-01
1.888609e-01
1.898526e-01
1.908444e-01
1.918362e-01
1.928280e-01
1.938198e-01
1.948115e-01
1.958033e-01
1.967951e-01
1.977869e-01
1.987787e-01
1.997705e-01
2.007622e-01
2.017540e-01
2.027458e-01
2.037376e-01
2.047294e-01
2.057211e-01
2.067129e-01
2.077047e-01
2.086965e-01
2.096883e-01
2.106801e-01
2.116718e-01
2.126636e-01
2.136554e-01
2.146472e-01
2.156390e-01
2.166307e-01
2.176225e-01
2.186143e-01
2.196061e-01
2.205979e-01
2.215896e-01
2.225814e-01
2.235732e-01
2.245650e-01
2.255568e-01
2.265486e-01
2.275403e-01
2.285321e-01
2.295239e-01
2.305157e-01
2.315075e-01
2.324992e-01
2.334910e-01
2.344828e-01
2.354746e-01
2.364664e-01
2.374582e-01
2.384499e-01
2.394417e-01
2.404335e-01
2.414253e-01
2.424171e-01
2.434088e-01
2.444006e-01
2.453924e-01
2.463842e-01
2.473760e-01
2.483677e-01
2.493595e-01
2.503513e-01
2.513431e-01
2.523349e-01
2.533267e-01
2.543184e-01
2.553102e-01
2.563020e-01
2.572938e-01
2.582856e-01
2.592773e-01
2.602691e-01
2.612609e-01
2.622527e-01
2.632445e-01
2.642363e-01
2.652280e-01
2.662198e-01
2.672116e-01
2.682034e-01
2.691952e-01
2.701869e-01
2.711787e-01
2.721705e-01
2.731623e-01
2.741541e-01
2.751458e-01
2.761376e-01
2.771294e-01
2.781212e-01
2.791130e-01
2.801048e-01
2.810965e-01
2.820883e-01
2.830801e-01
2.840719e-01
2.850637e-01
2.860554e-01
2.870472e-01
2.880390e-01
2.890308e-01
2.900226e-01
2.910144e-01
2.920061e-01
2.929979e-01
2.939897e-01
2.949815e-01
2.959733e-01
2.969650e-01
2.979568e-01
2.989486e-01
2.999404e-01
3.009322e-01
3.019239e-01
3.029157e-01
3.039075e-01
3.048993e-01
3.058911e-01
3.068829e-01
3.078746e-01
3.088664e-01
3.098582e-01
3.108500e-01
3.118418e-01
3.128335e-01
3.138253e-01
3.148171e-01
3.158089e-01
3.168007e-01
3.177925e-01
3.187842e-01
3.197760e-01
3.207678e-01
3.217596e-01
3.227514e-01
3.237431e-01
3.247349e-01
3.257267e-01
3.267185e-01
3.277103e-01
3.287020e-01
3.296938e-01
3.306856e-01
3.316774e-01
3.326692e-01
3.336610e-01
3.346527e-01
3.356445e-01
3.366363e-01
3.376281e-01
3.386199e-01
3.396116e-01
3.406034e-01
3.415952e-01
3.425870e-01
3.435788e-01
3.445706e-01
3.455623e-01
3.465541e-01
3.475459e-01
3.485377e-01
3.495295e-01
3.505212e-01
3.515130e-01
3.525048e-01
3.534966e-01
3.544884e-01
3.554801e-01
3.564719e-01
3.574637e-01
3.584555e-01
3.594473e-01
3.604391e-01
3.614308e-01
3.624226e-01
3.634144e-01
3.644062e-01
3.653980e-01
3.663897e-01
3.673815e-01
3.683733e-01
3.693651e-01
3.703569e-01
3.713487e-01
3.723404e-01
3.733322e-01
3.743240e-01
3.753158e-01
3.763076e-01
3.772993e-01
3.782911e-01
3.792829e-01
3.802747e-01
3.812665e-01
3.822583e-01
3.832500e-01
3.842418e-01
3.852336e-01
3.862254e-01
3.872172e-01
3.882089e-01
3.892007e-01
3.901925e-01
3.911843e-01
3.921761e-01
3.931678e-01
3.941596e-01
3.951514e-01
3.961432e-01
3.971350e-01
3.981268e-01
3.991185e-01
4.001103e-01
4.011021e-01
4.020939e-01
4.030857e-01
4.040774e-01
4.050692e-01
4.060610e-01
4.070528e-01
4.080446e-01
4.090364e-01
4.100281e-01
4.110199e-01
4.120117e-01
4.130035e-01
4.139953e-01
4.149870e-01
4.159788e-01
4.169706e-01
4.179624e-01
4.189542e-01
4.199459e-01
4.209377e-01
4.219295e-01
4.229213e-01
4.239131e-01
4.249049e-01
4.258966e-01
4.268884e-01
4.278802e-01
4.288720e-01
4.298638e-01
4.308555e-01
4.318473e-01
4.328391e-01
4.338309e-01
4.348227e-01
4.358145e-01
4.368062e-01
4.377980e-01
4.387898e-01
4.397816e-01
4.407734e-01
4.417651e-01
4.427569e-01
4.437487e-01
4.447405e-01
4.457323e-01
4.467240e-01
4.477158e-01
4.487076e-01
4.496994e-01
4.506912e-01
4.516830e-01
4.526747e-01
4.536665e-01
4.546583e-01
4.556501e-01
4.566419e-01
4.576336e-01
4.586254e-01
4.596172e-01
4.606090e-01
4.616008e-01
4.625926e-01
4.635843e-01
4.645761e-01
4.655679e-01
4.665597e-01
4.675515e-01
4.685432e-01
4.695350e-01
4.705268e-01
4.715186e-01
4.725104e-01
4.735021e-01
4.744939e-01
4.754857e-01
4.764775e-01
4.774693e-01
4.784611e-01
4.794528e-01
4.804446e-01
4.814364e-01
4.831692e-01
4.849019e-01
4.866347e-01
4.883674e-01
4.901001e-01
4.918329e-01
4.935656e-01
4.952983e-01
4.970311e-01
4.987638e-01
5.004966e-01
5.022293e-01
5.039620e-01
5.056948e-01
5.074275e-01
5.091602e-01
5.108930e-01
5.126257e-01
5.143585e-01
5.160912e-01
5.178239e-01
5.195567e-01
5.212894e-01
5.230222e-01
5.247549e-01
5.264876e-01
5.282204e-01
5.299531e-01
5.316858e-01
5.334186e-01
5.351513e-01
5.368841e-01
5.386168e-01
5.403495e-01
5.420823e-01
5.438150e-01
5.455477e-01
5.472805e-01
5.490132e-01
5.507460e-01
5.524787e-01
5.542114e-01
5.559442e-01
5.576769e-01
5.594096e-01
5.611424e-01
5.628751e-01
5.646079e-01
5.663406e-01
5.680733e-01
5.698061e-01
5.715388e-01
5.732715e-01
5.750043e-01
5.767370e-01
5.784698e-01
5.802025e-01
5.819352e-01
5.836680e-01
5.854007e-01
5.871334e-01
5.888662e-01
5.905989e-01
5.923317e-01
5.940644e-01
5.957971e-01
5.975299e-01
5.992626e-01
6.009954e-01
6.027281e-01
6.044608e-01
6.061936e-01
6.079263e-01
6.096590e-01
6.113918e-01
6.131245e-01
6.148573e-01
6.165900e-01
6.183227e-01
6.200555e-01
6.217882e-01
6.235209e-01
6.252537e-01
6.269864e-01
6.287192e-01
6.304519e-01
6.321846e-01
6.339174e-01
6.356501e-01
6.373828e-01
6.391156e-01
6.408483e-01
6.425811e-01
6.443138e-01
6.460465e-01
6.477793e-01
6.495120e-01
6.512447e-01
6.529775e-01
6.547102e-01
6.570774e-01
6.594446e-01
6.618117e-01
6.641789e-01
6.665461e-01
6.689133e-01
6.712804e-01
6.736476e-01
6.760148e-01
6.783820e-01
6.807491e-01
6.831163e-01
6.854835e-01
6.878506e-01
6.902178e-01
6.925850e-01
6.949522e-01
6.973193e-01
6.996865e-01
7.020537e-01
7.044209e-01
7.067880e-01
7.091552e-01
7.115224e-01
7.138895e-01
7.162567e-01
7.186239e-01
7.209911e-01
7.233582e-01
7.257254e-01
7.280926e-01
7.304598e-01
7.328269e-01
7.351941e-01
7.375613e-01
7.399284e-01
7.422956e-01
7.446628e-01
7.470300e-01
7.493971e-01
7.517643e-01
7.541315e-01
7.564987e-01
7.588658e-01
7.612330e-01
7.636002e-01
7.659674e-01
7.683345e-01
7.707017e-01
7.730689e-01
7.754360e-01
7.778032e-01
7.801704e-01
7.825376e-01
7.849047e-01
7.872719e-01
7.896391e-01
7.920063e-01
7.943734e-01
7.967406e-01
7.991078e-01
8.014749e-01
8.038421e-01
8.062093e-01
8.085765e-01
8.109436e-01
8.133108e-01
8.156780e-01
8.180452e-01
8.204123e-01
8.227795e-01
8.251467e-01
8.275138e-01
8.298810e-01
8.322482e-01
8.346154e-01
8.369825e-01
8.393497e-01
8.417169e-01
8.440841e-01
8.464512e-01
8.488184e-01
8.511856e-01
8.535527e-01
8.559199e-01
8.582871e-01
8.606543e-01
8.630214e-01
8.653887e-01
8.677558e-01
8.701230e-01
8.724902e-01
8.748573e-01
8.772245e-01
8.795917e-01
8.819588e-01
8.843260e-01
8.866932e-01
8.890603e-01
8.914275e-01
8.937947e-01
8.961619e-01
8.985290e-01
9.008963e-01
9.032634e-01
9.056306e-01
9.079978e-01
9.103649e-01
9.127321e-01
9.150993e-01
9.174664e-01
9.198336e-01
9.222008e-01
9.245679e-01
9.269351e-01
9.293023e-01
9.316695e-01
9.340366e-01
9.364038e-01
9.387710e-01
9.411381e-01
9.435054e-01
9.458725e-01
9.482397e-01
9.506069e-01
9.529740e-01
9.553412e-01
9.577084e-01
9.600755e-01
9.624427e-01
9.648099e-01
9.671770e-01
9.695442e-01
9.719114e-01
9.742786e-01
9.766457e-01
9.790130e-01
9.813801e-01
9.837473e-01
9.861146e-01
9.884816e-01
9.908486e-01
9.932161e-01
9.955831e-01
9.979501e-01
1.000318e+00
1.002685e+00
1.005052e+00
1.007419e+00
1.009786e+00
1.012153e+00
1.014521e+00
1.016887e+00
1.019255e+00
1.021622e+00
1.023989e+00
1.026356e+00
1.028724e+00
1.031090e+00
1.033458e+00
1.035825e+00
1.038192e+00
1.040559e+00
1.042927e+00
1.045294e+00
1.047661e+00
1.050028e+00
1.052395e+00
1.054762e+00
1.057130e+00
1.059497e+00
1.061864e+00
1.064231e+00
1.066598e+00
1.068965e+00
1.071333e+00
1.073700e+00
1.076067e+00
1.078434e+00
1.080801e+00
1.083168e+00
1.085536e+00
1.087903e+00
1.090270e+00
1.092637e+00
1.095004e+00
1.097371e+00
1.099739e+00
1.102106e+00
1.104473e+00
1.106841e+00
1.109207e+00
1.111574e+00
1.113942e+00
1.116309e+00
1.118676e+00
1.121044e+00
1.123410e+00
1.125777e+00
1.128145e+00
1.130512e+00
1.132862e+00
1.135212e+00
1.137563e+00
1.139913e+00
1.142263e+00
1.144613e+00
1.146963e+00
1.149313e+00
1.151664e+00
1.154014e+00
1.156364e+00
1.158714e+00
1.161064e+00
1.163414e+00
1.165764e+00
1.168114e+00
1.170464e+00
1.172815e+00
1.175165e+00
1.177515e+00
1.179865e+00
1.182215e+00
1.184565e+00
1.186915e+00
1.189266e+00
1.191616e+00
1.193966e+00
1.196316e+00
1.198666e+00
1.201017e+00
1.203367e+00
1.205717e+00
1.208067e+00
1.210417e+00
1.212767e+00
1.215118e+00
1.217467e+00
1.219818e+00
1.222168e+00
1.224518e+00
1.226868e+00
1.229219e+00
1.231568e+00
1.233919e+00
1.236269e+00
1.238619e+00
1.240969e+00
1.243319e+00
1.245669e+00
1.248019e+00
1.250369e+00
1.252720e+00
1.255070e+00
1.257420e+00
1.259770e+00
1.262120e+00
1.264471e+00
1.266821e+00
1.269171e+00
1.271521e+00
1.273871e+00
1.276221e+00
1.278571e+00
1.280922e+00
1.283272e+00
1.285622e+00
1.287972e+00
1.290323e+00
1.292672e+00
1.295022e+00
1.297373e+00
1.299722e+00
1.302073e+00
1.304423e+00
1.306773e+00
1.309123e+00
1.311473e+00
1.313823e+00
1.316174e+00
1.318524e+00
1.320874e+00
1.323224e+00
1.325574e+00
1.327925e+00
1.330275e+00
1.332625e+00
1.334975e+00
1.337325e+00
1.339675e+00
1.342026e+00
1.344376e+00
1.346725e+00
1.349076e+00
1.351426e+00
1.353776e+00
1.356126e+00
1.358477e+00
1.360826e+00
1.363177e+00
1.365527e+00
1.367877e+00
1.370227e+00
1.372577e+00
1.374927e+00
1.377277e+00
1.379628e+00
1.381978e+00
1.384328e+00
1.386678e+00
1.389028e+00
1.391379e+00
1.393729e+00
1.396079e+00
1.398429e+00
1.400779e+00
1.403129e+00
1.405480e+00
1.407829e+00
1.410180e+00
1.412530e+00
1.414880e+00
1.417230e+00
1.419581e+00
1.421930e+00
1.424281e+00
1.426631e+00
1.428981e+00
1.431331e+00
1.433681e+00
1.436031e+00
1.438381e+00
1.440732e+00
1.443082e+00
1.445432e+00
1.447782e+00
1.450132e+00
1.452482e+00
1.454832e+00
1.457183e+00
1.459533e+00
1.461883e+00
1.464233e+00
1.466584e+00
1.468933e+00
1.471284e+00
1.473634e+00
1.475984e+00
1.478334e+00
1.480684e+00
1.483034e+00
1.485384e+00
1.487735e+00
1.490084e+00
1.492435e+00
1.494785e+00
1.497135e+00
1.499485e+00
1.501836e+00
1.504185e+00
1.506536e+00
1.508886e+00
1.511236e+00
1.513586e+00
1.515936e+00
1.518287e+00
1.520637e+00
1.522987e+00
1.525337e+00
1.527687e+00
1.530037e+00
1.532388e+00
1.534738e+00
1.537087e+00
1.539438e+00
1.541788e+00
1.544138e+00
1.546488e+00
1.548839e+00
1.551188e+00
1.553539e+00
1.555889e+00
1.558239e+00
1.560589e+00
1.562939e+00
1.565289e+00
1.567639e+00
1.569990e+00
1.572340e+00
1.574690e+00
1.577040e+00
1.579390e+00
1.581741e+00
1.584091e+00
1.586441e+00
1.588791e+00
1.591141e+00
1.593491e+00
1.595842e+00
1.598191e+00
1.600542e+00
1.602892e+00
1.605242e+00
1.607592e+00
1.609943e+00
1.612292e+00
1.614642e+00
1.616993e+00
1.619343e+00
1.621693e+00
1.624043e+00
1.626393e+00
1.628743e+00
1.631094e+00
1.633444e+00
1.635794e+00
1.638144e+00
1.640494e+00
1.642844e+00
1.645195e+00
1.647545e+00
1.649895e+00
1.652245e+00
1.654595e+00
1.656946e+00
1.659296e+00
1.661646e+00
1.663996e+00
1.666346e+00
1.668696e+00
1.671046e+00
1.673396e+00
1.675746e+00
1.678097e+00
1.680446e+00
1.682797e+00
1.685147e+00
1.687497e+00
1.689847e+00
1.692198e+00
1.694548e+00
1.696898e+00
1.699248e+00
1.701598e+00
1.703948e+00
1.706298e+00
1.708649e+00
1.710999e+00
1.713349e+00
1.715699e+00
1.718049e+00
1.720400e+00
1.722749e+00
1.725100e+00
1.727450e+00
1.729800e+00
1.732150e+00
1.734500e+00
1.736850e+00
1.739201e+00
1.741550e+00
1.743901e+00
1.746251e+00
1.748601e+00
1.750951e+00
1.753301e+00
1.755651e+00
1.758002e+00
1.760352e+00
1.762702e+00
1.765052e+00
1.767402e+00
1.769752e+00
1.772103e+00
1.774453e+00
1.776803e+00
1.779153e+00
1.781503e+00
1.783853e+00
1.786204e+00
1.788554e+00
1.790904e+00
1.793254e+00
1.795604e+00
1.797954e+00
1.800305e+00
1.802655e+00
1.805004e+00
1.807355e+00
1.809705e+00
1.812055e+00
1.814405e+00
1.816755e+00
1.819105e+00
1.821456e+00
1.823806e+00
1.826156e+00
1.828506e+00
1.830856e+00
1.833206e+00
1.835557e+00
1.837907e+00
1.840257e+00
1.844009e+00
1.847761e+00
1.851513e+00
1.855265e+00
1.859017e+00
1.862769e+00
1.866522e+00
1.870273e+00
1.874025e+00
1.877778e+00
1.881530e+00
1.885282e+00
1.889034e+00
1.892786e+00
1.896537e+00
1.900290e+00
1.904041e+00
1.907794e+00
1.911546e+00
1.915298e+00
1.919050e+00
1.922802e+00
1.926554e+00
1.930306e+00
1.934058e+00
1.937810e+00
1.941562e+00
1.945314e+00
1.949067e+00
1.952818e+00
1.956570e+00
1.960323e+00
1.964075e+00
1.967826e+00
1.971579e+00
1.975331e+00
1.979083e+00
1.982835e+00
1.986587e+00
1.990339e+00
1.994091e+00
1.997843e+00
2.001595e+00
2.005347e+00
2.009099e+00
2.012851e+00
2.016603e+00
2.020355e+00
2.024107e+00
2.027859e+00
2.031611e+00
2.035363e+00
2.039115e+00
2.042868e+00
2.046620e+00
2.050371e+00
2.054124e+00
2.057876e+00
2.061628e+00
2.065380e+00
2.069132e+00
2.072884e+00
2.076636e+00
2.080388e+00
2.084140e+00
2.087892e+00
2.091644e+00
2.095397e+00
2.099148e+00
2.102900e+00
2.106653e+00
2.110404e+00
2.114156e+00
2.117908e+00
2.121660e+00
2.125413e+00
2.129164e+00
2.132916e+00
2.136669e+00
2.140421e+00
2.144173e+00
2.147925e+00
2.151677e+00
2.155429e+00
2.159181e+00
2.162933e+00
2.166685e+00
2.170437e+00
2.174189e+00
2.177941e+00
2.181693e+00
2.185445e+00
2.189198e+00
2.192950e+00
2.196702e+00
2.200454e+00
2.204206e+00
2.207958e+00
2.211710e+00
2.215462e+00
2.219214e+00
2.222966e+00
2.226717e+00
2.230470e+00
2.234222e+00
2.237974e+00
2.241726e+00
2.245478e+00
2.249230e+00
2.252982e+00
2.256734e+00
2.260486e+00
2.264238e+00
2.267990e+00
2.271743e+00
2.275494e+00
2.279246e+00
2.282999e+00
2.286751e+00
2.290503e+00
2.294255e+00
2.298007e+00
2.301759e+00
2.305511e+00
2.309263e+00
2.313015e+00
2.316767e+00
2.320519e+00
2.324271e+00
2.328023e+00
2.331775e+00
2.335527e+00
2.339279e+00
2.343031e+00
2.346783e+00
2.350535e+00
2.354288e+00
2.358039e+00
2.361791e+00
2.365544e+00
2.369296e+00
2.373048e+00
2.376800e+00
2.380552e+00
2.384304e+00
2.388056e+00
2.391808e+00
2.395560e+00
2.399312e+00
2.403064e+00
2.406816e+00
2.410568e+00
2.414321e+00
2.418073e+00
2.421824e+00
2.425577e+00
2.429329e+00
2.433080e+00
2.436833e+00
2.440584e+00
2.444336e+00
2.448089e+00
2.451841e+00
2.455593e+00
2.459345e+00
2.463097e+00
2.466849e+00
2.470601e+00
2.474353e+00
2.478105e+00
2.481857e+00
2.485609e+00
2.489361e+00
2.493113e+00
2.496866e+00
2.500618e+00
2.504369e+00
2.508122e+00
2.511874e+00
2.515626e+00
2.519378e+00
2.523130e+00
2.526882e+00
2.530634e+00
2.534386e+00
2.538138e+00
2.541890e+00
2.545642e+00
2.549394e+00
2.553146e+00
2.556898e+00
2.560650e+00
2.564402e+00
2.568154e+00
2.571906e+00
2.575658e+00
2.579411e+00
2.583163e+00
2.586914e+00
2.590667e+00
2.594419e+00
2.597691e+00
2.600965e+00
2.604238e+00
2.607511e+00
2.610784e+00
2.614057e+00
2.617330e+00
2.620604e+00
2.623876e+00
2.627150e+00
2.630423e+00
2.633696e+00
2.636969e+00
2.640242e+00
2.643515e+00
2.646788e+00
2.650061e+00
2.653334e+00
2.656608e+00
2.659880e+00
2.663154e+00
2.666427e+00
2.669700e+00
2.672973e+00
2.676246e+00
2.679519e+00
2.682793e+00
2.686065e+00
2.689338e+00
2.692612e+00
2.695885e+00
2.699157e+00
2.702431e+00
2.705704e+00
2.708977e+00
2.712250e+00
2.715523e+00
2.718796e+00
2.722070e+00
2.725342e+00
2.728616e+00
2.731889e+00
2.735162e+00
2.738435e+00
2.741708e+00
2.744981e+00
2.748254e+00
2.751527e+00
2.754801e+00
2.758073e+00
2.761346e+00
2.764620e+00
2.767893e+00
2.771165e+00
2.774439e+00
2.777712e+00
2.780985e+00
2.784259e+00
2.787531e+00
2.790804e+00
2.794078e+00
2.797351e+00
2.800624e+00
2.803897e+00
2.807170e+00
2.810443e+00
2.813716e+00
2.816989e+00
2.820262e+00
2.823536e+00
2.826808e+00
2.830082e+00
2.833355e+00
2.836628e+00
2.839901e+00
2.843174e+00
2.846447e+00
2.849720e+00
2.852993e+00
2.856267e+00
2.859539e+00
2.862813e+00
2.866086e+00
2.869359e+00
2.872631e+00
2.875905e+00
2.879178e+00
2.882451e+00
2.885724e+00
2.888997e+00
2.892270e+00
2.895544e+00
2.898816e+00
2.902090e+00
2.905363e+00
2.908636e+00
2.911909e+00
2.915182e+00
2.918455e+00
2.921728e+00
2.925002e+00
2.928275e+00
2.931548e+00
2.934821e+00
2.938094e+00
2.941367e+00
2.944640e+00
2.947913e+00
2.951186e+00
2.954459e+00
2.957733e+00
2.961005e+00
2.964279e+00
2.967552e+00
2.970825e+00
2.974098e+00
2.977371e+00
2.980644e+00
2.983917e+00
2.987190e+00
2.990463e+00
2.993736e+00
2.997010e+00
3.000282e+00
3.003556e+00
3.006829e+00
3.010102e+00
3.013375e+00
3.016648e+00
3.019921e+00
3.023194e+00
3.026467e+00
3.029741e+00
3.033013e+00
3.036287e+00
3.039560e+00
3.042833e+00
3.046106e+00
3.049379e+00
3.052652e+00
3.055926e+00
3.059199e+00
3.062471e+00
3.065745e+00
3.069018e+00
3.072291e+00
3.075564e+00
3.078837e+00
3.082110e+00
3.085384e+00
3.088656e+00
3.091929e+00
3.095202e+00
3.098476e+00
3.101749e+00
3.105022e+00
3.108295e+00
3.111568e+00
3.114841e+00
3.118114e+00
3.121387e+00
3.124660e+00
3.127933e+00
3.131207e+00
3.134479e+00
3.137753e+00
3.141026e+00
3.144299e+00
3.147572e+00
3.150845e+00
3.154118e+00
3.157392e+00
3.160664e+00
3.163937e+00
3.167211e+00
3.170484e+00
3.173756e+00
3.177030e+00
3.180303e+00
3.183576e+00
3.186849e+00
3.190122e+00
3.193396e+00
3.196669e+00
3.199942e+00
3.203215e+00
3.206488e+00
3.209761e+00
3.213034e+00
3.216307e+00
3.219580e+00
3.222853e+00
3.226126e+00
3.229399e+00
3.232673e+00
3.235945e+00
3.239219e+00
3.242492e+00
3.245765e+00
3.249038e+00
3.252311e+00
3.256079e+00
3.259847e+00
3.263614e+00
3.267383e+00
3.271150e+00
3.274918e+00
3.278686e+00
3.282454e+00
3.286222e+00
3.289990e+00
3.293758e+00
3.297526e+00
3.301293e+00
3.305061e+00
3.308829e+00
3.312597e+00
3.316365e+00
3.320132e+00
3.323900e+00
3.327668e+00
3.331436e+00
3.335204e+00
3.338972e+00
3.342740e+00
3.346508e+00
3.350276e+00
3.354043e+00
3.357811e+00
3.361579e+00
3.365347e+00
3.369115e+00
3.372882e+00
3.376650e+00
3.380418e+00
3.384186e+00
3.387954e+00
3.391722e+00
3.395490e+00
3.399258e+00
3.403025e+00
3.406794e+00
3.410561e+00
3.414329e+00
3.418097e+00
3.421865e+00
3.425632e+00
3.429400e+00
3.433169e+00
3.436936e+00
3.440704e+00
3.444472e+00
3.448240e+00
3.452008e+00
3.455776e+00
3.459543e+00
3.463311e+00
3.467079e+00
3.470847e+00
3.474615e+00
3.478383e+00
3.482151e+00
3.485918e+00
3.489686e+00
3.493454e+00
3.497222e+00
3.500990e+00
3.504758e+00
3.508525e+00
3.512293e+00
3.516061e+00
3.519829e+00
3.523597e+00
3.527365e+00
3.531133e+00
3.534901e+00
3.538668e+00
3.542436e+00
3.546204e+00
3.549972e+00
3.553740e+00
3.557507e+00
3.561275e+00
3.565043e+00
3.568811e+00
3.572579e+00
3.576347e+00
3.580115e+00
3.583883e+00
3.587651e+00
3.591418e+00
3.595186e+00
3.598954e+00
3.602722e+00
3.606490e+00
3.610257e+00
3.614025e+00
3.617793e+00
3.621561e+00
3.625329e+00
3.629097e+00
3.632865e+00
3.636633e+00
3.640400e+00
3.644169e+00
3.647937e+00
3.651704e+00
3.655472e+00
3.659240e+00
3.663007e+00
3.666775e+00
3.670544e+00
3.674311e+00
3.678079e+00
3.681847e+00
3.685615e+00
3.689383e+00
3.693151e+00
3.696919e+00
3.700687e+00
3.704454e+00
3.708222e+00
3.711990e+00
3.715758e+00
3.719526e+00
3.723293e+00
3.727061e+00
3.730829e+00
3.734597e+00
3.738365e+00
3.742133e+00
3.745901e+00
3.749669e+00
3.753436e+00
3.757204e+00
3.760972e+00
3.764740e+00
3.768508e+00
3.772276e+00
3.776043e+00
3.779811e+00
3.783579e+00
3.787347e+00
3.791115e+00
3.794883e+00
3.798651e+00
3.802418e+00
3.806186e+00
3.809954e+00
3.813722e+00
3.817490e+00
3.821258e+00
3.825026e+00
3.828793e+00
3.832561e+00
3.836330e+00
3.840097e+00
3.843865e+00
3.847633e+00
3.851400e+00
3.855168e+00
3.858936e+00
3.862704e+00
3.866472e+00
3.870240e+00
3.874008e+00
3.877776e+00
3.881544e+00
3.885312e+00
3.889079e+00
3.892847e+00
3.896615e+00
3.900382e+00
3.904150e+00
3.907919e+00
3.911686e+00
3.915454e+00
3.919222e+00
3.922990e+00
3.926758e+00
3.930526e+00
3.934294e+00
3.938062e+00
3.941829e+00
3.945597e+00
3.949365e+00
3.953133e+00
3.956901e+00
3.960669e+00
3.964436e+00
3.968204e+00
3.971972e+00
3.975740e+00
3.979508e+00
3.983276e+00
3.987044e+00
3.990812e+00
3.994579e+00
3.998347e+00
4.002115e+00
4.005883e+00
4.009651e+00
4.013418e+00
4.017186e+00
4.020954e+00
4.024722e+00
4.028490e+00
4.032258e+00
4.036026e+00
4.039794e+00
4.043561e+00
4.047329e+00
4.051097e+00
4.054865e+00
4.058633e+00
4.062401e+00
4.066168e+00
4.069936e+00
4.073705e+00
4.077472e+00
4.081240e+00
4.085008e+00
4.088776e+00
4.092543e+00
4.096311e+00
4.100079e+00
4.103847e+00
4.107615e+00
4.111383e+00
4.115151e+00
4.118919e+00
4.122687e+00
4.126454e+00
4.130222e+00
4.133990e+00
4.137758e+00
4.141526e+00
4.145294e+00
4.149061e+00
4.152829e+00
4.156597e+00
4.160365e+00
4.164133e+00
4.167901e+00
4.171669e+00
4.175437e+00
4.179204e+00
4.182972e+00
4.186740e+00
4.190508e+00
4.194276e+00
4.198044e+00
4.201811e+00
4.205579e+00
4.209347e+00
4.213115e+00
4.216883e+00
4.220651e+00
4.224419e+00
4.228187e+00
4.231954e+00
4.235722e+00
4.239490e+00
4.243258e+00
4.247026e+00
4.250793e+00
4.254561e+00
4.258329e+00
4.262097e+00
4.265865e+00
4.269633e+00
4.273401e+00
4.277169e+00
4.280937e+00
4.284705e+00
4.288472e+00
4.292240e+00
4.296008e+00
4.299776e+00
4.303543e+00
4.307312e+00
4.311080e+00
4.314847e+00
4.318615e+00
4.322383e+00
4.326151e+00
4.329919e+00
4.333687e+00
4.337454e+00
4.341222e+00
4.344990e+00
4.348758e+00
4.352526e+00
4.356294e+00
4.360062e+00
4.363830e+00
4.367597e+00
4.371365e+00
4.375133e+00
4.378901e+00
4.382669e+00
4.386436e+00
4.390204e+00
4.394369e+00
4.398534e+00
4.402699e+00
4.406863e+00
4.411028e+00
4.415193e+00
4.419357e+00
4.423522e+00
4.427687e+00
4.431852e+00
4.436016e+00
4.440181e+00
4.444346e+00
4.448510e+00
4.452675e+00
4.456840e+00
4.461005e+00
4.465169e+00
4.469334e+00
4.473499e+00
4.477664e+00
4.481828e+00
4.485993e+00
4.490158e+00
4.494322e+00
4.498487e+00
4.502652e+00
4.506817e+00
4.510981e+00
4.515146e+00
4.519311e+00
4.523475e+00
4.527640e+00
4.531805e+00
4.535970e+00
4.540134e+00
4.544299e+00
4.548464e+00
4.552628e+00
4.556793e+00
4.560958e+00
4.565123e+00
4.569287e+00
4.573452e+00
4.577617e+00
4.581782e+00
4.585946e+00
4.590111e+00
4.594276e+00
4.598440e+00
4.602605e+00
4.606770e+00
4.610935e+00
4.615099e+00
4.619264e+00
4.623429e+00
4.627593e+00
4.631758e+00
4.635923e+00
4.640088e+00
4.644252e+00
4.648417e+00
4.652582e+00
4.656747e+00
4.660911e+00
4.665076e+00
4.669241e+00
4.673405e+00
4.677570e+00
4.681735e+00
4.685900e+00
4.690064e+00
4.694229e+00
4.698394e+00
4.702558e+00
4.706723e+00
4.710888e+00
4.715053e+00
4.719217e+00
4.723382e+00
4.727547e+00
4.731711e+00
4.735876e+00
4.740041e+00
4.744206e+00
4.748370e+00
4.752535e+00
4.756700e+00
4.760865e+00
4.765029e+00
4.769194e+00
4.773359e+00
4.777523e+00
4.781688e+00
4.785853e+00
4.790018e+00
4.794182e+00
4.798347e+00
4.802512e+00
4.806676e+00
4.810841e+00
4.815006e+00
4.819171e+00
4.823335e+00
4.827500e+00
4.831665e+00
4.835829e+00
4.839994e+00
4.844159e+00
4.848324e+00
4.852488e+00
4.856653e+00
4.860818e+00
4.864982e+00
4.869147e+00
4.873312e+00
4.877477e+00
4.881641e+00
4.885806e+00
4.889971e+00
4.894135e+00
4.898300e+00
4.902465e+00
4.906630e+00
4.910794e+00
4.914959e+00
4.919124e+00
4.923288e+00
4.927453e+00
4.931618e+00
4.935783e+00
4.939948e+00
4.944112e+00
4.948277e+00
4.952441e+00
4.956606e+00
4.960771e+00
4.964936e+00
4.969101e+00
4.973265e+00
4.977430e+00
4.981594e+00
4.985759e+00
4.989924e+00
4.994089e+00
4.998254e+00
5.002418e+00
5.006583e+00
5.010747e+00
5.014912e+00
5.019077e+00
5.023242e+00
5.027407e+00
5.031571e+00
5.035736e+00
5.039900e+00
5.044066e+00
5.048230e+00
5.052395e+00
5.056560e+00
5.060724e+00
5.064889e+00
5.069054e+00
5.073219e+00
5.077383e+00
5.081548e+00
5.085713e+00
5.089877e+00
5.094042e+00
5.098207e+00
5.102372e+00
5.106536e+00
5.110701e+00
5.114866e+00
5.119030e+00
5.123195e+00
5.127360e+00
5.131525e+00
5.135689e+00
5.139854e+00
5.144019e+00
5.148183e+00
5.152348e+00
5.156513e+00
5.160678e+00
5.164842e+00
5.169007e+00
5.173172e+00
5.177336e+00
5.181501e+00
5.185666e+00
5.189831e+00
5.193995e+00
5.198160e+00
5.202325e+00
5.206489e+00
5.210654e+00
5.214819e+00
5.218984e+00
5.223149e+00
5.227313e+00
5.231478e+00
5.235642e+00
5.239807e+00
5.243972e+00
5.248137e+00
5.252302e+00
5.256466e+00
5.260631e+00
5.264795e+00
5.268960e+00
5.273125e+00
5.277290e+00
5.281455e+00
5.285619e+00
5.289784e+00
5.293948e+00
5.298113e+00
5.302278e+00
5.306443e+00
5.310608e+00
5.314772e+00
5.318937e+00
5.323102e+00
5.327266e+00
5.331431e+00
5.335596e+00
5.339761e+00
5.343925e+00
5.348090e+00
5.352255e+00
5.356419e+00
5.360584e+00
5.364749e+00
5.368914e+00
5.373078e+00
5.377243e+00
5.381408e+00
5.385572e+00
5.389737e+00
5.393902e+00
5.398067e+00
5.402231e+00
5.406396e+00
5.410561e+00
5.414725e+00
5.418890e+00
5.423055e+00
5.427220e+00
5.431384e+00
5.435549e+00
5.439714e+00
5.443878e+00
5.448043e+00
5.452208e+00
5.456373e+00
5.460537e+00
5.464702e+00
5.468867e+00
5.473031e+00
5.477196e+00
5.481361e+00
5.485526e+00
5.489690e+00
5.493855e+00
5.498020e+00
5.502184e+00
5.506349e+00
5.510514e+00
5.514679e+00
5.518843e+00
5.523008e+00
5.527173e+00
5.531337e+00
5.535502e+00
5.539667e+00
5.543832e+00
5.547996e+00
5.552161e+00
5.556326e+00
5.560490e+00
5.564655e+00
5.568820e+00
5.572985e+00
5.577150e+00
5.581314e+00
5.585479e+00
5.589643e+00
5.593808e+00
5.597973e+00
5.602138e+00
5.606303e+00
5.610467e+00
5.614632e+00
5.618796e+00
5.622961e+00
5.627126e+00
5.631291e+00
5.635456e+00
5.639620e+00
5.643785e+00
5.647949e+00
5.652114e+00
5.656279e+00
5.660444e+00
5.664609e+00
5.668773e+00
5.672938e+00
5.677102e+00
5.681267e+00
5.685432e+00
5.689597e+00
5.693762e+00
5.697926e+00
5.702091e+00
5.706255e+00
5.710420e+00
5.714585e+00
5.718750e+00
5.722915e+00
5.727079e+00
5.731244e+00
5.735408e+00
5.739573e+00
5.743738e+00
5.747903e+00
5.752068e+00
5.756232e+00
5.760397e+00
5.764561e+00
5.768726e+00
5.772891e+00
5.777056e+00
5.781221e+00
5.785385e+00
5.789550e+00
5.793714e+00
5.797879e+00
5.802044e+00
5.806209e+00
5.810374e+00
5.814538e+00
5.818703e+00
5.822867e+00
5.827032e+00
5.831198e+00
5.835362e+00
5.839527e+00
5.843691e+00
5.847856e+00
5.852020e+00
5.856185e+00
5.860351e+00
5.864515e+00
5.868680e+00
5.872844e+00
5.877009e+00
5.881173e+00
5.885338e+00
5.889504e+00
5.893668e+00
5.897833e+00
5.901997e+00
5.906162e+00
5.910326e+00
5.914491e+00
5.918657e+00
5.922821e+00
5.926986e+00
5.931150e+00
5.935315e+00
5.939479e+00
5.943644e+00
5.947810e+00
5.951974e+00
5.956139e+00
5.960303e+00
5.964468e+00
5.968633e+00
5.972798e+00
5.976963e+00
5.981127e+00
5.985292e+00
5.989456e+00
5.993621e+00
5.997786e+00
6.001951e+00
6.006116e+00
6.010280e+00
6.014445e+00
6.018609e+00
6.022774e+00
6.026939e+00
6.031104e+00
6.035269e+00
6.039433e+00
6.043598e+00
6.047762e+00
6.051927e+00
6.056092e+00
6.060257e+00
6.064422e+00
6.068586e+00
6.072751e+00
6.076915e+00
6.081080e+00
6.085245e+00
6.089410e+00
6.093575e+00
6.097739e+00
6.101904e+00
6.106068e+00
6.110233e+00
6.114398e+00
6.118563e+00
6.122728e+00
6.126892e+00
6.131057e+00
6.135221e+00
6.139386e+00
6.143551e+00
6.147716e+00
6.151881e+00
6.156045e+00
6.160210e+00
6.164374e+00
6.168539e+00
6.172704e+00
6.176869e+00
6.181034e+00
6.185198e+00
6.189363e+00
6.193527e+00
6.197692e+00
6.201857e+00
6.206022e+00
6.210187e+00
6.214351e+00
6.218516e+00
6.222680e+00
6.226845e+00
6.231010e+00
6.235175e+00
6.239340e+00
6.243504e+00
6.247669e+00
6.251834e+00
6.255998e+00
6.260163e+00
6.264328e+00
6.268493e+00
6.272657e+00
6.276822e+00
6.280987e+00
6.285151e+00
6.289316e+00
6.293481e+00
6.297646e+00
6.301810e+00
6.305975e+00
6.310140e+00
6.314304e+00
6.318469e+00
6.322634e+00
6.326799e+00
6.330963e+00
6.335128e+00
6.339293e+00
6.343457e+00
6.347622e+00
6.351787e+00
6.355952e+00
6.360116e+00
6.364281e+00
6.368446e+00
6.372610e+00
6.376775e+00
6.380940e+00
6.385105e+00
6.389269e+00
6.393434e+00
6.397599e+00
6.401763e+00
6.405928e+00
6.410093e+00
6.414258e+00
6.418422e+00
6.422587e+00
6.426752e+00
6.430917e+00
6.435081e+00
6.439246e+00
6.443411e+00
6.447575e+00
6.451740e+00
6.455905e+00
6.460070e+00
6.464234e+00
6.468399e+00
6.472564e+00
6.476728e+00
6.480893e+00
6.485513e+00
6.490132e+00
6.494753e+00
6.499372e+00
6.503992e+00
6.508611e+00
6.513231e+00
6.517851e+00
6.522471e+00
6.527091e+00
6.531710e+00
6.536330e+00
6.540949e+00
6.545569e+00
6.550189e+00
6.554809e+00
6.559428e+00
6.564048e+00
6.568668e+00
6.573287e+00
6.577907e+00
6.582527e+00
6.587146e+00
6.591766e+00
6.596386e+00
6.601005e+00
6.605625e+00
6.610245e+00
6.614864e+00
6.619484e+00
6.624104e+00
6.628724e+00
6.633343e+00
6.637963e+00
6.642582e+00
6.647202e+00
6.651822e+00
6.656442e+00
6.661061e+00
6.665681e+00
6.670300e+00
6.674920e+00
6.679540e+00
6.684160e+00
6.688780e+00
6.693399e+00
6.698019e+00
6.702638e+00
6.707258e+00
6.711878e+00
6.716498e+00
6.721117e+00
6.725737e+00
6.730357e+00
6.734977e+00
6.739596e+00
6.744216e+00
6.748836e+00
6.753455e+00
6.758075e+00
6.762695e+00
6.767314e+00
6.771934e+00
6.776554e+00
6.781173e+00
6.785793e+00
6.790413e+00
6.795032e+00
6.799652e+00
6.804272e+00
6.808891e+00
6.813511e+00
6.818131e+00
6.822750e+00
6.827370e+00
6.831990e+00
6.836609e+00
6.841229e+00
6.845849e+00
6.850469e+00
6.855088e+00
6.859708e+00
6.864327e+00
6.868948e+00
6.873567e+00
6.878187e+00
6.882807e+00
6.887426e+00
6.892046e+00
6.896666e+00
6.901286e+00
6.905905e+00
6.910525e+00
6.915144e+00
6.919764e+00
6.924384e+00
6.929004e+00
6.933623e+00
6.938243e+00
6.942863e+00
6.947482e+00
6.952102e+00
6.956722e+00
6.961341e+00
6.965961e+00
6.970581e+00
6.975200e+00
6.979820e+00
6.984440e+00
6.989059e+00
6.993679e+00
6.998299e+00
7.002919e+00
7.007538e+00
7.012158e+00
7.016777e+00
7.021397e+00
7.026017e+00
7.030637e+00
7.035256e+00
7.039876e+00
7.044496e+00
7.049115e+00
7.053735e+00
7.058355e+00
7.062975e+00
7.067594e+00
7.072214e+00
7.076833e+00
7.081453e+00
7.086073e+00
7.090693e+00
7.095313e+00
7.099932e+00
7.104552e+00
7.109172e+00
7.113791e+00
7.118411e+00
7.123031e+00
7.127650e+00
7.132270e+00
7.136890e+00
7.141509e+00
7.146129e+00
7.150749e+00
7.155368e+00
7.159988e+00
7.164608e+00
7.169227e+00
7.173847e+00
7.178467e+00
7.183086e+00
7.187706e+00
7.192326e+00
7.196946e+00
7.201565e+00
7.206185e+00
7.210804e+00
7.215425e+00
7.220044e+00
7.224664e+00
7.229283e+00
7.233903e+00
7.238522e+00
7.243143e+00
7.247763e+00
7.252382e+00
7.257002e+00
7.261621e+00
7.266241e+00
7.270861e+00
7.275481e+00
7.280100e+00
7.284720e+00
7.289339e+00
7.293959e+00
7.298579e+00
7.303199e+00
7.307818e+00
7.312438e+00
7.317058e+00
7.321677e+00
7.326297e+00
7.330917e+00
7.335536e+00
7.340156e+00
7.344776e+00
7.349395e+00
7.354015e+00
7.358635e+00
7.363254e+00
7.367874e+00
7.372494e+00
7.377114e+00
7.381733e+00
7.386353e+00
7.390972e+00
7.395592e+00
7.400212e+00
7.404832e+00
7.409452e+00
7.414071e+00
7.418691e+00
7.423310e+00
7.427930e+00
7.432550e+00
7.437170e+00
7.441789e+00
7.446409e+00
7.451028e+00
7.455648e+00
7.460268e+00
7.464888e+00
7.469508e+00
7.474127e+00
7.478747e+00
7.483367e+00
7.487986e+00
7.492606e+00
7.497226e+00
7.501845e+00
7.506465e+00
7.511085e+00
7.515704e+00
7.520324e+00
7.524944e+00
7.529563e+00
7.534183e+00
7.538803e+00
7.543422e+00
7.548042e+00
7.552662e+00
7.557281e+00
7.561901e+00
7.566521e+00
7.571141e+00
7.575760e+00
7.580380e+00
7.584999e+00
7.589620e+00
7.594239e+00
7.598859e+00
7.603478e+00
7.608098e+00
7.612718e+00
7.617338e+00
7.621958e+00
7.626577e+00
7.631197e+00
7.635816e+00
7.640436e+00
7.645056e+00
7.649675e+00
7.654295e+00
7.658915e+00
7.663534e+00
7.668154e+00
7.672774e+00
7.677393e+00
7.682013e+00
7.686633e+00
7.691252e+00
7.695872e+00
7.700492e+00
7.705111e+00
7.709731e+00
7.714351e+00
7.718970e+00
7.723591e+00
7.728210e+00
7.732830e+00
7.737449e+00
7.742069e+00
7.746688e+00
7.751309e+00
7.755928e+00
7.760548e+00
7.765167e+00
7.769787e+00
7.774407e+00
7.779027e+00
7.783647e+00
7.788266e+00
7.792886e+00
7.797505e+00
7.802125e+00
7.806745e+00
7.811365e+00
7.815984e+00
7.820604e+00
7.825224e+00
7.829843e+00
7.834463e+00
7.839083e+00
7.843702e+00
7.848322e+00
7.852942e+00
7.857561e+00
7.862181e+00
7.866801e+00
7.871420e+00
7.876040e+00
7.880660e+00
7.885280e+00
7.889899e+00
7.894519e+00
7.899138e+00
7.903758e+00
7.908378e+00
7.912998e+00
7.917617e+00
7.922237e+00
7.926857e+00
7.931476e+00
7.936096e+00
7.940716e+00
7.945336e+00
7.949955e+00
7.954575e+00
7.959194e+00
7.963815e+00
7.968434e+00
7.973054e+00
7.977674e+00
7.982293e+00
7.986913e+00
7.991533e+00
7.996152e+00
8.000772e+00
8.005392e+00
8.010011e+00
8.014631e+00
8.019251e+00
8.023870e+00
8.028490e+00
8.033110e+00
8.037729e+00
8.042349e+00
8.046969e+00
8.051588e+00
8.056208e+00
8.060828e+00
8.065447e+00
8.070067e+00
8.074687e+00
8.079306e+00
8.083926e+00
8.088546e+00
8.093165e+00
8.097786e+00
8.102405e+00
8.107025e+00
8.111644e+00
8.116264e+00
8.120883e+00
8.125504e+00
8.130123e+00
8.134743e+00
8.139363e+00
8.143982e+00
8.148602e+00
8.153222e+00
8.157842e+00
8.162461e+00
8.167081e+00
8.171700e+00
8.176320e+00
8.180940e+00
8.185560e+00
8.190179e+00
8.194799e+00
8.199419e+00
8.204038e+00
8.208658e+00
8.213278e+00
8.217897e+00
8.222517e+00
8.227137e+00
8.231756e+00
8.236376e+00
8.240996e+00
8.245615e+00
8.250235e+00
8.254855e+00
8.259475e+00
8.264094e+00
8.268714e+00
8.273333e+00
8.277953e+00
8.282573e+00
8.287193e+00
8.291813e+00
8.296432e+00
8.301052e+00
8.305671e+00
8.310291e+00
8.314911e+00
8.319531e+00
8.324150e+00
8.328770e+00
8.333389e+00
8.338010e+00
8.342629e+00
8.347249e+00
8.351869e+00
8.356488e+00
8.361108e+00
8.365728e+00
8.370347e+00
8.374967e+00
8.379587e+00
8.384206e+00
8.388826e+00
8.393446e+00
8.398065e+00
8.402685e+00
8.407305e+00
8.411924e+00
8.416544e+00
8.421164e+00
8.425783e+00
8.430403e+00
8.435023e+00
8.439642e+00
8.444262e+00
8.448882e+00
8.453502e+00
8.458121e+00
8.462741e+00
8.467360e+00
8.471981e+00
8.476600e+00
8.481220e+00
8.485839e+00
8.490459e+00
8.495078e+00
8.499699e+00
8.504319e+00
8.508938e+00
8.513558e+00
8.518177e+00
8.522797e+00
8.527417e+00
8.532037e+00
8.536656e+00
8.541276e+00
8.545895e+00
8.550515e+00
8.555135e+00
8.559755e+00
8.564374e+00
8.568994e+00
8.573614e+00
8.578233e+00
8.582853e+00
8.587473e+00
8.592092e+00
8.596712e+00
8.601332e+00
8.605952e+00
8.610571e+00
8.615191e+00
8.619810e+00
8.624430e+00
8.629050e+00
8.633670e+00
8.638289e+00
8.642909e+00
8.647528e+00
8.652148e+00
8.656768e+00
8.661388e+00
8.666008e+00
8.670627e+00
8.675247e+00
8.679866e+00
8.684487e+00
8.689106e+00
8.693726e+00
8.698345e+00
8.702965e+00
8.707585e+00
8.712205e+00
8.716824e+00
8.721444e+00
8.726064e+00
8.730683e+00
8.735303e+00
8.739923e+00
8.744542e+00
8.749162e+00
8.753782e+00
8.758401e+00
8.763021e+00
8.767641e+00
8.772260e+00
8.776880e+00
8.781500e+00
8.786119e+00
8.790739e+00
8.795359e+00
8.799978e+00
8.804598e+00
8.809182e+00
8.813766e+00
8.818351e+00
8.822935e+00
8.827519e+00
8.832103e+00
8.836687e+00
8.841271e+00
8.845855e+00
8.850439e+00
8.855024e+00
8.859608e+00
8.864192e+00
8.868776e+00
8.873360e+00
8.877944e+00
8.882528e+00
8.887112e+00
8.891697e+00
8.896281e+00
8.900865e+00
8.905448e+00
8.910033e+00
8.914617e+00
8.919201e+00
8.923785e+00
8.928369e+00
8.932954e+00
8.937537e+00
8.942122e+00
8.946705e+00
8.951290e+00
8.955874e+00
8.960458e+00
8.965042e+00
8.969626e+00
8.974211e+00
8.978794e+00
8.983379e+00
8.987963e+00
8.992547e+00
8.997131e+00
9.001715e+00
9.006300e+00
9.010883e+00
9.015468e+00
9.020051e+00
9.024636e+00
9.029220e+00
9.033804e+00
9.038388e+00
9.042972e+00
9.047557e+00
9.052140e+00
9.056725e+00
9.061308e+00
9.065893e+00
9.070477e+00
9.075061e+00
9.079645e+00
9.084229e+00
9.088814e+00
9.093397e+00
9.097981e+00
9.102566e+00
9.107150e+00
9.111734e+00
9.116318e+00
9.120903e+00
9.125486e+00
9.130070e+00
9.134654e+00
9.139239e+00
9.143823e+00
9.148407e+00
9.152991e+00
9.157575e+00
9.162159e+00
9.166743e+00
9.171327e+00
9.175911e+00
9.180496e+00
9.185080e+00
9.189664e+00
9.194248e+00
9.198832e+00
9.203416e+00
9.208000e+00
9.212584e+00
9.217169e+00
9.221753e+00
9.226337e+00
9.230921e+00
9.235505e+00
9.240089e+00
9.244673e+00
9.249257e+00
9.253842e+00
9.258426e+00
9.263010e+00
9.267593e+00
9.272178e+00
9.276762e+00
9.281346e+00
9.285930e+00
9.290514e+00
9.295099e+00
9.299682e+00
9.304267e+00
9.308851e+00
9.313435e+00
9.318019e+00
9.322603e+00
9.327187e+00
9.331771e+00
9.336356e+00
9.340939e+00
9.345524e+00
9.350108e+00
9.354692e+00
9.359276e+00
9.363860e+00
9.368445e+00
9.373028e+00
9.377613e+00
9.382196e+00
9.386781e+00
9.391365e+00
9.395949e+00
9.400533e+00
9.405117e+00
9.409702e+00
9.414285e+00
9.418870e+00
9.423454e+00
9.428038e+00
9.432622e+00
9.437206e+00
9.441790e+00
9.446374e+00
9.450959e+00
9.455542e+00
9.460126e+00
9.464711e+00
9.469295e+00
9.473879e+00
9.478463e+00
9.483048e+00
9.487631e+00
9.492215e+00
9.496799e+00
9.501384e+00
9.505968e+00
9.510552e+00
9.515136e+00
9.519720e+00
9.524304e+00
9.528888e+00
9.533472e+00
9.538057e+00
9.542641e+00
9.547225e+00
9.551809e+00
9.556393e+00
9.560977e+00
9.565561e+00
9.570145e+00
9.574729e+00
9.579314e+00
9.583898e+00
9.588482e+00
9.593066e+00
9.597650e+00
9.602234e+00
9.606818e+00
9.611402e+00
9.615987e+00
9.620571e+00
9.625155e+00
9.629739e+00
9.634323e+00
9.638907e+00
9.643491e+00
9.648075e+00
9.652659e+00
9.657244e+00
9.661828e+00
9.666412e+00
9.670996e+00
9.675580e+00
9.680164e+00
9.684748e+00
9.689332e+00
9.693917e+00
9.698501e+00
9.703085e+00
9.707669e+00
9.712253e+00
9.716837e+00
9.721421e+00
9.726005e+00
9.730590e+00
9.735174e+00
9.739758e+00
9.744342e+00
9.748926e+00
9.753510e+00
9.758094e+00
9.762678e+00
9.767262e+00
9.771847e+00
9.776431e+00
9.781017e+00
9.785597e+00
9.790182e+00
9.794767e+00
9.799351e+00
9.803936e+00
9.808522e+00
9.813101e+00
9.817686e+00
9.822271e+00
9.826856e+00
9.831441e+00
9.836026e+00
9.840611e+00
9.845191e+00
9.849776e+00
9.854360e+00
9.858945e+00
9.863530e+00
9.868115e+00
9.872695e+00
9.877280e+00
9.881865e+00
9.886450e+00
9.891035e+00
9.895619e+00
9.900199e+00
9.904784e+00
9.909369e+00
9.913954e+00
9.918539e+00
9.923124e+00
9.927709e+00
9.932289e+00
9.936873e+00
9.941459e+00
9.946043e+00
9.950628e+00
9.955213e+00
9.959793e+00
9.964378e+00
9.968963e+00
9.973548e+00
9.978133e+00
9.982718e+00
9.987297e+00
9.991882e+00
9.996467e+00
1.000105e+01
1.000564e+01
1.001022e+01
1.001481e+01
1.001939e+01
1.002397e+01
1.002856e+01
1.003314e+01
1.003773e+01
1.004231e+01
1.004689e+01
1.005148e+01
1.005606e+01
1.006065e+01
1.006523e+01
1.006982e+01
1.007440e+01
1.007898e+01
1.008357e+01
1.008815e+01
1.009274e+01
1.009732e+01
1.010190e+01
1.010648e+01
1.011107e+01
1.011565e+01
1.012024e+01
1.012482e+01
1.012941e+01
1.013399e+01
1.013857e+01
1.014316e+01
1.014774e+01
1.015233e+01
1.015691e+01
1.016150e+01
1.016608e+01
1.017066e+01
1.017525e+01
1.017983e+01
1.018442e+01
1.018900e+01
1.019358e+01
1.019817e+01
1.020275e+01
1.020734e+01
1.021192e+01
1.021651e+01
1.022109e+01
1.022567e+01
1.023026e+01
1.023484e+01
1.023943e+01
1.024401e+01
1.024860e+01
1.025317e+01
1.025776e+01
1.026235e+01
1.026693e+01
1.027152e+01
1.027610e+01
1.028068e+01
1.028527e+01
1.028985e+01
1.029443e+01
1.029902e+01
1.030361e+01
1.030818e+01
1.031277e+01
1.031736e+01
1.032194e+01
1.032653e+01
1.033111e+01
1.033569e+01
1.034028e+01
1.034486e+01
1.034944e+01
1.035403e+01
1.035862e+01
1.036320e+01
1.036778e+01
1.037236e+01
1.037695e+01
1.038153e+01
1.038612e+01
1.039070e+01
1.039529e+01
1.039987e+01
1.040445e+01
1.040904e+01
1.041362e+01
1.041821e+01
1.042279e+01
1.042737e+01
1.043196e+01
1.043654e+01
1.044113e+01
1.044571e+01
1.045030e+01
1.045488e+01
1.045946e+01
1.046405e+01
1.046863e+01
1.047322e+01
1.047780e+01
1.048239e+01
1.048697e+01
1.049155e+01
1.049614e+01
1.050072e+01
1.050531e+01
1.050989e+01
1.051447e+01
1.051905e+01
1.052364e+01
1.052823e+01
1.053281e+01
1.053739e+01
1.054198e+01
1.054656e+01
1.055114e+01
1.055573e+01
1.056031e+01
1.056490e+01
1.056949e+01
1.057406e+01
1.057865e+01
1.058324e+01
1.058782e+01
1.059240e+01
1.059699e+01
1.060157e+01
1.060615e+01
1.061074e+01
1.061532e+01
1.061991e+01
1.062450e+01
1.062907e+01
1.063366e+01
1.063825e+01
1.064283e+01
1.064741e+01
1.065200e+01
1.065658e+01
1.066116e+01
1.066575e+01
1.067033e+01
1.067492e+01
1.067950e+01
1.068409e+01
1.068867e+01
1.069325e+01
1.069784e+01
1.070242e+01
1.070700e+01
1.071159e+01
1.071618e+01
1.072075e+01
1.072534e+01
1.072993e+01
1.073451e+01
1.073910e+01
1.074368e+01
1.074826e+01
1.075285e+01
1.075743e+01
1.076201e+01
1.076660e+01
1.077119e+01
1.077576e+01
1.078035e+01
1.078494e+01
1.078952e+01
1.079411e+01
1.079869e+01
1.080327e+01
1.080786e+01
1.081244e+01
1.081702e+01
1.082161e+01
1.082619e+01
1.083078e+01
1.083536e+01
1.083994e+01
1.084453e+01
1.084912e+01
1.085370e+01
1.085828e+01
1.086287e+01
1.086745e+01
1.087203e+01
1.087662e+01
1.088120e+01
1.088579e+01
1.089037e+01
1.089495e+01
1.089954e+01
1.090412e+01
1.090871e+01
1.091329e+01
1.091788e+01
1.092246e+01
1.092704e+01
1.093163e+01
1.093621e+01
1.094080e+01
1.094538e+01
1.094996e+01
1.095455e+01
1.095913e+01
1.096372e+01
1.096830e+01
1.097288e+01
1.097747e+01
1.098205e+01
1.098663e+01
1.099122e+01
1.099581e+01
1.100039e+01
1.100498e+01
1.100956e+01
