1.110667e-03
1.119838e-03
1.129009e-03
1.138180e-03
1.147351e-03
1.156522e-03
1.165693e-03
1.174864e-03
1.184036e-03
1.193207e-03
1.202378e-03
1.211549e-03
1.220720e-03
1.229891e-03
1.239062e-03
1.248233e-03
1.257404e-03
1.266576e-03
1.275747e-03
1.284918e-03
1.294089e-03
1.303260e-03
1.312431e-03
1.321602e-03
1.330773e-03
1.339944e-03
1.349116e-03
1.358287e-03
1.367458e-03
1.376629e-03
1.385800e-03
1.497010e-03
1.608220e-03
1.719430e-03
1.830640e-03
1.941850e-03
2.053060e-03
2.164270e-03
2.275480e-03
2.386690e-03
2.497900e-03
2.609110e-03
2.720320e-03
2.831530e-03
2.942740e-03
3.053950e-03
3.165160e-03
3.276370e-03
3.387580e-03
3.498790e-03
3.610000e-03
3.663250e-03
3.716500e-03
3.769750e-03
3.823000e-03
3.876250e-03
3.929500e-03
3.982750e-03
4.036000e-03
4.089250e-03
4.142500e-03
4.195750e-03
4.249000e-03
4.302250e-03
4.355500e-03
4.408750e-03
4.462000e-03
4.515250e-03
4.568500e-03
4.535055e-03
4.675000e-03
4.814945e-03
4.954889e-03
5.094833e-03
5.234778e-03
5.374722e-03
5.514667e-03
5.654611e-03
5.794555e-03
5.934500e-03
6.074445e-03
6.214389e-03
6.354333e-03
6.494278e-03
6.634222e-03
6.774167e-03
6.914111e-03
7.054055e-03
7.194000e-03
7.333945e-03
7.473889e-03
7.613833e-03
7.753778e-03
7.893722e-03
8.033667e-03
8.173611e-03
8.313555e-03
8.453500e-03
8.593445e-03
8.733389e-03
8.873333e-03
8.992200e-03
9.111067e-03
9.229933e-03
9.348800e-03
9.467667e-03
9.586533e-03
9.705400e-03
9.824267e-03
9.943133e-03
1.006200e-02
1.018087e-02
1.029973e-02
1.041860e-02
1.053747e-02
1.065633e-02
1.077520e-02
1.089407e-02
1.101293e-02
1.113180e-02
1.125067e-02
1.136953e-02
1.148840e-02
1.160727e-02
1.172613e-02
1.184500e-02
1.196387e-02
1.208273e-02
1.220160e-02
1.232047e-02
1.243933e-02
1.255820e-02
1.267707e-02
1.279593e-02
1.291480e-02
1.303367e-02
1.315253e-02
1.327140e-02
1.339027e-02
1.350913e-02
1.362800e-02
1.374687e-02
1.386573e-02
1.398460e-02
1.410347e-02
1.422233e-02
1.434120e-02
1.446007e-02
1.457893e-02
1.469780e-02
1.481667e-02
1.495673e-02
1.509680e-02
1.523687e-02
1.537693e-02
1.551700e-02
1.565707e-02
1.579713e-02
1.593720e-02
1.607727e-02
1.621733e-02
1.635740e-02
1.649747e-02
1.663753e-02
1.677760e-02
1.691767e-02
1.705773e-02
1.719780e-02
1.733787e-02
1.747793e-02
1.761800e-02
1.775807e-02
1.789813e-02
1.803820e-02
1.817827e-02
1.831833e-02
1.845840e-02
1.859847e-02
1.873853e-02
1.887860e-02
1.901867e-02
1.915873e-02
1.929880e-02
1.943887e-02
1.957893e-02
1.971900e-02
1.985907e-02
1.999913e-02
2.013920e-02
2.027927e-02
2.041933e-02
2.055940e-02
2.069947e-02
2.083953e-02
2.097960e-02
2.111967e-02
2.125973e-02
2.139980e-02
2.153987e-02
2.167993e-02
2.182000e-02
2.184073e-02
2.186147e-02
2.188220e-02
2.190293e-02
2.192367e-02
2.194440e-02
2.196513e-02
2.198587e-02
2.200660e-02
2.202733e-02
2.204807e-02
2.206880e-02
2.208953e-02
2.211027e-02
2.213100e-02
2.215173e-02
2.217247e-02
2.219320e-02
2.221393e-02
2.223467e-02
2.225540e-02
2.227613e-02
2.229687e-02
2.231760e-02
2.233833e-02
2.235907e-02
2.237980e-02
2.240053e-02
2.242127e-02
2.244200e-02
2.246273e-02
2.248347e-02
2.250420e-02
2.252493e-02
2.254567e-02
2.256640e-02
2.258713e-02
2.260787e-02
2.262860e-02
2.264933e-02
2.267007e-02
2.269080e-02
2.271153e-02
2.273227e-02
2.275300e-02
2.277373e-02
2.279447e-02
2.281520e-02
2.283593e-02
2.285667e-02
2.287740e-02
2.289813e-02
2.291887e-02
2.293960e-02
2.296033e-02
2.298107e-02
2.300180e-02
2.302253e-02
2.304327e-02
2.306400e-02
2.308473e-02
2.310547e-02
2.312620e-02
2.314693e-02
2.316767e-02
2.318840e-02
2.320913e-02
2.322987e-02
2.325060e-02
2.327133e-02
2.329207e-02
2.331280e-02
2.333353e-02
2.335427e-02
2.337500e-02
2.339573e-02
2.341647e-02
2.343720e-02
2.345793e-02
2.347867e-02
2.349940e-02
2.352013e-02
2.354087e-02
2.356160e-02
2.358233e-02
2.360307e-02
2.362380e-02
2.364453e-02
2.366527e-02
2.368600e-02
2.370673e-02
2.372747e-02
2.374820e-02
2.376893e-02
2.378967e-02
2.381040e-02
2.383113e-02
2.385187e-02
2.387260e-02
2.389333e-02
2.397357e-02
2.405380e-02
2.413403e-02
2.421427e-02
2.429450e-02
2.437473e-02
2.445497e-02
2.453520e-02
2.461543e-02
2.469567e-02
2.477590e-02
2.485613e-02
2.493637e-02
2.501660e-02
2.509683e-02
2.517707e-02
2.525730e-02
2.533753e-02
2.541777e-02
2.549800e-02
2.557823e-02
2.565847e-02
2.573870e-02
2.581893e-02
2.589917e-02
2.597940e-02
2.605963e-02
2.613987e-02
2.622010e-02
2.630033e-02
2.638057e-02
2.646080e-02
2.654103e-02
2.662127e-02
2.670150e-02
2.678173e-02
2.686197e-02
2.694220e-02
2.702243e-02
2.710267e-02
2.718290e-02
2.726313e-02
2.734337e-02
2.742360e-02
2.750383e-02
2.758407e-02
2.766430e-02
2.774453e-02
2.782477e-02
2.790500e-02
2.798523e-02
2.806547e-02
2.814570e-02
2.822593e-02
2.830617e-02
2.838640e-02
2.846663e-02
2.854687e-02
2.862710e-02
2.870733e-02
2.878757e-02
2.886780e-02
2.894803e-02
2.902827e-02
2.910850e-02
2.918873e-02
2.926897e-02
2.934920e-02
2.942943e-02
2.950967e-02
2.958990e-02
2.967013e-02
2.975037e-02
2.983060e-02
2.991083e-02
2.999107e-02
3.007130e-02
3.015153e-02
3.023177e-02
3.031200e-02
3.039223e-02
3.047247e-02
3.055270e-02
3.063293e-02
3.071317e-02
3.079340e-02
3.087363e-02
3.095387e-02
3.103410e-02
3.111433e-02
3.119457e-02
3.127480e-02
3.135503e-02
3.143527e-02
3.151550e-02
3.159573e-02
3.167597e-02
3.175620e-02
3.183643e-02
3.191667e-02
3.203510e-02
3.215353e-02
3.227197e-02
3.239040e-02
3.250883e-02
3.262727e-02
3.274570e-02
3.286413e-02
3.298257e-02
3.310100e-02
3.321943e-02
3.333787e-02
3.345630e-02
3.357473e-02
3.369317e-02
3.381160e-02
3.393003e-02
3.404847e-02
3.416690e-02
3.428533e-02
3.440377e-02
3.452220e-02
3.464063e-02
3.475907e-02
3.487750e-02
3.499593e-02
3.511437e-02
3.523280e-02
3.535123e-02
3.546967e-02
3.558810e-02
3.570653e-02
3.582497e-02
3.594340e-02
3.606183e-02
3.618027e-02
3.629870e-02
3.641713e-02
3.653557e-02
3.665400e-02
3.677243e-02
3.689087e-02
3.700930e-02
3.712773e-02
3.724617e-02
3.736460e-02
3.748303e-02
3.760147e-02
3.771990e-02
3.783833e-02
3.795677e-02
3.807520e-02
3.819363e-02
3.831207e-02
3.843050e-02
3.854893e-02
3.866737e-02
3.878580e-02
3.890423e-02
3.902267e-02
3.914110e-02
3.925953e-02
3.937797e-02
3.949640e-02
3.961483e-02
3.973327e-02
3.985170e-02
3.997013e-02
4.008857e-02
4.020700e-02
4.032543e-02
4.044387e-02
4.056230e-02
4.068073e-02
4.079917e-02
4.091760e-02
4.103603e-02
4.115447e-02
4.127290e-02
4.139133e-02
4.150977e-02
4.162820e-02
4.174663e-02
4.186507e-02
4.198350e-02
4.210193e-02
4.222037e-02
4.233880e-02
4.245723e-02
4.257567e-02
4.269410e-02
4.281253e-02
4.293097e-02
4.304940e-02
4.316783e-02
4.328627e-02
4.340470e-02
4.352313e-02
4.364157e-02
4.376000e-02
4.387843e-02
4.399687e-02
4.411530e-02
4.423373e-02
4.435217e-02
4.447060e-02
4.458903e-02
4.470747e-02
4.482590e-02
4.494433e-02
4.506277e-02
4.518120e-02
4.529963e-02
4.541807e-02
4.553650e-02
4.565493e-02
4.577337e-02
4.589180e-02
4.601023e-02
4.612867e-02
4.624710e-02
4.636553e-02
4.648397e-02
4.660240e-02
4.672083e-02
4.683927e-02
4.695770e-02
4.707613e-02
4.719457e-02
4.731300e-02
4.743143e-02
4.754987e-02
4.766830e-02
4.778673e-02
4.790517e-02
4.802360e-02
4.814203e-02
4.826047e-02
4.837890e-02
4.849733e-02
4.861577e-02
4.873420e-02
4.885263e-02
4.897107e-02
4.908950e-02
4.920793e-02
4.932637e-02
4.944480e-02
4.956323e-02
4.968167e-02
4.980010e-02
4.991853e-02
5.003697e-02
5.015540e-02
5.027383e-02
5.039227e-02
5.051070e-02
5.062913e-02
5.074757e-02
5.086600e-02
5.098443e-02
5.110287e-02
5.122130e-02
5.133973e-02
5.145817e-02
5.157660e-02
5.169503e-02
5.181347e-02
5.193190e-02
5.205033e-02
5.216877e-02
5.228720e-02
5.240563e-02
5.252407e-02
5.264250e-02
5.276093e-02
5.287937e-02
5.299780e-02
5.311623e-02
5.323467e-02
5.335310e-02
5.347153e-02
5.358997e-02
5.370840e-02
5.382683e-02
5.394527e-02
5.406370e-02
5.418213e-02
5.430057e-02
5.441900e-02
5.453743e-02
5.465587e-02
5.477430e-02
5.489273e-02
5.501117e-02
5.512960e-02
5.524803e-02
5.536647e-02
5.548490e-02
5.560333e-02
5.576783e-02
5.593233e-02
5.609683e-02
5.626133e-02
5.642583e-02
5.659033e-02
5.675483e-02
5.691933e-02
5.708383e-02
5.724833e-02
5.741283e-02
5.757733e-02
5.774183e-02
5.790633e-02
5.807083e-02
5.823533e-02
5.839983e-02
5.856433e-02
5.872883e-02
5.889333e-02
5.905783e-02
5.922233e-02
5.938683e-02
5.955133e-02
5.971583e-02
5.988033e-02
6.004483e-02
6.020933e-02
6.037383e-02
6.053833e-02
6.070283e-02
6.086733e-02
6.103183e-02
6.119633e-02
6.136083e-02
6.152533e-02
6.168983e-02
6.185433e-02
6.201883e-02
6.218333e-02
6.234783e-02
6.251233e-02
6.267683e-02
6.284133e-02
6.300583e-02
6.317033e-02
6.333483e-02
6.349933e-02
6.366383e-02
6.382833e-02
6.399283e-02
6.415733e-02
6.432183e-02
6.448633e-02
6.465083e-02
6.481533e-02
6.497983e-02
6.514433e-02
6.530883e-02
6.547333e-02
6.563783e-02
6.580233e-02
6.596683e-02
6.613133e-02
6.629583e-02
6.646033e-02
6.662483e-02
6.678933e-02
6.695383e-02
6.711833e-02
6.728283e-02
6.744733e-02
6.761183e-02
6.777633e-02
6.794083e-02
6.810533e-02
6.826983e-02
6.843433e-02
6.859883e-02
6.876333e-02
6.892783e-02
6.909233e-02
6.925683e-02
6.942133e-02
6.958583e-02
6.975033e-02
6.991483e-02
7.007933e-02
7.024383e-02
7.040833e-02
7.057283e-02
7.073733e-02
7.090183e-02
7.106633e-02
7.123083e-02
7.139533e-02
7.155983e-02
7.172433e-02
7.188883e-02
7.205333e-02
7.303716e-02
7.402098e-02
7.500481e-02
7.598864e-02
7.697247e-02
7.795629e-02
7.894012e-02
7.992395e-02
8.090778e-02
8.189160e-02
8.287543e-02
8.385926e-02
8.484309e-02
8.582691e-02
8.681074e-02
8.779457e-02
8.877840e-02
8.976222e-02
9.074605e-02
9.172988e-02
9.271371e-02
9.369753e-02
9.468136e-02
9.566519e-02
9.664902e-02
9.763284e-02
9.861667e-02
9.960050e-02
1.005843e-01
1.015682e-01
1.025520e-01
1.035358e-01
1.045196e-01
1.055035e-01
1.064873e-01
1.074711e-01
1.084549e-01
1.094388e-01
1.104226e-01
1.114064e-01
1.123903e-01
1.133741e-01
1.143579e-01
1.153417e-01
1.163256e-01
1.173094e-01
1.182932e-01
1.192770e-01
1.202609e-01
1.212447e-01
1.222285e-01
1.232124e-01
1.241962e-01
1.251800e-01
1.261638e-01
1.271477e-01
1.281315e-01
1.291153e-01
1.300991e-01
1.310830e-01
1.320668e-01
1.330506e-01
1.340345e-01
1.350183e-01
1.360021e-01
1.369859e-01
1.379698e-01
1.389536e-01
1.399374e-01
1.409213e-01
1.419051e-01
1.428889e-01
1.438727e-01
1.448566e-01
1.458404e-01
1.468242e-01
1.478080e-01
1.487919e-01
1.497757e-01
1.507595e-01
1.517434e-01
1.527272e-01
1.537110e-01
1.546948e-01
1.556787e-01
1.566625e-01
1.576463e-01
1.586301e-01
1.596140e-01
1.605978e-01
1.615816e-01
1.625655e-01
1.635493e-01
1.645331e-01
1.655169e-01
1.665008e-01
1.674846e-01
1.684684e-01
1.694522e-01
1.704361e-01
1.714199e-01
1.724037e-01
1.733876e-01
1.743714e-01
1.753552e-01
1.763390e-01
1.773229e-01
1.783067e-01
1.792905e-01
1.802743e-01
1.812582e-01
1.822420e-01
1.832258e-01
1.842097e-01
1.851935e-01
1.861773e-01
1.871611e-01
1.881450e-01
1.891288e-01
1.901126e-01
1.910965e-01
1.920803e-01
1.930641e-01
1.940479e-01
1.950318e-01
1.960156e-01
1.969994e-01
1.979832e-01
1.989671e-01
1.999509e-01
2.009347e-01
2.019186e-01
2.029024e-01
2.038862e-01
2.048700e-01
2.058539e-01
2.068377e-01
2.078215e-01
2.088053e-01
2.097892e-01
2.107730e-01
2.117568e-01
2.127407e-01
2.137245e-01
2.147083e-01
2.156921e-01
2.166760e-01
2.176598e-01
2.186436e-01
2.196274e-01
2.206113e-01
2.215951e-01
2.225789e-01
2.235628e-01
2.245466e-01
2.255304e-01
2.265142e-01
2.274981e-01
2.284819e-01
2.294657e-01
2.304495e-01
2.314334e-01
2.324172e-01
2.334010e-01
2.343849e-01
2.353687e-01
2.363525e-01
2.373363e-01
2.383202e-01
2.393040e-01
2.402878e-01
2.412717e-01
2.422555e-01
2.432393e-01
2.442231e-01
2.452070e-01
2.461908e-01
2.471746e-01
2.481584e-01
2.491423e-01
2.501261e-01
2.511099e-01
2.520938e-01
2.530776e-01
2.540614e-01
2.550452e-01
2.560291e-01
2.570129e-01
2.579967e-01
2.589805e-01
2.599644e-01
2.609482e-01
2.619320e-01
2.629159e-01
2.638997e-01
2.648835e-01
2.658673e-01
2.668512e-01
2.678350e-01
2.688188e-01
2.698026e-01
2.707865e-01
2.717703e-01
2.727541e-01
2.737380e-01
2.747218e-01
2.757056e-01
2.766894e-01
2.776733e-01
2.786571e-01
2.796409e-01
2.806247e-01
2.816086e-01
2.825924e-01
2.835762e-01
2.845601e-01
2.855439e-01
2.865277e-01
2.875115e-01
2.884954e-01
2.894792e-01
2.904630e-01
2.914469e-01
2.924307e-01
2.934145e-01
2.943983e-01
2.953822e-01
2.963660e-01
2.973498e-01
2.983336e-01
2.993175e-01
3.003013e-01
3.012851e-01
3.022690e-01
3.032528e-01
3.042366e-01
3.052204e-01
3.062043e-01
3.071881e-01
3.081719e-01
3.091557e-01
3.101396e-01
3.111234e-01
3.121072e-01
3.130911e-01
3.140749e-01
3.150587e-01
3.160425e-01
3.170264e-01
3.180102e-01
3.189940e-01
3.199778e-01
3.209617e-01
3.219455e-01
3.229293e-01
3.239132e-01
3.248970e-01
3.258808e-01
3.268646e-01
3.278485e-01
3.288323e-01
3.298161e-01
3.307999e-01
3.317838e-01
3.327676e-01
3.337514e-01
3.347353e-01
3.357191e-01
3.367029e-01
3.376867e-01
3.386706e-01
3.396544e-01
3.406382e-01
3.416220e-01
3.426059e-01
3.435897e-01
3.445735e-01
3.455574e-01
3.465412e-01
3.475250e-01
3.485088e-01
3.494927e-01
3.504765e-01
3.514603e-01
3.524442e-01
3.534280e-01
3.544118e-01
3.553956e-01
3.563795e-01
3.573633e-01
3.583471e-01
3.593309e-01
3.603148e-01
3.612986e-01
3.622824e-01
3.632663e-01
3.642501e-01
3.652339e-01
3.662177e-01
3.672016e-01
3.681854e-01
3.691692e-01
3.701530e-01
3.711369e-01
3.721207e-01
3.731045e-01
3.740884e-01
3.750722e-01
3.760560e-01
3.770398e-01
3.780237e-01
3.790075e-01
3.799913e-01
3.809751e-01
3.819590e-01
3.829428e-01
3.839266e-01
3.849105e-01
3.858943e-01
3.868781e-01
3.878619e-01
3.888458e-01
3.898296e-01
3.908134e-01
3.917972e-01
3.927811e-01
3.937649e-01
3.947487e-01
3.957326e-01
3.967164e-01
3.977002e-01
3.986840e-01
3.996679e-01
4.006517e-01
4.016355e-01
4.026194e-01
4.036032e-01
4.045870e-01
4.055708e-01
4.065547e-01
4.075385e-01
4.085223e-01
4.095061e-01
4.104900e-01
4.114738e-01
4.124576e-01
4.134415e-01
4.144253e-01
4.154091e-01
4.163929e-01
4.173768e-01
4.183606e-01
4.193444e-01
4.203282e-01
4.213121e-01
4.222959e-01
4.232797e-01
4.242636e-01
4.252474e-01
4.262312e-01
4.272150e-01
4.281989e-01
4.291827e-01
4.301665e-01
4.311503e-01
4.321342e-01
4.331180e-01
4.341018e-01
4.350857e-01
4.360695e-01
4.370533e-01
4.380371e-01
4.390210e-01
4.400048e-01
4.409886e-01
4.419724e-01
4.429563e-01
4.439401e-01
4.449239e-01
4.459078e-01
4.468916e-01
4.478754e-01
4.488592e-01
4.498431e-01
4.508269e-01
4.518107e-01
4.527946e-01
4.537784e-01
4.547622e-01
4.557460e-01
4.567299e-01
4.577137e-01
4.586975e-01
4.596813e-01
4.606652e-01
4.616490e-01
4.626328e-01
4.636167e-01
4.646005e-01
4.655843e-01
4.665681e-01
4.675520e-01
4.685358e-01
4.695196e-01
4.705034e-01
4.714873e-01
4.724711e-01
4.737104e-01
4.749496e-01
4.761888e-01
4.774281e-01
4.786673e-01
4.799066e-01
4.811458e-01
4.823851e-01
4.836243e-01
4.848636e-01
4.861028e-01
4.873420e-01
4.885813e-01
4.898205e-01
4.910598e-01
4.922990e-01
4.935383e-01
4.947775e-01
4.960168e-01
4.972560e-01
4.984952e-01
4.997345e-01
5.009737e-01
5.022130e-01
5.034522e-01
5.046915e-01
5.059307e-01
5.071700e-01
5.084092e-01
5.096484e-01
5.108877e-01
5.121269e-01
5.133662e-01
5.146054e-01
5.158447e-01
5.170839e-01
5.183232e-01
5.195624e-01
5.208016e-01
5.220409e-01
5.232801e-01
5.245194e-01
5.257586e-01
5.269979e-01
5.282371e-01
5.294764e-01
5.307156e-01
5.319548e-01
5.331941e-01
5.344333e-01
5.356726e-01
5.369118e-01
5.381511e-01
5.393903e-01
5.406296e-01
5.418688e-01
5.431080e-01
5.443473e-01
5.455865e-01
5.468258e-01
5.480650e-01
5.493043e-01
5.505435e-01
5.517828e-01
5.530220e-01
5.542612e-01
5.555005e-01
5.567397e-01
5.579790e-01
5.592182e-01
5.604575e-01
5.616967e-01
5.629360e-01
5.641752e-01
5.654144e-01
5.666537e-01
5.678929e-01
5.691322e-01
5.703714e-01
5.716107e-01
5.728499e-01
5.740892e-01
5.753284e-01
5.765676e-01
5.778069e-01
5.790461e-01
5.802854e-01
5.815246e-01
5.827639e-01
5.840031e-01
5.852424e-01
5.864816e-01
5.877208e-01
5.889601e-01
5.901993e-01
5.914386e-01
5.926778e-01
5.939171e-01
5.951563e-01
5.963956e-01
5.991247e-01
6.018539e-01
6.045831e-01
6.073123e-01
6.100414e-01
6.127706e-01
6.154998e-01
6.182290e-01
6.209581e-01
6.236873e-01
6.264165e-01
6.291456e-01
6.318748e-01
6.346040e-01
6.373332e-01
6.400623e-01
6.427916e-01
6.455207e-01
6.482499e-01
6.509791e-01
6.537083e-01
6.564374e-01
6.591667e-01
6.618958e-01
6.646249e-01
6.673542e-01
6.700833e-01
6.728125e-01
6.755417e-01
6.782709e-01
6.810000e-01
6.837292e-01
6.864584e-01
6.891876e-01
6.919167e-01
6.946459e-01
6.973751e-01
7.001042e-01
7.028334e-01
7.055626e-01
7.082918e-01
7.110209e-01
7.137502e-01
7.164793e-01
7.192085e-01
7.219377e-01
7.246669e-01
7.273960e-01
7.301252e-01
7.328544e-01
7.355835e-01
7.383127e-01
7.410419e-01
7.437711e-01
7.465002e-01
7.492295e-01
7.519586e-01
7.546878e-01
7.574170e-01
7.601461e-01
7.628753e-01
7.656045e-01
7.683337e-01
7.710628e-01
7.737920e-01
7.765212e-01
7.792504e-01
7.819795e-01
7.847088e-01
7.874379e-01
7.901670e-01
7.928963e-01
7.956254e-01
7.983546e-01
8.010838e-01
8.038130e-01
8.065421e-01
8.092713e-01
8.120005e-01
8.147297e-01
8.174588e-01
8.201880e-01
8.229172e-01
8.256463e-01
8.283755e-01
8.311047e-01
8.338339e-01
8.365630e-01
8.392923e-01
8.420214e-01
8.447506e-01
8.474798e-01
8.502090e-01
8.529381e-01
8.556673e-01
8.583965e-01
8.611256e-01
8.638549e-01
8.665840e-01
8.693132e-01
8.720424e-01
8.747716e-01
8.775007e-01
8.802299e-01
8.829591e-01
8.856883e-01
8.884174e-01
8.911466e-01
8.938758e-01
8.966049e-01
8.993341e-01
9.020633e-01
9.047925e-01
9.075216e-01
9.102509e-01
9.129800e-01
9.157092e-01
9.184384e-01
9.211675e-01
9.238967e-01
9.266259e-01
9.293551e-01
9.320842e-01
9.348134e-01
9.375426e-01
9.402718e-01
9.430009e-01
9.457302e-01
9.484593e-01
9.511885e-01
9.539177e-01
9.566468e-01
9.593760e-01
9.621052e-01
9.648344e-01
9.675635e-01
9.702927e-01
9.730219e-01
9.757511e-01
9.784803e-01
9.812095e-01
9.839385e-01
9.866678e-01
9.893970e-01
9.921260e-01
9.948554e-01
9.975845e-01
1.000314e+00
1.003043e+00
1.005772e+00
1.008501e+00
1.011231e+00
1.013959e+00
1.016688e+00
1.019418e+00
1.022147e+00
1.024876e+00
1.027606e+00
1.030334e+00
1.033063e+00
1.035793e+00
1.038522e+00
1.041251e+00
1.043981e+00
1.046710e+00
1.049438e+00
1.052168e+00
1.054897e+00
1.057626e+00
1.060356e+00
1.063085e+00
1.065813e+00
1.068543e+00
1.071272e+00
1.074001e+00
1.076731e+00
1.079460e+00
1.082189e+00
1.084918e+00
1.087647e+00
1.090376e+00
1.093106e+00
1.095835e+00
1.098564e+00
1.101293e+00
1.104022e+00
1.106751e+00
1.109481e+00
1.112210e+00
1.114939e+00
1.117669e+00
1.120397e+00
1.123126e+00
1.125856e+00
1.128585e+00
1.131314e+00
1.134044e+00
1.136772e+00
1.139501e+00
1.142231e+00
1.144960e+00
1.147268e+00
1.149575e+00
1.151883e+00
1.154191e+00
1.156498e+00
1.158806e+00
1.161113e+00
1.163421e+00
1.165729e+00
1.168036e+00
1.170344e+00
1.172651e+00
1.174959e+00
1.177267e+00
1.179575e+00
1.181882e+00
1.184189e+00
1.186497e+00
1.188805e+00
1.191113e+00
1.193420e+00
1.195728e+00
1.198035e+00
1.200343e+00
1.202651e+00
1.204958e+00
1.207266e+00
1.209573e+00
1.211881e+00
1.214189e+00
1.216496e+00
1.218804e+00
1.221112e+00
1.223419e+00
1.225726e+00
1.228035e+00
1.230342e+00
1.232650e+00
1.234957e+00
1.237265e+00
1.239573e+00
1.241880e+00
1.244188e+00
1.246495e+00
1.248803e+00
1.251111e+00
1.253419e+00
1.255726e+00
1.258033e+00
1.260341e+00
1.262648e+00
1.264957e+00
1.267264e+00
1.269572e+00
1.271879e+00
1.274187e+00
1.276495e+00
1.278802e+00
1.281110e+00
1.283417e+00
1.285725e+00
1.288032e+00
1.290340e+00
1.292648e+00
1.294956e+00
1.297263e+00
1.299570e+00
1.301879e+00
1.304186e+00
1.306494e+00
1.308801e+00
1.311109e+00
1.313417e+00
1.315724e+00
1.318032e+00
1.320339e+00
1.322647e+00
1.324954e+00
1.327263e+00
1.329570e+00
1.331877e+00
1.334185e+00
1.336492e+00
1.338801e+00
1.341108e+00
1.343416e+00
1.345723e+00
1.348031e+00
1.350339e+00
1.352646e+00
1.354954e+00
1.357261e+00
1.359569e+00
1.361876e+00
1.364184e+00
1.366492e+00
1.368800e+00
1.371107e+00
1.373414e+00
1.375723e+00
1.378030e+00
1.380338e+00
1.382645e+00
1.384953e+00
1.387260e+00
1.389568e+00
1.391876e+00
1.394183e+00
1.396491e+00
1.398798e+00
1.401107e+00
1.403414e+00
1.405721e+00
1.408029e+00
1.410336e+00
1.412645e+00
1.414952e+00
1.417260e+00
1.419567e+00
1.421875e+00
1.424182e+00
1.426490e+00
1.428798e+00
1.431105e+00
1.433413e+00
1.435720e+00
1.438028e+00
1.440336e+00
1.442644e+00
1.444951e+00
1.447258e+00
1.449566e+00
1.451874e+00
1.454182e+00
1.456489e+00
1.458797e+00
1.461104e+00
1.463412e+00
1.465720e+00
1.468027e+00
1.470335e+00
1.472642e+00
1.474951e+00
1.477258e+00
1.479565e+00
1.481873e+00
1.484180e+00
1.486488e+00
1.488796e+00
1.491104e+00
1.493411e+00
1.495719e+00
1.498026e+00
1.500334e+00
1.502642e+00
1.504949e+00
1.507257e+00
1.509564e+00
1.511872e+00
1.514180e+00
1.516488e+00
1.518795e+00
1.521102e+00
1.523410e+00
1.525718e+00
1.528026e+00
1.530333e+00
1.532641e+00
1.534948e+00
1.537256e+00
1.539564e+00
1.541871e+00
1.544179e+00
1.546486e+00
1.548794e+00
1.551102e+00
1.553409e+00
1.555717e+00
1.558024e+00
1.560332e+00
1.562640e+00
1.564948e+00
1.567255e+00
1.569563e+00
1.571870e+00
1.574178e+00
1.576486e+00
1.578793e+00
1.581101e+00
1.583408e+00
1.585716e+00
1.588024e+00
1.590332e+00
1.592639e+00
1.594946e+00
1.597254e+00
1.599562e+00
1.601870e+00
1.604177e+00
1.606485e+00
1.608792e+00
1.611099e+00
1.613408e+00
1.615715e+00
1.618023e+00
1.620330e+00
1.622638e+00
1.624946e+00
1.627253e+00
1.629561e+00
1.631868e+00
1.634176e+00
1.636483e+00
1.638792e+00
1.641099e+00
1.643407e+00
1.645714e+00
1.648022e+00
1.650330e+00
1.652637e+00
1.654945e+00
1.657252e+00
1.659560e+00
1.661868e+00
1.664176e+00
1.666483e+00
1.668790e+00
1.671098e+00
1.673405e+00
1.675714e+00
1.678021e+00
1.680329e+00
1.682636e+00
1.684943e+00
1.687252e+00
1.689559e+00
1.691867e+00
1.694174e+00
1.696482e+00
1.698790e+00
1.701097e+00
1.703405e+00
1.705712e+00
1.708020e+00
1.710327e+00
1.712636e+00
1.714943e+00
1.717251e+00
1.719558e+00
1.721866e+00
1.724174e+00
1.726481e+00
1.728789e+00
1.731096e+00
1.733404e+00
1.735711e+00
1.738019e+00
1.740327e+00
1.742634e+00
1.744942e+00
1.747249e+00
1.749558e+00
1.751865e+00
1.754173e+00
1.756480e+00
1.758787e+00
1.761096e+00
1.763403e+00
1.765711e+00
1.768018e+00
1.770326e+00
1.772633e+00
1.774941e+00
1.777249e+00
1.779556e+00
1.781864e+00
1.784171e+00
1.786480e+00
1.788787e+00
1.791095e+00
1.793402e+00
1.795710e+00
1.798017e+00
1.800325e+00
1.802633e+00
1.804940e+00
1.807248e+00
1.809555e+00
1.811863e+00
1.814171e+00
1.816478e+00
1.818786e+00
1.821093e+00
1.823402e+00
1.825709e+00
1.828017e+00
1.830324e+00
1.832631e+00
1.834939e+00
1.837247e+00
1.839555e+00
1.841862e+00
1.845971e+00
1.850081e+00
1.854190e+00
1.858299e+00
1.862409e+00
1.866518e+00
1.870627e+00
1.874737e+00
1.878846e+00
1.882955e+00
1.887065e+00
1.891174e+00
1.895283e+00
1.899392e+00
1.903501e+00
1.907610e+00
1.911720e+00
1.915829e+00
1.919938e+00
1.924047e+00
1.928157e+00
1.932266e+00
1.936375e+00
1.940485e+00
1.944594e+00
1.948703e+00
1.952813e+00
1.956922e+00
1.961031e+00
1.965141e+00
1.969250e+00
1.973359e+00
1.977468e+00
1.981578e+00
1.985687e+00
1.989796e+00
1.993906e+00
1.998015e+00
2.002124e+00
2.006234e+00
2.010343e+00
2.014452e+00
2.018562e+00
2.022670e+00
2.026779e+00
2.030889e+00
2.034998e+00
2.039107e+00
2.043217e+00
2.047326e+00
2.051435e+00
2.055544e+00
2.059654e+00
2.063763e+00
2.067872e+00
2.071982e+00
2.076091e+00
2.080200e+00
2.084309e+00
2.088419e+00
2.092528e+00
2.096638e+00
2.100747e+00
2.104856e+00
2.108965e+00
2.113075e+00
2.117184e+00
2.121293e+00
2.125403e+00
2.129512e+00
2.133621e+00
2.137730e+00
2.141839e+00
2.145948e+00
2.150058e+00
2.154167e+00
2.158276e+00
2.162385e+00
2.166495e+00
2.170604e+00
2.174713e+00
2.178823e+00
2.182932e+00
2.187041e+00
2.191151e+00
2.195260e+00
2.199369e+00
2.203479e+00
2.207588e+00
2.211697e+00
2.215806e+00
2.219916e+00
2.224025e+00
2.228134e+00
2.232244e+00
2.236353e+00
2.240462e+00
2.244572e+00
2.248681e+00
2.252790e+00
2.256899e+00
2.261008e+00
2.265117e+00
2.269227e+00
2.273336e+00
2.277445e+00
2.281555e+00
2.285664e+00
2.289773e+00
2.293882e+00
2.297992e+00
2.302101e+00
2.306210e+00
2.310320e+00
2.314429e+00
2.318538e+00
2.322647e+00
2.326757e+00
2.330866e+00
2.334976e+00
2.339085e+00
2.343194e+00
2.347303e+00
2.351413e+00
2.355522e+00
2.359631e+00
2.363741e+00
2.367850e+00
2.371959e+00
2.376068e+00
2.380177e+00
2.384286e+00
2.388396e+00
2.392505e+00
2.396614e+00
2.400723e+00
2.404833e+00
2.408942e+00
2.413051e+00
2.417161e+00
2.421270e+00
2.425379e+00
2.429489e+00
2.433598e+00
2.437707e+00
2.441817e+00
2.445926e+00
2.450035e+00
2.454144e+00
2.458254e+00
2.462363e+00
2.466472e+00
2.470582e+00
2.474691e+00
2.478800e+00
2.482910e+00
2.487019e+00
2.491127e+00
2.495237e+00
2.499346e+00
2.503455e+00
2.507565e+00
2.511674e+00
2.515783e+00
2.519893e+00
2.524002e+00
2.528111e+00
2.532220e+00
2.536330e+00
2.540439e+00
2.544548e+00
2.548658e+00
2.552767e+00
2.556876e+00
2.560986e+00
2.565095e+00
2.569204e+00
2.573314e+00
2.577423e+00
2.581532e+00
2.585641e+00
2.589751e+00
2.593860e+00
2.597969e+00
2.602079e+00
2.606188e+00
2.610296e+00
2.614406e+00
2.618515e+00
2.622624e+00
2.626734e+00
2.630843e+00
2.634952e+00
2.639061e+00
2.643171e+00
2.647280e+00
2.651390e+00
2.655499e+00
2.659608e+00
2.663717e+00
2.667827e+00
2.671130e+00
2.674433e+00
2.677736e+00
2.681039e+00
2.684343e+00
2.687646e+00
2.690950e+00
2.694253e+00
2.697556e+00
2.700859e+00
2.704162e+00
2.707465e+00
2.710769e+00
2.714072e+00
2.717375e+00
2.720679e+00
2.723982e+00
2.727285e+00
2.730588e+00
2.733891e+00
2.737195e+00
2.740498e+00
2.743801e+00
2.747105e+00
2.750408e+00
2.753711e+00
2.757014e+00
2.760317e+00
2.763620e+00
2.766924e+00
2.770227e+00
2.773530e+00
2.776834e+00
2.780137e+00
2.783440e+00
2.786743e+00
2.790046e+00
2.793350e+00
2.796653e+00
2.799956e+00
2.803260e+00
2.806563e+00
2.809866e+00
2.813169e+00
2.816472e+00
2.819775e+00
2.823079e+00
2.826382e+00
2.829686e+00
2.832989e+00
2.836292e+00
2.839595e+00
2.842898e+00
2.846201e+00
2.849505e+00
2.852808e+00
2.856111e+00
2.859415e+00
2.862718e+00
2.866021e+00
2.869324e+00
2.872627e+00
2.875931e+00
2.879234e+00
2.882537e+00
2.885841e+00
2.889144e+00
2.892447e+00
2.895750e+00
2.899053e+00
2.902356e+00
2.905660e+00
2.908963e+00
2.912267e+00
2.915570e+00
2.918873e+00
2.922176e+00
2.925479e+00
2.928782e+00
2.932086e+00
2.935389e+00
2.938692e+00
2.941996e+00
2.945299e+00
2.948602e+00
2.951905e+00
2.955208e+00
2.958512e+00
2.961815e+00
2.965118e+00
2.968422e+00
2.971725e+00
2.975028e+00
2.978331e+00
2.981634e+00
2.984937e+00
2.988241e+00
2.991544e+00
2.994847e+00
2.998151e+00
3.001454e+00
3.004757e+00
3.008060e+00
3.011363e+00
3.014667e+00
3.017970e+00
3.021273e+00
3.024577e+00
3.027880e+00
3.031183e+00
3.034486e+00
3.037789e+00
3.041092e+00
3.044396e+00
3.047699e+00
3.051003e+00
3.054306e+00
3.057609e+00
3.060912e+00
3.064215e+00
3.067518e+00
3.070822e+00
3.074125e+00
3.077428e+00
3.080732e+00
3.084035e+00
3.087338e+00
3.090641e+00
3.093944e+00
3.097248e+00
3.100551e+00
3.103854e+00
3.107158e+00
3.110461e+00
3.113764e+00
3.117067e+00
3.120370e+00
3.123673e+00
3.126977e+00
3.130280e+00
3.133584e+00
3.136887e+00
3.140190e+00
3.143494e+00
3.146796e+00
3.150099e+00
3.153403e+00
3.156706e+00
3.160009e+00
3.163313e+00
3.166616e+00
3.169919e+00
3.173222e+00
3.176525e+00
3.179829e+00
3.183132e+00
3.186435e+00
3.189739e+00
3.193042e+00
3.196345e+00
3.199648e+00
3.202951e+00
3.206254e+00
3.209558e+00
3.212861e+00
3.216164e+00
3.219468e+00
3.222771e+00
3.226075e+00
3.229377e+00
3.232680e+00
3.235984e+00
3.239287e+00
3.242590e+00
3.245894e+00
3.249197e+00
3.252500e+00
3.255804e+00
3.259106e+00
3.262409e+00
3.265713e+00
3.269016e+00
3.272320e+00
3.275623e+00
3.278926e+00
3.282229e+00
3.285532e+00
3.288835e+00
3.292139e+00
3.295442e+00
3.298745e+00
3.302049e+00
3.305352e+00
3.308655e+00
3.311958e+00
3.315261e+00
3.318565e+00
3.321868e+00
3.325171e+00
3.328475e+00
3.331778e+00
3.335605e+00
3.339431e+00
3.343258e+00
3.347086e+00
3.350913e+00
3.354739e+00
3.358566e+00
3.362393e+00
3.366220e+00
3.370047e+00
3.373874e+00
3.377701e+00
3.381528e+00
3.385355e+00
3.389182e+00
3.393009e+00
3.396836e+00
3.400663e+00
3.404489e+00
3.408316e+00
3.412143e+00
3.415970e+00
3.419798e+00
3.423624e+00
3.427451e+00
3.431278e+00
3.435105e+00
3.438932e+00
3.442759e+00
3.446586e+00
3.450413e+00
3.454239e+00
3.458066e+00
3.461893e+00
3.465721e+00
3.469548e+00
3.473374e+00
3.477201e+00
3.481028e+00
3.484855e+00
3.488682e+00
3.492509e+00
3.496336e+00
3.500163e+00
3.503990e+00
3.507816e+00
3.511643e+00
3.515471e+00
3.519298e+00
3.523124e+00
3.526951e+00
3.530778e+00
3.534605e+00
3.538432e+00
3.542259e+00
3.546086e+00
3.549913e+00
3.553740e+00
3.557567e+00
3.561394e+00
3.565221e+00
3.569048e+00
3.572874e+00
3.576701e+00
3.580528e+00
3.584355e+00
3.588183e+00
3.592009e+00
3.595836e+00
3.599663e+00
3.603490e+00
3.607317e+00
3.611144e+00
3.614971e+00
3.618798e+00
3.622624e+00
3.626451e+00
3.630278e+00
3.634106e+00
3.637933e+00
3.641759e+00
3.645586e+00
3.649413e+00
3.653240e+00
3.657067e+00
3.660894e+00
3.664721e+00
3.668548e+00
3.672375e+00
3.676201e+00
3.680028e+00
3.683856e+00
3.687683e+00
3.691509e+00
3.695336e+00
3.699163e+00
3.702990e+00
3.706817e+00
3.710644e+00
3.714471e+00
3.718298e+00
3.722125e+00
3.725951e+00
3.729779e+00
3.733606e+00
3.737433e+00
3.741259e+00
3.745086e+00
3.748913e+00
3.752740e+00
3.756568e+00
3.760394e+00
3.764221e+00
3.768048e+00
3.771875e+00
3.775702e+00
3.779529e+00
3.783356e+00
3.787183e+00
3.791009e+00
3.794836e+00
3.798663e+00
3.802491e+00
3.806318e+00
3.810144e+00
3.813971e+00
3.817798e+00
3.821625e+00
3.825452e+00
3.829279e+00
3.833106e+00
3.836933e+00
3.840760e+00
3.844586e+00
3.848413e+00
3.852241e+00
3.856068e+00
3.859894e+00
3.863721e+00
3.867548e+00
3.871375e+00
3.875202e+00
3.879029e+00
3.882856e+00
3.886683e+00
3.890510e+00
3.894336e+00
3.898164e+00
3.901991e+00
3.905818e+00
3.909644e+00
3.913471e+00
3.917298e+00
3.921125e+00
3.924953e+00
3.928779e+00
3.932606e+00
3.936433e+00
3.940260e+00
3.944087e+00
3.947914e+00
3.951741e+00
3.955568e+00
3.959394e+00
3.963221e+00
3.967048e+00
3.970876e+00
3.974703e+00
3.978529e+00
3.982356e+00
3.986183e+00
3.990010e+00
3.993837e+00
3.997664e+00
4.001491e+00
4.005318e+00
4.009145e+00
4.012971e+00
4.016798e+00
4.020626e+00
4.024453e+00
4.028279e+00
4.032106e+00
4.035933e+00
4.039760e+00
4.043587e+00
4.047414e+00
4.051241e+00
4.055068e+00
4.058895e+00
4.062721e+00
4.066549e+00
4.070376e+00
4.074203e+00
4.078029e+00
4.081856e+00
4.085683e+00
4.089510e+00
4.093338e+00
4.097164e+00
4.100991e+00
4.104818e+00
4.108645e+00
4.112472e+00
4.116299e+00
4.120126e+00
4.123953e+00
4.127779e+00
4.131606e+00
4.135433e+00
4.139261e+00
4.143088e+00
4.146914e+00
4.150741e+00
4.154568e+00
4.158395e+00
4.162222e+00
4.166049e+00
4.169876e+00
4.173703e+00
4.177530e+00
4.181356e+00
4.185183e+00
4.189011e+00
4.192838e+00
4.196664e+00
4.200491e+00
4.204318e+00
4.208145e+00
4.211972e+00
4.215799e+00
4.219626e+00
4.223453e+00
4.227280e+00
4.231106e+00
4.234934e+00
4.238761e+00
4.242588e+00
4.246414e+00
4.250241e+00
4.254068e+00
4.257895e+00
4.261722e+00
4.265549e+00
4.269376e+00
4.273203e+00
4.277030e+00
4.280857e+00
4.284684e+00
4.288511e+00
4.292338e+00
4.296164e+00
4.299991e+00
4.303818e+00
4.307646e+00
4.311473e+00
4.315299e+00
4.319126e+00
4.322953e+00
4.326780e+00
4.330607e+00
4.334434e+00
4.338261e+00
4.342088e+00
4.345914e+00
4.349741e+00
4.353568e+00
4.357396e+00
4.361223e+00
4.365049e+00
4.368876e+00
4.372703e+00
4.376530e+00
4.380357e+00
4.384184e+00
4.388011e+00
4.391838e+00
4.395665e+00
4.399491e+00
4.403319e+00
4.407146e+00
4.410973e+00
4.414799e+00
4.418626e+00
4.422453e+00
4.426280e+00
4.430107e+00
4.433934e+00
4.437761e+00
4.441588e+00
4.445415e+00
4.449242e+00
4.453069e+00
4.456896e+00
4.460723e+00
4.464549e+00
4.468376e+00
4.472203e+00
4.476031e+00
4.479858e+00
4.483684e+00
4.487511e+00
4.491781e+00
4.496050e+00
4.500319e+00
4.504588e+00
4.508858e+00
4.513127e+00
4.517397e+00
4.521666e+00
4.525935e+00
4.530205e+00
4.534474e+00
4.538744e+00
4.543013e+00
4.547282e+00
4.551552e+00
4.555821e+00
4.560090e+00
4.564360e+00
4.568629e+00
4.572898e+00
4.577168e+00
4.581437e+00
4.585706e+00
4.589976e+00
4.594245e+00
4.598515e+00
4.602784e+00
4.607053e+00
4.611323e+00
4.615592e+00
4.619862e+00
4.624131e+00
4.628400e+00
4.632670e+00
4.636939e+00
4.641209e+00
4.645477e+00
4.649747e+00
4.654016e+00
4.658286e+00
4.662556e+00
4.666824e+00
4.671094e+00
4.675363e+00
4.679633e+00
4.683902e+00
4.688171e+00
4.692441e+00
4.696710e+00
4.700980e+00
4.705249e+00
4.709518e+00
4.713787e+00
4.718057e+00
4.722327e+00
4.726596e+00
4.730865e+00
4.735134e+00
4.739404e+00
4.743673e+00
4.747943e+00
4.752212e+00
4.756481e+00
4.760751e+00
4.765020e+00
4.769289e+00
4.773558e+00
4.777828e+00
4.782098e+00
4.786367e+00
4.790636e+00
4.794905e+00
4.799175e+00
4.803444e+00
4.807714e+00
4.811983e+00
4.816252e+00
4.820522e+00
4.824791e+00
4.829060e+00
4.833330e+00
4.837599e+00
4.841869e+00
4.846138e+00
4.850407e+00
4.854676e+00
4.858946e+00
4.863215e+00
4.867485e+00
4.871754e+00
4.876023e+00
4.880293e+00
4.884562e+00
4.888832e+00
4.893101e+00
4.897370e+00
4.901640e+00
4.905909e+00
4.910179e+00
4.914447e+00
4.918717e+00
4.922987e+00
4.927256e+00
4.931526e+00
4.935794e+00
4.940064e+00
4.944333e+00
4.948603e+00
4.952873e+00
4.957141e+00
4.961411e+00
4.965680e+00
4.969950e+00
4.974219e+00
4.978488e+00
4.982758e+00
4.987027e+00
4.991297e+00
4.995566e+00
4.999835e+00
5.004104e+00
5.008374e+00
5.012644e+00
5.016913e+00
5.021182e+00
5.025451e+00
5.029721e+00
5.033990e+00
5.038260e+00
5.042529e+00
5.046798e+00
5.051068e+00
5.055337e+00
5.059606e+00
5.063875e+00
5.068145e+00
5.072415e+00
5.076684e+00
5.080953e+00
5.085222e+00
5.089492e+00
5.093761e+00
5.098031e+00
5.102300e+00
5.106569e+00
5.110839e+00
5.115108e+00
5.119377e+00
5.123646e+00
5.127916e+00
5.132186e+00
5.136455e+00
5.140724e+00
5.144993e+00
5.149263e+00
5.153532e+00
5.157802e+00
5.162071e+00
5.166340e+00
5.170610e+00
5.174879e+00
5.179149e+00
5.183418e+00
5.187687e+00
5.191957e+00
5.196226e+00
5.200496e+00
5.204764e+00
5.209034e+00
5.213304e+00
5.217573e+00
5.221843e+00
5.226111e+00
5.230381e+00
5.234650e+00
5.238920e+00
5.243189e+00
5.247458e+00
5.251728e+00
5.255997e+00
5.260267e+00
5.264536e+00
5.268805e+00
5.273075e+00
5.277344e+00
5.281614e+00
5.285883e+00
5.290152e+00
5.294421e+00
5.298691e+00
5.302960e+00
5.307230e+00
5.311499e+00
5.315768e+00
5.320038e+00
5.324307e+00
5.328576e+00
5.332846e+00
5.337115e+00
5.341385e+00
5.345654e+00
5.349923e+00
5.354192e+00
5.358462e+00
5.362732e+00
5.367001e+00
5.371270e+00
5.375539e+00
5.379809e+00
5.384078e+00
5.388347e+00
5.392617e+00
5.396886e+00
5.401156e+00
5.405425e+00
5.409694e+00
5.413963e+00
5.418233e+00
5.422503e+00
5.426772e+00
5.431041e+00
5.435310e+00
5.439580e+00
5.443850e+00
5.448119e+00
5.452388e+00
5.456657e+00
5.460927e+00
5.465196e+00
5.469466e+00
5.473735e+00
5.478004e+00
5.482274e+00
5.486543e+00
5.490813e+00
5.495081e+00
5.499351e+00
5.503621e+00
5.507890e+00
5.512159e+00
5.516428e+00
5.520698e+00
5.524967e+00
5.529237e+00
5.533506e+00
5.537775e+00
5.542045e+00
5.546314e+00
5.550584e+00
5.554853e+00
5.559122e+00
5.563392e+00
5.567661e+00
5.571930e+00
5.576200e+00
5.580469e+00
5.584738e+00
5.589008e+00
5.593277e+00
5.597546e+00
5.601816e+00
5.606085e+00
5.610355e+00
5.614624e+00
5.618893e+00
5.623163e+00
5.627432e+00
5.631702e+00
5.635971e+00
5.640240e+00
5.644509e+00
5.648779e+00
5.653049e+00
5.657317e+00
5.661587e+00
5.665856e+00
5.670126e+00
5.674395e+00
5.678664e+00
5.682934e+00
5.687203e+00
5.691473e+00
5.695742e+00
5.700011e+00
5.704281e+00
5.708550e+00
5.712820e+00
5.717089e+00
5.721358e+00
5.725627e+00
5.729897e+00
5.734167e+00
5.738436e+00
5.742705e+00
5.746974e+00
5.751244e+00
5.755513e+00
5.759783e+00
5.764052e+00
5.768321e+00
5.772591e+00
5.776860e+00
5.781129e+00
5.785398e+00
5.789668e+00
5.793938e+00
5.798207e+00
5.802476e+00
5.806745e+00
5.811015e+00
5.815284e+00
5.819554e+00
5.823823e+00
5.828092e+00
5.832362e+00
5.836631e+00
5.840900e+00
5.845170e+00
5.849439e+00
5.853709e+00
5.857978e+00
5.862247e+00
5.866516e+00
5.870786e+00
5.875055e+00
5.879325e+00
5.883594e+00
5.887863e+00
5.892133e+00
5.896402e+00
5.900672e+00
5.904941e+00
5.909210e+00
5.913480e+00
5.917749e+00
5.922019e+00
5.926287e+00
5.930557e+00
5.934826e+00
5.939096e+00
5.943366e+00
5.947634e+00
5.951904e+00
5.956173e+00
5.960443e+00
5.964713e+00
5.968981e+00
5.973251e+00
5.977520e+00
5.981790e+00
5.986059e+00
5.990328e+00
5.994598e+00
5.998867e+00
6.003137e+00
6.007406e+00
6.011675e+00
6.015944e+00
6.020214e+00
6.024484e+00
6.028753e+00
6.033022e+00
6.037291e+00
6.041561e+00
6.045830e+00
6.050099e+00
6.054369e+00
6.058638e+00
6.062908e+00
6.067177e+00
6.071446e+00
6.075715e+00
6.079985e+00
6.084255e+00
6.088524e+00
6.092793e+00
6.097062e+00
6.101332e+00
6.105601e+00
6.109871e+00
6.114140e+00
6.118409e+00
6.122679e+00
6.126948e+00
6.131217e+00
6.135486e+00
6.139756e+00
6.144026e+00
6.148295e+00
6.152564e+00
6.156833e+00
6.161103e+00
6.165372e+00
6.169642e+00
6.173911e+00
6.178180e+00
6.182450e+00
6.186719e+00
6.190989e+00
6.195257e+00
6.199527e+00
6.203797e+00
6.208066e+00
6.212336e+00
6.216604e+00
6.220874e+00
6.225143e+00
6.229413e+00
6.233683e+00
6.237951e+00
6.242221e+00
6.246490e+00
6.250760e+00
6.255029e+00
6.259298e+00
6.263568e+00
6.267837e+00
6.272107e+00
6.276376e+00
6.280645e+00
6.284915e+00
6.289184e+00
6.293454e+00
6.297723e+00
6.301992e+00
6.306261e+00
6.310531e+00
6.314800e+00
6.319070e+00
6.323339e+00
6.327608e+00
6.331878e+00
6.336147e+00
6.340416e+00
6.344686e+00
6.348955e+00
6.353225e+00
6.357494e+00
6.361763e+00
6.366032e+00
6.370302e+00
6.374572e+00
6.378841e+00
6.383110e+00
6.387379e+00
6.391649e+00
6.395918e+00
6.400187e+00
6.404457e+00
6.408726e+00
6.412996e+00
6.417265e+00
6.421534e+00
6.425803e+00
6.430073e+00
6.434343e+00
6.438612e+00
6.442881e+00
6.447150e+00
6.451420e+00
6.455689e+00
6.459959e+00
6.464228e+00
6.468497e+00
6.472767e+00
6.477036e+00
6.481306e+00
6.485574e+00
6.489844e+00
6.494114e+00
6.498383e+00
6.502653e+00
6.506921e+00
6.511191e+00
6.515461e+00
6.519730e+00
6.523999e+00
6.528268e+00
6.532538e+00
6.536807e+00
6.541077e+00
6.545346e+00
6.549615e+00
6.553885e+00
6.558154e+00
6.562424e+00
6.566693e+00
6.570962e+00
6.575232e+00
6.579501e+00
6.583770e+00
6.588040e+00
6.592309e+00
6.596578e+00
6.600848e+00
6.605117e+00
6.609386e+00
6.613656e+00
6.617925e+00
6.622195e+00
6.626464e+00
6.630733e+00
6.635264e+00
6.639793e+00
6.644324e+00
6.648855e+00
6.653384e+00
6.657915e+00
6.662445e+00
6.666975e+00
6.671505e+00
6.676036e+00
6.680566e+00
6.685096e+00
6.689626e+00
6.694156e+00
6.698687e+00
6.703217e+00
6.707747e+00
6.712277e+00
6.716808e+00
6.721337e+00
6.725868e+00
6.730399e+00
6.734928e+00
6.739459e+00
6.743989e+00
6.748519e+00
6.753049e+00
6.757580e+00
6.762110e+00
6.766640e+00
6.771170e+00
6.775700e+00
6.780231e+00
6.784761e+00
6.789291e+00
6.793821e+00
6.798352e+00
6.802882e+00
6.807412e+00
6.811943e+00
6.816472e+00
6.821003e+00
6.825533e+00
6.830063e+00
6.834593e+00
6.839124e+00
6.843654e+00
6.848184e+00
6.852714e+00
6.857244e+00
6.861775e+00
6.866305e+00
6.870835e+00
6.875365e+00
6.879896e+00
6.884426e+00
6.888956e+00
6.893487e+00
6.898016e+00
6.902547e+00
6.907077e+00
6.911607e+00
6.916137e+00
6.920668e+00
6.925198e+00
6.929728e+00
6.934259e+00
6.938788e+00
6.943319e+00
6.947849e+00
6.952379e+00
6.956909e+00
6.961440e+00
6.965970e+00
6.970500e+00
6.975031e+00
6.979560e+00
6.984091e+00
6.988621e+00
6.993151e+00
6.997681e+00
7.002212e+00
7.006742e+00
7.011272e+00
7.015803e+00
7.020332e+00
7.024863e+00
7.029393e+00
7.033923e+00
7.038454e+00
7.042984e+00
7.047514e+00
7.052044e+00
7.056575e+00
7.061104e+00
7.065635e+00
7.070165e+00
7.074695e+00
7.079225e+00
7.083756e+00
7.088286e+00
7.092816e+00
7.097347e+00
7.101876e+00
7.106407e+00
7.110937e+00
7.115467e+00
7.119998e+00
7.124528e+00
7.129058e+00
7.133588e+00
7.138119e+00
7.142648e+00
7.147179e+00
7.151709e+00
7.156239e+00
7.160769e+00
7.165300e+00
7.169830e+00
7.174360e+00
7.178891e+00
7.183420e+00
7.187951e+00
7.192481e+00
7.197011e+00
7.201542e+00
7.206072e+00
7.210602e+00
7.215132e+00
7.219663e+00
7.224192e+00
7.228723e+00
7.233253e+00
7.237783e+00
7.242313e+00
7.246844e+00
7.251374e+00
7.255904e+00
7.260435e+00
7.264964e+00
7.269495e+00
7.274025e+00
7.278555e+00
7.283086e+00
7.287616e+00
7.292146e+00
7.296676e+00
7.301207e+00
7.305736e+00
7.310267e+00
7.314797e+00
7.319327e+00
7.323857e+00
7.328388e+00
7.332918e+00
7.337448e+00
7.341979e+00
7.346508e+00
7.351039e+00
7.355569e+00
7.360099e+00
7.364630e+00
7.369160e+00
7.373690e+00
7.378220e+00
7.382751e+00
7.387280e+00
7.391811e+00
7.396341e+00
7.400871e+00
7.405402e+00
7.409932e+00
7.414462e+00
7.418992e+00
7.423523e+00
7.428052e+00
7.432583e+00
7.437113e+00
7.441643e+00
7.446174e+00
7.450704e+00
7.455234e+00
7.459764e+00
7.464295e+00
7.468824e+00
7.473355e+00
7.477885e+00
7.482415e+00
7.486946e+00
7.491476e+00
7.496006e+00
7.500536e+00
7.505067e+00
7.509597e+00
7.514127e+00
7.518657e+00
7.523187e+00
7.527718e+00
7.532248e+00
7.536778e+00
7.541308e+00
7.545839e+00
7.550368e+00
7.554899e+00
7.559429e+00
7.563959e+00
7.568490e+00
7.573020e+00
7.577550e+00
7.582080e+00
7.586611e+00
7.591141e+00
7.595671e+00
7.600201e+00
7.604731e+00
7.609262e+00
7.613792e+00
7.618322e+00
7.622852e+00
7.627383e+00
7.631912e+00
7.636443e+00
7.640974e+00
7.645503e+00
7.650034e+00
7.654564e+00
7.659094e+00
7.663624e+00
7.668155e+00
7.672685e+00
7.677215e+00
7.681745e+00
7.686275e+00
7.690806e+00
7.695336e+00
7.699866e+00
7.704396e+00
7.708927e+00
7.713456e+00
7.717987e+00
7.722518e+00
7.727047e+00
7.731578e+00
7.736108e+00
7.740638e+00
7.745168e+00
7.749699e+00
7.754229e+00
7.758759e+00
7.763289e+00
7.767819e+00
7.772350e+00
7.776879e+00
7.781410e+00
7.785940e+00
7.790470e+00
7.795000e+00
7.799531e+00
7.804061e+00
7.808591e+00
7.813122e+00
7.817651e+00
7.822182e+00
7.826712e+00
7.831242e+00
7.835773e+00
7.840303e+00
7.844833e+00
7.849363e+00
7.853894e+00
7.858423e+00
7.862954e+00
7.867484e+00
7.872014e+00
7.876545e+00
7.881075e+00
7.885605e+00
7.890135e+00
7.894666e+00
7.899195e+00
7.903726e+00
7.908256e+00
7.912786e+00
7.917317e+00
7.921847e+00
7.926377e+00
7.930907e+00
7.935438e+00
7.939967e+00
7.944498e+00
7.949028e+00
7.953558e+00
7.958089e+00
7.962619e+00
7.967149e+00
7.971679e+00
7.976210e+00
7.980740e+00
7.985270e+00
7.989800e+00
7.994330e+00
7.998861e+00
8.003391e+00
8.007921e+00
8.012451e+00
8.016982e+00
8.021511e+00
8.026042e+00
8.030572e+00
8.035102e+00
8.039633e+00
8.044163e+00
8.048693e+00
8.053223e+00
8.057754e+00
8.062284e+00
8.066814e+00
8.071344e+00
8.075874e+00
8.080405e+00
8.084935e+00
8.089465e+00
8.093995e+00
8.098526e+00
8.103055e+00
8.107586e+00
8.112117e+00
8.116646e+00
8.121177e+00
8.125707e+00
8.130237e+00
8.134767e+00
8.139298e+00
8.143828e+00
8.148358e+00
8.152888e+00
8.157418e+00
8.161949e+00
8.166479e+00
8.171009e+00
8.175539e+00
8.180070e+00
8.184599e+00
8.189130e+00
8.193661e+00
8.198190e+00
8.202721e+00
8.207251e+00
8.211781e+00
8.216311e+00
8.220842e+00
8.225372e+00
8.229902e+00
8.234432e+00
8.238962e+00
8.243493e+00
8.248023e+00
8.252553e+00
8.257083e+00
8.261614e+00
8.266143e+00
8.270674e+00
8.275205e+00
8.279734e+00
8.284265e+00
8.288795e+00
8.293325e+00
8.297855e+00
8.302386e+00
8.306916e+00
8.311446e+00
8.315976e+00
8.320506e+00
8.325037e+00
8.329567e+00
8.334097e+00
8.338627e+00
8.343158e+00
8.347688e+00
8.352218e+00
8.356749e+00
8.361278e+00
8.365809e+00
8.370339e+00
8.374869e+00
8.379399e+00
8.383930e+00
8.388460e+00
8.392990e+00
8.397520e+00
8.402050e+00
8.406581e+00
8.411111e+00
8.415641e+00
8.420171e+00
8.424702e+00
8.429232e+00
8.433762e+00
8.438293e+00
8.442822e+00
8.447353e+00
8.451883e+00
8.456413e+00
8.460943e+00
8.465474e+00
8.470004e+00
8.474534e+00
8.479065e+00
8.483594e+00
8.488125e+00
8.492655e+00
8.497185e+00
8.501715e+00
8.506246e+00
8.510776e+00
8.515306e+00
8.519837e+00
8.524366e+00
8.528897e+00
8.533427e+00
8.537957e+00
8.542487e+00
8.547018e+00
8.551548e+00
8.556078e+00
8.560609e+00
8.565138e+00
8.569669e+00
8.574199e+00
8.578729e+00
8.583260e+00
8.587790e+00
8.592320e+00
8.596850e+00
8.601381e+00
8.605910e+00
8.610441e+00
8.614971e+00
8.619501e+00
8.624031e+00
8.628562e+00
8.633092e+00
8.637622e+00
8.642153e+00
8.646682e+00
8.651213e+00
8.655743e+00
8.660273e+00
8.664804e+00
8.669334e+00
8.673864e+00
8.678394e+00
8.682925e+00
8.687454e+00
8.691985e+00
8.696515e+00
8.701045e+00
8.705575e+00
8.710106e+00
8.714636e+00
8.719166e+00
8.723697e+00
8.728226e+00
8.732757e+00
8.737287e+00
8.741817e+00
8.746348e+00
8.750878e+00
8.755408e+00
8.759938e+00
8.764469e+00
8.768998e+00
8.773529e+00
8.778059e+00
8.782589e+00
8.787119e+00
8.791650e+00
8.796180e+00
8.800710e+00
8.805241e+00
8.809770e+00
8.814301e+00
8.818831e+00
8.823361e+00
8.827892e+00
8.832422e+00
8.836952e+00
8.841482e+00
8.846013e+00
8.850542e+00
8.855073e+00
8.859603e+00
8.864133e+00
8.868663e+00
8.873194e+00
8.877724e+00
8.882254e+00
8.886785e+00
8.891314e+00
8.895845e+00
8.900375e+00
8.904905e+00
8.909436e+00
8.914098e+00
8.918761e+00
8.923424e+00
8.928087e+00
8.932750e+00
8.937413e+00
8.942075e+00
8.946738e+00
8.951401e+00
8.956064e+00
8.960727e+00
8.965389e+00
8.970053e+00
8.974715e+00
8.979378e+00
8.984041e+00
8.988703e+00
8.993367e+00
8.998029e+00
9.002693e+00
9.007355e+00
9.012017e+00
9.016681e+00
9.021343e+00
9.026007e+00
9.030669e+00
9.035332e+00
9.039995e+00
9.044657e+00
9.049321e+00
9.053983e+00
9.058646e+00
9.063309e+00
9.067972e+00
9.072635e+00
9.077297e+00
9.081960e+00
9.086623e+00
9.091286e+00
9.095949e+00
9.100612e+00
9.105274e+00
9.109937e+00
9.114600e+00
9.119263e+00
9.123926e+00
9.128588e+00
9.133252e+00
9.137914e+00
9.142577e+00
9.147240e+00
9.151903e+00
9.156566e+00
9.161228e+00
9.165892e+00
9.170554e+00
9.175217e+00
9.179880e+00
9.184542e+00
9.189206e+00
9.193868e+00
9.198531e+00
9.203194e+00
9.207856e+00
9.212520e+00
9.217182e+00
9.221845e+00
9.226508e+00
9.231171e+00
9.235834e+00
9.240496e+00
9.245159e+00
9.249822e+00
9.254485e+00
9.259148e+00
9.263811e+00
9.268474e+00
9.273136e+00
9.277799e+00
9.282462e+00
9.287125e+00
9.291788e+00
9.296451e+00
9.301113e+00
9.305777e+00
9.310439e+00
9.315102e+00
9.319765e+00
9.324427e+00
9.329091e+00
9.333753e+00
9.338416e+00
9.343079e+00
9.347742e+00
9.352405e+00
9.357067e+00
9.361730e+00
9.366393e+00
9.371056e+00
9.375719e+00
9.380381e+00
9.385045e+00
9.389707e+00
9.394370e+00
9.399033e+00
9.403696e+00
9.408359e+00
9.413021e+00
9.417684e+00
9.422347e+00
9.427010e+00
9.431673e+00
9.436336e+00
9.440998e+00
9.445661e+00
9.450324e+00
9.454987e+00
9.459650e+00
9.464313e+00
9.468976e+00
9.473638e+00
9.478301e+00
9.482964e+00
9.487627e+00
9.492290e+00
9.496952e+00
9.501616e+00
9.506278e+00
9.510941e+00
9.515604e+00
9.520266e+00
9.524930e+00
9.529592e+00
9.534255e+00
9.538918e+00
9.543580e+00
9.548244e+00
9.552906e+00
9.557569e+00
9.562232e+00
9.566895e+00
9.571558e+00
9.576220e+00
9.580884e+00
9.585546e+00
9.590209e+00
9.594872e+00
9.599535e+00
9.604198e+00
9.608860e+00
9.613523e+00
9.618186e+00
9.622849e+00
9.627512e+00
9.632175e+00
9.636837e+00
9.641500e+00
9.646163e+00
9.650826e+00
9.655489e+00
9.660151e+00
9.664815e+00
9.669477e+00
9.674140e+00
9.678803e+00
9.683465e+00
9.688129e+00
9.692791e+00
9.697455e+00
9.702117e+00
9.706779e+00
9.711443e+00
9.716105e+00
9.720769e+00
9.725431e+00
9.730094e+00
9.734757e+00
9.739419e+00
9.744083e+00
9.748745e+00
9.753408e+00
9.758071e+00
9.762734e+00
9.767397e+00
9.772059e+00
9.776722e+00
9.781385e+00
9.786048e+00
9.790711e+00
9.795374e+00
9.800036e+00
9.804699e+00
9.809362e+00
9.814025e+00
9.818688e+00
9.823350e+00
9.828014e+00
9.832676e+00
9.837339e+00
9.842002e+00
9.846664e+00
9.851328e+00
9.855990e+00
9.860654e+00
9.865316e+00
9.869979e+00
9.874642e+00
9.879304e+00
9.883968e+00
9.888630e+00
9.893293e+00
9.897956e+00
9.902622e+00
9.907278e+00
9.911943e+00
9.916607e+00
9.921271e+00
9.925935e+00
9.930599e+00
9.935255e+00
9.939919e+00
9.944583e+00
9.949247e+00
9.953911e+00
9.958575e+00
9.963239e+00
9.967896e+00
9.972560e+00
9.977224e+00
9.981888e+00
9.986552e+00
9.991216e+00
9.995872e+00
1.000054e+01
1.000520e+01
1.000986e+01
1.001453e+01
1.001919e+01
1.002385e+01
1.002851e+01
1.003318e+01
1.003784e+01
1.004250e+01
1.004717e+01
1.005183e+01
1.005649e+01
1.006115e+01
1.006582e+01
1.007048e+01
1.007515e+01
1.007981e+01
1.008447e+01
1.008913e+01
1.009379e+01
1.009846e+01
1.010312e+01
1.010779e+01
1.011244e+01
1.011711e+01
1.012177e+01
1.012643e+01
1.013110e+01
1.013576e+01
1.014043e+01
1.014508e+01
1.014975e+01
1.015441e+01
1.015908e+01
1.016374e+01
1.016840e+01
1.017306e+01
1.017772e+01
1.018239e+01
1.018705e+01
1.019172e+01
1.019638e+01
1.020104e+01
1.020570e+01
1.021036e+01
1.021503e+01
1.021969e+01
1.022436e+01
1.022902e+01
1.023368e+01
1.023834e+01
1.024300e+01
1.024767e+01
1.025233e+01
1.025700e+01
1.026165e+01
1.026632e+01
1.027098e+01
1.027565e+01
1.028031e+01
1.028497e+01
1.028964e+01
1.029429e+01
1.029896e+01
1.030362e+01
1.030829e+01
1.031295e+01
1.031761e+01
1.032227e+01
1.032693e+01
1.033160e+01
1.033626e+01
1.034093e+01
1.034559e+01
1.035025e+01
1.035491e+01
1.035958e+01
1.036424e+01
1.036890e+01
1.037357e+01
1.037823e+01
1.038289e+01
1.038755e+01
1.039222e+01
1.039688e+01
1.040154e+01
1.040621e+01
1.041086e+01
1.041553e+01
1.042019e+01
1.042486e+01
1.042952e+01
1.043418e+01
1.043884e+01
1.044351e+01
1.044817e+01
1.045283e+01
1.045750e+01
1.046216e+01
1.046682e+01
1.047148e+01
1.047615e+01
1.048081e+01
1.048547e+01
1.049014e+01
1.049480e+01
1.049946e+01
1.050412e+01
1.050879e+01
1.051345e+01
1.051811e+01
1.052278e+01
1.052744e+01
1.053210e+01
1.053676e+01
1.054143e+01
1.054609e+01
1.055075e+01
1.055542e+01
1.056008e+01
1.056474e+01
1.056940e+01
1.057407e+01
1.057873e+01
1.058339e+01
1.058805e+01
1.059272e+01
1.059738e+01
1.060204e+01
1.060671e+01
1.061137e+01
1.061604e+01
1.062069e+01
1.062536e+01
1.063002e+01
1.063468e+01
1.063935e+01
1.064401e+01
1.064867e+01
1.065333e+01
1.065800e+01
1.066266e+01
1.066732e+01
1.067199e+01
1.067665e+01
1.068131e+01
1.068597e+01
1.069064e+01
1.069530e+01
1.069996e+01
1.070463e+01
1.070929e+01
1.071395e+01
1.071861e+01
1.072328e+01
1.072794e+01
1.073261e+01
1.073726e+01
1.074193e+01
1.074659e+01
1.075125e+01
1.075592e+01
1.076058e+01
1.076524e+01
1.076990e+01
1.077457e+01
1.077923e+01
1.078389e+01
1.078856e+01
1.079322e+01
1.079788e+01
1.080254e+01
1.080721e+01
1.081187e+01
1.081654e+01
1.082120e+01
1.082586e+01
1.083052e+01
1.083518e+01
1.083985e+01
1.084451e+01
1.084918e+01
1.085384e+01
1.085850e+01
1.086316e+01
1.086782e+01
1.087249e+01
1.087715e+01
1.088182e+01
1.088647e+01
1.089114e+01
1.089580e+01
1.090046e+01
1.090513e+01
1.090979e+01
1.091445e+01
1.091911e+01
1.092378e+01
1.092844e+01
1.093311e+01
1.093777e+01
1.094243e+01
1.094709e+01
1.095175e+01
1.095642e+01
1.096108e+01
1.096575e+01
1.097041e+01
1.097507e+01
1.097973e+01
1.098439e+01
1.098906e+01
1.099372e+01
1.099839e+01
1.100304e+01
1.100771e+01
1.101237e+01
1.101703e+01
1.102170e+01
1.102636e+01
1.103103e+01
1.103568e+01
1.104035e+01
1.104501e+01
1.104968e+01
1.105434e+01
1.105900e+01
1.106366e+01
1.106832e+01
1.107299e+01
1.107765e+01
1.108232e+01
1.108698e+01
1.109164e+01
1.109630e+01
1.110096e+01
1.110563e+01
1.111029e+01
1.111496e+01
1.111962e+01
1.112428e+01
1.112894e+01
1.113361e+01
1.113827e+01
1.114293e+01
1.114760e+01
1.115225e+01
