2.841020e-04
3.926430e-04
5.011841e-04
6.097251e-04
7.182663e-04
8.268071e-04
9.353483e-04
1.043889e-03
1.152430e-03
1.260971e-03
1.369512e-03
1.478054e-03
1.586595e-03
1.695136e-03
1.803676e-03
1.912217e-03
2.020759e-03
2.129300e-03
2.237841e-03
2.346382e-03
2.454923e-03
2.563464e-03
2.672005e-03
2.780546e-03
2.889087e-03
2.997628e-03
3.106169e-03
3.214710e-03
3.323252e-03
3.431792e-03
3.540333e-03
3.604067e-03
3.667800e-03
3.731533e-03
3.795267e-03
3.859000e-03
3.922733e-03
3.986467e-03
4.050200e-03
4.113933e-03
4.177667e-03
4.241400e-03
4.305133e-03
4.368867e-03
4.432600e-03
4.496333e-03
4.560067e-03
4.623800e-03
4.687533e-03
4.751267e-03
4.815000e-03
4.900933e-03
4.986867e-03
5.072800e-03
5.158733e-03
5.244667e-03
5.330600e-03
5.416533e-03
5.502467e-03
5.588400e-03
5.674333e-03
5.760267e-03
5.846200e-03
5.932133e-03
6.018067e-03
6.104000e-03
6.189933e-03
6.275867e-03
6.361800e-03
6.386122e-03
6.533667e-03
6.681211e-03
6.828756e-03
6.976300e-03
7.123844e-03
7.271389e-03
7.418933e-03
7.566478e-03
7.714022e-03
7.861567e-03
8.009111e-03
8.156656e-03
8.304200e-03
8.451744e-03
8.599289e-03
8.746833e-03
8.894378e-03
9.041922e-03
9.189467e-03
9.337011e-03
9.484555e-03
9.632100e-03
9.779645e-03
9.927188e-03
1.007473e-02
1.022228e-02
1.036982e-02
1.051737e-02
1.066491e-02
1.081246e-02
1.096000e-02
1.104080e-02
1.112160e-02
1.120240e-02
1.128320e-02
1.136400e-02
1.144480e-02
1.152560e-02
1.160640e-02
1.168720e-02
1.176800e-02
1.184880e-02
1.192960e-02
1.201040e-02
1.209120e-02
1.217200e-02
1.225280e-02
1.233360e-02
1.241440e-02
1.249520e-02
1.257600e-02
1.265680e-02
1.273760e-02
1.281840e-02
1.289920e-02
1.298000e-02
1.306080e-02
1.314160e-02
1.322240e-02
1.330320e-02
1.338400e-02
1.346480e-02
1.354560e-02
1.362640e-02
1.370720e-02
1.378800e-02
1.386880e-02
1.394960e-02
1.403040e-02
1.411120e-02
1.419200e-02
1.427280e-02
1.435360e-02
1.443440e-02
1.451520e-02
1.459600e-02
1.467680e-02
1.475760e-02
1.483840e-02
1.491920e-02
1.500000e-02
1.508260e-02
1.516520e-02
1.524780e-02
1.533040e-02
1.541300e-02
1.549560e-02
1.557820e-02
1.566080e-02
1.574340e-02
1.582600e-02
1.590860e-02
1.599120e-02
1.607380e-02
1.615640e-02
1.623900e-02
1.632160e-02
1.640420e-02
1.648680e-02
1.656940e-02
1.665200e-02
1.673460e-02
1.681720e-02
1.689980e-02
1.698240e-02
1.706500e-02
1.714760e-02
1.723020e-02
1.731280e-02
1.739540e-02
1.747800e-02
1.756060e-02
1.764320e-02
1.772580e-02
1.780840e-02
1.789100e-02
1.797360e-02
1.805620e-02
1.813880e-02
1.822140e-02
1.830400e-02
1.838660e-02
1.846920e-02
1.855180e-02
1.863440e-02
1.871700e-02
1.879960e-02
1.888220e-02
1.896480e-02
1.904740e-02
1.913000e-02
1.919190e-02
1.925380e-02
1.931570e-02
1.937760e-02
1.943950e-02
1.950140e-02
1.956330e-02
1.962520e-02
1.968710e-02
1.974900e-02
1.981090e-02
1.987280e-02
1.993470e-02
1.999660e-02
2.005850e-02
2.012040e-02
2.018230e-02
2.024420e-02
2.030610e-02
2.036800e-02
2.042990e-02
2.049180e-02
2.055370e-02
2.061560e-02
2.067750e-02
2.073940e-02
2.080130e-02
2.086320e-02
2.092510e-02
2.098700e-02
2.104890e-02
2.111080e-02
2.117270e-02
2.123460e-02
2.129650e-02
2.135840e-02
2.142030e-02
2.148220e-02
2.154410e-02
2.160600e-02
2.166790e-02
2.172980e-02
2.179170e-02
2.185360e-02
2.191550e-02
2.197740e-02
2.203930e-02
2.210120e-02
2.216310e-02
2.222500e-02
2.228690e-02
2.234880e-02
2.241070e-02
2.247260e-02
2.253450e-02
2.259640e-02
2.265830e-02
2.272020e-02
2.278210e-02
2.284400e-02
2.290590e-02
2.296780e-02
2.302970e-02
2.309160e-02
2.315350e-02
2.321540e-02
2.327730e-02
2.333920e-02
2.340110e-02
2.346300e-02
2.352490e-02
2.358680e-02
2.364870e-02
2.371060e-02
2.377250e-02
2.383440e-02
2.389630e-02
2.395820e-02
2.402010e-02
2.408200e-02
2.414390e-02
2.420580e-02
2.426770e-02
2.432960e-02
2.439150e-02
2.445340e-02
2.451530e-02
2.457720e-02
2.463910e-02
2.470100e-02
2.476290e-02
2.482480e-02
2.488670e-02
2.494860e-02
2.501050e-02
2.507240e-02
2.513430e-02
2.519620e-02
2.525810e-02
2.532000e-02
2.544197e-02
2.556393e-02
2.568590e-02
2.580787e-02
2.592983e-02
2.605180e-02
2.617377e-02
2.629573e-02
2.641770e-02
2.653967e-02
2.666163e-02
2.678360e-02
2.690557e-02
2.702753e-02
2.714950e-02
2.727147e-02
2.739343e-02
2.751540e-02
2.763737e-02
2.775933e-02
2.788130e-02
2.800327e-02
2.812523e-02
2.824720e-02
2.836917e-02
2.849113e-02
2.861310e-02
2.873507e-02
2.885703e-02
2.897900e-02
2.910097e-02
2.922293e-02
2.934490e-02
2.946687e-02
2.958883e-02
2.971080e-02
2.983277e-02
2.995473e-02
3.007670e-02
3.019867e-02
3.032063e-02
3.044260e-02
3.056457e-02
3.068653e-02
3.080850e-02
3.093047e-02
3.105243e-02
3.117440e-02
3.129637e-02
3.141833e-02
3.154030e-02
3.166227e-02
3.178423e-02
3.190620e-02
3.202817e-02
3.215013e-02
3.227210e-02
3.239407e-02
3.251603e-02
3.263800e-02
3.275997e-02
3.288193e-02
3.300390e-02
3.312587e-02
3.324783e-02
3.336980e-02
3.349177e-02
3.361373e-02
3.373570e-02
3.385767e-02
3.397963e-02
3.410160e-02
3.422357e-02
3.434553e-02
3.446750e-02
3.458947e-02
3.471143e-02
3.483340e-02
3.495537e-02
3.507733e-02
3.519930e-02
3.532127e-02
3.544323e-02
3.556520e-02
3.568717e-02
3.580913e-02
3.593110e-02
3.605307e-02
3.617503e-02
3.629700e-02
3.641897e-02
3.654093e-02
3.666290e-02
3.678487e-02
3.690683e-02
3.702880e-02
3.715077e-02
3.727273e-02
3.739470e-02
3.751667e-02
3.765542e-02
3.779417e-02
3.793292e-02
3.807167e-02
3.821042e-02
3.834917e-02
3.848792e-02
3.862667e-02
3.876542e-02
3.890417e-02
3.904292e-02
3.918167e-02
3.932042e-02
3.945917e-02
3.959792e-02
3.973667e-02
3.987542e-02
4.001417e-02
4.015292e-02
4.029167e-02
4.043042e-02
4.056917e-02
4.070792e-02
4.084667e-02
4.098542e-02
4.112417e-02
4.126292e-02
4.140167e-02
4.154042e-02
4.167917e-02
4.181792e-02
4.195667e-02
4.209542e-02
4.223417e-02
4.237292e-02
4.251167e-02
4.265042e-02
4.278917e-02
4.292792e-02
4.306667e-02
4.320542e-02
4.334417e-02
4.348292e-02
4.362167e-02
4.376042e-02
4.389917e-02
4.403792e-02
4.417667e-02
4.431542e-02
4.445417e-02
4.459292e-02
4.473167e-02
4.487042e-02
4.500917e-02
4.514792e-02
4.528667e-02
4.542542e-02
4.556417e-02
4.570292e-02
4.584167e-02
4.598042e-02
4.611917e-02
4.625792e-02
4.639667e-02
4.653542e-02
4.667417e-02
4.681292e-02
4.695167e-02
4.709042e-02
4.722917e-02
4.736792e-02
4.750667e-02
4.764542e-02
4.778417e-02
4.792292e-02
4.806167e-02
4.820042e-02
4.833917e-02
4.847792e-02
4.861667e-02
4.875542e-02
4.889417e-02
4.903292e-02
4.917167e-02
4.931042e-02
4.944917e-02
4.958792e-02
4.972667e-02
4.986542e-02
5.000417e-02
5.014292e-02
5.028167e-02
5.042042e-02
5.055917e-02
5.069792e-02
5.083667e-02
5.097542e-02
5.111417e-02
5.125292e-02
5.139167e-02
5.153042e-02
5.166917e-02
5.180792e-02
5.194667e-02
5.208542e-02
5.222417e-02
5.236292e-02
5.250167e-02
5.264042e-02
5.277917e-02
5.291792e-02
5.305667e-02
5.319542e-02
5.333417e-02
5.347292e-02
5.361167e-02
5.375042e-02
5.388917e-02
5.402792e-02
5.416667e-02
5.430542e-02
5.444417e-02
5.458292e-02
5.472167e-02
5.486042e-02
5.499917e-02
5.513792e-02
5.527667e-02
5.541542e-02
5.555417e-02
5.569292e-02
5.583167e-02
5.597042e-02
5.610917e-02
5.624792e-02
5.638667e-02
5.652542e-02
5.666417e-02
5.680292e-02
5.694167e-02
5.708042e-02
5.721917e-02
5.735792e-02
5.749667e-02
5.763542e-02
5.777417e-02
5.791292e-02
5.805167e-02
5.819042e-02
5.832917e-02
5.846792e-02
5.860667e-02
5.874542e-02
5.888417e-02
5.902292e-02
5.916167e-02
5.930042e-02
5.943917e-02
5.957792e-02
5.971667e-02
5.985542e-02
5.999417e-02
6.013292e-02
6.027167e-02
6.041042e-02
6.054917e-02
6.068792e-02
6.082667e-02
6.096542e-02
6.110417e-02
6.124292e-02
6.138167e-02
6.152042e-02
6.165917e-02
6.179792e-02
6.193667e-02
6.207542e-02
6.221417e-02
6.235292e-02
6.249167e-02
6.263042e-02
6.276917e-02
6.290792e-02
6.304667e-02
6.318542e-02
6.332417e-02
6.346292e-02
6.360167e-02
6.374042e-02
6.387917e-02
6.401792e-02
6.415667e-02
6.429542e-02
6.443417e-02
6.457292e-02
6.471167e-02
6.485042e-02
6.498917e-02
6.512792e-02
6.526667e-02
6.533747e-02
6.540827e-02
6.547907e-02
6.554987e-02
6.562067e-02
6.569147e-02
6.576227e-02
6.583307e-02
6.590387e-02
6.597467e-02
6.604547e-02
6.611627e-02
6.618707e-02
6.625787e-02
6.632867e-02
6.639947e-02
6.647027e-02
6.654107e-02
6.661187e-02
6.668267e-02
6.675347e-02
6.682427e-02
6.689507e-02
6.696587e-02
6.703667e-02
6.710747e-02
6.717827e-02
6.724907e-02
6.731987e-02
6.739067e-02
6.746147e-02
6.753227e-02
6.760307e-02
6.767387e-02
6.774467e-02
6.781547e-02
6.788627e-02
6.795707e-02
6.802787e-02
6.809867e-02
6.816947e-02
6.824027e-02
6.831107e-02
6.838187e-02
6.845267e-02
6.852347e-02
6.859427e-02
6.866507e-02
6.873587e-02
6.880667e-02
6.887747e-02
6.894827e-02
6.901907e-02
6.908987e-02
6.916067e-02
6.923147e-02
6.930227e-02
6.937307e-02
6.944387e-02
6.951467e-02
6.958547e-02
6.965627e-02
6.972707e-02
6.979787e-02
6.986867e-02
6.993947e-02
7.001027e-02
7.008107e-02
7.015187e-02
7.022267e-02
7.029347e-02
7.036427e-02
7.043507e-02
7.050587e-02
7.057667e-02
7.064747e-02
7.071827e-02
7.078907e-02
7.085987e-02
7.093067e-02
7.100147e-02
7.107227e-02
7.114307e-02
7.121387e-02
7.128467e-02
7.135547e-02
7.142627e-02
7.149707e-02
7.156787e-02
7.163867e-02
7.170947e-02
7.178027e-02
7.185107e-02
7.192187e-02
7.199267e-02
7.206347e-02
7.213427e-02
7.220507e-02
7.227587e-02
7.234667e-02
7.339402e-02
7.444138e-02
7.548873e-02
7.653609e-02
7.758344e-02
7.863080e-02
7.967815e-02
8.072551e-02
8.177286e-02
8.282022e-02
8.386757e-02
8.491493e-02
8.596228e-02
8.700963e-02
8.805699e-02
8.910434e-02
9.015170e-02
9.119905e-02
9.224641e-02
9.329376e-02
9.434112e-02
9.538847e-02
9.643583e-02
9.748318e-02
9.853054e-02
9.957789e-02
1.006252e-01
1.016726e-01
1.027200e-01
1.037673e-01
1.048147e-01
1.058620e-01
1.069094e-01
1.079567e-01
1.090041e-01
1.100514e-01
1.110988e-01
1.121461e-01
1.131935e-01
1.142409e-01
1.152882e-01
1.163356e-01
1.173829e-01
1.184303e-01
1.194776e-01
1.205250e-01
1.215723e-01
1.226197e-01
1.236670e-01
1.247144e-01
1.257618e-01
1.268091e-01
1.278565e-01
1.289038e-01
1.299512e-01
1.309985e-01
1.320459e-01
1.330932e-01
1.341406e-01
1.351879e-01
1.362353e-01
1.372827e-01
1.383300e-01
1.393774e-01
1.404247e-01
1.414721e-01
1.425194e-01
1.435668e-01
1.446141e-01
1.456615e-01
1.467088e-01
1.477562e-01
1.488036e-01
1.498509e-01
1.508983e-01
1.519456e-01
1.529930e-01
1.540403e-01
1.550877e-01
1.561350e-01
1.571824e-01
1.582297e-01
1.592771e-01
1.603245e-01
1.613718e-01
1.624192e-01
1.634665e-01
1.645139e-01
1.655612e-01
1.666086e-01
1.676559e-01
1.687033e-01
1.697506e-01
1.707980e-01
1.718454e-01
1.728927e-01
1.739401e-01
1.749874e-01
1.760348e-01
1.770821e-01
1.781295e-01
1.791768e-01
1.802242e-01
1.812716e-01
1.823189e-01
1.833663e-01
1.844136e-01
1.854610e-01
1.865083e-01
1.875557e-01
1.886030e-01
1.896504e-01
1.906977e-01
1.917451e-01
1.927925e-01
1.938398e-01
1.948872e-01
1.959345e-01
1.969819e-01
1.980292e-01
1.990766e-01
2.001239e-01
2.011713e-01
2.022186e-01
2.032660e-01
2.043134e-01
2.053607e-01
2.064081e-01
2.074554e-01
2.085028e-01
2.095501e-01
2.105975e-01
2.116448e-01
2.126922e-01
2.137395e-01
2.147869e-01
2.158343e-01
2.168816e-01
2.179290e-01
2.189763e-01
2.200237e-01
2.210710e-01
2.221184e-01
2.231657e-01
2.242131e-01
2.252604e-01
2.263078e-01
2.273552e-01
2.284025e-01
2.294499e-01
2.304972e-01
2.315446e-01
2.325919e-01
2.336393e-01
2.346866e-01
2.357340e-01
2.367813e-01
2.378287e-01
2.388761e-01
2.399234e-01
2.409708e-01
2.420181e-01
2.430655e-01
2.441128e-01
2.451602e-01
2.462075e-01
2.472549e-01
2.483022e-01
2.493496e-01
2.503970e-01
2.514443e-01
2.524917e-01
2.535390e-01
2.545864e-01
2.556337e-01
2.566811e-01
2.577284e-01
2.587758e-01
2.598231e-01
2.608705e-01
2.619179e-01
2.629652e-01
2.640126e-01
2.650599e-01
2.661073e-01
2.671546e-01
2.682020e-01
2.692493e-01
2.702967e-01
2.713440e-01
2.723914e-01
2.734388e-01
2.744861e-01
2.755335e-01
2.765808e-01
2.776282e-01
2.786755e-01
2.797229e-01
2.807702e-01
2.818176e-01
2.828649e-01
2.839123e-01
2.849597e-01
2.860070e-01
2.870544e-01
2.881017e-01
2.891491e-01
2.901964e-01
2.912438e-01
2.922911e-01
2.933385e-01
2.943858e-01
2.954332e-01
2.964806e-01
2.975279e-01
2.985753e-01
2.996226e-01
3.006700e-01
3.017173e-01
3.027647e-01
3.038120e-01
3.048594e-01
3.059068e-01
3.069541e-01
3.080015e-01
3.090488e-01
3.100962e-01
3.111435e-01
3.121909e-01
3.132382e-01
3.142856e-01
3.153329e-01
3.163803e-01
3.174277e-01
3.184750e-01
3.195224e-01
3.205697e-01
3.216171e-01
3.226644e-01
3.237118e-01
3.247591e-01
3.258065e-01
3.268538e-01
3.279012e-01
3.289486e-01
3.299959e-01
3.310433e-01
3.320906e-01
3.331380e-01
3.341853e-01
3.352327e-01
3.362800e-01
3.373274e-01
3.383747e-01
3.394221e-01
3.404695e-01
3.415168e-01
3.425642e-01
3.436115e-01
3.446589e-01
3.457062e-01
3.467536e-01
3.478009e-01
3.488483e-01
3.498956e-01
3.509430e-01
3.519904e-01
3.530377e-01
3.540851e-01
3.551324e-01
3.561798e-01
3.572271e-01
3.582745e-01
3.593218e-01
3.603692e-01
3.614165e-01
3.624639e-01
3.635113e-01
3.645586e-01
3.656060e-01
3.666533e-01
3.677007e-01
3.687480e-01
3.697954e-01
3.708427e-01
3.718901e-01
3.729374e-01
3.739848e-01
3.750322e-01
3.760795e-01
3.771269e-01
3.781742e-01
3.792216e-01
3.802689e-01
3.813163e-01
3.823636e-01
3.834110e-01
3.844583e-01
3.855057e-01
3.865531e-01
3.876004e-01
3.886478e-01
3.896951e-01
3.907425e-01
3.917898e-01
3.928372e-01
3.938845e-01
3.949319e-01
3.959792e-01
3.970266e-01
3.980740e-01
3.991213e-01
4.001687e-01
4.012160e-01
4.022634e-01
4.033107e-01
4.043581e-01
4.054054e-01
4.064528e-01
4.075001e-01
4.085475e-01
4.095949e-01
4.106422e-01
4.116896e-01
4.127369e-01
4.137843e-01
4.148316e-01
4.158790e-01
4.169263e-01
4.179737e-01
4.190210e-01
4.200684e-01
4.211158e-01
4.221631e-01
4.232105e-01
4.242578e-01
4.253052e-01
4.263525e-01
4.273999e-01
4.284472e-01
4.294946e-01
4.305419e-01
4.315893e-01
4.326367e-01
4.336840e-01
4.347314e-01
4.357787e-01
4.368261e-01
4.378734e-01
4.389208e-01
4.399681e-01
4.410155e-01
4.420629e-01
4.431102e-01
4.441576e-01
4.452049e-01
4.462523e-01
4.472996e-01
4.483470e-01
4.493943e-01
4.504417e-01
4.514890e-01
4.525364e-01
4.535838e-01
4.546311e-01
4.556785e-01
4.567258e-01
4.577732e-01
4.588205e-01
4.598679e-01
4.609152e-01
4.619626e-01
4.630099e-01
4.640573e-01
4.651047e-01
4.661520e-01
4.671994e-01
4.682467e-01
4.692941e-01
4.703414e-01
4.713888e-01
4.724361e-01
4.734835e-01
4.745308e-01
4.755782e-01
4.766256e-01
4.776729e-01
4.787203e-01
4.797676e-01
4.808150e-01
4.818623e-01
4.829097e-01
4.839570e-01
4.850044e-01
4.860517e-01
4.870991e-01
4.881465e-01
4.891938e-01
4.902412e-01
4.912885e-01
4.923359e-01
4.933832e-01
4.944306e-01
4.954779e-01
4.965253e-01
4.975726e-01
4.986200e-01
5.012986e-01
5.039772e-01
5.066558e-01
5.093344e-01
5.120130e-01
5.146916e-01
5.173702e-01
5.200488e-01
5.227274e-01
5.254060e-01
5.280846e-01
5.307632e-01
5.334418e-01
5.361204e-01
5.387990e-01
5.414776e-01
5.441562e-01
5.468348e-01
5.495134e-01
5.521920e-01
5.548706e-01
5.575492e-01
5.602278e-01
5.629064e-01
5.655850e-01
5.682636e-01
5.709422e-01
5.736208e-01
5.762994e-01
5.789780e-01
5.816566e-01
5.843352e-01
5.870138e-01
5.896924e-01
5.923710e-01
5.950496e-01
5.977282e-01
6.004068e-01
6.030854e-01
6.057640e-01
6.084426e-01
6.111212e-01
6.137998e-01
6.164784e-01
6.191570e-01
6.218356e-01
6.245142e-01
6.271928e-01
6.298714e-01
6.325500e-01
6.352286e-01
6.379072e-01
6.405858e-01
6.432644e-01
6.459430e-01
6.486216e-01
6.513002e-01
6.539788e-01
6.566574e-01
6.593360e-01
6.620146e-01
6.646932e-01
6.673718e-01
6.700504e-01
6.727290e-01
6.754076e-01
6.780862e-01
6.807648e-01
6.834434e-01
6.861220e-01
6.888006e-01
6.914792e-01
6.941578e-01
6.968364e-01
6.995150e-01
7.021936e-01
7.048722e-01
7.075508e-01
7.102294e-01
7.129080e-01
7.155866e-01
7.182652e-01
7.209438e-01
7.236224e-01
7.263010e-01
7.289796e-01
7.316582e-01
7.343368e-01
7.370154e-01
7.396940e-01
7.423726e-01
7.450512e-01
7.477298e-01
7.504084e-01
7.530870e-01
7.557656e-01
7.584442e-01
7.611228e-01
7.638014e-01
7.664800e-01
7.681533e-01
7.698267e-01
7.715000e-01
7.731733e-01
7.748467e-01
7.765200e-01
7.781933e-01
7.798667e-01
7.815400e-01
7.832133e-01
7.848867e-01
7.865600e-01
7.882333e-01
7.899067e-01
7.915800e-01
7.932533e-01
7.949267e-01
7.966000e-01
7.982733e-01
7.999467e-01
8.016200e-01
8.032933e-01
8.049667e-01
8.066400e-01
8.083133e-01
8.099867e-01
8.116600e-01
8.133333e-01
8.150067e-01
8.166800e-01
8.183533e-01
8.200267e-01
8.217000e-01
8.233733e-01
8.250467e-01
8.267200e-01
8.283933e-01
8.300667e-01
8.317400e-01
8.334133e-01
8.350867e-01
8.367600e-01
8.384333e-01
8.401067e-01
8.417800e-01
8.434533e-01
8.451267e-01
8.468000e-01
8.484733e-01
8.501467e-01
8.518200e-01
8.534933e-01
8.551667e-01
8.568400e-01
8.585133e-01
8.601867e-01
8.618600e-01
8.635333e-01
8.652067e-01
8.668800e-01
8.685533e-01
8.702267e-01
8.719000e-01
8.735733e-01
8.752467e-01
8.769200e-01
8.785933e-01
8.802667e-01
8.819400e-01
8.836133e-01
8.852867e-01
8.869600e-01
8.886333e-01
8.903067e-01
8.919800e-01
8.936533e-01
8.953267e-01
8.970000e-01
8.986733e-01
9.003467e-01
9.020200e-01
9.036933e-01
9.053667e-01
9.070400e-01
9.087133e-01
9.103867e-01
9.120600e-01
9.137333e-01
9.154067e-01
9.170800e-01
9.187533e-01
9.204267e-01
9.221000e-01
9.237733e-01
9.254467e-01
9.271200e-01
9.287933e-01
9.304667e-01
9.321400e-01
9.338133e-01
9.354867e-01
9.371600e-01
9.388333e-01
9.405067e-01
9.421800e-01
9.438533e-01
9.455267e-01
9.472000e-01
9.488733e-01
9.505467e-01
9.522200e-01
9.538933e-01
9.555667e-01
9.572400e-01
9.589133e-01
9.605867e-01
9.622600e-01
9.639333e-01
9.656067e-01
9.672800e-01
9.689533e-01
9.706267e-01
9.723000e-01
9.739733e-01
9.756467e-01
9.773200e-01
9.789933e-01
9.806667e-01
9.823400e-01
9.840133e-01
9.856867e-01
9.873600e-01
9.890333e-01
9.907067e-01
9.923800e-01
9.940533e-01
9.957267e-01
9.974000e-01
9.990733e-01
1.000747e+00
1.002420e+00
1.004093e+00
1.005767e+00
1.007440e+00
1.009113e+00
1.010787e+00
1.012460e+00
1.014133e+00
1.015807e+00
1.017480e+00
1.019153e+00
1.020827e+00
1.022500e+00
1.024173e+00
1.025847e+00
1.027520e+00
1.029193e+00
1.030867e+00
1.032540e+00
1.034213e+00
1.035887e+00
1.037560e+00
1.039233e+00
1.040907e+00
1.042580e+00
1.044253e+00
1.045927e+00
1.047600e+00
1.049273e+00
1.050947e+00
1.052620e+00
1.054293e+00
1.055967e+00
1.057640e+00
1.059313e+00
1.060987e+00
1.062660e+00
1.064333e+00
1.066007e+00
1.067680e+00
1.069353e+00
1.071027e+00
1.072700e+00
1.074373e+00
1.076047e+00
1.077720e+00
1.079393e+00
1.081067e+00
1.082740e+00
1.084413e+00
1.086087e+00
1.087760e+00
1.089433e+00
1.091107e+00
1.092780e+00
1.094453e+00
1.096127e+00
1.097800e+00
1.099473e+00
1.101147e+00
1.102820e+00
1.105252e+00
1.107683e+00
1.110115e+00
1.112547e+00
1.114978e+00
1.117410e+00
1.119842e+00
1.122273e+00
1.124705e+00
1.127137e+00
1.129568e+00
1.132000e+00
1.134432e+00
1.136863e+00
1.139295e+00
1.141726e+00
1.144158e+00
1.146590e+00
1.149021e+00
1.151453e+00
1.153885e+00
1.156316e+00
1.158748e+00
1.161180e+00
1.163611e+00
1.166043e+00
1.168475e+00
1.170906e+00
1.173338e+00
1.175770e+00
1.178201e+00
1.180633e+00
1.183065e+00
1.185496e+00
1.187928e+00
1.190360e+00
1.192791e+00
1.195223e+00
1.197655e+00
1.200086e+00
1.202518e+00
1.204950e+00
1.207381e+00
1.209813e+00
1.212245e+00
1.214676e+00
1.217108e+00
1.219539e+00
1.221971e+00
1.224403e+00
1.226834e+00
1.229266e+00
1.231698e+00
1.234129e+00
1.236561e+00
1.238993e+00
1.241424e+00
1.243856e+00
1.246288e+00
1.248719e+00
1.251151e+00
1.253583e+00
1.256014e+00
1.258446e+00
1.260878e+00
1.263309e+00
1.265741e+00
1.268173e+00
1.270604e+00
1.273036e+00
1.275468e+00
1.277899e+00
1.280331e+00
1.282763e+00
1.285194e+00
1.287626e+00
1.290057e+00
1.292489e+00
1.294921e+00
1.297352e+00
1.299784e+00
1.302216e+00
1.304647e+00
1.307079e+00
1.309511e+00
1.311942e+00
1.314374e+00
1.316806e+00
1.319237e+00
1.321669e+00
1.324101e+00
1.326532e+00
1.328964e+00
1.331396e+00
1.333827e+00
1.336259e+00
1.338691e+00
1.341122e+00
1.343554e+00
1.345986e+00
1.348417e+00
1.350849e+00
1.353281e+00
1.355712e+00
1.358144e+00
1.360575e+00
1.363007e+00
1.365439e+00
1.367870e+00
1.370302e+00
1.372734e+00
1.375165e+00
1.377597e+00
1.380029e+00
1.382460e+00
1.384892e+00
1.387324e+00
1.389755e+00
1.392187e+00
1.394619e+00
1.397050e+00
1.399482e+00
1.401914e+00
1.404345e+00
1.406777e+00
1.409209e+00
1.411640e+00
1.414072e+00
1.416504e+00
1.418935e+00
1.421367e+00
1.423799e+00
1.426230e+00
1.428662e+00
1.431094e+00
1.433525e+00
1.435957e+00
1.438388e+00
1.440820e+00
1.443252e+00
1.445683e+00
1.448115e+00
1.450547e+00
1.452978e+00
1.455410e+00
1.457842e+00
1.460273e+00
1.462705e+00
1.465137e+00
1.467568e+00
1.470000e+00
1.472432e+00
1.474863e+00
1.477295e+00
1.479727e+00
1.482158e+00
1.484590e+00
1.487022e+00
1.489453e+00
1.491885e+00
1.494317e+00
1.496748e+00
1.499180e+00
1.501612e+00
1.504043e+00
1.506475e+00
1.508906e+00
1.511338e+00
1.513770e+00
1.516201e+00
1.518633e+00
1.521065e+00
1.523496e+00
1.525928e+00
1.528360e+00
1.530791e+00
1.533223e+00
1.535655e+00
1.538086e+00
1.540518e+00
1.542950e+00
1.545381e+00
1.547813e+00
1.550245e+00
1.552676e+00
1.555108e+00
1.557540e+00
1.559971e+00
1.562403e+00
1.564835e+00
1.567266e+00
1.569698e+00
1.572130e+00
1.574561e+00
1.576993e+00
1.579425e+00
1.581856e+00
1.584288e+00
1.586719e+00
1.589151e+00
1.591583e+00
1.594014e+00
1.596446e+00
1.598878e+00
1.601309e+00
1.603741e+00
1.606173e+00
1.608604e+00
1.611036e+00
1.613468e+00
1.615899e+00
1.618331e+00
1.620763e+00
1.623194e+00
1.625626e+00
1.628058e+00
1.630489e+00
1.632921e+00
1.635353e+00
1.637784e+00
1.640216e+00
1.642648e+00
1.645079e+00
1.647511e+00
1.649943e+00
1.652374e+00
1.654806e+00
1.657237e+00
1.659669e+00
1.662101e+00
1.664532e+00
1.666964e+00
1.669396e+00
1.671827e+00
1.674259e+00
1.676691e+00
1.679122e+00
1.681554e+00
1.683986e+00
1.686417e+00
1.688849e+00
1.691281e+00
1.693712e+00
1.696144e+00
1.698576e+00
1.701007e+00
1.703439e+00
1.705871e+00
1.708302e+00
1.710734e+00
1.713166e+00
1.715597e+00
1.718029e+00
1.720461e+00
1.722892e+00
1.725324e+00
1.727755e+00
1.730187e+00
1.732619e+00
1.735050e+00
1.737482e+00
1.739914e+00
1.742345e+00
1.744777e+00
1.747209e+00
1.749640e+00
1.752072e+00
1.754504e+00
1.756935e+00
1.759367e+00
1.761799e+00
1.764230e+00
1.766662e+00
1.769094e+00
1.771525e+00
1.773957e+00
1.776389e+00
1.778820e+00
1.781252e+00
1.783684e+00
1.786115e+00
1.788547e+00
1.790979e+00
1.793410e+00
1.795842e+00
1.798274e+00
1.800705e+00
1.803137e+00
1.805568e+00
1.808000e+00
1.810432e+00
1.812863e+00
1.815295e+00
1.817727e+00
1.820158e+00
1.822590e+00
1.825022e+00
1.827453e+00
1.829885e+00
1.832317e+00
1.834748e+00
1.837180e+00
1.840247e+00
1.843315e+00
1.846382e+00
1.849449e+00
1.852517e+00
1.855584e+00
1.858652e+00
1.861719e+00
1.864786e+00
1.867854e+00
1.870921e+00
1.873988e+00
1.877056e+00
1.880123e+00
1.883190e+00
1.886258e+00
1.889325e+00
1.892393e+00
1.895460e+00
1.898527e+00
1.901595e+00
1.904662e+00
1.907729e+00
1.910797e+00
1.913864e+00
1.916931e+00
1.919999e+00
1.923066e+00
1.926134e+00
1.929201e+00
1.932268e+00
1.935336e+00
1.938403e+00
1.941470e+00
1.944538e+00
1.947605e+00
1.950672e+00
1.953740e+00
1.956807e+00
1.959875e+00
1.962942e+00
1.966009e+00
1.969077e+00
1.972144e+00
1.975211e+00
1.978279e+00
1.981346e+00
1.984413e+00
1.987481e+00
1.990548e+00
1.993616e+00
1.996683e+00
1.999750e+00
2.002818e+00
2.005885e+00
2.008952e+00
2.012020e+00
2.015087e+00
2.018154e+00
2.021222e+00
2.024289e+00
2.027357e+00
2.030424e+00
2.033491e+00
2.036559e+00
2.039626e+00
2.042693e+00
2.045761e+00
2.048828e+00
2.051895e+00
2.054963e+00
2.058030e+00
2.061098e+00
2.064165e+00
2.067232e+00
2.070300e+00
2.073367e+00
2.076434e+00
2.079502e+00
2.082569e+00
2.085636e+00
2.088704e+00
2.091771e+00
2.094839e+00
2.097906e+00
2.100973e+00
2.104041e+00
2.107108e+00
2.110175e+00
2.113243e+00
2.116310e+00
2.119377e+00
2.122445e+00
2.125512e+00
2.128580e+00
2.131647e+00
2.134714e+00
2.137782e+00
2.140849e+00
2.143916e+00
2.146984e+00
2.150051e+00
2.153118e+00
2.156186e+00
2.159253e+00
2.162320e+00
2.165388e+00
2.168455e+00
2.171523e+00
2.174590e+00
2.177657e+00
2.180725e+00
2.183792e+00
2.186859e+00
2.189927e+00
2.192994e+00
2.196061e+00
2.199129e+00
2.202196e+00
2.205264e+00
2.208331e+00
2.211398e+00
2.214466e+00
2.217533e+00
2.220600e+00
2.223668e+00
2.226735e+00
2.229802e+00
2.232870e+00
2.235937e+00
2.239005e+00
2.242072e+00
2.245139e+00
2.248207e+00
2.251274e+00
2.254341e+00
2.257409e+00
2.260476e+00
2.263543e+00
2.266611e+00
2.269678e+00
2.272746e+00
2.275813e+00
2.278880e+00
2.281948e+00
2.285015e+00
2.288082e+00
2.291150e+00
2.294217e+00
2.297284e+00
2.300352e+00
2.303419e+00
2.306487e+00
2.309554e+00
2.312621e+00
2.315689e+00
2.318756e+00
2.321823e+00
2.324891e+00
2.327958e+00
2.331025e+00
2.334093e+00
2.337160e+00
2.340228e+00
2.343295e+00
2.346362e+00
2.349430e+00
2.352497e+00
2.355564e+00
2.358632e+00
2.361699e+00
2.364766e+00
2.367834e+00
2.370901e+00
2.373969e+00
2.377036e+00
2.380103e+00
2.383171e+00
2.386238e+00
2.389305e+00
2.392373e+00
2.395440e+00
2.398507e+00
2.401575e+00
2.404642e+00
2.407710e+00
2.410777e+00
2.413844e+00
2.416912e+00
2.419979e+00
2.423046e+00
2.426114e+00
2.429181e+00
2.432248e+00
2.435316e+00
2.438383e+00
2.441451e+00
2.444518e+00
2.447585e+00
2.450653e+00
2.453720e+00
2.456935e+00
2.460151e+00
2.463366e+00
2.466581e+00
2.469797e+00
2.473012e+00
2.476227e+00
2.479443e+00
2.482658e+00
2.485873e+00
2.489089e+00
2.492304e+00
2.495519e+00
2.498735e+00
2.501950e+00
2.505165e+00
2.508380e+00
2.511596e+00
2.514811e+00
2.518026e+00
2.521242e+00
2.524457e+00
2.527672e+00
2.530888e+00
2.534103e+00
2.537318e+00
2.540534e+00
2.543749e+00
2.546964e+00
2.550180e+00
2.553395e+00
2.556610e+00
2.559826e+00
2.563041e+00
2.566256e+00
2.569472e+00
2.572687e+00
2.575902e+00
2.579118e+00
2.582333e+00
2.585548e+00
2.588764e+00
2.591979e+00
2.595194e+00
2.598410e+00
2.601625e+00
2.604840e+00
2.608056e+00
2.611271e+00
2.614486e+00
2.617701e+00
2.620917e+00
2.624132e+00
2.627347e+00
2.630563e+00
2.633778e+00
2.636993e+00
2.640209e+00
2.643424e+00
2.646639e+00
2.649855e+00
2.653070e+00
2.656285e+00
2.659501e+00
2.662716e+00
2.665931e+00
2.669147e+00
2.672362e+00
2.675577e+00
2.678793e+00
2.682008e+00
2.685223e+00
2.688439e+00
2.691654e+00
2.694869e+00
2.698085e+00
2.701300e+00
2.704515e+00
2.707731e+00
2.710946e+00
2.714161e+00
2.717377e+00
2.720592e+00
2.723807e+00
2.727022e+00
2.730238e+00
2.733453e+00
2.736668e+00
2.739884e+00
2.743099e+00
2.746314e+00
2.749530e+00
2.752745e+00
2.755960e+00
2.759176e+00
2.762391e+00
2.765606e+00
2.768822e+00
2.772037e+00
2.775252e+00
2.778468e+00
2.781683e+00
2.784898e+00
2.788114e+00
2.791329e+00
2.794544e+00
2.797760e+00
2.800975e+00
2.804190e+00
2.807406e+00
2.810621e+00
2.813836e+00
2.817052e+00
2.820267e+00
2.823482e+00
2.826698e+00
2.829913e+00
2.833128e+00
2.836343e+00
2.839559e+00
2.842774e+00
2.845989e+00
2.849205e+00
2.852420e+00
2.855635e+00
2.858851e+00
2.862066e+00
2.865281e+00
2.868497e+00
2.871712e+00
2.874927e+00
2.878143e+00
2.881358e+00
2.884573e+00
2.887789e+00
2.891004e+00
2.894219e+00
2.897435e+00
2.900650e+00
2.903865e+00
2.907081e+00
2.910296e+00
2.913511e+00
2.916727e+00
2.919942e+00
2.923157e+00
2.926373e+00
2.929588e+00
2.932803e+00
2.936019e+00
2.939234e+00
2.942449e+00
2.945664e+00
2.948880e+00
2.952095e+00
2.955310e+00
2.958526e+00
2.961741e+00
2.964956e+00
2.968172e+00
2.971387e+00
2.974602e+00
2.977818e+00
2.981033e+00
2.984248e+00
2.987464e+00
2.990679e+00
2.993894e+00
2.997110e+00
3.000325e+00
3.003540e+00
3.006756e+00
3.009971e+00
3.013186e+00
3.016402e+00
3.019617e+00
3.022832e+00
3.026048e+00
3.029263e+00
3.032478e+00
3.035694e+00
3.038909e+00
3.042124e+00
3.045340e+00
3.048555e+00
3.051770e+00
3.054985e+00
3.058201e+00
3.061416e+00
3.064631e+00
3.067847e+00
3.071062e+00
3.074277e+00
3.077493e+00
3.080708e+00
3.083923e+00
3.087139e+00
3.090354e+00
3.093569e+00
3.096785e+00
3.100000e+00
3.103655e+00
3.107309e+00
3.110964e+00
3.114619e+00
3.118273e+00
3.121928e+00
3.125582e+00
3.129237e+00
3.132892e+00
3.136546e+00
3.140201e+00
3.143856e+00
3.147510e+00
3.151165e+00
3.154820e+00
3.158474e+00
3.162129e+00
3.165783e+00
3.169438e+00
3.173093e+00
3.176747e+00
3.180402e+00
3.184057e+00
3.187711e+00
3.191366e+00
3.195021e+00
3.198675e+00
3.202330e+00
3.205984e+00
3.209639e+00
3.213294e+00
3.216948e+00
3.220603e+00
3.224258e+00
3.227912e+00
3.231567e+00
3.235222e+00
3.238876e+00
3.242531e+00
3.246185e+00
3.249840e+00
3.253495e+00
3.257149e+00
3.260804e+00
3.264459e+00
3.268113e+00
3.271768e+00
3.275423e+00
3.279077e+00
3.282732e+00
3.286386e+00
3.290041e+00
3.293696e+00
3.297350e+00
3.301005e+00
3.304660e+00
3.308314e+00
3.311969e+00
3.315624e+00
3.319278e+00
3.322933e+00
3.326587e+00
3.330242e+00
3.333897e+00
3.337551e+00
3.341206e+00
3.344861e+00
3.348515e+00
3.352170e+00
3.355825e+00
3.359479e+00
3.363134e+00
3.366788e+00
3.370443e+00
3.374098e+00
3.377752e+00
3.381407e+00
3.385062e+00
3.388716e+00
3.392371e+00
3.396025e+00
3.399680e+00
3.403335e+00
3.406989e+00
3.410644e+00
3.414299e+00
3.417953e+00
3.421608e+00
3.425263e+00
3.428917e+00
3.432572e+00
3.436226e+00
3.439881e+00
3.443536e+00
3.447190e+00
3.450845e+00
3.454500e+00
3.458154e+00
3.461809e+00
3.465464e+00
3.469118e+00
3.472773e+00
3.476427e+00
3.480082e+00
3.483737e+00
3.487391e+00
3.491046e+00
3.494701e+00
3.498355e+00
3.502010e+00
3.505665e+00
3.509319e+00
3.512974e+00
3.516628e+00
3.520283e+00
3.523938e+00
3.527592e+00
3.531247e+00
3.534902e+00
3.538556e+00
3.542211e+00
3.545866e+00
3.549520e+00
3.553175e+00
3.556829e+00
3.560484e+00
3.564139e+00
3.567793e+00
3.571448e+00
3.575103e+00
3.578757e+00
3.582412e+00
3.586067e+00
3.589721e+00
3.593376e+00
3.597030e+00
3.600685e+00
3.604340e+00
3.607994e+00
3.611649e+00
3.615304e+00
3.618958e+00
3.622613e+00
3.626268e+00
3.629922e+00
3.633577e+00
3.637231e+00
3.640886e+00
3.644541e+00
3.648195e+00
3.651850e+00
3.655505e+00
3.659159e+00
3.662814e+00
3.666469e+00
3.670123e+00
3.673778e+00
3.677432e+00
3.681087e+00
3.684742e+00
3.688396e+00
3.692051e+00
3.695706e+00
3.699360e+00
3.703015e+00
3.706670e+00
3.710324e+00
3.713979e+00
3.717633e+00
3.721288e+00
3.724943e+00
3.728597e+00
3.732252e+00
3.735907e+00
3.739561e+00
3.743216e+00
3.746871e+00
3.750525e+00
3.754180e+00
3.757834e+00
3.761489e+00
3.765144e+00
3.768798e+00
3.772453e+00
3.776108e+00
3.779762e+00
3.783417e+00
3.787072e+00
3.790726e+00
3.794381e+00
3.798035e+00
3.801690e+00
3.805345e+00
3.808999e+00
3.812654e+00
3.816309e+00
3.819963e+00
3.823618e+00
3.827273e+00
3.830927e+00
3.834582e+00
3.838236e+00
3.841891e+00
3.845546e+00
3.849200e+00
3.852855e+00
3.856510e+00
3.860164e+00
3.863819e+00
3.867474e+00
3.871128e+00
3.874783e+00
3.878437e+00
3.882092e+00
3.885747e+00
3.889401e+00
3.893056e+00
3.896711e+00
3.900365e+00
3.904020e+00
3.907675e+00
3.911329e+00
3.914984e+00
3.918638e+00
3.922293e+00
3.925948e+00
3.929602e+00
3.933257e+00
3.936912e+00
3.940566e+00
3.944221e+00
3.947875e+00
3.951530e+00
3.955185e+00
3.958839e+00
3.962494e+00
3.966149e+00
3.969803e+00
3.973458e+00
3.977113e+00
3.980767e+00
3.984422e+00
3.988076e+00
3.991731e+00
3.995386e+00
3.999040e+00
4.002695e+00
4.006350e+00
4.010004e+00
4.013659e+00
4.017314e+00
4.020968e+00
4.024623e+00
4.028277e+00
4.031932e+00
4.035587e+00
4.039241e+00
4.042896e+00
4.046551e+00
4.050205e+00
4.053860e+00
4.057515e+00
4.061169e+00
4.064824e+00
4.068478e+00
4.072133e+00
4.075788e+00
4.079442e+00
4.083097e+00
4.086752e+00
4.090406e+00
4.094061e+00
4.097716e+00
4.101370e+00
4.105025e+00
4.108679e+00
4.112334e+00
4.115989e+00
4.119643e+00
4.123298e+00
4.126953e+00
4.130607e+00
4.134262e+00
4.137917e+00
4.141571e+00
4.145226e+00
4.148880e+00
4.152535e+00
4.156190e+00
4.159844e+00
4.163499e+00
4.167154e+00
4.170808e+00
4.174463e+00
4.178118e+00
4.181772e+00
4.185427e+00
4.189081e+00
4.192736e+00
4.196391e+00
4.200045e+00
4.203700e+00
4.207664e+00
4.211628e+00
4.215592e+00
4.219557e+00
4.223521e+00
4.227485e+00
4.231449e+00
4.235413e+00
4.239377e+00
4.243341e+00
4.247306e+00
4.251270e+00
4.255234e+00
4.259198e+00
4.263162e+00
4.267126e+00
4.271090e+00
4.275055e+00
4.279019e+00
4.282983e+00
4.286947e+00
4.290911e+00
4.294875e+00
4.298839e+00
4.302804e+00
4.306768e+00
4.310732e+00
4.314696e+00
4.318660e+00
4.322624e+00
4.326588e+00
4.330553e+00
4.334517e+00
4.338481e+00
4.342445e+00
4.346409e+00
4.350373e+00
4.354337e+00
4.358302e+00
4.362266e+00
4.366230e+00
4.370194e+00
4.374158e+00
4.378122e+00
4.382086e+00
4.386051e+00
4.390015e+00
4.393979e+00
4.397943e+00
4.401907e+00
4.405871e+00
4.409835e+00
4.413800e+00
4.417764e+00
4.421728e+00
4.425692e+00
4.429656e+00
4.433620e+00
4.437584e+00
4.441549e+00
4.445513e+00
4.449477e+00
4.453441e+00
4.457405e+00
4.461369e+00
4.465333e+00
4.469298e+00
4.473262e+00
4.477226e+00
4.481190e+00
4.485154e+00
4.489118e+00
4.493082e+00
4.497047e+00
4.501011e+00
4.504975e+00
4.508939e+00
4.512903e+00
4.516867e+00
4.520831e+00
4.524796e+00
4.528760e+00
4.532724e+00
4.536688e+00
4.540652e+00
4.544616e+00
4.548580e+00
4.552545e+00
4.556509e+00
4.560473e+00
4.564437e+00
4.568401e+00
4.572365e+00
4.576329e+00
4.580294e+00
4.584258e+00
4.588222e+00
4.592186e+00
4.596150e+00
4.600114e+00
4.604078e+00
4.608043e+00
4.612007e+00
4.615971e+00
4.619935e+00
4.623899e+00
4.627863e+00
4.631827e+00
4.635792e+00
4.639756e+00
4.643720e+00
4.647684e+00
4.651648e+00
4.655612e+00
4.659576e+00
4.663541e+00
4.667505e+00
4.671469e+00
4.675433e+00
4.679397e+00
4.683361e+00
4.687325e+00
4.691290e+00
4.695254e+00
4.699218e+00
4.703182e+00
4.707146e+00
4.711110e+00
4.715075e+00
4.719039e+00
4.723003e+00
4.726967e+00
4.730931e+00
4.734895e+00
4.738859e+00
4.742824e+00
4.746788e+00
4.750752e+00
4.754716e+00
4.758680e+00
4.762644e+00
4.766608e+00
4.770573e+00
4.774537e+00
4.778501e+00
4.782465e+00
4.786429e+00
4.790393e+00
4.794357e+00
4.798322e+00
4.802286e+00
4.806250e+00
4.810214e+00
4.814178e+00
4.818142e+00
4.822106e+00
4.826071e+00
4.830035e+00
4.833999e+00
4.837963e+00
4.841927e+00
4.845891e+00
4.849855e+00
4.853820e+00
4.857784e+00
4.861748e+00
4.865712e+00
4.869676e+00
4.873640e+00
4.877604e+00
4.881569e+00
4.885533e+00
4.889497e+00
4.893461e+00
4.897425e+00
4.901389e+00
4.905353e+00
4.909318e+00
4.913282e+00
4.917246e+00
4.921210e+00
4.925174e+00
4.929138e+00
4.933102e+00
4.937067e+00
4.941031e+00
4.944995e+00
4.948959e+00
4.952923e+00
4.956887e+00
4.960851e+00
4.964816e+00
4.968780e+00
4.972744e+00
4.976708e+00
4.980672e+00
4.984636e+00
4.988600e+00
4.992565e+00
4.996529e+00
5.000493e+00
5.004457e+00
5.008421e+00
5.012385e+00
5.016349e+00
5.020314e+00
5.024278e+00
5.028242e+00
5.032206e+00
5.036170e+00
5.040134e+00
5.044098e+00
5.048063e+00
5.052027e+00
5.055991e+00
5.059955e+00
5.063919e+00
5.067883e+00
5.071847e+00
5.075812e+00
5.079776e+00
5.083740e+00
5.087704e+00
5.091668e+00
5.095632e+00
5.099596e+00
5.103561e+00
5.107525e+00
5.111489e+00
5.115453e+00
5.119417e+00
5.123381e+00
5.127345e+00
5.131310e+00
5.135274e+00
5.139238e+00
5.143202e+00
5.147166e+00
5.151130e+00
5.155094e+00
5.159059e+00
5.163023e+00
5.166987e+00
5.170951e+00
5.174915e+00
5.178879e+00
5.182843e+00
5.186808e+00
5.190772e+00
5.194736e+00
5.198700e+00
5.202664e+00
5.206628e+00
5.210592e+00
5.214557e+00
5.218521e+00
5.222485e+00
5.226449e+00
5.230413e+00
5.234377e+00
5.238341e+00
5.242306e+00
5.246270e+00
5.250234e+00
5.254198e+00
5.258162e+00
5.262126e+00
5.266090e+00
5.270055e+00
5.274019e+00
5.277983e+00
5.281947e+00
5.285911e+00
5.289875e+00
5.293839e+00
5.297804e+00
5.301768e+00
5.305732e+00
5.309696e+00
5.313660e+00
5.317624e+00
5.321588e+00
5.325553e+00
5.329517e+00
5.333481e+00
5.337445e+00
5.341409e+00
5.345373e+00
5.349337e+00
5.353302e+00
5.357266e+00
5.361230e+00
5.365194e+00
5.369158e+00
5.373122e+00
5.377086e+00
5.381051e+00
5.385015e+00
5.388979e+00
5.392943e+00
5.396907e+00
5.400871e+00
5.404835e+00
5.408800e+00
5.412764e+00
5.416728e+00
5.420692e+00
5.424656e+00
5.428620e+00
5.432584e+00
5.436549e+00
5.440513e+00
5.444477e+00
5.448441e+00
5.452405e+00
5.456369e+00
5.460333e+00
5.464298e+00
5.468262e+00
5.472226e+00
5.476190e+00
5.480154e+00
5.484118e+00
5.488082e+00
5.492047e+00
5.496011e+00
5.499975e+00
5.503939e+00
5.507903e+00
5.511867e+00
5.515831e+00
5.519796e+00
5.523760e+00
5.527724e+00
5.531688e+00
5.535652e+00
5.539616e+00
5.543580e+00
5.547545e+00
5.551509e+00
5.555473e+00
5.559437e+00
5.563401e+00
5.567365e+00
5.571329e+00
5.575294e+00
5.579258e+00
5.583222e+00
5.587186e+00
5.591150e+00
5.595114e+00
5.599078e+00
5.603043e+00
5.607007e+00
5.610971e+00
5.614935e+00
5.618899e+00
5.622863e+00
5.626827e+00
5.630792e+00
5.634756e+00
5.638720e+00
5.642684e+00
5.646648e+00
5.650612e+00
5.654576e+00
5.658541e+00
5.662505e+00
5.666469e+00
5.670433e+00
5.674397e+00
5.678361e+00
5.682325e+00
5.686290e+00
5.690254e+00
5.694218e+00
5.698182e+00
5.702146e+00
5.706110e+00
5.710075e+00
5.714039e+00
5.718003e+00
5.721967e+00
5.725931e+00
5.729895e+00
5.733859e+00
5.737824e+00
5.741788e+00
5.745752e+00
5.749716e+00
5.753680e+00
5.757644e+00
5.761608e+00
5.765573e+00
5.769537e+00
5.773501e+00
5.777465e+00
5.781429e+00
5.785393e+00
5.789357e+00
5.793322e+00
5.797286e+00
5.801250e+00
5.805214e+00
5.809178e+00
5.813142e+00
5.817106e+00
5.821071e+00
5.825035e+00
5.828999e+00
5.832963e+00
5.836927e+00
5.840891e+00
5.844855e+00
5.848820e+00
5.852784e+00
5.856748e+00
5.860712e+00
5.864676e+00
5.868640e+00
5.872604e+00
5.876569e+00
5.880533e+00
5.884497e+00
5.888461e+00
5.892425e+00
5.896389e+00
5.900353e+00
5.904318e+00
5.908282e+00
5.912246e+00
5.916210e+00
5.920174e+00
5.924138e+00
5.928102e+00
5.932067e+00
5.936031e+00
5.939995e+00
5.943959e+00
5.947923e+00
5.951887e+00
5.955851e+00
5.959816e+00
5.963780e+00
5.967744e+00
5.971708e+00
5.975672e+00
5.979636e+00
5.983600e+00
5.987565e+00
5.991529e+00
5.995493e+00
5.999457e+00
6.003421e+00
6.007385e+00
6.011349e+00
6.015314e+00
6.019278e+00
6.023242e+00
6.027206e+00
6.031170e+00
6.035134e+00
6.039098e+00
6.043063e+00
6.047027e+00
6.050991e+00
6.054955e+00
6.058919e+00
6.062883e+00
6.066847e+00
6.070812e+00
6.074776e+00
6.078740e+00
6.082704e+00
6.086668e+00
6.090632e+00
6.094596e+00
6.098561e+00
6.102525e+00
6.106489e+00
6.110453e+00
6.114417e+00
6.118381e+00
6.122345e+00
6.126310e+00
6.130274e+00
6.134238e+00
6.138202e+00
6.142166e+00
6.146130e+00
6.150094e+00
6.154059e+00
6.158023e+00
6.161987e+00
6.165951e+00
6.169915e+00
6.173879e+00
6.177843e+00
6.181808e+00
6.185772e+00
6.189736e+00
6.193700e+00
6.198491e+00
6.203282e+00
6.208074e+00
6.212865e+00
6.217656e+00
6.222447e+00
6.227238e+00
6.232029e+00
6.236821e+00
6.241612e+00
6.246403e+00
6.251194e+00
6.255985e+00
6.260776e+00
6.265568e+00
6.270359e+00
6.275150e+00
6.279941e+00
6.284732e+00
6.289523e+00
6.294315e+00
6.299106e+00
6.303897e+00
6.308688e+00
6.313479e+00
6.318270e+00
6.323062e+00
6.327853e+00
6.332644e+00
6.337435e+00
6.342226e+00
6.347018e+00
6.351809e+00
6.356600e+00
6.361391e+00
6.366182e+00
6.370973e+00
6.375765e+00
6.380556e+00
6.385347e+00
6.390138e+00
6.394929e+00
6.399720e+00
6.404512e+00
6.409303e+00
6.414094e+00
6.418885e+00
6.423676e+00
6.428467e+00
6.433259e+00
6.438050e+00
6.442841e+00
6.447632e+00
6.452423e+00
6.457215e+00
6.462006e+00
6.466797e+00
6.471588e+00
6.476379e+00
6.481170e+00
6.485962e+00
6.490753e+00
6.495544e+00
6.500335e+00
6.505126e+00
6.509917e+00
6.514709e+00
6.519500e+00
6.524291e+00
6.529082e+00
6.533873e+00
6.538664e+00
6.543456e+00
6.548247e+00
6.553038e+00
6.557829e+00
6.562620e+00
6.567411e+00
6.572203e+00
6.576994e+00
6.581785e+00
6.586576e+00
6.591367e+00
6.596159e+00
6.600950e+00
6.605741e+00
6.610532e+00
6.615323e+00
6.620114e+00
6.624906e+00
6.629697e+00
6.634488e+00
6.639279e+00
6.644070e+00
6.648861e+00
6.653653e+00
6.658444e+00
6.663235e+00
6.668026e+00
6.672817e+00
6.677608e+00
6.682400e+00
6.687191e+00
6.691982e+00
6.696773e+00
6.701564e+00
6.706356e+00
6.711147e+00
6.715938e+00
6.720729e+00
6.725520e+00
6.730311e+00
6.735103e+00
6.739894e+00
6.744685e+00
6.749476e+00
6.754267e+00
6.759058e+00
6.763850e+00
6.768641e+00
6.773432e+00
6.778223e+00
6.783014e+00
6.787805e+00
6.792597e+00
6.797388e+00
6.802179e+00
6.806970e+00
6.811761e+00
6.816552e+00
6.821344e+00
6.826135e+00
6.830926e+00
6.835717e+00
6.840508e+00
6.845300e+00
6.850091e+00
6.854882e+00
6.859673e+00
6.864464e+00
6.869255e+00
6.874047e+00
6.878838e+00
6.883629e+00
6.888420e+00
6.893211e+00
6.898002e+00
6.902794e+00
6.907585e+00
6.912376e+00
6.917167e+00
6.921958e+00
6.926749e+00
6.931541e+00
6.936332e+00
6.941123e+00
6.945914e+00
6.950705e+00
6.955497e+00
6.960288e+00
6.965079e+00
6.969870e+00
6.974661e+00
6.979452e+00
6.984244e+00
6.989035e+00
6.993826e+00
6.998617e+00
7.003408e+00
7.008199e+00
7.012991e+00
7.017782e+00
7.022573e+00
7.027364e+00
7.032155e+00
7.036946e+00
7.041738e+00
7.046529e+00
7.051320e+00
7.056111e+00
7.060902e+00
7.065693e+00
7.070485e+00
7.075276e+00
7.080067e+00
7.084858e+00
7.089649e+00
7.094441e+00
7.099232e+00
7.104023e+00
7.108814e+00
7.113605e+00
7.118396e+00
7.123188e+00
7.127979e+00
7.132770e+00
7.137561e+00
7.142352e+00
7.147143e+00
7.151935e+00
7.156726e+00
7.161517e+00
7.166308e+00
7.171099e+00
7.175890e+00
7.180682e+00
7.185473e+00
7.190264e+00
7.195055e+00
7.199846e+00
7.204637e+00
7.209429e+00
7.214220e+00
7.219011e+00
7.223802e+00
7.228593e+00
7.233385e+00
7.238176e+00
7.242967e+00
7.247758e+00
7.252549e+00
7.257340e+00
7.262132e+00
7.266923e+00
7.271714e+00
7.276505e+00
7.281296e+00
7.286087e+00
7.290879e+00
7.295670e+00
7.300461e+00
7.305252e+00
7.310043e+00
7.314834e+00
7.319626e+00
7.324417e+00
7.329208e+00
7.333999e+00
7.338790e+00
7.343582e+00
7.348373e+00
7.353164e+00
7.357955e+00
7.362746e+00
7.367537e+00
7.372329e+00
7.377120e+00
7.381911e+00
7.386702e+00
7.391493e+00
7.396284e+00
7.401076e+00
7.405867e+00
7.410658e+00
7.415449e+00
7.420240e+00
7.425031e+00
7.429823e+00
7.434614e+00
7.439405e+00
7.444196e+00
7.448987e+00
7.453778e+00
7.458570e+00
7.463361e+00
7.468152e+00
7.472943e+00
7.477734e+00
7.482526e+00
7.487317e+00
7.492108e+00
7.496899e+00
7.501690e+00
7.506481e+00
7.511273e+00
7.516064e+00
7.520855e+00
7.525646e+00
7.530437e+00
7.535228e+00
7.540020e+00
7.544811e+00
7.549602e+00
7.554393e+00
7.559184e+00
7.563975e+00
7.568767e+00
7.573558e+00
7.578349e+00
7.583140e+00
7.587931e+00
7.592723e+00
7.597514e+00
7.602305e+00
7.607096e+00
7.611887e+00
7.616678e+00
7.621470e+00
7.626261e+00
7.631052e+00
7.635843e+00
7.640634e+00
7.645425e+00
7.650217e+00
7.655008e+00
7.659799e+00
7.664590e+00
7.669381e+00
7.674172e+00
7.678964e+00
7.683755e+00
7.688546e+00
7.693337e+00
7.698128e+00
7.702919e+00
7.707711e+00
7.712502e+00
7.717293e+00
7.722084e+00
7.726875e+00
7.731667e+00
7.736458e+00
7.741249e+00
7.746040e+00
7.750831e+00
7.755622e+00
7.760414e+00
7.765205e+00
7.769996e+00
7.774787e+00
7.779578e+00
7.784369e+00
7.789161e+00
7.793952e+00
7.798743e+00
7.803534e+00
7.808325e+00
7.813116e+00
7.817908e+00
7.822699e+00
7.827490e+00
7.832281e+00
7.837072e+00
7.841863e+00
7.846655e+00
7.851446e+00
7.856237e+00
7.861028e+00
7.865819e+00
7.870611e+00
7.875402e+00
7.880193e+00
7.884984e+00
7.889775e+00
7.894566e+00
7.899358e+00
7.904149e+00
7.908940e+00
7.913731e+00
7.918522e+00
7.923313e+00
7.928105e+00
7.932896e+00
7.937687e+00
7.942478e+00
7.947269e+00
7.952060e+00
7.956852e+00
7.961643e+00
7.966434e+00
7.971225e+00
7.976016e+00
7.980808e+00
7.985599e+00
7.990390e+00
7.995181e+00
7.999972e+00
8.004763e+00
8.009555e+00
8.014346e+00
8.019137e+00
8.023928e+00
8.028719e+00
8.033510e+00
8.038302e+00
8.043093e+00
8.047884e+00
8.052675e+00
8.057466e+00
8.062257e+00
8.067049e+00
8.071840e+00
8.076631e+00
8.081422e+00
8.086213e+00
8.091004e+00
8.095796e+00
8.100587e+00
8.105378e+00
8.110169e+00
8.114960e+00
8.119752e+00
8.124543e+00
8.129334e+00
8.134125e+00
8.138916e+00
8.143707e+00
8.148499e+00
8.153290e+00
8.158081e+00
8.162872e+00
8.167663e+00
8.172454e+00
8.177246e+00
8.182037e+00
8.186828e+00
8.191619e+00
8.196410e+00
8.201201e+00
8.205993e+00
8.210784e+00
8.215575e+00
8.220366e+00
8.225157e+00
8.229949e+00
8.234740e+00
8.239531e+00
8.244322e+00
8.249113e+00
8.253904e+00
8.258696e+00
8.263487e+00
8.268278e+00
8.273069e+00
8.277860e+00
8.282651e+00
8.287443e+00
8.292234e+00
8.297025e+00
8.301816e+00
8.306607e+00
8.311398e+00
8.316190e+00
8.320981e+00
8.325772e+00
8.330563e+00
8.335354e+00
8.340145e+00
8.344937e+00
8.349728e+00
8.354519e+00
8.359310e+00
8.364101e+00
8.368893e+00
8.373684e+00
8.378475e+00
8.383266e+00
8.388057e+00
8.392848e+00
8.397640e+00
8.402431e+00
8.407222e+00
8.412013e+00
8.416804e+00
8.421595e+00
8.426387e+00
8.431178e+00
8.435969e+00
8.440760e+00
8.445551e+00
8.450342e+00
8.455134e+00
8.459925e+00
8.464716e+00
8.469507e+00
8.474298e+00
8.479090e+00
8.483881e+00
8.488672e+00
8.493463e+00
8.498254e+00
8.503045e+00
8.507837e+00
8.512628e+00
8.517419e+00
8.522210e+00
8.527001e+00
8.531792e+00
8.536584e+00
8.541375e+00
8.546166e+00
8.550957e+00
8.555748e+00
8.560539e+00
8.565331e+00
8.570122e+00
8.574913e+00
8.579704e+00
8.584495e+00
8.589286e+00
8.594078e+00
8.598869e+00
8.603660e+00
8.608093e+00
8.612526e+00
8.616960e+00
8.621393e+00
8.625826e+00
8.630259e+00
8.634693e+00
8.639126e+00
8.643559e+00
8.647992e+00
8.652426e+00
8.656859e+00
8.661292e+00
8.665725e+00
8.670159e+00
8.674592e+00
8.679025e+00
8.683458e+00
8.687892e+00
8.692325e+00
8.696758e+00
8.701191e+00
8.705625e+00
8.710058e+00
8.714491e+00
8.718924e+00
8.723357e+00
8.727791e+00
8.732224e+00
8.736657e+00
8.741090e+00
8.745524e+00
8.749957e+00
8.754390e+00
8.758823e+00
8.763257e+00
8.767690e+00
8.772123e+00
8.776556e+00
8.780990e+00
8.785423e+00
8.789856e+00
8.794289e+00
8.798723e+00
8.803156e+00
8.807589e+00
8.812022e+00
8.816456e+00
8.820889e+00
8.825322e+00
8.829755e+00
8.834189e+00
8.838622e+00
8.843055e+00
8.847488e+00
8.851921e+00
8.856355e+00
8.860788e+00
8.865221e+00
8.869654e+00
8.874088e+00
8.878521e+00
8.882954e+00
8.887387e+00
8.891821e+00
8.896254e+00
8.900687e+00
8.905120e+00
8.909554e+00
8.913987e+00
8.918420e+00
8.922853e+00
8.927287e+00
8.931720e+00
8.936153e+00
8.940586e+00
8.945020e+00
8.949453e+00
8.953886e+00
8.958319e+00
8.962752e+00
8.967186e+00
8.971619e+00
8.976052e+00
8.980485e+00
8.984919e+00
8.989352e+00
8.993785e+00
8.998218e+00
9.002652e+00
9.007085e+00
9.011518e+00
9.015951e+00
9.020385e+00
9.024818e+00
9.029251e+00
9.033684e+00
9.038118e+00
9.042551e+00
9.046984e+00
9.051417e+00
9.055851e+00
9.060284e+00
9.064717e+00
9.069150e+00
9.073583e+00
9.078017e+00
9.082450e+00
9.086883e+00
9.091316e+00
9.095750e+00
9.100183e+00
9.104616e+00
9.109049e+00
9.113483e+00
9.117916e+00
9.122349e+00
9.126782e+00
9.131216e+00
9.135649e+00
9.140082e+00
9.144515e+00
9.148949e+00
9.153382e+00
9.157815e+00
9.162248e+00
9.166682e+00
9.171115e+00
9.175548e+00
9.179981e+00
9.184415e+00
9.188848e+00
9.193281e+00
9.197714e+00
9.202147e+00
9.206581e+00
9.211014e+00
9.215447e+00
9.219880e+00
9.224314e+00
9.228747e+00
9.233180e+00
9.237613e+00
9.242047e+00
9.246480e+00
9.250913e+00
9.255346e+00
9.259780e+00
9.264213e+00
9.268646e+00
9.273079e+00
9.277513e+00
9.281946e+00
9.286379e+00
9.290812e+00
9.295246e+00
9.299679e+00
9.304112e+00
9.308545e+00
9.312978e+00
9.317412e+00
9.321845e+00
9.326278e+00
9.330711e+00
9.335145e+00
9.339578e+00
9.344011e+00
9.348444e+00
9.352878e+00
9.357311e+00
9.361744e+00
9.366177e+00
9.370611e+00
9.375044e+00
9.379477e+00
9.383910e+00
9.388344e+00
9.392777e+00
9.397210e+00
9.401643e+00
9.406077e+00
9.410510e+00
9.414943e+00
9.419376e+00
9.423810e+00
9.428243e+00
9.432676e+00
9.437109e+00
9.441542e+00
9.445976e+00
9.450409e+00
9.454842e+00
9.459275e+00
9.463709e+00
9.468142e+00
9.472575e+00
9.477008e+00
9.481442e+00
9.485875e+00
9.490308e+00
9.494741e+00
9.499175e+00
9.503608e+00
9.508041e+00
9.512474e+00
9.516908e+00
9.521341e+00
9.525774e+00
9.530207e+00
9.534641e+00
9.539074e+00
9.543507e+00
9.547940e+00
9.552373e+00
9.556807e+00
9.561240e+00
9.565673e+00
9.570106e+00
9.574540e+00
9.578973e+00
9.583406e+00
9.587839e+00
9.592273e+00
9.596706e+00
9.601139e+00
9.605572e+00
9.610006e+00
9.614439e+00
9.618872e+00
9.623305e+00
9.627739e+00
9.632172e+00
9.636605e+00
9.641038e+00
9.645472e+00
9.649905e+00
9.654338e+00
9.658771e+00
9.663204e+00
9.667638e+00
9.672071e+00
9.676504e+00
9.680937e+00
9.685371e+00
9.689804e+00
9.694237e+00
9.698670e+00
9.703104e+00
9.707537e+00
9.711970e+00
9.716403e+00
9.720837e+00
9.725270e+00
9.729703e+00
9.734136e+00
9.738570e+00
9.743003e+00
9.747436e+00
9.751869e+00
9.756303e+00
9.760736e+00
9.765169e+00
9.769602e+00
9.774036e+00
9.778469e+00
9.782902e+00
9.787335e+00
9.791768e+00
9.796202e+00
9.800635e+00
9.805068e+00
9.809501e+00
9.813935e+00
9.818368e+00
9.822801e+00
9.827234e+00
9.831668e+00
9.836101e+00
9.840534e+00
9.844967e+00
9.849401e+00
9.853834e+00
9.858267e+00
9.862700e+00
9.867134e+00
9.871567e+00
9.876000e+00
9.880433e+00
9.884867e+00
9.889300e+00
9.893733e+00
9.898166e+00
9.902599e+00
9.907033e+00
9.911466e+00
9.915899e+00
9.920332e+00
9.924766e+00
9.929199e+00
9.933632e+00
9.938065e+00
9.942499e+00
9.946932e+00
9.951365e+00
9.955798e+00
9.960232e+00
9.964665e+00
9.969098e+00
9.973531e+00
9.977965e+00
9.982398e+00
9.986831e+00
9.991264e+00
9.995698e+00
1.000013e+01
1.000456e+01
1.000900e+01
1.001343e+01
1.001786e+01
1.002230e+01
1.002673e+01
1.003116e+01
1.003560e+01
1.004003e+01
1.004446e+01
1.004890e+01
1.005333e+01
1.005776e+01
1.006220e+01
1.006663e+01
1.007106e+01
1.007550e+01
1.007993e+01
1.008436e+01
1.008880e+01
1.009323e+01
1.009766e+01
1.010210e+01
1.010653e+01
1.011096e+01
1.011540e+01
1.011983e+01
1.012426e+01
1.012869e+01
1.013313e+01
1.013756e+01
1.014199e+01
1.014643e+01
1.015086e+01
1.015529e+01
1.015973e+01
1.016416e+01
1.016859e+01
1.017303e+01
1.017746e+01
1.018189e+01
1.018633e+01
1.019076e+01
1.019519e+01
1.019963e+01
1.020406e+01
1.020849e+01
1.021293e+01
1.021736e+01
1.022179e+01
1.022623e+01
1.023066e+01
1.023509e+01
1.023953e+01
1.024396e+01
1.024839e+01
1.025283e+01
1.025726e+01
1.026169e+01
1.026613e+01
1.027056e+01
1.027499e+01
1.027942e+01
1.028386e+01
1.028829e+01
1.029272e+01
1.029716e+01
1.030159e+01
1.030602e+01
1.031046e+01
1.031489e+01
1.031932e+01
1.032376e+01
1.032819e+01
1.033262e+01
1.033706e+01
1.034149e+01
1.034592e+01
1.035036e+01
1.035479e+01
1.035922e+01
1.036366e+01
1.036809e+01
1.037252e+01
1.037696e+01
1.038139e+01
1.038582e+01
1.039026e+01
1.039469e+01
1.039912e+01
1.040356e+01
1.040799e+01
1.041242e+01
1.041686e+01
1.042129e+01
1.042572e+01
1.043016e+01
1.043459e+01
1.043902e+01
1.044345e+01
1.044789e+01
1.045232e+01
1.045675e+01
1.046119e+01
1.046562e+01
1.047005e+01
1.047449e+01
1.047892e+01
1.048335e+01
1.048779e+01
1.049222e+01
1.049665e+01
1.050109e+01
1.050552e+01
1.050995e+01
1.051439e+01
1.051882e+01
1.052325e+01
1.052769e+01
1.053212e+01
1.053655e+01
1.054099e+01
1.054542e+01
1.054985e+01
1.055429e+01
1.055872e+01
1.056315e+01
1.056759e+01
1.057202e+01
1.057645e+01
1.058089e+01
1.058532e+01
1.058975e+01
1.059419e+01
1.059862e+01
1.060305e+01
1.060748e+01
1.061192e+01
1.061635e+01
1.062078e+01
1.062522e+01
1.062965e+01
1.063408e+01
1.063852e+01
1.064295e+01
1.064738e+01
1.065182e+01
1.065625e+01
1.066068e+01
1.066512e+01
1.066955e+01
1.067398e+01
1.067842e+01
1.068285e+01
1.068728e+01
1.069172e+01
1.069615e+01
1.070058e+01
1.070502e+01
1.070945e+01
1.071388e+01
1.071832e+01
1.072275e+01
1.072718e+01
1.073162e+01
1.073605e+01
