5.201000e-04
5.835367e-04
6.469733e-04
7.104100e-04
7.738469e-04
8.372831e-04
9.007200e-04
9.641569e-04
1.027593e-03
1.091030e-03
1.154467e-03
1.217903e-03
1.281340e-03
1.344777e-03
1.408213e-03
1.471650e-03
1.535087e-03
1.598523e-03
1.661960e-03
1.725397e-03
1.788833e-03
1.852270e-03
1.915707e-03
1.979143e-03
2.042580e-03
2.106017e-03
2.169453e-03
2.232890e-03
2.296327e-03
2.359763e-03
2.423200e-03
2.511328e-03
2.599455e-03
2.687583e-03
2.775710e-03
2.863837e-03
2.951965e-03
3.040093e-03
3.128220e-03
3.216348e-03
3.304475e-03
3.392602e-03
3.480730e-03
3.568858e-03
3.656985e-03
3.745112e-03
3.833240e-03
3.921367e-03
4.009495e-03
4.097623e-03
4.185750e-03
4.297252e-03
4.408755e-03
4.520258e-03
4.631760e-03
4.743263e-03
4.854765e-03
4.966268e-03
5.077770e-03
5.189272e-03
5.300775e-03
5.412277e-03
5.523780e-03
5.635282e-03
5.746785e-03
5.858287e-03
5.969790e-03
6.081293e-03
6.192795e-03
6.251893e-03
6.415800e-03
6.579707e-03
6.743613e-03
6.907520e-03
7.071427e-03
7.235333e-03
7.399240e-03
7.563147e-03
7.727053e-03
7.890960e-03
8.054867e-03
8.218773e-03
8.382680e-03
8.546587e-03
8.710493e-03
8.874400e-03
9.038307e-03
9.202213e-03
9.366120e-03
9.530027e-03
9.693931e-03
9.857840e-03
1.002175e-02
1.018565e-02
1.034956e-02
1.051347e-02
1.067737e-02
1.084128e-02
1.100519e-02
1.116909e-02
1.133300e-02
1.144194e-02
1.155088e-02
1.165982e-02
1.176876e-02
1.187770e-02
1.198664e-02
1.209558e-02
1.220452e-02
1.231346e-02
1.242240e-02
1.253134e-02
1.264028e-02
1.274922e-02
1.285816e-02
1.296710e-02
1.307604e-02
1.318498e-02
1.329392e-02
1.340286e-02
1.351180e-02
1.362074e-02
1.372968e-02
1.383862e-02
1.394756e-02
1.405650e-02
1.416544e-02
1.427438e-02
1.438332e-02
1.449226e-02
1.460120e-02
1.471014e-02
1.481908e-02
1.492802e-02
1.503696e-02
1.514590e-02
1.525484e-02
1.536378e-02
1.547272e-02
1.558166e-02
1.569060e-02
1.579954e-02
1.590848e-02
1.601742e-02
1.612636e-02
1.623530e-02
1.634424e-02
1.645318e-02
1.656212e-02
1.667106e-02
1.678000e-02
1.693805e-02
1.709610e-02
1.725415e-02
1.741220e-02
1.757025e-02
1.772830e-02
1.788635e-02
1.804440e-02
1.820245e-02
1.836050e-02
1.851855e-02
1.867660e-02
1.883465e-02
1.899270e-02
1.915075e-02
1.930880e-02
1.946685e-02
1.962490e-02
1.978295e-02
1.994100e-02
2.009905e-02
2.025710e-02
2.041515e-02
2.057320e-02
2.073125e-02
2.088930e-02
2.104735e-02
2.120540e-02
2.136345e-02
2.152150e-02
2.167955e-02
2.183760e-02
2.199565e-02
2.215370e-02
2.231175e-02
2.246980e-02
2.262785e-02
2.278590e-02
2.294395e-02
2.310200e-02
2.326005e-02
2.341810e-02
2.357615e-02
2.373420e-02
2.389225e-02
2.405030e-02
2.420835e-02
2.436640e-02
2.452445e-02
2.468250e-02
2.466274e-02
2.464297e-02
2.462320e-02
2.460344e-02
2.458367e-02
2.456391e-02
2.454414e-02
2.452438e-02
2.450462e-02
2.448485e-02
2.446509e-02
2.444532e-02
2.442555e-02
2.440579e-02
2.438602e-02
2.436626e-02
2.434649e-02
2.432673e-02
2.430696e-02
2.428720e-02
2.426744e-02
2.424767e-02
2.422791e-02
2.420814e-02
2.418837e-02
2.416861e-02
2.414884e-02
2.412908e-02
2.410931e-02
2.408955e-02
2.406978e-02
2.405002e-02
2.403026e-02
2.401049e-02
2.399073e-02
2.397096e-02
2.395120e-02
2.393143e-02
2.391167e-02
2.389190e-02
2.387213e-02
2.385237e-02
2.383260e-02
2.381284e-02
2.379308e-02
2.377331e-02
2.375355e-02
2.373378e-02
2.371402e-02
2.369425e-02
2.367448e-02
2.365472e-02
2.363495e-02
2.361519e-02
2.359542e-02
2.357566e-02
2.355590e-02
2.353613e-02
2.351637e-02
2.349660e-02
2.347684e-02
2.345707e-02
2.343730e-02
2.341754e-02
2.339777e-02
2.337801e-02
2.335824e-02
2.333848e-02
2.331872e-02
2.329895e-02
2.327919e-02
2.325942e-02
2.323965e-02
2.321989e-02
2.320012e-02
2.318036e-02
2.316059e-02
2.314083e-02
2.312106e-02
2.310130e-02
2.308154e-02
2.306177e-02
2.304201e-02
2.302224e-02
2.300247e-02
2.298271e-02
2.296295e-02
2.294318e-02
2.292341e-02
2.290365e-02
2.288388e-02
2.286412e-02
2.284436e-02
2.282459e-02
2.280483e-02
2.278506e-02
2.276530e-02
2.274553e-02
2.272577e-02
2.270600e-02
2.282164e-02
2.293728e-02
2.305292e-02
2.316856e-02
2.328420e-02
2.339984e-02
2.351548e-02
2.363112e-02
2.374676e-02
2.386240e-02
2.397804e-02
2.409368e-02
2.420932e-02
2.432496e-02
2.444060e-02
2.455624e-02
2.467188e-02
2.478752e-02
2.490316e-02
2.501880e-02
2.513444e-02
2.525008e-02
2.536572e-02
2.548136e-02
2.559700e-02
2.571264e-02
2.582828e-02
2.594392e-02
2.605956e-02
2.617520e-02
2.629084e-02
2.640648e-02
2.652212e-02
2.663776e-02
2.675340e-02
2.686904e-02
2.698468e-02
2.710032e-02
2.721596e-02
2.733160e-02
2.744724e-02
2.756288e-02
2.767852e-02
2.779416e-02
2.790980e-02
2.802544e-02
2.814108e-02
2.825672e-02
2.837236e-02
2.848800e-02
2.860364e-02
2.871928e-02
2.883492e-02
2.895056e-02
2.906620e-02
2.918184e-02
2.929748e-02
2.941312e-02
2.952876e-02
2.964440e-02
2.976004e-02
2.987568e-02
2.999132e-02
3.010696e-02
3.022260e-02
3.033824e-02
3.045388e-02
3.056952e-02
3.068516e-02
3.080080e-02
3.091644e-02
3.103208e-02
3.114772e-02
3.126336e-02
3.137900e-02
3.149464e-02
3.161028e-02
3.172592e-02
3.184156e-02
3.195720e-02
3.207284e-02
3.218848e-02
3.230412e-02
3.241976e-02
3.253540e-02
3.265104e-02
3.276668e-02
3.288232e-02
3.299796e-02
3.311360e-02
3.322924e-02
3.334488e-02
3.346052e-02
3.357616e-02
3.369180e-02
3.380744e-02
3.392308e-02
3.403872e-02
3.415436e-02
3.427000e-02
3.439863e-02
3.452725e-02
3.465588e-02
3.478451e-02
3.491314e-02
3.504177e-02
3.517039e-02
3.529902e-02
3.542765e-02
3.555627e-02
3.568490e-02
3.581353e-02
3.594216e-02
3.607079e-02
3.619941e-02
3.632804e-02
3.645667e-02
3.658529e-02
3.671392e-02
3.684255e-02
3.697118e-02
3.709980e-02
3.722843e-02
3.735706e-02
3.748569e-02
3.761431e-02
3.774294e-02
3.787157e-02
3.800020e-02
3.812882e-02
3.825745e-02
3.838608e-02
3.851471e-02
3.864334e-02
3.877196e-02
3.890059e-02
3.902922e-02
3.915785e-02
3.928647e-02
3.941510e-02
3.954373e-02
3.967235e-02
3.980098e-02
3.992961e-02
4.005824e-02
4.018687e-02
4.031549e-02
4.044412e-02
4.057275e-02
4.070137e-02
4.083000e-02
4.095863e-02
4.108726e-02
4.121589e-02
4.134451e-02
4.147314e-02
4.160177e-02
4.173040e-02
4.185902e-02
4.198765e-02
4.211628e-02
4.224490e-02
4.237353e-02
4.250216e-02
4.263079e-02
4.275942e-02
4.288804e-02
4.301667e-02
4.314530e-02
4.327392e-02
4.340255e-02
4.353118e-02
4.365981e-02
4.378844e-02
4.391706e-02
4.404569e-02
4.417432e-02
4.430295e-02
4.443157e-02
4.456020e-02
4.468883e-02
4.481745e-02
4.494608e-02
4.507471e-02
4.520334e-02
4.533197e-02
4.546059e-02
4.558922e-02
4.571785e-02
4.584647e-02
4.597510e-02
4.610373e-02
4.623236e-02
4.636099e-02
4.648961e-02
4.661824e-02
4.674687e-02
4.687550e-02
4.700412e-02
4.713275e-02
4.726138e-02
4.739000e-02
4.751863e-02
4.764726e-02
4.777589e-02
4.790452e-02
4.803314e-02
4.816177e-02
4.829040e-02
4.841902e-02
4.854765e-02
4.867628e-02
4.880491e-02
4.893354e-02
4.906216e-02
4.919079e-02
4.931942e-02
4.944805e-02
4.957667e-02
4.970530e-02
4.983393e-02
4.996255e-02
5.009118e-02
5.021981e-02
5.034844e-02
5.047707e-02
5.060569e-02
5.073432e-02
5.086295e-02
5.099157e-02
5.112020e-02
5.124883e-02
5.137746e-02
5.150609e-02
5.163471e-02
5.176334e-02
5.189197e-02
5.202060e-02
5.214922e-02
5.227785e-02
5.240648e-02
5.253510e-02
5.266373e-02
5.279236e-02
5.292099e-02
5.304962e-02
5.317824e-02
5.330687e-02
5.343550e-02
5.356412e-02
5.369275e-02
5.382138e-02
5.395001e-02
5.407863e-02
5.420726e-02
5.433589e-02
5.446452e-02
5.459315e-02
5.472177e-02
5.485040e-02
5.497903e-02
5.510765e-02
5.523628e-02
5.536491e-02
5.549354e-02
5.562217e-02
5.575079e-02
5.587942e-02
5.600805e-02
5.613667e-02
5.626530e-02
5.639393e-02
5.652256e-02
5.665118e-02
5.677981e-02
5.690844e-02
5.703707e-02
5.716570e-02
5.729432e-02
5.742295e-02
5.755158e-02
5.768020e-02
5.780883e-02
5.793746e-02
5.806609e-02
5.819472e-02
5.832334e-02
5.845197e-02
5.858060e-02
5.870922e-02
5.883785e-02
5.896648e-02
5.909511e-02
5.922373e-02
5.935236e-02
5.948099e-02
5.960962e-02
5.973824e-02
5.986687e-02
5.999550e-02
6.018383e-02
6.037215e-02
6.056048e-02
6.074880e-02
6.093713e-02
6.112545e-02
6.131378e-02
6.150210e-02
6.169043e-02
6.187875e-02
6.206707e-02
6.225540e-02
6.244372e-02
6.263205e-02
6.282037e-02
6.300870e-02
6.319703e-02
6.338535e-02
6.357367e-02
6.376200e-02
6.395033e-02
6.413865e-02
6.432697e-02
6.451530e-02
6.470363e-02
6.489195e-02
6.508027e-02
6.526860e-02
6.545692e-02
6.564525e-02
6.583358e-02
6.602190e-02
6.621022e-02
6.639855e-02
6.658687e-02
6.677520e-02
6.696352e-02
6.715185e-02
6.734018e-02
6.752850e-02
6.771682e-02
6.790515e-02
6.809348e-02
6.828180e-02
6.847012e-02
6.865845e-02
6.884677e-02
6.903510e-02
6.922342e-02
6.941175e-02
6.960007e-02
6.978840e-02
6.997673e-02
7.016505e-02
7.035337e-02
7.054170e-02
7.073003e-02
7.091835e-02
7.110668e-02
7.129500e-02
7.148333e-02
7.167165e-02
7.185998e-02
7.204830e-02
7.223662e-02
7.242495e-02
7.261328e-02
7.280160e-02
7.298993e-02
7.317825e-02
7.336658e-02
7.355490e-02
7.374322e-02
7.393155e-02
7.411988e-02
7.430820e-02
7.449652e-02
7.468485e-02
7.487318e-02
7.506150e-02
7.524983e-02
7.543815e-02
7.562647e-02
7.581480e-02
7.600313e-02
7.619145e-02
7.637977e-02
7.656810e-02
7.675643e-02
7.694475e-02
7.713307e-02
7.732140e-02
7.750973e-02
7.769805e-02
7.788638e-02
7.807470e-02
7.826302e-02
7.845135e-02
7.863968e-02
7.882800e-02
7.984199e-02
8.085598e-02
8.186997e-02
8.288396e-02
8.389796e-02
8.491195e-02
8.592594e-02
8.693993e-02
8.795392e-02
8.896791e-02
8.998190e-02
9.099589e-02
9.200989e-02
9.302388e-02
9.403787e-02
9.505186e-02
9.606585e-02
9.707984e-02
9.809383e-02
9.910782e-02
1.001218e-01
1.011358e-01
1.021498e-01
1.031638e-01
1.041778e-01
1.051918e-01
1.062058e-01
1.072198e-01
1.082337e-01
1.092477e-01
1.102617e-01
1.112757e-01
1.122897e-01
1.133037e-01
1.143177e-01
1.153317e-01
1.163457e-01
1.173597e-01
1.183737e-01
1.193876e-01
1.204016e-01
1.214156e-01
1.224296e-01
1.234436e-01
1.244576e-01
1.254716e-01
1.264856e-01
1.274996e-01
1.285136e-01
1.295276e-01
1.305415e-01
1.315555e-01
1.325695e-01
1.335835e-01
1.345975e-01
1.356115e-01
1.366255e-01
1.376395e-01
1.386535e-01
1.396675e-01
1.406815e-01
1.416955e-01
1.427094e-01
1.437234e-01
1.447374e-01
1.457514e-01
1.467654e-01
1.477794e-01
1.487934e-01
1.498074e-01
1.508214e-01
1.518354e-01
1.528494e-01
1.538633e-01
1.548773e-01
1.558913e-01
1.569053e-01
1.579193e-01
1.589333e-01
1.599473e-01
1.609613e-01
1.619753e-01
1.629893e-01
1.640033e-01
1.650172e-01
1.660312e-01
1.670452e-01
1.680592e-01
1.690732e-01
1.700872e-01
1.711012e-01
1.721152e-01
1.731292e-01
1.741432e-01
1.751572e-01
1.761712e-01
1.771851e-01
1.781991e-01
1.792131e-01
1.802271e-01
1.812411e-01
1.822551e-01
1.832691e-01
1.842831e-01
1.852971e-01
1.863111e-01
1.873251e-01
1.883390e-01
1.893530e-01
1.903670e-01
1.913810e-01
1.923950e-01
1.934090e-01
1.944230e-01
1.954370e-01
1.964510e-01
1.974650e-01
1.984790e-01
1.994929e-01
2.005069e-01
2.015209e-01
2.025349e-01
2.035489e-01
2.045629e-01
2.055769e-01
2.065909e-01
2.076049e-01
2.086189e-01
2.096329e-01
2.106469e-01
2.116608e-01
2.126748e-01
2.136888e-01
2.147028e-01
2.157168e-01
2.167308e-01
2.177448e-01
2.187588e-01
2.197728e-01
2.207868e-01
2.218008e-01
2.228147e-01
2.238287e-01
2.248427e-01
2.258567e-01
2.268707e-01
2.278847e-01
2.288987e-01
2.299127e-01
2.309267e-01
2.319407e-01
2.329547e-01
2.339686e-01
2.349826e-01
2.359966e-01
2.370106e-01
2.380246e-01
2.390386e-01
2.400526e-01
2.410666e-01
2.420806e-01
2.430946e-01
2.441086e-01
2.451225e-01
2.461365e-01
2.471505e-01
2.481645e-01
2.491785e-01
2.501925e-01
2.512065e-01
2.522205e-01
2.532345e-01
2.542485e-01
2.552625e-01
2.562765e-01
2.572904e-01
2.583044e-01
2.593184e-01
2.603324e-01
2.613464e-01
2.623604e-01
2.633744e-01
2.643884e-01
2.654024e-01
2.664164e-01
2.674304e-01
2.684443e-01
2.694583e-01
2.704723e-01
2.714863e-01
2.725003e-01
2.735143e-01
2.745283e-01
2.755423e-01
2.765563e-01
2.775703e-01
2.785843e-01
2.795982e-01
2.806122e-01
2.816262e-01
2.826402e-01
2.836542e-01
2.846682e-01
2.856822e-01
2.866962e-01
2.877102e-01
2.887242e-01
2.897382e-01
2.907522e-01
2.917661e-01
2.927801e-01
2.937941e-01
2.948081e-01
2.958221e-01
2.968361e-01
2.978501e-01
2.988641e-01
2.998781e-01
3.008921e-01
3.019061e-01
3.029200e-01
3.039340e-01
3.049480e-01
3.059620e-01
3.069760e-01
3.079900e-01
3.090040e-01
3.100180e-01
3.110320e-01
3.120460e-01
3.130600e-01
3.140739e-01
3.150879e-01
3.161019e-01
3.171159e-01
3.181299e-01
3.191439e-01
3.201579e-01
3.211719e-01
3.221859e-01
3.231999e-01
3.242139e-01
3.252279e-01
3.262418e-01
3.272558e-01
3.282698e-01
3.292838e-01
3.302978e-01
3.313118e-01
3.323258e-01
3.333398e-01
3.343538e-01
3.353678e-01
3.363818e-01
3.373957e-01
3.384097e-01
3.394237e-01
3.404377e-01
3.414517e-01
3.424657e-01
3.434797e-01
3.444937e-01
3.455077e-01
3.465217e-01
3.475357e-01
3.485496e-01
3.495636e-01
3.505776e-01
3.515916e-01
3.526056e-01
3.536196e-01
3.546336e-01
3.556476e-01
3.566616e-01
3.576756e-01
3.586896e-01
3.597035e-01
3.607175e-01
3.617315e-01
3.627455e-01
3.637595e-01
3.647735e-01
3.657875e-01
3.668015e-01
3.678155e-01
3.688295e-01
3.698435e-01
3.708575e-01
3.718714e-01
3.728854e-01
3.738994e-01
3.749134e-01
3.759274e-01
3.769414e-01
3.779554e-01
3.789694e-01
3.799834e-01
3.809974e-01
3.820114e-01
3.830253e-01
3.840393e-01
3.850533e-01
3.860673e-01
3.870813e-01
3.880953e-01
3.891093e-01
3.901233e-01
3.911373e-01
3.921513e-01
3.931653e-01
3.941792e-01
3.951932e-01
3.962072e-01
3.972212e-01
3.982352e-01
3.992492e-01
4.002632e-01
4.012772e-01
4.022912e-01
4.033052e-01
4.043192e-01
4.053332e-01
4.063471e-01
4.073611e-01
4.083751e-01
4.093891e-01
4.104031e-01
4.114171e-01
4.124311e-01
4.134451e-01
4.144591e-01
4.154731e-01
4.164871e-01
4.175010e-01
4.185150e-01
4.195290e-01
4.205430e-01
4.215570e-01
4.225710e-01
4.235850e-01
4.245990e-01
4.256130e-01
4.266270e-01
4.276410e-01
4.286549e-01
4.296689e-01
4.306829e-01
4.316969e-01
4.327109e-01
4.337249e-01
4.347389e-01
4.357529e-01
4.367669e-01
4.377809e-01
4.387949e-01
4.398089e-01
4.408228e-01
4.418368e-01
4.428508e-01
4.438648e-01
4.448788e-01
4.458928e-01
4.469068e-01
4.479208e-01
4.489348e-01
4.499488e-01
4.509628e-01
4.519767e-01
4.529907e-01
4.540047e-01
4.550187e-01
4.560327e-01
4.570467e-01
4.580607e-01
4.590747e-01
4.600887e-01
4.611027e-01
4.621167e-01
4.631306e-01
4.641446e-01
4.651586e-01
4.661726e-01
4.671866e-01
4.682006e-01
4.692146e-01
4.702286e-01
4.712426e-01
4.722566e-01
4.732706e-01
4.742846e-01
4.752985e-01
4.763125e-01
4.773265e-01
4.783405e-01
4.793545e-01
4.803685e-01
4.813825e-01
4.823965e-01
4.834105e-01
4.844245e-01
4.854385e-01
4.864524e-01
4.874664e-01
4.884804e-01
4.894944e-01
4.905084e-01
4.915224e-01
4.938104e-01
4.960983e-01
4.983862e-01
5.006741e-01
5.029620e-01
5.052500e-01
5.075379e-01
5.098258e-01
5.121137e-01
5.144016e-01
5.166895e-01
5.189775e-01
5.212654e-01
5.235533e-01
5.258412e-01
5.281291e-01
5.304170e-01
5.327050e-01
5.349929e-01
5.372808e-01
5.395687e-01
5.418566e-01
5.441446e-01
5.464325e-01
5.487204e-01
5.510083e-01
5.532962e-01
5.555841e-01
5.578721e-01
5.601600e-01
5.624479e-01
5.647358e-01
5.670237e-01
5.693116e-01
5.715996e-01
5.738875e-01
5.761754e-01
5.784633e-01
5.807512e-01
5.830392e-01
5.853271e-01
5.876150e-01
5.899029e-01
5.921908e-01
5.944787e-01
5.967667e-01
5.990546e-01
6.013425e-01
6.036304e-01
6.059183e-01
6.082063e-01
6.104942e-01
6.127821e-01
6.150700e-01
6.173579e-01
6.196458e-01
6.219338e-01
6.242217e-01
6.265096e-01
6.287975e-01
6.310854e-01
6.333733e-01
6.356613e-01
6.379492e-01
6.402371e-01
6.425250e-01
6.448129e-01
6.471009e-01
6.493888e-01
6.516767e-01
6.539646e-01
6.562525e-01
6.585404e-01
6.608284e-01
6.631163e-01
6.654042e-01
6.676921e-01
6.699800e-01
6.722679e-01
6.745559e-01
6.768438e-01
6.791317e-01
6.814196e-01
6.837075e-01
6.859955e-01
6.882834e-01
6.905713e-01
6.928592e-01
6.951471e-01
6.974350e-01
6.997230e-01
7.020109e-01
7.042988e-01
7.065867e-01
7.088746e-01
7.111626e-01
7.134505e-01
7.157384e-01
7.180263e-01
7.203142e-01
7.222741e-01
7.242341e-01
7.261940e-01
7.281539e-01
7.301138e-01
7.320737e-01
7.340336e-01
7.359936e-01
7.379535e-01
7.399134e-01
7.418734e-01
7.438332e-01
7.457931e-01
7.477531e-01
7.497130e-01
7.516729e-01
7.536329e-01
7.555928e-01
7.575527e-01
7.595126e-01
7.614725e-01
7.634324e-01
7.653924e-01
7.673523e-01
7.693122e-01
7.712722e-01
7.732320e-01
7.751919e-01
7.771519e-01
7.791118e-01
7.810717e-01
7.830317e-01
7.849916e-01
7.869515e-01
7.889114e-01
7.908713e-01
7.928312e-01
7.947912e-01
7.967511e-01
7.987110e-01
8.006709e-01
8.026308e-01
8.045907e-01
8.065507e-01
8.085106e-01
8.104705e-01
8.124305e-01
8.143903e-01
8.163502e-01
8.183102e-01
8.202701e-01
8.222300e-01
8.241900e-01
8.261499e-01
8.281098e-01
8.300697e-01
8.320296e-01
8.339895e-01
8.359495e-01
8.379094e-01
8.398693e-01
8.418292e-01
8.437891e-01
8.457490e-01
8.477090e-01
8.496689e-01
8.516288e-01
8.535888e-01
8.555487e-01
8.575085e-01
8.594685e-01
8.614284e-01
8.633883e-01
8.653483e-01
8.673082e-01
8.692681e-01
8.712280e-01
8.731879e-01
8.751478e-01
8.771078e-01
8.790677e-01
8.810276e-01
8.829875e-01
8.849474e-01
8.869073e-01
8.888673e-01
8.908272e-01
8.927871e-01
8.947471e-01
8.967070e-01
8.986669e-01
9.006268e-01
9.025867e-01
9.045466e-01
9.065066e-01
9.084665e-01
9.104264e-01
9.123863e-01
9.143462e-01
9.163061e-01
9.182661e-01
9.202260e-01
9.221859e-01
9.241459e-01
9.261057e-01
9.280657e-01
9.300256e-01
9.319855e-01
9.339454e-01
9.359054e-01
9.378653e-01
9.398252e-01
9.417851e-01
9.437450e-01
9.457049e-01
9.476649e-01
9.496248e-01
9.515847e-01
9.535446e-01
9.555045e-01
9.574644e-01
9.594244e-01
9.613843e-01
9.633442e-01
9.653042e-01
9.672641e-01
9.692239e-01
9.711839e-01
9.731438e-01
9.751037e-01
9.770637e-01
9.790236e-01
9.809835e-01
9.829434e-01
9.849033e-01
9.868632e-01
9.888232e-01
9.907831e-01
9.927430e-01
9.947032e-01
9.966629e-01
9.986225e-01
1.000583e+00
1.002543e+00
1.004502e+00
1.006463e+00
1.008422e+00
1.010382e+00
1.012342e+00
1.014302e+00
1.016262e+00
1.018222e+00
1.020182e+00
1.022141e+00
1.024102e+00
1.026062e+00
1.028021e+00
1.029982e+00
1.031941e+00
1.033901e+00
1.035861e+00
1.037821e+00
1.039781e+00
1.041741e+00
1.043701e+00
1.045660e+00
1.047621e+00
1.049581e+00
1.051540e+00
1.053501e+00
1.055460e+00
1.057420e+00
1.059380e+00
1.061340e+00
1.063300e+00
1.065260e+00
1.067220e+00
1.069180e+00
1.071140e+00
1.073100e+00
1.075059e+00
1.077020e+00
1.078979e+00
1.080939e+00
1.082899e+00
1.084859e+00
1.086819e+00
1.088779e+00
1.090739e+00
1.092699e+00
1.094659e+00
1.096619e+00
1.098578e+00
1.100539e+00
1.102499e+00
1.104458e+00
1.106419e+00
1.108378e+00
1.110338e+00
1.112298e+00
1.114258e+00
1.116656e+00
1.119054e+00
1.121452e+00
1.123850e+00
1.126248e+00
1.128646e+00
1.131044e+00
1.133442e+00
1.135840e+00
1.138238e+00
1.140636e+00
1.143034e+00
1.145432e+00
1.147830e+00
1.150228e+00
1.152625e+00
1.155024e+00
1.157422e+00
1.159820e+00
1.162218e+00
1.164616e+00
1.167013e+00
1.169412e+00
1.171810e+00
1.174208e+00
1.176606e+00
1.179004e+00
1.181401e+00
1.183800e+00
1.186198e+00
1.188595e+00
1.190994e+00
1.193392e+00
1.195789e+00
1.198188e+00
1.200586e+00
1.202983e+00
1.205382e+00
1.207780e+00
1.210177e+00
1.212576e+00
1.214974e+00
1.217371e+00
1.219770e+00
1.222168e+00
1.224565e+00
1.226964e+00
1.229361e+00
1.231759e+00
1.234158e+00
1.236555e+00
1.238953e+00
1.241352e+00
1.243749e+00
1.246147e+00
1.248546e+00
1.250943e+00
1.253341e+00
1.255740e+00
1.258137e+00
1.260535e+00
1.262934e+00
1.265331e+00
1.267729e+00
1.270128e+00
1.272525e+00
1.274923e+00
1.277322e+00
1.279719e+00
1.282117e+00
1.284516e+00
1.286913e+00
1.289311e+00
1.291710e+00
1.294107e+00
1.296505e+00
1.298903e+00
1.301301e+00
1.303699e+00
1.306097e+00
1.308495e+00
1.310893e+00
1.313291e+00
1.315689e+00
1.318087e+00
1.320485e+00
1.322883e+00
1.325281e+00
1.327679e+00
1.330077e+00
1.332475e+00
1.334873e+00
1.337271e+00
1.339669e+00
1.342067e+00
1.344465e+00
1.346863e+00
1.349261e+00
1.351659e+00
1.354057e+00
1.356455e+00
1.358853e+00
1.361251e+00
1.363649e+00
1.366047e+00
1.368445e+00
1.370843e+00
1.373241e+00
1.375638e+00
1.378037e+00
1.380435e+00
1.382833e+00
1.385231e+00
1.387629e+00
1.390026e+00
1.392425e+00
1.394823e+00
1.397221e+00
1.399619e+00
1.402017e+00
1.404414e+00
1.406813e+00
1.409211e+00
1.411608e+00
1.414007e+00
1.416405e+00
1.418803e+00
1.421201e+00
1.423599e+00
1.425996e+00
1.428395e+00
1.430793e+00
1.433191e+00
1.435589e+00
1.437987e+00
1.440384e+00
1.442783e+00
1.445180e+00
1.447579e+00
1.449977e+00
1.452374e+00
1.454772e+00
1.457171e+00
1.459568e+00
1.461966e+00
1.464365e+00
1.466762e+00
1.469160e+00
1.471559e+00
1.473956e+00
1.476354e+00
1.478753e+00
1.481150e+00
1.483549e+00
1.485947e+00
1.488344e+00
1.490742e+00
1.493141e+00
1.495538e+00
1.497937e+00
1.500335e+00
1.502732e+00
1.505130e+00
1.507529e+00
1.509926e+00
1.512324e+00
1.514722e+00
1.517120e+00
1.519518e+00
1.521916e+00
1.524314e+00
1.526712e+00
1.529110e+00
1.531508e+00
1.533906e+00
1.536304e+00
1.538702e+00
1.541100e+00
1.543498e+00
1.545896e+00
1.548294e+00
1.550692e+00
1.553090e+00
1.555488e+00
1.557886e+00
1.560284e+00
1.562682e+00
1.565080e+00
1.567478e+00
1.569876e+00
1.572274e+00
1.574672e+00
1.577070e+00
1.579468e+00
1.581866e+00
1.584264e+00
1.586662e+00
1.589060e+00
1.591458e+00
1.593856e+00
1.596254e+00
1.598651e+00
1.601050e+00
1.603448e+00
1.605846e+00
1.608244e+00
1.610642e+00
1.613040e+00
1.615438e+00
1.617836e+00
1.620234e+00
1.622632e+00
1.625030e+00
1.627428e+00
1.629826e+00
1.632224e+00
1.634621e+00
1.637020e+00
1.639418e+00
1.641816e+00
1.644214e+00
1.646612e+00
1.649009e+00
1.651408e+00
1.653806e+00
1.656204e+00
1.658602e+00
1.660999e+00
1.663397e+00
1.665796e+00
1.668193e+00
1.670592e+00
1.672990e+00
1.675387e+00
1.677786e+00
1.680184e+00
1.682581e+00
1.684979e+00
1.687378e+00
1.689775e+00
1.692174e+00
1.694572e+00
1.696969e+00
1.699367e+00
1.701766e+00
1.704163e+00
1.706562e+00
1.708960e+00
1.711357e+00
1.713755e+00
1.716154e+00
1.718551e+00
1.720950e+00
1.723348e+00
1.725745e+00
1.728143e+00
1.730541e+00
1.732939e+00
1.735337e+00
1.737735e+00
1.740133e+00
1.742532e+00
1.744929e+00
1.747327e+00
1.749725e+00
1.752123e+00
1.754521e+00
1.756920e+00
1.759317e+00
1.761715e+00
1.764113e+00
1.766511e+00
1.768909e+00
1.771308e+00
1.773705e+00
1.776103e+00
1.778501e+00
1.780899e+00
1.783297e+00
1.785695e+00
1.788093e+00
1.790491e+00
1.792889e+00
1.795287e+00
1.797685e+00
1.800083e+00
1.802481e+00
1.804879e+00
1.807277e+00
1.809675e+00
1.812073e+00
1.814471e+00
1.816869e+00
1.819267e+00
1.821665e+00
1.824063e+00
1.826461e+00
1.828859e+00
1.831257e+00
1.833655e+00
1.836053e+00
1.838451e+00
1.841801e+00
1.845151e+00
1.848501e+00
1.851851e+00
1.855202e+00
1.858552e+00
1.861902e+00
1.865252e+00
1.868602e+00
1.871953e+00
1.875303e+00
1.878653e+00
1.882003e+00
1.885353e+00
1.888703e+00
1.892054e+00
1.895404e+00
1.898754e+00
1.902104e+00
1.905454e+00
1.908805e+00
1.912155e+00
1.915504e+00
1.918855e+00
1.922205e+00
1.925555e+00
1.928906e+00
1.932255e+00
1.935606e+00
1.938956e+00
1.942306e+00
1.945657e+00
1.949006e+00
1.952356e+00
1.955707e+00
1.959057e+00
1.962407e+00
1.965758e+00
1.969107e+00
1.972458e+00
1.975808e+00
1.979158e+00
1.982509e+00
1.985858e+00
1.989208e+00
1.992559e+00
1.995909e+00
1.999259e+00
2.002609e+00
2.005959e+00
2.009310e+00
2.012660e+00
2.016010e+00
2.019360e+00
2.022710e+00
2.026060e+00
2.029411e+00
2.032761e+00
2.036110e+00
2.039461e+00
2.042811e+00
2.046162e+00
2.049512e+00
2.052862e+00
2.056212e+00
2.059562e+00
2.062912e+00
2.066263e+00
2.069613e+00
2.072962e+00
2.076313e+00
2.079663e+00
2.083013e+00
2.086363e+00
2.089713e+00
2.093064e+00
2.096414e+00
2.099764e+00
2.103114e+00
2.106464e+00
2.109814e+00
2.113165e+00
2.116515e+00
2.119865e+00
2.123215e+00
2.126565e+00
2.129916e+00
2.133266e+00
2.136616e+00
2.139966e+00
2.143316e+00
2.146666e+00
2.150017e+00
2.153367e+00
2.156717e+00
2.160067e+00
2.163417e+00
2.166768e+00
2.170118e+00
2.173468e+00
2.176818e+00
2.180168e+00
2.183518e+00
2.186868e+00
2.190218e+00
2.193568e+00
2.196919e+00
2.200269e+00
2.203619e+00
2.206969e+00
2.210319e+00
2.213670e+00
2.217020e+00
2.220370e+00
2.223720e+00
2.227070e+00
2.230420e+00
2.233771e+00
2.237121e+00
2.240471e+00
2.243821e+00
2.247171e+00
2.250522e+00
2.253872e+00
2.257222e+00
2.260572e+00
2.263922e+00
2.267272e+00
2.270623e+00
2.273972e+00
2.277323e+00
2.280673e+00
2.284023e+00
2.287374e+00
2.290723e+00
2.294073e+00
2.297424e+00
2.300774e+00
2.304124e+00
2.307475e+00
2.310824e+00
2.314175e+00
2.317525e+00
2.320875e+00
2.324226e+00
2.327575e+00
2.330925e+00
2.334276e+00
2.337626e+00
2.340976e+00
2.344326e+00
2.347676e+00
2.351027e+00
2.354377e+00
2.357727e+00
2.361077e+00
2.364427e+00
2.367777e+00
2.371128e+00
2.374478e+00
2.377827e+00
2.381178e+00
2.384528e+00
2.387879e+00
2.391229e+00
2.394579e+00
2.397929e+00
2.401279e+00
2.404629e+00
2.407980e+00
2.411330e+00
2.414679e+00
2.418030e+00
2.421380e+00
2.424731e+00
2.428081e+00
2.431430e+00
2.434781e+00
2.438131e+00
2.441481e+00
2.444832e+00
2.448181e+00
2.451531e+00
2.454882e+00
2.458232e+00
2.461583e+00
2.464932e+00
2.468282e+00
2.471633e+00
2.474983e+00
2.478333e+00
2.481683e+00
2.485033e+00
2.488383e+00
2.491734e+00
2.495084e+00
2.498434e+00
2.501784e+00
2.505134e+00
2.508485e+00
2.511835e+00
2.515074e+00
2.518313e+00
2.521552e+00
2.524791e+00
2.528031e+00
2.531270e+00
2.534509e+00
2.537749e+00
2.540987e+00
2.544226e+00
2.547466e+00
2.550705e+00
2.553944e+00
2.557184e+00
2.560423e+00
2.563662e+00
2.566900e+00
2.570140e+00
2.573379e+00
2.576618e+00
2.579858e+00
2.583097e+00
2.586336e+00
2.589575e+00
2.592814e+00
2.596053e+00
2.599293e+00
2.602532e+00
2.605771e+00
2.609011e+00
2.612249e+00
2.615488e+00
2.618728e+00
2.621967e+00
2.625206e+00
2.628446e+00
2.631685e+00
2.634924e+00
2.638163e+00
2.641402e+00
2.644641e+00
2.647881e+00
2.651120e+00
2.654359e+00
2.657598e+00
2.660837e+00
2.664076e+00
2.667316e+00
2.670555e+00
2.673794e+00
2.677033e+00
2.680273e+00
2.683511e+00
2.686750e+00
2.689990e+00
2.693229e+00
2.696468e+00
2.699708e+00
2.702947e+00
2.706185e+00
2.709425e+00
2.712664e+00
2.715903e+00
2.719143e+00
2.722382e+00
2.725621e+00
2.728860e+00
2.732099e+00
2.735338e+00
2.738578e+00
2.741817e+00
2.745056e+00
2.748296e+00
2.751535e+00
2.754773e+00
2.758013e+00
2.761252e+00
2.764491e+00
2.767731e+00
2.770970e+00
2.774209e+00
2.777448e+00
2.780687e+00
2.783926e+00
2.787165e+00
2.790405e+00
2.793644e+00
2.796883e+00
2.800122e+00
2.803361e+00
2.806600e+00
2.809840e+00
2.813079e+00
2.816318e+00
2.819558e+00
2.822796e+00
2.826036e+00
2.829275e+00
2.832514e+00
2.835753e+00
2.838993e+00
2.842232e+00
2.845471e+00
2.848710e+00
2.851949e+00
2.855188e+00
2.858428e+00
2.861667e+00
2.864906e+00
2.868145e+00
2.871384e+00
2.874623e+00
2.877863e+00
2.881102e+00
2.884341e+00
2.887581e+00
2.890820e+00
2.894058e+00
2.897298e+00
2.900537e+00
2.903776e+00
2.907015e+00
2.910255e+00
2.913494e+00
2.916733e+00
2.919972e+00
2.923211e+00
2.926450e+00
2.929690e+00
2.932929e+00
2.936168e+00
2.939407e+00
2.942647e+00
2.945885e+00
2.949125e+00
2.952364e+00
2.955603e+00
2.958843e+00
2.962082e+00
2.965321e+00
2.968560e+00
2.971799e+00
2.975038e+00
2.978278e+00
2.981517e+00
2.984756e+00
2.987995e+00
2.991234e+00
2.994473e+00
2.997713e+00
3.000952e+00
3.004191e+00
3.007430e+00
3.010669e+00
3.013909e+00
3.017147e+00
3.020387e+00
3.023626e+00
3.026865e+00
3.030105e+00
3.033344e+00
3.036583e+00
3.039822e+00
3.043061e+00
3.046300e+00
3.049540e+00
3.052779e+00
3.056018e+00
3.059258e+00
3.062496e+00
3.065735e+00
3.068975e+00
3.072214e+00
3.075453e+00
3.078693e+00
3.081932e+00
3.085170e+00
3.088410e+00
3.091649e+00
3.094888e+00
3.098128e+00
3.101367e+00
3.104606e+00
3.107845e+00
3.111084e+00
3.114323e+00
3.117562e+00
3.120802e+00
3.124041e+00
3.127280e+00
3.130519e+00
3.133758e+00
3.136997e+00
3.140237e+00
3.143476e+00
3.146715e+00
3.149955e+00
3.153194e+00
3.156432e+00
3.159672e+00
3.162911e+00
3.166613e+00
3.170314e+00
3.174015e+00
3.177717e+00
3.181418e+00
3.185120e+00
3.188821e+00
3.192522e+00
3.196224e+00
3.199925e+00
3.203627e+00
3.207328e+00
3.211029e+00
3.214731e+00
3.218432e+00
3.222133e+00
3.225835e+00
3.229536e+00
3.233238e+00
3.236939e+00
3.240640e+00
3.244342e+00
3.248044e+00
3.251745e+00
3.255446e+00
3.259148e+00
3.262849e+00
3.266550e+00
3.270252e+00
3.273953e+00
3.277655e+00
3.281356e+00
3.285057e+00
3.288759e+00
3.292460e+00
3.296162e+00
3.299863e+00
3.303564e+00
3.307266e+00
3.310967e+00
3.314669e+00
3.318370e+00
3.322071e+00
3.325773e+00
3.329474e+00
3.333175e+00
3.336877e+00
3.340579e+00
3.344280e+00
3.347981e+00
3.351682e+00
3.355384e+00
3.359086e+00
3.362787e+00
3.366488e+00
3.370190e+00
3.373891e+00
3.377592e+00
3.381294e+00
3.384995e+00
3.388697e+00
3.392398e+00
3.396099e+00
3.399801e+00
3.403502e+00
3.407204e+00
3.410905e+00
3.414606e+00
3.418308e+00
3.422010e+00
3.425710e+00
3.429412e+00
3.433113e+00
3.436815e+00
3.440517e+00
3.444217e+00
3.447919e+00
3.451621e+00
3.455322e+00
3.459023e+00
3.462724e+00
3.466426e+00
3.470128e+00
3.473828e+00
3.477530e+00
3.481232e+00
3.484933e+00
3.488635e+00
3.492336e+00
3.496037e+00
3.499739e+00
3.503440e+00
3.507141e+00
3.510843e+00
3.514544e+00
3.518246e+00
3.521947e+00
3.525648e+00
3.529350e+00
3.533052e+00
3.536753e+00
3.540454e+00
3.544155e+00
3.547857e+00
3.551559e+00
3.555259e+00
3.558961e+00
3.562663e+00
3.566364e+00
3.570065e+00
3.573767e+00
3.577468e+00
3.581170e+00
3.584871e+00
3.588572e+00
3.592274e+00
3.595975e+00
3.599677e+00
3.603378e+00
3.607079e+00
3.610781e+00
3.614482e+00
3.618183e+00
3.621885e+00
3.625586e+00
3.629288e+00
3.632989e+00
3.636690e+00
3.640392e+00
3.644094e+00
3.647795e+00
3.651496e+00
3.655198e+00
3.658899e+00
3.662600e+00
3.666301e+00
3.670003e+00
3.673705e+00
3.677406e+00
3.681107e+00
3.684809e+00
3.688510e+00
3.692212e+00
3.695913e+00
3.699614e+00
3.703316e+00
3.707017e+00
3.710719e+00
3.714420e+00
3.718121e+00
3.721823e+00
3.725524e+00
3.729225e+00
3.732927e+00
3.736629e+00
3.740330e+00
3.744031e+00
3.747732e+00
3.751434e+00
3.755136e+00
3.758837e+00
3.762538e+00
3.766240e+00
3.769941e+00
3.773642e+00
3.777344e+00
3.781045e+00
3.784747e+00
3.788448e+00
3.792149e+00
3.795851e+00
3.799552e+00
3.803254e+00
3.806955e+00
3.810656e+00
3.814358e+00
3.818060e+00
3.821760e+00
3.825462e+00
3.829163e+00
3.832865e+00
3.836566e+00
3.840267e+00
3.843969e+00
3.847671e+00
3.851372e+00
3.855073e+00
3.858775e+00
3.862476e+00
3.866178e+00
3.869878e+00
3.873580e+00
3.877282e+00
3.880983e+00
3.884684e+00
3.888386e+00
3.892087e+00
3.895789e+00
3.899491e+00
3.903191e+00
3.906893e+00
3.910594e+00
3.914296e+00
3.917997e+00
3.921698e+00
3.925400e+00
3.929102e+00
3.932802e+00
3.936504e+00
3.940206e+00
3.943907e+00
3.947609e+00
3.951309e+00
3.955011e+00
3.958713e+00
3.962414e+00
3.966115e+00
3.969817e+00
3.973518e+00
3.977220e+00
3.980921e+00
3.984622e+00
3.988324e+00
3.992025e+00
3.995727e+00
3.999428e+00
4.003129e+00
4.006831e+00
4.010532e+00
4.014233e+00
4.017935e+00
4.021636e+00
4.025338e+00
4.029039e+00
4.032740e+00
4.036442e+00
4.040144e+00
4.043845e+00
4.047546e+00
4.051248e+00
4.054949e+00
4.058650e+00
4.062351e+00
4.066053e+00
4.069755e+00
4.073456e+00
4.077157e+00
4.080859e+00
4.084560e+00
4.088262e+00
4.091963e+00
4.095664e+00
4.099366e+00
4.103067e+00
4.106769e+00
4.110470e+00
4.114171e+00
4.117873e+00
4.121574e+00
4.125275e+00
4.128977e+00
4.132679e+00
4.136380e+00
4.140081e+00
4.143782e+00
4.147484e+00
4.151185e+00
4.154887e+00
4.158588e+00
4.162290e+00
4.165991e+00
4.169692e+00
4.173394e+00
4.177095e+00
4.180797e+00
4.184498e+00
4.188199e+00
4.191901e+00
4.195602e+00
4.199304e+00
4.203005e+00
4.206706e+00
4.210408e+00
4.214110e+00
4.217810e+00
4.221512e+00
4.225213e+00
4.228915e+00
4.232616e+00
4.236317e+00
4.240019e+00
4.243721e+00
4.247422e+00
4.251123e+00
4.254825e+00
4.258526e+00
4.262228e+00
4.265928e+00
4.269630e+00
4.273332e+00
4.277033e+00
4.280734e+00
4.284781e+00
4.288828e+00
4.292875e+00
4.296923e+00
4.300970e+00
4.305016e+00
4.309063e+00
4.313110e+00
4.317157e+00
4.321204e+00
4.325252e+00
4.329299e+00
4.333345e+00
4.337392e+00
4.341439e+00
4.345486e+00
4.349533e+00
4.353581e+00
4.357627e+00
4.361674e+00
4.365721e+00
4.369768e+00
4.373815e+00
4.377862e+00
4.381909e+00
4.385956e+00
4.390003e+00
4.394050e+00
4.398097e+00
4.402144e+00
4.406191e+00
4.410238e+00
4.414285e+00
4.418332e+00
4.422379e+00
4.426426e+00
4.430473e+00
4.434520e+00
4.438567e+00
4.442614e+00
4.446661e+00
4.450708e+00
4.454755e+00
4.458802e+00
4.462849e+00
4.466896e+00
4.470943e+00
4.474990e+00
4.479037e+00
4.483084e+00
4.487131e+00
4.491178e+00
4.495225e+00
4.499272e+00
4.503319e+00
4.507366e+00
4.511413e+00
4.515460e+00
4.519507e+00
4.523554e+00
4.527601e+00
4.531648e+00
4.535695e+00
4.539742e+00
4.543788e+00
4.547835e+00
4.551883e+00
4.555930e+00
4.559977e+00
4.564024e+00
4.568071e+00
4.572117e+00
4.576164e+00
4.580212e+00
4.584259e+00
4.588306e+00
4.592353e+00
4.596400e+00
4.600446e+00
4.604493e+00
4.608541e+00
4.612588e+00
4.616635e+00
4.620682e+00
4.624728e+00
4.628775e+00
4.632822e+00
4.636870e+00
4.640917e+00
4.644964e+00
4.649010e+00
4.653057e+00
4.657104e+00
4.661151e+00
4.665199e+00
4.669246e+00
4.673293e+00
4.677339e+00
4.681386e+00
4.685433e+00
4.689480e+00
4.693528e+00
4.697575e+00
4.701622e+00
4.705668e+00
4.709715e+00
4.713762e+00
4.717809e+00
4.721857e+00
4.725903e+00
4.729950e+00
4.733997e+00
4.738044e+00
4.742091e+00
4.746138e+00
4.750186e+00
4.754232e+00
4.758279e+00
4.762326e+00
4.766373e+00
4.770420e+00
4.774467e+00
4.778515e+00
4.782561e+00
4.786608e+00
4.790655e+00
4.794702e+00
4.798749e+00
4.802797e+00
4.806843e+00
4.810890e+00
4.814937e+00
4.818984e+00
4.823031e+00
4.827078e+00
4.831125e+00
4.835172e+00
4.839219e+00
4.843266e+00
4.847313e+00
4.851360e+00
4.855407e+00
4.859454e+00
4.863501e+00
4.867548e+00
4.871595e+00
4.875642e+00
4.879689e+00
4.883736e+00
4.887783e+00
4.891830e+00
4.895877e+00
4.899924e+00
4.903971e+00
4.908018e+00
4.912064e+00
4.916112e+00
4.920159e+00
4.924206e+00
4.928253e+00
4.932300e+00
4.936347e+00
4.940394e+00
4.944441e+00
4.948488e+00
4.952535e+00
4.956582e+00
4.960629e+00
4.964676e+00
4.968723e+00
4.972770e+00
4.976817e+00
4.980864e+00
4.984911e+00
4.988958e+00
4.993004e+00
4.997051e+00
5.001099e+00
5.005146e+00
5.009193e+00
5.013240e+00
5.017286e+00
5.021333e+00
5.025380e+00
5.029428e+00
5.033475e+00
5.037522e+00
5.041569e+00
5.045615e+00
5.049662e+00
5.053709e+00
5.057757e+00
5.061804e+00
5.065851e+00
5.069898e+00
5.073944e+00
5.077991e+00
5.082038e+00
5.086086e+00
5.090133e+00
5.094179e+00
5.098226e+00
5.102273e+00
5.106320e+00
5.110367e+00
5.114415e+00
5.118462e+00
5.122508e+00
5.126555e+00
5.130602e+00
5.134649e+00
5.138696e+00
5.142744e+00
5.146791e+00
5.150837e+00
5.154884e+00
5.158931e+00
5.162978e+00
5.167025e+00
5.171073e+00
5.175119e+00
5.179166e+00
5.183213e+00
5.187260e+00
5.191307e+00
5.195354e+00
5.199401e+00
5.203448e+00
5.207495e+00
5.211542e+00
5.215589e+00
5.219636e+00
5.223683e+00
5.227730e+00
5.231777e+00
5.235824e+00
5.239871e+00
5.243918e+00
5.247965e+00
5.252012e+00
5.256059e+00
5.260106e+00
5.264153e+00
5.268200e+00
5.272247e+00
5.276294e+00
5.280341e+00
5.284388e+00
5.288435e+00
5.292482e+00
5.296529e+00
5.300576e+00
5.304623e+00
5.308670e+00
5.312717e+00
5.316764e+00
5.320811e+00
5.324858e+00
5.328905e+00
5.332952e+00
5.336998e+00
5.341046e+00
5.345093e+00
5.349140e+00
5.353187e+00
5.357234e+00
5.361280e+00
5.365327e+00
5.369375e+00
5.373422e+00
5.377469e+00
5.381516e+00
5.385563e+00
5.389609e+00
5.393656e+00
5.397704e+00
5.401751e+00
5.405798e+00
5.409845e+00
5.413892e+00
5.417938e+00
5.421985e+00
5.426033e+00
5.430080e+00
5.434127e+00
5.438173e+00
5.442220e+00
5.446267e+00
5.450314e+00
5.454362e+00
5.458409e+00
5.462456e+00
5.466502e+00
5.470549e+00
5.474596e+00
5.478643e+00
5.482691e+00
5.486738e+00
5.490785e+00
5.494831e+00
5.498878e+00
5.502925e+00
5.506972e+00
5.511020e+00
5.515067e+00
5.519114e+00
5.523160e+00
5.527207e+00
5.531254e+00
5.535301e+00
5.539349e+00
5.543395e+00
5.547442e+00
5.551489e+00
5.555536e+00
5.559583e+00
5.563630e+00
5.567677e+00
5.571724e+00
5.575771e+00
5.579818e+00
5.583865e+00
5.587912e+00
5.591959e+00
5.596006e+00
5.600053e+00
5.604100e+00
5.608147e+00
5.612194e+00
5.616241e+00
5.620288e+00
5.624335e+00
5.628382e+00
5.632429e+00
5.636476e+00
5.640523e+00
5.644570e+00
5.648617e+00
5.652664e+00
5.656711e+00
5.660758e+00
5.664805e+00
5.668852e+00
5.672899e+00
5.676946e+00
5.680993e+00
5.685040e+00
5.689087e+00
5.693134e+00
5.697181e+00
5.701228e+00
5.705274e+00
5.709322e+00
5.713369e+00
5.717416e+00
5.721463e+00
5.725510e+00
5.729556e+00
5.733603e+00
5.737651e+00
5.741698e+00
5.745745e+00
5.749792e+00
5.753839e+00
5.757885e+00
5.761932e+00
5.765980e+00
5.770027e+00
5.774074e+00
5.778121e+00
5.782168e+00
5.786214e+00
5.790261e+00
5.794309e+00
5.798356e+00
5.802403e+00
5.806449e+00
5.810496e+00
5.814543e+00
5.818591e+00
5.822638e+00
5.826685e+00
5.830732e+00
5.834778e+00
5.838825e+00
5.842872e+00
5.846920e+00
5.850967e+00
5.855014e+00
5.859061e+00
5.863107e+00
5.867154e+00
5.871201e+00
5.875249e+00
5.879296e+00
5.883343e+00
5.887390e+00
5.891436e+00
5.895483e+00
5.899530e+00
5.903578e+00
5.907625e+00
5.911671e+00
5.915718e+00
5.919765e+00
5.923812e+00
5.927859e+00
5.931907e+00
5.935954e+00
5.940000e+00
5.944047e+00
5.948094e+00
5.952141e+00
5.956188e+00
5.960236e+00
5.964283e+00
5.968329e+00
5.972376e+00
5.976423e+00
5.980470e+00
5.984517e+00
5.988564e+00
5.992611e+00
5.996658e+00
6.000705e+00
6.004752e+00
6.008799e+00
6.012846e+00
6.016893e+00
6.020940e+00
6.024987e+00
6.029034e+00
6.033081e+00
6.037128e+00
6.041175e+00
6.045222e+00
6.049269e+00
6.053316e+00
6.057363e+00
6.061410e+00
6.065457e+00
6.069504e+00
6.073551e+00
6.077598e+00
6.081645e+00
6.085692e+00
6.089739e+00
6.093786e+00
6.097833e+00
6.101880e+00
6.105927e+00
6.109974e+00
6.114021e+00
6.118068e+00
6.122115e+00
6.126162e+00
6.130209e+00
6.134256e+00
6.138303e+00
6.142350e+00
6.146397e+00
6.150444e+00
6.154490e+00
6.158538e+00
6.162585e+00
6.166632e+00
6.170679e+00
6.174725e+00
6.178772e+00
6.182819e+00
6.186867e+00
6.190914e+00
6.194961e+00
6.199008e+00
6.203055e+00
6.207101e+00
6.211148e+00
6.215196e+00
6.219243e+00
6.223290e+00
6.227337e+00
6.231384e+00
6.235430e+00
6.239477e+00
6.243525e+00
6.247572e+00
6.251619e+00
6.255665e+00
6.259712e+00
6.263759e+00
6.267806e+00
6.271854e+00
6.275901e+00
6.279947e+00
6.283994e+00
6.288041e+00
6.292088e+00
6.296135e+00
6.300183e+00
6.304230e+00
6.308276e+00
6.312323e+00
6.317044e+00
6.321764e+00
6.326485e+00
6.331205e+00
6.335925e+00
6.340645e+00
6.345366e+00
6.350086e+00
6.354807e+00
6.359527e+00
6.364247e+00
6.368967e+00
6.373688e+00
6.378408e+00
6.383129e+00
6.387849e+00
6.392569e+00
6.397289e+00
6.402010e+00
6.406730e+00
6.411451e+00
6.416171e+00
6.420891e+00
6.425611e+00
6.430332e+00
6.435052e+00
6.439773e+00
6.444493e+00
6.449213e+00
6.453933e+00
6.458654e+00
6.463375e+00
6.468095e+00
6.472815e+00
6.477535e+00
6.482256e+00
6.486976e+00
6.491697e+00
6.496417e+00
6.501137e+00
6.505857e+00
6.510578e+00
6.515298e+00
6.520019e+00
6.524739e+00
6.529459e+00
6.534179e+00
6.538900e+00
6.543620e+00
6.548341e+00
6.553061e+00
6.557781e+00
6.562501e+00
6.567222e+00
6.571943e+00
6.576663e+00
6.581383e+00
6.586103e+00
6.590823e+00
6.595544e+00
6.600265e+00
6.604985e+00
6.609705e+00
6.614425e+00
6.619145e+00
6.623866e+00
6.628587e+00
6.633307e+00
6.638027e+00
6.642747e+00
6.647467e+00
6.652188e+00
6.656909e+00
6.661629e+00
6.666349e+00
6.671069e+00
6.675789e+00
6.680510e+00
6.685231e+00
6.689951e+00
6.694671e+00
6.699391e+00
6.704112e+00
6.708833e+00
6.713553e+00
6.718273e+00
6.722993e+00
6.727713e+00
6.732434e+00
6.737155e+00
6.741875e+00
6.746595e+00
6.751315e+00
6.756036e+00
6.760756e+00
6.765477e+00
6.770197e+00
6.774917e+00
6.779637e+00
6.784358e+00
6.789078e+00
6.793799e+00
6.798519e+00
6.803239e+00
6.807959e+00
6.812680e+00
6.817400e+00
6.822121e+00
6.826841e+00
6.831561e+00
6.836281e+00
6.841002e+00
6.845722e+00
6.850443e+00
6.855163e+00
6.859883e+00
6.864603e+00
6.869324e+00
6.874045e+00
6.878765e+00
6.883485e+00
6.888205e+00
6.892925e+00
6.897646e+00
6.902367e+00
6.907087e+00
6.911807e+00
6.916527e+00
6.921247e+00
6.925968e+00
6.930689e+00
6.935409e+00
6.940129e+00
6.944849e+00
6.949569e+00
6.954291e+00
6.959011e+00
6.963731e+00
6.968451e+00
6.973171e+00
6.977892e+00
6.982613e+00
6.987333e+00
6.992053e+00
6.996773e+00
7.001493e+00
7.006214e+00
7.010935e+00
7.015655e+00
7.020375e+00
7.025095e+00
7.029815e+00
7.034536e+00
7.039257e+00
7.043977e+00
7.048697e+00
7.053417e+00
7.058137e+00
7.062858e+00
7.067579e+00
7.072299e+00
7.077019e+00
7.081739e+00
7.086459e+00
7.091180e+00
7.095901e+00
7.100621e+00
7.105341e+00
7.110061e+00
7.114781e+00
7.119502e+00
7.124223e+00
7.128943e+00
7.133663e+00
7.138383e+00
7.143103e+00
7.147824e+00
7.152545e+00
7.157265e+00
7.161985e+00
7.166705e+00
7.171425e+00
7.176147e+00
7.180867e+00
7.185587e+00
7.190307e+00
7.195027e+00
7.199748e+00
7.204469e+00
7.209189e+00
7.213909e+00
7.218629e+00
7.223349e+00
7.228070e+00
7.232791e+00
7.237511e+00
7.242231e+00
7.246951e+00
7.251671e+00
7.256392e+00
7.261113e+00
7.265833e+00
7.270553e+00
7.275273e+00
7.279994e+00
7.284714e+00
7.289435e+00
7.294155e+00
7.298875e+00
7.303595e+00
7.308316e+00
7.313036e+00
7.317757e+00
7.322477e+00
7.327197e+00
7.331917e+00
7.336638e+00
7.341358e+00
7.346079e+00
7.350799e+00
7.355519e+00
7.360239e+00
7.364960e+00
7.369680e+00
7.374401e+00
7.379121e+00
7.383841e+00
7.388561e+00
7.393282e+00
7.398003e+00
7.402723e+00
7.407443e+00
7.412163e+00
7.416883e+00
7.421604e+00
7.426325e+00
7.431045e+00
7.435765e+00
7.440485e+00
7.445206e+00
7.449927e+00
7.454647e+00
7.459367e+00
7.464087e+00
7.468807e+00
7.473528e+00
7.478249e+00
7.482969e+00
7.487689e+00
7.492409e+00
7.497129e+00
7.501850e+00
7.506570e+00
7.511291e+00
7.516011e+00
7.520731e+00
7.525451e+00
7.530172e+00
7.534892e+00
7.539613e+00
7.544333e+00
7.549053e+00
7.553773e+00
7.558494e+00
7.563214e+00
7.567935e+00
7.572655e+00
7.577375e+00
7.582096e+00
7.586816e+00
7.591536e+00
7.596257e+00
7.600977e+00
7.605697e+00
7.610418e+00
7.615138e+00
7.619859e+00
7.624579e+00
7.629299e+00
7.634019e+00
7.638740e+00
7.643460e+00
7.648181e+00
7.652901e+00
7.657621e+00
7.662341e+00
7.667062e+00
7.671783e+00
7.676503e+00
7.681223e+00
7.685943e+00
7.690664e+00
7.695384e+00
7.700105e+00
7.704825e+00
7.709545e+00
7.714265e+00
7.718986e+00
7.723706e+00
7.728427e+00
7.733147e+00
7.737867e+00
7.742587e+00
7.747308e+00
7.752028e+00
7.756749e+00
7.761469e+00
7.766189e+00
7.770909e+00
7.775630e+00
7.780350e+00
7.785071e+00
7.789791e+00
7.794511e+00
7.799231e+00
7.803952e+00
7.808672e+00
7.813393e+00
7.818113e+00
7.822833e+00
7.827554e+00
7.832274e+00
7.836994e+00
7.841715e+00
7.846435e+00
7.851155e+00
7.855876e+00
7.860596e+00
7.865316e+00
7.870037e+00
7.874757e+00
7.879477e+00
7.884198e+00
7.888918e+00
7.893638e+00
7.898359e+00
7.903079e+00
7.907799e+00
7.912520e+00
7.917240e+00
7.921961e+00
7.926681e+00
7.931401e+00
7.936121e+00
7.940842e+00
7.945562e+00
7.950283e+00
7.955003e+00
7.959723e+00
7.964444e+00
7.969164e+00
7.973884e+00
7.978605e+00
7.983325e+00
7.988045e+00
7.992766e+00
7.997486e+00
8.002206e+00
8.006927e+00
8.011647e+00
8.016367e+00
8.021088e+00
8.025808e+00
8.030528e+00
8.035249e+00
8.039969e+00
8.044689e+00
8.049410e+00
8.054130e+00
8.058850e+00
8.063571e+00
8.068291e+00
8.073012e+00
8.077732e+00
8.082452e+00
8.087172e+00
8.091893e+00
8.096613e+00
8.101334e+00
8.106054e+00
8.110774e+00
8.115494e+00
8.120215e+00
8.124935e+00
8.129656e+00
8.134376e+00
8.139096e+00
8.143817e+00
8.148537e+00
8.153257e+00
8.157978e+00
8.162698e+00
8.167418e+00
8.172139e+00
8.176859e+00
8.181579e+00
8.186300e+00
8.191020e+00
8.195741e+00
8.200461e+00
8.205181e+00
8.209902e+00
8.214622e+00
8.219342e+00
8.224063e+00
8.228783e+00
8.233503e+00
8.238224e+00
8.242944e+00
8.247664e+00
8.252385e+00
8.257105e+00
8.261825e+00
8.266546e+00
8.271266e+00
8.275986e+00
8.280707e+00
8.285427e+00
8.290147e+00
8.294868e+00
8.299588e+00
8.304308e+00
8.309029e+00
8.313749e+00
8.318470e+00
8.323190e+00
8.327910e+00
8.332630e+00
8.337351e+00
8.342071e+00
8.346792e+00
8.351512e+00
8.356232e+00
8.360952e+00
8.365673e+00
8.370393e+00
8.375114e+00
8.379834e+00
8.384554e+00
8.389274e+00
8.393995e+00
8.398715e+00
8.403436e+00
8.408156e+00
8.412876e+00
8.417597e+00
8.422317e+00
8.427037e+00
8.431758e+00
8.436478e+00
8.441198e+00
8.445919e+00
8.450639e+00
8.455360e+00
8.460080e+00
8.464800e+00
8.469520e+00
8.474241e+00
8.478961e+00
8.483682e+00
8.488402e+00
8.493122e+00
8.497842e+00
8.502563e+00
8.507283e+00
8.512004e+00
8.516724e+00
8.521444e+00
8.526164e+00
8.530885e+00
8.535605e+00
8.540326e+00
8.545046e+00
8.549766e+00
8.554486e+00
8.559207e+00
8.563928e+00
8.568648e+00
8.573368e+00
8.578088e+00
8.582808e+00
8.587529e+00
8.592250e+00
8.596970e+00
8.601690e+00
8.606410e+00
8.611130e+00
8.615851e+00
8.620572e+00
8.625292e+00
8.630012e+00
8.634732e+00
8.639452e+00
8.644173e+00
8.648894e+00
8.653614e+00
8.658334e+00
8.663054e+00
8.667775e+00
8.672495e+00
8.677216e+00
8.681936e+00
8.686656e+00
8.691152e+00
8.695647e+00
8.700143e+00
8.704639e+00
8.709134e+00
8.713629e+00
8.718125e+00
8.722621e+00
8.727116e+00
8.731611e+00
8.736108e+00
8.740603e+00
8.745098e+00
8.749594e+00
8.754090e+00
8.758585e+00
8.763081e+00
8.767576e+00
8.772072e+00
8.776568e+00
8.781063e+00
8.785558e+00
8.790054e+00
8.794550e+00
8.799045e+00
8.803540e+00
8.808036e+00
8.812532e+00
8.817027e+00
8.821523e+00
8.826018e+00
8.830514e+00
8.835010e+00
8.839505e+00
8.844000e+00
8.848496e+00
8.852992e+00
8.857487e+00
8.861983e+00
8.866479e+00
8.870974e+00
8.875470e+00
8.879965e+00
8.884461e+00
8.888956e+00
8.893452e+00
8.897947e+00
8.902443e+00
8.906939e+00
8.911434e+00
8.915930e+00
8.920426e+00
8.924921e+00
8.929416e+00
8.933912e+00
8.938407e+00
8.942903e+00
8.947399e+00
8.951894e+00
8.956389e+00
8.960885e+00
8.965381e+00
8.969876e+00
8.974372e+00
8.978868e+00
8.983363e+00
8.987859e+00
8.992354e+00
8.996850e+00
9.001345e+00
9.005841e+00
9.010336e+00
9.014832e+00
9.019328e+00
9.023823e+00
9.028318e+00
9.032815e+00
9.037310e+00
9.041805e+00
9.046301e+00
9.050796e+00
9.055292e+00
9.059788e+00
9.064283e+00
9.068778e+00
9.073274e+00
9.077770e+00
9.082265e+00
9.086761e+00
9.091257e+00
9.095752e+00
9.100248e+00
9.104743e+00
9.109239e+00
9.113734e+00
9.118230e+00
9.122725e+00
9.127221e+00
9.131717e+00
9.136212e+00
9.140707e+00
9.145204e+00
9.149699e+00
9.154194e+00
9.158690e+00
9.163185e+00
9.167681e+00
9.172176e+00
9.176672e+00
9.181167e+00
9.185663e+00
9.190159e+00
9.194654e+00
9.199150e+00
9.203646e+00
9.208141e+00
9.212636e+00
9.217132e+00
9.221628e+00
9.226123e+00
9.230619e+00
9.235114e+00
9.239610e+00
9.244106e+00
9.248601e+00
9.253096e+00
9.257593e+00
9.262088e+00
9.266583e+00
9.271079e+00
9.275575e+00
9.280070e+00
9.284565e+00
9.289061e+00
9.293556e+00
9.298052e+00
9.302548e+00
9.307043e+00
9.311539e+00
9.316035e+00
9.320530e+00
9.325025e+00
9.329521e+00
9.334017e+00
9.338512e+00
9.343008e+00
9.347503e+00
9.351999e+00
9.356495e+00
9.360990e+00
9.365485e+00
9.369981e+00
9.374477e+00
9.378972e+00
9.383468e+00
9.387964e+00
9.392459e+00
9.396954e+00
9.401450e+00
9.405945e+00
9.410441e+00
9.414937e+00
9.419432e+00
9.423927e+00
9.428424e+00
9.432919e+00
9.437414e+00
9.441910e+00
9.446406e+00
9.450901e+00
9.455396e+00
9.459892e+00
9.464388e+00
9.468884e+00
9.473379e+00
9.477874e+00
9.482370e+00
9.486866e+00
9.491361e+00
9.495856e+00
9.500353e+00
9.504848e+00
9.509343e+00
9.513839e+00
9.518335e+00
9.522830e+00
9.527326e+00
9.531821e+00
9.536316e+00
9.540813e+00
9.545308e+00
9.549803e+00
9.554299e+00
9.558795e+00
9.563290e+00
9.567785e+00
9.572281e+00
9.576777e+00
9.581272e+00
9.585768e+00
9.590263e+00
9.594759e+00
9.599255e+00
9.603750e+00
9.608245e+00
9.612741e+00
9.617237e+00
9.621732e+00
9.626228e+00
9.630724e+00
9.635219e+00
9.639715e+00
9.644211e+00
9.648704e+00
9.653201e+00
9.657697e+00
9.662192e+00
9.666688e+00
9.671185e+00
9.675678e+00
9.680174e+00
9.684670e+00
9.689166e+00
9.693662e+00
9.698157e+00
9.702653e+00
9.707148e+00
9.711643e+00
9.716139e+00
9.720635e+00
9.725131e+00
9.729627e+00
9.734120e+00
9.738616e+00
9.743113e+00
9.747608e+00
9.752104e+00
9.756600e+00
9.761093e+00
9.765590e+00
9.770085e+00
9.774581e+00
9.779077e+00
9.783573e+00
9.788069e+00
9.792563e+00
9.797058e+00
9.801555e+00
9.806051e+00
9.810546e+00
9.815042e+00
9.819536e+00
9.824032e+00
9.828528e+00
9.833023e+00
9.837520e+00
9.842016e+00
9.846509e+00
9.851005e+00
9.855501e+00
9.859997e+00
9.864493e+00
9.868988e+00
9.873485e+00
9.877979e+00
9.882474e+00
9.886970e+00
9.891466e+00
9.895962e+00
9.900458e+00
9.904951e+00
9.909447e+00
9.913944e+00
9.918439e+00
9.922935e+00
9.927431e+00
9.931925e+00
9.936421e+00
9.940916e+00
9.945412e+00
9.949909e+00
9.954404e+00
9.958900e+00
9.963394e+00
9.967890e+00
9.972386e+00
9.976882e+00
9.981377e+00
9.985874e+00
9.990367e+00
9.994863e+00
9.999359e+00
1.000385e+01
1.000835e+01
1.001285e+01
1.001734e+01
1.002184e+01
1.002633e+01
1.003083e+01
1.003532e+01
1.003982e+01
1.004432e+01
1.004881e+01
1.005331e+01
1.005780e+01
1.006230e+01
1.006679e+01
1.007129e+01
1.007578e+01
1.008028e+01
1.008477e+01
1.008927e+01
1.009377e+01
1.009826e+01
1.010276e+01
1.010725e+01
1.011175e+01
1.011624e+01
1.012074e+01
1.012524e+01
1.012973e+01
1.013422e+01
1.013872e+01
1.014322e+01
1.014771e+01
1.015221e+01
1.015670e+01
1.016120e+01
1.016570e+01
1.017019e+01
1.017468e+01
1.017919e+01
1.018368e+01
1.018817e+01
1.019267e+01
1.019716e+01
1.020166e+01
1.020616e+01
1.021065e+01
1.021515e+01
1.021964e+01
1.022414e+01
1.022863e+01
1.023312e+01
1.023763e+01
1.024212e+01
1.024661e+01
1.025111e+01
1.025560e+01
1.026010e+01
1.026460e+01
1.026909e+01
1.027359e+01
1.027809e+01
1.028258e+01
1.028707e+01
1.029157e+01
1.029607e+01
1.030056e+01
1.030506e+01
1.030955e+01
1.031405e+01
1.031855e+01
1.032304e+01
1.032753e+01
1.033203e+01
1.033653e+01
1.034102e+01
1.034552e+01
1.035001e+01
1.035451e+01
1.035901e+01
1.036350e+01
1.036799e+01
1.037249e+01
1.037699e+01
1.038148e+01
1.038597e+01
1.039047e+01
1.039497e+01
1.039946e+01
1.040396e+01
1.040845e+01
1.041295e+01
1.041745e+01
1.042194e+01
1.042643e+01
1.043093e+01
1.043543e+01
1.043992e+01
1.044442e+01
1.044891e+01
1.045341e+01
1.045791e+01
1.046240e+01
1.046690e+01
1.047140e+01
1.047589e+01
1.048038e+01
1.048488e+01
1.048938e+01
1.049387e+01
1.049837e+01
1.050286e+01
1.050735e+01
1.051186e+01
1.051635e+01
1.052084e+01
1.052534e+01
1.052984e+01
1.053433e+01
1.053883e+01
1.054332e+01
1.054782e+01
1.055231e+01
1.055681e+01
1.056130e+01
1.056580e+01
1.057030e+01
1.057479e+01
1.057928e+01
1.058378e+01
1.058828e+01
1.059277e+01
1.059727e+01
1.060176e+01
1.060626e+01
1.061076e+01
1.061525e+01
1.061974e+01
1.062424e+01
1.062874e+01
1.063323e+01
1.063773e+01
1.064223e+01
1.064672e+01
1.065122e+01
1.065571e+01
1.066020e+01
1.066471e+01
1.066920e+01
1.067369e+01
1.067819e+01
1.068268e+01
1.068718e+01
1.069168e+01
1.069617e+01
1.070067e+01
1.070516e+01
1.070966e+01
1.071415e+01
1.071864e+01
1.072315e+01
1.072764e+01
1.073213e+01
1.073663e+01
1.074113e+01
1.074562e+01
1.075012e+01
1.075461e+01
1.075911e+01
1.076361e+01
1.076810e+01
1.077259e+01
1.077709e+01
1.078159e+01
1.078608e+01
1.079058e+01
1.079507e+01
1.079957e+01
1.080407e+01
1.080856e+01
1.081305e+01
1.081755e+01
1.082205e+01
1.082654e+01
1.083104e+01
1.083553e+01
1.084003e+01
1.084453e+01
1.084902e+01
