9.608667e-04
9.792169e-04
9.975677e-04
1.015918e-03
1.034268e-03
1.052619e-03
1.070969e-03
1.089320e-03
1.107670e-03
1.126021e-03
1.144371e-03
1.162722e-03
1.181072e-03
1.199422e-03
1.217773e-03
1.236123e-03
1.254474e-03
1.272824e-03
1.291175e-03
1.309525e-03
1.327876e-03
1.346226e-03
1.364576e-03
1.382927e-03
1.401277e-03
1.419628e-03
1.437978e-03
1.456329e-03
1.474679e-03
1.493029e-03
1.511380e-03
1.623661e-03
1.735942e-03
1.848223e-03
1.960504e-03
2.072785e-03
2.185066e-03
2.297347e-03
2.409628e-03
2.521909e-03
2.634190e-03
2.746471e-03
2.858752e-03
2.971033e-03
3.083314e-03
3.195595e-03
3.307876e-03
3.420157e-03
3.532438e-03
3.644719e-03
3.757000e-03
3.812590e-03
3.868180e-03
3.923770e-03
3.979360e-03
4.034950e-03
4.090540e-03
4.146130e-03
4.201720e-03
4.257310e-03
4.312900e-03
4.368490e-03
4.424080e-03
4.479670e-03
4.535260e-03
4.590850e-03
4.646440e-03
4.702030e-03
4.757620e-03
4.725382e-03
4.868800e-03
5.012218e-03
5.155635e-03
5.299053e-03
5.442471e-03
5.585889e-03
5.729307e-03
5.872725e-03
6.016142e-03
6.159560e-03
6.302978e-03
6.446395e-03
6.589813e-03
6.733231e-03
6.876649e-03
7.020067e-03
7.163485e-03
7.306902e-03
7.450320e-03
7.593738e-03
7.737155e-03
7.880573e-03
8.023991e-03
8.167409e-03
8.310827e-03
8.454245e-03
8.597662e-03
8.741080e-03
8.884498e-03
9.027915e-03
9.171333e-03
9.289140e-03
9.406947e-03
9.524753e-03
9.642560e-03
9.760367e-03
9.878173e-03
9.995980e-03
1.011379e-02
1.023159e-02
1.034940e-02
1.046721e-02
1.058501e-02
1.070282e-02
1.082063e-02
1.093843e-02
1.105624e-02
1.117405e-02
1.129185e-02
1.140966e-02
1.152747e-02
1.164527e-02
1.176308e-02
1.188089e-02
1.199869e-02
1.211650e-02
1.223431e-02
1.235211e-02
1.246992e-02
1.258773e-02
1.270553e-02
1.282334e-02
1.294115e-02
1.305895e-02
1.317676e-02
1.329457e-02
1.341237e-02
1.353018e-02
1.364799e-02
1.376579e-02
1.388360e-02
1.400141e-02
1.411921e-02
1.423702e-02
1.435483e-02
1.447263e-02
1.459044e-02
1.470825e-02
1.482605e-02
1.494386e-02
1.506167e-02
1.520319e-02
1.534472e-02
1.548625e-02
1.562777e-02
1.576930e-02
1.591083e-02
1.605235e-02
1.619388e-02
1.633541e-02
1.647693e-02
1.661846e-02
1.675999e-02
1.690151e-02
1.704304e-02
1.718457e-02
1.732609e-02
1.746762e-02
1.760915e-02
1.775067e-02
1.789220e-02
1.803373e-02
1.817525e-02
1.831678e-02
1.845831e-02
1.859983e-02
1.874136e-02
1.888289e-02
1.902441e-02
1.916594e-02
1.930747e-02
1.944899e-02
1.959052e-02
1.973205e-02
1.987357e-02
2.001510e-02
2.015663e-02
2.029815e-02
2.043968e-02
2.058121e-02
2.072273e-02
2.086426e-02
2.100579e-02
2.114731e-02
2.128884e-02
2.143037e-02
2.157189e-02
2.171342e-02
2.185495e-02
2.199647e-02
2.213800e-02
2.215235e-02
2.216671e-02
2.218106e-02
2.219541e-02
2.220977e-02
2.222412e-02
2.223847e-02
2.225283e-02
2.226718e-02
2.228153e-02
2.229589e-02
2.231024e-02
2.232459e-02
2.233895e-02
2.235330e-02
2.236765e-02
2.238201e-02
2.239636e-02
2.241071e-02
2.242507e-02
2.243942e-02
2.245377e-02
2.246813e-02
2.248248e-02
2.249683e-02
2.251119e-02
2.252554e-02
2.253989e-02
2.255425e-02
2.256860e-02
2.258295e-02
2.259731e-02
2.261166e-02
2.262601e-02
2.264037e-02
2.265472e-02
2.266907e-02
2.268343e-02
2.269778e-02
2.271213e-02
2.272649e-02
2.274084e-02
2.275519e-02
2.276955e-02
2.278390e-02
2.279825e-02
2.281261e-02
2.282696e-02
2.284131e-02
2.285567e-02
2.287002e-02
2.288437e-02
2.289873e-02
2.291308e-02
2.292743e-02
2.294179e-02
2.295614e-02
2.297049e-02
2.298485e-02
2.299920e-02
2.301355e-02
2.302791e-02
2.304226e-02
2.305661e-02
2.307097e-02
2.308532e-02
2.309967e-02
2.311403e-02
2.312838e-02
2.314273e-02
2.315709e-02
2.317144e-02
2.318579e-02
2.320015e-02
2.321450e-02
2.322885e-02
2.324321e-02
2.325756e-02
2.327191e-02
2.328627e-02
2.330062e-02
2.331497e-02
2.332933e-02
2.334368e-02
2.335803e-02
2.337239e-02
2.338674e-02
2.340109e-02
2.341545e-02
2.342980e-02
2.344415e-02
2.345851e-02
2.347286e-02
2.348721e-02
2.350157e-02
2.351592e-02
2.353027e-02
2.354463e-02
2.355898e-02
2.357333e-02
2.365832e-02
2.374330e-02
2.382828e-02
2.391327e-02
2.399825e-02
2.408323e-02
2.416822e-02
2.425320e-02
2.433818e-02
2.442317e-02
2.450815e-02
2.459313e-02
2.467812e-02
2.476310e-02
2.484808e-02
2.493307e-02
2.501805e-02
2.510303e-02
2.518802e-02
2.527300e-02
2.535798e-02
2.544297e-02
2.552795e-02
2.561293e-02
2.569792e-02
2.578290e-02
2.586788e-02
2.595287e-02
2.603785e-02
2.612283e-02
2.620782e-02
2.629280e-02
2.637778e-02
2.646277e-02
2.654775e-02
2.663273e-02
2.671772e-02
2.680270e-02
2.688768e-02
2.697267e-02
2.705765e-02
2.714263e-02
2.722762e-02
2.731260e-02
2.739758e-02
2.748257e-02
2.756755e-02
2.765253e-02
2.773752e-02
2.782250e-02
2.790748e-02
2.799247e-02
2.807745e-02
2.816243e-02
2.824742e-02
2.833240e-02
2.841738e-02
2.850237e-02
2.858735e-02
2.867233e-02
2.875732e-02
2.884230e-02
2.892728e-02
2.901227e-02
2.909725e-02
2.918223e-02
2.926722e-02
2.935220e-02
2.943718e-02
2.952217e-02
2.960715e-02
2.969213e-02
2.977712e-02
2.986210e-02
2.994708e-02
3.003207e-02
3.011705e-02
3.020203e-02
3.028702e-02
3.037200e-02
3.045698e-02
3.054197e-02
3.062695e-02
3.071193e-02
3.079692e-02
3.088190e-02
3.096688e-02
3.105187e-02
3.113685e-02
3.122183e-02
3.130682e-02
3.139180e-02
3.147678e-02
3.156177e-02
3.164675e-02
3.173173e-02
3.181672e-02
3.190170e-02
3.198668e-02
3.207167e-02
3.219146e-02
3.231125e-02
3.243105e-02
3.255084e-02
3.267063e-02
3.279043e-02
3.291022e-02
3.303001e-02
3.314981e-02
3.326960e-02
3.338939e-02
3.350919e-02
3.362898e-02
3.374877e-02
3.386857e-02
3.398836e-02
3.410815e-02
3.422795e-02
3.434774e-02
3.446753e-02
3.458733e-02
3.470712e-02
3.482691e-02
3.494671e-02
3.506650e-02
3.518629e-02
3.530609e-02
3.542588e-02
3.554567e-02
3.566547e-02
3.578526e-02
3.590505e-02
3.602485e-02
3.614464e-02
3.626443e-02
3.638423e-02
3.650402e-02
3.662381e-02
3.674361e-02
3.686340e-02
3.698319e-02
3.710299e-02
3.722278e-02
3.734257e-02
3.746237e-02
3.758216e-02
3.770195e-02
3.782175e-02
3.794154e-02
3.806133e-02
3.818113e-02
3.830092e-02
3.842071e-02
3.854051e-02
3.866030e-02
3.878009e-02
3.889989e-02
3.901968e-02
3.913947e-02
3.925927e-02
3.937906e-02
3.949885e-02
3.961865e-02
3.973844e-02
3.985823e-02
3.997803e-02
4.009782e-02
4.021761e-02
4.033741e-02
4.045720e-02
4.057699e-02
4.069679e-02
4.081658e-02
4.093637e-02
4.105617e-02
4.117596e-02
4.129575e-02
4.141555e-02
4.153534e-02
4.165513e-02
4.177493e-02
4.189472e-02
4.201451e-02
4.213431e-02
4.225410e-02
4.237389e-02
4.249369e-02
4.261348e-02
4.273327e-02
4.285307e-02
4.297286e-02
4.309265e-02
4.321245e-02
4.333224e-02
4.345203e-02
4.357183e-02
4.369162e-02
4.381141e-02
4.393121e-02
4.405100e-02
4.417079e-02
4.429059e-02
4.441038e-02
4.453017e-02
4.464997e-02
4.476976e-02
4.488955e-02
4.500935e-02
4.512914e-02
4.524893e-02
4.536873e-02
4.548852e-02
4.560831e-02
4.572811e-02
4.584790e-02
4.596769e-02
4.608749e-02
4.620728e-02
4.632707e-02
4.644687e-02
4.656666e-02
4.668645e-02
4.680625e-02
4.692604e-02
4.704583e-02
4.716563e-02
4.728542e-02
4.740521e-02
4.752501e-02
4.764480e-02
4.776459e-02
4.788439e-02
4.800418e-02
4.812397e-02
4.824377e-02
4.836356e-02
4.848335e-02
4.860315e-02
4.872294e-02
4.884273e-02
4.896253e-02
4.908232e-02
4.920211e-02
4.932191e-02
4.944170e-02
4.956149e-02
4.968129e-02
4.980108e-02
4.992087e-02
5.004067e-02
5.016046e-02
5.028025e-02
5.040005e-02
5.051984e-02
5.063963e-02
5.075943e-02
5.087922e-02
5.099901e-02
5.111881e-02
5.123860e-02
5.135839e-02
5.147819e-02
5.159798e-02
5.171777e-02
5.183757e-02
5.195736e-02
5.207715e-02
5.219695e-02
5.231674e-02
5.243653e-02
5.255633e-02
5.267612e-02
5.279591e-02
5.291571e-02
5.303550e-02
5.315529e-02
5.327509e-02
5.339488e-02
5.351467e-02
5.363447e-02
5.375426e-02
5.387405e-02
5.399385e-02
5.411364e-02
5.423343e-02
5.435323e-02
5.447302e-02
5.459281e-02
5.471261e-02
5.483240e-02
5.495219e-02
5.507199e-02
5.519178e-02
5.531157e-02
5.543137e-02
5.555116e-02
5.567095e-02
5.579075e-02
5.591054e-02
5.603033e-02
5.620488e-02
5.637943e-02
5.655398e-02
5.672853e-02
5.690308e-02
5.707763e-02
5.725218e-02
5.742673e-02
5.760128e-02
5.777583e-02
5.795038e-02
5.812493e-02
5.829948e-02
5.847403e-02
5.864858e-02
5.882313e-02
5.899768e-02
5.917223e-02
5.934678e-02
5.952133e-02
5.969588e-02
5.987043e-02
6.004498e-02
6.021953e-02
6.039408e-02
6.056863e-02
6.074318e-02
6.091773e-02
6.109228e-02
6.126683e-02
6.144138e-02
6.161593e-02
6.179048e-02
6.196503e-02
6.213958e-02
6.231413e-02
6.248868e-02
6.266323e-02
6.283778e-02
6.301233e-02
6.318688e-02
6.336143e-02
6.353598e-02
6.371053e-02
6.388508e-02
6.405963e-02
6.423418e-02
6.440873e-02
6.458328e-02
6.475783e-02
6.493238e-02
6.510693e-02
6.528148e-02
6.545603e-02
6.563058e-02
6.580513e-02
6.597968e-02
6.615423e-02
6.632878e-02
6.650333e-02
6.667788e-02
6.685243e-02
6.702698e-02
6.720153e-02
6.737608e-02
6.755063e-02
6.772518e-02
6.789973e-02
6.807428e-02
6.824883e-02
6.842338e-02
6.859793e-02
6.877248e-02
6.894703e-02
6.912158e-02
6.929613e-02
6.947068e-02
6.964523e-02
6.981978e-02
6.999433e-02
7.016888e-02
7.034343e-02
7.051798e-02
7.069253e-02
7.086708e-02
7.104163e-02
7.121618e-02
7.139073e-02
7.156528e-02
7.173983e-02
7.191438e-02
7.208893e-02
7.226348e-02
7.243803e-02
7.261258e-02
7.278713e-02
7.296168e-02
7.313623e-02
7.331078e-02
7.348533e-02
7.447115e-02
7.545696e-02
7.644278e-02
7.742859e-02
7.841441e-02
7.940023e-02
8.038604e-02
8.137186e-02
8.235767e-02
8.334349e-02
8.432930e-02
8.531512e-02
8.630094e-02
8.728675e-02
8.827257e-02
8.925838e-02
9.024420e-02
9.123002e-02
9.221583e-02
9.320165e-02
9.418746e-02
9.517328e-02
9.615910e-02
9.714491e-02
9.813073e-02
9.911654e-02
1.001024e-01
1.010882e-01
1.020740e-01
1.030598e-01
1.040456e-01
1.050314e-01
1.060173e-01
1.070031e-01
1.079889e-01
1.089747e-01
1.099605e-01
1.109463e-01
1.119321e-01
1.129180e-01
1.139038e-01
1.148896e-01
1.158754e-01
1.168612e-01
1.178470e-01
1.188329e-01
1.198187e-01
1.208045e-01
1.217903e-01
1.227761e-01
1.237619e-01
1.247478e-01
1.257336e-01
1.267194e-01
1.277052e-01
1.286910e-01
1.296768e-01
1.306627e-01
1.316485e-01
1.326343e-01
1.336201e-01
1.346059e-01
1.355917e-01
1.365775e-01
1.375634e-01
1.385492e-01
1.395350e-01
1.405208e-01
1.415066e-01
1.424924e-01
1.434783e-01
1.444641e-01
1.454499e-01
1.464357e-01
1.474215e-01
1.484073e-01
1.493932e-01
1.503790e-01
1.513648e-01
1.523506e-01
1.533364e-01
1.543222e-01
1.553080e-01
1.562939e-01
1.572797e-01
1.582655e-01
1.592513e-01
1.602371e-01
1.612229e-01
1.622088e-01
1.631946e-01
1.641804e-01
1.651662e-01
1.661520e-01
1.671378e-01
1.681237e-01
1.691095e-01
1.700953e-01
1.710811e-01
1.720669e-01
1.730527e-01
1.740386e-01
1.750244e-01
1.760102e-01
1.769960e-01
1.779818e-01
1.789676e-01
1.799534e-01
1.809393e-01
1.819251e-01
1.829109e-01
1.838967e-01
1.848825e-01
1.858683e-01
1.868542e-01
1.878400e-01
1.888258e-01
1.898116e-01
1.907974e-01
1.917832e-01
1.927691e-01
1.937549e-01
1.947407e-01
1.957265e-01
1.967123e-01
1.976981e-01
1.986839e-01
1.996698e-01
2.006556e-01
2.016414e-01
2.026272e-01
2.036130e-01
2.045988e-01
2.055847e-01
2.065705e-01
2.075563e-01
2.085421e-01
2.095279e-01
2.105137e-01
2.114996e-01
2.124854e-01
2.134712e-01
2.144570e-01
2.154428e-01
2.164286e-01
2.174145e-01
2.184003e-01
2.193861e-01
2.203719e-01
2.213577e-01
2.223435e-01
2.233293e-01
2.243152e-01
2.253010e-01
2.262868e-01
2.272726e-01
2.282584e-01
2.292442e-01
2.302301e-01
2.312159e-01
2.322017e-01
2.331875e-01
2.341733e-01
2.351591e-01
2.361450e-01
2.371308e-01
2.381166e-01
2.391024e-01
2.400882e-01
2.410740e-01
2.420598e-01
2.430457e-01
2.440315e-01
2.450173e-01
2.460031e-01
2.469889e-01
2.479747e-01
2.489606e-01
2.499464e-01
2.509322e-01
2.519180e-01
2.529038e-01
2.538896e-01
2.548755e-01
2.558613e-01
2.568471e-01
2.578329e-01
2.588187e-01
2.598045e-01
2.607904e-01
2.617762e-01
2.627620e-01
2.637478e-01
2.647336e-01
2.657194e-01
2.667052e-01
2.676911e-01
2.686769e-01
2.696627e-01
2.706485e-01
2.716343e-01
2.726201e-01
2.736060e-01
2.745918e-01
2.755776e-01
2.765634e-01
2.775492e-01
2.785350e-01
2.795209e-01
2.805067e-01
2.814925e-01
2.824783e-01
2.834641e-01
2.844499e-01
2.854357e-01
2.864216e-01
2.874074e-01
2.883932e-01
2.893790e-01
2.903648e-01
2.913506e-01
2.923365e-01
2.933223e-01
2.943081e-01
2.952939e-01
2.962797e-01
2.972655e-01
2.982514e-01
2.992372e-01
3.002230e-01
3.012088e-01
3.021946e-01
3.031804e-01
3.041662e-01
3.051521e-01
3.061379e-01
3.071237e-01
3.081095e-01
3.090953e-01
3.100811e-01
3.110670e-01
3.120528e-01
3.130386e-01
3.140244e-01
3.150102e-01
3.159960e-01
3.169819e-01
3.179677e-01
3.189535e-01
3.199393e-01
3.209251e-01
3.219109e-01
3.228968e-01
3.238826e-01
3.248684e-01
3.258542e-01
3.268400e-01
3.278258e-01
3.288116e-01
3.297975e-01
3.307833e-01
3.317691e-01
3.327549e-01
3.337407e-01
3.347265e-01
3.357124e-01
3.366982e-01
3.376840e-01
3.386698e-01
3.396556e-01
3.406414e-01
3.416273e-01
3.426131e-01
3.435989e-01
3.445847e-01
3.455705e-01
3.465563e-01
3.475421e-01
3.485280e-01
3.495138e-01
3.504996e-01
3.514854e-01
3.524712e-01
3.534570e-01
3.544429e-01
3.554287e-01
3.564145e-01
3.574003e-01
3.583861e-01
3.593719e-01
3.603578e-01
3.613436e-01
3.623294e-01
3.633152e-01
3.643010e-01
3.652868e-01
3.662727e-01
3.672585e-01
3.682443e-01
3.692301e-01
3.702159e-01
3.712017e-01
3.721875e-01
3.731734e-01
3.741592e-01
3.751450e-01
3.761308e-01
3.771166e-01
3.781024e-01
3.790883e-01
3.800741e-01
3.810599e-01
3.820457e-01
3.830315e-01
3.840173e-01
3.850032e-01
3.859890e-01
3.869748e-01
3.879606e-01
3.889464e-01
3.899322e-01
3.909180e-01
3.919039e-01
3.928897e-01
3.938755e-01
3.948613e-01
3.958471e-01
3.968329e-01
3.978188e-01
3.988046e-01
3.997904e-01
4.007762e-01
4.017620e-01
4.027478e-01
4.037337e-01
4.047195e-01
4.057053e-01
4.066911e-01
4.076769e-01
4.086627e-01
4.096486e-01
4.106344e-01
4.116202e-01
4.126060e-01
4.135918e-01
4.145776e-01
4.155634e-01
4.165493e-01
4.175351e-01
4.185209e-01
4.195067e-01
4.204925e-01
4.214783e-01
4.224642e-01
4.234500e-01
4.244358e-01
4.254216e-01
4.264074e-01
4.273932e-01
4.283791e-01
4.293649e-01
4.303507e-01
4.313365e-01
4.323223e-01
4.333081e-01
4.342939e-01
4.352798e-01
4.362656e-01
4.372514e-01
4.382372e-01
4.392230e-01
4.402088e-01
4.411947e-01
4.421805e-01
4.431663e-01
4.441521e-01
4.451379e-01
4.461237e-01
4.471096e-01
4.480954e-01
4.490812e-01
4.500670e-01
4.510528e-01
4.520386e-01
4.530245e-01
4.540103e-01
4.549961e-01
4.559819e-01
4.569677e-01
4.579535e-01
4.589393e-01
4.599252e-01
4.609110e-01
4.618968e-01
4.628826e-01
4.638684e-01
4.648542e-01
4.658401e-01
4.668259e-01
4.678117e-01
4.687975e-01
4.697833e-01
4.707691e-01
4.717550e-01
4.727408e-01
4.737266e-01
4.747124e-01
4.760751e-01
4.774377e-01
4.788003e-01
4.801629e-01
4.815255e-01
4.828882e-01
4.842508e-01
4.856134e-01
4.869760e-01
4.883386e-01
4.897012e-01
4.910639e-01
4.924265e-01
4.937891e-01
4.951517e-01
4.965143e-01
4.978769e-01
4.992396e-01
5.006022e-01
5.019648e-01
5.033274e-01
5.046900e-01
5.060527e-01
5.074153e-01
5.087779e-01
5.101405e-01
5.115031e-01
5.128657e-01
5.142284e-01
5.155910e-01
5.169536e-01
5.183162e-01
5.196788e-01
5.210414e-01
5.224041e-01
5.237667e-01
5.251293e-01
5.264919e-01
5.278545e-01
5.292172e-01
5.305798e-01
5.319424e-01
5.333050e-01
5.346676e-01
5.360302e-01
5.373929e-01
5.387555e-01
5.401181e-01
5.414807e-01
5.428433e-01
5.442060e-01
5.455686e-01
5.469312e-01
5.482938e-01
5.496564e-01
5.510190e-01
5.523817e-01
5.537443e-01
5.551069e-01
5.564695e-01
5.578321e-01
5.591947e-01
5.605574e-01
5.619200e-01
5.632826e-01
5.646452e-01
5.660078e-01
5.673705e-01
5.687331e-01
5.700957e-01
5.714583e-01
5.728209e-01
5.741835e-01
5.755462e-01
5.769088e-01
5.782714e-01
5.796340e-01
5.809966e-01
5.823592e-01
5.837219e-01
5.850845e-01
5.864471e-01
5.878097e-01
5.891723e-01
5.905350e-01
5.918976e-01
5.932602e-01
5.946228e-01
5.959854e-01
5.973480e-01
5.987107e-01
6.000733e-01
6.014359e-01
6.027985e-01
6.041611e-01
6.055238e-01
6.068864e-01
6.082490e-01
6.096116e-01
6.109742e-01
6.136129e-01
6.162516e-01
6.188902e-01
6.215289e-01
6.241676e-01
6.268063e-01
6.294449e-01
6.320837e-01
6.347223e-01
6.373610e-01
6.399997e-01
6.426383e-01
6.452770e-01
6.479157e-01
6.505544e-01
6.531930e-01
6.558317e-01
6.584704e-01
6.611091e-01
6.637477e-01
6.663864e-01
6.690251e-01
6.716638e-01
6.743024e-01
6.769411e-01
6.795798e-01
6.822184e-01
6.848571e-01
6.874958e-01
6.901345e-01
6.927731e-01
6.954119e-01
6.980505e-01
7.006892e-01
7.033279e-01
7.059665e-01
7.086052e-01
7.112439e-01
7.138826e-01
7.165212e-01
7.191599e-01
7.217986e-01
7.244373e-01
7.270759e-01
7.297146e-01
7.323533e-01
7.349920e-01
7.376306e-01
7.402693e-01
7.429080e-01
7.455466e-01
7.481854e-01
7.508240e-01
7.534627e-01
7.561014e-01
7.587401e-01
7.613787e-01
7.640174e-01
7.666561e-01
7.692947e-01
7.719334e-01
7.745721e-01
7.772108e-01
7.798494e-01
7.824882e-01
7.851268e-01
7.877655e-01
7.904042e-01
7.930429e-01
7.956815e-01
7.983202e-01
8.009589e-01
8.035975e-01
8.062362e-01
8.088749e-01
8.115136e-01
8.141522e-01
8.167909e-01
8.194296e-01
8.220683e-01
8.247069e-01
8.273456e-01
8.299843e-01
8.326229e-01
8.352616e-01
8.379003e-01
8.405390e-01
8.431776e-01
8.458164e-01
8.484550e-01
8.510937e-01
8.537324e-01
8.563711e-01
8.590097e-01
8.616484e-01
8.642871e-01
8.669257e-01
8.695644e-01
8.722031e-01
8.748418e-01
8.774804e-01
8.801191e-01
8.827578e-01
8.853965e-01
8.880351e-01
8.906739e-01
8.933125e-01
8.959511e-01
8.985899e-01
9.012285e-01
9.038672e-01
9.065059e-01
9.091446e-01
9.117832e-01
9.144219e-01
9.170606e-01
9.196993e-01
9.223379e-01
9.249766e-01
9.276153e-01
9.302539e-01
9.328927e-01
9.355313e-01
9.381700e-01
9.408087e-01
9.434474e-01
9.460860e-01
9.487247e-01
9.513634e-01
9.540021e-01
9.566407e-01
9.592794e-01
9.619181e-01
9.645567e-01
9.671954e-01
9.698341e-01
9.724728e-01
9.751114e-01
9.777501e-01
9.803889e-01
9.830275e-01
9.856660e-01
9.883049e-01
9.909435e-01
9.935820e-01
9.962210e-01
9.988595e-01
1.001498e+00
1.004137e+00
1.006776e+00
1.009414e+00
1.012053e+00
1.014691e+00
1.017330e+00
1.019969e+00
1.022608e+00
1.025246e+00
1.027885e+00
1.030523e+00
1.033162e+00
1.035801e+00
1.038440e+00
1.041078e+00
1.043717e+00
1.046356e+00
1.048994e+00
1.051633e+00
1.054272e+00
1.056910e+00
1.059549e+00
1.062188e+00
1.064826e+00
1.067465e+00
1.070104e+00
1.072742e+00
1.075381e+00
1.078020e+00
1.080659e+00
1.083297e+00
1.085936e+00
1.088574e+00
1.091213e+00
1.093852e+00
1.096491e+00
1.099129e+00
1.101768e+00
1.104406e+00
1.107045e+00
1.109684e+00
1.112323e+00
1.114962e+00
1.117600e+00
1.120238e+00
1.122877e+00
1.125516e+00
1.128155e+00
1.130794e+00
1.133432e+00
1.136070e+00
1.138709e+00
1.141348e+00
1.143666e+00
1.145984e+00
1.148303e+00
1.150621e+00
1.152939e+00
1.155257e+00
1.157576e+00
1.159894e+00
1.162213e+00
1.164531e+00
1.166849e+00
1.169167e+00
1.171485e+00
1.173804e+00
1.176122e+00
1.178440e+00
1.180758e+00
1.183076e+00
1.185395e+00
1.187713e+00
1.190031e+00
1.192349e+00
1.194668e+00
1.196986e+00
1.199305e+00
1.201623e+00
1.203941e+00
1.206259e+00
1.208577e+00
1.210896e+00
1.213214e+00
1.215532e+00
1.217850e+00
1.220168e+00
1.222487e+00
1.224806e+00
1.227123e+00
1.229442e+00
1.231760e+00
1.234078e+00
1.236397e+00
1.238715e+00
1.241033e+00
1.243351e+00
1.245669e+00
1.247988e+00
1.250306e+00
1.252624e+00
1.254942e+00
1.257261e+00
1.259579e+00
1.261897e+00
1.264216e+00
1.266534e+00
1.268852e+00
1.271170e+00
1.273489e+00
1.275807e+00
1.278125e+00
1.280443e+00
1.282761e+00
1.285080e+00
1.287398e+00
1.289716e+00
1.292035e+00
1.294353e+00
1.296671e+00
1.298990e+00
1.301308e+00
1.303626e+00
1.305944e+00
1.308262e+00
1.310581e+00
1.312899e+00
1.315217e+00
1.317535e+00
1.319853e+00
1.322171e+00
1.324490e+00
1.326808e+00
1.329127e+00
1.331445e+00
1.333763e+00
1.336082e+00
1.338400e+00
1.340718e+00
1.343036e+00
1.345354e+00
1.347673e+00
1.349991e+00
1.352309e+00
1.354627e+00
1.356946e+00
1.359264e+00
1.361582e+00
1.363901e+00
1.366219e+00
1.368537e+00
1.370855e+00
1.373174e+00
1.375492e+00
1.377810e+00
1.380128e+00
1.382446e+00
1.384764e+00
1.387083e+00
1.389401e+00
1.391720e+00
1.394037e+00
1.396356e+00
1.398675e+00
1.400993e+00
1.403311e+00
1.405629e+00
1.407947e+00
1.410266e+00
1.412584e+00
1.414902e+00
1.417220e+00
1.419538e+00
1.421856e+00
1.424175e+00
1.426494e+00
1.428811e+00
1.431130e+00
1.433448e+00
1.435767e+00
1.438085e+00
1.440403e+00
1.442721e+00
1.445039e+00
1.447357e+00
1.449676e+00
1.451994e+00
1.454312e+00
1.456630e+00
1.458949e+00
1.461267e+00
1.463586e+00
1.465904e+00
1.468222e+00
1.470540e+00
1.472859e+00
1.475177e+00
1.477495e+00
1.479813e+00
1.482131e+00
1.484449e+00
1.486768e+00
1.489086e+00
1.491404e+00
1.493723e+00
1.496041e+00
1.498360e+00
1.500678e+00
1.502996e+00
1.505314e+00
1.507632e+00
1.509950e+00
1.512269e+00
1.514587e+00
1.516905e+00
1.519223e+00
1.521542e+00
1.523860e+00
1.526178e+00
1.528496e+00
1.530815e+00
1.533133e+00
1.535451e+00
1.537770e+00
1.540088e+00
1.542406e+00
1.544724e+00
1.547042e+00
1.549361e+00
1.551679e+00
1.553997e+00
1.556315e+00
1.558634e+00
1.560952e+00
1.563270e+00
1.565589e+00
1.567907e+00
1.570225e+00
1.572543e+00
1.574862e+00
1.577180e+00
1.579498e+00
1.581816e+00
1.584134e+00
1.586453e+00
1.588771e+00
1.591089e+00
1.593408e+00
1.595726e+00
1.598044e+00
1.600363e+00
1.602681e+00
1.604999e+00
1.607317e+00
1.609635e+00
1.611954e+00
1.614272e+00
1.616590e+00
1.618908e+00
1.621227e+00
1.623545e+00
1.625863e+00
1.628182e+00
1.630500e+00
1.632818e+00
1.635136e+00
1.637455e+00
1.639773e+00
1.642091e+00
1.644409e+00
1.646727e+00
1.649046e+00
1.651364e+00
1.653682e+00
1.656001e+00
1.658318e+00
1.660637e+00
1.662956e+00
1.665274e+00
1.667592e+00
1.669910e+00
1.672228e+00
1.674547e+00
1.676865e+00
1.679183e+00
1.681501e+00
1.683819e+00
1.686138e+00
1.688456e+00
1.690774e+00
1.693092e+00
1.695411e+00
1.697729e+00
1.700048e+00
1.702366e+00
1.704684e+00
1.707002e+00
1.709320e+00
1.711639e+00
1.713957e+00
1.716275e+00
1.718593e+00
1.720911e+00
1.723230e+00
1.725548e+00
1.727867e+00
1.730185e+00
1.732503e+00
1.734821e+00
1.737140e+00
1.739458e+00
1.741776e+00
1.744094e+00
1.746412e+00
1.748731e+00
1.751049e+00
1.753367e+00
1.755685e+00
1.758003e+00
1.760322e+00
1.762641e+00
1.764958e+00
1.767277e+00
1.769595e+00
1.771913e+00
1.774232e+00
1.776550e+00
1.778868e+00
1.781186e+00
1.783504e+00
1.785823e+00
1.788141e+00
1.790459e+00
1.792777e+00
1.795096e+00
1.797414e+00
1.799732e+00
1.802051e+00
1.804369e+00
1.806687e+00
1.809005e+00
1.811324e+00
1.813642e+00
1.815960e+00
1.818278e+00
1.820596e+00
1.822915e+00
1.825233e+00
1.827551e+00
1.829870e+00
1.832188e+00
1.834506e+00
1.836825e+00
1.839143e+00
1.841461e+00
1.845481e+00
1.849501e+00
1.853521e+00
1.857541e+00
1.861561e+00
1.865581e+00
1.869601e+00
1.873621e+00
1.877641e+00
1.881661e+00
1.885681e+00
1.889701e+00
1.893721e+00
1.897741e+00
1.901760e+00
1.905780e+00
1.909800e+00
1.913820e+00
1.917840e+00
1.921860e+00
1.925880e+00
1.929900e+00
1.933920e+00
1.937940e+00
1.941960e+00
1.945980e+00
1.950000e+00
1.954020e+00
1.958040e+00
1.962060e+00
1.966080e+00
1.970100e+00
1.974120e+00
1.978140e+00
1.982160e+00
1.986180e+00
1.990200e+00
1.994220e+00
1.998240e+00
2.002260e+00
2.006280e+00
2.010300e+00
2.014320e+00
2.018339e+00
2.022359e+00
2.026379e+00
2.030399e+00
2.034419e+00
2.038439e+00
2.042459e+00
2.046479e+00
2.050499e+00
2.054519e+00
2.058539e+00
2.062559e+00
2.066579e+00
2.070599e+00
2.074619e+00
2.078639e+00
2.082659e+00
2.086679e+00
2.090699e+00
2.094719e+00
2.098739e+00
2.102759e+00
2.106779e+00
2.110799e+00
2.114819e+00
2.118839e+00
2.122859e+00
2.126879e+00
2.130898e+00
2.134918e+00
2.138938e+00
2.142958e+00
2.146978e+00
2.150998e+00
2.155018e+00
2.159038e+00
2.163058e+00
2.167078e+00
2.171098e+00
2.175118e+00
2.179138e+00
2.183158e+00
2.187178e+00
2.191198e+00
2.195218e+00
2.199238e+00
2.203258e+00
2.207278e+00
2.211298e+00
2.215318e+00
2.219338e+00
2.223358e+00
2.227378e+00
2.231398e+00
2.235418e+00
2.239438e+00
2.243458e+00
2.247478e+00
2.251497e+00
2.255517e+00
2.259537e+00
2.263557e+00
2.267577e+00
2.271597e+00
2.275617e+00
2.279637e+00
2.283657e+00
2.287677e+00
2.291697e+00
2.295717e+00
2.299737e+00
2.303757e+00
2.307777e+00
2.311797e+00
2.315817e+00
2.319837e+00
2.323857e+00
2.327877e+00
2.331897e+00
2.335917e+00
2.339937e+00
2.343957e+00
2.347977e+00
2.351997e+00
2.356017e+00
2.360037e+00
2.364056e+00
2.368077e+00
2.372097e+00
2.376116e+00
2.380137e+00
2.384156e+00
2.388176e+00
2.392197e+00
2.396216e+00
2.400236e+00
2.404257e+00
2.408276e+00
2.412297e+00
2.416316e+00
2.420336e+00
2.424357e+00
2.428376e+00
2.432396e+00
2.436416e+00
2.440436e+00
2.444456e+00
2.448476e+00
2.452496e+00
2.456517e+00
2.460536e+00
2.464556e+00
2.468576e+00
2.472596e+00
2.476616e+00
2.480636e+00
2.484656e+00
2.488675e+00
2.492696e+00
2.496716e+00
2.500736e+00
2.504756e+00
2.508776e+00
2.512796e+00
2.516816e+00
2.520835e+00
2.524856e+00
2.528876e+00
2.532895e+00
2.536916e+00
2.540935e+00
2.544956e+00
2.548976e+00
2.552995e+00
2.557016e+00
2.561036e+00
2.565055e+00
2.569076e+00
2.573095e+00
2.577115e+00
2.581136e+00
2.585155e+00
2.589176e+00
2.593195e+00
2.597215e+00
2.601235e+00
2.605255e+00
2.609275e+00
2.613295e+00
2.617315e+00
2.621335e+00
2.625355e+00
2.629375e+00
2.633395e+00
2.637415e+00
2.641435e+00
2.645455e+00
2.649475e+00
2.652770e+00
2.656066e+00
2.659362e+00
2.662657e+00
2.665953e+00
2.669249e+00
2.672545e+00
2.675841e+00
2.679136e+00
2.682432e+00
2.685728e+00
2.689023e+00
2.692319e+00
2.695615e+00
2.698910e+00
2.702206e+00
2.705501e+00
2.708797e+00
2.712093e+00
2.715388e+00
2.718685e+00
2.721980e+00
2.725276e+00
2.728572e+00
2.731867e+00
2.735163e+00
2.738459e+00
2.741754e+00
2.745050e+00
2.748346e+00
2.751641e+00
2.754937e+00
2.758233e+00
2.761528e+00
2.764825e+00
2.768120e+00
2.771416e+00
2.774712e+00
2.778007e+00
2.781303e+00
2.784599e+00
2.787894e+00
2.791190e+00
2.794486e+00
2.797781e+00
2.801077e+00
2.804373e+00
2.807668e+00
2.810965e+00
2.814260e+00
2.817555e+00
2.820852e+00
2.824147e+00
2.827442e+00
2.830739e+00
2.834034e+00
2.837329e+00
2.840626e+00
2.843921e+00
2.847216e+00
2.850513e+00
2.853808e+00
2.857104e+00
2.860400e+00
2.863695e+00
2.866991e+00
2.870287e+00
2.873582e+00
2.876878e+00
2.880174e+00
2.883469e+00
2.886765e+00
2.890061e+00
2.893357e+00
2.896652e+00
2.899948e+00
2.903244e+00
2.906540e+00
2.909835e+00
2.913131e+00
2.916427e+00
2.919722e+00
2.923018e+00
2.926314e+00
2.929609e+00
2.932905e+00
2.936201e+00
2.939497e+00
2.942792e+00
2.946088e+00
2.949384e+00
2.952680e+00
2.955975e+00
2.959271e+00
2.962567e+00
2.965862e+00
2.969158e+00
2.972454e+00
2.975749e+00
2.979045e+00
2.982341e+00
2.985637e+00
2.988932e+00
2.992228e+00
2.995524e+00
2.998819e+00
3.002115e+00
3.005411e+00
3.008706e+00
3.012002e+00
3.015298e+00
3.018593e+00
3.021889e+00
3.025185e+00
3.028480e+00
3.031777e+00
3.035072e+00
3.038367e+00
3.041664e+00
3.044959e+00
3.048255e+00
3.051551e+00
3.054846e+00
3.058142e+00
3.061438e+00
3.064733e+00
3.068029e+00
3.071325e+00
3.074620e+00
3.077916e+00
3.081212e+00
3.084507e+00
3.087804e+00
3.091099e+00
3.094395e+00
3.097691e+00
3.100986e+00
3.104282e+00
3.107578e+00
3.110873e+00
3.114169e+00
3.117465e+00
3.120760e+00
3.124056e+00
3.127352e+00
3.130647e+00
3.133943e+00
3.137239e+00
3.140534e+00
3.143831e+00
3.147126e+00
3.150421e+00
3.153717e+00
3.157013e+00
3.160309e+00
3.163604e+00
3.166900e+00
3.170196e+00
3.173491e+00
3.176787e+00
3.180083e+00
3.183379e+00
3.186674e+00
3.189970e+00
3.193266e+00
3.196561e+00
3.199857e+00
3.203153e+00
3.206449e+00
3.209744e+00
3.213040e+00
3.216336e+00
3.219631e+00
3.222927e+00
3.226223e+00
3.229519e+00
3.232814e+00
3.236110e+00
3.239406e+00
3.242701e+00
3.245997e+00
3.249293e+00
3.252589e+00
3.255884e+00
3.259180e+00
3.262476e+00
3.265771e+00
3.269067e+00
3.272363e+00
3.275658e+00
3.278954e+00
3.282250e+00
3.285545e+00
3.288841e+00
3.292137e+00
3.295432e+00
3.298729e+00
3.302024e+00
3.305319e+00
3.308616e+00
3.311911e+00
3.315723e+00
3.319535e+00
3.323347e+00
3.327160e+00
3.330972e+00
3.334784e+00
3.338596e+00
3.342408e+00
3.346220e+00
3.350033e+00
3.353845e+00
3.357657e+00
3.361469e+00
3.365281e+00
3.369093e+00
3.372906e+00
3.376718e+00
3.380530e+00
3.384342e+00
3.388154e+00
3.391966e+00
3.395778e+00
3.399591e+00
3.403403e+00
3.407215e+00
3.411027e+00
3.414839e+00
3.418651e+00
3.422464e+00
3.426276e+00
3.430088e+00
3.433900e+00
3.437712e+00
3.441524e+00
3.445337e+00
3.449149e+00
3.452961e+00
3.456773e+00
3.460585e+00
3.464397e+00
3.468210e+00
3.472022e+00
3.475834e+00
3.479646e+00
3.483458e+00
3.487270e+00
3.491082e+00
3.494895e+00
3.498707e+00
3.502519e+00
3.506331e+00
3.510143e+00
3.513956e+00
3.517768e+00
3.521580e+00
3.525392e+00
3.529204e+00
3.533016e+00
3.536829e+00
3.540641e+00
3.544453e+00
3.548265e+00
3.552077e+00
3.555890e+00
3.559701e+00
3.563514e+00
3.567326e+00
3.571138e+00
3.574950e+00
3.578763e+00
3.582574e+00
3.586387e+00
3.590199e+00
3.594011e+00
3.597824e+00
3.601635e+00
3.605448e+00
3.609260e+00
3.613072e+00
3.616884e+00
3.620696e+00
3.624508e+00
3.628321e+00
3.632132e+00
3.635945e+00
3.639757e+00
3.643569e+00
3.647382e+00
3.651194e+00
3.655006e+00
3.658818e+00
3.662630e+00
3.666442e+00
3.670255e+00
3.674066e+00
3.677879e+00
3.681691e+00
3.685503e+00
3.689315e+00
3.693128e+00
3.696940e+00
3.700752e+00
3.704564e+00
3.708376e+00
3.712189e+00
3.716000e+00
3.719813e+00
3.723625e+00
3.727437e+00
3.731249e+00
3.735062e+00
3.738873e+00
3.742686e+00
3.746498e+00
3.750310e+00
3.754122e+00
3.757934e+00
3.761747e+00
3.765559e+00
3.769371e+00
3.773183e+00
3.776995e+00
3.780807e+00
3.784620e+00
3.788431e+00
3.792244e+00
3.796056e+00
3.799868e+00
3.803681e+00
3.807493e+00
3.811305e+00
3.815117e+00
3.818929e+00
3.822741e+00
3.826553e+00
3.830365e+00
3.834178e+00
3.837990e+00
3.841802e+00
3.845614e+00
3.849426e+00
3.853239e+00
3.857051e+00
3.860863e+00
3.864675e+00
3.868487e+00
3.872299e+00
3.876112e+00
3.879924e+00
3.883736e+00
3.887548e+00
3.891360e+00
3.895172e+00
3.898984e+00
3.902797e+00
3.906609e+00
3.910421e+00
3.914233e+00
3.918045e+00
3.921857e+00
3.925670e+00
3.929482e+00
3.933294e+00
3.937106e+00
3.940918e+00
3.944730e+00
3.948543e+00
3.952355e+00
3.956167e+00
3.959979e+00
3.963791e+00
3.967603e+00
3.971415e+00
3.975228e+00
3.979040e+00
3.982852e+00
3.986664e+00
3.990476e+00
3.994288e+00
3.998101e+00
4.001913e+00
4.005725e+00
4.009537e+00
4.013349e+00
4.017161e+00
4.020974e+00
4.024786e+00
4.028598e+00
4.032410e+00
4.036222e+00
4.040034e+00
4.043847e+00
4.047659e+00
4.051471e+00
4.055283e+00
4.059095e+00
4.062907e+00
4.066719e+00
4.070532e+00
4.074344e+00
4.078156e+00
4.081968e+00
4.085780e+00
4.089592e+00
4.093405e+00
4.097217e+00
4.101029e+00
4.104841e+00
4.108653e+00
4.112465e+00
4.116278e+00
4.120090e+00
4.123902e+00
4.127714e+00
4.131526e+00
4.135338e+00
4.139150e+00
4.142963e+00
4.146775e+00
4.150587e+00
4.154399e+00
4.158211e+00
4.162023e+00
4.165836e+00
4.169648e+00
4.173460e+00
4.177272e+00
4.181084e+00
4.184896e+00
4.188709e+00
4.192521e+00
4.196333e+00
4.200145e+00
4.203957e+00
4.207769e+00
4.211582e+00
4.215394e+00
4.219206e+00
4.223018e+00
4.226830e+00
4.230642e+00
4.234454e+00
4.238267e+00
4.242079e+00
4.245891e+00
4.249703e+00
4.253515e+00
4.257327e+00
4.261140e+00
4.264952e+00
4.268764e+00
4.272576e+00
4.276388e+00
4.280200e+00
4.284013e+00
4.287825e+00
4.291637e+00
4.295449e+00
4.299261e+00
4.303073e+00
4.306885e+00
4.310698e+00
4.314510e+00
4.318322e+00
4.322134e+00
4.325946e+00
4.329758e+00
4.333571e+00
4.337383e+00
4.341195e+00
4.345007e+00
4.348819e+00
4.352632e+00
4.356444e+00
4.360256e+00
4.364068e+00
4.367880e+00
4.371692e+00
4.375504e+00
4.379317e+00
4.383129e+00
4.386941e+00
4.390753e+00
4.394566e+00
4.398377e+00
4.402190e+00
4.406002e+00
4.409814e+00
4.413626e+00
4.417438e+00
4.421250e+00
4.425063e+00
4.428875e+00
4.432687e+00
4.436500e+00
4.440311e+00
4.444124e+00
4.447935e+00
4.451748e+00
4.455560e+00
4.459372e+00
4.463184e+00
4.467428e+00
4.471671e+00
4.475914e+00
4.480157e+00
4.484401e+00
4.488643e+00
4.492887e+00
4.497130e+00
4.501373e+00
4.505617e+00
4.509860e+00
4.514103e+00
4.518346e+00
4.522589e+00
4.526833e+00
4.531076e+00
4.535319e+00
4.539562e+00
4.543805e+00
4.548048e+00
4.552292e+00
4.556535e+00
4.560778e+00
4.565021e+00
4.569264e+00
4.573508e+00
4.577751e+00
4.581994e+00
4.586238e+00
4.590480e+00
4.594724e+00
4.598967e+00
4.603210e+00
4.607454e+00
4.611697e+00
4.615940e+00
4.620183e+00
4.624426e+00
4.628669e+00
4.632913e+00
4.637156e+00
4.641399e+00
4.645642e+00
4.649885e+00
4.654129e+00
4.658372e+00
4.662615e+00
4.666859e+00
4.671101e+00
4.675345e+00
4.679588e+00
4.683831e+00
4.688074e+00
4.692318e+00
4.696561e+00
4.700804e+00
4.705047e+00
4.709290e+00
4.713534e+00
4.717777e+00
4.722020e+00
4.726263e+00
4.730506e+00
4.734750e+00
4.738992e+00
4.743236e+00
4.747479e+00
4.751722e+00
4.755966e+00
4.760209e+00
4.764452e+00
4.768695e+00
4.772938e+00
4.777181e+00
4.781425e+00
4.785668e+00
4.789911e+00
4.794155e+00
4.798397e+00
4.802641e+00
4.806884e+00
4.811127e+00
4.815371e+00
4.819614e+00
4.823857e+00
4.828100e+00
4.832343e+00
4.836586e+00
4.840830e+00
4.845073e+00
4.849316e+00
4.853559e+00
4.857802e+00
4.862046e+00
4.866289e+00
4.870532e+00
4.874776e+00
4.879018e+00
4.883262e+00
4.887505e+00
4.891748e+00
4.895992e+00
4.900235e+00
4.904478e+00
4.908721e+00
4.912964e+00
4.917207e+00
4.921450e+00
4.925694e+00
4.929937e+00
4.934180e+00
4.938423e+00
4.942667e+00
4.946909e+00
4.951153e+00
4.955397e+00
4.959639e+00
4.963883e+00
4.968126e+00
4.972369e+00
4.976612e+00
4.980855e+00
4.985099e+00
4.989342e+00
4.993585e+00
4.997828e+00
5.002072e+00
5.006314e+00
5.010558e+00
5.014801e+00
5.019044e+00
5.023288e+00
5.027530e+00
5.031774e+00
5.036017e+00
5.040260e+00
5.044504e+00
5.048747e+00
5.052990e+00
5.057233e+00
5.061476e+00
5.065719e+00
5.069963e+00
5.074206e+00
5.078449e+00
5.082693e+00
5.086935e+00
5.091179e+00
5.095422e+00
5.099665e+00
5.103909e+00
5.108152e+00
5.112395e+00
5.116638e+00
5.120881e+00
5.125124e+00
5.129368e+00
5.133611e+00
5.137854e+00
5.142097e+00
5.146340e+00
5.150584e+00
5.154827e+00
5.159070e+00
5.163314e+00
5.167556e+00
5.171800e+00
5.176043e+00
5.180286e+00
5.184530e+00
5.188773e+00
5.193016e+00
5.197259e+00
5.201502e+00
5.205745e+00
5.209988e+00
5.214232e+00
5.218475e+00
5.222718e+00
5.226961e+00
5.231205e+00
5.235447e+00
5.239691e+00
5.243934e+00
5.248177e+00
5.252421e+00
5.256664e+00
5.260907e+00
5.265150e+00
5.269393e+00
5.273637e+00
5.277880e+00
5.282123e+00
5.286366e+00
5.290610e+00
5.294852e+00
5.299096e+00
5.303339e+00
5.307582e+00
5.311826e+00
5.316068e+00
5.320312e+00
5.324555e+00
5.328798e+00
5.333042e+00
5.337285e+00
5.341528e+00
5.345771e+00
5.350014e+00
5.354257e+00
5.358501e+00
5.362744e+00
5.366987e+00
5.371231e+00
5.375473e+00
5.379717e+00
5.383960e+00
5.388203e+00
5.392446e+00
5.396690e+00
5.400933e+00
5.405176e+00
5.409419e+00
5.413663e+00
5.417905e+00
5.422149e+00
5.426392e+00
5.430635e+00
5.434878e+00
5.439122e+00
5.443365e+00
5.447608e+00
5.451851e+00
5.456094e+00
5.460338e+00
5.464581e+00
5.468824e+00
5.473068e+00
5.477310e+00
5.481554e+00
5.485797e+00
5.490040e+00
5.494283e+00
5.498526e+00
5.502770e+00
5.507013e+00
5.511256e+00
5.515499e+00
5.519743e+00
5.523985e+00
5.528229e+00
5.532472e+00
5.536715e+00
5.540959e+00
5.545202e+00
5.549445e+00
5.553688e+00
5.557931e+00
5.562175e+00
5.566418e+00
5.570661e+00
5.574904e+00
5.579148e+00
5.583390e+00
5.587634e+00
5.591877e+00
5.596120e+00
5.600363e+00
5.604606e+00
5.608850e+00
5.613093e+00
5.617336e+00
5.621580e+00
5.625822e+00
5.630066e+00
5.634309e+00
5.638552e+00
5.642795e+00
5.647039e+00
5.651282e+00
5.655525e+00
5.659768e+00
5.664011e+00
5.668255e+00
5.672498e+00
5.676741e+00
5.680984e+00
5.685227e+00
5.689471e+00
5.693714e+00
5.697957e+00
5.702201e+00
5.706443e+00
5.710687e+00
5.714930e+00
5.719173e+00
5.723416e+00
5.727660e+00
5.731903e+00
5.736146e+00
5.740389e+00
5.744632e+00
5.748876e+00
5.753119e+00
5.757362e+00
5.761606e+00
5.765848e+00
5.770092e+00
5.774334e+00
5.778578e+00
5.782821e+00
5.787064e+00
5.791308e+00
5.795551e+00
5.799794e+00
5.804037e+00
5.808280e+00
5.812523e+00
5.816767e+00
5.821010e+00
5.825253e+00
5.829497e+00
5.833739e+00
5.837983e+00
5.842226e+00
5.846469e+00
5.850713e+00
5.854956e+00
5.859199e+00
5.863442e+00
5.867685e+00
5.871928e+00
5.876172e+00
5.880415e+00
5.884658e+00
5.888901e+00
5.893144e+00
5.897388e+00
5.901631e+00
5.905874e+00
5.910118e+00
5.914360e+00
5.918604e+00
5.922847e+00
5.927090e+00
5.931334e+00
5.935577e+00
5.939820e+00
5.944063e+00
5.948306e+00
5.952549e+00
5.956792e+00
5.961036e+00
5.965279e+00
5.969522e+00
5.973765e+00
5.978009e+00
5.982251e+00
5.986495e+00
5.990739e+00
5.994981e+00
5.999225e+00
6.003468e+00
6.007711e+00
6.011954e+00
6.016197e+00
6.020441e+00
6.024684e+00
6.028927e+00
6.033170e+00
6.037414e+00
6.041656e+00
6.045900e+00
6.050144e+00
6.054386e+00
6.058630e+00
6.062872e+00
6.067116e+00
6.071359e+00
6.075602e+00
6.079846e+00
6.084089e+00
6.088332e+00
6.092575e+00
6.096818e+00
6.101061e+00
6.105305e+00
6.109548e+00
6.113791e+00
6.118035e+00
6.122277e+00
6.126521e+00
6.130764e+00
6.135007e+00
6.139251e+00
6.143494e+00
6.147737e+00
6.151980e+00
6.156223e+00
6.160466e+00
6.164710e+00
6.168953e+00
6.173196e+00
6.177439e+00
6.181682e+00
6.185926e+00
6.190168e+00
6.194412e+00
6.198656e+00
6.202898e+00
6.207142e+00
6.211385e+00
6.215628e+00
6.219872e+00
6.224115e+00
6.228358e+00
6.232601e+00
6.236844e+00
6.241087e+00
6.245330e+00
6.249574e+00
6.253817e+00
6.258060e+00
6.262303e+00
6.266547e+00
6.270789e+00
6.275033e+00
6.279276e+00
6.283519e+00
6.287763e+00
6.292006e+00
6.296249e+00
6.300492e+00
6.304735e+00
6.308979e+00
6.313222e+00
6.317465e+00
6.321708e+00
6.325952e+00
6.330194e+00
6.334438e+00
6.338681e+00
6.342924e+00
6.347168e+00
6.351410e+00
6.355654e+00
6.359897e+00
6.364140e+00
6.368384e+00
6.372627e+00
6.376870e+00
6.381113e+00
6.385356e+00
6.389599e+00
6.393843e+00
6.398086e+00
6.402329e+00
6.406573e+00
6.410815e+00
6.415059e+00
6.419302e+00
6.423545e+00
6.427788e+00
6.432032e+00
6.436275e+00
6.440518e+00
6.444761e+00
6.449004e+00
6.453247e+00
6.457491e+00
6.461734e+00
6.465977e+00
6.470220e+00
6.474464e+00
6.478707e+00
6.482950e+00
6.487193e+00
6.491436e+00
6.495680e+00
6.499923e+00
6.504166e+00
6.508410e+00
6.512652e+00
6.516896e+00
6.521139e+00
6.525382e+00
6.529625e+00
6.533868e+00
6.538112e+00
6.542355e+00
6.546598e+00
6.550841e+00
6.555085e+00
6.559327e+00
6.563571e+00
6.567814e+00
6.572057e+00
6.576301e+00
6.580544e+00
6.584787e+00
6.589030e+00
6.593273e+00
6.597826e+00
6.602378e+00
6.606931e+00
6.611484e+00
6.616036e+00
6.620589e+00
6.625142e+00
6.629694e+00
6.634247e+00
6.638800e+00
6.643352e+00
6.647904e+00
6.652457e+00
6.657009e+00
6.661562e+00
6.666115e+00
6.670667e+00
6.675220e+00
6.679773e+00
6.684325e+00
6.688878e+00
6.693431e+00
6.697983e+00
6.702535e+00
6.707088e+00
6.711640e+00
6.716193e+00
6.720746e+00
6.725298e+00
6.729851e+00
6.734404e+00
6.738956e+00
6.743509e+00
6.748062e+00
6.752614e+00
6.757167e+00
6.761719e+00
6.766272e+00
6.770824e+00
6.775377e+00
6.779929e+00
6.784482e+00
6.789035e+00
6.793587e+00
6.798140e+00
6.802693e+00
6.807245e+00
6.811798e+00
6.816350e+00
6.820903e+00
6.825456e+00
6.830008e+00
6.834560e+00
6.839113e+00
6.843666e+00
6.848218e+00
6.852771e+00
6.857324e+00
6.861876e+00
6.866429e+00
6.870982e+00
6.875534e+00
6.880087e+00
6.884639e+00
6.889191e+00
6.893744e+00
6.898297e+00
6.902849e+00
6.907402e+00
6.911955e+00
6.916507e+00
6.921060e+00
6.925613e+00
6.930165e+00
6.934718e+00
6.939270e+00
6.943822e+00
6.948375e+00
6.952928e+00
6.957480e+00
6.962033e+00
6.966586e+00
6.971138e+00
6.975691e+00
6.980244e+00
6.984796e+00
6.989349e+00
6.993901e+00
6.998454e+00
7.003007e+00
7.007559e+00
7.012111e+00
7.016664e+00
7.021217e+00
7.025769e+00
7.030322e+00
7.034875e+00
7.039427e+00
7.043980e+00
7.048533e+00
7.053085e+00
7.057638e+00
7.062190e+00
7.066743e+00
7.071295e+00
7.075848e+00
7.080400e+00
7.084953e+00
7.089506e+00
7.094058e+00
7.098611e+00
7.103164e+00
7.107716e+00
7.112269e+00
7.116822e+00
7.121374e+00
7.125926e+00
7.130479e+00
7.135032e+00
7.139584e+00
7.144137e+00
7.148689e+00
7.153242e+00
7.157795e+00
7.162347e+00
7.166900e+00
7.171453e+00
7.176005e+00
7.180557e+00
7.185110e+00
7.189663e+00
7.194215e+00
7.198768e+00
7.203320e+00
7.207873e+00
7.212426e+00
7.216978e+00
7.221531e+00
7.226084e+00
7.230636e+00
7.235189e+00
7.239742e+00
7.244294e+00
7.248846e+00
7.253399e+00
7.257951e+00
7.262504e+00
7.267057e+00
7.271609e+00
7.276162e+00
7.280715e+00
7.285267e+00
7.289820e+00
7.294373e+00
7.298925e+00
7.303477e+00
7.308030e+00
7.312582e+00
7.317135e+00
7.321688e+00
7.326240e+00
7.330793e+00
7.335346e+00
7.339898e+00
7.344451e+00
7.349004e+00
7.353556e+00
7.358109e+00
7.362661e+00
7.367213e+00
7.371766e+00
7.376319e+00
7.380871e+00
7.385424e+00
7.389977e+00
7.394529e+00
7.399082e+00
7.403635e+00
7.408187e+00
7.412740e+00
7.417292e+00
7.421844e+00
7.426398e+00
7.430950e+00
7.435502e+00
7.440055e+00
7.444608e+00
7.449160e+00
7.453713e+00
7.458266e+00
7.462818e+00
7.467371e+00
7.471923e+00
7.476476e+00
7.481029e+00
7.485581e+00
7.490133e+00
7.494686e+00
7.499239e+00
7.503791e+00
7.508344e+00
7.512897e+00
7.517449e+00
7.522002e+00
7.526555e+00
7.531107e+00
7.535660e+00
7.540212e+00
7.544765e+00
7.549317e+00
7.553870e+00
7.558422e+00
7.562975e+00
7.567528e+00
7.572080e+00
7.576633e+00
7.581186e+00
7.585738e+00
7.590291e+00
7.594844e+00
7.599396e+00
7.603948e+00
7.608501e+00
7.613053e+00
7.617606e+00
7.622159e+00
7.626711e+00
7.631264e+00
7.635817e+00
7.640369e+00
7.644922e+00
7.649475e+00
7.654027e+00
7.658579e+00
7.663132e+00
7.667685e+00
7.672237e+00
7.676790e+00
7.681342e+00
7.685895e+00
7.690448e+00
7.695000e+00
7.699553e+00
7.704106e+00
7.708658e+00
7.713211e+00
7.717764e+00
7.722316e+00
7.726868e+00
7.731421e+00
7.735973e+00
7.740526e+00
7.745078e+00
7.749631e+00
7.754184e+00
7.758736e+00
7.763289e+00
7.767842e+00
7.772394e+00
7.776947e+00
7.781499e+00
7.786052e+00
7.790604e+00
7.795157e+00
7.799709e+00
7.804262e+00
7.808815e+00
7.813367e+00
7.817920e+00
7.822473e+00
7.827025e+00
7.831578e+00
7.836131e+00
7.840683e+00
7.845236e+00
7.849788e+00
7.854341e+00
7.858893e+00
7.863446e+00
7.867998e+00
7.872551e+00
7.877104e+00
7.881656e+00
7.886209e+00
7.890762e+00
7.895314e+00
7.899867e+00
7.904420e+00
7.908972e+00
7.913524e+00
7.918077e+00
7.922629e+00
7.927182e+00
7.931735e+00
7.936287e+00
7.940840e+00
7.945393e+00
7.949945e+00
7.954498e+00
7.959051e+00
7.963603e+00
7.968155e+00
7.972708e+00
7.977261e+00
7.981813e+00
7.986366e+00
7.990918e+00
7.995471e+00
8.000024e+00
8.004576e+00
8.009129e+00
8.013682e+00
8.018234e+00
8.022786e+00
8.027339e+00
8.031892e+00
8.036444e+00
8.040997e+00
8.045549e+00
8.050102e+00
8.054655e+00
8.059207e+00
8.063760e+00
8.068313e+00
8.072865e+00
8.077418e+00
8.081971e+00
8.086523e+00
8.091075e+00
8.095628e+00
8.100180e+00
8.104733e+00
8.109286e+00
8.113838e+00
8.118391e+00
8.122944e+00
8.127496e+00
8.132049e+00
8.136602e+00
8.141154e+00
8.145707e+00
8.150259e+00
8.154811e+00
8.159364e+00
8.163917e+00
8.168469e+00
8.173022e+00
8.177575e+00
8.182127e+00
8.186680e+00
8.191233e+00
8.195785e+00
8.200338e+00
8.204890e+00
8.209442e+00
8.213996e+00
8.218548e+00
8.223100e+00
8.227653e+00
8.232206e+00
8.236758e+00
8.241311e+00
8.245864e+00
8.250416e+00
8.254969e+00
8.259521e+00
8.264074e+00
8.268627e+00
8.273179e+00
8.277731e+00
8.282284e+00
8.286837e+00
8.291389e+00
8.295942e+00
8.300495e+00
8.305047e+00
8.309600e+00
8.314153e+00
8.318705e+00
8.323258e+00
8.327810e+00
8.332362e+00
8.336915e+00
8.341468e+00
8.346020e+00
8.350573e+00
8.355126e+00
8.359678e+00
8.364231e+00
8.368784e+00
8.373336e+00
8.377889e+00
8.382441e+00
8.386994e+00
8.391546e+00
8.396099e+00
8.400651e+00
8.405204e+00
8.409757e+00
8.414309e+00
8.418862e+00
8.423415e+00
8.427967e+00
8.432520e+00
8.437073e+00
8.441625e+00
8.446177e+00
8.450730e+00
8.455283e+00
8.459835e+00
8.464388e+00
8.468940e+00
8.473493e+00
8.478046e+00
8.482598e+00
8.487151e+00
8.491704e+00
8.496256e+00
8.500808e+00
8.505362e+00
8.509914e+00
8.514466e+00
8.519019e+00
8.523571e+00
8.528124e+00
8.532677e+00
8.537229e+00
8.541782e+00
8.546335e+00
8.550887e+00
8.555440e+00
8.559993e+00
8.564545e+00
8.569097e+00
8.573650e+00
8.578202e+00
8.582755e+00
8.587308e+00
8.591860e+00
8.596413e+00
8.600966e+00
8.605518e+00
8.610071e+00
8.614624e+00
8.619176e+00
8.623729e+00
8.628281e+00
8.632833e+00
8.637386e+00
8.641939e+00
8.646491e+00
8.651044e+00
8.655597e+00
8.660149e+00
8.664702e+00
8.669255e+00
8.673807e+00
8.678360e+00
8.682912e+00
8.687465e+00
8.692017e+00
8.696570e+00
8.701122e+00
8.705675e+00
8.710228e+00
8.714780e+00
8.719333e+00
8.723886e+00
8.728438e+00
8.732991e+00
8.737543e+00
8.742096e+00
8.746649e+00
8.751201e+00
8.755753e+00
8.760306e+00
8.764859e+00
8.769411e+00
8.773964e+00
8.778517e+00
8.783069e+00
8.787622e+00
8.792175e+00
8.796727e+00
8.801280e+00
8.805832e+00
8.810384e+00
8.814937e+00
8.819490e+00
8.824042e+00
8.828595e+00
8.833148e+00
8.837700e+00
8.842253e+00
8.846806e+00
8.851358e+00
8.855911e+00
8.860463e+00
8.865016e+00
8.869568e+00
8.874121e+00
8.878673e+00
8.883226e+00
8.887869e+00
8.892512e+00
8.897156e+00
8.901799e+00
8.906442e+00
8.911085e+00
8.915728e+00
8.920371e+00
8.925015e+00
8.929657e+00
8.934301e+00
8.938944e+00
8.943587e+00
8.948230e+00
8.952873e+00
8.957517e+00
8.962160e+00
8.966803e+00
8.971446e+00
8.976090e+00
8.980732e+00
8.985375e+00
8.990019e+00
8.994662e+00
8.999305e+00
9.003948e+00
9.008591e+00
9.013235e+00
9.017877e+00
9.022521e+00
9.027164e+00
9.031807e+00
9.036450e+00
9.041094e+00
9.045736e+00
9.050379e+00
9.055023e+00
9.059666e+00
9.064309e+00
9.068952e+00
9.073596e+00
9.078239e+00
9.082881e+00
9.087525e+00
9.092168e+00
9.096811e+00
9.101454e+00
9.106098e+00
9.110741e+00
9.115384e+00
9.120027e+00
9.124670e+00
9.129314e+00
9.133956e+00
9.138600e+00
9.143243e+00
9.147886e+00
9.152529e+00
9.157172e+00
9.161815e+00
9.166458e+00
9.171102e+00
9.175745e+00
9.180388e+00
9.185031e+00
9.189674e+00
9.194318e+00
9.198960e+00
9.203604e+00
9.208247e+00
9.212890e+00
9.217533e+00
9.222176e+00
9.226820e+00
9.231463e+00
9.236106e+00
9.240749e+00
9.245392e+00
9.250035e+00
9.254678e+00
9.259322e+00
9.263965e+00
9.268608e+00
9.273251e+00
9.277894e+00
9.282537e+00
9.287180e+00
9.291824e+00
9.296467e+00
9.301110e+00
9.305753e+00
9.310397e+00
9.315039e+00
9.319682e+00
9.324326e+00
9.328969e+00
9.333612e+00
9.338255e+00
9.342899e+00
9.347542e+00
9.352184e+00
9.356828e+00
9.361471e+00
9.366114e+00
9.370757e+00
9.375401e+00
9.380044e+00
9.384686e+00
9.389330e+00
9.393973e+00
9.398616e+00
9.403259e+00
9.407903e+00
9.412546e+00
9.417189e+00
9.421832e+00
9.426475e+00
9.431118e+00
9.435761e+00
9.440405e+00
9.445048e+00
9.449690e+00
9.454334e+00
9.458977e+00
9.463621e+00
9.468263e+00
9.472907e+00
9.477550e+00
9.482193e+00
9.486836e+00
9.491479e+00
9.496123e+00
9.500765e+00
9.505409e+00
9.510052e+00
9.514695e+00
9.519338e+00
9.523981e+00
9.528625e+00
9.533268e+00
9.537911e+00
9.542554e+00
9.547197e+00
9.551840e+00
9.556483e+00
9.561127e+00
9.565769e+00
9.570413e+00
9.575056e+00
9.579699e+00
9.584342e+00
9.588985e+00
9.593629e+00
9.598272e+00
9.602915e+00
9.607558e+00
9.612201e+00
9.616844e+00
9.621487e+00
9.626131e+00
9.630774e+00
9.635417e+00
9.640060e+00
9.644703e+00
9.649347e+00
9.653989e+00
9.658633e+00
9.663276e+00
9.667919e+00
9.672562e+00
9.677205e+00
9.681848e+00
9.686492e+00
9.691135e+00
9.695778e+00
9.700421e+00
9.705064e+00
9.709707e+00
9.714351e+00
9.718993e+00
9.723637e+00
9.728280e+00
9.732923e+00
9.737566e+00
9.742209e+00
9.746853e+00
9.751496e+00
9.756139e+00
9.760782e+00
9.765426e+00
9.770068e+00
9.774711e+00
9.779355e+00
9.783998e+00
9.788641e+00
9.793284e+00
9.797927e+00
9.802571e+00
9.807213e+00
9.811857e+00
9.816500e+00
9.821143e+00
9.825786e+00
9.830430e+00
9.835072e+00
9.839715e+00
9.844359e+00
9.849002e+00
9.853645e+00
9.858288e+00
9.862932e+00
9.867575e+00
9.872221e+00
9.876858e+00
9.881502e+00
9.886147e+00
9.890791e+00
9.895435e+00
9.900080e+00
9.904717e+00
9.909361e+00
9.914005e+00
9.918650e+00
9.923294e+00
9.927938e+00
9.932582e+00
9.937220e+00
9.941864e+00
9.946508e+00
9.951152e+00
9.955797e+00
9.960441e+00
9.965078e+00
9.969722e+00
9.974367e+00
9.979011e+00
9.983655e+00
9.988299e+00
9.992936e+00
9.997581e+00
1.000222e+01
1.000687e+01
1.001151e+01
1.001616e+01
1.002080e+01
1.002544e+01
1.003008e+01
1.003473e+01
1.003937e+01
1.004402e+01
1.004866e+01
1.005330e+01
1.005794e+01
1.006259e+01
1.006723e+01
1.007187e+01
1.007652e+01
1.008116e+01
1.008580e+01
1.009044e+01
1.009509e+01
1.009973e+01
1.010438e+01
1.010902e+01
1.011366e+01
1.011830e+01
1.012295e+01
1.012759e+01
1.013224e+01
1.013688e+01
1.014152e+01
1.014616e+01
1.015081e+01
1.015545e+01
1.016009e+01
1.016474e+01
1.016938e+01
1.017402e+01
1.017866e+01
1.018331e+01
1.018795e+01
1.019260e+01
1.019724e+01
1.020188e+01
1.020652e+01
1.021117e+01
1.021581e+01
1.022046e+01
1.022510e+01
1.022974e+01
1.023438e+01
1.023903e+01
1.024367e+01
1.024831e+01
1.025296e+01
1.025760e+01
1.026224e+01
1.026688e+01
1.027153e+01
1.027617e+01
1.028082e+01
1.028546e+01
1.029010e+01
1.029474e+01
1.029939e+01
1.030403e+01
1.030868e+01
1.031332e+01
1.031796e+01
1.032260e+01
1.032725e+01
1.033189e+01
1.033653e+01
1.034118e+01
1.034582e+01
1.035046e+01
1.035510e+01
1.035975e+01
1.036439e+01
1.036904e+01
1.037368e+01
1.037832e+01
1.038296e+01
1.038761e+01
1.039225e+01
1.039690e+01
1.040154e+01
1.040618e+01
1.041082e+01
1.041547e+01
1.042011e+01
1.042476e+01
1.042940e+01
1.043404e+01
1.043868e+01
1.044332e+01
1.044797e+01
1.045261e+01
1.045726e+01
1.046190e+01
1.046654e+01
1.047118e+01
1.047583e+01
1.048047e+01
1.048512e+01
1.048976e+01
1.049440e+01
1.049904e+01
1.050368e+01
1.050833e+01
1.051297e+01
1.051762e+01
1.052226e+01
1.052690e+01
1.053154e+01
1.053619e+01
1.054083e+01
1.054548e+01
1.055012e+01
1.055476e+01
1.055940e+01
1.056405e+01
1.056869e+01
1.057334e+01
1.057798e+01
1.058262e+01
1.058726e+01
1.059190e+01
1.059655e+01
1.060119e+01
1.060584e+01
1.061048e+01
1.061512e+01
1.061976e+01
1.062441e+01
1.062905e+01
1.063370e+01
1.063834e+01
1.064298e+01
1.064762e+01
1.065226e+01
1.065691e+01
1.066155e+01
1.066620e+01
1.067084e+01
1.067548e+01
1.068012e+01
1.068477e+01
1.068941e+01
1.069406e+01
1.069870e+01
1.070334e+01
1.070798e+01
1.071263e+01
1.071727e+01
1.072192e+01
1.072656e+01
1.073120e+01
1.073584e+01
1.074049e+01
1.074513e+01
1.074977e+01
1.075442e+01
1.075906e+01
1.076370e+01
1.076835e+01
1.077299e+01
1.077763e+01
1.078228e+01
1.078692e+01
1.079156e+01
1.079620e+01
1.080085e+01
1.080549e+01
1.081013e+01
1.081478e+01
1.081942e+01
1.082406e+01
1.082871e+01
1.083335e+01
1.083799e+01
1.084264e+01
1.084728e+01
1.085192e+01
1.085657e+01
1.086121e+01
1.086585e+01
1.087050e+01
1.087514e+01
1.087978e+01
1.088442e+01
1.088907e+01
1.089371e+01
1.089836e+01
1.090300e+01
1.090764e+01
1.091228e+01
1.091693e+01
1.092157e+01
1.092622e+01
1.093086e+01
1.093550e+01
1.094014e+01
1.094478e+01
1.094943e+01
1.095407e+01
1.095872e+01
1.096336e+01
1.096800e+01
1.097264e+01
1.097729e+01
1.098193e+01
1.098658e+01
1.099122e+01
1.099586e+01
1.100050e+01
1.100515e+01
1.100979e+01
1.101443e+01
1.101908e+01
1.102372e+01
1.102836e+01
1.103300e+01
1.103765e+01
1.104229e+01
1.104694e+01
1.105158e+01
1.105622e+01
1.106086e+01
1.106551e+01
1.107015e+01
1.107480e+01
1.107944e+01
1.108408e+01
1.108872e+01
1.109336e+01
1.109801e+01
1.110265e+01
1.110730e+01
1.111194e+01
1.111658e+01
