2.271122e-04
3.407307e-04
4.543492e-04
5.679676e-04
6.815862e-04
7.952045e-04
9.088231e-04
1.022442e-03
1.136060e-03
1.249678e-03
1.363297e-03
1.476916e-03
1.590534e-03
1.704153e-03
1.817771e-03
1.931389e-03
2.045008e-03
2.158626e-03
2.272245e-03
2.385863e-03
2.499482e-03
2.613100e-03
2.726719e-03
2.840337e-03
2.953956e-03
3.067574e-03
3.181193e-03
3.294811e-03
3.408430e-03
3.522048e-03
3.635667e-03
3.699433e-03
3.763200e-03
3.826967e-03
3.890733e-03
3.954500e-03
4.018267e-03
4.082033e-03
4.145800e-03
4.209567e-03
4.273333e-03
4.337100e-03
4.400867e-03
4.464633e-03
4.528400e-03
4.592167e-03
4.655933e-03
4.719700e-03
4.783467e-03
4.847233e-03
4.911000e-03
4.990887e-03
5.070773e-03
5.150660e-03
5.230547e-03
5.310433e-03
5.390320e-03
5.470207e-03
5.550093e-03
5.629980e-03
5.709867e-03
5.789753e-03
5.869640e-03
5.949527e-03
6.029413e-03
6.109300e-03
6.189187e-03
6.269073e-03
6.348960e-03
6.362891e-03
6.508733e-03
6.654575e-03
6.800418e-03
6.946260e-03
7.092102e-03
7.237945e-03
7.383787e-03
7.529629e-03
7.675471e-03
7.821313e-03
7.967155e-03
8.112998e-03
8.258840e-03
8.404682e-03
8.550525e-03
8.696367e-03
8.842209e-03
8.988051e-03
9.133893e-03
9.279735e-03
9.425577e-03
9.571420e-03
9.717263e-03
9.863104e-03
1.000895e-02
1.015479e-02
1.030063e-02
1.044647e-02
1.059231e-02
1.073816e-02
1.088400e-02
1.096222e-02
1.104044e-02
1.111866e-02
1.119688e-02
1.127510e-02
1.135332e-02
1.143154e-02
1.150976e-02
1.158798e-02
1.166620e-02
1.174442e-02
1.182264e-02
1.190086e-02
1.197908e-02
1.205730e-02
1.213552e-02
1.221374e-02
1.229196e-02
1.237018e-02
1.244840e-02
1.252662e-02
1.260484e-02
1.268306e-02
1.276128e-02
1.283950e-02
1.291772e-02
1.299594e-02
1.307416e-02
1.315238e-02
1.323060e-02
1.330882e-02
1.338704e-02
1.346526e-02
1.354348e-02
1.362170e-02
1.369992e-02
1.377814e-02
1.385636e-02
1.393458e-02
1.401280e-02
1.409102e-02
1.416924e-02
1.424746e-02
1.432568e-02
1.440390e-02
1.448212e-02
1.456034e-02
1.463856e-02
1.471678e-02
1.479500e-02
1.486938e-02
1.494376e-02
1.501814e-02
1.509252e-02
1.516690e-02
1.524128e-02
1.531566e-02
1.539004e-02
1.546442e-02
1.553880e-02
1.561318e-02
1.568756e-02
1.576194e-02
1.583632e-02
1.591070e-02
1.598508e-02
1.605946e-02
1.613384e-02
1.620822e-02
1.628260e-02
1.635698e-02
1.643136e-02
1.650574e-02
1.658012e-02
1.665450e-02
1.672888e-02
1.680326e-02
1.687764e-02
1.695202e-02
1.702640e-02
1.710078e-02
1.717516e-02
1.724954e-02
1.732392e-02
1.739830e-02
1.747268e-02
1.754706e-02
1.762144e-02
1.769582e-02
1.777020e-02
1.784458e-02
1.791896e-02
1.799334e-02
1.806772e-02
1.814210e-02
1.821648e-02
1.829086e-02
1.836524e-02
1.843962e-02
1.851400e-02
1.858390e-02
1.865380e-02
1.872370e-02
1.879360e-02
1.886350e-02
1.893340e-02
1.900330e-02
1.907320e-02
1.914310e-02
1.921300e-02
1.928290e-02
1.935280e-02
1.942270e-02
1.949260e-02
1.956250e-02
1.963240e-02
1.970230e-02
1.977220e-02
1.984210e-02
1.991200e-02
1.998190e-02
2.005180e-02
2.012170e-02
2.019160e-02
2.026150e-02
2.033140e-02
2.040130e-02
2.047120e-02
2.054110e-02
2.061100e-02
2.068090e-02
2.075080e-02
2.082070e-02
2.089060e-02
2.096050e-02
2.103040e-02
2.110030e-02
2.117020e-02
2.124010e-02
2.131000e-02
2.137990e-02
2.144980e-02
2.151970e-02
2.158960e-02
2.165950e-02
2.172940e-02
2.179930e-02
2.186920e-02
2.193910e-02
2.200900e-02
2.207890e-02
2.214880e-02
2.221870e-02
2.228860e-02
2.235850e-02
2.242840e-02
2.249830e-02
2.256820e-02
2.263810e-02
2.270800e-02
2.277790e-02
2.284780e-02
2.291770e-02
2.298760e-02
2.305750e-02
2.312740e-02
2.319730e-02
2.326720e-02
2.333710e-02
2.340700e-02
2.347690e-02
2.354680e-02
2.361670e-02
2.368660e-02
2.375650e-02
2.382640e-02
2.389630e-02
2.396620e-02
2.403610e-02
2.410600e-02
2.417590e-02
2.424580e-02
2.431570e-02
2.438560e-02
2.445550e-02
2.452540e-02
2.459530e-02
2.466520e-02
2.473510e-02
2.480500e-02
2.487490e-02
2.494480e-02
2.501470e-02
2.508460e-02
2.515450e-02
2.522440e-02
2.529430e-02
2.536420e-02
2.543410e-02
2.550400e-02
2.562629e-02
2.574859e-02
2.587088e-02
2.599317e-02
2.611547e-02
2.623776e-02
2.636005e-02
2.648235e-02
2.660464e-02
2.672693e-02
2.684923e-02
2.697152e-02
2.709381e-02
2.721611e-02
2.733840e-02
2.746069e-02
2.758299e-02
2.770528e-02
2.782757e-02
2.794987e-02
2.807216e-02
2.819445e-02
2.831675e-02
2.843904e-02
2.856133e-02
2.868363e-02
2.880592e-02
2.892821e-02
2.905051e-02
2.917280e-02
2.929509e-02
2.941739e-02
2.953968e-02
2.966197e-02
2.978427e-02
2.990656e-02
3.002885e-02
3.015115e-02
3.027344e-02
3.039573e-02
3.051803e-02
3.064032e-02
3.076261e-02
3.088491e-02
3.100720e-02
3.112949e-02
3.125179e-02
3.137408e-02
3.149637e-02
3.161867e-02
3.174096e-02
3.186325e-02
3.198555e-02
3.210784e-02
3.223013e-02
3.235243e-02
3.247472e-02
3.259701e-02
3.271931e-02
3.284160e-02
3.296389e-02
3.308619e-02
3.320848e-02
3.333077e-02
3.345307e-02
3.357536e-02
3.369765e-02
3.381995e-02
3.394224e-02
3.406453e-02
3.418683e-02
3.430912e-02
3.443141e-02
3.455371e-02
3.467600e-02
3.479829e-02
3.492059e-02
3.504288e-02
3.516517e-02
3.528747e-02
3.540976e-02
3.553205e-02
3.565435e-02
3.577664e-02
3.589893e-02
3.602123e-02
3.614352e-02
3.626581e-02
3.638811e-02
3.651040e-02
3.663269e-02
3.675499e-02
3.687728e-02
3.699957e-02
3.712187e-02
3.724416e-02
3.736645e-02
3.748875e-02
3.761104e-02
3.773333e-02
3.787300e-02
3.801267e-02
3.815234e-02
3.829201e-02
3.843168e-02
3.857135e-02
3.871102e-02
3.885069e-02
3.899036e-02
3.913003e-02
3.926970e-02
3.940937e-02
3.954904e-02
3.968871e-02
3.982838e-02
3.996805e-02
4.010772e-02
4.024739e-02
4.038706e-02
4.052673e-02
4.066640e-02
4.080607e-02
4.094574e-02
4.108541e-02
4.122508e-02
4.136475e-02
4.150442e-02
4.164409e-02
4.178376e-02
4.192343e-02
4.206310e-02
4.220277e-02
4.234244e-02
4.248211e-02
4.262178e-02
4.276145e-02
4.290112e-02
4.304079e-02
4.318046e-02
4.332013e-02
4.345980e-02
4.359947e-02
4.373914e-02
4.387881e-02
4.401848e-02
4.415815e-02
4.429782e-02
4.443749e-02
4.457716e-02
4.471683e-02
4.485650e-02
4.499617e-02
4.513584e-02
4.527551e-02
4.541518e-02
4.555485e-02
4.569452e-02
4.583419e-02
4.597386e-02
4.611353e-02
4.625320e-02
4.639287e-02
4.653254e-02
4.667221e-02
4.681188e-02
4.695155e-02
4.709122e-02
4.723089e-02
4.737056e-02
4.751023e-02
4.764990e-02
4.778957e-02
4.792924e-02
4.806891e-02
4.820858e-02
4.834825e-02
4.848792e-02
4.862759e-02
4.876726e-02
4.890693e-02
4.904660e-02
4.918627e-02
4.932594e-02
4.946561e-02
4.960528e-02
4.974495e-02
4.988462e-02
5.002429e-02
5.016396e-02
5.030363e-02
5.044330e-02
5.058297e-02
5.072264e-02
5.086231e-02
5.100198e-02
5.114165e-02
5.128132e-02
5.142099e-02
5.156066e-02
5.170033e-02
5.184000e-02
5.197967e-02
5.211934e-02
5.225901e-02
5.239868e-02
5.253835e-02
5.267802e-02
5.281769e-02
5.295736e-02
5.309703e-02
5.323670e-02
5.337637e-02
5.351604e-02
5.365571e-02
5.379538e-02
5.393505e-02
5.407472e-02
5.421439e-02
5.435406e-02
5.449373e-02
5.463340e-02
5.477307e-02
5.491274e-02
5.505241e-02
5.519208e-02
5.533175e-02
5.547142e-02
5.561109e-02
5.575076e-02
5.589043e-02
5.603010e-02
5.616977e-02
5.630944e-02
5.644911e-02
5.658878e-02
5.672845e-02
5.686812e-02
5.700779e-02
5.714746e-02
5.728713e-02
5.742680e-02
5.756647e-02
5.770614e-02
5.784581e-02
5.798548e-02
5.812515e-02
5.826482e-02
5.840449e-02
5.854416e-02
5.868383e-02
5.882350e-02
5.896317e-02
5.910284e-02
5.924251e-02
5.938218e-02
5.952185e-02
5.966152e-02
5.980119e-02
5.994086e-02
6.008053e-02
6.022020e-02
6.035987e-02
6.049954e-02
6.063921e-02
6.077888e-02
6.091855e-02
6.105822e-02
6.119789e-02
6.133756e-02
6.147723e-02
6.161690e-02
6.175657e-02
6.189624e-02
6.203591e-02
6.217558e-02
6.231525e-02
6.245492e-02
6.259459e-02
6.273426e-02
6.287393e-02
6.301360e-02
6.315327e-02
6.329294e-02
6.343261e-02
6.357228e-02
6.371195e-02
6.385162e-02
6.399129e-02
6.413096e-02
6.427063e-02
6.441030e-02
6.454997e-02
6.468964e-02
6.482931e-02
6.496898e-02
6.510865e-02
6.524832e-02
6.538799e-02
6.552766e-02
6.566733e-02
6.572991e-02
6.579249e-02
6.585507e-02
6.591765e-02
6.598023e-02
6.604281e-02
6.610539e-02
6.616797e-02
6.623055e-02
6.629313e-02
6.635571e-02
6.641829e-02
6.648087e-02
6.654345e-02
6.660603e-02
6.666861e-02
6.673119e-02
6.679377e-02
6.685635e-02
6.691893e-02
6.698151e-02
6.704409e-02
6.710667e-02
6.716925e-02
6.723183e-02
6.729441e-02
6.735699e-02
6.741957e-02
6.748215e-02
6.754473e-02
6.760731e-02
6.766989e-02
6.773247e-02
6.779505e-02
6.785763e-02
6.792021e-02
6.798279e-02
6.804537e-02
6.810795e-02
6.817053e-02
6.823311e-02
6.829569e-02
6.835827e-02
6.842085e-02
6.848343e-02
6.854601e-02
6.860859e-02
6.867117e-02
6.873375e-02
6.879633e-02
6.885891e-02
6.892149e-02
6.898407e-02
6.904665e-02
6.910923e-02
6.917181e-02
6.923439e-02
6.929697e-02
6.935955e-02
6.942213e-02
6.948471e-02
6.954729e-02
6.960987e-02
6.967245e-02
6.973503e-02
6.979761e-02
6.986019e-02
6.992277e-02
6.998535e-02
7.004793e-02
7.011051e-02
7.017309e-02
7.023567e-02
7.029825e-02
7.036083e-02
7.042341e-02
7.048599e-02
7.054857e-02
7.061115e-02
7.067373e-02
7.073631e-02
7.079889e-02
7.086147e-02
7.092405e-02
7.098663e-02
7.104921e-02
7.111179e-02
7.117437e-02
7.123695e-02
7.129953e-02
7.136211e-02
7.142469e-02
7.148727e-02
7.154985e-02
7.161243e-02
7.167501e-02
7.173759e-02
7.180017e-02
7.186275e-02
7.192533e-02
7.296532e-02
7.400532e-02
7.504531e-02
7.608531e-02
7.712530e-02
7.816529e-02
7.920529e-02
8.024528e-02
8.128528e-02
8.232527e-02
8.336526e-02
8.440526e-02
8.544525e-02
8.648525e-02
8.752524e-02
8.856523e-02
8.960523e-02
9.064522e-02
9.168522e-02
9.272521e-02
9.376520e-02
9.480520e-02
9.584519e-02
9.688519e-02
9.792518e-02
9.896517e-02
1.000052e-01
1.010452e-01
1.020852e-01
1.031252e-01
1.041651e-01
1.052051e-01
1.062451e-01
1.072851e-01
1.083251e-01
1.093651e-01
1.104051e-01
1.114451e-01
1.124851e-01
1.135251e-01
1.145651e-01
1.156051e-01
1.166451e-01
1.176851e-01
1.187251e-01
1.197651e-01
1.208050e-01
1.218450e-01
1.228850e-01
1.239250e-01
1.249650e-01
1.260050e-01
1.270450e-01
1.280850e-01
1.291250e-01
1.301650e-01
1.312050e-01
1.322450e-01
1.332850e-01
1.343250e-01
1.353650e-01
1.364050e-01
1.374450e-01
1.384849e-01
1.395249e-01
1.405649e-01
1.416049e-01
1.426449e-01
1.436849e-01
1.447249e-01
1.457649e-01
1.468049e-01
1.478449e-01
1.488849e-01
1.499249e-01
1.509649e-01
1.520049e-01
1.530449e-01
1.540849e-01
1.551249e-01
1.561648e-01
1.572048e-01
1.582448e-01
1.592848e-01
1.603248e-01
1.613648e-01
1.624048e-01
1.634448e-01
1.644848e-01
1.655248e-01
1.665648e-01
1.676048e-01
1.686448e-01
1.696848e-01
1.707248e-01
1.717648e-01
1.728048e-01
1.738447e-01
1.748847e-01
1.759247e-01
1.769647e-01
1.780047e-01
1.790447e-01
1.800847e-01
1.811247e-01
1.821647e-01
1.832047e-01
1.842447e-01
1.852847e-01
1.863247e-01
1.873647e-01
1.884047e-01
1.894447e-01
1.904846e-01
1.915246e-01
1.925646e-01
1.936046e-01
1.946446e-01
1.956846e-01
1.967246e-01
1.977646e-01
1.988046e-01
1.998446e-01
2.008846e-01
2.019246e-01
2.029646e-01
2.040046e-01
2.050446e-01
2.060846e-01
2.071246e-01
2.081645e-01
2.092045e-01
2.102445e-01
2.112845e-01
2.123245e-01
2.133645e-01
2.144045e-01
2.154445e-01
2.164845e-01
2.175245e-01
2.185645e-01
2.196045e-01
2.206445e-01
2.216845e-01
2.227245e-01
2.237645e-01
2.248045e-01
2.258444e-01
2.268844e-01
2.279244e-01
2.289644e-01
2.300044e-01
2.310444e-01
2.320844e-01
2.331244e-01
2.341644e-01
2.352044e-01
2.362444e-01
2.372844e-01
2.383244e-01
2.393644e-01
2.404044e-01
2.414444e-01
2.424844e-01
2.435243e-01
2.445643e-01
2.456043e-01
2.466443e-01
2.476843e-01
2.487243e-01
2.497643e-01
2.508043e-01
2.518443e-01
2.528843e-01
2.539243e-01
2.549643e-01
2.560043e-01
2.570443e-01
2.580843e-01
2.591243e-01
2.601642e-01
2.612042e-01
2.622442e-01
2.632842e-01
2.643242e-01
2.653642e-01
2.664042e-01
2.674442e-01
2.684842e-01
2.695242e-01
2.705642e-01
2.716042e-01
2.726442e-01
2.736842e-01
2.747242e-01
2.757642e-01
2.768042e-01
2.778441e-01
2.788841e-01
2.799241e-01
2.809641e-01
2.820041e-01
2.830441e-01
2.840841e-01
2.851241e-01
2.861641e-01
2.872041e-01
2.882441e-01
2.892841e-01
2.903241e-01
2.913641e-01
2.924041e-01
2.934441e-01
2.944841e-01
2.955240e-01
2.965640e-01
2.976040e-01
2.986440e-01
2.996840e-01
3.007240e-01
3.017640e-01
3.028040e-01
3.038440e-01
3.048840e-01
3.059240e-01
3.069640e-01
3.080040e-01
3.090440e-01
3.100840e-01
3.111240e-01
3.121640e-01
3.132039e-01
3.142439e-01
3.152839e-01
3.163239e-01
3.173639e-01
3.184039e-01
3.194439e-01
3.204839e-01
3.215239e-01
3.225639e-01
3.236039e-01
3.246439e-01
3.256839e-01
3.267239e-01
3.277639e-01
3.288039e-01
3.298438e-01
3.308838e-01
3.319238e-01
3.329638e-01
3.340038e-01
3.350438e-01
3.360838e-01
3.371238e-01
3.381638e-01
3.392038e-01
3.402438e-01
3.412838e-01
3.423238e-01
3.433638e-01
3.444038e-01
3.454438e-01
3.464838e-01
3.475237e-01
3.485637e-01
3.496037e-01
3.506437e-01
3.516837e-01
3.527237e-01
3.537637e-01
3.548037e-01
3.558437e-01
3.568837e-01
3.579237e-01
3.589637e-01
3.600037e-01
3.610437e-01
3.620837e-01
3.631237e-01
3.641637e-01
3.652036e-01
3.662436e-01
3.672836e-01
3.683236e-01
3.693636e-01
3.704036e-01
3.714436e-01
3.724836e-01
3.735236e-01
3.745636e-01
3.756036e-01
3.766436e-01
3.776836e-01
3.787236e-01
3.797636e-01
3.808036e-01
3.818436e-01
3.828835e-01
3.839235e-01
3.849635e-01
3.860035e-01
3.870435e-01
3.880835e-01
3.891235e-01
3.901635e-01
3.912035e-01
3.922435e-01
3.932835e-01
3.943235e-01
3.953635e-01
3.964035e-01
3.974435e-01
3.984835e-01
3.995234e-01
4.005634e-01
4.016034e-01
4.026434e-01
4.036834e-01
4.047234e-01
4.057634e-01
4.068034e-01
4.078434e-01
4.088834e-01
4.099234e-01
4.109634e-01
4.120034e-01
4.130434e-01
4.140834e-01
4.151234e-01
4.161634e-01
4.172033e-01
4.182433e-01
4.192833e-01
4.203233e-01
4.213633e-01
4.224033e-01
4.234433e-01
4.244833e-01
4.255233e-01
4.265633e-01
4.276033e-01
4.286433e-01
4.296833e-01
4.307233e-01
4.317633e-01
4.328033e-01
4.338433e-01
4.348832e-01
4.359232e-01
4.369632e-01
4.380032e-01
4.390432e-01
4.400832e-01
4.411232e-01
4.421632e-01
4.432032e-01
4.442432e-01
4.452832e-01
4.463232e-01
4.473632e-01
4.484032e-01
4.494432e-01
4.504832e-01
4.515232e-01
4.525631e-01
4.536031e-01
4.546431e-01
4.556831e-01
4.567231e-01
4.577631e-01
4.588031e-01
4.598431e-01
4.608831e-01
4.619231e-01
4.629631e-01
4.640031e-01
4.650431e-01
4.660831e-01
4.671231e-01
4.681631e-01
4.692030e-01
4.702430e-01
4.712830e-01
4.723230e-01
4.733630e-01
4.744030e-01
4.754430e-01
4.764830e-01
4.775230e-01
4.785630e-01
4.796030e-01
4.806430e-01
4.816830e-01
4.827230e-01
4.837630e-01
4.848030e-01
4.858430e-01
4.868829e-01
4.879229e-01
4.889629e-01
4.900029e-01
4.910429e-01
4.920829e-01
4.931229e-01
4.941629e-01
4.952029e-01
4.977725e-01
5.003422e-01
5.029118e-01
5.054815e-01
5.080512e-01
5.106208e-01
5.131905e-01
5.157601e-01
5.183298e-01
5.208994e-01
5.234691e-01
5.260387e-01
5.286084e-01
5.311780e-01
5.337477e-01
5.363173e-01
5.388870e-01
5.414566e-01
5.440263e-01
5.465960e-01
5.491656e-01
5.517353e-01
5.543049e-01
5.568746e-01
5.594442e-01
5.620139e-01
5.645835e-01
5.671532e-01
5.697228e-01
5.722925e-01
5.748621e-01
5.774318e-01
5.800014e-01
5.825711e-01
5.851408e-01
5.877104e-01
5.902801e-01
5.928497e-01
5.954194e-01
5.979890e-01
6.005587e-01
6.031283e-01
6.056980e-01
6.082676e-01
6.108373e-01
6.134069e-01
6.159766e-01
6.185462e-01
6.211159e-01
6.236856e-01
6.262552e-01
6.288249e-01
6.313945e-01
6.339642e-01
6.365338e-01
6.391035e-01
6.416731e-01
6.442428e-01
6.468124e-01
6.493821e-01
6.519517e-01
6.545214e-01
6.570910e-01
6.596607e-01
6.622304e-01
6.648000e-01
6.673697e-01
6.699393e-01
6.725090e-01
6.750786e-01
6.776483e-01
6.802179e-01
6.827876e-01
6.853572e-01
6.879269e-01
6.904965e-01
6.930662e-01
6.956358e-01
6.982055e-01
7.007752e-01
7.033448e-01
7.059145e-01
7.084841e-01
7.110538e-01
7.136234e-01
7.161931e-01
7.187627e-01
7.213324e-01
7.239020e-01
7.264717e-01
7.290413e-01
7.316110e-01
7.341806e-01
7.367503e-01
7.393200e-01
7.418896e-01
7.444593e-01
7.470289e-01
7.495986e-01
7.521682e-01
7.538212e-01
7.554743e-01
7.571273e-01
7.587803e-01
7.604334e-01
7.620864e-01
7.637394e-01
7.653925e-01
7.670455e-01
7.686986e-01
7.703516e-01
7.720047e-01
7.736577e-01
7.753108e-01
7.769638e-01
7.786168e-01
7.802699e-01
7.819229e-01
7.835759e-01
7.852290e-01
7.868820e-01
7.885350e-01
7.901881e-01
7.918411e-01
7.934941e-01
7.951472e-01
7.968002e-01
7.984532e-01
8.001063e-01
8.017593e-01
8.034123e-01
8.050654e-01
8.067184e-01
8.083714e-01
8.100245e-01
8.116775e-01
8.133305e-01
8.149836e-01
8.166366e-01
8.182896e-01
8.199427e-01
8.215957e-01
8.232487e-01
8.249018e-01
8.265548e-01
8.282078e-01
8.298609e-01
8.315139e-01
8.331670e-01
8.348200e-01
8.364731e-01
8.381261e-01
8.397792e-01
8.414322e-01
8.430852e-01
8.447383e-01
8.463913e-01
8.480443e-01
8.496974e-01
8.513504e-01
8.530034e-01
8.546565e-01
8.563095e-01
8.579625e-01
8.596156e-01
8.612686e-01
8.629216e-01
8.645747e-01
8.662277e-01
8.678807e-01
8.695338e-01
8.711868e-01
8.728398e-01
8.744929e-01
8.761459e-01
8.777989e-01
8.794520e-01
8.811050e-01
8.827580e-01
8.844111e-01
8.860641e-01
8.877171e-01
8.893702e-01
8.910232e-01
8.926762e-01
8.943293e-01
8.959823e-01
8.976354e-01
8.992884e-01
9.009415e-01
9.025945e-01
9.042476e-01
9.059006e-01
9.075536e-01
9.092067e-01
9.108597e-01
9.125127e-01
9.141658e-01
9.158188e-01
9.174718e-01
9.191249e-01
9.207779e-01
9.224309e-01
9.240840e-01
9.257370e-01
9.273900e-01
9.290431e-01
9.306961e-01
9.323491e-01
9.340022e-01
9.356552e-01
9.373082e-01
9.389613e-01
9.406143e-01
9.422673e-01
9.439204e-01
9.455734e-01
9.472264e-01
9.488795e-01
9.505325e-01
9.521855e-01
9.538386e-01
9.554916e-01
9.571446e-01
9.587977e-01
9.604507e-01
9.621038e-01
9.637569e-01
9.654099e-01
9.670629e-01
9.687160e-01
9.703690e-01
9.720220e-01
9.736751e-01
9.753281e-01
9.769811e-01
9.786342e-01
9.802872e-01
9.819402e-01
9.835935e-01
9.852463e-01
9.868990e-01
9.885527e-01
9.902054e-01
9.918581e-01
9.935118e-01
9.951645e-01
9.968172e-01
9.984709e-01
1.000124e+00
1.001776e+00
1.003430e+00
1.005083e+00
1.006735e+00
1.008389e+00
1.010042e+00
1.011695e+00
1.013348e+00
1.015001e+00
1.016654e+00
1.018307e+00
1.019960e+00
1.021613e+00
1.023266e+00
1.024919e+00
1.026572e+00
1.028226e+00
1.029878e+00
1.031531e+00
1.033185e+00
1.034837e+00
1.036490e+00
1.038144e+00
1.039796e+00
1.041449e+00
1.043103e+00
1.044756e+00
1.046408e+00
1.048062e+00
1.049715e+00
1.051367e+00
1.053021e+00
1.054674e+00
1.056327e+00
1.057980e+00
1.059633e+00
1.061286e+00
1.062939e+00
1.064592e+00
1.066245e+00
1.067898e+00
1.069551e+00
1.071204e+00
1.072857e+00
1.074510e+00
1.076163e+00
1.077817e+00
1.079469e+00
1.081122e+00
1.082776e+00
1.084428e+00
1.086870e+00
1.089310e+00
1.091751e+00
1.094192e+00
1.096633e+00
1.099074e+00
1.101515e+00
1.103955e+00
1.106396e+00
1.108838e+00
1.111278e+00
1.113719e+00
1.116160e+00
1.118600e+00
1.121042e+00
1.123482e+00
1.125923e+00
1.128364e+00
1.130805e+00
1.133246e+00
1.135687e+00
1.138127e+00
1.140568e+00
1.143010e+00
1.145450e+00
1.147891e+00
1.150332e+00
1.152772e+00
1.155214e+00
1.157655e+00
1.160095e+00
1.162536e+00
1.164977e+00
1.167418e+00
1.169859e+00
1.172300e+00
1.174740e+00
1.177182e+00
1.179623e+00
1.182063e+00
1.184504e+00
1.186945e+00
1.189386e+00
1.191827e+00
1.194268e+00
1.196708e+00
1.199149e+00
1.201590e+00
1.204031e+00
1.206472e+00
1.208912e+00
1.211354e+00
1.213795e+00
1.216235e+00
1.218676e+00
1.221117e+00
1.223558e+00
1.225999e+00
1.228440e+00
1.230880e+00
1.233321e+00
1.235763e+00
1.238203e+00
1.240644e+00
1.243085e+00
1.245526e+00
1.247967e+00
1.250408e+00
1.252848e+00
1.255289e+00
1.257730e+00
1.260171e+00
1.262612e+00
1.265053e+00
1.267493e+00
1.269935e+00
1.272375e+00
1.274816e+00
1.277257e+00
1.279698e+00
1.282139e+00
1.284580e+00
1.287020e+00
1.289461e+00
1.291902e+00
1.294343e+00
1.296784e+00
1.299225e+00
1.301665e+00
1.304107e+00
1.306548e+00
1.308988e+00
1.311429e+00
1.313870e+00
1.316311e+00
1.318752e+00
1.321193e+00
1.323633e+00
1.326074e+00
1.328516e+00
1.330956e+00
1.333397e+00
1.335838e+00
1.338279e+00
1.340720e+00
1.343160e+00
1.345601e+00
1.348042e+00
1.350483e+00
1.352924e+00
1.355365e+00
1.357805e+00
1.360246e+00
1.362688e+00
1.365128e+00
1.367569e+00
1.370010e+00
1.372451e+00
1.374892e+00
1.377333e+00
1.379773e+00
1.382214e+00
1.384656e+00
1.387096e+00
1.389537e+00
1.391978e+00
1.394418e+00
1.396860e+00
1.399301e+00
1.401741e+00
1.404182e+00
1.406623e+00
1.409064e+00
1.411505e+00
1.413946e+00
1.416386e+00
1.418828e+00
1.421268e+00
1.423709e+00
1.426150e+00
1.428590e+00
1.431032e+00
1.433473e+00
1.435913e+00
1.438354e+00
1.440795e+00
1.443236e+00
1.445677e+00
1.448118e+00
1.450558e+00
1.453000e+00
1.455441e+00
1.457881e+00
1.460322e+00
1.462763e+00
1.465204e+00
1.467645e+00
1.470086e+00
1.472526e+00
1.474967e+00
1.477409e+00
1.479849e+00
1.482290e+00
1.484731e+00
1.487172e+00
1.489613e+00
1.492053e+00
1.494494e+00
1.496935e+00
1.499376e+00
1.501817e+00
1.504258e+00
1.506698e+00
1.509139e+00
1.511581e+00
1.514021e+00
1.516462e+00
1.518903e+00
1.521344e+00
1.523785e+00
1.526226e+00
1.528666e+00
1.531107e+00
1.533549e+00
1.535989e+00
1.538430e+00
1.540871e+00
1.543311e+00
1.545753e+00
1.548194e+00
1.550634e+00
1.553075e+00
1.555516e+00
1.557957e+00
1.560398e+00
1.562839e+00
1.565279e+00
1.567721e+00
1.570161e+00
1.572602e+00
1.575043e+00
1.577483e+00
1.579925e+00
1.582366e+00
1.584806e+00
1.587247e+00
1.589688e+00
1.592129e+00
1.594570e+00
1.597011e+00
1.599451e+00
1.601893e+00
1.604334e+00
1.606774e+00
1.609215e+00
1.611656e+00
1.614097e+00
1.616538e+00
1.618979e+00
1.621419e+00
1.623860e+00
1.626302e+00
1.628742e+00
1.631183e+00
1.633624e+00
1.636065e+00
1.638506e+00
1.640946e+00
1.643387e+00
1.645828e+00
1.648269e+00
1.650710e+00
1.653151e+00
1.655591e+00
1.658032e+00
1.660474e+00
1.662914e+00
1.665355e+00
1.667796e+00
1.670237e+00
1.672678e+00
1.675119e+00
1.677559e+00
1.680000e+00
1.682442e+00
1.684882e+00
1.687323e+00
1.689764e+00
1.692204e+00
1.694646e+00
1.697087e+00
1.699527e+00
1.701968e+00
1.704409e+00
1.706850e+00
1.709291e+00
1.711731e+00
1.714172e+00
1.716614e+00
1.719054e+00
1.721495e+00
1.723936e+00
1.726376e+00
1.728818e+00
1.731259e+00
1.733699e+00
1.736140e+00
1.738581e+00
1.741022e+00
1.743463e+00
1.745904e+00
1.748344e+00
1.750785e+00
1.753227e+00
1.755667e+00
1.758108e+00
1.760549e+00
1.762990e+00
1.765431e+00
1.767872e+00
1.770312e+00
1.772753e+00
1.775195e+00
1.777635e+00
1.780076e+00
1.782517e+00
1.784957e+00
1.787399e+00
1.789839e+00
1.792280e+00
1.794721e+00
1.797162e+00
1.799603e+00
1.802044e+00
1.804484e+00
1.806925e+00
1.809367e+00
1.811807e+00
1.814248e+00
1.816689e+00
1.819129e+00
1.821571e+00
1.824706e+00
1.827842e+00
1.830977e+00
1.834112e+00
1.837248e+00
1.840383e+00
1.843519e+00
1.846654e+00
1.849789e+00
1.852925e+00
1.856060e+00
1.859196e+00
1.862332e+00
1.865467e+00
1.868602e+00
1.871738e+00
1.874873e+00
1.878009e+00
1.881144e+00
1.884279e+00
1.887415e+00
1.890550e+00
1.893685e+00
1.896821e+00
1.899956e+00
1.903092e+00
1.906228e+00
1.909363e+00
1.912499e+00
1.915634e+00
1.918769e+00
1.921905e+00
1.925040e+00
1.928175e+00
1.931311e+00
1.934446e+00
1.937581e+00
1.940717e+00
1.943852e+00
1.946988e+00
1.950124e+00
1.953259e+00
1.956395e+00
1.959530e+00
1.962665e+00
1.965801e+00
1.968936e+00
1.972071e+00
1.975207e+00
1.978342e+00
1.981478e+00
1.984613e+00
1.987748e+00
1.990884e+00
1.994019e+00
1.997155e+00
2.000291e+00
2.003426e+00
2.006561e+00
2.009697e+00
2.012832e+00
2.015968e+00
2.019103e+00
2.022238e+00
2.025374e+00
2.028509e+00
2.031644e+00
2.034780e+00
2.037915e+00
2.041051e+00
2.044187e+00
2.047322e+00
2.050458e+00
2.053593e+00
2.056728e+00
2.059864e+00
2.062999e+00
2.066134e+00
2.069270e+00
2.072405e+00
2.075540e+00
2.078676e+00
2.081811e+00
2.084947e+00
2.088083e+00
2.091218e+00
2.094354e+00
2.097489e+00
2.100624e+00
2.103760e+00
2.106895e+00
2.110030e+00
2.113166e+00
2.116301e+00
2.119437e+00
2.122572e+00
2.125707e+00
2.128843e+00
2.131979e+00
2.135114e+00
2.138250e+00
2.141385e+00
2.144520e+00
2.147656e+00
2.150791e+00
2.153926e+00
2.157062e+00
2.160197e+00
2.163333e+00
2.166468e+00
2.169603e+00
2.172739e+00
2.175875e+00
2.179010e+00
2.182146e+00
2.185281e+00
2.188416e+00
2.191552e+00
2.194687e+00
2.197823e+00
2.200958e+00
2.204093e+00
2.207229e+00
2.210364e+00
2.213499e+00
2.216635e+00
2.219771e+00
2.222906e+00
2.226042e+00
2.229177e+00
2.232313e+00
2.235448e+00
2.238583e+00
2.241719e+00
2.244854e+00
2.247989e+00
2.251125e+00
2.254260e+00
2.257395e+00
2.260531e+00
2.263667e+00
2.266803e+00
2.269938e+00
2.273073e+00
2.276209e+00
2.279344e+00
2.282479e+00
2.285615e+00
2.288750e+00
2.291885e+00
2.295021e+00
2.298156e+00
2.301292e+00
2.304427e+00
2.307562e+00
2.310698e+00
2.313834e+00
2.316969e+00
2.320105e+00
2.323240e+00
2.326375e+00
2.329511e+00
2.332646e+00
2.335782e+00
2.338917e+00
2.342052e+00
2.345188e+00
2.348323e+00
2.351458e+00
2.354594e+00
2.357730e+00
2.360865e+00
2.364001e+00
2.367136e+00
2.370272e+00
2.373407e+00
2.376542e+00
2.379678e+00
2.382813e+00
2.385948e+00
2.389084e+00
2.392219e+00
2.395354e+00
2.398490e+00
2.401626e+00
2.404762e+00
2.407897e+00
2.411032e+00
2.414168e+00
2.417303e+00
2.420438e+00
2.423574e+00
2.426709e+00
2.429844e+00
2.432980e+00
2.436115e+00
2.439251e+00
2.442386e+00
2.445522e+00
2.448658e+00
2.451793e+00
2.454910e+00
2.458028e+00
2.461146e+00
2.464263e+00
2.467381e+00
2.470499e+00
2.473616e+00
2.476734e+00
2.479852e+00
2.482969e+00
2.486087e+00
2.489205e+00
2.492322e+00
2.495440e+00
2.498558e+00
2.501675e+00
2.504792e+00
2.507911e+00
2.511028e+00
2.514145e+00
2.517264e+00
2.520381e+00
2.523498e+00
2.526617e+00
2.529734e+00
2.532852e+00
2.535970e+00
2.539087e+00
2.542205e+00
2.545323e+00
2.548440e+00
2.551558e+00
2.554676e+00
2.557793e+00
2.560911e+00
2.564029e+00
2.567146e+00
2.570264e+00
2.573382e+00
2.576499e+00
2.579617e+00
2.582735e+00
2.585852e+00
2.588970e+00
2.592088e+00
2.595205e+00
2.598323e+00
2.601441e+00
2.604558e+00
2.607676e+00
2.610793e+00
2.613911e+00
2.617029e+00
2.620146e+00
2.623264e+00
2.626382e+00
2.629499e+00
2.632617e+00
2.635735e+00
2.638852e+00
2.641970e+00
2.645088e+00
2.648205e+00
2.651323e+00
2.654441e+00
2.657558e+00
2.660676e+00
2.663794e+00
2.666911e+00
2.670029e+00
2.673147e+00
2.676264e+00
2.679382e+00
2.682500e+00
2.685617e+00
2.688735e+00
2.691853e+00
2.694970e+00
2.698088e+00
2.701206e+00
2.704323e+00
2.707441e+00
2.710559e+00
2.713676e+00
2.716793e+00
2.719912e+00
2.723029e+00
2.726146e+00
2.729265e+00
2.732382e+00
2.735500e+00
2.738618e+00
2.741735e+00
2.744853e+00
2.747971e+00
2.751088e+00
2.754206e+00
2.757324e+00
2.760441e+00
2.763559e+00
2.766677e+00
2.769794e+00
2.772912e+00
2.776030e+00
2.779147e+00
2.782265e+00
2.785383e+00
2.788500e+00
2.791618e+00
2.794736e+00
2.797853e+00
2.800971e+00
2.804089e+00
2.807206e+00
2.810324e+00
2.813442e+00
2.816559e+00
2.819677e+00
2.822794e+00
2.825912e+00
2.829030e+00
2.832147e+00
2.835265e+00
2.838383e+00
2.841500e+00
2.844618e+00
2.847736e+00
2.850853e+00
2.853971e+00
2.857089e+00
2.860206e+00
2.863324e+00
2.866442e+00
2.869559e+00
2.872677e+00
2.875795e+00
2.878912e+00
2.882030e+00
2.885148e+00
2.888265e+00
2.891383e+00
2.894501e+00
2.897618e+00
2.900736e+00
2.903854e+00
2.906971e+00
2.910089e+00
2.913207e+00
2.916324e+00
2.919442e+00
2.922560e+00
2.925677e+00
2.928794e+00
2.931913e+00
2.935030e+00
2.938147e+00
2.941266e+00
2.944383e+00
2.947501e+00
2.950619e+00
2.953736e+00
2.956854e+00
2.959972e+00
2.963089e+00
2.966207e+00
2.969325e+00
2.972442e+00
2.975560e+00
2.978678e+00
2.981795e+00
2.984913e+00
2.988031e+00
2.991148e+00
2.994266e+00
2.997384e+00
3.000501e+00
3.003619e+00
3.006737e+00
3.009854e+00
3.012972e+00
3.016090e+00
3.019207e+00
3.022325e+00
3.025443e+00
3.028560e+00
3.031678e+00
3.034795e+00
3.037913e+00
3.041031e+00
3.044148e+00
3.047266e+00
3.050384e+00
3.053501e+00
3.056619e+00
3.059737e+00
3.062854e+00
3.065972e+00
3.069090e+00
3.072207e+00
3.075325e+00
3.078443e+00
3.082133e+00
3.085822e+00
3.089512e+00
3.093202e+00
3.096892e+00
3.100582e+00
3.104271e+00
3.107961e+00
3.111651e+00
3.115341e+00
3.119031e+00
3.122721e+00
3.126410e+00
3.130100e+00
3.133791e+00
3.137480e+00
3.141170e+00
3.144859e+00
3.148549e+00
3.152240e+00
3.155929e+00
3.159619e+00
3.163309e+00
3.166998e+00
3.170689e+00
3.174379e+00
3.178068e+00
3.181758e+00
3.185447e+00
3.189138e+00
3.192828e+00
3.196517e+00
3.200207e+00
3.203897e+00
3.207587e+00
3.211277e+00
3.214967e+00
3.218656e+00
3.222346e+00
3.226036e+00
3.229726e+00
3.233416e+00
3.237105e+00
3.240795e+00
3.244485e+00
3.248175e+00
3.251865e+00
3.255555e+00
3.259244e+00
3.262934e+00
3.266624e+00
3.270314e+00
3.274004e+00
3.277693e+00
3.281383e+00
3.285074e+00
3.288763e+00
3.292453e+00
3.296143e+00
3.299832e+00
3.303523e+00
3.307212e+00
3.310902e+00
3.314592e+00
3.318281e+00
3.321972e+00
3.325662e+00
3.329351e+00
3.333041e+00
3.336731e+00
3.340421e+00
3.344111e+00
3.347800e+00
3.351490e+00
3.355180e+00
3.358870e+00
3.362560e+00
3.366250e+00
3.369939e+00
3.373629e+00
3.377319e+00
3.381009e+00
3.384699e+00
3.388388e+00
3.392078e+00
3.395768e+00
3.399458e+00
3.403148e+00
3.406838e+00
3.410527e+00
3.414217e+00
3.417907e+00
3.421597e+00
3.425287e+00
3.428976e+00
3.432666e+00
3.436357e+00
3.440046e+00
3.443736e+00
3.447426e+00
3.451115e+00
3.454806e+00
3.458495e+00
3.462185e+00
3.465875e+00
3.469564e+00
3.473255e+00
3.476945e+00
3.480634e+00
3.484324e+00
3.488014e+00
3.491704e+00
3.495394e+00
3.499083e+00
3.502773e+00
3.506463e+00
3.510153e+00
3.513843e+00
3.517533e+00
3.521222e+00
3.524912e+00
3.528602e+00
3.532292e+00
3.535982e+00
3.539671e+00
3.543361e+00
3.547051e+00
3.550741e+00
3.554431e+00
3.558121e+00
3.561810e+00
3.565500e+00
3.569191e+00
3.572880e+00
3.576570e+00
3.580259e+00
3.583949e+00
3.587640e+00
3.591329e+00
3.595019e+00
3.598709e+00
3.602398e+00
3.606089e+00
3.609779e+00
3.613468e+00
3.617158e+00
3.620847e+00
3.624538e+00
3.628228e+00
3.631917e+00
3.635607e+00
3.639297e+00
3.642987e+00
3.646677e+00
3.650367e+00
3.654056e+00
3.657746e+00
3.661436e+00
3.665126e+00
3.668816e+00
3.672505e+00
3.676195e+00
3.679886e+00
3.683575e+00
3.687265e+00
3.690955e+00
3.694644e+00
3.698335e+00
3.702024e+00
3.705714e+00
3.709404e+00
3.713093e+00
3.716784e+00
3.720474e+00
3.724163e+00
3.727853e+00
3.731543e+00
3.735233e+00
3.738923e+00
3.742612e+00
3.746302e+00
3.749992e+00
3.753682e+00
3.757372e+00
3.761062e+00
3.764751e+00
3.768441e+00
3.772131e+00
3.775821e+00
3.779511e+00
3.783200e+00
3.786890e+00
3.790580e+00
3.794270e+00
3.797960e+00
3.801650e+00
3.805339e+00
3.809029e+00
3.812720e+00
3.816409e+00
3.820099e+00
3.823788e+00
3.827478e+00
3.831169e+00
3.834858e+00
3.838548e+00
3.842238e+00
3.845927e+00
3.849618e+00
3.853308e+00
3.856997e+00
3.860687e+00
3.864376e+00
3.868067e+00
3.871757e+00
3.875446e+00
3.879136e+00
3.882826e+00
3.886516e+00
3.890206e+00
3.893896e+00
3.897585e+00
3.901275e+00
3.904965e+00
3.908655e+00
3.912345e+00
3.916034e+00
3.919724e+00
3.923414e+00
3.927104e+00
3.930794e+00
3.934483e+00
3.938173e+00
3.941863e+00
3.945553e+00
3.949243e+00
3.952933e+00
3.956622e+00
3.960312e+00
3.964003e+00
3.967692e+00
3.971382e+00
3.975071e+00
3.978761e+00
3.982452e+00
3.986141e+00
3.989831e+00
3.993521e+00
3.997210e+00
4.000901e+00
4.004591e+00
4.008280e+00
4.011970e+00
4.015659e+00
4.019350e+00
4.023040e+00
4.026729e+00
4.030419e+00
4.034109e+00
4.037799e+00
4.041489e+00
4.045179e+00
4.048868e+00
4.052558e+00
4.056248e+00
4.059938e+00
4.063628e+00
4.067317e+00
4.071007e+00
4.074697e+00
4.078387e+00
4.082077e+00
4.085767e+00
4.089456e+00
4.093146e+00
4.096836e+00
4.100526e+00
4.104216e+00
4.107905e+00
4.111595e+00
4.115286e+00
4.118975e+00
4.122665e+00
4.126355e+00
4.130044e+00
4.133735e+00
4.137424e+00
4.141114e+00
4.144804e+00
4.148493e+00
4.152184e+00
4.155874e+00
4.159563e+00
4.163253e+00
4.166943e+00
4.170633e+00
4.174323e+00
4.178012e+00
4.181702e+00
4.185392e+00
4.189082e+00
4.192772e+00
4.196725e+00
4.200677e+00
4.204630e+00
4.208584e+00
4.212536e+00
4.216489e+00
4.220442e+00
4.224395e+00
4.228347e+00
4.232300e+00
4.236254e+00
4.240206e+00
4.244159e+00
4.248112e+00
4.252065e+00
4.256017e+00
4.259970e+00
4.263924e+00
4.267877e+00
4.271829e+00
4.275782e+00
4.279735e+00
4.283688e+00
4.287640e+00
4.291594e+00
4.295547e+00
4.299499e+00
4.303452e+00
4.307405e+00
4.311358e+00
4.315310e+00
4.319264e+00
4.323217e+00
4.327169e+00
4.331122e+00
4.335075e+00
4.339028e+00
4.342980e+00
4.346934e+00
4.350887e+00
4.354840e+00
4.358792e+00
4.362745e+00
4.366698e+00
4.370650e+00
4.374604e+00
4.378557e+00
4.382510e+00
4.386462e+00
4.390415e+00
4.394368e+00
4.398321e+00
4.402274e+00
4.406227e+00
4.410180e+00
4.414132e+00
4.418085e+00
4.422038e+00
4.425991e+00
4.429944e+00
4.433897e+00
4.437850e+00
4.441803e+00
4.445755e+00
4.449708e+00
4.453661e+00
4.457614e+00
4.461567e+00
4.465520e+00
4.469473e+00
4.473425e+00
4.477378e+00
4.481331e+00
4.485284e+00
4.489237e+00
4.493190e+00
4.497143e+00
4.501095e+00
4.505048e+00
4.509001e+00
4.512955e+00
4.516907e+00
4.520860e+00
4.524813e+00
4.528766e+00
4.532718e+00
4.536671e+00
4.540625e+00
4.544577e+00
4.548530e+00
4.552483e+00
4.556436e+00
4.560388e+00
4.564341e+00
4.568295e+00
4.572247e+00
4.576200e+00
4.580153e+00
4.584106e+00
4.588058e+00
4.592011e+00
4.595965e+00
4.599918e+00
4.603870e+00
4.607823e+00
4.611776e+00
4.615728e+00
4.619681e+00
4.623635e+00
4.627588e+00
4.631540e+00
4.635493e+00
4.639446e+00
4.643399e+00
4.647351e+00
4.651305e+00
4.655258e+00
4.659210e+00
4.663163e+00
4.667116e+00
4.671069e+00
4.675021e+00
4.678975e+00
4.682928e+00
4.686881e+00
4.690833e+00
4.694786e+00
4.698739e+00
4.702692e+00
4.706645e+00
4.710598e+00
4.714551e+00
4.718503e+00
4.722456e+00
4.726409e+00
4.730362e+00
4.734315e+00
4.738268e+00
4.742221e+00
4.746173e+00
4.750126e+00
4.754079e+00
4.758033e+00
4.761985e+00
4.765938e+00
4.769891e+00
4.773844e+00
4.777796e+00
4.781749e+00
4.785703e+00
4.789655e+00
4.793608e+00
4.797561e+00
4.801514e+00
4.805466e+00
4.809419e+00
4.813373e+00
4.817325e+00
4.821278e+00
4.825231e+00
4.829184e+00
4.833136e+00
4.837089e+00
4.841043e+00
4.844996e+00
4.848948e+00
4.852901e+00
4.856854e+00
4.860806e+00
4.864759e+00
4.868713e+00
4.872666e+00
4.876618e+00
4.880571e+00
4.884524e+00
4.888477e+00
4.892429e+00
4.896383e+00
4.900336e+00
4.904288e+00
4.908241e+00
4.912194e+00
4.916147e+00
4.920099e+00
4.924053e+00
4.928006e+00
4.931959e+00
4.935911e+00
4.939864e+00
4.943817e+00
4.947769e+00
4.951723e+00
4.955676e+00
4.959629e+00
4.963581e+00
4.967534e+00
4.971487e+00
4.975440e+00
4.979393e+00
4.983346e+00
4.987299e+00
4.991251e+00
4.995204e+00
4.999157e+00
5.003110e+00
5.007063e+00
5.011016e+00
5.014969e+00
5.018922e+00
5.022874e+00
5.026827e+00
5.030780e+00
5.034733e+00
5.038686e+00
5.042639e+00
5.046592e+00
5.050544e+00
5.054497e+00
5.058450e+00
5.062403e+00
5.066356e+00
5.070309e+00
5.074262e+00
5.078214e+00
5.082167e+00
5.086120e+00
5.090074e+00
5.094026e+00
5.097979e+00
5.101932e+00
5.105884e+00
5.109837e+00
5.113790e+00
5.117744e+00
5.121696e+00
5.125649e+00
5.129602e+00
5.133555e+00
5.137507e+00
5.141460e+00
5.145414e+00
5.149366e+00
5.153319e+00
5.157272e+00
5.161225e+00
5.165177e+00
5.169130e+00
5.173084e+00
5.177037e+00
5.180989e+00
5.184942e+00
5.188895e+00
5.192847e+00
5.196800e+00
5.200754e+00
5.204707e+00
5.208659e+00
5.212612e+00
5.216565e+00
5.220518e+00
5.224470e+00
5.228424e+00
5.232377e+00
5.236329e+00
5.240282e+00
5.244235e+00
5.248188e+00
5.252140e+00
5.256094e+00
5.260047e+00
5.264000e+00
5.267952e+00
5.271905e+00
5.275858e+00
5.279810e+00
5.283764e+00
5.287717e+00
5.291670e+00
5.295622e+00
5.299575e+00
5.303528e+00
5.307481e+00
5.311434e+00
5.315387e+00
5.319340e+00
5.323292e+00
5.327245e+00
5.331198e+00
5.335151e+00
5.339104e+00
5.343057e+00
5.347010e+00
5.350962e+00
5.354915e+00
5.358868e+00
5.362821e+00
5.366774e+00
5.370727e+00
5.374680e+00
5.378633e+00
5.382585e+00
5.386538e+00
5.390491e+00
5.394444e+00
5.398397e+00
5.402350e+00
5.406303e+00
5.410255e+00
5.414208e+00
5.418161e+00
5.422115e+00
5.426067e+00
5.430020e+00
5.433973e+00
5.437925e+00
5.441878e+00
5.445831e+00
5.449785e+00
5.453737e+00
5.457690e+00
5.461643e+00
5.465596e+00
5.469548e+00
5.473501e+00
5.477455e+00
5.481407e+00
5.485360e+00
5.489313e+00
5.493266e+00
5.497218e+00
5.501171e+00
5.505125e+00
5.509078e+00
5.513030e+00
5.516983e+00
5.520936e+00
5.524888e+00
5.528841e+00
5.532795e+00
5.536748e+00
5.540700e+00
5.544653e+00
5.548606e+00
5.552559e+00
5.556511e+00
5.560465e+00
5.564418e+00
5.568370e+00
5.572323e+00
5.576276e+00
5.580229e+00
5.584181e+00
5.588135e+00
5.592088e+00
5.596040e+00
5.599993e+00
5.603946e+00
5.607899e+00
5.611851e+00
5.615805e+00
5.619758e+00
5.623711e+00
5.627663e+00
5.631616e+00
5.635569e+00
5.639522e+00
5.643475e+00
5.647428e+00
5.651381e+00
5.655333e+00
5.659286e+00
5.663239e+00
5.667192e+00
5.671145e+00
5.675098e+00
5.679051e+00
5.683003e+00
5.686956e+00
5.690909e+00
5.694863e+00
5.698815e+00
5.702768e+00
5.706721e+00
5.710674e+00
5.714626e+00
5.718579e+00
5.722533e+00
5.726485e+00
5.730438e+00
5.734391e+00
5.738344e+00
5.742296e+00
5.746249e+00
5.750203e+00
5.754156e+00
5.758108e+00
5.762061e+00
5.766014e+00
5.769966e+00
5.773919e+00
5.777873e+00
5.781826e+00
5.785778e+00
5.789731e+00
5.793684e+00
5.797637e+00
5.801589e+00
5.805543e+00
5.809496e+00
5.813448e+00
5.817401e+00
5.821354e+00
5.825307e+00
5.829259e+00
5.833213e+00
5.837166e+00
5.841118e+00
5.845071e+00
5.849024e+00
5.852977e+00
5.856929e+00
5.860883e+00
5.864836e+00
5.868789e+00
5.872741e+00
5.876694e+00
5.880647e+00
5.884600e+00
5.888553e+00
5.892506e+00
5.896459e+00
5.900411e+00
5.904364e+00
5.908317e+00
5.912270e+00
5.916223e+00
5.920176e+00
5.924129e+00
5.928081e+00
5.932034e+00
5.935987e+00
5.939940e+00
5.943893e+00
5.947846e+00
5.951799e+00
5.955752e+00
5.959704e+00
5.963657e+00
5.967610e+00
5.971563e+00
5.975516e+00
5.979469e+00
5.983422e+00
5.987374e+00
5.991327e+00
5.995280e+00
5.999234e+00
6.003186e+00
6.007139e+00
6.011092e+00
6.015044e+00
6.018997e+00
6.022950e+00
6.026904e+00
6.030856e+00
6.034809e+00
6.038762e+00
6.042715e+00
6.046667e+00
6.050620e+00
6.054574e+00
6.058526e+00
6.062479e+00
6.066432e+00
6.070385e+00
6.074337e+00
6.078290e+00
6.082244e+00
6.086196e+00
6.090149e+00
6.094102e+00
6.098055e+00
6.102007e+00
6.105960e+00
6.109914e+00
6.113867e+00
6.117819e+00
6.121772e+00
6.125725e+00
6.129678e+00
6.133630e+00
6.137584e+00
6.141537e+00
6.145489e+00
6.149442e+00
6.153395e+00
6.157348e+00
6.161300e+00
6.165254e+00
6.169207e+00
6.173159e+00
6.177112e+00
6.181874e+00
6.186636e+00
6.191399e+00
6.196161e+00
6.200924e+00
6.205686e+00
6.210448e+00
6.215210e+00
6.219973e+00
6.224735e+00
6.229497e+00
6.234259e+00
6.239021e+00
6.243783e+00
6.248546e+00
6.253308e+00
6.258070e+00
6.262832e+00
6.267594e+00
6.272356e+00
6.277119e+00
6.281881e+00
6.286644e+00
6.291406e+00
6.296168e+00
6.300930e+00
6.305693e+00
6.310455e+00
6.315217e+00
6.319979e+00
6.324741e+00
6.329504e+00
6.334266e+00
6.339028e+00
6.343790e+00
6.348552e+00
6.353314e+00
6.358077e+00
6.362839e+00
6.367602e+00
6.372364e+00
6.377126e+00
6.381888e+00
6.386651e+00
6.391413e+00
6.396175e+00
6.400937e+00
6.405699e+00
6.410461e+00
6.415224e+00
6.419986e+00
6.424748e+00
6.429510e+00
6.434272e+00
6.439035e+00
6.443797e+00
6.448560e+00
6.453322e+00
6.458084e+00
6.462846e+00
6.467609e+00
6.472371e+00
6.477133e+00
6.481895e+00
6.486657e+00
6.491419e+00
6.496182e+00
6.500944e+00
6.505706e+00
6.510468e+00
6.515230e+00
6.519993e+00
6.524755e+00
6.529518e+00
6.534280e+00
6.539042e+00
6.543804e+00
6.548566e+00
6.553329e+00
6.558091e+00
6.562853e+00
6.567615e+00
6.572377e+00
6.577140e+00
6.581902e+00
6.586664e+00
6.591426e+00
6.596188e+00
6.600951e+00
6.605713e+00
6.610476e+00
6.615238e+00
6.620000e+00
6.624762e+00
6.629524e+00
6.634287e+00
6.639049e+00
6.643811e+00
6.648573e+00
6.653335e+00
6.658097e+00
6.662860e+00
6.667622e+00
6.672384e+00
6.677146e+00
6.681909e+00
6.686671e+00
6.691434e+00
6.696196e+00
6.700958e+00
6.705720e+00
6.710482e+00
6.715245e+00
6.720007e+00
6.724769e+00
6.729531e+00
6.734293e+00
6.739055e+00
6.743818e+00
6.748580e+00
6.753342e+00
6.758104e+00
6.762867e+00
6.767629e+00
6.772392e+00
6.777154e+00
6.781916e+00
6.786678e+00
6.791440e+00
6.796202e+00
6.800965e+00
6.805727e+00
6.810489e+00
6.815251e+00
6.820013e+00
6.824776e+00
6.829538e+00
6.834300e+00
6.839062e+00
6.843825e+00
6.848587e+00
6.853350e+00
6.858112e+00
6.862874e+00
6.867636e+00
6.872398e+00
6.877160e+00
6.881923e+00
6.886685e+00
6.891447e+00
6.896209e+00
6.900971e+00
6.905733e+00
6.910496e+00
6.915258e+00
6.920020e+00
6.924782e+00
6.929545e+00
6.934308e+00
6.939070e+00
6.943832e+00
6.948594e+00
6.953356e+00
6.958118e+00
6.962881e+00
6.967643e+00
6.972405e+00
6.977167e+00
6.981929e+00
6.986691e+00
6.991454e+00
6.996216e+00
7.000978e+00
7.005740e+00
7.010503e+00
7.015265e+00
7.020028e+00
7.024790e+00
7.029552e+00
7.034314e+00
7.039076e+00
7.043838e+00
7.048601e+00
7.053363e+00
7.058125e+00
7.062887e+00
7.067649e+00
7.072412e+00
7.077174e+00
7.081936e+00
7.086698e+00
7.091461e+00
7.096223e+00
7.100986e+00
7.105748e+00
7.110510e+00
7.115272e+00
7.120034e+00
7.124796e+00
7.129559e+00
7.134321e+00
7.139083e+00
7.143845e+00
7.148607e+00
7.153369e+00
7.158132e+00
7.162894e+00
7.167656e+00
7.172419e+00
7.177181e+00
7.181943e+00
7.186706e+00
7.191468e+00
7.196230e+00
7.200992e+00
7.205754e+00
7.210517e+00
7.215279e+00
7.220041e+00
7.224803e+00
7.229565e+00
7.234327e+00
7.239090e+00
7.243852e+00
7.248614e+00
7.253377e+00
7.258139e+00
7.262901e+00
7.267664e+00
7.272426e+00
7.277188e+00
7.281950e+00
7.286712e+00
7.291474e+00
7.296237e+00
7.300999e+00
7.305761e+00
7.310523e+00
7.315285e+00
7.320048e+00
7.324810e+00
7.329572e+00
7.334335e+00
7.339097e+00
7.343859e+00
7.348622e+00
7.353384e+00
7.358146e+00
7.362908e+00
7.367670e+00
7.372432e+00
7.377195e+00
7.381957e+00
7.386719e+00
7.391481e+00
7.396243e+00
7.401005e+00
7.405768e+00
7.410530e+00
7.415293e+00
7.420055e+00
7.424817e+00
7.429579e+00
7.434342e+00
7.439104e+00
7.443866e+00
7.448628e+00
7.453390e+00
7.458153e+00
7.462915e+00
7.467677e+00
7.472439e+00
7.477201e+00
7.481963e+00
7.486726e+00
7.491488e+00
7.496251e+00
7.501013e+00
7.505775e+00
7.510537e+00
7.515300e+00
7.520062e+00
7.524824e+00
7.529586e+00
7.534348e+00
7.539110e+00
7.543873e+00
7.548635e+00
7.553397e+00
7.558159e+00
7.562921e+00
7.567684e+00
7.572446e+00
7.577209e+00
7.581971e+00
7.586733e+00
7.591495e+00
7.596258e+00
7.601020e+00
7.605782e+00
7.610544e+00
7.615306e+00
7.620068e+00
7.624831e+00
7.629593e+00
7.634355e+00
7.639117e+00
7.643879e+00
7.648641e+00
7.653404e+00
7.658167e+00
7.662929e+00
7.667691e+00
7.672453e+00
7.677215e+00
7.681978e+00
7.686740e+00
7.691502e+00
7.696264e+00
7.701026e+00
7.705789e+00
7.710551e+00
7.715313e+00
7.720075e+00
7.724837e+00
7.729599e+00
7.734362e+00
7.739125e+00
7.743887e+00
7.748649e+00
7.753411e+00
7.758173e+00
7.762936e+00
7.767698e+00
7.772460e+00
7.777222e+00
7.781984e+00
7.786746e+00
7.791509e+00
7.796271e+00
7.801033e+00
7.805795e+00
7.810557e+00
7.815320e+00
7.820083e+00
7.824845e+00
7.829607e+00
7.834369e+00
7.839131e+00
7.843894e+00
7.848656e+00
7.853418e+00
7.858180e+00
7.862942e+00
7.867704e+00
7.872467e+00
7.877229e+00
7.881991e+00
7.886753e+00
7.891515e+00
7.896278e+00
7.901041e+00
7.905803e+00
7.910565e+00
7.915327e+00
7.920089e+00
7.924851e+00
7.929614e+00
7.934376e+00
7.939138e+00
7.943900e+00
7.948662e+00
7.953425e+00
7.958187e+00
7.962949e+00
7.967711e+00
7.972473e+00
7.977236e+00
7.981999e+00
7.986761e+00
7.991523e+00
7.996285e+00
8.001047e+00
8.005809e+00
8.010572e+00
8.015334e+00
8.020096e+00
8.024858e+00
8.029620e+00
8.034382e+00
8.039145e+00
8.043907e+00
8.048669e+00
8.053431e+00
8.058194e+00
8.062956e+00
8.067719e+00
8.072481e+00
8.077243e+00
8.082005e+00
8.086767e+00
8.091530e+00
8.096292e+00
8.101054e+00
8.105816e+00
8.110578e+00
8.115340e+00
8.120103e+00
8.124865e+00
8.129627e+00
8.134389e+00
8.139152e+00
8.143914e+00
8.148677e+00
8.153439e+00
8.158201e+00
8.162963e+00
8.167725e+00
8.172487e+00
8.177250e+00
8.182012e+00
8.186774e+00
8.191536e+00
8.196298e+00
8.201061e+00
8.205823e+00
8.210585e+00
8.215347e+00
8.220110e+00
8.224872e+00
8.229635e+00
8.234397e+00
8.239159e+00
8.243921e+00
8.248683e+00
8.253445e+00
8.258208e+00
8.262970e+00
8.267732e+00
8.272494e+00
8.277256e+00
8.282018e+00
8.286781e+00
8.291543e+00
8.296305e+00
8.301068e+00
8.305830e+00
8.310592e+00
8.315355e+00
8.320117e+00
8.324879e+00
8.329641e+00
8.334403e+00
8.339166e+00
8.343928e+00
8.348690e+00
8.353452e+00
8.358214e+00
8.362976e+00
8.367739e+00
8.372501e+00
8.377263e+00
8.382026e+00
8.386788e+00
8.391550e+00
8.396313e+00
8.401075e+00
8.405837e+00
8.410599e+00
8.415361e+00
8.420123e+00
8.424886e+00
8.429648e+00
8.434410e+00
8.439172e+00
8.443934e+00
8.448697e+00
8.453459e+00
8.458221e+00
8.462984e+00
8.467746e+00
8.472508e+00
8.477271e+00
8.482033e+00
8.486795e+00
8.491557e+00
8.496319e+00
8.501081e+00
8.505844e+00
8.510606e+00
8.515368e+00
8.520130e+00
8.524892e+00
8.529654e+00
8.534417e+00
8.539179e+00
8.543942e+00
8.548704e+00
8.553466e+00
8.558228e+00
8.562991e+00
8.567753e+00
8.572515e+00
8.576957e+00
8.581398e+00
8.585841e+00
8.590282e+00
8.594724e+00
8.599166e+00
8.603608e+00
8.608050e+00
8.612492e+00
8.616933e+00
8.621376e+00
8.625817e+00
8.630259e+00
8.634701e+00
8.639143e+00
8.643585e+00
8.648027e+00
8.652468e+00
8.656911e+00
8.661353e+00
8.665794e+00
8.670236e+00
8.674678e+00
8.679120e+00
8.683562e+00
8.688003e+00
8.692445e+00
8.696888e+00
8.701329e+00
8.705771e+00
8.710213e+00
8.714655e+00
8.719097e+00
8.723538e+00
8.727980e+00
8.732423e+00
8.736864e+00
8.741306e+00
8.745748e+00
8.750190e+00
8.754632e+00
8.759074e+00
8.763515e+00
8.767958e+00
8.772399e+00
8.776841e+00
8.781283e+00
8.785725e+00
8.790167e+00
8.794609e+00
8.799050e+00
8.803493e+00
8.807934e+00
8.812376e+00
8.816818e+00
8.821259e+00
8.825702e+00
8.830144e+00
8.834585e+00
8.839027e+00
8.843470e+00
8.847911e+00
8.852353e+00
8.856795e+00
8.861237e+00
8.865679e+00
8.870120e+00
8.874562e+00
8.879005e+00
8.883446e+00
8.887888e+00
8.892330e+00
8.896772e+00
8.901214e+00
8.905655e+00
8.910097e+00
8.914540e+00
8.918981e+00
8.923423e+00
8.927865e+00
8.932306e+00
8.936749e+00
8.941191e+00
8.945632e+00
8.950074e+00
8.954516e+00
8.958958e+00
8.963400e+00
8.967841e+00
8.972284e+00
8.976726e+00
8.981167e+00
8.985609e+00
8.990051e+00
8.994493e+00
8.998935e+00
9.003376e+00
9.007819e+00
9.012261e+00
9.016702e+00
9.021144e+00
9.025587e+00
9.030028e+00
9.034470e+00
9.038911e+00
9.043353e+00
9.047796e+00
9.052237e+00
9.056679e+00
9.061121e+00
9.065563e+00
9.070005e+00
9.074447e+00
9.078888e+00
9.083331e+00
9.087772e+00
9.092214e+00
9.096656e+00
9.101098e+00
9.105540e+00
9.109982e+00
9.114423e+00
9.118866e+00
9.123307e+00
9.127749e+00
9.132191e+00
9.136633e+00
9.141075e+00
9.145517e+00
9.149958e+00
9.154401e+00
9.158843e+00
9.163284e+00
9.167726e+00
9.172168e+00
9.176610e+00
9.181052e+00
9.185493e+00
9.189935e+00
9.194378e+00
9.198819e+00
9.203261e+00
9.207703e+00
9.212145e+00
9.216587e+00
9.221028e+00
9.225470e+00
9.229913e+00
9.234354e+00
9.238796e+00
9.243238e+00
9.247680e+00
9.252122e+00
9.256564e+00
9.261005e+00
9.265448e+00
9.269889e+00
9.274331e+00
9.278773e+00
9.283214e+00
9.287657e+00
9.292099e+00
9.296540e+00
9.300982e+00
9.305424e+00
9.309866e+00
9.314308e+00
9.318749e+00
9.323192e+00
9.327634e+00
9.332075e+00
9.336517e+00
9.340960e+00
9.345401e+00
9.349843e+00
9.354285e+00
9.358727e+00
9.363169e+00
9.367610e+00
9.372052e+00
9.376495e+00
9.380936e+00
9.385378e+00
9.389820e+00
9.394262e+00
9.398704e+00
9.403145e+00
9.407587e+00
9.412029e+00
9.416471e+00
9.420913e+00
9.425355e+00
9.429796e+00
9.434239e+00
9.438681e+00
9.443122e+00
9.447564e+00
9.452006e+00
9.456448e+00
9.460890e+00
9.465331e+00
9.469774e+00
9.474216e+00
9.478657e+00
9.483099e+00
9.487541e+00
9.491983e+00
9.496425e+00
9.500866e+00
9.505309e+00
9.509751e+00
9.514192e+00
9.518634e+00
9.523076e+00
9.527518e+00
9.531960e+00
9.536401e+00
9.540843e+00
9.545286e+00
9.549727e+00
9.554169e+00
9.558611e+00
9.563053e+00
9.567495e+00
9.571937e+00
9.576378e+00
9.580821e+00
9.585262e+00
9.589704e+00
9.594146e+00
9.598588e+00
9.603030e+00
9.607472e+00
9.611913e+00
9.616356e+00
9.620797e+00
9.625239e+00
9.629681e+00
9.634122e+00
9.638565e+00
9.643007e+00
9.647448e+00
9.651890e+00
9.656333e+00
9.660774e+00
9.665216e+00
9.669658e+00
9.674100e+00
9.678542e+00
9.682983e+00
9.687425e+00
9.691868e+00
9.696309e+00
9.700751e+00
9.705193e+00
9.709635e+00
9.714077e+00
9.718518e+00
9.722960e+00
9.727403e+00
9.731844e+00
9.736286e+00
9.740728e+00
9.745170e+00
9.749612e+00
9.754054e+00
9.758495e+00
9.762937e+00
9.767379e+00
9.771821e+00
9.776263e+00
9.780704e+00
9.785147e+00
9.789589e+00
9.794030e+00
9.798472e+00
9.802914e+00
9.807356e+00
9.811798e+00
9.816239e+00
9.820682e+00
9.825124e+00
9.829565e+00
9.834007e+00
9.838450e+00
9.842891e+00
9.847333e+00
9.851775e+00
9.856217e+00
9.860659e+00
9.865100e+00
9.869542e+00
9.873984e+00
9.878426e+00
9.882868e+00
9.887310e+00
9.891751e+00
9.896194e+00
9.900635e+00
9.905077e+00
9.909519e+00
9.913961e+00
9.918403e+00
9.922845e+00
9.927286e+00
9.931729e+00
9.936171e+00
9.940612e+00
9.945054e+00
9.949496e+00
9.953938e+00
9.958380e+00
9.962821e+00
9.967264e+00
9.971705e+00
9.976144e+00
9.980592e+00
9.985031e+00
9.989470e+00
9.993917e+00
9.998356e+00
1.000280e+01
1.000724e+01
1.001168e+01
1.001612e+01
1.002057e+01
1.002501e+01
1.002945e+01
1.003390e+01
1.003833e+01
1.004277e+01
1.004722e+01
1.005166e+01
1.005610e+01
1.006055e+01
1.006499e+01
1.006942e+01
1.007387e+01
1.007831e+01
1.008275e+01
1.008720e+01
1.009164e+01
1.009608e+01
1.010052e+01
1.010496e+01
1.010940e+01
1.011384e+01
1.011829e+01
1.012273e+01
1.012717e+01
1.013162e+01
1.013605e+01
1.014049e+01
1.014494e+01
1.014938e+01
1.015382e+01
1.015827e+01
1.016271e+01
1.016714e+01
1.017159e+01
1.017603e+01
1.018047e+01
1.018492e+01
1.018936e+01
1.019380e+01
1.019824e+01
1.020268e+01
1.020712e+01
1.021157e+01
1.021601e+01
1.022045e+01
1.022490e+01
1.022934e+01
1.023377e+01
1.023822e+01
1.024266e+01
1.024710e+01
1.025154e+01
1.025599e+01
1.026043e+01
1.026486e+01
1.026931e+01
1.027375e+01
1.027819e+01
1.028264e+01
1.028708e+01
1.029152e+01
1.029596e+01
1.030040e+01
1.030484e+01
1.030929e+01
1.031373e+01
1.031817e+01
1.032262e+01
1.032706e+01
1.033149e+01
1.033594e+01
1.034038e+01
1.034482e+01
1.034927e+01
1.035371e+01
1.035815e+01
1.036259e+01
1.036703e+01
1.037147e+01
1.037592e+01
1.038036e+01
1.038480e+01
1.038925e+01
1.039368e+01
1.039812e+01
1.040257e+01
1.040701e+01
1.041145e+01
1.041589e+01
1.042034e+01
1.042478e+01
1.042921e+01
1.043366e+01
1.043810e+01
1.044254e+01
1.044699e+01
1.045143e+01
1.045587e+01
1.046031e+01
1.046475e+01
1.046919e+01
1.047364e+01
1.047808e+01
1.048252e+01
1.048697e+01
1.049140e+01
1.049584e+01
1.050029e+01
1.050473e+01
1.050917e+01
1.051362e+01
1.051806e+01
1.052250e+01
1.052694e+01
1.053138e+01
1.053582e+01
1.054027e+01
1.054471e+01
1.054915e+01
1.055360e+01
1.055803e+01
1.056247e+01
1.056692e+01
1.057136e+01
1.057580e+01
1.058024e+01
1.058469e+01
1.058912e+01
1.059356e+01
1.059801e+01
1.060245e+01
1.060689e+01
1.061134e+01
1.061578e+01
1.062022e+01
1.062466e+01
1.062910e+01
1.063354e+01
1.063799e+01
1.064243e+01
1.064687e+01
1.065132e+01
1.065575e+01
1.066019e+01
1.066464e+01
1.066908e+01
1.067352e+01
1.067797e+01
1.068241e+01
1.068684e+01
1.069129e+01
1.069573e+01
1.070017e+01
1.070462e+01
1.070906e+01
