2.233000e-04
2.917767e-04
3.602533e-04
4.287300e-04
4.972067e-04
5.656833e-04
6.341600e-04
7.026367e-04
7.711133e-04
8.395900e-04
9.080667e-04
9.765433e-04
1.045020e-03
1.113497e-03
1.181973e-03
1.250450e-03
1.318927e-03
1.387403e-03
1.455880e-03
1.524357e-03
1.592833e-03
1.661310e-03
1.729787e-03
1.798263e-03
1.866740e-03
1.935217e-03
2.003693e-03
2.072170e-03
2.140647e-03
2.209123e-03
2.277600e-03
2.387707e-03
2.497815e-03
2.607923e-03
2.718030e-03
2.828137e-03
2.938245e-03
3.048353e-03
3.158460e-03
3.268568e-03
3.378675e-03
3.488782e-03
3.598890e-03
3.708997e-03
3.819105e-03
3.929213e-03
4.039320e-03
4.149428e-03
4.259535e-03
4.369642e-03
4.479750e-03
4.560232e-03
4.640715e-03
4.721197e-03
4.801680e-03
4.882163e-03
4.962645e-03
5.043128e-03
5.123610e-03
5.204093e-03
5.284575e-03
5.365058e-03
5.445540e-03
5.526022e-03
5.606505e-03
5.686987e-03
5.767470e-03
5.847953e-03
5.928435e-03
5.926080e-03
6.089400e-03
6.252720e-03
6.416040e-03
6.579360e-03
6.742680e-03
6.906000e-03
7.069320e-03
7.232640e-03
7.395960e-03
7.559280e-03
7.722600e-03
7.885920e-03
8.049240e-03
8.212560e-03
8.375880e-03
8.539200e-03
8.702520e-03
8.865840e-03
9.029160e-03
9.192480e-03
9.355799e-03
9.519120e-03
9.682441e-03
9.845759e-03
1.000908e-02
1.017240e-02
1.033572e-02
1.049904e-02
1.066236e-02
1.082568e-02
1.098900e-02
1.110002e-02
1.121104e-02
1.132206e-02
1.143308e-02
1.154410e-02
1.165512e-02
1.176614e-02
1.187716e-02
1.198818e-02
1.209920e-02
1.221022e-02
1.232124e-02
1.243226e-02
1.254328e-02
1.265430e-02
1.276532e-02
1.287634e-02
1.298736e-02
1.309838e-02
1.320940e-02
1.332042e-02
1.343144e-02
1.354246e-02
1.365348e-02
1.376450e-02
1.387552e-02
1.398654e-02
1.409756e-02
1.420858e-02
1.431960e-02
1.443062e-02
1.454164e-02
1.465266e-02
1.476368e-02
1.487470e-02
1.498572e-02
1.509674e-02
1.520776e-02
1.531878e-02
1.542980e-02
1.554082e-02
1.565184e-02
1.576286e-02
1.587388e-02
1.598490e-02
1.609592e-02
1.620694e-02
1.631796e-02
1.642898e-02
1.654000e-02
1.669205e-02
1.684410e-02
1.699615e-02
1.714820e-02
1.730025e-02
1.745230e-02
1.760435e-02
1.775640e-02
1.790845e-02
1.806050e-02
1.821255e-02
1.836460e-02
1.851665e-02
1.866870e-02
1.882075e-02
1.897280e-02
1.912485e-02
1.927690e-02
1.942895e-02
1.958100e-02
1.973305e-02
1.988510e-02
2.003715e-02
2.018920e-02
2.034125e-02
2.049330e-02
2.064535e-02
2.079740e-02
2.094945e-02
2.110150e-02
2.125355e-02
2.140560e-02
2.155765e-02
2.170970e-02
2.186175e-02
2.201380e-02
2.216585e-02
2.231790e-02
2.246995e-02
2.262200e-02
2.277405e-02
2.292610e-02
2.307815e-02
2.323020e-02
2.338225e-02
2.353430e-02
2.368635e-02
2.383840e-02
2.399045e-02
2.414250e-02
2.412126e-02
2.410001e-02
2.407876e-02
2.405752e-02
2.403628e-02
2.401503e-02
2.399379e-02
2.397254e-02
2.395129e-02
2.393005e-02
2.390881e-02
2.388756e-02
2.386631e-02
2.384507e-02
2.382382e-02
2.380258e-02
2.378134e-02
2.376009e-02
2.373884e-02
2.371760e-02
2.369636e-02
2.367511e-02
2.365386e-02
2.363262e-02
2.361138e-02
2.359013e-02
2.356889e-02
2.354764e-02
2.352640e-02
2.350515e-02
2.348390e-02
2.346266e-02
2.344142e-02
2.342017e-02
2.339893e-02
2.337768e-02
2.335643e-02
2.333519e-02
2.331395e-02
2.329270e-02
2.327145e-02
2.325021e-02
2.322897e-02
2.320772e-02
2.318648e-02
2.316523e-02
2.314398e-02
2.312274e-02
2.310149e-02
2.308025e-02
2.305901e-02
2.303776e-02
2.301651e-02
2.299527e-02
2.297403e-02
2.295278e-02
2.293153e-02
2.291029e-02
2.288905e-02
2.286780e-02
2.284656e-02
2.282531e-02
2.280406e-02
2.278282e-02
2.276158e-02
2.274033e-02
2.271908e-02
2.269784e-02
2.267660e-02
2.265535e-02
2.263411e-02
2.261286e-02
2.259161e-02
2.257037e-02
2.254912e-02
2.252788e-02
2.250664e-02
2.248539e-02
2.246414e-02
2.244290e-02
2.242166e-02
2.240041e-02
2.237916e-02
2.235792e-02
2.233668e-02
2.231543e-02
2.229419e-02
2.227294e-02
2.225170e-02
2.223045e-02
2.220920e-02
2.218796e-02
2.216672e-02
2.214547e-02
2.212423e-02
2.210298e-02
2.208173e-02
2.206049e-02
2.203925e-02
2.201800e-02
2.213092e-02
2.224384e-02
2.235676e-02
2.246968e-02
2.258260e-02
2.269552e-02
2.280844e-02
2.292136e-02
2.303428e-02
2.314720e-02
2.326012e-02
2.337304e-02
2.348596e-02
2.359888e-02
2.371180e-02
2.382472e-02
2.393764e-02
2.405056e-02
2.416348e-02
2.427640e-02
2.438932e-02
2.450224e-02
2.461516e-02
2.472808e-02
2.484100e-02
2.495392e-02
2.506684e-02
2.517976e-02
2.529268e-02
2.540560e-02
2.551852e-02
2.563144e-02
2.574436e-02
2.585728e-02
2.597020e-02
2.608312e-02
2.619604e-02
2.630896e-02
2.642188e-02
2.653480e-02
2.664772e-02
2.676064e-02
2.687356e-02
2.698648e-02
2.709940e-02
2.721232e-02
2.732524e-02
2.743816e-02
2.755108e-02
2.766400e-02
2.777692e-02
2.788984e-02
2.800276e-02
2.811568e-02
2.822860e-02
2.834152e-02
2.845444e-02
2.856736e-02
2.868028e-02
2.879320e-02
2.890612e-02
2.901904e-02
2.913196e-02
2.924488e-02
2.935780e-02
2.947072e-02
2.958364e-02
2.969656e-02
2.980948e-02
2.992240e-02
3.003532e-02
3.014824e-02
3.026116e-02
3.037408e-02
3.048700e-02
3.059992e-02
3.071284e-02
3.082576e-02
3.093868e-02
3.105160e-02
3.116452e-02
3.127744e-02
3.139036e-02
3.150328e-02
3.161620e-02
3.172912e-02
3.184204e-02
3.195496e-02
3.206788e-02
3.218080e-02
3.229372e-02
3.240664e-02
3.251956e-02
3.263248e-02
3.274540e-02
3.285832e-02
3.297124e-02
3.308416e-02
3.319708e-02
3.331000e-02
3.343781e-02
3.356562e-02
3.369342e-02
3.382123e-02
3.394904e-02
3.407685e-02
3.420465e-02
3.433246e-02
3.446027e-02
3.458807e-02
3.471588e-02
3.484369e-02
3.497150e-02
3.509931e-02
3.522711e-02
3.535492e-02
3.548273e-02
3.561053e-02
3.573834e-02
3.586615e-02
3.599396e-02
3.612177e-02
3.624957e-02
3.637738e-02
3.650519e-02
3.663300e-02
3.676080e-02
3.688861e-02
3.701642e-02
3.714423e-02
3.727203e-02
3.739984e-02
3.752765e-02
3.765545e-02
3.778326e-02
3.791107e-02
3.803888e-02
3.816668e-02
3.829449e-02
3.842230e-02
3.855011e-02
3.867792e-02
3.880572e-02
3.893353e-02
3.906134e-02
3.918915e-02
3.931695e-02
3.944476e-02
3.957257e-02
3.970037e-02
3.982818e-02
3.995599e-02
4.008380e-02
4.021161e-02
4.033941e-02
4.046722e-02
4.059503e-02
4.072283e-02
4.085064e-02
4.097845e-02
4.110626e-02
4.123407e-02
4.136187e-02
4.148968e-02
4.161749e-02
4.174530e-02
4.187310e-02
4.200091e-02
4.212872e-02
4.225653e-02
4.238433e-02
4.251214e-02
4.263995e-02
4.276775e-02
4.289556e-02
4.302337e-02
4.315118e-02
4.327898e-02
4.340679e-02
4.353460e-02
4.366241e-02
4.379022e-02
4.391802e-02
4.404583e-02
4.417364e-02
4.430145e-02
4.442925e-02
4.455706e-02
4.468487e-02
4.481268e-02
4.494048e-02
4.506829e-02
4.519610e-02
4.532391e-02
4.545171e-02
4.557952e-02
4.570733e-02
4.583513e-02
4.596294e-02
4.609075e-02
4.621856e-02
4.634637e-02
4.647417e-02
4.660198e-02
4.672979e-02
4.685760e-02
4.698540e-02
4.711321e-02
4.724102e-02
4.736883e-02
4.749663e-02
4.762444e-02
4.775225e-02
4.788005e-02
4.800786e-02
4.813567e-02
4.826348e-02
4.839128e-02
4.851909e-02
4.864690e-02
4.877471e-02
4.890252e-02
4.903032e-02
4.915813e-02
4.928594e-02
4.941375e-02
4.954155e-02
4.966936e-02
4.979717e-02
4.992498e-02
5.005278e-02
5.018059e-02
5.030840e-02
5.043621e-02
5.056401e-02
5.069182e-02
5.081963e-02
5.094743e-02
5.107524e-02
5.120305e-02
5.133086e-02
5.145867e-02
5.158647e-02
5.171428e-02
5.184209e-02
5.196990e-02
5.209770e-02
5.222551e-02
5.235332e-02
5.248113e-02
5.260893e-02
5.273674e-02
5.286455e-02
5.299235e-02
5.312016e-02
5.324797e-02
5.337578e-02
5.350358e-02
5.363139e-02
5.375920e-02
5.388701e-02
5.401482e-02
5.414262e-02
5.427043e-02
5.439824e-02
5.452605e-02
5.465385e-02
5.478166e-02
5.490947e-02
5.503728e-02
5.516508e-02
5.529289e-02
5.542070e-02
5.554851e-02
5.567631e-02
5.580412e-02
5.593193e-02
5.605973e-02
5.618754e-02
5.631535e-02
5.644316e-02
5.657096e-02
5.669877e-02
5.682658e-02
5.695439e-02
5.708220e-02
5.721000e-02
5.733781e-02
5.746562e-02
5.759342e-02
5.772123e-02
5.784904e-02
5.797685e-02
5.810465e-02
5.823246e-02
5.836027e-02
5.848808e-02
5.861588e-02
5.874369e-02
5.887150e-02
5.909122e-02
5.931095e-02
5.953068e-02
5.975040e-02
5.997012e-02
6.018985e-02
6.040958e-02
6.062930e-02
6.084902e-02
6.106875e-02
6.128848e-02
6.150820e-02
6.172793e-02
6.194765e-02
6.216737e-02
6.238710e-02
6.260683e-02
6.282655e-02
6.304627e-02
6.326600e-02
6.348573e-02
6.370545e-02
6.392518e-02
6.414490e-02
6.436463e-02
6.458435e-02
6.480408e-02
6.502380e-02
6.524352e-02
6.546325e-02
6.568298e-02
6.590270e-02
6.612242e-02
6.634215e-02
6.656187e-02
6.678160e-02
6.700133e-02
6.722105e-02
6.744077e-02
6.766050e-02
6.788023e-02
6.809995e-02
6.831967e-02
6.853940e-02
6.875913e-02
6.897885e-02
6.919857e-02
6.941830e-02
6.963802e-02
6.985775e-02
7.007748e-02
7.029720e-02
7.051693e-02
7.073665e-02
7.095638e-02
7.117610e-02
7.139582e-02
7.161555e-02
7.183528e-02
7.205500e-02
7.227472e-02
7.249445e-02
7.271418e-02
7.293390e-02
7.315362e-02
7.337335e-02
7.359307e-02
7.381280e-02
7.403253e-02
7.425225e-02
7.447197e-02
7.469170e-02
7.491143e-02
7.513115e-02
7.535087e-02
7.557060e-02
7.579032e-02
7.601005e-02
7.622977e-02
7.644950e-02
7.666923e-02
7.688895e-02
7.710868e-02
7.732840e-02
7.754812e-02
7.776785e-02
7.798757e-02
7.820730e-02
7.842702e-02
7.864675e-02
7.886648e-02
7.908620e-02
7.930592e-02
7.952565e-02
7.974537e-02
7.996510e-02
8.018483e-02
8.040455e-02
8.062427e-02
8.084400e-02
8.184570e-02
8.284739e-02
8.384909e-02
8.485078e-02
8.585248e-02
8.685417e-02
8.785587e-02
8.885756e-02
8.985926e-02
9.086095e-02
9.186265e-02
9.286434e-02
9.386604e-02
9.486773e-02
9.586943e-02
9.687113e-02
9.787282e-02
9.887452e-02
9.987621e-02
1.008779e-01
1.018796e-01
1.028813e-01
1.038830e-01
1.048847e-01
1.058864e-01
1.068881e-01
1.078898e-01
1.088915e-01
1.098932e-01
1.108949e-01
1.118966e-01
1.128983e-01
1.138999e-01
1.149016e-01
1.159033e-01
1.169050e-01
1.179067e-01
1.189084e-01
1.199101e-01
1.209118e-01
1.219135e-01
1.229152e-01
1.239169e-01
1.249186e-01
1.259203e-01
1.269220e-01
1.279237e-01
1.289254e-01
1.299271e-01
1.309288e-01
1.319305e-01
1.329322e-01
1.339339e-01
1.349355e-01
1.359372e-01
1.369389e-01
1.379406e-01
1.389423e-01
1.399440e-01
1.409457e-01
1.419474e-01
1.429491e-01
1.439508e-01
1.449525e-01
1.459542e-01
1.469559e-01
1.479576e-01
1.489593e-01
1.499610e-01
1.509627e-01
1.519644e-01
1.529661e-01
1.539678e-01
1.549695e-01
1.559711e-01
1.569728e-01
1.579745e-01
1.589762e-01
1.599779e-01
1.609796e-01
1.619813e-01
1.629830e-01
1.639847e-01
1.649864e-01
1.659881e-01
1.669898e-01
1.679915e-01
1.689932e-01
1.699949e-01
1.709966e-01
1.719983e-01
1.730000e-01
1.740017e-01
1.750034e-01
1.760051e-01
1.770068e-01
1.780084e-01
1.790101e-01
1.800118e-01
1.810135e-01
1.820152e-01
1.830169e-01
1.840186e-01
1.850203e-01
1.860220e-01
1.870237e-01
1.880254e-01
1.890271e-01
1.900288e-01
1.910305e-01
1.920322e-01
1.930339e-01
1.940356e-01
1.950373e-01
1.960390e-01
1.970407e-01
1.980424e-01
1.990440e-01
2.000457e-01
2.010474e-01
2.020491e-01
2.030508e-01
2.040525e-01
2.050542e-01
2.060559e-01
2.070576e-01
2.080593e-01
2.090610e-01
2.100627e-01
2.110644e-01
2.120661e-01
2.130678e-01
2.140695e-01
2.150712e-01
2.160729e-01
2.170746e-01
2.180763e-01
2.190780e-01
2.200797e-01
2.210813e-01
2.220830e-01
2.230847e-01
2.240864e-01
2.250881e-01
2.260898e-01
2.270915e-01
2.280932e-01
2.290949e-01
2.300966e-01
2.310983e-01
2.321000e-01
2.331017e-01
2.341034e-01
2.351051e-01
2.361068e-01
2.371085e-01
2.381102e-01
2.391119e-01
2.401136e-01
2.411153e-01
2.421169e-01
2.431186e-01
2.441203e-01
2.451220e-01
2.461237e-01
2.471254e-01
2.481271e-01
2.491288e-01
2.501305e-01
2.511322e-01
2.521339e-01
2.531356e-01
2.541373e-01
2.551390e-01
2.561407e-01
2.571424e-01
2.581441e-01
2.591458e-01
2.601475e-01
2.611492e-01
2.621509e-01
2.631526e-01
2.641542e-01
2.651559e-01
2.661576e-01
2.671593e-01
2.681610e-01
2.691627e-01
2.701644e-01
2.711661e-01
2.721678e-01
2.731695e-01
2.741712e-01
2.751729e-01
2.761746e-01
2.771763e-01
2.781780e-01
2.791797e-01
2.801814e-01
2.811831e-01
2.821848e-01
2.831865e-01
2.841882e-01
2.851898e-01
2.861915e-01
2.871932e-01
2.881949e-01
2.891966e-01
2.901983e-01
2.912000e-01
2.922017e-01
2.932034e-01
2.942051e-01
2.952068e-01
2.962085e-01
2.972102e-01
2.982119e-01
2.992136e-01
3.002153e-01
3.012170e-01
3.022187e-01
3.032204e-01
3.042221e-01
3.052238e-01
3.062254e-01
3.072271e-01
3.082288e-01
3.092305e-01
3.102322e-01
3.112339e-01
3.122356e-01
3.132373e-01
3.142390e-01
3.152407e-01
3.162424e-01
3.172441e-01
3.182458e-01
3.192475e-01
3.202492e-01
3.212509e-01
3.222526e-01
3.232543e-01
3.242560e-01
3.252577e-01
3.262594e-01
3.272611e-01
3.282627e-01
3.292644e-01
3.302661e-01
3.312678e-01
3.322695e-01
3.332712e-01
3.342729e-01
3.352746e-01
3.362763e-01
3.372780e-01
3.382797e-01
3.392814e-01
3.402831e-01
3.412848e-01
3.422865e-01
3.432882e-01
3.442899e-01
3.452916e-01
3.462933e-01
3.472950e-01
3.482967e-01
3.492983e-01
3.503000e-01
3.513017e-01
3.523034e-01
3.533051e-01
3.543068e-01
3.553085e-01
3.563102e-01
3.573119e-01
3.583136e-01
3.593153e-01
3.603170e-01
3.613187e-01
3.623204e-01
3.633221e-01
3.643238e-01
3.653255e-01
3.663272e-01
3.673289e-01
3.683306e-01
3.693323e-01
3.703340e-01
3.713356e-01
3.723373e-01
3.733390e-01
3.743407e-01
3.753424e-01
3.763441e-01
3.773458e-01
3.783475e-01
3.793492e-01
3.803509e-01
3.813526e-01
3.823543e-01
3.833560e-01
3.843577e-01
3.853594e-01
3.863611e-01
3.873628e-01
3.883645e-01
3.893662e-01
3.903679e-01
3.913696e-01
3.923712e-01
3.933729e-01
3.943746e-01
3.953763e-01
3.963780e-01
3.973797e-01
3.983814e-01
3.993831e-01
4.003848e-01
4.013865e-01
4.023882e-01
4.033899e-01
4.043916e-01
4.053933e-01
4.063950e-01
4.073967e-01
4.083984e-01
4.094001e-01
4.104018e-01
4.114035e-01
4.124052e-01
4.134069e-01
4.144085e-01
4.154102e-01
4.164119e-01
4.174136e-01
4.184153e-01
4.194170e-01
4.204187e-01
4.214204e-01
4.224221e-01
4.234238e-01
4.244255e-01
4.254272e-01
4.264289e-01
4.274306e-01
4.284323e-01
4.294340e-01
4.304357e-01
4.314374e-01
4.324391e-01
4.334408e-01
4.344425e-01
4.354441e-01
4.364458e-01
4.374475e-01
4.384492e-01
4.394509e-01
4.404526e-01
4.414543e-01
4.424560e-01
4.434577e-01
4.444594e-01
4.454611e-01
4.464628e-01
4.474645e-01
4.484662e-01
4.494679e-01
4.504696e-01
4.514713e-01
4.524730e-01
4.534747e-01
4.544764e-01
4.554781e-01
4.564797e-01
4.574814e-01
4.584831e-01
4.594848e-01
4.604865e-01
4.614882e-01
4.624899e-01
4.634916e-01
4.644933e-01
4.654950e-01
4.664967e-01
4.674984e-01
4.685001e-01
4.695018e-01
4.705035e-01
4.715052e-01
4.725069e-01
4.735086e-01
4.745103e-01
4.755120e-01
4.765137e-01
4.775154e-01
4.785170e-01
4.795187e-01
4.805204e-01
4.815221e-01
4.825238e-01
4.835255e-01
4.845272e-01
4.855289e-01
4.865306e-01
4.875323e-01
4.885340e-01
4.906574e-01
4.927808e-01
4.949043e-01
4.970277e-01
4.991511e-01
5.012745e-01
5.033979e-01
5.055214e-01
5.076448e-01
5.097682e-01
5.118916e-01
5.140150e-01
5.161385e-01
5.182619e-01
5.203853e-01
5.225087e-01
5.246321e-01
5.267556e-01
5.288790e-01
5.310024e-01
5.331258e-01
5.352492e-01
5.373727e-01
5.394961e-01
5.416195e-01
5.437429e-01
5.458663e-01
5.479898e-01
5.501132e-01
5.522366e-01
5.543600e-01
5.564834e-01
5.586069e-01
5.607303e-01
5.628537e-01
5.649771e-01
5.671005e-01
5.692240e-01
5.713474e-01
5.734708e-01
5.755942e-01
5.777176e-01
5.798411e-01
5.819645e-01
5.840879e-01
5.862113e-01
5.883347e-01
5.904582e-01
5.925816e-01
5.947050e-01
5.968284e-01
5.989518e-01
6.010753e-01
6.031987e-01
6.053221e-01
6.074455e-01
6.095689e-01
6.116924e-01
6.138158e-01
6.159392e-01
6.180626e-01
6.201860e-01
6.223095e-01
6.244329e-01
6.265563e-01
6.286797e-01
6.308031e-01
6.329266e-01
6.350500e-01
6.371734e-01
6.392968e-01
6.414202e-01
6.435437e-01
6.456671e-01
6.477905e-01
6.499139e-01
6.520373e-01
6.541608e-01
6.562842e-01
6.584076e-01
6.605310e-01
6.626544e-01
6.647779e-01
6.669013e-01
6.690247e-01
6.711481e-01
6.732715e-01
6.753950e-01
6.775184e-01
6.796418e-01
6.817652e-01
6.838886e-01
6.860121e-01
6.881355e-01
6.902589e-01
6.923823e-01
6.945057e-01
6.966292e-01
6.987526e-01
7.008760e-01
7.029566e-01
7.050372e-01
7.071177e-01
7.091983e-01
7.112789e-01
7.133595e-01
7.154401e-01
7.175207e-01
7.196013e-01
7.216819e-01
7.237625e-01
7.258430e-01
7.279236e-01
7.300042e-01
7.320848e-01
7.341654e-01
7.362460e-01
7.383266e-01
7.404071e-01
7.424878e-01
7.445683e-01
7.466489e-01
7.487295e-01
7.508101e-01
7.528906e-01
7.549713e-01
7.570518e-01
7.591324e-01
7.612130e-01
7.632936e-01
7.653742e-01
7.674548e-01
7.695354e-01
7.716159e-01
7.736966e-01
7.757771e-01
7.778577e-01
7.799383e-01
7.820189e-01
7.840995e-01
7.861801e-01
7.882607e-01
7.903412e-01
7.924218e-01
7.945024e-01
7.965830e-01
7.986636e-01
8.007442e-01
8.028247e-01
8.049054e-01
8.069859e-01
8.090665e-01
8.111471e-01
8.132277e-01
8.153083e-01
8.173889e-01
8.194695e-01
8.215500e-01
8.236307e-01
8.257112e-01
8.277918e-01
8.298724e-01
8.319530e-01
8.340335e-01
8.361142e-01
8.381947e-01
8.402753e-01
8.423559e-01
8.444365e-01
8.465171e-01
8.485977e-01
8.506783e-01
8.527588e-01
8.548395e-01
8.569200e-01
8.590006e-01
8.610812e-01
8.631618e-01
8.652424e-01
8.673230e-01
8.694036e-01
8.714841e-01
8.735648e-01
8.756453e-01
8.777259e-01
8.798065e-01
8.818871e-01
8.839676e-01
8.860483e-01
8.881288e-01
8.902094e-01
8.922900e-01
8.943706e-01
8.964512e-01
8.985318e-01
9.006124e-01
9.026929e-01
9.047736e-01
9.068541e-01
9.089347e-01
9.110153e-01
9.130959e-01
9.151764e-01
9.172571e-01
9.193376e-01
9.214182e-01
9.234988e-01
9.255794e-01
9.276600e-01
9.297406e-01
9.318212e-01
9.339017e-01
9.359824e-01
9.380629e-01
9.401435e-01
9.422241e-01
9.443047e-01
9.463852e-01
9.484659e-01
9.505465e-01
9.526270e-01
9.547077e-01
9.567882e-01
9.588688e-01
9.609494e-01
9.630300e-01
9.651105e-01
9.671912e-01
9.692717e-01
9.713523e-01
9.734329e-01
9.755135e-01
9.775941e-01
9.796747e-01
9.817553e-01
9.838358e-01
9.859165e-01
9.879970e-01
9.900776e-01
9.921584e-01
9.942388e-01
9.963191e-01
9.984002e-01
1.000481e+00
1.002561e+00
1.004642e+00
1.006722e+00
1.008803e+00
1.010884e+00
1.012964e+00
1.015044e+00
1.017126e+00
1.019206e+00
1.021286e+00
1.023367e+00
1.025448e+00
1.027528e+00
1.029609e+00
1.031689e+00
1.033770e+00
1.035851e+00
1.037931e+00
1.040012e+00
1.042093e+00
1.044173e+00
1.046253e+00
1.048334e+00
1.050415e+00
1.052495e+00
1.054576e+00
1.056656e+00
1.058737e+00
1.060818e+00
1.062898e+00
1.064979e+00
1.067060e+00
1.069140e+00
1.071220e+00
1.073301e+00
1.075382e+00
1.077462e+00
1.079543e+00
1.081623e+00
1.083704e+00
1.085785e+00
1.087865e+00
1.089946e+00
1.092027e+00
1.094107e+00
1.096187e+00
1.098269e+00
1.100349e+00
1.102429e+00
1.104510e+00
1.106591e+00
1.108671e+00
1.110752e+00
1.112832e+00
1.114912e+00
1.116994e+00
1.119074e+00
1.121458e+00
1.123841e+00
1.126226e+00
1.128610e+00
1.130993e+00
1.133377e+00
1.135761e+00
1.138144e+00
1.140529e+00
1.142912e+00
1.145296e+00
1.147680e+00
1.150064e+00
1.152447e+00
1.154831e+00
1.157215e+00
1.159599e+00
1.161983e+00
1.164366e+00
1.166750e+00
1.169134e+00
1.171518e+00
1.173902e+00
1.176286e+00
1.178669e+00
1.181053e+00
1.183437e+00
1.185820e+00
1.188204e+00
1.190589e+00
1.192972e+00
1.195356e+00
1.197740e+00
1.200123e+00
1.202507e+00
1.204892e+00
1.207275e+00
1.209659e+00
1.212043e+00
1.214426e+00
1.216811e+00
1.219195e+00
1.221578e+00
1.223962e+00
1.226346e+00
1.228730e+00
1.231113e+00
1.233497e+00
1.235881e+00
1.238265e+00
1.240648e+00
1.243032e+00
1.245416e+00
1.247800e+00
1.250184e+00
1.252568e+00
1.254951e+00
1.257335e+00
1.259719e+00
1.262103e+00
1.264487e+00
1.266871e+00
1.269254e+00
1.271638e+00
1.274022e+00
1.276406e+00
1.278790e+00
1.281174e+00
1.283557e+00
1.285941e+00
1.288325e+00
1.290708e+00
1.293093e+00
1.295477e+00
1.297860e+00
1.300244e+00
1.302627e+00
1.305011e+00
1.307396e+00
1.309779e+00
1.312163e+00
1.314547e+00
1.316930e+00
1.319314e+00
1.321699e+00
1.324082e+00
1.326466e+00
1.328850e+00
1.331233e+00
1.333617e+00
1.336001e+00
1.338385e+00
1.340769e+00
1.343153e+00
1.345536e+00
1.347920e+00
1.350304e+00
1.352688e+00
1.355072e+00
1.357456e+00
1.359839e+00
1.362223e+00
1.364607e+00
1.366990e+00
1.369374e+00
1.371758e+00
1.374142e+00
1.376526e+00
1.378909e+00
1.381293e+00
1.383678e+00
1.386061e+00
1.388445e+00
1.390829e+00
1.393212e+00
1.395597e+00
1.397981e+00
1.400364e+00
1.402748e+00
1.405132e+00
1.407515e+00
1.409899e+00
1.412284e+00
1.414667e+00
1.417051e+00
1.419435e+00
1.421818e+00
1.424202e+00
1.426586e+00
1.428970e+00
1.431354e+00
1.433738e+00
1.436121e+00
1.438505e+00
1.440889e+00
1.443273e+00
1.445657e+00
1.448040e+00
1.450424e+00
1.452808e+00
1.455191e+00
1.457575e+00
1.459960e+00
1.462343e+00
1.464727e+00
1.467111e+00
1.469494e+00
1.471878e+00
1.474263e+00
1.476646e+00
1.479030e+00
1.481414e+00
1.483797e+00
1.486182e+00
1.488566e+00
1.490949e+00
1.493333e+00
1.495717e+00
1.498100e+00
1.500484e+00
1.502868e+00
1.505252e+00
1.507636e+00
1.510020e+00
1.512403e+00
1.514787e+00
1.517171e+00
1.519555e+00
1.521939e+00
1.524322e+00
1.526706e+00
1.529090e+00
1.531474e+00
1.533858e+00
1.536242e+00
1.538625e+00
1.541009e+00
1.543393e+00
1.545777e+00
1.548161e+00
1.550545e+00
1.552928e+00
1.555312e+00
1.557696e+00
1.560079e+00
1.562463e+00
1.564848e+00
1.567231e+00
1.569615e+00
1.571999e+00
1.574382e+00
1.576767e+00
1.579151e+00
1.581534e+00
1.583918e+00
1.586302e+00
1.588685e+00
1.591069e+00
1.593453e+00
1.595837e+00
1.598221e+00
1.600604e+00
1.602988e+00
1.605372e+00
1.607756e+00
1.610140e+00
1.612524e+00
1.614907e+00
1.617291e+00
1.619675e+00
1.622059e+00
1.624443e+00
1.626827e+00
1.629210e+00
1.631594e+00
1.633978e+00
1.636362e+00
1.638745e+00
1.641130e+00
1.643513e+00
1.645897e+00
1.648281e+00
1.650664e+00
1.653049e+00
1.655433e+00
1.657816e+00
1.660200e+00
1.662583e+00
1.664967e+00
1.667352e+00
1.669735e+00
1.672119e+00
1.674503e+00
1.676886e+00
1.679270e+00
1.681654e+00
1.684038e+00
1.686422e+00
1.688806e+00
1.691189e+00
1.693573e+00
1.695957e+00
1.698341e+00
1.700725e+00
1.703109e+00
1.705492e+00
1.707876e+00
1.710260e+00
1.712644e+00
1.715028e+00
1.717412e+00
1.719795e+00
1.722179e+00
1.724563e+00
1.726947e+00
1.729331e+00
1.731714e+00
1.734098e+00
1.736482e+00
1.738865e+00
1.741249e+00
1.743634e+00
1.746017e+00
1.748401e+00
1.750785e+00
1.753168e+00
1.755553e+00
1.757937e+00
1.760320e+00
1.762704e+00
1.765088e+00
1.767471e+00
1.769856e+00
1.772239e+00
1.774623e+00
1.777007e+00
1.779391e+00
1.781774e+00
1.784158e+00
1.786542e+00
1.788926e+00
1.791310e+00
1.793694e+00
1.796077e+00
1.798461e+00
1.800845e+00
1.803229e+00
1.805613e+00
1.807996e+00
1.810380e+00
1.812764e+00
1.815147e+00
1.817532e+00
1.819916e+00
1.822299e+00
1.824683e+00
1.827067e+00
1.829450e+00
1.831834e+00
1.834219e+00
1.836602e+00
1.838986e+00
1.842455e+00
1.845925e+00
1.849394e+00
1.852863e+00
1.856332e+00
1.859801e+00
1.863271e+00
1.866740e+00
1.870209e+00
1.873679e+00
1.877148e+00
1.880617e+00
1.884086e+00
1.887555e+00
1.891024e+00
1.894494e+00
1.897963e+00
1.901433e+00
1.904902e+00
1.908371e+00
1.911840e+00
1.915309e+00
1.918778e+00
1.922248e+00
1.925717e+00
1.929186e+00
1.932656e+00
1.936125e+00
1.939594e+00
1.943063e+00
1.946532e+00
1.950002e+00
1.953471e+00
1.956940e+00
1.960410e+00
1.963879e+00
1.967348e+00
1.970817e+00
1.974287e+00
1.977756e+00
1.981225e+00
1.984694e+00
1.988164e+00
1.991633e+00
1.995102e+00
1.998571e+00
2.002040e+00
2.005509e+00
2.008979e+00
2.012448e+00
2.015918e+00
2.019387e+00
2.022856e+00
2.026325e+00
2.029794e+00
2.033263e+00
2.036733e+00
2.040202e+00
2.043671e+00
2.047141e+00
2.050610e+00
2.054079e+00
2.057549e+00
2.061018e+00
2.064487e+00
2.067956e+00
2.071425e+00
2.074895e+00
2.078364e+00
2.081833e+00
2.085303e+00
2.088771e+00
2.092241e+00
2.095710e+00
2.099179e+00
2.102649e+00
2.106118e+00
2.109587e+00
2.113056e+00
2.116525e+00
2.119994e+00
2.123464e+00
2.126933e+00
2.130403e+00
2.133872e+00
2.137341e+00
2.140811e+00
2.144280e+00
2.147749e+00
2.151218e+00
2.154687e+00
2.158156e+00
2.161626e+00
2.165095e+00
2.168565e+00
2.172034e+00
2.175503e+00
2.178972e+00
2.182441e+00
2.185910e+00
2.189380e+00
2.192849e+00
2.196318e+00
2.199787e+00
2.203256e+00
2.206725e+00
2.210195e+00
2.213664e+00
2.217134e+00
2.220603e+00
2.224072e+00
2.227542e+00
2.231011e+00
2.234479e+00
2.237949e+00
2.241418e+00
2.244887e+00
2.248357e+00
2.251826e+00
2.255296e+00
2.258765e+00
2.262234e+00
2.265703e+00
2.269172e+00
2.272641e+00
2.276111e+00
2.279580e+00
2.283049e+00
2.286519e+00
2.289987e+00
2.293457e+00
2.296926e+00
2.300395e+00
2.303865e+00
2.307334e+00
2.310803e+00
2.314272e+00
2.317741e+00
2.321210e+00
2.324680e+00
2.328149e+00
2.331619e+00
2.335088e+00
2.338557e+00
2.342027e+00
2.345496e+00
2.348965e+00
2.352434e+00
2.355903e+00
2.359372e+00
2.362842e+00
2.366311e+00
2.369781e+00
2.373250e+00
2.376719e+00
2.380188e+00
2.383657e+00
2.387126e+00
2.390596e+00
2.394065e+00
2.397534e+00
2.401004e+00
2.404472e+00
2.407942e+00
2.411411e+00
2.414880e+00
2.418350e+00
2.421819e+00
2.425288e+00
2.428758e+00
2.432227e+00
2.435696e+00
2.439165e+00
2.442634e+00
2.446104e+00
2.449573e+00
2.453042e+00
2.456512e+00
2.459981e+00
2.463450e+00
2.466919e+00
2.470388e+00
2.473857e+00
2.477327e+00
2.480796e+00
2.484266e+00
2.487734e+00
2.491204e+00
2.494673e+00
2.498142e+00
2.501611e+00
2.505081e+00
2.508550e+00
2.512019e+00
2.515489e+00
2.518958e+00
2.522427e+00
2.525896e+00
2.529365e+00
2.532835e+00
2.536304e+00
2.539553e+00
2.542803e+00
2.546052e+00
2.549301e+00
2.552550e+00
2.555799e+00
2.559049e+00
2.562298e+00
2.565547e+00
2.568796e+00
2.572046e+00
2.575295e+00
2.578544e+00
2.581794e+00
2.585043e+00
2.588292e+00
2.591541e+00
2.594790e+00
2.598039e+00
2.601288e+00
2.604538e+00
2.607787e+00
2.611036e+00
2.614286e+00
2.617535e+00
2.620784e+00
2.624034e+00
2.627283e+00
2.630531e+00
2.633781e+00
2.637030e+00
2.640279e+00
2.643529e+00
2.646778e+00
2.650027e+00
2.653277e+00
2.656526e+00
2.659775e+00
2.663024e+00
2.666273e+00
2.669523e+00
2.672772e+00
2.676021e+00
2.679270e+00
2.682520e+00
2.685769e+00
2.689018e+00
2.692267e+00
2.695517e+00
2.698766e+00
2.702014e+00
2.705264e+00
2.708513e+00
2.711762e+00
2.715012e+00
2.718261e+00
2.721510e+00
2.724760e+00
2.728009e+00
2.731258e+00
2.734507e+00
2.737756e+00
2.741006e+00
2.744255e+00
2.747504e+00
2.750753e+00
2.754003e+00
2.757252e+00
2.760501e+00
2.763751e+00
2.767000e+00
2.770249e+00
2.773498e+00
2.776748e+00
2.779996e+00
2.783246e+00
2.786495e+00
2.789744e+00
2.792994e+00
2.796243e+00
2.799492e+00
2.802741e+00
2.805991e+00
2.809239e+00
2.812488e+00
2.815738e+00
2.818987e+00
2.822236e+00
2.825486e+00
2.828735e+00
2.831984e+00
2.835234e+00
2.838483e+00
2.841732e+00
2.844981e+00
2.848230e+00
2.851479e+00
2.854729e+00
2.857978e+00
2.861227e+00
2.864477e+00
2.867726e+00
2.870975e+00
2.874224e+00
2.877474e+00
2.880723e+00
2.883972e+00
2.887221e+00
2.890470e+00
2.893720e+00
2.896969e+00
2.900218e+00
2.903468e+00
2.906717e+00
2.909966e+00
2.913216e+00
2.916465e+00
2.919713e+00
2.922963e+00
2.926212e+00
2.929461e+00
2.932710e+00
2.935960e+00
2.939209e+00
2.942458e+00
2.945708e+00
2.948956e+00
2.952206e+00
2.955455e+00
2.958705e+00
2.961953e+00
2.965203e+00
2.968452e+00
2.971701e+00
2.974951e+00
2.978200e+00
2.981449e+00
2.984698e+00
2.987948e+00
2.991197e+00
2.994446e+00
2.997695e+00
3.000944e+00
3.004194e+00
3.007443e+00
3.010692e+00
3.013942e+00
3.017191e+00
3.020440e+00
3.023690e+00
3.026938e+00
3.030187e+00
3.033437e+00
3.036686e+00
3.039935e+00
3.043184e+00
3.046434e+00
3.049683e+00
3.052932e+00
3.056182e+00
3.059431e+00
3.062680e+00
3.065929e+00
3.069178e+00
3.072427e+00
3.075677e+00
3.078926e+00
3.082175e+00
3.085425e+00
3.088674e+00
3.091923e+00
3.095173e+00
3.098422e+00
3.101670e+00
3.104920e+00
3.108169e+00
3.111418e+00
3.114668e+00
3.117917e+00
3.121166e+00
3.124416e+00
3.127665e+00
3.130914e+00
3.134163e+00
3.137412e+00
3.140661e+00
3.143910e+00
3.147160e+00
3.150409e+00
3.153658e+00
3.156908e+00
3.160157e+00
3.163406e+00
3.166655e+00
3.169905e+00
3.173154e+00
3.176403e+00
3.179652e+00
3.182901e+00
3.186151e+00
3.189400e+00
3.193121e+00
3.196842e+00
3.200563e+00
3.204285e+00
3.208005e+00
3.211727e+00
3.215447e+00
3.219169e+00
3.222890e+00
3.226611e+00
3.230332e+00
3.234053e+00
3.237774e+00
3.241495e+00
3.245217e+00
3.248937e+00
3.252659e+00
3.256379e+00
3.260101e+00
3.263822e+00
3.267543e+00
3.271264e+00
3.274986e+00
3.278706e+00
3.282427e+00
3.286149e+00
3.289869e+00
3.293591e+00
3.297312e+00
3.301033e+00
3.304754e+00
3.308475e+00
3.312196e+00
3.315917e+00
3.319638e+00
3.323360e+00
3.327081e+00
3.330801e+00
3.334523e+00
3.338243e+00
3.341965e+00
3.345686e+00
3.349407e+00
3.353128e+00
3.356849e+00
3.360570e+00
3.364291e+00
3.368013e+00
3.371733e+00
3.375455e+00
3.379175e+00
3.382897e+00
3.386618e+00
3.390339e+00
3.394060e+00
3.397782e+00
3.401502e+00
3.405223e+00
3.408945e+00
3.412666e+00
3.416387e+00
3.420107e+00
3.423829e+00
3.427550e+00
3.431271e+00
3.434992e+00
3.438714e+00
3.442434e+00
3.446156e+00
3.449877e+00
3.453597e+00
3.457319e+00
3.461040e+00
3.464761e+00
3.468482e+00
3.472203e+00
3.475924e+00
3.479645e+00
3.483366e+00
3.487088e+00
3.490808e+00
3.494530e+00
3.498251e+00
3.501971e+00
3.505693e+00
3.509414e+00
3.513135e+00
3.516856e+00
3.520577e+00
3.524298e+00
3.528019e+00
3.531740e+00
3.535462e+00
3.539183e+00
3.542903e+00
3.546625e+00
3.550346e+00
3.554067e+00
3.557788e+00
3.561510e+00
3.565230e+00
3.568952e+00
3.572672e+00
3.576394e+00
3.580115e+00
3.583836e+00
3.587557e+00
3.591278e+00
3.594999e+00
3.598720e+00
3.602442e+00
3.606162e+00
3.609884e+00
3.613604e+00
3.617325e+00
3.621047e+00
3.624768e+00
3.628489e+00
3.632210e+00
3.635931e+00
3.639652e+00
3.643374e+00
3.647094e+00
3.650816e+00
3.654536e+00
3.658258e+00
3.661979e+00
3.665700e+00
3.669421e+00
3.673142e+00
3.676863e+00
3.680584e+00
3.684306e+00
3.688026e+00
3.691747e+00
3.695468e+00
3.699190e+00
3.702911e+00
3.706632e+00
3.710353e+00
3.714074e+00
3.717795e+00
3.721516e+00
3.725238e+00
3.728958e+00
3.732680e+00
3.736400e+00
3.740122e+00
3.743843e+00
3.747564e+00
3.751285e+00
3.755006e+00
3.758727e+00
3.762448e+00
3.766170e+00
3.769890e+00
3.773612e+00
3.777332e+00
3.781054e+00
3.784775e+00
3.788496e+00
3.792217e+00
3.795938e+00
3.799659e+00
3.803380e+00
3.807102e+00
3.810823e+00
3.814544e+00
3.818264e+00
3.821986e+00
3.825707e+00
3.829428e+00
3.833149e+00
3.836871e+00
3.840591e+00
3.844312e+00
3.848034e+00
3.851754e+00
3.855476e+00
3.859196e+00
3.862918e+00
3.866639e+00
3.870360e+00
3.874081e+00
3.877802e+00
3.881523e+00
3.885245e+00
3.888966e+00
3.892686e+00
3.896408e+00
3.900128e+00
3.903850e+00
3.907571e+00
3.911292e+00
3.915013e+00
3.918734e+00
3.922455e+00
3.926176e+00
3.929898e+00
3.933618e+00
3.937340e+00
3.941060e+00
3.944782e+00
3.948503e+00
3.952224e+00
3.955945e+00
3.959666e+00
3.963387e+00
3.967108e+00
3.970830e+00
3.974551e+00
3.978272e+00
3.981993e+00
3.985714e+00
3.989435e+00
3.993156e+00
3.996877e+00
4.000599e+00
4.004319e+00
4.008040e+00
4.011762e+00
4.015482e+00
4.019204e+00
4.022925e+00
4.026646e+00
4.030367e+00
4.034088e+00
4.037809e+00
4.041530e+00
4.045251e+00
4.048973e+00
4.052693e+00
4.056414e+00
4.060136e+00
4.063856e+00
4.067578e+00
4.071299e+00
4.075020e+00
4.078741e+00
4.082463e+00
4.086183e+00
4.089904e+00
4.093625e+00
4.097347e+00
4.101068e+00
4.104788e+00
4.108510e+00
4.112231e+00
4.115952e+00
4.119673e+00
4.123395e+00
4.127115e+00
4.130837e+00
4.134557e+00
4.138279e+00
4.142000e+00
4.145721e+00
4.149442e+00
4.153163e+00
4.156884e+00
4.160605e+00
4.164327e+00
4.168047e+00
4.171769e+00
4.175489e+00
4.179210e+00
4.182932e+00
4.186653e+00
4.190374e+00
4.194095e+00
4.197816e+00
4.201537e+00
4.205259e+00
4.208979e+00
4.212701e+00
4.216421e+00
4.220143e+00
4.223864e+00
4.227584e+00
4.231306e+00
4.235027e+00
4.238748e+00
4.242469e+00
4.246191e+00
4.249911e+00
4.253633e+00
4.257353e+00
4.261075e+00
4.264796e+00
4.268517e+00
4.272238e+00
4.275959e+00
4.279680e+00
4.283401e+00
4.287123e+00
4.290843e+00
4.294565e+00
4.298285e+00
4.302007e+00
4.305728e+00
4.309449e+00
4.313170e+00
4.317252e+00
4.321333e+00
4.325415e+00
4.329498e+00
4.333580e+00
4.337661e+00
4.341743e+00
4.345825e+00
4.349907e+00
4.353988e+00
4.358071e+00
4.362153e+00
4.366234e+00
4.370316e+00
4.374398e+00
4.378480e+00
4.382562e+00
4.386644e+00
4.390726e+00
4.394807e+00
4.398889e+00
4.402971e+00
4.407053e+00
4.411135e+00
4.415217e+00
4.419299e+00
4.423380e+00
4.427462e+00
4.431544e+00
4.435626e+00
4.439708e+00
4.443790e+00
4.447872e+00
4.451954e+00
4.456035e+00
4.460117e+00
4.464199e+00
4.468281e+00
4.472363e+00
4.476445e+00
4.480527e+00
4.484609e+00
4.488691e+00
4.492772e+00
4.496854e+00
4.500936e+00
4.505018e+00
4.509100e+00
4.513182e+00
4.517264e+00
4.521345e+00
4.525427e+00
4.529509e+00
4.533591e+00
4.537673e+00
4.541755e+00
4.545837e+00
4.549918e+00
4.554000e+00
4.558083e+00
4.562164e+00
4.566246e+00
4.570328e+00
4.574410e+00
4.578491e+00
4.582573e+00
4.586656e+00
4.590738e+00
4.594819e+00
4.598901e+00
4.602983e+00
4.607064e+00
4.611146e+00
4.615229e+00
4.619311e+00
4.623392e+00
4.627474e+00
4.631556e+00
4.635638e+00
4.639719e+00
4.643802e+00
4.647884e+00
4.651966e+00
4.656047e+00
4.660129e+00
4.664211e+00
4.668293e+00
4.672375e+00
4.676457e+00
4.680539e+00
4.684620e+00
4.688702e+00
4.692784e+00
4.696866e+00
4.700948e+00
4.705030e+00
4.709112e+00
4.713193e+00
4.717275e+00
4.721357e+00
4.725439e+00
4.729521e+00
4.733603e+00
4.737685e+00
4.741766e+00
4.745848e+00
4.749930e+00
4.754012e+00
4.758095e+00
4.762176e+00
4.766258e+00
4.770340e+00
4.774421e+00
4.778503e+00
4.782585e+00
4.786668e+00
4.790749e+00
4.794831e+00
4.798913e+00
4.802995e+00
4.807076e+00
4.811158e+00
4.815241e+00
4.819322e+00
4.823404e+00
4.827486e+00
4.831568e+00
4.835649e+00
4.839732e+00
4.843814e+00
4.847895e+00
4.851977e+00
4.856059e+00
4.860141e+00
4.864222e+00
4.868305e+00
4.872387e+00
4.876468e+00
4.880550e+00
4.884632e+00
4.888714e+00
4.892796e+00
4.896878e+00
4.900960e+00
4.905042e+00
4.909123e+00
4.913205e+00
4.917287e+00
4.921369e+00
4.925451e+00
4.929533e+00
4.933615e+00
4.937697e+00
4.941778e+00
4.945860e+00
4.949942e+00
4.954024e+00
4.958106e+00
4.962188e+00
4.966270e+00
4.970351e+00
4.974433e+00
4.978515e+00
4.982597e+00
4.986679e+00
4.990761e+00
4.994843e+00
4.998924e+00
5.003006e+00
5.007088e+00
5.011170e+00
5.015252e+00
5.019334e+00
5.023416e+00
5.027497e+00
5.031579e+00
5.035661e+00
5.039744e+00
5.043825e+00
5.047907e+00
5.051989e+00
5.056071e+00
5.060153e+00
5.064234e+00
5.068317e+00
5.072399e+00
5.076480e+00
5.080562e+00
5.084644e+00
5.088726e+00
5.092808e+00
5.096890e+00
5.100972e+00
5.105053e+00
5.109135e+00
5.113217e+00
5.117299e+00
5.121381e+00
5.125463e+00
5.129545e+00
5.133626e+00
5.137708e+00
5.141790e+00
5.145872e+00
5.149954e+00
5.154036e+00
5.158118e+00
5.162199e+00
5.166281e+00
5.170363e+00
5.174445e+00
5.178527e+00
5.182609e+00
5.186691e+00
5.190773e+00
5.194854e+00
5.198936e+00
5.203018e+00
5.207100e+00
5.211182e+00
5.215264e+00
5.219346e+00
5.223428e+00
5.227510e+00
5.231591e+00
5.235673e+00
5.239755e+00
5.243837e+00
5.247919e+00
5.252001e+00
5.256083e+00
5.260164e+00
5.264246e+00
5.268328e+00
5.272410e+00
5.276492e+00
5.280574e+00
5.284656e+00
5.288737e+00
5.292819e+00
5.296901e+00
5.300983e+00
5.305065e+00
5.309147e+00
5.313229e+00
5.317310e+00
5.321392e+00
5.325475e+00
5.329556e+00
5.333638e+00
5.337720e+00
5.341802e+00
5.345884e+00
5.349965e+00
5.354048e+00
5.358130e+00
5.362211e+00
5.366293e+00
5.370375e+00
5.374457e+00
5.378539e+00
5.382621e+00
5.386703e+00
5.390784e+00
5.394866e+00
5.398948e+00
5.403030e+00
5.407112e+00
5.411194e+00
5.415276e+00
5.419357e+00
5.423439e+00
5.427521e+00
5.431603e+00
5.435685e+00
5.439767e+00
5.443849e+00
5.447931e+00
5.452012e+00
5.456094e+00
5.460176e+00
5.464258e+00
5.468340e+00
5.472422e+00
5.476504e+00
5.480586e+00
5.484667e+00
5.488749e+00
5.492831e+00
5.496913e+00
5.500995e+00
5.505077e+00
5.509159e+00
5.513241e+00
5.517322e+00
5.521404e+00
5.525486e+00
5.529568e+00
5.533650e+00
5.537732e+00
5.541814e+00
5.545895e+00
5.549977e+00
5.554059e+00
5.558141e+00
5.562223e+00
5.566305e+00
5.570387e+00
5.574468e+00
5.578550e+00
5.582632e+00
5.586714e+00
5.590796e+00
5.594878e+00
5.598960e+00
5.603041e+00
5.607123e+00
5.611206e+00
5.615287e+00
5.619369e+00
5.623451e+00
5.627533e+00
5.631614e+00
5.635696e+00
5.639779e+00
5.643861e+00
5.647943e+00
5.652024e+00
5.656106e+00
5.660188e+00
5.664270e+00
5.668352e+00
5.672434e+00
5.676516e+00
5.680597e+00
5.684679e+00
5.688761e+00
5.692843e+00
5.696925e+00
5.701007e+00
5.705089e+00
5.709170e+00
5.713252e+00
5.717334e+00
5.721416e+00
5.725498e+00
5.729580e+00
5.733662e+00
5.737743e+00
5.741825e+00
5.745907e+00
5.749989e+00
5.754071e+00
5.758153e+00
5.762235e+00
5.766317e+00
5.770398e+00
5.774480e+00
5.778562e+00
5.782644e+00
5.786726e+00
5.790808e+00
5.794890e+00
5.798971e+00
5.803053e+00
5.807135e+00
5.811218e+00
5.815299e+00
5.819381e+00
5.823463e+00
5.827545e+00
5.831626e+00
5.835708e+00
5.839791e+00
5.843872e+00
5.847954e+00
5.852036e+00
5.856118e+00
5.860199e+00
5.864282e+00
5.868364e+00
5.872445e+00
5.876527e+00
5.880609e+00
5.884691e+00
5.888772e+00
5.892855e+00
5.896937e+00
5.901019e+00
5.905100e+00
5.909182e+00
5.913264e+00
5.917345e+00
5.921428e+00
5.925510e+00
5.929592e+00
5.933674e+00
5.937755e+00
5.941837e+00
5.945919e+00
5.950001e+00
5.954083e+00
5.958165e+00
5.962247e+00
5.966328e+00
5.970410e+00
5.974492e+00
5.978574e+00
5.982656e+00
5.986738e+00
5.990820e+00
5.994901e+00
5.998983e+00
6.003065e+00
6.007147e+00
6.011229e+00
6.015311e+00
6.019393e+00
6.023474e+00
6.027556e+00
6.031638e+00
6.035721e+00
6.039802e+00
6.043884e+00
6.047966e+00
6.052048e+00
6.056129e+00
6.060211e+00
6.064294e+00
6.068376e+00
6.072457e+00
6.076539e+00
6.080621e+00
6.084702e+00
6.088784e+00
6.092867e+00
6.096949e+00
6.101030e+00
6.105112e+00
6.109194e+00
6.113276e+00
6.117357e+00
6.121440e+00
6.125522e+00
6.129603e+00
6.133685e+00
6.137767e+00
6.141849e+00
6.145931e+00
6.150013e+00
6.154095e+00
6.158176e+00
6.162258e+00
6.166340e+00
6.170422e+00
6.174504e+00
6.178586e+00
6.182668e+00
6.186749e+00
6.190831e+00
6.194913e+00
6.198995e+00
6.203077e+00
6.207159e+00
6.211241e+00
6.215323e+00
6.219404e+00
6.223486e+00
6.227568e+00
6.231650e+00
6.235732e+00
6.239814e+00
6.243896e+00
6.247978e+00
6.252060e+00
6.256141e+00
6.260223e+00
6.264305e+00
6.268387e+00
6.272469e+00
6.276551e+00
6.280633e+00
6.284714e+00
6.288796e+00
6.292878e+00
6.296960e+00
6.301042e+00
6.305124e+00
6.309206e+00
6.313287e+00
6.317369e+00
6.321452e+00
6.325533e+00
6.329615e+00
6.333697e+00
6.337779e+00
6.341860e+00
6.345942e+00
6.350025e+00
6.354107e+00
6.358188e+00
6.362270e+00
6.366960e+00
6.371651e+00
6.376342e+00
6.381032e+00
6.385723e+00
6.390413e+00
6.395104e+00
6.399794e+00
6.404485e+00
6.409175e+00
6.413866e+00
6.418556e+00
6.423247e+00
6.427937e+00
6.432628e+00
6.437319e+00
6.442009e+00
6.446699e+00
6.451390e+00
6.456080e+00
6.460771e+00
6.465462e+00
6.470152e+00
6.474842e+00
6.479533e+00
6.484223e+00
6.488914e+00
6.493605e+00
6.498295e+00
6.502986e+00
6.507676e+00
6.512367e+00
6.517057e+00
6.521748e+00
6.526438e+00
6.531129e+00
6.535819e+00
6.540510e+00
6.545200e+00
6.549891e+00
6.554581e+00
6.559272e+00
6.563962e+00
6.568653e+00
6.573344e+00
6.578034e+00
6.582724e+00
6.587415e+00
6.592105e+00
6.596796e+00
6.601487e+00
6.606177e+00
6.610867e+00
6.615558e+00
6.620249e+00
6.624939e+00
6.629630e+00
6.634320e+00
6.639010e+00
6.643701e+00
6.648392e+00
6.653082e+00
6.657773e+00
6.662463e+00
6.667154e+00
6.671844e+00
6.676535e+00
6.681226e+00
6.685916e+00
6.690607e+00
6.695297e+00
6.699987e+00
6.704678e+00
6.709369e+00
6.714059e+00
6.718750e+00
6.723440e+00
6.728130e+00
6.732822e+00
6.737512e+00
6.742202e+00
6.746893e+00
6.751583e+00
6.756274e+00
6.760965e+00
6.765655e+00
6.770345e+00
6.775036e+00
6.779726e+00
6.784417e+00
6.789108e+00
6.793798e+00
6.798488e+00
6.803179e+00
6.807869e+00
6.812560e+00
6.817251e+00
6.821941e+00
6.826632e+00
6.831322e+00
6.836012e+00
6.840703e+00
6.845394e+00
6.850084e+00
6.854775e+00
6.859465e+00
6.864156e+00
6.868847e+00
6.873537e+00
6.878227e+00
6.882918e+00
6.887608e+00
6.892299e+00
6.896990e+00
6.901680e+00
6.906370e+00
6.911061e+00
6.915751e+00
6.920442e+00
6.925133e+00
6.929823e+00
6.934513e+00
6.939204e+00
6.943894e+00
6.948585e+00
6.953276e+00
6.957966e+00
6.962656e+00
6.967347e+00
6.972037e+00
6.976728e+00
6.981419e+00
6.986109e+00
6.990800e+00
6.995490e+00
7.000181e+00
7.004872e+00
7.009562e+00
7.014252e+00
7.018943e+00
7.023633e+00
7.028324e+00
7.033015e+00
7.037705e+00
7.042396e+00
7.047086e+00
7.051776e+00
7.056468e+00
7.061158e+00
7.065848e+00
7.070539e+00
7.075229e+00
7.079919e+00
7.084611e+00
7.089301e+00
7.093991e+00
7.098682e+00
7.103372e+00
7.108063e+00
7.112754e+00
7.117444e+00
7.122134e+00
7.126825e+00
7.131515e+00
7.136206e+00
7.140897e+00
7.145587e+00
7.150278e+00
7.154968e+00
7.159658e+00
7.164349e+00
7.169040e+00
7.173730e+00
7.178421e+00
7.183111e+00
7.187801e+00
7.192493e+00
7.197183e+00
7.201873e+00
7.206564e+00
7.211254e+00
7.215944e+00
7.220636e+00
7.225326e+00
7.230016e+00
7.234707e+00
7.239397e+00
7.244088e+00
7.248779e+00
7.253469e+00
7.258159e+00
7.262850e+00
7.267540e+00
7.272231e+00
7.276922e+00
7.281612e+00
7.286302e+00
7.290993e+00
7.295683e+00
7.300374e+00
7.305065e+00
7.309755e+00
7.314446e+00
7.319136e+00
7.323827e+00
7.328518e+00
7.333208e+00
7.337898e+00
7.342589e+00
7.347279e+00
7.351970e+00
7.356661e+00
7.361351e+00
7.366042e+00
7.370732e+00
7.375422e+00
7.380114e+00
7.384804e+00
7.389494e+00
7.394185e+00
7.398875e+00
7.403565e+00
7.408257e+00
7.412947e+00
7.417637e+00
7.422328e+00
7.427018e+00
7.431709e+00
7.436400e+00
7.441090e+00
7.445780e+00
7.450471e+00
7.455161e+00
7.459852e+00
7.464543e+00
7.469233e+00
7.473924e+00
7.478614e+00
7.483304e+00
7.487995e+00
7.492686e+00
7.497376e+00
7.502067e+00
7.506757e+00
7.511447e+00
7.516138e+00
7.520829e+00
7.525519e+00
7.530210e+00
7.534900e+00
7.539590e+00
7.544282e+00
7.548972e+00
7.553662e+00
7.558353e+00
7.563043e+00
7.567733e+00
7.572425e+00
7.577115e+00
7.581805e+00
7.586496e+00
7.591186e+00
7.595877e+00
7.600568e+00
7.605258e+00
7.609948e+00
7.614639e+00
7.619329e+00
7.624020e+00
7.628711e+00
7.633401e+00
7.638092e+00
7.642782e+00
7.647472e+00
7.652164e+00
7.656854e+00
7.661544e+00
7.666235e+00
7.670925e+00
7.675615e+00
7.680307e+00
7.684997e+00
7.689687e+00
7.694378e+00
7.699068e+00
7.703759e+00
7.708450e+00
7.713140e+00
7.717830e+00
7.722521e+00
7.727211e+00
7.731902e+00
7.736593e+00
7.741283e+00
7.745974e+00
7.750664e+00
7.755355e+00
7.760045e+00
7.764736e+00
7.769426e+00
7.774117e+00
7.778807e+00
7.783498e+00
7.788188e+00
7.792879e+00
7.797569e+00
7.802260e+00
7.806950e+00
7.811641e+00
7.816332e+00
7.821022e+00
7.825713e+00
7.830403e+00
7.835093e+00
7.839784e+00
7.844475e+00
7.849165e+00
7.853856e+00
7.858546e+00
7.863236e+00
7.867928e+00
7.872618e+00
7.877308e+00
7.881999e+00
7.886689e+00
7.891380e+00
7.896071e+00
7.900761e+00
7.905451e+00
7.910142e+00
7.914832e+00
7.919523e+00
7.924214e+00
7.928904e+00
7.933594e+00
7.938285e+00
7.942975e+00
7.947666e+00
7.952357e+00
7.957047e+00
7.961738e+00
7.966428e+00
7.971118e+00
7.975809e+00
7.980500e+00
7.985190e+00
7.989881e+00
7.994571e+00
7.999261e+00
8.003953e+00
8.008643e+00
8.013333e+00
8.018024e+00
8.022714e+00
8.027404e+00
8.032096e+00
8.036786e+00
8.041476e+00
8.046167e+00
8.050857e+00
8.055548e+00
8.060239e+00
8.064929e+00
8.069619e+00
8.074310e+00
8.079000e+00
8.083691e+00
8.088382e+00
8.093072e+00
8.097763e+00
8.102453e+00
8.107144e+00
8.111834e+00
8.116525e+00
8.121215e+00
8.125906e+00
8.130596e+00
8.135287e+00
8.139978e+00
8.144668e+00
8.149359e+00
8.154049e+00
8.158739e+00
8.163430e+00
8.168121e+00
8.172811e+00
8.177502e+00
8.182192e+00
8.186882e+00
8.191573e+00
8.196264e+00
8.200954e+00
8.205645e+00
8.210335e+00
8.215025e+00
8.219716e+00
8.224407e+00
8.229097e+00
8.233788e+00
8.238478e+00
8.243169e+00
8.247860e+00
8.252550e+00
8.257240e+00
8.261931e+00
8.266621e+00
8.271312e+00
8.276003e+00
8.280693e+00
8.285384e+00
8.290074e+00
8.294764e+00
8.299455e+00
8.304146e+00
8.308836e+00
8.313527e+00
8.318217e+00
8.322907e+00
8.327598e+00
8.332289e+00
8.336979e+00
8.341670e+00
8.346360e+00
8.351050e+00
8.355742e+00
8.360432e+00
8.365122e+00
8.369813e+00
8.374503e+00
8.379194e+00
8.383885e+00
8.388575e+00
8.393266e+00
8.397956e+00
8.402647e+00
8.407337e+00
8.412028e+00
8.416718e+00
8.421409e+00
8.426099e+00
8.430790e+00
8.435480e+00
8.440171e+00
8.444862e+00
8.449552e+00
8.454242e+00
8.458933e+00
8.463623e+00
8.468314e+00
8.473005e+00
8.477695e+00
8.482385e+00
8.487076e+00
8.491767e+00
8.496457e+00
8.501148e+00
8.505838e+00
8.510528e+00
8.515219e+00
8.519910e+00
8.524600e+00
8.529291e+00
8.533981e+00
8.538672e+00
8.543362e+00
8.548053e+00
8.552743e+00
8.557434e+00
8.562124e+00
8.566815e+00
8.571505e+00
8.576196e+00
8.580887e+00
8.585577e+00
8.590267e+00
8.594958e+00
8.599649e+00
8.604339e+00
8.609030e+00
8.613720e+00
8.618410e+00
8.623101e+00
8.627792e+00
8.632482e+00
8.637173e+00
8.641863e+00
8.646553e+00
8.651244e+00
8.655935e+00
8.660625e+00
8.665316e+00
8.670006e+00
8.674696e+00
8.679387e+00
8.684078e+00
8.688768e+00
8.693459e+00
8.698149e+00
8.702840e+00
8.707530e+00
8.712221e+00
8.716912e+00
8.721602e+00
8.726123e+00
8.730645e+00
8.735168e+00
8.739689e+00
8.744211e+00
8.748733e+00
8.753255e+00
8.757776e+00
8.762298e+00
8.766820e+00
8.771342e+00
8.775864e+00
8.780385e+00
8.784907e+00
8.789429e+00
8.793951e+00
8.798472e+00
8.802994e+00
8.807516e+00
8.812038e+00
8.816560e+00
8.821081e+00
8.825604e+00
8.830125e+00
8.834647e+00
8.839168e+00
8.843690e+00
8.848213e+00
8.852734e+00
8.857256e+00
8.861777e+00
8.866300e+00
8.870821e+00
8.875343e+00
8.879865e+00
8.884387e+00
8.888909e+00
8.893430e+00
8.897952e+00
8.902474e+00
8.906996e+00
8.911517e+00
8.916039e+00
8.920561e+00
8.925083e+00
8.929605e+00
8.934126e+00
8.938649e+00
8.943170e+00
8.947692e+00
8.952214e+00
8.956736e+00
8.961258e+00
8.965779e+00
8.970301e+00
8.974822e+00
8.979344e+00
8.983866e+00
8.988388e+00
8.992910e+00
8.997432e+00
9.001954e+00
9.006475e+00
9.010997e+00
9.015519e+00
9.020041e+00
9.024562e+00
9.029084e+00
9.033606e+00
9.038128e+00
9.042649e+00
9.047171e+00
9.051693e+00
9.056215e+00
9.060737e+00
9.065259e+00
9.069781e+00
9.074302e+00
9.078824e+00
9.083346e+00
9.087867e+00
9.092389e+00
9.096911e+00
9.101433e+00
9.105955e+00
9.110477e+00
9.114998e+00
9.119520e+00
9.124042e+00
9.128564e+00
9.133086e+00
9.137607e+00
9.142129e+00
9.146651e+00
9.151173e+00
9.155694e+00
9.160216e+00
9.164738e+00
9.169260e+00
9.173782e+00
9.178303e+00
9.182826e+00
9.187347e+00
9.191869e+00
9.196390e+00
9.200912e+00
9.205434e+00
9.209956e+00
9.214478e+00
9.218999e+00
9.223522e+00
9.228043e+00
9.232565e+00
9.237087e+00
9.241609e+00
9.246131e+00
9.250652e+00
9.255174e+00
9.259696e+00
9.264218e+00
9.268739e+00
9.273261e+00
9.277783e+00
9.282305e+00
9.286827e+00
9.291348e+00
9.295871e+00
9.300392e+00
9.304914e+00
9.309435e+00
9.313958e+00
9.318480e+00
9.323001e+00
9.327523e+00
9.332044e+00
9.336566e+00
9.341088e+00
9.345610e+00
9.350132e+00
9.354654e+00
9.359176e+00
9.363697e+00
9.368219e+00
9.372741e+00
9.377263e+00
9.381784e+00
9.386306e+00
9.390828e+00
9.395350e+00
9.399871e+00
9.404393e+00
9.408915e+00
9.413437e+00
9.417959e+00
9.422481e+00
9.427003e+00
9.431524e+00
9.436046e+00
9.440568e+00
9.445089e+00
9.449611e+00
9.454133e+00
9.458655e+00
9.463176e+00
9.467699e+00
9.472220e+00
9.476742e+00
9.481264e+00
9.485786e+00
9.490308e+00
9.494829e+00
9.499351e+00
9.503873e+00
9.508395e+00
9.512916e+00
9.517438e+00
9.521960e+00
9.526482e+00
9.531004e+00
9.535525e+00
9.540048e+00
9.544569e+00
9.549091e+00
9.553612e+00
9.558135e+00
9.562657e+00
9.567178e+00
9.571700e+00
9.576221e+00
9.580744e+00
9.585265e+00
9.589787e+00
9.594309e+00
9.598831e+00
9.603353e+00
9.607874e+00
9.612396e+00
9.616918e+00
9.621440e+00
9.625961e+00
9.630483e+00
9.635005e+00
9.639527e+00
9.644049e+00
9.648570e+00
9.653092e+00
9.657614e+00
9.662136e+00
9.666658e+00
9.671180e+00
9.675701e+00
9.680223e+00
9.684746e+00
9.689265e+00
9.693788e+00
9.698310e+00
9.702832e+00
9.707354e+00
9.711877e+00
9.716396e+00
9.720918e+00
9.725440e+00
9.729963e+00
9.734485e+00
9.739007e+00
9.743529e+00
9.748049e+00
9.752571e+00
9.757093e+00
9.761615e+00
9.766138e+00
9.770660e+00
9.775180e+00
9.779702e+00
9.784224e+00
9.788747e+00
9.793269e+00
9.797791e+00
9.802310e+00
9.806833e+00
9.811355e+00
9.815877e+00
9.820399e+00
9.824922e+00
9.829444e+00
9.833963e+00
9.838485e+00
9.843008e+00
9.847530e+00
9.852052e+00
9.856574e+00
9.861094e+00
9.865616e+00
9.870138e+00
9.874660e+00
9.879183e+00
9.883705e+00
9.888224e+00
9.892746e+00
9.897269e+00
9.901791e+00
9.906313e+00
9.910835e+00
9.915358e+00
9.919877e+00
9.924399e+00
9.928921e+00
9.933444e+00
9.937966e+00
9.942488e+00
9.947008e+00
9.951530e+00
9.956053e+00
9.960575e+00
9.965097e+00
9.969619e+00
9.974139e+00
9.978661e+00
9.983183e+00
9.987705e+00
9.992228e+00
9.996750e+00
1.000127e+01
1.000579e+01
1.001031e+01
1.001484e+01
1.001936e+01
1.002388e+01
1.002840e+01
1.003292e+01
1.003744e+01
1.004197e+01
1.004649e+01
1.005101e+01
1.005553e+01
1.006006e+01
1.006457e+01
1.006910e+01
1.007362e+01
1.007814e+01
1.008266e+01
1.008719e+01
1.009171e+01
1.009623e+01
1.010075e+01
1.010527e+01
1.010979e+01
1.011432e+01
1.011884e+01
1.012336e+01
1.012788e+01
1.013240e+01
1.013692e+01
1.014145e+01
1.014597e+01
1.015049e+01
1.015501e+01
1.015953e+01
1.016405e+01
1.016858e+01
1.017310e+01
1.017762e+01
1.018214e+01
1.018666e+01
1.019118e+01
1.019571e+01
1.020023e+01
1.020475e+01
1.020927e+01
1.021379e+01
1.021831e+01
1.022284e+01
1.022736e+01
1.023188e+01
1.023641e+01
1.024093e+01
1.024545e+01
1.024997e+01
1.025449e+01
1.025901e+01
1.026354e+01
1.026806e+01
1.027258e+01
1.027710e+01
1.028162e+01
1.028614e+01
1.029066e+01
1.029519e+01
1.029971e+01
1.030423e+01
1.030875e+01
1.031328e+01
1.031780e+01
1.032232e+01
1.032684e+01
1.033136e+01
1.033589e+01
1.034041e+01
1.034493e+01
1.034945e+01
1.035397e+01
1.035849e+01
1.036302e+01
1.036754e+01
1.037206e+01
1.037658e+01
1.038110e+01
1.038562e+01
1.039015e+01
1.039467e+01
1.039919e+01
1.040372e+01
1.040823e+01
1.041275e+01
1.041728e+01
1.042180e+01
1.042632e+01
1.043084e+01
1.043536e+01
1.043988e+01
1.044440e+01
1.044893e+01
1.045345e+01
1.045797e+01
1.046250e+01
1.046701e+01
1.047153e+01
1.047606e+01
1.048058e+01
1.048510e+01
1.048963e+01
1.049414e+01
1.049866e+01
1.050319e+01
1.050771e+01
1.051223e+01
1.051676e+01
1.052128e+01
1.052580e+01
1.053032e+01
1.053484e+01
1.053936e+01
1.054389e+01
1.054841e+01
1.055293e+01
1.055745e+01
1.056197e+01
1.056649e+01
1.057102e+01
1.057554e+01
1.058006e+01
1.058459e+01
1.058910e+01
1.059362e+01
1.059815e+01
1.060267e+01
1.060719e+01
1.061171e+01
1.061624e+01
1.062076e+01
1.062528e+01
1.062980e+01
1.063432e+01
1.063884e+01
1.064337e+01
1.064789e+01
1.065241e+01
1.065693e+01
1.066145e+01
1.066597e+01
1.067050e+01
1.067502e+01
1.067954e+01
1.068407e+01
1.068858e+01
1.069311e+01
1.069763e+01
1.070215e+01
1.070667e+01
1.071120e+01
1.071572e+01
1.072024e+01
1.072476e+01
1.072928e+01
1.073380e+01
1.073833e+01
1.074285e+01
1.074737e+01
1.075189e+01
1.075641e+01
1.076093e+01
1.076545e+01
1.076998e+01
1.077450e+01
1.077902e+01
1.078354e+01
1.078806e+01
1.079258e+01
1.079711e+01
1.080163e+01
1.080615e+01
1.081067e+01
1.081519e+01
1.081971e+01
1.082424e+01
1.082876e+01
1.083328e+01
1.083780e+01
1.084232e+01
1.084684e+01
1.085137e+01
1.085589e+01
1.086041e+01
1.086494e+01
1.086946e+01
1.087397e+01
1.087850e+01
1.088302e+01
1.088754e+01
1.089207e+01
1.089659e+01
