1.2589e-08   0.0000e+00   0.0000e+00   0.0000e+00   0.0000e+00   0.0000e+00   0.0000e+00   0.0000e+00   0.0000e+00   0.0000e+00   0.0000e+00
1.5849e-08   0.0000e+00   0.0000e+00   0.0000e+00   0.0000e+00   0.0000e+00   0.0000e+00   0.0000e+00   0.0000e+00   0.0000e+00   0.0000e+00
1.9953e-08   0.0000e+00   0.0000e+00   0.0000e+00   0.0000e+00   7.6355e-01   0.0000e+00   0.0000e+00   0.0000e+00   0.0000e+00   7.6355e-01
2.5119e-08   0.0000e+00   0.0000e+00   0.0000e+00   0.0000e+00   0.0000e+00   0.0000e+00   0.0000e+00   0.0000e+00   0.0000e+00   0.0000e+00
3.1623e-08   0.0000e+00   0.0000e+00   0.0000e+00   0.0000e+00   0.0000e+00   0.0000e+00   0.0000e+00   0.0000e+00   0.0000e+00   0.0000e+00
3.9811e-08   0.0000e+00   0.0000e+00   0.0000e+00   0.0000e+00   0.0000e+00   0.0000e+00   5.5184e+19   0.0000e+00   0.0000e+00   5.5184e+19
5.0119e-08   7.8047e+20   0.0000e+00   0.0000e+00   0.0000e+00   0.0000e+00   0.0000e+00   4.2820e+19   0.0000e+00   0.0000e+00   8.2329e+20
6.3096e-08   6.1997e+20   0.0000e+00   0.0000e+00   0.0000e+00   0.0000e+00   0.0000e+00   3.3226e+19   0.0000e+00   0.0000e+00   6.5319e+20
7.9433e-08   4.9247e+20   0.0000e+00   0.0000e+00   0.0000e+00   0.0000e+00   0.0000e+00   2.5782e+19   6.3410e+18   0.0000e+00   5.2460e+20
1.0000e-07   3.9120e+20   0.0000e+00   0.0000e+00   0.0000e+00   0.0000e+00   0.0000e+00   2.0006e+19   5.1407e+18   0.0000e+00   4.1635e+20
1.2589e-07   3.1070e+20   0.0000e+00   0.0000e+00   0.0000e+00   0.0000e+00   0.0000e+00   1.5523e+19   4.1677e+18   0.0000e+00   3.3039e+20
1.5849e-07   2.4677e+20   0.0000e+00   0.0000e+00   0.0000e+00   0.0000e+00   0.0000e+00   1.2045e+19   3.3788e+18   0.0000e+00   2.6219e+20
1.9953e-07   1.9210e+20   0.0000e+00   0.0000e+00   0.0000e+00   0.0000e+00   0.0000e+00   9.3466e+18   2.7392e+18   0.0000e+00   2.0418e+20
2.5119e-07   1.4954e+20   0.0000e+00   1.7928e+14   2.4169e+19   0.0000e+00   0.0000e+00   7.2525e+18   2.2207e+18   0.0000e+00   1.8318e+20
3.1623e-07   1.1641e+20   5.9227e+15   1.6927e+14   1.6558e+19   0.0000e+00   6.7725e+17   6.1319e+18   1.8004e+18   0.0000e+00   1.4158e+20
3.9811e-07   9.0617e+19   6.1315e+15   1.5981e+14   1.1343e+19   0.0000e+00   5.5918e+17   5.1845e+18   1.4596e+18   7.8233e+17   1.0995e+20
5.0119e-07   1.4396e+20   6.3476e+15   1.5089e+14   7.7710e+18   0.0000e+00   4.6170e+17   4.3834e+18   1.1833e+18   5.5902e+17   1.5832e+20
6.3096e-07   7.1838e+19   6.5713e+15   1.4246e+14   5.3237e+18   0.0000e+00   3.8121e+17   3.1708e+18   9.5933e+17   3.9945e+17   8.2079e+19
7.9433e-07   3.5848e+19   6.8029e+15   1.3450e+14   3.6472e+18   0.0000e+00   3.1475e+17   2.2937e+18   7.7775e+17   2.8543e+17   4.3174e+19
1.0000e-06   5.6953e+19   7.0427e+15   1.2699e+14   2.4986e+18   0.0000e+00   2.5988e+17   1.5347e+18   6.3053e+17   2.0395e+17   6.2088e+19
1.2589e-06   4.5371e+19   7.2909e+15   1.6446e+14   1.6494e+18   0.0000e+00   2.1458e+17   1.8027e+18   5.1119e+17   1.4574e+17   4.9702e+19
1.5849e-06   3.6144e+19   8.9080e+15   2.1298e+14   1.0888e+18   0.0000e+00   1.6657e+17   2.1174e+18   4.0662e+17   1.1574e+17   4.0048e+19
1.9953e-06   5.3254e+18   1.0884e+16   2.6643e+14   7.1870e+17   0.0000e+00   1.2930e+17   6.2407e+17   3.2344e+17   9.1938e+16   7.2240e+18
2.5119e-06   8.4589e+18   1.3298e+16   3.3329e+14   4.6174e+17   0.0000e+00   1.0037e+17   1.1065e+18   2.5727e+17   7.3031e+16   1.0471e+19
3.1623e-06   4.5833e+18   1.7229e+16   6.0336e+14   2.9666e+17   0.0000e+00   5.2502e+16   5.8827e+17   1.8301e+17   5.8013e+16   5.7796e+18
3.9811e-06   9.7483e+17   2.2323e+16   9.8710e+14   1.2038e+17   0.0000e+00   2.7724e+16   3.1275e+17   1.3019e+17   4.6082e+16   1.6353e+18
5.0119e-06   5.6837e+17   3.3853e+16   1.0596e+15   6.6297e+16   0.0000e+00   1.4640e+16   1.8368e+17   7.1633e+16   3.6606e+16   9.7614e+17
6.3096e-06   3.7051e+17   3.1276e+16   1.1375e+15   3.6511e+16   0.0000e+00   3.1506e+15   1.4591e+17   3.8797e+16   2.9078e+16   6.5637e+17
7.9433e-06   1.3128e+17   2.8895e+16   1.1390e+15   2.0108e+16   0.0000e+00   1.3064e+15   1.1590e+17   2.5680e+16   2.3098e+16   3.4741e+17
1.0000e-05   8.7911e+16   2.2250e+16   1.1405e+15   7.2885e+15   0.0000e+00   5.4174e+14   9.2065e+16   1.6998e+16   8.3008e+15   2.3650e+17
1.2589e-05   5.8871e+16   1.3357e+16   1.2261e+15   2.6421e+15   0.0000e+00   2.2466e+14   9.0623e+16   1.0655e+16   1.3187e+16   1.9079e+17
1.5849e-05   2.7310e+16   7.9975e+15   1.0348e+15   7.3790e+14   0.0000e+00   4.3076e+13   3.5984e+16   6.6793e+15   3.3015e+15   8.3088e+16
1.9953e-05   1.2667e+16   6.2391e+15   8.7326e+14   2.0604e+14   0.0000e+00   8.2570e+12   4.1381e+16   3.8235e+15   1.3116e+15   6.6510e+16
2.5119e-05   4.8213e+15   4.8673e+15   6.4012e+14   4.0697e+13   0.0000e+00   1.1720e+11   1.1620e+16   2.1887e+15   6.2230e+14   2.4801e+16
3.1623e-05   4.5454e+15   3.9211e+15   3.7487e+14   8.0393e+12   0.0000e+00   3.3273e+09   2.1692e+15   9.3495e+14   5.3471e+13   1.2007e+16
3.9811e-05   4.0237e+15   2.4801e+15   1.7031e+14   1.2837e+11   0.0000e+00   1.3442e+08   7.9583e+13   6.0139e+14   1.8976e+12   7.3571e+15
5.0119e-05   2.5173e+15   1.1319e+15   8.8461e+13   2.7585e+08   0.0000e+00   4.9600e+07   1.2643e+14   4.5485e+14   5.5624e+09   4.3189e+15
6.3096e-05   1.0988e+15   6.0302e+14   4.5948e+13   1.1449e+04   0.0000e+00   1.8302e+07   1.0555e+13   3.4402e+14   8.8366e+09   2.1024e+15
7.9433e-05   3.1984e+14   3.2126e+14   1.0986e+13   6.3649e-01   0.0000e+00   2.5361e+04   2.2473e+11   1.8123e+14   1.0754e+07   8.3354e+14
1.0000e-04   5.7525e+13   1.1221e+14   1.6690e+12   3.5391e-05   0.0000e+00   1.8923e+06   1.1162e+09   5.9320e+13   9.8278e+01   2.3073e+14
1.2589e-04   5.7975e+12   4.1621e+13   1.3423e+11   1.6174e-26   0.0000e+00   1.1625e+06   3.7829e+05   1.1486e+13   4.6599e-08   5.9039e+13
1.5849e-04   2.5990e+11   1.3001e+13   4.2348e+09   0.0000e+00   0.0000e+00   8.1542e+05   5.0466e-01   1.2007e+12   8.9918e-30   1.4466e+13
1.9953e-04   3.2940e+09   2.7441e+12   3.1987e+07   0.0000e+00   0.0000e+00   5.1318e+05   1.1582e-12   5.3579e+10   0.0000e+00   2.8010e+12
2.5119e-04   5.0802e+06   3.3674e+11   2.3988e+04   0.0000e+00   0.0000e+00   9.3833e+05   1.4456e-44   6.5453e+08   0.0000e+00   3.3740e+11
3.1623e-04   1.6190e+02   1.9778e+10   2.8287e-01   0.0000e+00   0.0000e+00   2.5656e-16   0.0000e+00   9.6604e+05   0.0000e+00   1.9779e+10
3.9811e-04   1.2493e-06   3.9396e+08   4.9947e-10   0.0000e+00   0.0000e+00   0.0000e+00   0.0000e+00   3.9552e+01   0.0000e+00   3.9396e+08
5.0119e-04   4.5796e-25   1.4247e+06   1.2760e-28   0.0000e+00   0.0000e+00   0.0000e+00   0.0000e+00   5.1034e-07   0.0000e+00   1.4247e+06
6.3096e-04   0.0000e+00   2.6837e+02   0.0000e+00   0.0000e+00   0.0000e+00   0.0000e+00   0.0000e+00   7.9809e-24   0.0000e+00   2.6837e+02
7.9433e-04   0.0000e+00   1.6267e-04   0.0000e+00   0.0000e+00   0.0000e+00   0.0000e+00   0.0000e+00   0.0000e+00   0.0000e+00   1.6267e-04
