5.800000e-01
5.803331e-01
5.806670e-01
5.810000e-01
5.813331e-01
5.816670e-01
5.820000e-01
5.823331e-01
5.826670e-01
5.830000e-01
5.833331e-01
5.836670e-01
5.840000e-01
5.843331e-01
5.846670e-01
5.850000e-01
5.853331e-01
5.856670e-01
5.860000e-01
5.863331e-01
5.866670e-01
5.870000e-01
5.873331e-01
5.876670e-01
5.880000e-01
5.883331e-01
5.886670e-01
5.890000e-01
5.893331e-01
5.896670e-01
5.900000e-01
5.900000e-01
5.900000e-01
5.900000e-01
5.900000e-01
5.900000e-01
5.900000e-01
5.900000e-01
5.900000e-01
5.900000e-01
5.900000e-01
5.900000e-01
5.900000e-01
5.900000e-01
5.900000e-01
5.900000e-01
5.900000e-01
5.900000e-01
5.900000e-01
5.900000e-01
5.900000e-01
5.900833e-01
5.901667e-01
5.902500e-01
5.903333e-01
5.904167e-01
5.905000e-01
5.905833e-01
5.906667e-01
5.907500e-01
5.908333e-01
5.909167e-01
5.910000e-01
5.910833e-01
5.911667e-01
5.912500e-01
5.913333e-01
5.914167e-01
5.915000e-01
5.913336e-01
5.916667e-01
5.919997e-01
5.923336e-01
5.926667e-01
5.929997e-01
5.933336e-01
5.936667e-01
5.939997e-01
5.943336e-01
5.946667e-01
5.949997e-01
5.953336e-01
5.956667e-01
5.959997e-01
5.963336e-01
5.966667e-01
5.969997e-01
5.973336e-01
5.976667e-01
5.979997e-01
5.983336e-01
5.986667e-01
5.989997e-01
5.993336e-01
5.996667e-01
5.999997e-01
6.003336e-01
6.006667e-01
6.009997e-01
6.013336e-01
6.016667e-01
6.017333e-01
6.018000e-01
6.018667e-01
6.019333e-01
6.020000e-01
6.020667e-01
6.021333e-01
6.022000e-01
6.022667e-01
6.023333e-01
6.024000e-01
6.024667e-01
6.025333e-01
6.026000e-01
6.026667e-01
6.027333e-01
6.028000e-01
6.028667e-01
6.029333e-01
6.030000e-01
6.030667e-01
6.031333e-01
6.032000e-01
6.032667e-01
6.033333e-01
6.034000e-01
6.034667e-01
6.035333e-01
6.036000e-01
6.036667e-01
6.037333e-01
6.038000e-01
6.038667e-01
6.039333e-01
6.040000e-01
6.040667e-01
6.041333e-01
6.042000e-01
6.042667e-01
6.043333e-01
6.044000e-01
6.044667e-01
6.045333e-01
6.046000e-01
6.046667e-01
6.047333e-01
6.048000e-01
6.048667e-01
6.049333e-01
6.050000e-01
6.053667e-01
6.057333e-01
6.061000e-01
6.064667e-01
6.068333e-01
6.072000e-01
6.075667e-01
6.079333e-01
6.083000e-01
6.086667e-01
6.090333e-01
6.094000e-01
6.097667e-01
6.101333e-01
6.105000e-01
6.108667e-01
6.112333e-01
6.116000e-01
6.119667e-01
6.123333e-01
6.127000e-01
6.130667e-01
6.134333e-01
6.138000e-01
6.141667e-01
6.145333e-01
6.149000e-01
6.152667e-01
6.156333e-01
6.160000e-01
6.163667e-01
6.167333e-01
6.171000e-01
6.174667e-01
6.178333e-01
6.182000e-01
6.185667e-01
6.189333e-01
6.193000e-01
6.196667e-01
6.200333e-01
6.204000e-01
6.207667e-01
6.211333e-01
6.215000e-01
6.218667e-01
6.222333e-01
6.226000e-01
6.229667e-01
6.233333e-01
6.251833e-01
6.270333e-01
6.288833e-01
6.307333e-01
6.325833e-01
6.344333e-01
6.362833e-01
6.381333e-01
6.399833e-01
6.418333e-01
6.436833e-01
6.455333e-01
6.473833e-01
6.492333e-01
6.510833e-01
6.529333e-01
6.547833e-01
6.566333e-01
6.584833e-01
6.603333e-01
6.621833e-01
6.640333e-01
6.658833e-01
6.677333e-01
6.695833e-01
6.714333e-01
6.732833e-01
6.751333e-01
6.769833e-01
6.788333e-01
6.806833e-01
6.825333e-01
6.843833e-01
6.862333e-01
6.880833e-01
6.899333e-01
6.917833e-01
6.936333e-01
6.954833e-01
6.973333e-01
6.991833e-01
7.010333e-01
7.028833e-01
7.047333e-01
7.065833e-01
7.084333e-01
7.102833e-01
7.121333e-01
7.139833e-01
7.158333e-01
7.176833e-01
7.195333e-01
7.213833e-01
7.232333e-01
7.250833e-01
7.269333e-01
7.287833e-01
7.306333e-01
7.324833e-01
7.343333e-01
7.361833e-01
7.380333e-01
7.398833e-01
7.417333e-01
7.435833e-01
7.454333e-01
7.472833e-01
7.491333e-01
7.509833e-01
7.528333e-01
7.546833e-01
7.565333e-01
7.583833e-01
7.602333e-01
7.620833e-01
7.639333e-01
7.657833e-01
7.676333e-01
7.694833e-01
7.713333e-01
7.731833e-01
7.750333e-01
7.768833e-01
7.787333e-01
7.805833e-01
7.824333e-01
7.842833e-01
7.861333e-01
7.879833e-01
7.898333e-01
7.916833e-01
7.935333e-01
7.953833e-01
7.972333e-01
7.990833e-01
8.009333e-01
8.027833e-01
8.046333e-01
8.064833e-01
8.083333e-01
8.095333e-01
8.107333e-01
8.119333e-01
8.131333e-01
8.143333e-01
8.155333e-01
8.167333e-01
8.179333e-01
8.191333e-01
8.203333e-01
8.215333e-01
8.227333e-01
8.239333e-01
8.251333e-01
8.263333e-01
8.275333e-01
8.287333e-01
8.299333e-01
8.311333e-01
8.323333e-01
8.335333e-01
8.347333e-01
8.359333e-01
8.371333e-01
8.383333e-01
8.395333e-01
8.407333e-01
8.419333e-01
8.431333e-01
8.443333e-01
8.455333e-01
8.467333e-01
8.479333e-01
8.491333e-01
8.503333e-01
8.515333e-01
8.527333e-01
8.539333e-01
8.551333e-01
8.563333e-01
8.575333e-01
8.587333e-01
8.599333e-01
8.611333e-01
8.623333e-01
8.635333e-01
8.647333e-01
8.659333e-01
8.671333e-01
8.683333e-01
8.695333e-01
8.707333e-01
8.719333e-01
8.731333e-01
8.743333e-01
8.755333e-01
8.767333e-01
8.779333e-01
8.791333e-01
8.803333e-01
8.815333e-01
8.827333e-01
8.839333e-01
8.851333e-01
8.863333e-01
8.875333e-01
8.887333e-01
8.899333e-01
8.911333e-01
8.923333e-01
8.935333e-01
8.947333e-01
8.959333e-01
8.971333e-01
8.983333e-01
8.995333e-01
9.007333e-01
9.019333e-01
9.031333e-01
9.043333e-01
9.055333e-01
9.067333e-01
9.079333e-01
9.091333e-01
9.103333e-01
9.115333e-01
9.127333e-01
9.139333e-01
9.151333e-01
9.163333e-01
9.175333e-01
9.187333e-01
9.199333e-01
9.211333e-01
9.223333e-01
9.235333e-01
9.247333e-01
9.259333e-01
9.271333e-01
9.283333e-01
9.290750e-01
9.298167e-01
9.305583e-01
9.313000e-01
9.320417e-01
9.327833e-01
9.335250e-01
9.342667e-01
9.350083e-01
9.357500e-01
9.364917e-01
9.372333e-01
9.379750e-01
9.387167e-01
9.394583e-01
9.402000e-01
9.409417e-01
9.416833e-01
9.424250e-01
9.431667e-01
9.439083e-01
9.446500e-01
9.453917e-01
9.461333e-01
9.468750e-01
9.476167e-01
9.483583e-01
9.491000e-01
9.498417e-01
9.505833e-01
9.513250e-01
9.520667e-01
9.528083e-01
9.535500e-01
9.542917e-01
9.550333e-01
9.557750e-01
9.565167e-01
9.572583e-01
9.580000e-01
9.587417e-01
9.594833e-01
9.602250e-01
9.609667e-01
9.617083e-01
9.624500e-01
9.631917e-01
9.639333e-01
9.646750e-01
9.654167e-01
9.661583e-01
9.669000e-01
9.676417e-01
9.683833e-01
9.691250e-01
9.698667e-01
9.706083e-01
9.713500e-01
9.720917e-01
9.728333e-01
9.735750e-01
9.743167e-01
9.750583e-01
9.758000e-01
9.765417e-01
9.772833e-01
9.780250e-01
9.787667e-01
9.795083e-01
9.802500e-01
9.809917e-01
9.817333e-01
9.824750e-01
9.832167e-01
9.839583e-01
9.847000e-01
9.854417e-01
9.861833e-01
9.869250e-01
9.876667e-01
9.884083e-01
9.891500e-01
9.898917e-01
9.906333e-01
9.913750e-01
9.921167e-01
9.928583e-01
9.936000e-01
9.943417e-01
9.950833e-01
9.958250e-01
9.965667e-01
9.973083e-01
9.980500e-01
9.987917e-01
9.995333e-01
1.000275e+00
1.001017e+00
1.001758e+00
1.002500e+00
1.003242e+00
1.003983e+00
1.004725e+00
1.005467e+00
1.006208e+00
1.006950e+00
1.007692e+00
1.008433e+00
1.009175e+00
1.009917e+00
1.010658e+00
1.011400e+00
1.012142e+00
1.012883e+00
1.013625e+00
1.014367e+00
1.015108e+00
1.015850e+00
1.016592e+00
1.017333e+00
1.018075e+00
1.018817e+00
1.019558e+00
1.020300e+00
1.021042e+00
1.021783e+00
1.022525e+00
1.023267e+00
1.024008e+00
1.024750e+00
1.025492e+00
1.026233e+00
1.026975e+00
1.027717e+00
1.028458e+00
1.029200e+00
1.029942e+00
1.030683e+00
1.031425e+00
1.032167e+00
1.032908e+00
1.033650e+00
1.034392e+00
1.035133e+00
1.035875e+00
1.036617e+00
1.037358e+00
1.038100e+00
1.038842e+00
1.039583e+00
1.040325e+00
1.041067e+00
1.041808e+00
1.042550e+00
1.043292e+00
1.044033e+00
1.044775e+00
1.045517e+00
1.046258e+00
1.047000e+00
1.047742e+00
1.048483e+00
1.049225e+00
1.049967e+00
1.050708e+00
1.051450e+00
1.052192e+00
1.052933e+00
1.053675e+00
1.054417e+00
1.055158e+00
1.055900e+00
1.056642e+00
1.057383e+00
1.058125e+00
1.058867e+00
1.059608e+00
1.060350e+00
1.061092e+00
1.061833e+00
1.062575e+00
1.063317e+00
1.064058e+00
1.064800e+00
1.065542e+00
1.066283e+00
1.067025e+00
1.067767e+00
1.068508e+00
1.069250e+00
1.069992e+00
1.070733e+00
1.071475e+00
1.072217e+00
1.072958e+00
1.073700e+00
1.074442e+00
1.075183e+00
1.075925e+00
1.076667e+00
1.077483e+00
1.078300e+00
1.079117e+00
1.079933e+00
1.080750e+00
1.081567e+00
1.082383e+00
1.083200e+00
1.084017e+00
1.084833e+00
1.085650e+00
1.086467e+00
1.087283e+00
1.088100e+00
1.088917e+00
1.089733e+00
1.090550e+00
1.091367e+00
1.092183e+00
1.093000e+00
1.093817e+00
1.094633e+00
1.095450e+00
1.096267e+00
1.097083e+00
1.097900e+00
1.098717e+00
1.099533e+00
1.100350e+00
1.101167e+00
1.101983e+00
1.102800e+00
1.103617e+00
1.104433e+00
1.105250e+00
1.106067e+00
1.106883e+00
1.107700e+00
1.108517e+00
1.109333e+00
1.110150e+00
1.110967e+00
1.111783e+00
1.112600e+00
1.113417e+00
1.114233e+00
1.115050e+00
1.115867e+00
1.116683e+00
1.117500e+00
1.118317e+00
1.119133e+00
1.119950e+00
1.120767e+00
1.121583e+00
1.122400e+00
1.123217e+00
1.124033e+00
1.124850e+00
1.125667e+00
1.126483e+00
1.127300e+00
1.128117e+00
1.128933e+00
1.129750e+00
1.130567e+00
1.131383e+00
1.132200e+00
1.133017e+00
1.133833e+00
1.134650e+00
1.135467e+00
1.136283e+00
1.137100e+00
1.137917e+00
1.138733e+00
1.139550e+00
1.140367e+00
1.141183e+00
1.142000e+00
1.142817e+00
1.143633e+00
1.144450e+00
1.145267e+00
1.146083e+00
1.146900e+00
1.147717e+00
1.148533e+00
1.149350e+00
1.150167e+00
1.150983e+00
1.151800e+00
1.152617e+00
1.153433e+00
1.154250e+00
1.155067e+00
1.155883e+00
1.156700e+00
1.157517e+00
1.158333e+00
1.181990e+00
1.205647e+00
1.229304e+00
1.252960e+00
1.276617e+00
1.300274e+00
1.323931e+00
1.347588e+00
1.371245e+00
1.394901e+00
1.418558e+00
1.442215e+00
1.465872e+00
1.489529e+00
1.513186e+00
1.536843e+00
1.560499e+00
1.584156e+00
1.607813e+00
1.631470e+00
1.655127e+00
1.678784e+00
1.702440e+00
1.726097e+00
1.749754e+00
1.773411e+00
1.797068e+00
1.820725e+00
1.844382e+00
1.868038e+00
1.891695e+00
1.915352e+00
1.939009e+00
1.962666e+00
1.986323e+00
2.009980e+00
2.033636e+00
2.057293e+00
2.080950e+00
2.104607e+00
2.128264e+00
2.151921e+00
2.175577e+00
2.199234e+00
2.222891e+00
2.246548e+00
2.270205e+00
2.293862e+00
2.317519e+00
2.341175e+00
2.364832e+00
2.388489e+00
2.412146e+00
2.435803e+00
2.459460e+00
2.483116e+00
2.506773e+00
2.530430e+00
2.554087e+00
2.577744e+00
2.601401e+00
2.625058e+00
2.648714e+00
2.672371e+00
2.696028e+00
2.719685e+00
2.743342e+00
2.766999e+00
2.790655e+00
2.814312e+00
2.837969e+00
2.861626e+00
2.885283e+00
2.908940e+00
2.932597e+00
2.956253e+00
2.979910e+00
3.003567e+00
3.027224e+00
3.050881e+00
3.074538e+00
3.098195e+00
3.121851e+00
3.145508e+00
3.169165e+00
3.192822e+00
3.216479e+00
3.240136e+00
3.263792e+00
3.287449e+00
3.311106e+00
3.334763e+00
3.358420e+00
3.382077e+00
3.405734e+00
3.429390e+00
3.453047e+00
3.476704e+00
3.500361e+00
3.524018e+00
3.547675e+00
3.571331e+00
3.594988e+00
3.618645e+00
3.642302e+00
3.665959e+00
3.689616e+00
3.713273e+00
3.736929e+00
3.760586e+00
3.784243e+00
3.807900e+00
3.831557e+00
3.855214e+00
3.878870e+00
3.902527e+00
3.926184e+00
3.949841e+00
3.973498e+00
3.997155e+00
4.020812e+00
4.044468e+00
4.068125e+00
4.091782e+00
4.115439e+00
4.139096e+00
4.162753e+00
4.186410e+00
4.210066e+00
4.233723e+00
4.257380e+00
4.281037e+00
4.304694e+00
4.328351e+00
4.352007e+00
4.375664e+00
4.399321e+00
4.422978e+00
4.446635e+00
4.470292e+00
4.493949e+00
4.517605e+00
4.541262e+00
4.564919e+00
4.588576e+00
4.612233e+00
4.635890e+00
4.659546e+00
4.683203e+00
4.706860e+00
4.730517e+00
4.754174e+00
4.777831e+00
4.801488e+00
4.825144e+00
4.848801e+00
4.872458e+00
4.896115e+00
4.919772e+00
4.943429e+00
4.967085e+00
4.990742e+00
5.014399e+00
5.038056e+00
5.061713e+00
5.085370e+00
5.109027e+00
5.132683e+00
5.156340e+00
5.179997e+00
5.203654e+00
5.227311e+00
5.250968e+00
5.274624e+00
5.298281e+00
5.321938e+00
5.345595e+00
5.369252e+00
5.392909e+00
5.416566e+00
5.440222e+00
5.463879e+00
5.487536e+00
5.511193e+00
5.534850e+00
5.558507e+00
5.582164e+00
5.605820e+00
5.629477e+00
5.653134e+00
5.676791e+00
5.700448e+00
5.724105e+00
5.747761e+00
5.771418e+00
5.795075e+00
5.818732e+00
5.842389e+00
5.866046e+00
5.889703e+00
5.913359e+00
5.937016e+00
5.960673e+00
5.984330e+00
6.007987e+00
6.031644e+00
6.055300e+00
6.078957e+00
6.102614e+00
6.126271e+00
6.149928e+00
6.173585e+00
6.197242e+00
6.220898e+00
6.244555e+00
6.268212e+00
6.291869e+00
6.315526e+00
6.339183e+00
6.362839e+00
6.386496e+00
6.410153e+00
6.433810e+00
6.457467e+00
6.481124e+00
6.504781e+00
6.528437e+00
6.552094e+00
6.575751e+00
6.599408e+00
6.623065e+00
6.646722e+00
6.670379e+00
6.694035e+00
6.717692e+00
6.741349e+00
6.765006e+00
6.788663e+00
6.812320e+00
6.835976e+00
6.859633e+00
6.883290e+00
6.906947e+00
6.930604e+00
6.954261e+00
6.977918e+00
7.001574e+00
7.025231e+00
7.048888e+00
7.072545e+00
7.096202e+00
7.119859e+00
7.143515e+00
7.167172e+00
7.190829e+00
7.214486e+00
7.238143e+00
7.261800e+00
7.285457e+00
7.309113e+00
7.332770e+00
7.356427e+00
7.380084e+00
7.403741e+00
7.427398e+00
7.451054e+00
7.474711e+00
7.498368e+00
7.522025e+00
7.545682e+00
7.569339e+00
7.592996e+00
7.616652e+00
7.640309e+00
7.663966e+00
7.687623e+00
7.711280e+00
7.734937e+00
7.758593e+00
7.782250e+00
7.805907e+00
7.829564e+00
7.853221e+00
7.876878e+00
7.900535e+00
7.924191e+00
7.947848e+00
7.971505e+00
7.995162e+00
8.018819e+00
8.042476e+00
8.066133e+00
8.089789e+00
8.113446e+00
8.137103e+00
8.160760e+00
8.184417e+00
8.208074e+00
8.231730e+00
8.255387e+00
8.279044e+00
8.302701e+00
8.326358e+00
8.350015e+00
8.373672e+00
8.397328e+00
8.420985e+00
8.444642e+00
8.468299e+00
8.491956e+00
8.515613e+00
8.539269e+00
8.562926e+00
8.586583e+00
8.610240e+00
8.633897e+00
8.657554e+00
8.681211e+00
8.704867e+00
8.728524e+00
8.752181e+00
8.775838e+00
8.799495e+00
8.823152e+00
8.846808e+00
8.870465e+00
8.894122e+00
8.917779e+00
8.941436e+00
8.965093e+00
8.988750e+00
9.012406e+00
9.036063e+00
9.059720e+00
9.083377e+00
9.107034e+00
9.130691e+00
9.154348e+00
9.178004e+00
9.201661e+00
9.225318e+00
9.248975e+00
9.272632e+00
9.296289e+00
9.319945e+00
9.343602e+00
9.367259e+00
9.390916e+00
9.414573e+00
9.438230e+00
9.461887e+00
9.485543e+00
9.509200e+00
9.532857e+00
9.556514e+00
9.580171e+00
9.603828e+00
9.627484e+00
9.651141e+00
9.674798e+00
9.698455e+00
9.722112e+00
9.745769e+00
9.769426e+00
9.793082e+00
9.816739e+00
9.840396e+00
9.864053e+00
9.887710e+00
9.911367e+00
9.935023e+00
9.958680e+00
9.982337e+00
1.000599e+01
1.002965e+01
1.005331e+01
1.007696e+01
1.010062e+01
1.012428e+01
1.014794e+01
1.017159e+01
1.019525e+01
1.021891e+01
1.024256e+01
1.026622e+01
1.028988e+01
1.031353e+01
1.033719e+01
1.036085e+01
1.038450e+01
1.040816e+01
1.043182e+01
1.045547e+01
1.047913e+01
1.050279e+01
1.052644e+01
1.055010e+01
1.057376e+01
1.059742e+01
1.062107e+01
1.064473e+01
1.066839e+01
1.069204e+01
1.071570e+01
1.073936e+01
1.076301e+01
1.078667e+01
1.079586e+01
1.080504e+01
1.081423e+01
1.082342e+01
1.083261e+01
1.084180e+01
1.085099e+01
1.086018e+01
1.086937e+01
1.087856e+01
1.088774e+01
1.089693e+01
1.090612e+01
1.091531e+01
1.092450e+01
1.093369e+01
1.094288e+01
1.095207e+01
1.096126e+01
1.097044e+01
1.097963e+01
1.098882e+01
1.099801e+01
1.100720e+01
1.101639e+01
1.102558e+01
1.103477e+01
1.104396e+01
1.105314e+01
1.106233e+01
1.107152e+01
1.108071e+01
1.108990e+01
1.109909e+01
1.110828e+01
1.111747e+01
1.112666e+01
1.113584e+01
1.114503e+01
1.115422e+01
1.116341e+01
1.117260e+01
1.118179e+01
1.119098e+01
1.120017e+01
1.120936e+01
1.121854e+01
1.122773e+01
1.123692e+01
1.124611e+01
1.125530e+01
1.126449e+01
1.127368e+01
1.128287e+01
1.129206e+01
1.130124e+01
1.131043e+01
1.131962e+01
1.132881e+01
1.133800e+01
1.134719e+01
1.135638e+01
1.136557e+01
1.137476e+01
1.138394e+01
1.139313e+01
1.140232e+01
1.141151e+01
1.142070e+01
1.142989e+01
1.143908e+01
1.144827e+01
1.145746e+01
1.146664e+01
1.147583e+01
1.148502e+01
1.149421e+01
1.150340e+01
1.151259e+01
1.152178e+01
1.153097e+01
1.154016e+01
1.154934e+01
1.155853e+01
1.156772e+01
1.157691e+01
1.158610e+01
1.159529e+01
1.160448e+01
1.161367e+01
1.162286e+01
1.163204e+01
1.164123e+01
1.165042e+01
1.165961e+01
1.166880e+01
1.167799e+01
1.168718e+01
1.169637e+01
1.170556e+01
1.171463e+01
1.172371e+01
1.173279e+01
1.174186e+01
1.175094e+01
1.176002e+01
1.176909e+01
1.177817e+01
1.178725e+01
1.179632e+01
1.180540e+01
1.181448e+01
1.182355e+01
1.183263e+01
1.184171e+01
1.185078e+01
1.185986e+01
1.186894e+01
1.187802e+01
1.188709e+01
1.189617e+01
1.190525e+01
1.191432e+01
1.192340e+01
1.193248e+01
1.194155e+01
1.195063e+01
1.195971e+01
1.196878e+01
1.197786e+01
1.198694e+01
1.199601e+01
1.200509e+01
1.201417e+01
1.202324e+01
1.203232e+01
1.204140e+01
1.205048e+01
1.205955e+01
1.206863e+01
1.207771e+01
1.208678e+01
1.209586e+01
1.210494e+01
1.211401e+01
1.212309e+01
1.213217e+01
1.214124e+01
1.215032e+01
1.215940e+01
1.216847e+01
1.217755e+01
1.218663e+01
1.219570e+01
1.220478e+01
1.221386e+01
1.222294e+01
1.223201e+01
1.224109e+01
1.225017e+01
1.225924e+01
1.226832e+01
1.227740e+01
1.228647e+01
1.229555e+01
1.230463e+01
1.231370e+01
1.232278e+01
1.233186e+01
1.234093e+01
1.235001e+01
1.235909e+01
1.236816e+01
1.237724e+01
1.238632e+01
1.239540e+01
1.240447e+01
1.241355e+01
1.242263e+01
1.243170e+01
1.244078e+01
1.244986e+01
1.245893e+01
1.246801e+01
1.247709e+01
1.248616e+01
1.249524e+01
1.250432e+01
1.251339e+01
1.252247e+01
1.253155e+01
1.254062e+01
1.254970e+01
1.255878e+01
1.256786e+01
1.257693e+01
1.258601e+01
1.259509e+01
1.260416e+01
1.261324e+01
1.262232e+01
1.263139e+01
1.264047e+01
1.264955e+01
1.265862e+01
1.266770e+01
1.267678e+01
1.268585e+01
1.269493e+01
1.270401e+01
1.271308e+01
1.272216e+01
1.273124e+01
1.274032e+01
1.274939e+01
1.275847e+01
1.276755e+01
1.277662e+01
1.278570e+01
1.279478e+01
1.280385e+01
1.281293e+01
1.282201e+01
1.283108e+01
1.284016e+01
1.284924e+01
1.285831e+01
1.286739e+01
1.287647e+01
1.288554e+01
1.289462e+01
1.290370e+01
1.291277e+01
1.292185e+01
1.293093e+01
1.294001e+01
1.294908e+01
1.295816e+01
1.296724e+01
1.297631e+01
1.298539e+01
1.299447e+01
1.300354e+01
1.301262e+01
1.302170e+01
1.303077e+01
1.303985e+01
1.304893e+01
1.305800e+01
1.306708e+01
1.307616e+01
1.308523e+01
1.309431e+01
1.310339e+01
1.311247e+01
1.312154e+01
1.313062e+01
1.313970e+01
1.314877e+01
1.315785e+01
1.316693e+01
1.317600e+01
1.318508e+01
1.319416e+01
1.320323e+01
1.321231e+01
1.322139e+01
1.323046e+01
1.323954e+01
1.324862e+01
1.325769e+01
1.326677e+01
1.327585e+01
1.328493e+01
1.329400e+01
1.330308e+01
1.331216e+01
1.332123e+01
1.333031e+01
1.333939e+01
1.334846e+01
1.335754e+01
1.336662e+01
1.337569e+01
1.338477e+01
1.339385e+01
1.340292e+01
1.341200e+01
1.342108e+01
1.343015e+01
1.343923e+01
1.344831e+01
1.345739e+01
1.346646e+01
1.347554e+01
1.348462e+01
1.349369e+01
1.350277e+01
1.351185e+01
1.352092e+01
1.353000e+01
1.353916e+01
1.354832e+01
1.355748e+01
1.356664e+01
1.357581e+01
1.358497e+01
1.359413e+01
1.360329e+01
1.361245e+01
1.362161e+01
1.363077e+01
1.363993e+01
1.364909e+01
1.365826e+01
1.366742e+01
1.367658e+01
1.368574e+01
1.369490e+01
1.370406e+01
1.371322e+01
1.372238e+01
1.373155e+01
1.374071e+01
1.374987e+01
1.375903e+01
1.376819e+01
1.377735e+01
1.378651e+01
1.379567e+01
1.380483e+01
1.381400e+01
1.382316e+01
1.383232e+01
1.384148e+01
1.385064e+01
1.385980e+01
1.386896e+01
1.387812e+01
1.388728e+01
1.389645e+01
1.390561e+01
1.391477e+01
1.392393e+01
1.393309e+01
1.394225e+01
1.395141e+01
1.396057e+01
1.396974e+01
1.397890e+01
1.398806e+01
1.399722e+01
1.400638e+01
1.401554e+01
1.402470e+01
1.403386e+01
1.404302e+01
1.405219e+01
1.406135e+01
1.407051e+01
1.407967e+01
1.408883e+01
1.409799e+01
1.410715e+01
1.411631e+01
1.412547e+01
1.413464e+01
1.414380e+01
1.415296e+01
1.416212e+01
1.417128e+01
1.418044e+01
1.418960e+01
1.419876e+01
1.420793e+01
1.421709e+01
1.422625e+01
1.423541e+01
1.424457e+01
1.425373e+01
1.426289e+01
1.427205e+01
1.428121e+01
1.429038e+01
1.429954e+01
1.430870e+01
1.431786e+01
1.432702e+01
1.433618e+01
1.434534e+01
1.435450e+01
1.436366e+01
1.437283e+01
1.438199e+01
1.439115e+01
1.440031e+01
1.440947e+01
1.441863e+01
1.442779e+01
1.443695e+01
1.444611e+01
1.445528e+01
1.446444e+01
1.447360e+01
1.448276e+01
1.449192e+01
1.450108e+01
1.451024e+01
1.451940e+01
1.452857e+01
1.453773e+01
1.454689e+01
1.455605e+01
1.456521e+01
1.457437e+01
1.458353e+01
1.459269e+01
1.460185e+01
1.461102e+01
1.462018e+01
1.462934e+01
1.463850e+01
1.464766e+01
1.465682e+01
1.466598e+01
1.467514e+01
1.468430e+01
1.469347e+01
1.470263e+01
1.471179e+01
1.472095e+01
1.473011e+01
1.473927e+01
1.474843e+01
1.475759e+01
1.476675e+01
1.477592e+01
1.478508e+01
1.479424e+01
1.480340e+01
1.481256e+01
1.482172e+01
1.483088e+01
1.484004e+01
1.484921e+01
1.485837e+01
1.486753e+01
1.487669e+01
1.488585e+01
1.489501e+01
1.490417e+01
1.491333e+01
1.492249e+01
1.493166e+01
1.494082e+01
1.494998e+01
1.495914e+01
1.496830e+01
1.497746e+01
1.498662e+01
1.499578e+01
1.500494e+01
1.501411e+01
1.502327e+01
1.503243e+01
1.504159e+01
1.505075e+01
1.505991e+01
1.506907e+01
1.507823e+01
1.508740e+01
1.509656e+01
1.510572e+01
1.511488e+01
1.512404e+01
1.513320e+01
1.514236e+01
1.515152e+01
1.516068e+01
1.516985e+01
1.517901e+01
1.518817e+01
1.519733e+01
1.520649e+01
1.521565e+01
1.522481e+01
1.523397e+01
1.524313e+01
1.525230e+01
1.526146e+01
1.527062e+01
1.527978e+01
1.528894e+01
1.529810e+01
1.530726e+01
1.531642e+01
1.532559e+01
1.533475e+01
1.534391e+01
1.535307e+01
1.536223e+01
1.537139e+01
1.538055e+01
1.538971e+01
1.539887e+01
1.540804e+01
1.541720e+01
1.542636e+01
1.543552e+01
1.544468e+01
1.545384e+01
1.546300e+01
1.547216e+01
1.548132e+01
1.549049e+01
1.549965e+01
1.550881e+01
1.551797e+01
1.552713e+01
1.553629e+01
1.554545e+01
1.555461e+01
1.556377e+01
1.557294e+01
1.558210e+01
1.559126e+01
1.560042e+01
1.560958e+01
1.561874e+01
1.562790e+01
1.563706e+01
1.564623e+01
1.565539e+01
1.566455e+01
1.567371e+01
1.568287e+01
1.569203e+01
1.570119e+01
1.571035e+01
1.571951e+01
1.572868e+01
1.573784e+01
1.574700e+01
1.575616e+01
1.576532e+01
1.577448e+01
1.578364e+01
1.579280e+01
1.580196e+01
1.581113e+01
1.582029e+01
1.582945e+01
1.583861e+01
1.584777e+01
1.585693e+01
1.586609e+01
1.587525e+01
1.588441e+01
1.589358e+01
1.590274e+01
1.591190e+01
1.592106e+01
1.593022e+01
1.593938e+01
1.594854e+01
1.595770e+01
1.596687e+01
1.597603e+01
1.598519e+01
1.599435e+01
1.600351e+01
1.601267e+01
1.602183e+01
1.603099e+01
1.604015e+01
1.604932e+01
1.605848e+01
1.606764e+01
1.607680e+01
1.608596e+01
1.609512e+01
1.610428e+01
1.611344e+01
1.612260e+01
1.613177e+01
1.614093e+01
1.615009e+01
1.615925e+01
1.616841e+01
1.617757e+01
1.618673e+01
1.619589e+01
1.620506e+01
1.621422e+01
1.622338e+01
1.623254e+01
1.624170e+01
1.625086e+01
1.626002e+01
1.626918e+01
1.627834e+01
1.628751e+01
1.629667e+01
1.630590e+01
1.631513e+01
1.632436e+01
1.633359e+01
1.634282e+01
1.635206e+01
1.636129e+01
1.637052e+01
1.637975e+01
1.638898e+01
1.639821e+01
1.640745e+01
1.641668e+01
1.642591e+01
1.643514e+01
1.644437e+01
1.645360e+01
1.646284e+01
1.647207e+01
1.648130e+01
1.649053e+01
1.649976e+01
1.650899e+01
1.651823e+01
1.652746e+01
1.653669e+01
1.654592e+01
1.655515e+01
1.656438e+01
1.657362e+01
1.658285e+01
1.659208e+01
1.660131e+01
1.661054e+01
1.661977e+01
1.662900e+01
1.663824e+01
1.664747e+01
1.665670e+01
1.666593e+01
1.667516e+01
1.668439e+01
1.669363e+01
1.670286e+01
1.671209e+01
1.672132e+01
1.673055e+01
1.673978e+01
1.674902e+01
1.675825e+01
1.676748e+01
1.677671e+01
1.678594e+01
1.679517e+01
1.680441e+01
1.681364e+01
1.682287e+01
1.683210e+01
1.684133e+01
1.685056e+01
1.685980e+01
1.686903e+01
1.687826e+01
1.688749e+01
1.689672e+01
1.690595e+01
1.691519e+01
1.692442e+01
1.693365e+01
1.694288e+01
1.695211e+01
1.696134e+01
1.697057e+01
1.697981e+01
1.698904e+01
1.699827e+01
1.700750e+01
1.701673e+01
1.702596e+01
1.703520e+01
1.704443e+01
1.705366e+01
1.706289e+01
1.707212e+01
1.708135e+01
1.709059e+01
1.709982e+01
1.710905e+01
1.711828e+01
1.712751e+01
1.713674e+01
1.714598e+01
1.715521e+01
1.716444e+01
1.717367e+01
1.718290e+01
1.719213e+01
1.720137e+01
1.721060e+01
1.721983e+01
1.722906e+01
1.723829e+01
1.724752e+01
1.725676e+01
1.726599e+01
1.727522e+01
1.728445e+01
1.729368e+01
1.730291e+01
1.731214e+01
1.732138e+01
1.733061e+01
1.733984e+01
1.734907e+01
1.735830e+01
1.736753e+01
1.737677e+01
1.738600e+01
1.739523e+01
1.740446e+01
1.741369e+01
1.742292e+01
1.743216e+01
1.744139e+01
1.745062e+01
1.745985e+01
1.746908e+01
1.747831e+01
1.748755e+01
1.749678e+01
1.750601e+01
1.751524e+01
1.752447e+01
1.753370e+01
1.754294e+01
1.755217e+01
1.756140e+01
1.757063e+01
1.757986e+01
1.758909e+01
1.759833e+01
1.760756e+01
1.761679e+01
1.762602e+01
1.763525e+01
1.764448e+01
1.765371e+01
1.766295e+01
1.767218e+01
1.768141e+01
1.769064e+01
1.769987e+01
1.770910e+01
1.771834e+01
1.772757e+01
1.773680e+01
1.774603e+01
1.775526e+01
1.776449e+01
1.777373e+01
1.778296e+01
1.779219e+01
1.780142e+01
1.781065e+01
1.781988e+01
1.782912e+01
1.783835e+01
1.784758e+01
1.785681e+01
1.786604e+01
1.787527e+01
1.788451e+01
1.789374e+01
1.790297e+01
1.791220e+01
1.792143e+01
1.793066e+01
1.793989e+01
1.794913e+01
1.795836e+01
1.796759e+01
1.797682e+01
1.798605e+01
1.799528e+01
1.800452e+01
1.801375e+01
1.802298e+01
1.803221e+01
1.804144e+01
1.805067e+01
1.805991e+01
1.806914e+01
1.807837e+01
1.808760e+01
1.809683e+01
1.810606e+01
1.811530e+01
1.812453e+01
1.813376e+01
1.814299e+01
1.815222e+01
1.816147e+01
1.817072e+01
1.817997e+01
1.818922e+01
1.819846e+01
1.820771e+01
1.821696e+01
1.822621e+01
1.823546e+01
1.824470e+01
1.825395e+01
1.826320e+01
1.827245e+01
1.828170e+01
1.829095e+01
1.830019e+01
1.830944e+01
1.831869e+01
1.832794e+01
1.833719e+01
1.834643e+01
1.835568e+01
1.836493e+01
1.837418e+01
1.838343e+01
1.839268e+01
1.840192e+01
1.841117e+01
1.842042e+01
1.842967e+01
1.843892e+01
1.844816e+01
1.845741e+01
1.846666e+01
1.847591e+01
1.848516e+01
1.849441e+01
1.850365e+01
1.851290e+01
1.852215e+01
1.853140e+01
1.854065e+01
1.854989e+01
1.855914e+01
1.856839e+01
1.857764e+01
1.858689e+01
1.859614e+01
1.860538e+01
1.861463e+01
1.862388e+01
1.863313e+01
1.864238e+01
1.865163e+01
1.866087e+01
1.867012e+01
1.867937e+01
1.868862e+01
1.869787e+01
1.870711e+01
1.871636e+01
1.872561e+01
1.873486e+01
1.874411e+01
1.875336e+01
1.876260e+01
1.877185e+01
1.878110e+01
1.879035e+01
1.879960e+01
1.880884e+01
1.881809e+01
1.882734e+01
1.883659e+01
1.884584e+01
1.885509e+01
1.886433e+01
1.887358e+01
1.888283e+01
1.889208e+01
1.890133e+01
1.891057e+01
1.891982e+01
1.892907e+01
1.893832e+01
1.894757e+01
1.895682e+01
1.896606e+01
1.897531e+01
1.898456e+01
1.899381e+01
1.900306e+01
1.901231e+01
1.902155e+01
1.903080e+01
1.904005e+01
1.904930e+01
1.905855e+01
1.906779e+01
1.907704e+01
1.908629e+01
1.909554e+01
1.910479e+01
1.911404e+01
1.912328e+01
1.913253e+01
1.914178e+01
1.915103e+01
1.916028e+01
1.916952e+01
1.917877e+01
1.918802e+01
1.919727e+01
1.920652e+01
1.921577e+01
1.922501e+01
1.923426e+01
1.924351e+01
1.925276e+01
1.926201e+01
1.927125e+01
1.928050e+01
1.928975e+01
1.929900e+01
1.930825e+01
1.931750e+01
1.932674e+01
1.933599e+01
1.934524e+01
1.935449e+01
1.936374e+01
1.937299e+01
1.938223e+01
1.939148e+01
1.940073e+01
1.940998e+01
1.941923e+01
1.942847e+01
1.943772e+01
1.944697e+01
1.945622e+01
1.946547e+01
1.947472e+01
1.948396e+01
1.949321e+01
1.950246e+01
1.951171e+01
1.952096e+01
1.953020e+01
1.953945e+01
1.954870e+01
1.955795e+01
1.956720e+01
1.957645e+01
1.958569e+01
1.959494e+01
1.960419e+01
1.961344e+01
1.962269e+01
1.963193e+01
1.964118e+01
1.965043e+01
1.965968e+01
1.966893e+01
1.967818e+01
1.968742e+01
1.969667e+01
1.970592e+01
1.971517e+01
1.972442e+01
1.973367e+01
1.974291e+01
1.975216e+01
1.976141e+01
1.977066e+01
1.977991e+01
1.978915e+01
1.979840e+01
1.980765e+01
1.981690e+01
1.982615e+01
1.983540e+01
1.984464e+01
1.985389e+01
1.986314e+01
1.987239e+01
1.988164e+01
1.989088e+01
1.990013e+01
1.990938e+01
1.991863e+01
1.992788e+01
1.993713e+01
1.994637e+01
1.995562e+01
1.996487e+01
1.997412e+01
1.998337e+01
1.999261e+01
2.000186e+01
2.001111e+01
2.002041e+01
2.002971e+01
2.003900e+01
2.004830e+01
2.005760e+01
2.006689e+01
2.007619e+01
2.008549e+01
2.009479e+01
2.010408e+01
2.011338e+01
2.012268e+01
2.013198e+01
2.014127e+01
2.015057e+01
2.015987e+01
2.016916e+01
2.017846e+01
2.018776e+01
2.019706e+01
2.020635e+01
2.021565e+01
2.022495e+01
2.023425e+01
2.024354e+01
2.025284e+01
2.026214e+01
2.027143e+01
2.028073e+01
2.029003e+01
2.029933e+01
2.030862e+01
2.031792e+01
2.032722e+01
2.033652e+01
2.034581e+01
2.035511e+01
2.036441e+01
2.037370e+01
2.038300e+01
2.039230e+01
2.040160e+01
2.041089e+01
2.042019e+01
2.042949e+01
2.043879e+01
2.044808e+01
2.045738e+01
2.046668e+01
2.047598e+01
2.048527e+01
2.049457e+01
2.050387e+01
2.051316e+01
2.052246e+01
2.053176e+01
2.054106e+01
2.055035e+01
2.055965e+01
2.056895e+01
2.057825e+01
2.058754e+01
2.059684e+01
2.060614e+01
2.061543e+01
2.062473e+01
2.063403e+01
2.064333e+01
2.065262e+01
2.066192e+01
2.067122e+01
2.068052e+01
2.068981e+01
2.069911e+01
2.070841e+01
2.071770e+01
2.072700e+01
2.073630e+01
2.074560e+01
2.075489e+01
2.076419e+01
2.077349e+01
2.078279e+01
2.079208e+01
2.080138e+01
2.081068e+01
2.081997e+01
2.082927e+01
2.083857e+01
2.084787e+01
2.085716e+01
2.086646e+01
2.087576e+01
2.088506e+01
2.089435e+01
2.090365e+01
2.091295e+01
2.092224e+01
2.093154e+01
2.094084e+01
2.095014e+01
2.095943e+01
2.096873e+01
2.097803e+01
2.098733e+01
2.099662e+01
2.100592e+01
2.101522e+01
2.102451e+01
2.103381e+01
2.104311e+01
2.105241e+01
2.106170e+01
2.107100e+01
2.108030e+01
2.108960e+01
2.109889e+01
2.110819e+01
2.111749e+01
2.112678e+01
2.113608e+01
2.114538e+01
2.115468e+01
2.116397e+01
2.117327e+01
2.118257e+01
2.119187e+01
2.120116e+01
2.121046e+01
2.121976e+01
2.122905e+01
2.123835e+01
2.124765e+01
2.125695e+01
2.126624e+01
2.127554e+01
2.128484e+01
2.129414e+01
2.130343e+01
2.131273e+01
2.132203e+01
2.133132e+01
2.134062e+01
2.134992e+01
2.135922e+01
2.136851e+01
2.137781e+01
2.138711e+01
2.139641e+01
2.140570e+01
2.141500e+01
2.142430e+01
2.143359e+01
2.144289e+01
2.145219e+01
2.146149e+01
2.147078e+01
2.148008e+01
2.148938e+01
2.149868e+01
2.150797e+01
2.151727e+01
2.152657e+01
2.153586e+01
2.154516e+01
2.155446e+01
2.156376e+01
2.157305e+01
2.158235e+01
2.159165e+01
2.160095e+01
2.161024e+01
2.161954e+01
2.162884e+01
2.163813e+01
2.164743e+01
2.165673e+01
2.166603e+01
2.167532e+01
2.168462e+01
2.169392e+01
2.170322e+01
2.171251e+01
2.172181e+01
2.173111e+01
2.174040e+01
2.174970e+01
2.175900e+01
2.176830e+01
2.177759e+01
2.178689e+01
2.179619e+01
2.180549e+01
2.181478e+01
2.182408e+01
2.183338e+01
2.184267e+01
2.185197e+01
2.186127e+01
2.187057e+01
2.187986e+01
2.188916e+01
2.189846e+01
2.190776e+01
2.191705e+01
2.192635e+01
2.193565e+01
2.194494e+01
2.195424e+01
2.196354e+01
2.197284e+01
2.198213e+01
2.199143e+01
2.200073e+01
2.201003e+01
2.201932e+01
2.202862e+01
2.203792e+01
2.204721e+01
2.205651e+01
2.206581e+01
2.207511e+01
2.208440e+01
2.209370e+01
2.210300e+01
2.211230e+01
2.212159e+01
2.213089e+01
2.214019e+01
2.214948e+01
2.215878e+01
2.216808e+01
2.217738e+01
2.218667e+01
2.219597e+01
2.220527e+01
2.221457e+01
2.222386e+01
2.223316e+01
2.224246e+01
2.225176e+01
2.226105e+01
2.227035e+01
2.227965e+01
2.228894e+01
2.229824e+01
2.230754e+01
2.231684e+01
2.232613e+01
2.233543e+01
2.234473e+01
2.235403e+01
2.236332e+01
2.237262e+01
2.238192e+01
2.239121e+01
2.240051e+01
2.240981e+01
2.241911e+01
2.242840e+01
2.243770e+01
2.244700e+01
2.245630e+01
2.246559e+01
2.247489e+01
2.248419e+01
2.249348e+01
2.250278e+01
2.251208e+01
2.252138e+01
2.253067e+01
2.253997e+01
2.254927e+01
2.255857e+01
2.256786e+01
2.257716e+01
2.258646e+01
2.259575e+01
2.260505e+01
2.261435e+01
2.262365e+01
2.263294e+01
2.264224e+01
2.265154e+01
2.266084e+01
2.267013e+01
2.267943e+01
2.268873e+01
2.269802e+01
2.270732e+01
2.271662e+01
2.272592e+01
2.273521e+01
2.274451e+01
2.275381e+01
2.276311e+01
2.277240e+01
2.278170e+01
2.279100e+01
2.280029e+01
2.280959e+01
2.281889e+01
2.282805e+01
2.283722e+01
2.284639e+01
2.285555e+01
2.286472e+01
2.287388e+01
2.288305e+01
2.289221e+01
2.290138e+01
2.291054e+01
2.291971e+01
2.292888e+01
2.293804e+01
2.294721e+01
2.295637e+01
2.296554e+01
2.297470e+01
2.298387e+01
2.299303e+01
2.300220e+01
2.301137e+01
2.302053e+01
2.302970e+01
2.303886e+01
2.304803e+01
2.305719e+01
2.306636e+01
2.307552e+01
2.308469e+01
2.309386e+01
2.310302e+01
2.311219e+01
2.312135e+01
2.313052e+01
2.313968e+01
2.314885e+01
2.315801e+01
2.316718e+01
2.317635e+01
2.318551e+01
2.319468e+01
2.320384e+01
2.321301e+01
2.322217e+01
2.323134e+01
2.324050e+01
2.324967e+01
2.325884e+01
2.326800e+01
2.327717e+01
2.328633e+01
2.329550e+01
2.330466e+01
2.331383e+01
2.332299e+01
2.333216e+01
2.334133e+01
2.335049e+01
2.335966e+01
2.336882e+01
2.337799e+01
2.338715e+01
2.339632e+01
2.340548e+01
2.341465e+01
2.342382e+01
2.343298e+01
2.344215e+01
2.345131e+01
2.346048e+01
2.346964e+01
2.347881e+01
2.348797e+01
2.349714e+01
2.350631e+01
2.351547e+01
2.352464e+01
2.353380e+01
2.354297e+01
2.355213e+01
2.356130e+01
2.357046e+01
2.357963e+01
2.358880e+01
2.359796e+01
2.360713e+01
2.361629e+01
2.362546e+01
2.363462e+01
2.364379e+01
2.365295e+01
2.366212e+01
2.367129e+01
2.368045e+01
2.368962e+01
2.369878e+01
2.370795e+01
2.371711e+01
2.372628e+01
2.373544e+01
2.374461e+01
2.375378e+01
2.376294e+01
2.377211e+01
2.378127e+01
2.379044e+01
2.379960e+01
2.380877e+01
2.381793e+01
2.382710e+01
2.383627e+01
2.384543e+01
2.385460e+01
2.386376e+01
2.387293e+01
2.388209e+01
2.389126e+01
2.390043e+01
2.390959e+01
2.391876e+01
2.392792e+01
2.393709e+01
2.394625e+01
2.395542e+01
2.396458e+01
2.397375e+01
2.398292e+01
2.399208e+01
2.400125e+01
2.401041e+01
2.401958e+01
2.402874e+01
2.403791e+01
2.404707e+01
2.405624e+01
2.406541e+01
2.407457e+01
2.408374e+01
2.409290e+01
2.410207e+01
2.411123e+01
2.412040e+01
2.412956e+01
2.413873e+01
2.414790e+01
2.415706e+01
2.416623e+01
2.417539e+01
2.418456e+01
2.419372e+01
2.420289e+01
2.421205e+01
2.422122e+01
2.423039e+01
2.423955e+01
2.424872e+01
2.425788e+01
2.426705e+01
2.427621e+01
2.428538e+01
2.429454e+01
2.430371e+01
2.431288e+01
2.432204e+01
2.433121e+01
2.434037e+01
2.434954e+01
2.435870e+01
2.436787e+01
2.437703e+01
2.438620e+01
2.439537e+01
2.440453e+01
2.441370e+01
2.442286e+01
2.443203e+01
2.444119e+01
2.445036e+01
2.445952e+01
2.446869e+01
2.447786e+01
2.448702e+01
2.449619e+01
2.450535e+01
2.451452e+01
2.452368e+01
2.453285e+01
2.454201e+01
2.455118e+01
2.456035e+01
2.456951e+01
2.457868e+01
2.458784e+01
2.459701e+01
2.460617e+01
2.461534e+01
2.462450e+01
2.463367e+01
2.464284e+01
2.465200e+01
2.466117e+01
2.467033e+01
2.467950e+01
2.468866e+01
2.469783e+01
2.470699e+01
2.471616e+01
2.472533e+01
2.473449e+01
2.474366e+01
2.475282e+01
2.476199e+01
2.477115e+01
2.478032e+01
2.478948e+01
2.479865e+01
2.480782e+01
2.481698e+01
2.482615e+01
2.483531e+01
2.484448e+01
2.485364e+01
2.486281e+01
2.487197e+01
2.488114e+01
2.489031e+01
2.489947e+01
2.490864e+01
2.491780e+01
2.492697e+01
2.493613e+01
2.494530e+01
2.495446e+01
2.496363e+01
2.497280e+01
2.498196e+01
2.499113e+01
2.500029e+01
2.500946e+01
2.501862e+01
2.502779e+01
2.503695e+01
2.504612e+01
2.505529e+01
2.506445e+01
2.507362e+01
2.508278e+01
2.509195e+01
2.510111e+01
2.511028e+01
2.511944e+01
2.512861e+01
2.513778e+01
2.514694e+01
2.515611e+01
2.516527e+01
2.517444e+01
2.518360e+01
2.519277e+01
2.520193e+01
2.521110e+01
2.522027e+01
2.522943e+01
2.523860e+01
2.524776e+01
2.525693e+01
2.526609e+01
2.527526e+01
2.528442e+01
2.529359e+01
2.530276e+01
2.531192e+01
2.532109e+01
2.533025e+01
2.533942e+01
2.534858e+01
2.535775e+01
2.536691e+01
2.537608e+01
2.538525e+01
2.539441e+01
2.540358e+01
2.541274e+01
2.542191e+01
2.543107e+01
2.544024e+01
2.544940e+01
2.545857e+01
2.546774e+01
2.547690e+01
2.548607e+01
2.549523e+01
2.550440e+01
2.551356e+01
2.552273e+01
2.553189e+01
2.554106e+01
2.555023e+01
2.555939e+01
2.556856e+01
2.557772e+01
2.558689e+01
2.559605e+01
2.560522e+01
2.561438e+01
2.562355e+01
2.563272e+01
2.564188e+01
2.565105e+01
2.566021e+01
2.566938e+01
2.567854e+01
2.568771e+01
2.569687e+01
2.570604e+01
2.571521e+01
2.572437e+01
2.573354e+01
2.574270e+01
2.575187e+01
2.576103e+01
2.577020e+01
2.577936e+01
2.578853e+01
2.579770e+01
2.580686e+01
2.581603e+01
2.582519e+01
2.583436e+01
2.584352e+01
2.585269e+01
2.586185e+01
2.587102e+01
2.588019e+01
2.588935e+01
2.589852e+01
2.590768e+01
2.591685e+01
2.592601e+01
2.593518e+01
2.594434e+01
2.595351e+01
2.596268e+01
2.597184e+01
2.598101e+01
2.599017e+01
2.599934e+01
2.600850e+01
2.601767e+01
2.602683e+01
2.603600e+01
2.604517e+01
2.605433e+01
2.606350e+01
2.607266e+01
2.608183e+01
2.609099e+01
2.610016e+01
2.610932e+01
2.611849e+01
2.612766e+01
2.613682e+01
2.614599e+01
2.615515e+01
2.616432e+01
2.617348e+01
2.618265e+01
2.619182e+01
2.620098e+01
2.621015e+01
2.621931e+01
2.622848e+01
2.623764e+01
2.624681e+01
2.625597e+01
2.626514e+01
2.627431e+01
2.628347e+01
2.629264e+01
2.630180e+01
2.631097e+01
2.632013e+01
2.632930e+01
2.633846e+01
2.634763e+01
2.635680e+01
2.636596e+01
2.637513e+01
2.638429e+01
2.639346e+01
2.640262e+01
2.641179e+01
2.642095e+01
2.643012e+01
2.643929e+01
2.644845e+01
2.645762e+01
2.646678e+01
2.647595e+01
2.648511e+01
2.649428e+01
2.650344e+01
2.651261e+01
2.652178e+01
2.653094e+01
2.654011e+01
2.654927e+01
2.655844e+01
2.656760e+01
2.657677e+01
2.658593e+01
2.659510e+01
2.660427e+01
2.661343e+01
2.662260e+01
2.663176e+01
2.664093e+01
2.665009e+01
2.665926e+01
2.666842e+01
2.667759e+01
2.668676e+01
2.669592e+01
2.670509e+01
2.671425e+01
2.672342e+01
2.673258e+01
2.674175e+01
2.675091e+01
2.676008e+01
2.676925e+01
2.677841e+01
2.678758e+01
2.679674e+01
2.680591e+01
2.681507e+01
2.682424e+01
2.683340e+01
2.684257e+01
2.685174e+01
2.686090e+01
2.687007e+01
2.687923e+01
2.688840e+01
2.689756e+01
2.690673e+01
2.691589e+01
2.692506e+01
2.693423e+01
2.694339e+01
2.695256e+01
2.696172e+01
2.697089e+01
2.698005e+01
2.698922e+01
2.699838e+01
2.700755e+01
2.701672e+01
2.702588e+01
2.703505e+01
2.704421e+01
2.705338e+01
2.706254e+01
2.707171e+01
2.708087e+01
2.709004e+01
2.709921e+01
2.710837e+01
2.711754e+01
2.712670e+01
2.713587e+01
2.714503e+01
2.715420e+01
2.716336e+01
2.717253e+01
2.718170e+01
2.719086e+01
2.720003e+01
2.720919e+01
2.721836e+01
2.722752e+01
2.723669e+01
2.724585e+01
2.725502e+01
2.726419e+01
2.727335e+01
2.728252e+01
2.729168e+01
2.730085e+01
2.731001e+01
2.731918e+01
2.732834e+01
2.733751e+01
2.734668e+01
2.735584e+01
2.736501e+01
2.737417e+01
2.738334e+01
2.739250e+01
2.740167e+01
2.741083e+01
2.742000e+01
2.742858e+01
2.743716e+01
2.744574e+01
2.745432e+01
2.746290e+01
2.747148e+01
2.748006e+01
2.748864e+01
2.749722e+01
2.750580e+01
2.751438e+01
2.752296e+01
2.753154e+01
2.754011e+01
2.754869e+01
2.755727e+01
2.756585e+01
2.757443e+01
2.758301e+01
2.759159e+01
2.760017e+01
2.760875e+01
2.761733e+01
2.762591e+01
2.763449e+01
2.764307e+01
2.765165e+01
2.766023e+01
2.766881e+01
2.767739e+01
2.768597e+01
2.769455e+01
2.770313e+01
2.771171e+01
2.772029e+01
2.772887e+01
2.773745e+01
2.774603e+01
2.775461e+01
2.776319e+01
2.777177e+01
2.778034e+01
2.778892e+01
2.779750e+01
2.780608e+01
2.781466e+01
2.782324e+01
2.783182e+01
2.784040e+01
2.784898e+01
2.785756e+01
2.786614e+01
2.787472e+01
2.788330e+01
2.789188e+01
2.790046e+01
2.790904e+01
2.791762e+01
2.792620e+01
2.793478e+01
2.794336e+01
2.795194e+01
2.796052e+01
2.796910e+01
2.797768e+01
2.798626e+01
2.799484e+01
2.800342e+01
2.801199e+01
2.802057e+01
2.802915e+01
2.803773e+01
2.804631e+01
2.805489e+01
2.806347e+01
2.807205e+01
2.808063e+01
2.808921e+01
2.809779e+01
2.810637e+01
2.811495e+01
2.812353e+01
2.813211e+01
2.814069e+01
2.814927e+01
2.815785e+01
2.816643e+01
2.817501e+01
2.818359e+01
2.819217e+01
2.820075e+01
2.820933e+01
2.821791e+01
2.822649e+01
2.823507e+01
2.824364e+01
2.825222e+01
2.826080e+01
2.826938e+01
2.827796e+01
2.828654e+01
2.829512e+01
2.830370e+01
2.831228e+01
2.832086e+01
2.832944e+01
2.833802e+01
2.834660e+01
2.835518e+01
2.836376e+01
2.837234e+01
2.838092e+01
2.838950e+01
2.839808e+01
2.840666e+01
2.841524e+01
2.842382e+01
2.843240e+01
2.844098e+01
2.844956e+01
2.845814e+01
2.846672e+01
2.847529e+01
2.848387e+01
2.849245e+01
2.850103e+01
2.850961e+01
2.851819e+01
2.852677e+01
2.853535e+01
2.854393e+01
2.855251e+01
2.856109e+01
2.856967e+01
2.857825e+01
2.858683e+01
2.859541e+01
2.860399e+01
2.861257e+01
2.862115e+01
2.862973e+01
2.863831e+01
2.864689e+01
2.865547e+01
2.866405e+01
2.867263e+01
2.868121e+01
2.868979e+01
2.869837e+01
2.870695e+01
2.871552e+01
2.872410e+01
2.873268e+01
2.874126e+01
2.874984e+01
2.875842e+01
2.876700e+01
2.877558e+01
2.878416e+01
2.879274e+01
2.880132e+01
2.880990e+01
2.881848e+01
2.882706e+01
2.883564e+01
2.884422e+01
2.885280e+01
2.886138e+01
2.886996e+01
2.887854e+01
2.888712e+01
2.889570e+01
2.890428e+01
2.891286e+01
2.892144e+01
2.893002e+01
2.893860e+01
2.894717e+01
2.895575e+01
2.896433e+01
2.897291e+01
2.898149e+01
2.899007e+01
2.899865e+01
2.900723e+01
2.901581e+01
2.902439e+01
2.903297e+01
2.904155e+01
2.905013e+01
2.905871e+01
2.906729e+01
2.907587e+01
2.908445e+01
2.909303e+01
2.910161e+01
2.911019e+01
2.911877e+01
2.912735e+01
2.913593e+01
2.914451e+01
2.915309e+01
2.916167e+01
2.917025e+01
2.917882e+01
2.918740e+01
2.919598e+01
2.920456e+01
2.921314e+01
2.922172e+01
2.923030e+01
2.923888e+01
2.924746e+01
2.925604e+01
2.926462e+01
2.927320e+01
2.928178e+01
2.929036e+01
2.929894e+01
2.930752e+01
2.931610e+01
2.932468e+01
2.933326e+01
2.934184e+01
2.935042e+01
2.935900e+01
2.936758e+01
2.937616e+01
2.938474e+01
2.939332e+01
2.940190e+01
2.941047e+01
2.941905e+01
2.942763e+01
2.943621e+01
2.944479e+01
2.945337e+01
2.946195e+01
2.947053e+01
2.947911e+01
2.948769e+01
2.949627e+01
2.950485e+01
2.951343e+01
2.952201e+01
2.953059e+01
2.953917e+01
2.954775e+01
2.955633e+01
2.956491e+01
2.957349e+01
2.958207e+01
2.959065e+01
2.959923e+01
2.960781e+01
2.961639e+01
2.962497e+01
2.963355e+01
2.964213e+01
2.965070e+01
2.965928e+01
2.966786e+01
2.967644e+01
2.968502e+01
2.969360e+01
2.970218e+01
2.971076e+01
2.971934e+01
2.972792e+01
2.973650e+01
2.974508e+01
2.975366e+01
2.976224e+01
2.977082e+01
2.977940e+01
2.978798e+01
2.979656e+01
2.980514e+01
2.981372e+01
2.982230e+01
2.983088e+01
2.983946e+01
2.984804e+01
2.985662e+01
2.986520e+01
2.987378e+01
2.988235e+01
2.989093e+01
2.989951e+01
2.990809e+01
2.991667e+01
2.992525e+01
2.993383e+01
2.994241e+01
2.995099e+01
2.995957e+01
2.996815e+01
2.997673e+01
2.998531e+01
2.999389e+01
3.000247e+01
3.001105e+01
3.001963e+01
3.002821e+01
3.003679e+01
3.004537e+01
3.005395e+01
3.006253e+01
3.007111e+01
3.007969e+01
3.008827e+01
3.009685e+01
3.010543e+01
3.011400e+01
3.012258e+01
3.013116e+01
3.013974e+01
3.014832e+01
3.015690e+01
3.016548e+01
3.017406e+01
3.018264e+01
3.019122e+01
3.019980e+01
3.020838e+01
3.021696e+01
3.022554e+01
3.023412e+01
3.024270e+01
3.025128e+01
3.025986e+01
3.026844e+01
3.027702e+01
3.028560e+01
3.029418e+01
3.030276e+01
3.031134e+01
3.031992e+01
3.032850e+01
3.033708e+01
3.034566e+01
3.035423e+01
3.036281e+01
3.037139e+01
3.037997e+01
3.038855e+01
3.039713e+01
3.040571e+01
3.041429e+01
3.042287e+01
3.043145e+01
3.044003e+01
3.044861e+01
3.045719e+01
3.046577e+01
3.047435e+01
3.048293e+01
3.049151e+01
3.050009e+01
3.050867e+01
3.051725e+01
3.052583e+01
3.053441e+01
3.054299e+01
3.055157e+01
3.056015e+01
3.056873e+01
3.057731e+01
3.058588e+01
3.059446e+01
3.060304e+01
3.061162e+01
3.062020e+01
3.062878e+01
3.063736e+01
3.064594e+01
3.065452e+01
3.066310e+01
3.067168e+01
3.068026e+01
3.068884e+01
3.069742e+01
3.070600e+01
3.071458e+01
3.072316e+01
3.073174e+01
3.074032e+01
3.074890e+01
3.075748e+01
3.076606e+01
3.077464e+01
3.078322e+01
3.079180e+01
3.080038e+01
3.080896e+01
3.081753e+01
3.082611e+01
3.083469e+01
3.084327e+01
3.085185e+01
3.086043e+01
3.086901e+01
3.087759e+01
3.088617e+01
3.089475e+01
3.090333e+01
3.091191e+01
3.092049e+01
3.092907e+01
3.093765e+01
3.094623e+01
3.095481e+01
3.096339e+01
3.097197e+01
3.098055e+01
3.098913e+01
3.099771e+01
3.100629e+01
3.101487e+01
3.102345e+01
3.103203e+01
3.104061e+01
3.104918e+01
3.105776e+01
3.106634e+01
3.107492e+01
3.108350e+01
3.109208e+01
3.110066e+01
3.110924e+01
3.111782e+01
3.112640e+01
3.113498e+01
3.114356e+01
3.115214e+01
3.116072e+01
3.116930e+01
3.117788e+01
3.118646e+01
3.119504e+01
3.120362e+01
3.121220e+01
3.122078e+01
3.122936e+01
3.123794e+01
3.124652e+01
3.125510e+01
3.126368e+01
3.127226e+01
3.128083e+01
3.128941e+01
3.129799e+01
3.130657e+01
3.131515e+01
3.132373e+01
3.133231e+01
3.134089e+01
3.134947e+01
3.135805e+01
3.136663e+01
3.137521e+01
3.138379e+01
3.139237e+01
3.140095e+01
3.140953e+01
3.141811e+01
3.142669e+01
3.143527e+01
3.144385e+01
3.145243e+01
3.146101e+01
3.146959e+01
3.147817e+01
3.148675e+01
3.149533e+01
3.150391e+01
3.151249e+01
3.152106e+01
3.152964e+01
3.153822e+01
3.154680e+01
3.155538e+01
3.156396e+01
3.157254e+01
3.158112e+01
3.158970e+01
3.159828e+01
3.160686e+01
3.161544e+01
3.162402e+01
3.163260e+01
3.164118e+01
3.164976e+01
3.165834e+01
3.166692e+01
3.167550e+01
3.168408e+01
3.169266e+01
3.170124e+01
3.170982e+01
3.171840e+01
3.172698e+01
3.173556e+01
3.174438e+01
3.175320e+01
3.176202e+01
3.177084e+01
3.177966e+01
3.178848e+01
3.179730e+01
3.180612e+01
3.181494e+01
3.182376e+01
3.183258e+01
3.184140e+01
3.185022e+01
3.185904e+01
3.186786e+01
3.187668e+01
3.188550e+01
3.189432e+01
3.190314e+01
3.191196e+01
3.192078e+01
3.192960e+01
3.193843e+01
3.194725e+01
3.195607e+01
3.196489e+01
3.197371e+01
3.198253e+01
3.199135e+01
3.200017e+01
3.200899e+01
3.201781e+01
3.202663e+01
3.203545e+01
3.204427e+01
3.205309e+01
3.206191e+01
3.207073e+01
3.207955e+01
3.208837e+01
3.209719e+01
3.210601e+01
3.211483e+01
3.212365e+01
3.213247e+01
3.214129e+01
3.215011e+01
3.215894e+01
3.216776e+01
3.217658e+01
3.218540e+01
3.219422e+01
3.220304e+01
3.221186e+01
3.222068e+01
3.222950e+01
3.223832e+01
3.224714e+01
3.225596e+01
3.226478e+01
3.227360e+01
3.228242e+01
3.229124e+01
3.230006e+01
3.230888e+01
3.231770e+01
3.232652e+01
3.233534e+01
3.234416e+01
3.235298e+01
3.236180e+01
3.237063e+01
3.237945e+01
3.238827e+01
3.239709e+01
3.240591e+01
3.241473e+01
3.242355e+01
3.243237e+01
3.244119e+01
3.245001e+01
3.245883e+01
3.246765e+01
3.247647e+01
3.248529e+01
3.249411e+01
3.250293e+01
3.251175e+01
3.252057e+01
3.252939e+01
3.253821e+01
3.254703e+01
3.255585e+01
3.256467e+01
3.257349e+01
3.258232e+01
3.259114e+01
3.259996e+01
3.260878e+01
3.261760e+01
3.262642e+01
3.263524e+01
3.264406e+01
3.265288e+01
3.266170e+01
3.267052e+01
3.267934e+01
3.268816e+01
3.269698e+01
3.270580e+01
3.271462e+01
3.272344e+01
3.273226e+01
3.274108e+01
3.274990e+01
3.275872e+01
3.276754e+01
3.277636e+01
3.278518e+01
3.279400e+01
3.280283e+01
3.281165e+01
3.282047e+01
3.282929e+01
3.283811e+01
3.284693e+01
3.285575e+01
3.286457e+01
3.287339e+01
3.288221e+01
3.289103e+01
3.289985e+01
3.290867e+01
3.291749e+01
3.292631e+01
3.293513e+01
3.294395e+01
3.295277e+01
3.296159e+01
3.297041e+01
3.297923e+01
3.298805e+01
3.299687e+01
3.300569e+01
3.301452e+01
3.302334e+01
3.303216e+01
3.304098e+01
3.304980e+01
3.305862e+01
3.306744e+01
3.307626e+01
3.308508e+01
3.309390e+01
3.310272e+01
3.311154e+01
3.312036e+01
3.312918e+01
3.313800e+01
3.314682e+01
3.315564e+01
3.316446e+01
3.317328e+01
3.318210e+01
3.319092e+01
3.319974e+01
3.320856e+01
3.321738e+01
3.322621e+01
3.323503e+01
3.324385e+01
3.325267e+01
3.326149e+01
3.327031e+01
3.327913e+01
3.328795e+01
3.329677e+01
3.330559e+01
3.331441e+01
3.332323e+01
3.333205e+01
3.334087e+01
3.334969e+01
3.335851e+01
3.336733e+01
3.337615e+01
3.338497e+01
3.339379e+01
3.340261e+01
3.341143e+01
3.342025e+01
3.342907e+01
3.343789e+01
3.344672e+01
3.345554e+01
3.346436e+01
3.347318e+01
3.348200e+01
3.349082e+01
3.349964e+01
3.350846e+01
3.351728e+01
3.352610e+01
3.353492e+01
3.354374e+01
3.355256e+01
3.356138e+01
3.357020e+01
3.357902e+01
3.358784e+01
3.359666e+01
3.360548e+01
3.361430e+01
3.362312e+01
3.363194e+01
3.364076e+01
3.364958e+01
3.365841e+01
3.366723e+01
3.367605e+01
3.368487e+01
3.369369e+01
3.370251e+01
3.371133e+01
3.372015e+01
3.372897e+01
3.373779e+01
3.374661e+01
3.375543e+01
3.376425e+01
3.377307e+01
3.378189e+01
3.379071e+01
3.379953e+01
3.380835e+01
3.381717e+01
3.382599e+01
3.383481e+01
3.384363e+01
3.385245e+01
3.386127e+01
3.387009e+01
3.387892e+01
3.388774e+01
3.389656e+01
3.390538e+01
3.391420e+01
3.392302e+01
3.393184e+01
3.394066e+01
3.394948e+01
3.395830e+01
3.396712e+01
3.397594e+01
3.398476e+01
3.399358e+01
3.400240e+01
3.401122e+01
3.402004e+01
3.402886e+01
3.403768e+01
3.404650e+01
3.405532e+01
3.406414e+01
3.407296e+01
3.408178e+01
3.409061e+01
3.409943e+01
3.410825e+01
3.411707e+01
3.412589e+01
3.413471e+01
3.414353e+01
3.415235e+01
3.416117e+01
3.416999e+01
3.417881e+01
3.418763e+01
3.419645e+01
3.420527e+01
3.421409e+01
3.422291e+01
3.423173e+01
3.424055e+01
3.424937e+01
3.425819e+01
3.426701e+01
3.427583e+01
3.428465e+01
3.429347e+01
3.430230e+01
3.431112e+01
3.431994e+01
3.432876e+01
3.433758e+01
3.434640e+01
3.435522e+01
3.436404e+01
3.437286e+01
3.438168e+01
3.439050e+01
3.439932e+01
3.440814e+01
3.441696e+01
3.442578e+01
3.443460e+01
3.444342e+01
3.445224e+01
3.446106e+01
3.446988e+01
3.447870e+01
3.448752e+01
3.449634e+01
3.450516e+01
3.451399e+01
3.452281e+01
3.453163e+01
3.454045e+01
3.454927e+01
3.455809e+01
3.456691e+01
3.457573e+01
3.458455e+01
3.459337e+01
3.460219e+01
3.461101e+01
3.461983e+01
3.462865e+01
3.463747e+01
3.464629e+01
3.465511e+01
3.466393e+01
3.467275e+01
3.468157e+01
3.469039e+01
3.469921e+01
3.470803e+01
3.471685e+01
3.472567e+01
3.473450e+01
3.474332e+01
3.475214e+01
3.476096e+01
3.476978e+01
3.477860e+01
3.478742e+01
3.479624e+01
3.480506e+01
3.481388e+01
3.482270e+01
3.483152e+01
3.484034e+01
3.484916e+01
3.485798e+01
3.486680e+01
3.487562e+01
3.488444e+01
3.489326e+01
3.490208e+01
3.491090e+01
3.491972e+01
3.492854e+01
3.493736e+01
3.494619e+01
3.495501e+01
3.496383e+01
3.497265e+01
3.498147e+01
3.499029e+01
3.499911e+01
3.500793e+01
3.501675e+01
3.502557e+01
3.503439e+01
3.504321e+01
3.505203e+01
3.506085e+01
3.506967e+01
3.507849e+01
3.508731e+01
3.509613e+01
3.510495e+01
3.511377e+01
3.512259e+01
3.513141e+01
3.514023e+01
3.514905e+01
3.515788e+01
3.516670e+01
3.517552e+01
3.518434e+01
3.519316e+01
3.520198e+01
3.521080e+01
3.521962e+01
3.522844e+01
3.523726e+01
3.524608e+01
3.525490e+01
3.526372e+01
3.527254e+01
3.528136e+01
3.529018e+01
3.529900e+01
3.530782e+01
3.531664e+01
3.532546e+01
3.533428e+01
3.534310e+01
3.535192e+01
3.536074e+01
3.536956e+01
3.537839e+01
3.538721e+01
3.539603e+01
3.540485e+01
3.541367e+01
3.542249e+01
3.543131e+01
3.544013e+01
3.544895e+01
3.545777e+01
3.546659e+01
3.547541e+01
3.548423e+01
3.549305e+01
3.550187e+01
3.551069e+01
3.551951e+01
3.552833e+01
3.553715e+01
3.554597e+01
3.555479e+01
3.556361e+01
3.557243e+01
3.558125e+01
3.559008e+01
3.559890e+01
3.560772e+01
3.561654e+01
3.562536e+01
3.563418e+01
3.564300e+01
3.565182e+01
3.566064e+01
3.566946e+01
3.567828e+01
3.568710e+01
3.569592e+01
3.570474e+01
3.571356e+01
3.572238e+01
3.573120e+01
3.574002e+01
3.574884e+01
3.575766e+01
3.576648e+01
3.577530e+01
3.578412e+01
3.579294e+01
3.580176e+01
3.581059e+01
3.581941e+01
3.582823e+01
3.583705e+01
3.584587e+01
3.585469e+01
3.586351e+01
3.587233e+01
3.588115e+01
3.588997e+01
3.589879e+01
3.590761e+01
3.591643e+01
3.592525e+01
3.593407e+01
3.594289e+01
3.595171e+01
3.596053e+01
3.596935e+01
3.597817e+01
