5.800000e-01
5.803331e-01
5.806669e-01
5.810000e-01
5.813331e-01
5.816669e-01
5.820000e-01
5.823331e-01
5.826669e-01
5.830000e-01
5.833331e-01
5.836669e-01
5.840000e-01
5.843331e-01
5.846669e-01
5.850000e-01
5.853331e-01
5.856669e-01
5.860000e-01
5.863331e-01
5.866669e-01
5.870000e-01
5.873331e-01
5.876669e-01
5.880000e-01
5.883331e-01
5.886669e-01
5.890000e-01
5.893331e-01
5.896669e-01
5.900000e-01
5.900000e-01
5.900000e-01
5.900000e-01
5.900000e-01
5.900000e-01
5.900000e-01
5.900000e-01
5.900000e-01
5.900000e-01
5.900000e-01
5.900000e-01
5.900000e-01
5.900000e-01
5.900000e-01
5.900000e-01
5.900000e-01
5.900000e-01
5.900000e-01
5.900000e-01
5.900000e-01
5.900917e-01
5.901833e-01
5.902750e-01
5.903667e-01
5.904583e-01
5.905500e-01
5.906417e-01
5.907333e-01
5.908250e-01
5.909167e-01
5.910083e-01
5.911000e-01
5.911917e-01
5.912833e-01
5.913750e-01
5.914667e-01
5.915583e-01
5.916500e-01
5.915003e-01
5.918333e-01
5.921664e-01
5.925003e-01
5.928333e-01
5.931664e-01
5.935003e-01
5.938333e-01
5.941664e-01
5.945003e-01
5.948333e-01
5.951664e-01
5.955003e-01
5.958333e-01
5.961664e-01
5.965003e-01
5.968333e-01
5.971664e-01
5.975003e-01
5.978333e-01
5.981664e-01
5.985003e-01
5.988333e-01
5.991664e-01
5.995003e-01
5.998333e-01
6.001664e-01
6.005003e-01
6.008333e-01
6.011664e-01
6.015003e-01
6.018333e-01
6.019067e-01
6.019800e-01
6.020533e-01
6.021267e-01
6.022000e-01
6.022733e-01
6.023467e-01
6.024200e-01
6.024933e-01
6.025667e-01
6.026400e-01
6.027133e-01
6.027867e-01
6.028600e-01
6.029333e-01
6.030067e-01
6.030800e-01
6.031533e-01
6.032267e-01
6.033000e-01
6.033733e-01
6.034467e-01
6.035200e-01
6.035933e-01
6.036667e-01
6.037400e-01
6.038133e-01
6.038867e-01
6.039600e-01
6.040333e-01
6.041067e-01
6.041800e-01
6.042533e-01
6.043267e-01
6.044000e-01
6.044733e-01
6.045467e-01
6.046200e-01
6.046933e-01
6.047667e-01
6.048400e-01
6.049133e-01
6.049867e-01
6.050600e-01
6.051333e-01
6.052067e-01
6.052800e-01
6.053533e-01
6.054267e-01
6.055000e-01
6.058633e-01
6.062267e-01
6.065900e-01
6.069533e-01
6.073167e-01
6.076800e-01
6.080433e-01
6.084067e-01
6.087700e-01
6.091333e-01
6.094967e-01
6.098600e-01
6.102233e-01
6.105867e-01
6.109500e-01
6.113133e-01
6.116767e-01
6.120400e-01
6.124033e-01
6.127667e-01
6.131300e-01
6.134933e-01
6.138567e-01
6.142200e-01
6.145833e-01
6.149467e-01
6.153100e-01
6.156733e-01
6.160367e-01
6.164000e-01
6.167633e-01
6.171267e-01
6.174900e-01
6.178533e-01
6.182167e-01
6.185800e-01
6.189433e-01
6.193067e-01
6.196700e-01
6.200333e-01
6.203967e-01
6.207600e-01
6.211233e-01
6.214867e-01
6.218500e-01
6.222133e-01
6.225767e-01
6.229400e-01
6.233033e-01
6.236667e-01
6.255317e-01
6.273967e-01
6.292617e-01
6.311267e-01
6.329917e-01
6.348567e-01
6.367217e-01
6.385867e-01
6.404517e-01
6.423167e-01
6.441817e-01
6.460467e-01
6.479117e-01
6.497767e-01
6.516417e-01
6.535067e-01
6.553717e-01
6.572367e-01
6.591017e-01
6.609667e-01
6.628317e-01
6.646967e-01
6.665617e-01
6.684267e-01
6.702917e-01
6.721567e-01
6.740217e-01
6.758867e-01
6.777517e-01
6.796167e-01
6.814817e-01
6.833467e-01
6.852117e-01
6.870767e-01
6.889417e-01
6.908067e-01
6.926717e-01
6.945367e-01
6.964017e-01
6.982667e-01
7.001317e-01
7.019967e-01
7.038617e-01
7.057267e-01
7.075917e-01
7.094567e-01
7.113217e-01
7.131867e-01
7.150517e-01
7.169167e-01
7.187817e-01
7.206467e-01
7.225117e-01
7.243767e-01
7.262417e-01
7.281067e-01
7.299717e-01
7.318367e-01
7.337017e-01
7.355667e-01
7.374317e-01
7.392967e-01
7.411617e-01
7.430267e-01
7.448917e-01
7.467567e-01
7.486217e-01
7.504867e-01
7.523517e-01
7.542167e-01
7.560817e-01
7.579467e-01
7.598117e-01
7.616767e-01
7.635417e-01
7.654067e-01
7.672717e-01
7.691367e-01
7.710017e-01
7.728667e-01
7.747317e-01
7.765967e-01
7.784617e-01
7.803267e-01
7.821917e-01
7.840567e-01
7.859217e-01
7.877867e-01
7.896517e-01
7.915167e-01
7.933817e-01
7.952467e-01
7.971117e-01
7.989767e-01
8.008417e-01
8.027067e-01
8.045717e-01
8.064367e-01
8.083017e-01
8.101667e-01
8.113567e-01
8.125467e-01
8.137367e-01
8.149267e-01
8.161167e-01
8.173067e-01
8.184967e-01
8.196867e-01
8.208767e-01
8.220667e-01
8.232567e-01
8.244467e-01
8.256367e-01
8.268267e-01
8.280167e-01
8.292067e-01
8.303967e-01
8.315867e-01
8.327767e-01
8.339667e-01
8.351567e-01
8.363467e-01
8.375367e-01
8.387267e-01
8.399167e-01
8.411067e-01
8.422967e-01
8.434867e-01
8.446767e-01
8.458667e-01
8.470567e-01
8.482467e-01
8.494367e-01
8.506267e-01
8.518167e-01
8.530067e-01
8.541967e-01
8.553867e-01
8.565767e-01
8.577667e-01
8.589567e-01
8.601467e-01
8.613367e-01
8.625267e-01
8.637167e-01
8.649067e-01
8.660967e-01
8.672867e-01
8.684767e-01
8.696667e-01
8.708567e-01
8.720467e-01
8.732367e-01
8.744267e-01
8.756167e-01
8.768067e-01
8.779967e-01
8.791867e-01
8.803767e-01
8.815667e-01
8.827567e-01
8.839467e-01
8.851367e-01
8.863267e-01
8.875167e-01
8.887067e-01
8.898967e-01
8.910867e-01
8.922767e-01
8.934667e-01
8.946567e-01
8.958467e-01
8.970367e-01
8.982267e-01
8.994167e-01
9.006067e-01
9.017967e-01
9.029867e-01
9.041767e-01
9.053667e-01
9.065567e-01
9.077467e-01
9.089367e-01
9.101267e-01
9.113167e-01
9.125067e-01
9.136967e-01
9.148867e-01
9.160767e-01
9.172667e-01
9.184567e-01
9.196467e-01
9.208367e-01
9.220267e-01
9.232167e-01
9.244067e-01
9.255967e-01
9.267867e-01
9.279767e-01
9.291667e-01
9.299075e-01
9.306483e-01
9.313892e-01
9.321300e-01
9.328708e-01
9.336117e-01
9.343525e-01
9.350933e-01
9.358342e-01
9.365750e-01
9.373158e-01
9.380567e-01
9.387975e-01
9.395383e-01
9.402792e-01
9.410200e-01
9.417608e-01
9.425017e-01
9.432425e-01
9.439833e-01
9.447242e-01
9.454650e-01
9.462058e-01
9.469467e-01
9.476875e-01
9.484283e-01
9.491692e-01
9.499100e-01
9.506508e-01
9.513917e-01
9.521325e-01
9.528733e-01
9.536142e-01
9.543550e-01
9.550958e-01
9.558367e-01
9.565775e-01
9.573183e-01
9.580592e-01
9.588000e-01
9.595408e-01
9.602817e-01
9.610225e-01
9.617633e-01
9.625042e-01
9.632450e-01
9.639858e-01
9.647267e-01
9.654675e-01
9.662083e-01
9.669492e-01
9.676900e-01
9.684308e-01
9.691717e-01
9.699125e-01
9.706533e-01
9.713942e-01
9.721350e-01
9.728758e-01
9.736167e-01
9.743575e-01
9.750983e-01
9.758392e-01
9.765800e-01
9.773208e-01
9.780617e-01
9.788025e-01
9.795433e-01
9.802842e-01
9.810250e-01
9.817658e-01
9.825067e-01
9.832475e-01
9.839883e-01
9.847292e-01
9.854700e-01
9.862108e-01
9.869517e-01
9.876925e-01
9.884333e-01
9.891742e-01
9.899150e-01
9.906558e-01
9.913967e-01
9.921375e-01
9.928783e-01
9.936192e-01
9.943600e-01
9.951008e-01
9.958417e-01
9.965825e-01
9.973233e-01
9.980642e-01
9.988050e-01
9.995458e-01
1.000287e+00
1.001027e+00
1.001768e+00
1.002509e+00
1.003250e+00
1.003991e+00
1.004732e+00
1.005472e+00
1.006213e+00
1.006954e+00
1.007695e+00
1.008436e+00
1.009177e+00
1.009918e+00
1.010658e+00
1.011399e+00
1.012140e+00
1.012881e+00
1.013622e+00
1.014363e+00
1.015103e+00
1.015844e+00
1.016585e+00
1.017326e+00
1.018067e+00
1.018808e+00
1.019548e+00
1.020289e+00
1.021030e+00
1.021771e+00
1.022512e+00
1.023252e+00
1.023993e+00
1.024734e+00
1.025475e+00
1.026216e+00
1.026957e+00
1.027697e+00
1.028438e+00
1.029179e+00
1.029920e+00
1.030661e+00
1.031402e+00
1.032142e+00
1.032883e+00
1.033624e+00
1.034365e+00
1.035106e+00
1.035847e+00
1.036587e+00
1.037328e+00
1.038069e+00
1.038810e+00
1.039551e+00
1.040292e+00
1.041033e+00
1.041773e+00
1.042514e+00
1.043255e+00
1.043996e+00
1.044737e+00
1.045478e+00
1.046218e+00
1.046959e+00
1.047700e+00
1.048441e+00
1.049182e+00
1.049922e+00
1.050663e+00
1.051404e+00
1.052145e+00
1.052886e+00
1.053627e+00
1.054368e+00
1.055108e+00
1.055849e+00
1.056590e+00
1.057331e+00
1.058072e+00
1.058812e+00
1.059553e+00
1.060294e+00
1.061035e+00
1.061776e+00
1.062517e+00
1.063257e+00
1.063998e+00
1.064739e+00
1.065480e+00
1.066221e+00
1.066962e+00
1.067702e+00
1.068443e+00
1.069184e+00
1.069925e+00
1.070666e+00
1.071407e+00
1.072148e+00
1.072888e+00
1.073629e+00
1.074370e+00
1.075111e+00
1.075852e+00
1.076593e+00
1.077333e+00
1.078152e+00
1.078970e+00
1.079788e+00
1.080607e+00
1.081425e+00
1.082243e+00
1.083062e+00
1.083880e+00
1.084698e+00
1.085517e+00
1.086335e+00
1.087153e+00
1.087972e+00
1.088790e+00
1.089608e+00
1.090427e+00
1.091245e+00
1.092063e+00
1.092882e+00
1.093700e+00
1.094518e+00
1.095337e+00
1.096155e+00
1.096973e+00
1.097792e+00
1.098610e+00
1.099428e+00
1.100247e+00
1.101065e+00
1.101883e+00
1.102702e+00
1.103520e+00
1.104338e+00
1.105157e+00
1.105975e+00
1.106793e+00
1.107612e+00
1.108430e+00
1.109248e+00
1.110067e+00
1.110885e+00
1.111703e+00
1.112522e+00
1.113340e+00
1.114158e+00
1.114977e+00
1.115795e+00
1.116613e+00
1.117432e+00
1.118250e+00
1.119068e+00
1.119887e+00
1.120705e+00
1.121523e+00
1.122342e+00
1.123160e+00
1.123978e+00
1.124797e+00
1.125615e+00
1.126433e+00
1.127252e+00
1.128070e+00
1.128888e+00
1.129707e+00
1.130525e+00
1.131343e+00
1.132162e+00
1.132980e+00
1.133798e+00
1.134617e+00
1.135435e+00
1.136253e+00
1.137072e+00
1.137890e+00
1.138708e+00
1.139527e+00
1.140345e+00
1.141163e+00
1.141982e+00
1.142800e+00
1.143618e+00
1.144437e+00
1.145255e+00
1.146073e+00
1.146892e+00
1.147710e+00
1.148528e+00
1.149347e+00
1.150165e+00
1.150983e+00
1.151802e+00
1.152620e+00
1.153438e+00
1.154257e+00
1.155075e+00
1.155893e+00
1.156712e+00
1.157530e+00
1.158348e+00
1.159167e+00
1.182506e+00
1.205846e+00
1.229185e+00
1.252525e+00
1.275864e+00
1.299204e+00
1.322543e+00
1.345883e+00
1.369222e+00
1.392562e+00
1.415901e+00
1.439241e+00
1.462580e+00
1.485920e+00
1.509259e+00
1.532598e+00
1.555938e+00
1.579277e+00
1.602617e+00
1.625956e+00
1.649296e+00
1.672635e+00
1.695975e+00
1.719314e+00
1.742654e+00
1.765993e+00
1.789333e+00
1.812672e+00
1.836012e+00
1.859351e+00
1.882690e+00
1.906030e+00
1.929369e+00
1.952709e+00
1.976048e+00
1.999388e+00
2.022727e+00
2.046067e+00
2.069406e+00
2.092746e+00
2.116085e+00
2.139425e+00
2.162764e+00
2.186104e+00
2.209443e+00
2.232782e+00
2.256122e+00
2.279461e+00
2.302801e+00
2.326140e+00
2.349480e+00
2.372819e+00
2.396159e+00
2.419498e+00
2.442838e+00
2.466177e+00
2.489517e+00
2.512856e+00
2.536196e+00
2.559535e+00
2.582874e+00
2.606214e+00
2.629553e+00
2.652893e+00
2.676232e+00
2.699572e+00
2.722911e+00
2.746251e+00
2.769590e+00
2.792930e+00
2.816269e+00
2.839609e+00
2.862948e+00
2.886288e+00
2.909627e+00
2.932966e+00
2.956306e+00
2.979645e+00
3.002985e+00
3.026324e+00
3.049664e+00
3.073003e+00
3.096343e+00
3.119682e+00
3.143022e+00
3.166361e+00
3.189701e+00
3.213040e+00
3.236380e+00
3.259719e+00
3.283058e+00
3.306398e+00
3.329737e+00
3.353077e+00
3.376416e+00
3.399756e+00
3.423095e+00
3.446435e+00
3.469774e+00
3.493114e+00
3.516453e+00
3.539793e+00
3.563132e+00
3.586472e+00
3.609811e+00
3.633150e+00
3.656490e+00
3.679829e+00
3.703169e+00
3.726508e+00
3.749848e+00
3.773187e+00
3.796527e+00
3.819866e+00
3.843206e+00
3.866545e+00
3.889885e+00
3.913224e+00
3.936564e+00
3.959903e+00
3.983242e+00
4.006582e+00
4.029921e+00
4.053261e+00
4.076600e+00
4.099940e+00
4.123279e+00
4.146619e+00
4.169958e+00
4.193298e+00
4.216637e+00
4.239977e+00
4.263316e+00
4.286656e+00
4.309995e+00
4.333334e+00
4.356674e+00
4.380013e+00
4.403353e+00
4.426692e+00
4.450032e+00
4.473371e+00
4.496711e+00
4.520050e+00
4.543390e+00
4.566729e+00
4.590069e+00
4.613408e+00
4.636748e+00
4.660087e+00
4.683426e+00
4.706766e+00
4.730105e+00
4.753445e+00
4.776784e+00
4.800124e+00
4.823463e+00
4.846803e+00
4.870142e+00
4.893482e+00
4.916821e+00
4.940161e+00
4.963500e+00
4.986840e+00
5.010179e+00
5.033518e+00
5.056858e+00
5.080197e+00
5.103537e+00
5.126876e+00
5.150216e+00
5.173555e+00
5.196895e+00
5.220234e+00
5.243574e+00
5.266913e+00
5.290253e+00
5.313592e+00
5.336932e+00
5.360271e+00
5.383610e+00
5.406950e+00
5.430289e+00
5.453629e+00
5.476968e+00
5.500308e+00
5.523647e+00
5.546987e+00
5.570326e+00
5.593666e+00
5.617005e+00
5.640345e+00
5.663684e+00
5.687024e+00
5.710363e+00
5.733702e+00
5.757042e+00
5.780381e+00
5.803721e+00
5.827060e+00
5.850400e+00
5.873739e+00
5.897079e+00
5.920418e+00
5.943758e+00
5.967097e+00
5.990437e+00
6.013776e+00
6.037116e+00
6.060455e+00
6.083795e+00
6.107134e+00
6.130473e+00
6.153813e+00
6.177152e+00
6.200492e+00
6.223831e+00
6.247171e+00
6.270510e+00
6.293850e+00
6.317189e+00
6.340529e+00
6.363868e+00
6.387208e+00
6.410547e+00
6.433887e+00
6.457226e+00
6.480565e+00
6.503905e+00
6.527244e+00
6.550584e+00
6.573923e+00
6.597263e+00
6.620602e+00
6.643942e+00
6.667281e+00
6.690621e+00
6.713960e+00
6.737300e+00
6.760639e+00
6.783979e+00
6.807318e+00
6.830657e+00
6.853997e+00
6.877336e+00
6.900676e+00
6.924015e+00
6.947355e+00
6.970694e+00
6.994034e+00
7.017373e+00
7.040713e+00
7.064052e+00
7.087392e+00
7.110731e+00
7.134071e+00
7.157410e+00
7.180749e+00
7.204089e+00
7.227428e+00
7.250768e+00
7.274107e+00
7.297447e+00
7.320786e+00
7.344126e+00
7.367465e+00
7.390805e+00
7.414144e+00
7.437484e+00
7.460823e+00
7.484163e+00
7.507502e+00
7.530841e+00
7.554181e+00
7.577520e+00
7.600860e+00
7.624199e+00
7.647539e+00
7.670878e+00
7.694218e+00
7.717557e+00
7.740897e+00
7.764236e+00
7.787576e+00
7.810915e+00
7.834255e+00
7.857594e+00
7.880933e+00
7.904273e+00
7.927612e+00
7.950952e+00
7.974291e+00
7.997631e+00
8.020970e+00
8.044310e+00
8.067649e+00
8.090989e+00
8.114328e+00
8.137668e+00
8.161007e+00
8.184347e+00
8.207686e+00
8.231025e+00
8.254365e+00
8.277704e+00
8.301044e+00
8.324383e+00
8.347723e+00
8.371062e+00
8.394402e+00
8.417741e+00
8.441081e+00
8.464420e+00
8.487760e+00
8.511099e+00
8.534439e+00
8.557778e+00
8.581117e+00
8.604457e+00
8.627796e+00
8.651136e+00
8.674475e+00
8.697815e+00
8.721154e+00
8.744494e+00
8.767833e+00
8.791173e+00
8.814512e+00
8.837852e+00
8.861191e+00
8.884531e+00
8.907870e+00
8.931209e+00
8.954549e+00
8.977888e+00
9.001228e+00
9.024567e+00
9.047907e+00
9.071246e+00
9.094586e+00
9.117925e+00
9.141265e+00
9.164604e+00
9.187944e+00
9.211283e+00
9.234623e+00
9.257962e+00
9.281301e+00
9.304641e+00
9.327980e+00
9.351320e+00
9.374659e+00
9.397999e+00
9.421338e+00
9.444678e+00
9.468017e+00
9.491357e+00
9.514696e+00
9.538036e+00
9.561375e+00
9.584715e+00
9.608054e+00
9.631393e+00
9.654733e+00
9.678072e+00
9.701412e+00
9.724751e+00
9.748091e+00
9.771430e+00
9.794770e+00
9.818109e+00
9.841449e+00
9.864788e+00
9.888128e+00
9.911467e+00
9.934807e+00
9.958146e+00
9.981485e+00
1.000482e+01
1.002816e+01
1.005150e+01
1.007484e+01
1.009818e+01
1.012152e+01
1.014486e+01
1.016820e+01
1.019154e+01
1.021488e+01
1.023822e+01
1.026156e+01
1.028490e+01
1.030824e+01
1.033158e+01
1.035492e+01
1.037826e+01
1.040160e+01
1.042494e+01
1.044827e+01
1.047161e+01
1.049495e+01
1.051829e+01
1.054163e+01
1.056497e+01
1.058831e+01
1.061165e+01
1.063499e+01
1.065833e+01
1.066744e+01
1.067655e+01
1.068566e+01
1.069476e+01
1.070387e+01
1.071298e+01
1.072209e+01
1.073120e+01
1.074030e+01
1.074941e+01
1.075852e+01
1.076763e+01
1.077673e+01
1.078584e+01
1.079495e+01
1.080406e+01
1.081317e+01
1.082227e+01
1.083138e+01
1.084049e+01
1.084960e+01
1.085870e+01
1.086781e+01
1.087692e+01
1.088603e+01
1.089514e+01
1.090424e+01
1.091335e+01
1.092246e+01
1.093157e+01
1.094067e+01
1.094978e+01
1.095889e+01
1.096800e+01
1.097711e+01
1.098621e+01
1.099532e+01
1.100443e+01
1.101354e+01
1.102264e+01
1.103175e+01
1.104086e+01
1.104997e+01
1.105908e+01
1.106818e+01
1.107729e+01
1.108640e+01
1.109551e+01
1.110461e+01
1.111372e+01
1.112283e+01
1.113194e+01
1.114105e+01
1.115015e+01
1.115926e+01
1.116837e+01
1.117748e+01
1.118658e+01
1.119569e+01
1.120480e+01
1.121391e+01
1.122302e+01
1.123212e+01
1.124123e+01
1.125034e+01
1.125945e+01
1.126855e+01
1.127766e+01
1.128677e+01
1.129588e+01
1.130499e+01
1.131409e+01
1.132320e+01
1.133231e+01
1.134142e+01
1.135052e+01
1.135963e+01
1.136874e+01
1.137785e+01
1.138696e+01
1.139606e+01
1.140517e+01
1.141428e+01
1.142339e+01
1.143249e+01
1.144160e+01
1.145071e+01
1.145982e+01
1.146893e+01
1.147803e+01
1.148714e+01
1.149625e+01
1.150536e+01
1.151446e+01
1.152357e+01
1.153268e+01
1.154179e+01
1.155090e+01
1.156000e+01
1.156911e+01
1.157810e+01
1.158708e+01
1.159606e+01
1.160505e+01
1.161403e+01
1.162302e+01
1.163200e+01
1.164099e+01
1.164997e+01
1.165896e+01
1.166794e+01
1.167693e+01
1.168591e+01
1.169489e+01
1.170388e+01
1.171286e+01
1.172185e+01
1.173083e+01
1.173982e+01
1.174880e+01
1.175779e+01
1.176677e+01
1.177576e+01
1.178474e+01
1.179372e+01
1.180271e+01
1.181169e+01
1.182068e+01
1.182966e+01
1.183865e+01
1.184763e+01
1.185662e+01
1.186560e+01
1.187458e+01
1.188357e+01
1.189255e+01
1.190154e+01
1.191052e+01
1.191951e+01
1.192849e+01
1.193748e+01
1.194646e+01
1.195545e+01
1.196443e+01
1.197341e+01
1.198240e+01
1.199138e+01
1.200037e+01
1.200935e+01
1.201834e+01
1.202732e+01
1.203631e+01
1.204529e+01
1.205428e+01
1.206326e+01
1.207224e+01
1.208123e+01
1.209021e+01
1.209920e+01
1.210818e+01
1.211717e+01
1.212615e+01
1.213514e+01
1.214412e+01
1.215311e+01
1.216209e+01
1.217107e+01
1.218006e+01
1.218904e+01
1.219803e+01
1.220701e+01
1.221600e+01
1.222498e+01
1.223397e+01
1.224295e+01
1.225193e+01
1.226092e+01
1.226990e+01
1.227889e+01
1.228787e+01
1.229686e+01
1.230584e+01
1.231483e+01
1.232381e+01
1.233280e+01
1.234178e+01
1.235076e+01
1.235975e+01
1.236873e+01
1.237772e+01
1.238670e+01
1.239569e+01
1.240467e+01
1.241366e+01
1.242264e+01
1.243163e+01
1.244061e+01
1.244959e+01
1.245858e+01
1.246756e+01
1.247655e+01
1.248553e+01
1.249452e+01
1.250350e+01
1.251249e+01
1.252147e+01
1.253045e+01
1.253944e+01
1.254842e+01
1.255741e+01
1.256639e+01
1.257538e+01
1.258436e+01
1.259335e+01
1.260233e+01
1.261132e+01
1.262030e+01
1.262928e+01
1.263827e+01
1.264725e+01
1.265624e+01
1.266522e+01
1.267421e+01
1.268319e+01
1.269218e+01
1.270116e+01
1.271015e+01
1.271913e+01
1.272811e+01
1.273710e+01
1.274608e+01
1.275507e+01
1.276405e+01
1.277304e+01
1.278202e+01
1.279101e+01
1.279999e+01
1.280898e+01
1.281796e+01
1.282694e+01
1.283593e+01
1.284491e+01
1.285390e+01
1.286288e+01
1.287187e+01
1.288085e+01
1.288984e+01
1.289882e+01
1.290780e+01
1.291679e+01
1.292577e+01
1.293476e+01
1.294374e+01
1.295273e+01
1.296171e+01
1.297070e+01
1.297968e+01
1.298867e+01
1.299765e+01
1.300663e+01
1.301562e+01
1.302460e+01
1.303359e+01
1.304257e+01
1.305156e+01
1.306054e+01
1.306953e+01
1.307851e+01
1.308750e+01
1.309648e+01
1.310546e+01
1.311445e+01
1.312343e+01
1.313242e+01
1.314140e+01
1.315039e+01
1.315937e+01
1.316836e+01
1.317734e+01
1.318633e+01
1.319531e+01
1.320429e+01
1.321328e+01
1.322226e+01
1.323125e+01
1.324023e+01
1.324922e+01
1.325820e+01
1.326719e+01
1.327617e+01
1.328515e+01
1.329414e+01
1.330312e+01
1.331211e+01
1.332109e+01
1.333008e+01
1.333906e+01
1.334805e+01
1.335703e+01
1.336602e+01
1.337500e+01
1.338408e+01
1.339315e+01
1.340223e+01
1.341131e+01
1.342039e+01
1.342946e+01
1.343854e+01
1.344762e+01
1.345670e+01
1.346577e+01
1.347485e+01
1.348393e+01
1.349300e+01
1.350208e+01
1.351116e+01
1.352024e+01
1.352931e+01
1.353839e+01
1.354747e+01
1.355655e+01
1.356562e+01
1.357470e+01
1.358378e+01
1.359285e+01
1.360193e+01
1.361101e+01
1.362009e+01
1.362916e+01
1.363824e+01
1.364732e+01
1.365640e+01
1.366547e+01
1.367455e+01
1.368363e+01
1.369270e+01
1.370178e+01
1.371086e+01
1.371994e+01
1.372901e+01
1.373809e+01
1.374717e+01
1.375625e+01
1.376532e+01
1.377440e+01
1.378348e+01
1.379255e+01
1.380163e+01
1.381071e+01
1.381979e+01
1.382886e+01
1.383794e+01
1.384702e+01
1.385609e+01
1.386517e+01
1.387425e+01
1.388333e+01
1.389240e+01
1.390148e+01
1.391056e+01
1.391964e+01
1.392871e+01
1.393779e+01
1.394687e+01
1.395594e+01
1.396502e+01
1.397410e+01
1.398318e+01
1.399225e+01
1.400133e+01
1.401041e+01
1.401949e+01
1.402856e+01
1.403764e+01
1.404672e+01
1.405579e+01
1.406487e+01
1.407395e+01
1.408303e+01
1.409210e+01
1.410118e+01
1.411026e+01
1.411934e+01
1.412841e+01
1.413749e+01
1.414657e+01
1.415564e+01
1.416472e+01
1.417380e+01
1.418288e+01
1.419195e+01
1.420103e+01
1.421011e+01
1.421919e+01
1.422826e+01
1.423734e+01
1.424642e+01
1.425549e+01
1.426457e+01
1.427365e+01
1.428273e+01
1.429180e+01
1.430088e+01
1.430996e+01
1.431904e+01
1.432811e+01
1.433719e+01
1.434627e+01
1.435534e+01
1.436442e+01
1.437350e+01
1.438258e+01
1.439165e+01
1.440073e+01
1.440981e+01
1.441889e+01
1.442796e+01
1.443704e+01
1.444612e+01
1.445519e+01
1.446427e+01
1.447335e+01
1.448243e+01
1.449150e+01
1.450058e+01
1.450966e+01
1.451874e+01
1.452781e+01
1.453689e+01
1.454597e+01
1.455504e+01
1.456412e+01
1.457320e+01
1.458228e+01
1.459135e+01
1.460043e+01
1.460951e+01
1.461858e+01
1.462766e+01
1.463674e+01
1.464582e+01
1.465489e+01
1.466397e+01
1.467305e+01
1.468213e+01
1.469120e+01
1.470028e+01
1.470936e+01
1.471843e+01
1.472751e+01
1.473659e+01
1.474567e+01
1.475474e+01
1.476382e+01
1.477290e+01
1.478198e+01
1.479105e+01
1.480013e+01
1.480921e+01
1.481828e+01
1.482736e+01
1.483644e+01
1.484552e+01
1.485459e+01
1.486367e+01
1.487275e+01
1.488183e+01
1.489090e+01
1.489998e+01
1.490906e+01
1.491813e+01
1.492721e+01
1.493629e+01
1.494537e+01
1.495444e+01
1.496352e+01
1.497260e+01
1.498168e+01
1.499075e+01
1.499983e+01
1.500891e+01
1.501798e+01
1.502706e+01
1.503614e+01
1.504522e+01
1.505429e+01
1.506337e+01
1.507245e+01
1.508153e+01
1.509060e+01
1.509968e+01
1.510876e+01
1.511783e+01
1.512691e+01
1.513599e+01
1.514507e+01
1.515414e+01
1.516322e+01
1.517230e+01
1.518138e+01
1.519045e+01
1.519953e+01
1.520861e+01
1.521768e+01
1.522676e+01
1.523584e+01
1.524492e+01
1.525399e+01
1.526307e+01
1.527215e+01
1.528123e+01
1.529030e+01
1.529938e+01
1.530846e+01
1.531753e+01
1.532661e+01
1.533569e+01
1.534477e+01
1.535384e+01
1.536292e+01
1.537200e+01
1.538108e+01
1.539015e+01
1.539923e+01
1.540831e+01
1.541738e+01
1.542646e+01
1.543554e+01
1.544462e+01
1.545369e+01
1.546277e+01
1.547185e+01
1.548092e+01
1.549000e+01
1.549908e+01
1.550816e+01
1.551723e+01
1.552631e+01
1.553539e+01
1.554447e+01
1.555354e+01
1.556262e+01
1.557170e+01
1.558077e+01
1.558985e+01
1.559893e+01
1.560801e+01
1.561708e+01
1.562616e+01
1.563524e+01
1.564432e+01
1.565339e+01
1.566247e+01
1.567155e+01
1.568062e+01
1.568970e+01
1.569878e+01
1.570786e+01
1.571693e+01
1.572601e+01
1.573509e+01
1.574417e+01
1.575324e+01
1.576232e+01
1.577140e+01
1.578047e+01
1.578955e+01
1.579863e+01
1.580771e+01
1.581678e+01
1.582586e+01
1.583494e+01
1.584402e+01
1.585309e+01
1.586217e+01
1.587125e+01
1.588032e+01
1.588940e+01
1.589848e+01
1.590756e+01
1.591663e+01
1.592571e+01
1.593479e+01
1.594387e+01
1.595294e+01
1.596202e+01
1.597110e+01
1.598017e+01
1.598925e+01
1.599833e+01
1.600741e+01
1.601648e+01
1.602556e+01
1.603464e+01
1.604372e+01
1.605279e+01
1.606187e+01
1.607095e+01
1.608002e+01
1.608910e+01
1.609818e+01
1.610726e+01
1.611633e+01
1.612549e+01
1.613464e+01
1.614380e+01
1.615295e+01
1.616211e+01
1.617126e+01
1.618042e+01
1.618957e+01
1.619873e+01
1.620788e+01
1.621704e+01
1.622619e+01
1.623535e+01
1.624450e+01
1.625366e+01
1.626281e+01
1.627196e+01
1.628112e+01
1.629027e+01
1.629943e+01
1.630858e+01
1.631774e+01
1.632689e+01
1.633605e+01
1.634520e+01
1.635436e+01
1.636351e+01
1.637267e+01
1.638182e+01
1.639098e+01
1.640013e+01
1.640929e+01
1.641844e+01
1.642760e+01
1.643675e+01
1.644591e+01
1.645506e+01
1.646422e+01
1.647337e+01
1.648252e+01
1.649168e+01
1.650083e+01
1.650999e+01
1.651914e+01
1.652830e+01
1.653745e+01
1.654661e+01
1.655576e+01
1.656492e+01
1.657407e+01
1.658323e+01
1.659238e+01
1.660154e+01
1.661069e+01
1.661985e+01
1.662900e+01
1.663816e+01
1.664731e+01
1.665647e+01
1.666562e+01
1.667477e+01
1.668393e+01
1.669308e+01
1.670224e+01
1.671139e+01
1.672055e+01
1.672970e+01
1.673886e+01
1.674801e+01
1.675717e+01
1.676632e+01
1.677548e+01
1.678463e+01
1.679379e+01
1.680294e+01
1.681210e+01
1.682125e+01
1.683041e+01
1.683956e+01
1.684872e+01
1.685787e+01
1.686703e+01
1.687618e+01
1.688533e+01
1.689449e+01
1.690364e+01
1.691280e+01
1.692195e+01
1.693111e+01
1.694026e+01
1.694942e+01
1.695857e+01
1.696773e+01
1.697688e+01
1.698604e+01
1.699519e+01
1.700435e+01
1.701350e+01
1.702266e+01
1.703181e+01
1.704097e+01
1.705012e+01
1.705928e+01
1.706843e+01
1.707759e+01
1.708674e+01
1.709590e+01
1.710505e+01
1.711420e+01
1.712336e+01
1.713251e+01
1.714167e+01
1.715082e+01
1.715998e+01
1.716913e+01
1.717829e+01
1.718744e+01
1.719660e+01
1.720575e+01
1.721491e+01
1.722406e+01
1.723322e+01
1.724237e+01
1.725153e+01
1.726068e+01
1.726984e+01
1.727899e+01
1.728815e+01
1.729730e+01
1.730645e+01
1.731561e+01
1.732476e+01
1.733392e+01
1.734307e+01
1.735223e+01
1.736138e+01
1.737054e+01
1.737969e+01
1.738885e+01
1.739800e+01
1.740716e+01
1.741631e+01
1.742547e+01
1.743462e+01
1.744378e+01
1.745293e+01
1.746209e+01
1.747124e+01
1.748040e+01
1.748955e+01
1.749871e+01
1.750786e+01
1.751701e+01
1.752617e+01
1.753532e+01
1.754448e+01
1.755363e+01
1.756279e+01
1.757194e+01
1.758110e+01
1.759025e+01
1.759941e+01
1.760856e+01
1.761772e+01
1.762687e+01
1.763603e+01
1.764518e+01
1.765434e+01
1.766349e+01
1.767265e+01
1.768180e+01
1.769096e+01
1.770011e+01
1.770927e+01
1.771842e+01
1.772757e+01
1.773673e+01
1.774588e+01
1.775504e+01
1.776419e+01
1.777335e+01
1.778250e+01
1.779166e+01
1.780081e+01
1.780997e+01
1.781912e+01
1.782828e+01
1.783743e+01
1.784659e+01
1.785574e+01
1.786490e+01
1.787405e+01
1.788321e+01
1.789236e+01
1.790152e+01
1.791067e+01
1.791983e+01
1.792898e+01
1.793813e+01
1.794729e+01
1.795644e+01
1.796562e+01
1.797479e+01
1.798396e+01
1.799314e+01
1.800231e+01
1.801148e+01
1.802066e+01
1.802983e+01
1.803900e+01
1.804817e+01
1.805735e+01
1.806652e+01
1.807569e+01
1.808487e+01
1.809404e+01
1.810321e+01
1.811239e+01
1.812156e+01
1.813073e+01
1.813990e+01
1.814908e+01
1.815825e+01
1.816742e+01
1.817660e+01
1.818577e+01
1.819494e+01
1.820412e+01
1.821329e+01
1.822246e+01
1.823164e+01
1.824081e+01
1.824998e+01
1.825915e+01
1.826833e+01
1.827750e+01
1.828667e+01
1.829585e+01
1.830502e+01
1.831419e+01
1.832337e+01
1.833254e+01
1.834171e+01
1.835088e+01
1.836006e+01
1.836923e+01
1.837840e+01
1.838758e+01
1.839675e+01
1.840592e+01
1.841510e+01
1.842427e+01
1.843344e+01
1.844261e+01
1.845179e+01
1.846096e+01
1.847013e+01
1.847931e+01
1.848848e+01
1.849765e+01
1.850683e+01
1.851600e+01
1.852517e+01
1.853434e+01
1.854352e+01
1.855269e+01
1.856186e+01
1.857104e+01
1.858021e+01
1.858938e+01
1.859856e+01
1.860773e+01
1.861690e+01
1.862608e+01
1.863525e+01
1.864442e+01
1.865359e+01
1.866277e+01
1.867194e+01
1.868111e+01
1.869029e+01
1.869946e+01
1.870863e+01
1.871781e+01
1.872698e+01
1.873615e+01
1.874532e+01
1.875450e+01
1.876367e+01
1.877284e+01
1.878202e+01
1.879119e+01
1.880036e+01
1.880954e+01
1.881871e+01
1.882788e+01
1.883705e+01
1.884623e+01
1.885540e+01
1.886457e+01
1.887375e+01
1.888292e+01
1.889209e+01
1.890127e+01
1.891044e+01
1.891961e+01
1.892878e+01
1.893796e+01
1.894713e+01
1.895630e+01
1.896548e+01
1.897465e+01
1.898382e+01
1.899300e+01
1.900217e+01
1.901134e+01
1.902052e+01
1.902969e+01
1.903886e+01
1.904803e+01
1.905721e+01
1.906638e+01
1.907555e+01
1.908473e+01
1.909390e+01
1.910307e+01
1.911225e+01
1.912142e+01
1.913059e+01
1.913976e+01
1.914894e+01
1.915811e+01
1.916728e+01
1.917646e+01
1.918563e+01
1.919480e+01
1.920398e+01
1.921315e+01
1.922232e+01
1.923149e+01
1.924067e+01
1.924984e+01
1.925901e+01
1.926819e+01
1.927736e+01
1.928653e+01
1.929571e+01
1.930488e+01
1.931405e+01
1.932323e+01
1.933240e+01
1.934157e+01
1.935074e+01
1.935992e+01
1.936909e+01
1.937826e+01
1.938744e+01
1.939661e+01
1.940578e+01
1.941496e+01
1.942413e+01
1.943330e+01
1.944247e+01
1.945165e+01
1.946082e+01
1.946999e+01
1.947917e+01
1.948834e+01
1.949751e+01
1.950669e+01
1.951586e+01
1.952503e+01
1.953420e+01
1.954338e+01
1.955255e+01
1.956172e+01
1.957090e+01
1.958007e+01
1.958924e+01
1.959842e+01
1.960759e+01
1.961676e+01
1.962593e+01
1.963511e+01
1.964428e+01
1.965345e+01
1.966263e+01
1.967180e+01
1.968097e+01
1.969015e+01
1.969932e+01
1.970849e+01
1.971767e+01
1.972684e+01
1.973601e+01
1.974518e+01
1.975436e+01
1.976353e+01
1.977270e+01
1.978188e+01
1.979105e+01
1.980022e+01
1.980945e+01
1.981868e+01
1.982790e+01
1.983713e+01
1.984636e+01
1.985558e+01
1.986481e+01
1.987404e+01
1.988327e+01
1.989249e+01
1.990172e+01
1.991095e+01
1.992017e+01
1.992940e+01
1.993863e+01
1.994785e+01
1.995708e+01
1.996631e+01
1.997554e+01
1.998476e+01
1.999399e+01
2.000322e+01
2.001244e+01
2.002167e+01
2.003090e+01
2.004012e+01
2.004935e+01
2.005858e+01
2.006781e+01
2.007703e+01
2.008626e+01
2.009549e+01
2.010471e+01
2.011394e+01
2.012317e+01
2.013239e+01
2.014162e+01
2.015085e+01
2.016008e+01
2.016930e+01
2.017853e+01
2.018776e+01
2.019698e+01
2.020621e+01
2.021544e+01
2.022466e+01
2.023389e+01
2.024312e+01
2.025235e+01
2.026157e+01
2.027080e+01
2.028003e+01
2.028925e+01
2.029848e+01
2.030771e+01
2.031693e+01
2.032616e+01
2.033539e+01
2.034462e+01
2.035384e+01
2.036307e+01
2.037230e+01
2.038152e+01
2.039075e+01
2.039998e+01
2.040920e+01
2.041843e+01
2.042766e+01
2.043689e+01
2.044611e+01
2.045534e+01
2.046457e+01
2.047379e+01
2.048302e+01
2.049225e+01
2.050147e+01
2.051070e+01
2.051993e+01
2.052916e+01
2.053838e+01
2.054761e+01
2.055684e+01
2.056606e+01
2.057529e+01
2.058452e+01
2.059374e+01
2.060297e+01
2.061220e+01
2.062143e+01
2.063065e+01
2.063988e+01
2.064911e+01
2.065833e+01
2.066756e+01
2.067679e+01
2.068601e+01
2.069524e+01
2.070447e+01
2.071370e+01
2.072292e+01
2.073215e+01
2.074138e+01
2.075060e+01
2.075983e+01
2.076906e+01
2.077828e+01
2.078751e+01
2.079674e+01
2.080597e+01
2.081519e+01
2.082442e+01
2.083365e+01
2.084287e+01
2.085210e+01
2.086133e+01
2.087055e+01
2.087978e+01
2.088901e+01
2.089824e+01
2.090746e+01
2.091669e+01
2.092592e+01
2.093514e+01
2.094437e+01
2.095360e+01
2.096282e+01
2.097205e+01
2.098128e+01
2.099051e+01
2.099973e+01
2.100896e+01
2.101819e+01
2.102741e+01
2.103664e+01
2.104587e+01
2.105509e+01
2.106432e+01
2.107355e+01
2.108278e+01
2.109200e+01
2.110123e+01
2.111046e+01
2.111968e+01
2.112891e+01
2.113814e+01
2.114737e+01
2.115659e+01
2.116582e+01
2.117505e+01
2.118427e+01
2.119350e+01
2.120273e+01
2.121195e+01
2.122118e+01
2.123041e+01
2.123963e+01
2.124886e+01
2.125809e+01
2.126732e+01
2.127654e+01
2.128577e+01
2.129500e+01
2.130422e+01
2.131345e+01
2.132268e+01
2.133191e+01
2.134113e+01
2.135036e+01
2.135959e+01
2.136881e+01
2.137804e+01
2.138727e+01
2.139649e+01
2.140572e+01
2.141495e+01
2.142418e+01
2.143340e+01
2.144263e+01
2.145186e+01
2.146108e+01
2.147031e+01
2.147954e+01
2.148876e+01
2.149799e+01
2.150722e+01
2.151645e+01
2.152567e+01
2.153490e+01
2.154413e+01
2.155335e+01
2.156258e+01
2.157181e+01
2.158103e+01
2.159026e+01
2.159949e+01
2.160872e+01
2.161794e+01
2.162717e+01
2.163640e+01
2.164562e+01
2.165485e+01
2.166408e+01
2.167330e+01
2.168253e+01
2.169176e+01
2.170099e+01
2.171021e+01
2.171944e+01
2.172867e+01
2.173789e+01
2.174712e+01
2.175635e+01
2.176557e+01
2.177480e+01
2.178403e+01
2.179326e+01
2.180248e+01
2.181171e+01
2.182094e+01
2.183016e+01
2.183939e+01
2.184862e+01
2.185784e+01
2.186707e+01
2.187630e+01
2.188553e+01
2.189475e+01
2.190398e+01
2.191321e+01
2.192243e+01
2.193166e+01
2.194089e+01
2.195011e+01
2.195934e+01
2.196857e+01
2.197780e+01
2.198702e+01
2.199625e+01
2.200548e+01
2.201470e+01
2.202393e+01
2.203316e+01
2.204238e+01
2.205161e+01
2.206084e+01
2.207007e+01
2.207929e+01
2.208852e+01
2.209775e+01
2.210697e+01
2.211620e+01
2.212543e+01
2.213465e+01
2.214388e+01
2.215311e+01
2.216234e+01
2.217156e+01
2.218079e+01
2.219002e+01
2.219924e+01
2.220847e+01
2.221770e+01
2.222692e+01
2.223615e+01
2.224538e+01
2.225461e+01
2.226383e+01
2.227306e+01
2.228229e+01
2.229151e+01
2.230074e+01
2.230997e+01
2.231919e+01
2.232842e+01
2.233765e+01
2.234688e+01
2.235610e+01
2.236533e+01
2.237456e+01
2.238378e+01
2.239301e+01
2.240224e+01
2.241146e+01
2.242069e+01
2.242992e+01
2.243915e+01
2.244837e+01
2.245760e+01
2.246683e+01
2.247605e+01
2.248528e+01
2.249451e+01
2.250373e+01
2.251296e+01
2.252219e+01
2.253142e+01
2.254064e+01
2.254987e+01
2.255910e+01
2.256832e+01
2.257755e+01
2.258678e+01
2.259586e+01
2.260494e+01
2.261402e+01
2.262311e+01
2.263219e+01
2.264127e+01
2.265035e+01
2.265943e+01
2.266852e+01
2.267760e+01
2.268668e+01
2.269576e+01
2.270485e+01
2.271393e+01
2.272301e+01
2.273209e+01
2.274117e+01
2.275026e+01
2.275934e+01
2.276842e+01
2.277750e+01
2.278658e+01
2.279567e+01
2.280475e+01
2.281383e+01
2.282291e+01
2.283199e+01
2.284108e+01
2.285016e+01
2.285924e+01
2.286832e+01
2.287741e+01
2.288649e+01
2.289557e+01
2.290465e+01
2.291373e+01
2.292282e+01
2.293190e+01
2.294098e+01
2.295006e+01
2.295914e+01
2.296823e+01
2.297731e+01
2.298639e+01
2.299547e+01
2.300456e+01
2.301364e+01
2.302272e+01
2.303180e+01
2.304088e+01
2.304997e+01
2.305905e+01
2.306813e+01
2.307721e+01
2.308629e+01
2.309538e+01
2.310446e+01
2.311354e+01
2.312262e+01
2.313170e+01
2.314079e+01
2.314987e+01
2.315895e+01
2.316803e+01
2.317712e+01
2.318620e+01
2.319528e+01
2.320436e+01
2.321344e+01
2.322253e+01
2.323161e+01
2.324069e+01
2.324977e+01
2.325885e+01
2.326794e+01
2.327702e+01
2.328610e+01
2.329518e+01
2.330426e+01
2.331335e+01
2.332243e+01
2.333151e+01
2.334059e+01
2.334968e+01
2.335876e+01
2.336784e+01
2.337692e+01
2.338600e+01
2.339509e+01
2.340417e+01
2.341325e+01
2.342233e+01
2.343141e+01
2.344050e+01
2.344958e+01
2.345866e+01
2.346774e+01
2.347683e+01
2.348591e+01
2.349499e+01
2.350407e+01
2.351315e+01
2.352224e+01
2.353132e+01
2.354040e+01
2.354948e+01
2.355856e+01
2.356765e+01
2.357673e+01
2.358581e+01
2.359489e+01
2.360397e+01
2.361306e+01
2.362214e+01
2.363122e+01
2.364030e+01
2.364939e+01
2.365847e+01
2.366755e+01
2.367663e+01
2.368571e+01
2.369480e+01
2.370388e+01
2.371296e+01
2.372204e+01
2.373112e+01
2.374021e+01
2.374929e+01
2.375837e+01
2.376745e+01
2.377653e+01
2.378562e+01
2.379470e+01
2.380378e+01
2.381286e+01
2.382195e+01
2.383103e+01
2.384011e+01
2.384919e+01
2.385827e+01
2.386736e+01
2.387644e+01
2.388552e+01
2.389460e+01
2.390368e+01
2.391277e+01
2.392185e+01
2.393093e+01
2.394001e+01
2.394910e+01
2.395818e+01
2.396726e+01
2.397634e+01
2.398542e+01
2.399451e+01
2.400359e+01
2.401267e+01
2.402175e+01
2.403083e+01
2.403992e+01
2.404900e+01
2.405808e+01
2.406716e+01
2.407624e+01
2.408533e+01
2.409441e+01
2.410349e+01
2.411257e+01
2.412166e+01
2.413074e+01
2.413982e+01
2.414890e+01
2.415798e+01
2.416707e+01
2.417615e+01
2.418523e+01
2.419431e+01
2.420339e+01
2.421248e+01
2.422156e+01
2.423064e+01
2.423972e+01
2.424880e+01
2.425789e+01
2.426697e+01
2.427605e+01
2.428513e+01
2.429422e+01
2.430330e+01
2.431238e+01
2.432146e+01
2.433054e+01
2.433963e+01
2.434871e+01
2.435779e+01
2.436687e+01
2.437595e+01
2.438504e+01
2.439412e+01
2.440320e+01
2.441228e+01
2.442137e+01
2.443045e+01
2.443953e+01
2.444861e+01
2.445769e+01
2.446678e+01
2.447586e+01
2.448494e+01
2.449402e+01
2.450310e+01
2.451219e+01
2.452127e+01
2.453035e+01
2.453943e+01
2.454851e+01
2.455760e+01
2.456668e+01
2.457576e+01
2.458484e+01
2.459393e+01
2.460301e+01
2.461209e+01
2.462117e+01
2.463025e+01
2.463934e+01
2.464842e+01
2.465750e+01
2.466658e+01
2.467566e+01
2.468475e+01
2.469383e+01
2.470291e+01
2.471199e+01
2.472107e+01
2.473016e+01
2.473924e+01
2.474832e+01
2.475740e+01
2.476649e+01
2.477557e+01
2.478465e+01
2.479373e+01
2.480281e+01
2.481190e+01
2.482098e+01
2.483006e+01
2.483914e+01
2.484822e+01
2.485731e+01
2.486639e+01
2.487547e+01
2.488455e+01
2.489364e+01
2.490272e+01
2.491180e+01
2.492088e+01
2.492996e+01
2.493905e+01
2.494813e+01
2.495721e+01
2.496629e+01
2.497537e+01
2.498446e+01
2.499354e+01
2.500262e+01
2.501170e+01
2.502078e+01
2.502987e+01
2.503895e+01
2.504803e+01
2.505711e+01
2.506620e+01
2.507528e+01
2.508436e+01
2.509344e+01
2.510252e+01
2.511161e+01
2.512069e+01
2.512977e+01
2.513885e+01
2.514793e+01
2.515702e+01
2.516610e+01
2.517518e+01
2.518426e+01
2.519335e+01
2.520243e+01
2.521151e+01
2.522059e+01
2.522967e+01
2.523876e+01
2.524784e+01
2.525692e+01
2.526600e+01
2.527508e+01
2.528417e+01
2.529325e+01
2.530233e+01
2.531141e+01
2.532049e+01
2.532958e+01
2.533866e+01
2.534774e+01
2.535682e+01
2.536591e+01
2.537499e+01
2.538407e+01
2.539315e+01
2.540223e+01
2.541132e+01
2.542040e+01
2.542948e+01
2.543856e+01
2.544764e+01
2.545673e+01
2.546581e+01
2.547489e+01
2.548397e+01
2.549305e+01
2.550214e+01
2.551122e+01
2.552030e+01
2.552938e+01
2.553847e+01
2.554755e+01
2.555663e+01
2.556571e+01
2.557479e+01
2.558388e+01
2.559296e+01
2.560204e+01
2.561112e+01
2.562020e+01
2.562929e+01
2.563837e+01
2.564745e+01
2.565653e+01
2.566562e+01
2.567470e+01
2.568378e+01
2.569286e+01
2.570194e+01
2.571103e+01
2.572011e+01
2.572919e+01
2.573827e+01
2.574735e+01
2.575644e+01
2.576552e+01
2.577460e+01
2.578368e+01
2.579276e+01
2.580185e+01
2.581093e+01
2.582001e+01
2.582909e+01
2.583818e+01
2.584726e+01
2.585634e+01
2.586542e+01
2.587450e+01
2.588359e+01
2.589267e+01
2.590175e+01
2.591083e+01
2.591991e+01
2.592900e+01
2.593808e+01
2.594716e+01
2.595624e+01
2.596532e+01
2.597441e+01
2.598349e+01
2.599257e+01
2.600165e+01
2.601074e+01
2.601982e+01
2.602890e+01
2.603798e+01
2.604706e+01
2.605615e+01
2.606523e+01
2.607431e+01
2.608339e+01
2.609247e+01
2.610156e+01
2.611064e+01
2.611972e+01
2.612880e+01
2.613789e+01
2.614697e+01
2.615605e+01
2.616513e+01
2.617421e+01
2.618330e+01
2.619238e+01
2.620146e+01
2.621054e+01
2.621962e+01
2.622871e+01
2.623779e+01
2.624687e+01
2.625595e+01
2.626503e+01
2.627412e+01
2.628320e+01
2.629228e+01
2.630136e+01
2.631045e+01
2.631953e+01
2.632861e+01
2.633769e+01
2.634677e+01
2.635586e+01
2.636494e+01
2.637402e+01
2.638310e+01
2.639218e+01
2.640127e+01
2.641035e+01
2.641943e+01
2.642851e+01
2.643759e+01
2.644668e+01
2.645576e+01
2.646484e+01
2.647392e+01
2.648301e+01
2.649209e+01
2.650117e+01
2.651025e+01
2.651933e+01
2.652842e+01
2.653750e+01
2.654658e+01
2.655566e+01
2.656474e+01
2.657383e+01
2.658291e+01
2.659199e+01
2.660107e+01
2.661016e+01
2.661924e+01
2.662832e+01
2.663740e+01
2.664648e+01
2.665557e+01
2.666465e+01
2.667373e+01
2.668281e+01
2.669189e+01
2.670098e+01
2.671006e+01
2.671914e+01
2.672822e+01
2.673730e+01
2.674639e+01
2.675547e+01
2.676455e+01
2.677363e+01
2.678272e+01
2.679180e+01
2.680088e+01
2.680996e+01
2.681904e+01
2.682813e+01
2.683721e+01
2.684629e+01
2.685537e+01
2.686445e+01
2.687354e+01
2.688262e+01
2.689170e+01
2.690078e+01
2.690986e+01
2.691895e+01
2.692803e+01
2.693711e+01
2.694619e+01
2.695528e+01
2.696436e+01
2.697344e+01
2.698252e+01
2.699160e+01
2.700069e+01
2.700977e+01
2.701885e+01
2.702793e+01
2.703701e+01
2.704610e+01
2.705518e+01
2.706426e+01
2.707334e+01
2.708243e+01
2.709151e+01
2.710059e+01
2.710967e+01
2.711875e+01
2.712784e+01
2.713692e+01
2.714600e+01
2.715444e+01
2.716288e+01
2.717131e+01
2.717975e+01
2.718819e+01
2.719663e+01
2.720506e+01
2.721350e+01
2.722194e+01
2.723038e+01
2.723881e+01
2.724725e+01
2.725569e+01
2.726413e+01
2.727256e+01
2.728100e+01
2.728944e+01
2.729788e+01
2.730631e+01
2.731475e+01
2.732319e+01
2.733163e+01
2.734006e+01
2.734850e+01
2.735694e+01
2.736538e+01
2.737382e+01
2.738225e+01
2.739069e+01
2.739913e+01
2.740757e+01
2.741600e+01
2.742444e+01
2.743288e+01
2.744132e+01
2.744975e+01
2.745819e+01
2.746663e+01
2.747507e+01
2.748350e+01
2.749194e+01
2.750038e+01
2.750882e+01
2.751725e+01
2.752569e+01
2.753413e+01
2.754257e+01
2.755100e+01
2.755944e+01
2.756788e+01
2.757632e+01
2.758475e+01
2.759319e+01
2.760163e+01
2.761007e+01
2.761851e+01
2.762694e+01
2.763538e+01
2.764382e+01
2.765226e+01
2.766069e+01
2.766913e+01
2.767757e+01
2.768601e+01
2.769444e+01
2.770288e+01
2.771132e+01
2.771976e+01
2.772819e+01
2.773663e+01
2.774507e+01
2.775351e+01
2.776194e+01
2.777038e+01
2.777882e+01
2.778726e+01
2.779569e+01
2.780413e+01
2.781257e+01
2.782101e+01
2.782945e+01
2.783788e+01
2.784632e+01
2.785476e+01
2.786320e+01
2.787163e+01
2.788007e+01
2.788851e+01
2.789695e+01
2.790538e+01
2.791382e+01
2.792226e+01
2.793070e+01
2.793913e+01
2.794757e+01
2.795601e+01
2.796445e+01
2.797288e+01
2.798132e+01
2.798976e+01
2.799820e+01
2.800663e+01
2.801507e+01
2.802351e+01
2.803195e+01
2.804039e+01
2.804882e+01
2.805726e+01
2.806570e+01
2.807414e+01
2.808257e+01
2.809101e+01
2.809945e+01
2.810789e+01
2.811632e+01
2.812476e+01
2.813320e+01
2.814164e+01
2.815007e+01
2.815851e+01
2.816695e+01
2.817539e+01
2.818382e+01
2.819226e+01
2.820070e+01
2.820914e+01
2.821757e+01
2.822601e+01
2.823445e+01
2.824289e+01
2.825133e+01
2.825976e+01
2.826820e+01
2.827664e+01
2.828508e+01
2.829351e+01
2.830195e+01
2.831039e+01
2.831883e+01
2.832726e+01
2.833570e+01
2.834414e+01
2.835258e+01
2.836101e+01
2.836945e+01
2.837789e+01
2.838633e+01
2.839476e+01
2.840320e+01
2.841164e+01
2.842008e+01
2.842851e+01
2.843695e+01
2.844539e+01
2.845383e+01
2.846227e+01
2.847070e+01
2.847914e+01
2.848758e+01
2.849602e+01
2.850445e+01
2.851289e+01
2.852133e+01
2.852977e+01
2.853820e+01
2.854664e+01
2.855508e+01
2.856352e+01
2.857195e+01
2.858039e+01
2.858883e+01
2.859727e+01
2.860570e+01
2.861414e+01
2.862258e+01
2.863102e+01
2.863945e+01
2.864789e+01
2.865633e+01
2.866477e+01
2.867321e+01
2.868164e+01
2.869008e+01
2.869852e+01
2.870696e+01
2.871539e+01
2.872383e+01
2.873227e+01
2.874071e+01
2.874914e+01
2.875758e+01
2.876602e+01
2.877446e+01
2.878289e+01
2.879133e+01
2.879977e+01
2.880821e+01
2.881664e+01
2.882508e+01
2.883352e+01
2.884196e+01
2.885039e+01
2.885883e+01
2.886727e+01
2.887571e+01
2.888414e+01
2.889258e+01
2.890102e+01
2.890946e+01
2.891790e+01
2.892633e+01
2.893477e+01
2.894321e+01
2.895165e+01
2.896008e+01
2.896852e+01
2.897696e+01
2.898540e+01
2.899383e+01
2.900227e+01
2.901071e+01
2.901915e+01
2.902758e+01
2.903602e+01
2.904446e+01
2.905290e+01
2.906133e+01
2.906977e+01
2.907821e+01
2.908665e+01
2.909508e+01
2.910352e+01
2.911196e+01
2.912040e+01
2.912884e+01
2.913727e+01
2.914571e+01
2.915415e+01
2.916259e+01
2.917102e+01
2.917946e+01
2.918790e+01
2.919634e+01
2.920477e+01
2.921321e+01
2.922165e+01
2.923009e+01
2.923852e+01
2.924696e+01
2.925540e+01
2.926384e+01
2.927227e+01
2.928071e+01
2.928915e+01
2.929759e+01
2.930602e+01
2.931446e+01
2.932290e+01
2.933134e+01
2.933978e+01
2.934821e+01
2.935665e+01
2.936509e+01
2.937353e+01
2.938196e+01
2.939040e+01
2.939884e+01
2.940728e+01
2.941571e+01
2.942415e+01
2.943259e+01
2.944103e+01
2.944946e+01
2.945790e+01
2.946634e+01
2.947478e+01
2.948321e+01
2.949165e+01
2.950009e+01
2.950853e+01
2.951696e+01
2.952540e+01
2.953384e+01
2.954228e+01
2.955071e+01
2.955915e+01
2.956759e+01
2.957603e+01
2.958447e+01
2.959290e+01
2.960134e+01
2.960978e+01
2.961822e+01
2.962665e+01
2.963509e+01
2.964353e+01
2.965197e+01
2.966040e+01
2.966884e+01
2.967728e+01
2.968572e+01
2.969415e+01
2.970259e+01
2.971103e+01
2.971947e+01
2.972790e+01
2.973634e+01
2.974478e+01
2.975322e+01
2.976165e+01
2.977009e+01
2.977853e+01
2.978697e+01
2.979541e+01
2.980384e+01
2.981228e+01
2.982072e+01
2.982916e+01
2.983759e+01
2.984603e+01
2.985447e+01
2.986291e+01
2.987134e+01
2.987978e+01
2.988822e+01
2.989666e+01
2.990509e+01
2.991353e+01
2.992197e+01
2.993041e+01
2.993884e+01
2.994728e+01
2.995572e+01
2.996416e+01
2.997259e+01
2.998103e+01
2.998947e+01
2.999791e+01
3.000635e+01
3.001478e+01
3.002322e+01
3.003166e+01
3.004010e+01
3.004853e+01
3.005697e+01
3.006541e+01
3.007385e+01
3.008228e+01
3.009072e+01
3.009916e+01
3.010760e+01
3.011603e+01
3.012447e+01
3.013291e+01
3.014135e+01
3.014978e+01
3.015822e+01
3.016666e+01
3.017510e+01
3.018353e+01
3.019197e+01
3.020041e+01
3.020885e+01
3.021729e+01
3.022572e+01
3.023416e+01
3.024260e+01
3.025104e+01
3.025947e+01
3.026791e+01
3.027635e+01
3.028479e+01
3.029322e+01
3.030166e+01
3.031010e+01
3.031854e+01
3.032697e+01
3.033541e+01
3.034385e+01
3.035229e+01
3.036072e+01
3.036916e+01
3.037760e+01
3.038604e+01
3.039447e+01
3.040291e+01
3.041135e+01
3.041979e+01
3.042823e+01
3.043666e+01
3.044510e+01
3.045354e+01
3.046198e+01
3.047041e+01
3.047885e+01
3.048729e+01
3.049573e+01
3.050416e+01
3.051260e+01
3.052104e+01
3.052948e+01
3.053791e+01
3.054635e+01
3.055479e+01
3.056323e+01
3.057166e+01
3.058010e+01
3.058854e+01
3.059698e+01
3.060541e+01
3.061385e+01
3.062229e+01
3.063073e+01
3.063917e+01
3.064760e+01
3.065604e+01
3.066448e+01
3.067292e+01
3.068135e+01
3.068979e+01
3.069823e+01
3.070667e+01
3.071510e+01
3.072354e+01
3.073198e+01
3.074042e+01
3.074885e+01
3.075729e+01
3.076573e+01
3.077417e+01
3.078260e+01
3.079104e+01
3.079948e+01
3.080792e+01
3.081635e+01
3.082479e+01
3.083323e+01
3.084167e+01
3.085010e+01
3.085854e+01
3.086698e+01
3.087542e+01
3.088386e+01
3.089229e+01
3.090073e+01
3.090917e+01
3.091761e+01
3.092604e+01
3.093448e+01
3.094292e+01
3.095136e+01
3.095979e+01
3.096823e+01
3.097667e+01
3.098511e+01
3.099354e+01
3.100198e+01
3.101042e+01
3.101886e+01
3.102729e+01
3.103573e+01
3.104417e+01
3.105261e+01
3.106104e+01
3.106948e+01
3.107792e+01
3.108636e+01
3.109480e+01
3.110323e+01
3.111167e+01
3.112011e+01
3.112855e+01
3.113698e+01
3.114542e+01
3.115386e+01
3.116230e+01
3.117073e+01
3.117917e+01
3.118761e+01
3.119605e+01
3.120448e+01
3.121292e+01
3.122136e+01
3.122980e+01
3.123823e+01
3.124667e+01
3.125511e+01
3.126355e+01
3.127198e+01
3.128042e+01
3.128886e+01
3.129730e+01
3.130574e+01
3.131417e+01
3.132261e+01
3.133105e+01
3.133949e+01
3.134792e+01
3.135636e+01
3.136480e+01
3.137324e+01
3.138167e+01
3.139011e+01
3.139881e+01
3.140752e+01
3.141622e+01
3.142492e+01
3.143362e+01
3.144233e+01
3.145103e+01
3.145973e+01
3.146843e+01
3.147714e+01
3.148584e+01
3.149454e+01
3.150324e+01
3.151195e+01
3.152065e+01
3.152935e+01
3.153805e+01
3.154676e+01
3.155546e+01
3.156416e+01
3.157286e+01
3.158157e+01
3.159027e+01
3.159897e+01
3.160767e+01
3.161637e+01
3.162508e+01
3.163378e+01
3.164248e+01
3.165118e+01
3.165989e+01
3.166859e+01
3.167729e+01
3.168599e+01
3.169470e+01
3.170340e+01
3.171210e+01
3.172080e+01
3.172951e+01
3.173821e+01
3.174691e+01
3.175561e+01
3.176432e+01
3.177302e+01
3.178172e+01
3.179042e+01
3.179913e+01
3.180783e+01
3.181653e+01
3.182523e+01
3.183394e+01
3.184264e+01
3.185134e+01
3.186004e+01
3.186875e+01
3.187745e+01
3.188615e+01
3.189485e+01
3.190356e+01
3.191226e+01
3.192096e+01
3.192966e+01
3.193837e+01
3.194707e+01
3.195577e+01
3.196447e+01
3.197318e+01
3.198188e+01
3.199058e+01
3.199928e+01
3.200799e+01
3.201669e+01
3.202539e+01
3.203409e+01
3.204279e+01
3.205150e+01
3.206020e+01
3.206890e+01
3.207760e+01
3.208631e+01
3.209501e+01
3.210371e+01
3.211241e+01
3.212112e+01
3.212982e+01
3.213852e+01
3.214722e+01
3.215593e+01
3.216463e+01
3.217333e+01
3.218203e+01
3.219074e+01
3.219944e+01
3.220814e+01
3.221684e+01
3.222555e+01
3.223425e+01
3.224295e+01
3.225165e+01
3.226036e+01
3.226906e+01
3.227776e+01
3.228646e+01
3.229517e+01
3.230387e+01
3.231257e+01
3.232127e+01
3.232998e+01
3.233868e+01
3.234738e+01
3.235608e+01
3.236479e+01
3.237349e+01
3.238219e+01
3.239089e+01
3.239960e+01
3.240830e+01
3.241700e+01
3.242570e+01
3.243441e+01
3.244311e+01
3.245181e+01
3.246051e+01
3.246922e+01
3.247792e+01
3.248662e+01
3.249532e+01
3.250402e+01
3.251273e+01
3.252143e+01
3.253013e+01
3.253883e+01
3.254754e+01
3.255624e+01
3.256494e+01
3.257364e+01
3.258235e+01
3.259105e+01
3.259975e+01
3.260845e+01
3.261716e+01
3.262586e+01
3.263456e+01
3.264326e+01
3.265197e+01
3.266067e+01
3.266937e+01
3.267807e+01
3.268678e+01
3.269548e+01
3.270418e+01
3.271288e+01
3.272159e+01
3.273029e+01
3.273899e+01
3.274769e+01
3.275640e+01
3.276510e+01
3.277380e+01
3.278250e+01
3.279121e+01
3.279991e+01
3.280861e+01
3.281731e+01
3.282602e+01
3.283472e+01
3.284342e+01
3.285212e+01
3.286083e+01
3.286953e+01
3.287823e+01
3.288693e+01
3.289564e+01
3.290434e+01
3.291304e+01
3.292174e+01
3.293045e+01
3.293915e+01
3.294785e+01
3.295655e+01
3.296525e+01
3.297396e+01
3.298266e+01
3.299136e+01
3.300006e+01
3.300877e+01
3.301747e+01
3.302617e+01
3.303487e+01
3.304358e+01
3.305228e+01
3.306098e+01
3.306968e+01
3.307839e+01
3.308709e+01
3.309579e+01
3.310449e+01
3.311320e+01
3.312190e+01
3.313060e+01
3.313930e+01
3.314801e+01
3.315671e+01
3.316541e+01
3.317411e+01
3.318282e+01
3.319152e+01
3.320022e+01
3.320892e+01
3.321763e+01
3.322633e+01
3.323503e+01
3.324373e+01
3.325244e+01
3.326114e+01
3.326984e+01
3.327854e+01
3.328725e+01
3.329595e+01
3.330465e+01
3.331335e+01
3.332206e+01
3.333076e+01
3.333946e+01
3.334816e+01
3.335687e+01
3.336557e+01
3.337427e+01
3.338297e+01
3.339167e+01
3.340038e+01
3.340908e+01
3.341778e+01
3.342648e+01
3.343519e+01
3.344389e+01
3.345259e+01
3.346129e+01
3.347000e+01
3.347870e+01
3.348740e+01
3.349610e+01
3.350481e+01
3.351351e+01
3.352221e+01
3.353091e+01
3.353962e+01
3.354832e+01
3.355702e+01
3.356572e+01
3.357443e+01
3.358313e+01
3.359183e+01
3.360053e+01
3.360924e+01
3.361794e+01
3.362664e+01
3.363534e+01
3.364405e+01
3.365275e+01
3.366145e+01
3.367015e+01
3.367886e+01
3.368756e+01
3.369626e+01
3.370496e+01
3.371367e+01
3.372237e+01
3.373107e+01
3.373977e+01
3.374848e+01
3.375718e+01
3.376588e+01
3.377458e+01
3.378329e+01
3.379199e+01
3.380069e+01
3.380939e+01
3.381810e+01
3.382680e+01
3.383550e+01
3.384420e+01
3.385290e+01
3.386161e+01
3.387031e+01
3.387901e+01
3.388771e+01
3.389642e+01
3.390512e+01
3.391382e+01
3.392252e+01
3.393123e+01
3.393993e+01
3.394863e+01
3.395733e+01
3.396604e+01
3.397474e+01
3.398344e+01
3.399214e+01
3.400085e+01
3.400955e+01
3.401825e+01
3.402695e+01
3.403566e+01
3.404436e+01
3.405306e+01
3.406176e+01
3.407047e+01
3.407917e+01
3.408787e+01
3.409657e+01
3.410528e+01
3.411398e+01
3.412268e+01
3.413138e+01
3.414009e+01
3.414879e+01
3.415749e+01
3.416619e+01
3.417490e+01
3.418360e+01
3.419230e+01
3.420100e+01
3.420971e+01
3.421841e+01
3.422711e+01
3.423581e+01
3.424452e+01
3.425322e+01
3.426192e+01
3.427062e+01
3.427933e+01
3.428803e+01
3.429673e+01
3.430543e+01
3.431413e+01
3.432284e+01
3.433154e+01
3.434024e+01
3.434894e+01
3.435765e+01
3.436635e+01
3.437505e+01
3.438375e+01
3.439246e+01
3.440116e+01
3.440986e+01
3.441856e+01
3.442727e+01
3.443597e+01
3.444467e+01
3.445337e+01
3.446208e+01
3.447078e+01
3.447948e+01
3.448818e+01
3.449689e+01
3.450559e+01
3.451429e+01
3.452299e+01
3.453170e+01
3.454040e+01
3.454910e+01
3.455780e+01
3.456651e+01
3.457521e+01
3.458391e+01
3.459261e+01
3.460132e+01
3.461002e+01
3.461872e+01
3.462742e+01
3.463613e+01
3.464483e+01
3.465353e+01
3.466223e+01
3.467094e+01
3.467964e+01
3.468834e+01
3.469704e+01
3.470575e+01
3.471445e+01
3.472315e+01
3.473185e+01
3.474056e+01
3.474926e+01
3.475796e+01
3.476666e+01
3.477536e+01
3.478407e+01
3.479277e+01
3.480147e+01
3.481017e+01
3.481888e+01
3.482758e+01
3.483628e+01
3.484498e+01
3.485369e+01
3.486239e+01
3.487109e+01
3.487979e+01
3.488850e+01
3.489720e+01
3.490590e+01
3.491460e+01
3.492331e+01
3.493201e+01
3.494071e+01
3.494941e+01
3.495812e+01
3.496682e+01
3.497552e+01
3.498422e+01
3.499293e+01
3.500163e+01
3.501033e+01
3.501903e+01
3.502774e+01
3.503644e+01
3.504514e+01
3.505384e+01
3.506255e+01
3.507125e+01
3.507995e+01
3.508865e+01
3.509736e+01
3.510606e+01
3.511476e+01
3.512346e+01
3.513217e+01
3.514087e+01
3.514957e+01
3.515827e+01
3.516698e+01
3.517568e+01
3.518438e+01
3.519308e+01
3.520179e+01
3.521049e+01
3.521919e+01
3.522789e+01
3.523659e+01
3.524530e+01
3.525400e+01
3.526270e+01
3.527140e+01
3.528011e+01
3.528881e+01
3.529751e+01
3.530621e+01
3.531492e+01
3.532362e+01
3.533232e+01
3.534102e+01
3.534973e+01
3.535843e+01
3.536713e+01
3.537583e+01
3.538454e+01
3.539324e+01
3.540194e+01
3.541064e+01
3.541935e+01
3.542805e+01
3.543675e+01
3.544545e+01
3.545416e+01
3.546286e+01
3.547156e+01
3.548026e+01
3.548897e+01
3.549767e+01
3.550637e+01
3.551507e+01
3.552378e+01
3.553248e+01
3.554118e+01
3.554988e+01
3.555859e+01
3.556729e+01
3.557599e+01
