5.800000e-01
5.803333e-01
5.806667e-01
5.810000e-01
5.813333e-01
5.816667e-01
5.820000e-01
5.823333e-01
5.826667e-01
5.830000e-01
5.833333e-01
5.836667e-01
5.840000e-01
5.843333e-01
5.846667e-01
5.850000e-01
5.853333e-01
5.856667e-01
5.860000e-01
5.863333e-01
5.866667e-01
5.870000e-01
5.873333e-01
5.876667e-01
5.880000e-01
5.883333e-01
5.886667e-01
5.890000e-01
5.893333e-01
5.896667e-01
5.900000e-01
5.900250e-01
5.900500e-01
5.900750e-01
5.901000e-01
5.901250e-01
5.901500e-01
5.901750e-01
5.902000e-01
5.902250e-01
5.902500e-01
5.902750e-01
5.903000e-01
5.903250e-01
5.903500e-01
5.903750e-01
5.904000e-01
5.904250e-01
5.904500e-01
5.904750e-01
5.905000e-01
5.909750e-01
5.914500e-01
5.919250e-01
5.924000e-01
5.928750e-01
5.933500e-01
5.938250e-01
5.943000e-01
5.947750e-01
5.952500e-01
5.957250e-01
5.962000e-01
5.966750e-01
5.971500e-01
5.976250e-01
5.981000e-01
5.985750e-01
5.990500e-01
5.996500e-01
6.000000e-01
6.003500e-01
6.007000e-01
6.010500e-01
6.014000e-01
6.017500e-01
6.021000e-01
6.024500e-01
6.028000e-01
6.031500e-01
6.035000e-01
6.038500e-01
6.042000e-01
6.045500e-01
6.049000e-01
6.052500e-01
6.056000e-01
6.059500e-01
6.063000e-01
6.066500e-01
6.070000e-01
6.073500e-01
6.077000e-01
6.080500e-01
6.084000e-01
6.087500e-01
6.091000e-01
6.094500e-01
6.098000e-01
6.101500e-01
6.105000e-01
6.109000e-01
6.113000e-01
6.117000e-01
6.121000e-01
6.125000e-01
6.129000e-01
6.133000e-01
6.137000e-01
6.141000e-01
6.145000e-01
6.149000e-01
6.153000e-01
6.157000e-01
6.161000e-01
6.165000e-01
6.169000e-01
6.173000e-01
6.177000e-01
6.181000e-01
6.185000e-01
6.189000e-01
6.193000e-01
6.197000e-01
6.201000e-01
6.205000e-01
6.209000e-01
6.213000e-01
6.217000e-01
6.221000e-01
6.225000e-01
6.229000e-01
6.233000e-01
6.237000e-01
6.241000e-01
6.245000e-01
6.249000e-01
6.253000e-01
6.257000e-01
6.261000e-01
6.265000e-01
6.269000e-01
6.273000e-01
6.277000e-01
6.281000e-01
6.285000e-01
6.289000e-01
6.293000e-01
6.297000e-01
6.301000e-01
6.305000e-01
6.307100e-01
6.309200e-01
6.311300e-01
6.313400e-01
6.315500e-01
6.317600e-01
6.319700e-01
6.321800e-01
6.323900e-01
6.326000e-01
6.328100e-01
6.330200e-01
6.332300e-01
6.334400e-01
6.336500e-01
6.338600e-01
6.340700e-01
6.342800e-01
6.344900e-01
6.347000e-01
6.349100e-01
6.351200e-01
6.353300e-01
6.355400e-01
6.357500e-01
6.359600e-01
6.361700e-01
6.363800e-01
6.365900e-01
6.368000e-01
6.370100e-01
6.372200e-01
6.374300e-01
6.376400e-01
6.378500e-01
6.380600e-01
6.382700e-01
6.384800e-01
6.386900e-01
6.389000e-01
6.391100e-01
6.393200e-01
6.395300e-01
6.397400e-01
6.399500e-01
6.401600e-01
6.403700e-01
6.405800e-01
6.407900e-01
6.410000e-01
6.435950e-01
6.461900e-01
6.487850e-01
6.513800e-01
6.539750e-01
6.565700e-01
6.591650e-01
6.617600e-01
6.643550e-01
6.669500e-01
6.695450e-01
6.721400e-01
6.747350e-01
6.773300e-01
6.799250e-01
6.825200e-01
6.851150e-01
6.877100e-01
6.903050e-01
6.929000e-01
6.954950e-01
6.980900e-01
7.006850e-01
7.032800e-01
7.058750e-01
7.084700e-01
7.110650e-01
7.136600e-01
7.162550e-01
7.188500e-01
7.214450e-01
7.240400e-01
7.266350e-01
7.292300e-01
7.318250e-01
7.344200e-01
7.370150e-01
7.396100e-01
7.422050e-01
7.448000e-01
7.473950e-01
7.499900e-01
7.525850e-01
7.551800e-01
7.577750e-01
7.603700e-01
7.629650e-01
7.655600e-01
7.681550e-01
7.707500e-01
7.733450e-01
7.759400e-01
7.785350e-01
7.811300e-01
7.837250e-01
7.863200e-01
7.889150e-01
7.915100e-01
7.941050e-01
7.967000e-01
7.992950e-01
8.018900e-01
8.044850e-01
8.070800e-01
8.096750e-01
8.122700e-01
8.148650e-01
8.174600e-01
8.200550e-01
8.226500e-01
8.252450e-01
8.278400e-01
8.304350e-01
8.330300e-01
8.356250e-01
8.382200e-01
8.408150e-01
8.434100e-01
8.460050e-01
8.486000e-01
8.511950e-01
8.537900e-01
8.563850e-01
8.589800e-01
8.615750e-01
8.641700e-01
8.667650e-01
8.693600e-01
8.719550e-01
8.745500e-01
8.771450e-01
8.797400e-01
8.823350e-01
8.849300e-01
8.875250e-01
8.901200e-01
8.927150e-01
8.953100e-01
8.979050e-01
9.005000e-01
9.012000e-01
9.019000e-01
9.026000e-01
9.033000e-01
9.040000e-01
9.047000e-01
9.054000e-01
9.061000e-01
9.068000e-01
9.075000e-01
9.082000e-01
9.089000e-01
9.096000e-01
9.103000e-01
9.110000e-01
9.117000e-01
9.124000e-01
9.131000e-01
9.138000e-01
9.145000e-01
9.152000e-01
9.159000e-01
9.166000e-01
9.173000e-01
9.180000e-01
9.187000e-01
9.194000e-01
9.201000e-01
9.208000e-01
9.215000e-01
9.222000e-01
9.229000e-01
9.236000e-01
9.243000e-01
9.250000e-01
9.257000e-01
9.264000e-01
9.271000e-01
9.278000e-01
9.285000e-01
9.292000e-01
9.299000e-01
9.306000e-01
9.313000e-01
9.320000e-01
9.327000e-01
9.334000e-01
9.341000e-01
9.348000e-01
9.355000e-01
9.362000e-01
9.369000e-01
9.376000e-01
9.383000e-01
9.390000e-01
9.397000e-01
9.404000e-01
9.411000e-01
9.418000e-01
9.425000e-01
9.432000e-01
9.439000e-01
9.446000e-01
9.453000e-01
9.460000e-01
9.467000e-01
9.474000e-01
9.481000e-01
9.488000e-01
9.495000e-01
9.502000e-01
9.509000e-01
9.516000e-01
9.523000e-01
9.530000e-01
9.537000e-01
9.544000e-01
9.551000e-01
9.558000e-01
9.565000e-01
9.572000e-01
9.579000e-01
9.586000e-01
9.593000e-01
9.600000e-01
9.607000e-01
9.614000e-01
9.621000e-01
9.628000e-01
9.635000e-01
9.642000e-01
9.649000e-01
9.656000e-01
9.663000e-01
9.670000e-01
9.677000e-01
9.684000e-01
9.691000e-01
9.698000e-01
9.705000e-01
9.712000e-01
9.719000e-01
9.726000e-01
9.733000e-01
9.740000e-01
9.747000e-01
9.754000e-01
9.761000e-01
9.768000e-01
9.775000e-01
9.782000e-01
9.789000e-01
9.796000e-01
9.803000e-01
9.810000e-01
9.817000e-01
9.824000e-01
9.831000e-01
9.838000e-01
9.845000e-01
9.852000e-01
9.859000e-01
9.866000e-01
9.873000e-01
9.880000e-01
9.887000e-01
9.894000e-01
9.901000e-01
9.908000e-01
9.915000e-01
9.922000e-01
9.929000e-01
9.936000e-01
9.943000e-01
9.950000e-01
9.957000e-01
9.964000e-01
9.971000e-01
9.978000e-01
9.985000e-01
9.992000e-01
9.999000e-01
1.000600e+00
1.001300e+00
1.002000e+00
1.002700e+00
1.003400e+00
1.004100e+00
1.004800e+00
1.005500e+00
1.006200e+00
1.006900e+00
1.007600e+00
1.008300e+00
1.009000e+00
1.009700e+00
1.010400e+00
1.011100e+00
1.011800e+00
1.012500e+00
1.013200e+00
1.013900e+00
1.014600e+00
1.015300e+00
1.016000e+00
1.016700e+00
1.017400e+00
1.018100e+00
1.018800e+00
1.019500e+00
1.020200e+00
1.020900e+00
1.021600e+00
1.022300e+00
1.023000e+00
1.023700e+00
1.024400e+00
1.025100e+00
1.025800e+00
1.026500e+00
1.027200e+00
1.027900e+00
1.028600e+00
1.029300e+00
1.030000e+00
1.030700e+00
1.031400e+00
1.032100e+00
1.032800e+00
1.033500e+00
1.034200e+00
1.034900e+00
1.035600e+00
1.036300e+00
1.037000e+00
1.037700e+00
1.038400e+00
1.039100e+00
1.039800e+00
1.040500e+00
1.041200e+00
1.041900e+00
1.042600e+00
1.043300e+00
1.044000e+00
1.044700e+00
1.045400e+00
1.046100e+00
1.046800e+00
1.047500e+00
1.048200e+00
1.048900e+00
1.049600e+00
1.050300e+00
1.051000e+00
1.051700e+00
1.052400e+00
1.053100e+00
1.053800e+00
1.054500e+00
1.055200e+00
1.055900e+00
1.056600e+00
1.057300e+00
1.058000e+00
1.058700e+00
1.059400e+00
1.060100e+00
1.060800e+00
1.061500e+00
1.062200e+00
1.062900e+00
1.063600e+00
1.064300e+00
1.065000e+00
1.065700e+00
1.066400e+00
1.067100e+00
1.067800e+00
1.068500e+00
1.069200e+00
1.069900e+00
1.070600e+00
1.071300e+00
1.072000e+00
1.072700e+00
1.073400e+00
1.074100e+00
1.074800e+00
1.075500e+00
1.076200e+00
1.076900e+00
1.077600e+00
1.078300e+00
1.079000e+00
1.079700e+00
1.080400e+00
1.081100e+00
1.081800e+00
1.082500e+00
1.083200e+00
1.083900e+00
1.084600e+00
1.085300e+00
1.086000e+00
1.086700e+00
1.087400e+00
1.088100e+00
1.088800e+00
1.089500e+00
1.090200e+00
1.090900e+00
1.091600e+00
1.092300e+00
1.093000e+00
1.093700e+00
1.094400e+00
1.095100e+00
1.095800e+00
1.096500e+00
1.097200e+00
1.097900e+00
1.098600e+00
1.099300e+00
1.100000e+00
1.100700e+00
1.101400e+00
1.102100e+00
1.102800e+00
1.103500e+00
1.104200e+00
1.104900e+00
1.105600e+00
1.106300e+00
1.107000e+00
1.107700e+00
1.108400e+00
1.109100e+00
1.109800e+00
1.110500e+00
1.111395e+00
1.112290e+00
1.113185e+00
1.114080e+00
1.114975e+00
1.115870e+00
1.116765e+00
1.117660e+00
1.118555e+00
1.119450e+00
1.120345e+00
1.121240e+00
1.122135e+00
1.123030e+00
1.123925e+00
1.124820e+00
1.125715e+00
1.126610e+00
1.127505e+00
1.128400e+00
1.129295e+00
1.130190e+00
1.131085e+00
1.131980e+00
1.132875e+00
1.133770e+00
1.134665e+00
1.135560e+00
1.136455e+00
1.137350e+00
1.138245e+00
1.139140e+00
1.140035e+00
1.140930e+00
1.141825e+00
1.142720e+00
1.143615e+00
1.144510e+00
1.145405e+00
1.146300e+00
1.147195e+00
1.148090e+00
1.148985e+00
1.149880e+00
1.150775e+00
1.151670e+00
1.152565e+00
1.153460e+00
1.154355e+00
1.155250e+00
1.156145e+00
1.157040e+00
1.157935e+00
1.158830e+00
1.159725e+00
1.160620e+00
1.161515e+00
1.162410e+00
1.163305e+00
1.164200e+00
1.165095e+00
1.165990e+00
1.166885e+00
1.167780e+00
1.168675e+00
1.169570e+00
1.170465e+00
1.171360e+00
1.172255e+00
1.173150e+00
1.174045e+00
1.174940e+00
1.175835e+00
1.176730e+00
1.177625e+00
1.178520e+00
1.179415e+00
1.180310e+00
1.181205e+00
1.182100e+00
1.182995e+00
1.183890e+00
1.184785e+00
1.185680e+00
1.186575e+00
1.187470e+00
1.188365e+00
1.189260e+00
1.190155e+00
1.191050e+00
1.191945e+00
1.192840e+00
1.193735e+00
1.194630e+00
1.195525e+00
1.196420e+00
1.197315e+00
1.198210e+00
1.199105e+00
1.200000e+00
1.207473e+00
1.214947e+00
1.222420e+00
1.229894e+00
1.237367e+00
1.244840e+00
1.252314e+00
1.259787e+00
1.267260e+00
1.274734e+00
1.282207e+00
1.289681e+00
1.297154e+00
1.304627e+00
1.312101e+00
1.319574e+00
1.327048e+00
1.334521e+00
1.341994e+00
1.349468e+00
1.356941e+00
1.364414e+00
1.371888e+00
1.379361e+00
1.386835e+00
1.394308e+00
1.401781e+00
1.409255e+00
1.416728e+00
1.424201e+00
1.431675e+00
1.439148e+00
1.446622e+00
1.454095e+00
1.461568e+00
1.469042e+00
1.476515e+00
1.483989e+00
1.491462e+00
1.498935e+00
1.506409e+00
1.513882e+00
1.521355e+00
1.528829e+00
1.536302e+00
1.543776e+00
1.551249e+00
1.558722e+00
1.566196e+00
1.573669e+00
1.581143e+00
1.588616e+00
1.596089e+00
1.603563e+00
1.611036e+00
1.618509e+00
1.625983e+00
1.633456e+00
1.640930e+00
1.648403e+00
1.655876e+00
1.663350e+00
1.670823e+00
1.678297e+00
1.685770e+00
1.693243e+00
1.700717e+00
1.708190e+00
1.715663e+00
1.723137e+00
1.730610e+00
1.738084e+00
1.745557e+00
1.753030e+00
1.760504e+00
1.767977e+00
1.775451e+00
1.782924e+00
1.790397e+00
1.797871e+00
1.805344e+00
1.812817e+00
1.820291e+00
1.827764e+00
1.835238e+00
1.842711e+00
1.850184e+00
1.857658e+00
1.865131e+00
1.872604e+00
1.880078e+00
1.887551e+00
1.895025e+00
1.902498e+00
1.909971e+00
1.917445e+00
1.924918e+00
1.932392e+00
1.939865e+00
1.947338e+00
1.954812e+00
1.962285e+00
1.969758e+00
1.977232e+00
1.984705e+00
1.992179e+00
1.999652e+00
2.007125e+00
2.014599e+00
2.022072e+00
2.029546e+00
2.037019e+00
2.044492e+00
2.051966e+00
2.059439e+00
2.066912e+00
2.074386e+00
2.081859e+00
2.089333e+00
2.096806e+00
2.104279e+00
2.111753e+00
2.119226e+00
2.126700e+00
2.134173e+00
2.141646e+00
2.149120e+00
2.156593e+00
2.164066e+00
2.171540e+00
2.179013e+00
2.186487e+00
2.193960e+00
2.201433e+00
2.208907e+00
2.216380e+00
2.223854e+00
2.231327e+00
2.238800e+00
2.246274e+00
2.253747e+00
2.261220e+00
2.268694e+00
2.276167e+00
2.283641e+00
2.291114e+00
2.298587e+00
2.306061e+00
2.313534e+00
2.321007e+00
2.328481e+00
2.335954e+00
2.343428e+00
2.350901e+00
2.358374e+00
2.365848e+00
2.373321e+00
2.380795e+00
2.388268e+00
2.395741e+00
2.403215e+00
2.410688e+00
2.418161e+00
2.425635e+00
2.433108e+00
2.440582e+00
2.448055e+00
2.455528e+00
2.463002e+00
2.470475e+00
2.477949e+00
2.485422e+00
2.492895e+00
2.500369e+00
2.507842e+00
2.515315e+00
2.522789e+00
2.530262e+00
2.537736e+00
2.545209e+00
2.552682e+00
2.560156e+00
2.567629e+00
2.575103e+00
2.582576e+00
2.590049e+00
2.597523e+00
2.604996e+00
2.612469e+00
2.619943e+00
2.627416e+00
2.634890e+00
2.642363e+00
2.649836e+00
2.657310e+00
2.664783e+00
2.672257e+00
2.679730e+00
2.687203e+00
2.694677e+00
2.702150e+00
2.709623e+00
2.717097e+00
2.724570e+00
2.732044e+00
2.739517e+00
2.746990e+00
2.754464e+00
2.761937e+00
2.769410e+00
2.776884e+00
2.784357e+00
2.791831e+00
2.799304e+00
2.806777e+00
2.814251e+00
2.821724e+00
2.829198e+00
2.836671e+00
2.844144e+00
2.851618e+00
2.859091e+00
2.866564e+00
2.874038e+00
2.881511e+00
2.888985e+00
2.896458e+00
2.903931e+00
2.911405e+00
2.918878e+00
2.926352e+00
2.933825e+00
2.941298e+00
2.948772e+00
2.956245e+00
2.963718e+00
2.971192e+00
2.978665e+00
2.986139e+00
2.993612e+00
3.001085e+00
3.008559e+00
3.016032e+00
3.023506e+00
3.030979e+00
3.038452e+00
3.045926e+00
3.053399e+00
3.060872e+00
3.068346e+00
3.075819e+00
3.083293e+00
3.090766e+00
3.098239e+00
3.105713e+00
3.113186e+00
3.120660e+00
3.128133e+00
3.135606e+00
3.143080e+00
3.150553e+00
3.158026e+00
3.165500e+00
3.172973e+00
3.180447e+00
3.187920e+00
3.195393e+00
3.202867e+00
3.210340e+00
3.217813e+00
3.225287e+00
3.232760e+00
3.240234e+00
3.247707e+00
3.255180e+00
3.262654e+00
3.270127e+00
3.277601e+00
3.285074e+00
3.292547e+00
3.300021e+00
3.307494e+00
3.314967e+00
3.322441e+00
3.329914e+00
3.337388e+00
3.344861e+00
3.352334e+00
3.359808e+00
3.367281e+00
3.374755e+00
3.382228e+00
3.389701e+00
3.397175e+00
3.404648e+00
3.412121e+00
3.419595e+00
3.427068e+00
3.434542e+00
3.442015e+00
3.449488e+00
3.456962e+00
3.464435e+00
3.471909e+00
3.479382e+00
3.486855e+00
3.494329e+00
3.501802e+00
3.509275e+00
3.516749e+00
3.524222e+00
3.531696e+00
3.539169e+00
3.546642e+00
3.554116e+00
3.561589e+00
3.569063e+00
3.576536e+00
3.584009e+00
3.591483e+00
3.598956e+00
3.606429e+00
3.613903e+00
3.621376e+00
3.628850e+00
3.636323e+00
3.643796e+00
3.651270e+00
3.658743e+00
3.666216e+00
3.673690e+00
3.681163e+00
3.688637e+00
3.696110e+00
3.703583e+00
3.711057e+00
3.718530e+00
3.726004e+00
3.733477e+00
3.740950e+00
3.748424e+00
3.755897e+00
3.763370e+00
3.770844e+00
3.778317e+00
3.785791e+00
3.793264e+00
3.800737e+00
3.808211e+00
3.815684e+00
3.823158e+00
3.830631e+00
3.838104e+00
3.845578e+00
3.853051e+00
3.860524e+00
3.867998e+00
3.875471e+00
3.882945e+00
3.890418e+00
3.897891e+00
3.905365e+00
3.912838e+00
3.920312e+00
3.927785e+00
3.935258e+00
3.942732e+00
3.950205e+00
3.957678e+00
3.965152e+00
3.972625e+00
3.980099e+00
3.987572e+00
3.995045e+00
4.002519e+00
4.009992e+00
4.017466e+00
4.024939e+00
4.032412e+00
4.039886e+00
4.047359e+00
4.054832e+00
4.062306e+00
4.069779e+00
4.077253e+00
4.084726e+00
4.092199e+00
4.099673e+00
4.107146e+00
4.114619e+00
4.122093e+00
4.129566e+00
4.137040e+00
4.144513e+00
4.151986e+00
4.159460e+00
4.166933e+00
4.174407e+00
4.181880e+00
4.189353e+00
4.196827e+00
4.204300e+00
4.211773e+00
4.219247e+00
4.226720e+00
4.234194e+00
4.241667e+00
4.246719e+00
4.251771e+00
4.256823e+00
4.261876e+00
4.266928e+00
4.271980e+00
4.277032e+00
4.282084e+00
4.287137e+00
4.292189e+00
4.297241e+00
4.302293e+00
4.307346e+00
4.312398e+00
4.317450e+00
4.322502e+00
4.327554e+00
4.332607e+00
4.337659e+00
4.342711e+00
4.347763e+00
4.352816e+00
4.357868e+00
4.362920e+00
4.367972e+00
4.373024e+00
4.378077e+00
4.383129e+00
4.388181e+00
4.393233e+00
4.398286e+00
4.403338e+00
4.408390e+00
4.413442e+00
4.418494e+00
4.423547e+00
4.428599e+00
4.433651e+00
4.438703e+00
4.443756e+00
4.448808e+00
4.453860e+00
4.458912e+00
4.463964e+00
4.469017e+00
4.474069e+00
4.479121e+00
4.484173e+00
4.489226e+00
4.494278e+00
4.499330e+00
4.504382e+00
4.509434e+00
4.514487e+00
4.519539e+00
4.524591e+00
4.529643e+00
4.534696e+00
4.539748e+00
4.544800e+00
4.549852e+00
4.554904e+00
4.559957e+00
4.565009e+00
4.570061e+00
4.575113e+00
4.580166e+00
4.585218e+00
4.590270e+00
4.595322e+00
4.600374e+00
4.605427e+00
4.610479e+00
4.615531e+00
4.620583e+00
4.625636e+00
4.630688e+00
4.635740e+00
4.640792e+00
4.645844e+00
4.650897e+00
4.655949e+00
4.661001e+00
4.666053e+00
4.671106e+00
4.676158e+00
4.681210e+00
4.686262e+00
4.691314e+00
4.696367e+00
4.701419e+00
4.706471e+00
4.711523e+00
4.716576e+00
4.721628e+00
4.726680e+00
4.731732e+00
4.736784e+00
4.741837e+00
4.746889e+00
4.751258e+00
4.755626e+00
4.759995e+00
4.764364e+00
4.768732e+00
4.773101e+00
4.777470e+00
4.781839e+00
4.786207e+00
4.790576e+00
4.794945e+00
4.799313e+00
4.803682e+00
4.808051e+00
4.812420e+00
4.816788e+00
4.821157e+00
4.825526e+00
4.829894e+00
4.834263e+00
4.838632e+00
4.843001e+00
4.847369e+00
4.851738e+00
4.856107e+00
4.860475e+00
4.864844e+00
4.869213e+00
4.873582e+00
4.877950e+00
4.882319e+00
4.886688e+00
4.891056e+00
4.895425e+00
4.899794e+00
4.904163e+00
4.908531e+00
4.912900e+00
4.917269e+00
4.921637e+00
4.926006e+00
4.930375e+00
4.934743e+00
4.939112e+00
4.943481e+00
4.947850e+00
4.952218e+00
4.956587e+00
4.960956e+00
4.965324e+00
4.969693e+00
4.974062e+00
4.978431e+00
4.982799e+00
4.987168e+00
4.991537e+00
4.995905e+00
5.000274e+00
5.004643e+00
5.009012e+00
5.013380e+00
5.017749e+00
5.022118e+00
5.026486e+00
5.030855e+00
5.035224e+00
5.039593e+00
5.043961e+00
5.048330e+00
5.052699e+00
5.057067e+00
5.061436e+00
5.065805e+00
5.070174e+00
5.074542e+00
5.078911e+00
5.083280e+00
5.087648e+00
5.092017e+00
5.096386e+00
5.100755e+00
5.105123e+00
5.109492e+00
5.113861e+00
5.118229e+00
5.122598e+00
5.126967e+00
5.131336e+00
5.135704e+00
5.140073e+00
5.144442e+00
5.148810e+00
5.153179e+00
5.157548e+00
5.161917e+00
5.166285e+00
5.170654e+00
5.175023e+00
5.179391e+00
5.183760e+00
5.188129e+00
5.192498e+00
5.196866e+00
5.201235e+00
5.205604e+00
5.209972e+00
5.214341e+00
5.218710e+00
5.223078e+00
5.227447e+00
5.231816e+00
5.236185e+00
5.240553e+00
5.244922e+00
5.249291e+00
5.253659e+00
5.258028e+00
5.262397e+00
5.266766e+00
5.271134e+00
5.275503e+00
5.279872e+00
5.284240e+00
5.288609e+00
5.292978e+00
5.297346e+00
5.301715e+00
5.306084e+00
5.310453e+00
5.314821e+00
5.319190e+00
5.323559e+00
5.327928e+00
5.332297e+00
5.336665e+00
5.341034e+00
5.345402e+00
5.349771e+00
5.354140e+00
5.358509e+00
5.362877e+00
5.367246e+00
5.371615e+00
5.375983e+00
5.380352e+00
5.384721e+00
5.389090e+00
5.393458e+00
5.397827e+00
5.402195e+00
5.406564e+00
5.410933e+00
5.415302e+00
5.419671e+00
5.424039e+00
5.428408e+00
5.432777e+00
5.437146e+00
5.441514e+00
5.445883e+00
5.450251e+00
5.454620e+00
5.458989e+00
5.463358e+00
5.467726e+00
5.472095e+00
5.476464e+00
5.480832e+00
5.485201e+00
5.489570e+00
5.493939e+00
5.498307e+00
5.502676e+00
5.507045e+00
5.511414e+00
5.515782e+00
5.520151e+00
5.524520e+00
5.528888e+00
5.533257e+00
5.537626e+00
5.541995e+00
5.546363e+00
5.550732e+00
5.555100e+00
5.559469e+00
5.563838e+00
5.568207e+00
5.572575e+00
5.576944e+00
5.581313e+00
5.585682e+00
5.590051e+00
5.594419e+00
5.598788e+00
5.603156e+00
5.607525e+00
5.611894e+00
5.616263e+00
5.620631e+00
5.625000e+00
5.629883e+00
5.634766e+00
5.639649e+00
5.644532e+00
5.649415e+00
5.654298e+00
5.659181e+00
5.664064e+00
5.668947e+00
5.673830e+00
5.678713e+00
5.683596e+00
5.688479e+00
5.693362e+00
5.698245e+00
5.703128e+00
5.708011e+00
5.712894e+00
5.717777e+00
5.722660e+00
5.727543e+00
5.732426e+00
5.737309e+00
5.742192e+00
5.747075e+00
5.751958e+00
5.756841e+00
5.761724e+00
5.766607e+00
5.771490e+00
5.776373e+00
5.781256e+00
5.786139e+00
5.791022e+00
5.795905e+00
5.800788e+00
5.805671e+00
5.810554e+00
5.815437e+00
5.820320e+00
5.825203e+00
5.830086e+00
5.834969e+00
5.839852e+00
5.844735e+00
5.849618e+00
5.854501e+00
5.859384e+00
5.864267e+00
5.869150e+00
5.874033e+00
5.878916e+00
5.883799e+00
5.888682e+00
5.893565e+00
5.898448e+00
5.903331e+00
5.908214e+00
5.913097e+00
5.917980e+00
5.922863e+00
5.927746e+00
5.932629e+00
5.937512e+00
5.942395e+00
5.947278e+00
5.952161e+00
5.957044e+00
5.961927e+00
5.966810e+00
5.971693e+00
5.976576e+00
5.981459e+00
5.986343e+00
5.991225e+00
5.996108e+00
6.000991e+00
6.005874e+00
6.010757e+00
6.015640e+00
6.020523e+00
6.025406e+00
6.030289e+00
6.035172e+00
6.040055e+00
6.044938e+00
6.049821e+00
6.054704e+00
6.059587e+00
6.064470e+00
6.069353e+00
6.074236e+00
6.079119e+00
6.084002e+00
6.088885e+00
6.093768e+00
6.098651e+00
6.103534e+00
6.108417e+00
6.113300e+00
6.118183e+00
6.123066e+00
6.127949e+00
6.132832e+00
6.137715e+00
6.142598e+00
6.147481e+00
6.152364e+00
6.157247e+00
6.162130e+00
6.167013e+00
6.171896e+00
6.176779e+00
6.181662e+00
6.186545e+00
6.191428e+00
6.196311e+00
6.201194e+00
6.206077e+00
6.210960e+00
6.215843e+00
6.220726e+00
6.225609e+00
6.230492e+00
6.235375e+00
6.240258e+00
6.245141e+00
6.250024e+00
6.254907e+00
6.259790e+00
6.264673e+00
6.269556e+00
6.274439e+00
6.279322e+00
6.284206e+00
6.289088e+00
6.293971e+00
6.298855e+00
6.303737e+00
6.308620e+00
6.313504e+00
6.318386e+00
6.323269e+00
6.328153e+00
6.333035e+00
6.337918e+00
6.342802e+00
6.347684e+00
6.352567e+00
6.357451e+00
6.362333e+00
6.367216e+00
6.372100e+00
6.376982e+00
6.381865e+00
6.386749e+00
6.391631e+00
6.396514e+00
6.401398e+00
6.406280e+00
6.411163e+00
6.416047e+00
6.420929e+00
6.425812e+00
6.430696e+00
6.435578e+00
6.440461e+00
6.445345e+00
6.450227e+00
6.455110e+00
6.459994e+00
6.464876e+00
6.469759e+00
6.474643e+00
6.479525e+00
6.484408e+00
6.489292e+00
6.494174e+00
6.499057e+00
6.503941e+00
6.508823e+00
6.513706e+00
6.518590e+00
6.523472e+00
6.528355e+00
6.533239e+00
6.538121e+00
6.543004e+00
6.547888e+00
6.552770e+00
6.557653e+00
6.562537e+00
6.567419e+00
6.572302e+00
6.577186e+00
6.582069e+00
6.586951e+00
6.591835e+00
6.596718e+00
6.601600e+00
6.606484e+00
6.611367e+00
6.616249e+00
6.621133e+00
6.626016e+00
6.630898e+00
6.635782e+00
6.640665e+00
6.645547e+00
6.650431e+00
6.655314e+00
6.660196e+00
6.665080e+00
6.669963e+00
6.674845e+00
6.679729e+00
6.684612e+00
6.689494e+00
6.694378e+00
6.699261e+00
6.704143e+00
6.709027e+00
6.713910e+00
6.718792e+00
6.723676e+00
6.728559e+00
6.733441e+00
6.738324e+00
6.743208e+00
6.748090e+00
6.752973e+00
6.757857e+00
6.762739e+00
6.767622e+00
6.772506e+00
6.777388e+00
6.782271e+00
6.787155e+00
6.792037e+00
6.796920e+00
6.801804e+00
6.806686e+00
6.811569e+00
6.816453e+00
6.821335e+00
6.826218e+00
6.831102e+00
6.835984e+00
6.840867e+00
6.845751e+00
6.850633e+00
6.855516e+00
6.860400e+00
6.865282e+00
6.870165e+00
6.875049e+00
6.879931e+00
6.884814e+00
6.889698e+00
6.894581e+00
6.899463e+00
6.904347e+00
6.909230e+00
6.914112e+00
6.918996e+00
6.923879e+00
6.928761e+00
6.933645e+00
6.938528e+00
6.943410e+00
6.948294e+00
6.953177e+00
6.958059e+00
6.962943e+00
6.967826e+00
6.972708e+00
6.977592e+00
6.982475e+00
6.987357e+00
6.992241e+00
6.997124e+00
7.002006e+00
7.006890e+00
7.011773e+00
7.016655e+00
7.021539e+00
7.026422e+00
7.031304e+00
7.036188e+00
7.041071e+00
7.045953e+00
7.050837e+00
7.055720e+00
7.060602e+00
7.065486e+00
7.070369e+00
7.075251e+00
7.080135e+00
7.085018e+00
7.089900e+00
7.094784e+00
7.099667e+00
7.104980e+00
7.110292e+00
7.115605e+00
7.120918e+00
7.126231e+00
7.131544e+00
7.136857e+00
7.142170e+00
7.147482e+00
7.152796e+00
7.158108e+00
7.163421e+00
7.168734e+00
7.174047e+00
7.179360e+00
7.184673e+00
7.189986e+00
7.195298e+00
7.200611e+00
7.205925e+00
7.211237e+00
7.216550e+00
7.221863e+00
7.227176e+00
7.232488e+00
7.237802e+00
7.243115e+00
7.248427e+00
7.253740e+00
7.259053e+00
7.264366e+00
7.269679e+00
7.274992e+00
7.280305e+00
7.285617e+00
7.290930e+00
7.296243e+00
7.301556e+00
7.306869e+00
7.312182e+00
7.317495e+00
7.322807e+00
7.328121e+00
7.333433e+00
7.338746e+00
7.344059e+00
7.349372e+00
7.354685e+00
7.359998e+00
7.365311e+00
7.370623e+00
7.375936e+00
7.381250e+00
7.386562e+00
7.391875e+00
7.397188e+00
7.402501e+00
7.407813e+00
7.413127e+00
7.418440e+00
7.423752e+00
7.429065e+00
7.434378e+00
7.439691e+00
7.445004e+00
7.450317e+00
7.455630e+00
7.460942e+00
7.466256e+00
7.471568e+00
7.476881e+00
7.482194e+00
7.487507e+00
7.492820e+00
7.498132e+00
7.503446e+00
7.508758e+00
7.514071e+00
7.519384e+00
7.524697e+00
7.530010e+00
7.535323e+00
7.540636e+00
7.545948e+00
7.551261e+00
7.556575e+00
7.561887e+00
7.567200e+00
7.572513e+00
7.577826e+00
7.583139e+00
7.588452e+00
7.593765e+00
7.599077e+00
7.604390e+00
7.609703e+00
7.615016e+00
7.620329e+00
7.625642e+00
7.630955e+00
7.636267e+00
7.641581e+00
7.646893e+00
7.652206e+00
7.657519e+00
7.662832e+00
7.668145e+00
7.673457e+00
7.678771e+00
7.684083e+00
7.689396e+00
7.694709e+00
7.700022e+00
7.705335e+00
7.710648e+00
7.715961e+00
7.721274e+00
7.726586e+00
7.731900e+00
7.737212e+00
7.742525e+00
7.747838e+00
7.753151e+00
7.758464e+00
7.763777e+00
7.769090e+00
7.774402e+00
7.779715e+00
7.785028e+00
7.790341e+00
7.795654e+00
7.800967e+00
7.806280e+00
7.811592e+00
7.816906e+00
7.822218e+00
7.827531e+00
7.832844e+00
7.838157e+00
7.843470e+00
7.848783e+00
7.854096e+00
7.859409e+00
7.864721e+00
7.870034e+00
7.875347e+00
7.880660e+00
7.885973e+00
7.891286e+00
7.896599e+00
7.901911e+00
7.907225e+00
7.912537e+00
7.917850e+00
7.923163e+00
7.928476e+00
7.933789e+00
7.939102e+00
7.944415e+00
7.949727e+00
7.955040e+00
7.960353e+00
7.965666e+00
7.970979e+00
7.976292e+00
7.981605e+00
7.986917e+00
7.992231e+00
7.997544e+00
8.002856e+00
8.008169e+00
8.013482e+00
8.018795e+00
8.024108e+00
8.029421e+00
8.034734e+00
8.040046e+00
8.045359e+00
8.050672e+00
8.055985e+00
8.061298e+00
8.066611e+00
8.071924e+00
8.077236e+00
8.082550e+00
8.087862e+00
8.093175e+00
8.098488e+00
8.103801e+00
8.109114e+00
8.114427e+00
8.119740e+00
8.125052e+00
8.130365e+00
8.135679e+00
8.140991e+00
8.146304e+00
8.151617e+00
8.156930e+00
8.162242e+00
8.167556e+00
8.172970e+00
8.178384e+00
8.183797e+00
8.189211e+00
8.194626e+00
8.200040e+00
8.205454e+00
8.210868e+00
8.216282e+00
8.221696e+00
8.227110e+00
8.232524e+00
8.237938e+00
8.243352e+00
8.248766e+00
8.254180e+00
8.259594e+00
8.265008e+00
8.270422e+00
8.275837e+00
8.281250e+00
8.286664e+00
8.292078e+00
8.297493e+00
8.302907e+00
8.308321e+00
8.313734e+00
8.319149e+00
8.324563e+00
8.329977e+00
8.335391e+00
8.340805e+00
8.346219e+00
8.351633e+00
8.357047e+00
8.362461e+00
8.367875e+00
8.373289e+00
8.378703e+00
8.384117e+00
8.389531e+00
8.394945e+00
8.400360e+00
8.405774e+00
8.411187e+00
8.416601e+00
8.422015e+00
8.427430e+00
8.432844e+00
8.438258e+00
8.443671e+00
8.449086e+00
8.454500e+00
8.459914e+00
8.465328e+00
8.470742e+00
8.476156e+00
8.481570e+00
8.486984e+00
8.492398e+00
8.497812e+00
8.503226e+00
8.508640e+00
8.514054e+00
8.519468e+00
8.524882e+00
8.530297e+00
8.535710e+00
8.541124e+00
8.546538e+00
8.551952e+00
8.557367e+00
8.562781e+00
8.568194e+00
8.573608e+00
8.579023e+00
8.584437e+00
8.589851e+00
8.595265e+00
8.600679e+00
8.606093e+00
8.611507e+00
8.616921e+00
8.622335e+00
8.627749e+00
8.633163e+00
8.638577e+00
8.643991e+00
8.649405e+00
8.654819e+00
8.660234e+00
8.665647e+00
8.671061e+00
8.676475e+00
8.681889e+00
8.687304e+00
8.692718e+00
8.698131e+00
8.703545e+00
8.708960e+00
8.714374e+00
8.719788e+00
8.725202e+00
8.730616e+00
8.736030e+00
8.741444e+00
8.746858e+00
8.752272e+00
8.757686e+00
8.763100e+00
8.768514e+00
8.773928e+00
8.779342e+00
8.784756e+00
8.790171e+00
8.795584e+00
8.800998e+00
8.806412e+00
8.811827e+00
8.817241e+00
8.822655e+00
8.828068e+00
8.833482e+00
8.838897e+00
8.844311e+00
8.849725e+00
8.855139e+00
8.860553e+00
8.865967e+00
8.871381e+00
8.876795e+00
8.882209e+00
8.887623e+00
8.893037e+00
8.898451e+00
8.903865e+00
8.909279e+00
8.914693e+00
8.920107e+00
8.925521e+00
8.930935e+00
8.936349e+00
8.941764e+00
8.947178e+00
8.952591e+00
8.958005e+00
8.963419e+00
8.968834e+00
8.974248e+00
8.979662e+00
8.985075e+00
8.990490e+00
8.995904e+00
9.001318e+00
9.006732e+00
9.012146e+00
9.017560e+00
9.022974e+00
9.028388e+00
9.033802e+00
9.039216e+00
9.044630e+00
9.050044e+00
9.055458e+00
9.060872e+00
9.066286e+00
9.071701e+00
9.077115e+00
9.082528e+00
9.087942e+00
9.093357e+00
9.098771e+00
9.104185e+00
9.109599e+00
9.115012e+00
9.120427e+00
9.125841e+00
9.131255e+00
9.136669e+00
9.142083e+00
9.147497e+00
9.152911e+00
9.158325e+00
9.163739e+00
9.169153e+00
9.174567e+00
9.179981e+00
9.185395e+00
9.190809e+00
9.196223e+00
9.201638e+00
9.207052e+00
9.212465e+00
9.217879e+00
9.223294e+00
9.228708e+00
9.234122e+00
9.239536e+00
9.244949e+00
9.250364e+00
9.255778e+00
9.261491e+00
9.267205e+00
9.272918e+00
9.278631e+00
9.284344e+00
9.290058e+00
9.295771e+00
9.301485e+00
9.307198e+00
9.312912e+00
9.318625e+00
9.324339e+00
9.330052e+00
9.335765e+00
9.341478e+00
9.347192e+00
9.352905e+00
9.358619e+00
9.364332e+00
9.370046e+00
9.375759e+00
9.381472e+00
9.387186e+00
9.392899e+00
9.398612e+00
9.404326e+00
9.410039e+00
9.415753e+00
9.421466e+00
9.427180e+00
9.432893e+00
9.438606e+00
9.444319e+00
9.450033e+00
9.455746e+00
9.461460e+00
9.467173e+00
9.472887e+00
9.478600e+00
9.484314e+00
9.490027e+00
9.495740e+00
9.501453e+00
9.507167e+00
9.512880e+00
9.518594e+00
9.524307e+00
9.530021e+00
9.535734e+00
9.541448e+00
9.547161e+00
9.552874e+00
9.558587e+00
9.564301e+00
9.570014e+00
9.575728e+00
9.581441e+00
9.587155e+00
9.592868e+00
9.598581e+00
9.604294e+00
9.610008e+00
9.615721e+00
9.621435e+00
9.627148e+00
9.632862e+00
9.638575e+00
9.644289e+00
9.650002e+00
9.655715e+00
9.661428e+00
9.667142e+00
9.672855e+00
9.678569e+00
9.684282e+00
9.689996e+00
9.695709e+00
9.701423e+00
9.707136e+00
9.712849e+00
9.718562e+00
9.724276e+00
9.729989e+00
9.735703e+00
9.741416e+00
9.747130e+00
9.752843e+00
9.758556e+00
9.764270e+00
9.769983e+00
9.775696e+00
9.781410e+00
9.787123e+00
9.792837e+00
9.798550e+00
9.804264e+00
9.809977e+00
9.815690e+00
9.821403e+00
9.827117e+00
9.832830e+00
9.838544e+00
9.844257e+00
9.849971e+00
9.855684e+00
9.861398e+00
9.867111e+00
9.872824e+00
9.878537e+00
9.884251e+00
9.889964e+00
9.895678e+00
9.901391e+00
9.907105e+00
9.912818e+00
9.918532e+00
9.924245e+00
9.929958e+00
9.935671e+00
9.941385e+00
9.947098e+00
9.952812e+00
9.958525e+00
9.964239e+00
9.969952e+00
9.975665e+00
9.981379e+00
9.987092e+00
9.992805e+00
9.998519e+00
1.000423e+01
1.000995e+01
1.001566e+01
1.002137e+01
1.002709e+01
1.003280e+01
1.003851e+01
1.004423e+01
1.004994e+01
1.005565e+01
1.006137e+01
1.006708e+01
1.007279e+01
1.007851e+01
1.008422e+01
1.008993e+01
1.009565e+01
1.010136e+01
1.010707e+01
1.011279e+01
1.011850e+01
1.012421e+01
1.012993e+01
1.013564e+01
1.014135e+01
1.014707e+01
1.015278e+01
1.015849e+01
1.016421e+01
1.016992e+01
1.017563e+01
1.018135e+01
1.018706e+01
1.019277e+01
1.019849e+01
1.020420e+01
1.020991e+01
1.021563e+01
1.022134e+01
1.022705e+01
1.023277e+01
1.023848e+01
1.024419e+01
1.024991e+01
1.025562e+01
1.026133e+01
1.026705e+01
1.027276e+01
1.027848e+01
1.028419e+01
1.028990e+01
1.029561e+01
1.030133e+01
1.030704e+01
1.031276e+01
1.031847e+01
1.032418e+01
1.032990e+01
1.033561e+01
1.034132e+01
1.034704e+01
1.035275e+01
1.035846e+01
1.036418e+01
1.036989e+01
1.037560e+01
1.038132e+01
1.038703e+01
1.039274e+01
1.039846e+01
1.040417e+01
1.040988e+01
1.041560e+01
1.042131e+01
1.042702e+01
1.043274e+01
1.043845e+01
1.044416e+01
1.044988e+01
1.045559e+01
1.046130e+01
1.046702e+01
1.047273e+01
1.047844e+01
1.048416e+01
1.048987e+01
1.049558e+01
1.050130e+01
1.050701e+01
1.051272e+01
1.051844e+01
1.052415e+01
1.052986e+01
1.053558e+01
1.054129e+01
1.054700e+01
1.055272e+01
1.055843e+01
1.056414e+01
1.056986e+01
1.057557e+01
1.058128e+01
1.058700e+01
1.059271e+01
1.059843e+01
1.060414e+01
1.060985e+01
1.061556e+01
1.062128e+01
1.062699e+01
1.063271e+01
1.063842e+01
1.064413e+01
1.064985e+01
1.065556e+01
1.066127e+01
1.066699e+01
1.067270e+01
1.067841e+01
1.068413e+01
1.068984e+01
1.069555e+01
1.070127e+01
1.070698e+01
1.071269e+01
1.071841e+01
1.072412e+01
1.072983e+01
1.073555e+01
1.074126e+01
1.074697e+01
1.075269e+01
1.075840e+01
1.076411e+01
1.076983e+01
1.077554e+01
1.078125e+01
1.078697e+01
1.079268e+01
1.079839e+01
1.080411e+01
1.080982e+01
1.081553e+01
1.082125e+01
1.082696e+01
1.083267e+01
1.083839e+01
1.084410e+01
1.084981e+01
1.085553e+01
1.086124e+01
1.086695e+01
1.087267e+01
1.087838e+01
1.088409e+01
1.088981e+01
1.089552e+01
1.090123e+01
1.090695e+01
1.091266e+01
1.091838e+01
1.092409e+01
1.092980e+01
1.093552e+01
1.094123e+01
1.094694e+01
1.095266e+01
1.095837e+01
1.096408e+01
1.096980e+01
1.097551e+01
1.098122e+01
1.098613e+01
1.099104e+01
1.099595e+01
1.100086e+01
1.100577e+01
1.101068e+01
1.101559e+01
1.102050e+01
1.102541e+01
1.103032e+01
1.103523e+01
1.104014e+01
1.104505e+01
1.104996e+01
1.105487e+01
1.105978e+01
1.106469e+01
1.106960e+01
1.107451e+01
1.107942e+01
1.108433e+01
1.108924e+01
1.109415e+01
1.109906e+01
1.110397e+01
1.110888e+01
1.111379e+01
1.111870e+01
1.112361e+01
1.112852e+01
1.113343e+01
1.113834e+01
1.114325e+01
1.114816e+01
1.115307e+01
1.115798e+01
1.116289e+01
1.116780e+01
1.117271e+01
1.117762e+01
1.118253e+01
1.118744e+01
1.119235e+01
1.119726e+01
1.120217e+01
1.120708e+01
1.121199e+01
1.121690e+01
1.122181e+01
1.122672e+01
1.123163e+01
1.123654e+01
1.124145e+01
1.124636e+01
1.125127e+01
1.125618e+01
1.126109e+01
1.126600e+01
1.127091e+01
1.127582e+01
1.128073e+01
1.128564e+01
1.129055e+01
1.129546e+01
1.130037e+01
1.130528e+01
1.131019e+01
1.131510e+01
1.132001e+01
1.132492e+01
1.132983e+01
1.133474e+01
1.133965e+01
1.134456e+01
1.134947e+01
1.135438e+01
1.135929e+01
1.136420e+01
1.136911e+01
1.137402e+01
1.137893e+01
1.138384e+01
1.138875e+01
1.139365e+01
1.139856e+01
1.140347e+01
1.140838e+01
1.141330e+01
1.141821e+01
1.142311e+01
1.142802e+01
1.143293e+01
1.143784e+01
1.144275e+01
1.144766e+01
1.145257e+01
1.145748e+01
1.146239e+01
1.146730e+01
1.147221e+01
1.147712e+01
1.148203e+01
1.148694e+01
1.149185e+01
1.149676e+01
1.150167e+01
1.150658e+01
1.151149e+01
1.151640e+01
1.152131e+01
1.152622e+01
1.153113e+01
1.153604e+01
1.154095e+01
1.154586e+01
1.155077e+01
1.155568e+01
1.156059e+01
1.156550e+01
1.157041e+01
1.157532e+01
1.158023e+01
1.158514e+01
1.159005e+01
1.159496e+01
1.159987e+01
1.160478e+01
1.160969e+01
1.161460e+01
1.161951e+01
1.162442e+01
1.162933e+01
1.163424e+01
1.163915e+01
1.164406e+01
1.164897e+01
1.165388e+01
1.165879e+01
1.166370e+01
1.166861e+01
1.167352e+01
1.167843e+01
1.168334e+01
1.168825e+01
1.169316e+01
1.169807e+01
1.170298e+01
1.170789e+01
1.171280e+01
1.171771e+01
1.172262e+01
1.172753e+01
1.173244e+01
1.173735e+01
1.174226e+01
1.174717e+01
1.175208e+01
1.175699e+01
1.176190e+01
1.176681e+01
1.177172e+01
1.177663e+01
1.178154e+01
1.178645e+01
1.179136e+01
1.179627e+01
1.180118e+01
1.180609e+01
1.181100e+01
1.181591e+01
1.182082e+01
1.182573e+01
1.183064e+01
1.183555e+01
1.184046e+01
1.184537e+01
1.185028e+01
1.185519e+01
1.186010e+01
1.186501e+01
1.186992e+01
1.187483e+01
1.187974e+01
1.188465e+01
1.188956e+01
1.189447e+01
1.189938e+01
1.190429e+01
1.190920e+01
1.191411e+01
1.191902e+01
1.192393e+01
1.192884e+01
1.193375e+01
1.193866e+01
1.194357e+01
1.194848e+01
1.195339e+01
1.195830e+01
1.196321e+01
1.196812e+01
1.197303e+01
1.197794e+01
1.198284e+01
1.198775e+01
1.199266e+01
1.199757e+01
1.200248e+01
1.200739e+01
1.201230e+01
1.201721e+01
1.202212e+01
1.202703e+01
1.203194e+01
1.203685e+01
1.204176e+01
1.204667e+01
1.205158e+01
1.205649e+01
1.206140e+01
1.206631e+01
1.207122e+01
1.207613e+01
1.208104e+01
1.208595e+01
1.209086e+01
1.209577e+01
1.210068e+01
1.210559e+01
1.211050e+01
1.211541e+01
1.212032e+01
1.212523e+01
1.213014e+01
1.213505e+01
1.213996e+01
1.214487e+01
1.214978e+01
1.215469e+01
1.215960e+01
1.216451e+01
1.216942e+01
1.217433e+01
1.217924e+01
1.218415e+01
1.218906e+01
1.219397e+01
1.219888e+01
1.220379e+01
1.220870e+01
1.221361e+01
1.221852e+01
1.222343e+01
1.222834e+01
1.223325e+01
1.223816e+01
1.224307e+01
1.224798e+01
1.225289e+01
1.225780e+01
1.226271e+01
1.226762e+01
1.227253e+01
1.227744e+01
1.228235e+01
1.228726e+01
1.229217e+01
1.229708e+01
1.230199e+01
1.230690e+01
1.231181e+01
1.231672e+01
1.232163e+01
1.232654e+01
1.233145e+01
1.233636e+01
1.234127e+01
1.234618e+01
1.235109e+01
1.235600e+01
1.236091e+01
1.236582e+01
1.237073e+01
1.237564e+01
1.238055e+01
1.238546e+01
1.239037e+01
1.239528e+01
1.240019e+01
1.240510e+01
1.241001e+01
1.241492e+01
1.241983e+01
1.242474e+01
1.242965e+01
1.243456e+01
1.243947e+01
1.244438e+01
1.244929e+01
1.245420e+01
1.245911e+01
1.246402e+01
1.246893e+01
1.247384e+01
1.247875e+01
1.248366e+01
1.248857e+01
1.249348e+01
1.249839e+01
1.250330e+01
1.250821e+01
1.251312e+01
1.251803e+01
1.252294e+01
1.252785e+01
1.253276e+01
1.253767e+01
1.254258e+01
1.254749e+01
1.255240e+01
1.255731e+01
1.256222e+01
1.256713e+01
1.257204e+01
1.257694e+01
1.258185e+01
1.258676e+01
1.259167e+01
1.259658e+01
1.260149e+01
1.260640e+01
1.261131e+01
1.261622e+01
1.262113e+01
1.262604e+01
1.263095e+01
1.263586e+01
1.264077e+01
1.264568e+01
1.265059e+01
1.265550e+01
1.266041e+01
1.266532e+01
1.267023e+01
1.267514e+01
1.268005e+01
1.268496e+01
1.268987e+01
1.269478e+01
1.269969e+01
1.270460e+01
1.270951e+01
1.271442e+01
1.271933e+01
1.272424e+01
1.272915e+01
1.273406e+01
1.273897e+01
1.274388e+01
1.274879e+01
1.275370e+01
1.275861e+01
1.276352e+01
1.276843e+01
1.277334e+01
1.277825e+01
1.278316e+01
1.278807e+01
1.279298e+01
1.279789e+01
1.280280e+01
1.280771e+01
1.281262e+01
1.281753e+01
1.282244e+01
1.282735e+01
1.283226e+01
1.283717e+01
1.284208e+01
1.284699e+01
1.285190e+01
1.285681e+01
1.286172e+01
1.286663e+01
1.287154e+01
1.287645e+01
1.288136e+01
1.288627e+01
1.289118e+01
1.289609e+01
1.290100e+01
1.290591e+01
1.291082e+01
1.291573e+01
1.292064e+01
1.292555e+01
1.293046e+01
1.293537e+01
1.294028e+01
1.294519e+01
1.295010e+01
1.295501e+01
1.295992e+01
1.296483e+01
1.296974e+01
1.297465e+01
1.297956e+01
1.298447e+01
1.298938e+01
1.299429e+01
1.299920e+01
1.300411e+01
1.300902e+01
1.301393e+01
1.301884e+01
1.302375e+01
1.302866e+01
1.303357e+01
1.303848e+01
1.304339e+01
1.304830e+01
1.305321e+01
1.305812e+01
1.306303e+01
1.306794e+01
1.307285e+01
1.307776e+01
1.308267e+01
1.308758e+01
1.309249e+01
1.309740e+01
1.310231e+01
1.310722e+01
1.311213e+01
1.311704e+01
1.312195e+01
1.312686e+01
1.313177e+01
1.313667e+01
1.314159e+01
1.314650e+01
1.315141e+01
1.315632e+01
1.316123e+01
1.316613e+01
1.317104e+01
1.317595e+01
1.318086e+01
1.318577e+01
1.319068e+01
1.319559e+01
1.320050e+01
1.320541e+01
1.321032e+01
1.321523e+01
1.322014e+01
1.322505e+01
1.322996e+01
1.323487e+01
1.323978e+01
1.324469e+01
1.324960e+01
1.325451e+01
1.325942e+01
1.326433e+01
1.326924e+01
1.327415e+01
1.327906e+01
1.328397e+01
1.328888e+01
1.329379e+01
1.329870e+01
1.330361e+01
1.330852e+01
1.331343e+01
1.331834e+01
1.332325e+01
1.332816e+01
1.333307e+01
1.333798e+01
1.334289e+01
1.334780e+01
1.335271e+01
1.335762e+01
1.336253e+01
1.336744e+01
1.337235e+01
1.337726e+01
1.338217e+01
1.338708e+01
1.339199e+01
1.339690e+01
1.340181e+01
1.340672e+01
1.341163e+01
1.341654e+01
1.342145e+01
1.342636e+01
1.343127e+01
1.343618e+01
1.344109e+01
1.344600e+01
1.344734e+01
1.344867e+01
1.345001e+01
1.345134e+01
1.345268e+01
1.345401e+01
1.345535e+01
1.345669e+01
1.345802e+01
1.345936e+01
1.346069e+01
1.346203e+01
1.346336e+01
1.346470e+01
1.346604e+01
1.346737e+01
1.346871e+01
1.347004e+01
1.347138e+01
1.347272e+01
1.347405e+01
1.347539e+01
1.347672e+01
1.347806e+01
1.347939e+01
1.348073e+01
1.348207e+01
1.348340e+01
1.348474e+01
1.348607e+01
1.348741e+01
1.348874e+01
1.349008e+01
1.349142e+01
1.349275e+01
1.349409e+01
1.349542e+01
1.349676e+01
1.349809e+01
1.349943e+01
1.350077e+01
1.350210e+01
1.350344e+01
1.350477e+01
1.350611e+01
1.350744e+01
1.350878e+01
1.351012e+01
1.351145e+01
1.351279e+01
1.351412e+01
1.351546e+01
1.351680e+01
1.351813e+01
1.351947e+01
1.352080e+01
1.352214e+01
1.352347e+01
1.352481e+01
1.352615e+01
1.352748e+01
1.352882e+01
1.353015e+01
1.353149e+01
1.353282e+01
1.353416e+01
1.353550e+01
1.353683e+01
1.353817e+01
1.353950e+01
1.354084e+01
1.354217e+01
1.354351e+01
1.354485e+01
1.354618e+01
1.354752e+01
1.354885e+01
1.355019e+01
1.355153e+01
1.355286e+01
1.355420e+01
1.355553e+01
1.355687e+01
1.355820e+01
1.355954e+01
1.356088e+01
1.356221e+01
1.356355e+01
1.356488e+01
1.356622e+01
1.356755e+01
1.356889e+01
1.357023e+01
1.357156e+01
1.357290e+01
1.357423e+01
1.357557e+01
1.357691e+01
1.357824e+01
1.357958e+01
1.358091e+01
1.358225e+01
1.358358e+01
1.358492e+01
1.358625e+01
1.358759e+01
1.358893e+01
1.359026e+01
1.359160e+01
1.359293e+01
1.359427e+01
1.359561e+01
1.359694e+01
1.359828e+01
1.359961e+01
1.360095e+01
1.360228e+01
1.360362e+01
1.360496e+01
1.360629e+01
1.360763e+01
1.360896e+01
1.361030e+01
1.361163e+01
1.361297e+01
1.361431e+01
1.361564e+01
1.361698e+01
1.361831e+01
1.361965e+01
1.362099e+01
1.362232e+01
1.362366e+01
1.362499e+01
1.362633e+01
1.362766e+01
1.362900e+01
1.363034e+01
1.363167e+01
1.363301e+01
1.363434e+01
1.363568e+01
1.363701e+01
1.363835e+01
1.363969e+01
1.364102e+01
1.364236e+01
1.364369e+01
1.364503e+01
1.364636e+01
1.364770e+01
1.364904e+01
1.365037e+01
1.365171e+01
1.365304e+01
1.365438e+01
1.365571e+01
1.365705e+01
1.365839e+01
1.365972e+01
1.366106e+01
1.366239e+01
1.366373e+01
1.366507e+01
1.366640e+01
1.366774e+01
1.366907e+01
1.367041e+01
1.367174e+01
1.367308e+01
1.367442e+01
1.367575e+01
1.367709e+01
1.367842e+01
1.367976e+01
1.368109e+01
1.368243e+01
1.368377e+01
1.368510e+01
1.368644e+01
1.368777e+01
1.368911e+01
1.369044e+01
1.369178e+01
1.369312e+01
1.369445e+01
1.369579e+01
1.369712e+01
1.369846e+01
1.369980e+01
1.370113e+01
1.370247e+01
1.370380e+01
1.370514e+01
1.370647e+01
1.370781e+01
1.370915e+01
1.371048e+01
1.371182e+01
1.371315e+01
1.371449e+01
1.371582e+01
1.371716e+01
1.371850e+01
1.371983e+01
1.372117e+01
1.372250e+01
1.372384e+01
1.372517e+01
1.372651e+01
1.372785e+01
1.372918e+01
1.373052e+01
1.373185e+01
1.373319e+01
1.373452e+01
1.373586e+01
1.373720e+01
1.373853e+01
1.373987e+01
1.374120e+01
1.374254e+01
1.374388e+01
1.374521e+01
1.374655e+01
1.374788e+01
1.374922e+01
1.375055e+01
1.375189e+01
1.375323e+01
1.375456e+01
1.375590e+01
1.375723e+01
1.375857e+01
1.375990e+01
1.376124e+01
1.376258e+01
1.376391e+01
1.376525e+01
1.376658e+01
1.376792e+01
1.376925e+01
1.377059e+01
1.377193e+01
1.377326e+01
1.377460e+01
1.377593e+01
1.377727e+01
1.377860e+01
1.377994e+01
1.378128e+01
1.378261e+01
1.378395e+01
1.378528e+01
1.378662e+01
1.378796e+01
1.378929e+01
1.379063e+01
1.379196e+01
1.379330e+01
1.379463e+01
1.379597e+01
1.379731e+01
1.379864e+01
1.379998e+01
1.380131e+01
1.380265e+01
1.380398e+01
1.380532e+01
1.380666e+01
1.380799e+01
1.380933e+01
1.381066e+01
1.381200e+01
1.381333e+01
1.381467e+01
1.381601e+01
1.381734e+01
1.381868e+01
1.382001e+01
1.382135e+01
1.382268e+01
1.382402e+01
1.382536e+01
1.382669e+01
1.382803e+01
1.382936e+01
1.383070e+01
1.383204e+01
1.383337e+01
1.383471e+01
1.383604e+01
1.383738e+01
1.383871e+01
1.384005e+01
1.384139e+01
1.384272e+01
1.384406e+01
1.384539e+01
1.384673e+01
1.384806e+01
1.384940e+01
1.385074e+01
1.385207e+01
1.385341e+01
1.385474e+01
1.385608e+01
1.385742e+01
1.385875e+01
1.386009e+01
1.386142e+01
1.386276e+01
1.386409e+01
1.386543e+01
1.386677e+01
1.386810e+01
1.386944e+01
1.387077e+01
1.387211e+01
1.387344e+01
1.387478e+01
1.387612e+01
1.387745e+01
1.387879e+01
1.388012e+01
1.388146e+01
1.388279e+01
1.388413e+01
1.388547e+01
1.388680e+01
1.388814e+01
1.388947e+01
1.389081e+01
1.389215e+01
1.389348e+01
1.389482e+01
1.389615e+01
1.389749e+01
1.389882e+01
1.390016e+01
1.390150e+01
1.390283e+01
1.390417e+01
1.390550e+01
1.390684e+01
1.390817e+01
1.390951e+01
1.391085e+01
1.391218e+01
1.391352e+01
1.391485e+01
1.391619e+01
1.391752e+01
1.391886e+01
1.392020e+01
1.392153e+01
1.392287e+01
1.392420e+01
1.392554e+01
1.392687e+01
1.392821e+01
1.392955e+01
1.393088e+01
1.393222e+01
1.393355e+01
1.393489e+01
1.393623e+01
1.393756e+01
1.393890e+01
1.394023e+01
1.394157e+01
1.394290e+01
1.394424e+01
1.394558e+01
1.394691e+01
1.394825e+01
1.394958e+01
1.395092e+01
1.395225e+01
1.395359e+01
1.395493e+01
1.395626e+01
1.395760e+01
1.395893e+01
1.396027e+01
1.396160e+01
1.396294e+01
1.396428e+01
1.396561e+01
1.396695e+01
1.396828e+01
1.396962e+01
1.397095e+01
1.397229e+01
1.397363e+01
1.397496e+01
1.397630e+01
1.397763e+01
1.397897e+01
1.398031e+01
1.398164e+01
1.398298e+01
1.398431e+01
1.398565e+01
1.398698e+01
1.398832e+01
1.398966e+01
1.399099e+01
1.399233e+01
1.399366e+01
1.399500e+01
1.399633e+01
1.399767e+01
1.399901e+01
1.400034e+01
1.400168e+01
1.400301e+01
1.400435e+01
1.400568e+01
1.400702e+01
1.400836e+01
1.400969e+01
1.401103e+01
1.401236e+01
1.401370e+01
1.401504e+01
1.401637e+01
1.401771e+01
1.401904e+01
1.402038e+01
1.402171e+01
1.402305e+01
1.402439e+01
1.402572e+01
1.402706e+01
1.402839e+01
1.402973e+01
1.403106e+01
1.403240e+01
1.403374e+01
1.403507e+01
1.403641e+01
1.403774e+01
1.403908e+01
1.404041e+01
1.404175e+01
1.404309e+01
1.404442e+01
1.404576e+01
1.404709e+01
1.404843e+01
1.404976e+01
1.405110e+01
1.405244e+01
1.405377e+01
1.405511e+01
1.405644e+01
1.405778e+01
1.405912e+01
1.406045e+01
1.406179e+01
1.406312e+01
1.406446e+01
1.406579e+01
1.406713e+01
1.406847e+01
1.406980e+01
1.407114e+01
1.407247e+01
1.407381e+01
1.407514e+01
1.407648e+01
1.407782e+01
1.407915e+01
1.408049e+01
1.408182e+01
1.408316e+01
1.408450e+01
1.408583e+01
1.408717e+01
1.408850e+01
1.408984e+01
1.409117e+01
1.409251e+01
1.409384e+01
1.409518e+01
1.409652e+01
1.409785e+01
1.409919e+01
1.410052e+01
1.410186e+01
1.410320e+01
1.410453e+01
1.410587e+01
1.410720e+01
1.410854e+01
1.410987e+01
1.411121e+01
1.411255e+01
1.411388e+01
1.411522e+01
1.411655e+01
1.411789e+01
1.412069e+01
1.412350e+01
1.412630e+01
1.412911e+01
1.413191e+01
1.413472e+01
1.413752e+01
1.414033e+01
1.414313e+01
1.414593e+01
1.414874e+01
1.415154e+01
1.415435e+01
1.415715e+01
1.415996e+01
1.416276e+01
1.416557e+01
1.416837e+01
1.417117e+01
1.417398e+01
1.417678e+01
1.417959e+01
1.418239e+01
1.418520e+01
1.418800e+01
1.419081e+01
1.419361e+01
1.419642e+01
1.419922e+01
1.420202e+01
1.420483e+01
1.420763e+01
1.421044e+01
1.421324e+01
1.421605e+01
1.421885e+01
1.422166e+01
1.422446e+01
1.422726e+01
1.423007e+01
1.423287e+01
1.423568e+01
1.423848e+01
1.424129e+01
1.424409e+01
1.424690e+01
1.424970e+01
1.425250e+01
1.425531e+01
1.425811e+01
1.426092e+01
1.426372e+01
1.426653e+01
1.426933e+01
1.427214e+01
1.427494e+01
1.427775e+01
1.428055e+01
1.428335e+01
1.428616e+01
1.428896e+01
1.429177e+01
1.429457e+01
1.429738e+01
1.430018e+01
1.430299e+01
1.430579e+01
1.430860e+01
1.431140e+01
1.431420e+01
1.431701e+01
1.431981e+01
1.432262e+01
1.432542e+01
1.432823e+01
1.433103e+01
1.433384e+01
1.433664e+01
1.433944e+01
1.434225e+01
1.434505e+01
1.434786e+01
1.435066e+01
1.435347e+01
1.435627e+01
1.435908e+01
1.436188e+01
1.436469e+01
1.436749e+01
1.437029e+01
1.437310e+01
1.437590e+01
1.437871e+01
1.438151e+01
1.438432e+01
1.438712e+01
1.438993e+01
1.439273e+01
1.439553e+01
1.439834e+01
1.440114e+01
1.440395e+01
1.440675e+01
1.440956e+01
1.441236e+01
1.441517e+01
1.441797e+01
1.442078e+01
1.442358e+01
1.442638e+01
1.442919e+01
1.443199e+01
1.443480e+01
1.443760e+01
1.444041e+01
1.444321e+01
1.444602e+01
1.444882e+01
1.445163e+01
1.445443e+01
1.445723e+01
1.446004e+01
1.446284e+01
1.446565e+01
1.446845e+01
1.447126e+01
1.447406e+01
1.447687e+01
1.447967e+01
1.448247e+01
1.448528e+01
1.448808e+01
1.449089e+01
1.449369e+01
1.449650e+01
1.449930e+01
1.450211e+01
1.450491e+01
1.450772e+01
1.451052e+01
1.451332e+01
1.451613e+01
1.451893e+01
1.452174e+01
1.452454e+01
1.452735e+01
1.453015e+01
1.453296e+01
1.453576e+01
1.453857e+01
1.454137e+01
1.454417e+01
1.454698e+01
1.454978e+01
1.455259e+01
1.455539e+01
1.455820e+01
1.456100e+01
1.456381e+01
1.456661e+01
1.456941e+01
1.457222e+01
1.457502e+01
1.457783e+01
1.458063e+01
1.458344e+01
1.458624e+01
1.458905e+01
1.459185e+01
1.459466e+01
1.459746e+01
1.460026e+01
1.460307e+01
1.460587e+01
1.460868e+01
1.461148e+01
1.461429e+01
1.461709e+01
1.461990e+01
1.462270e+01
1.462550e+01
1.462831e+01
1.463111e+01
1.463392e+01
1.463672e+01
1.463953e+01
1.464233e+01
1.464514e+01
1.464794e+01
1.465075e+01
1.465355e+01
1.465635e+01
1.465916e+01
1.466196e+01
1.466477e+01
1.466757e+01
1.467038e+01
1.467318e+01
1.467599e+01
1.467879e+01
1.468159e+01
1.468440e+01
1.468720e+01
1.469001e+01
1.469281e+01
1.469562e+01
1.469842e+01
1.470123e+01
1.470403e+01
1.470684e+01
1.470964e+01
1.471244e+01
1.471525e+01
1.471805e+01
1.472086e+01
1.472366e+01
1.472647e+01
1.472927e+01
1.473208e+01
1.473488e+01
1.473768e+01
1.474049e+01
1.474329e+01
1.474610e+01
1.474890e+01
1.475171e+01
1.475451e+01
1.475732e+01
1.476012e+01
1.476293e+01
1.476573e+01
1.476853e+01
1.477134e+01
1.477414e+01
1.477695e+01
1.477975e+01
1.478256e+01
1.478536e+01
1.478817e+01
1.479097e+01
1.479377e+01
1.479658e+01
1.479938e+01
1.480219e+01
1.480499e+01
1.480780e+01
1.481060e+01
1.481341e+01
1.481621e+01
1.481902e+01
1.482182e+01
1.482462e+01
1.482743e+01
1.483023e+01
1.483304e+01
1.483584e+01
1.483865e+01
1.484145e+01
1.484426e+01
1.484706e+01
1.484986e+01
1.485267e+01
1.485547e+01
1.485828e+01
1.486108e+01
1.486389e+01
1.486669e+01
1.486950e+01
1.487230e+01
1.487511e+01
1.487791e+01
1.488071e+01
1.488352e+01
1.488632e+01
1.488913e+01
1.489193e+01
1.489474e+01
1.489754e+01
1.490035e+01
1.490315e+01
1.490596e+01
1.490876e+01
1.491156e+01
1.491437e+01
1.491717e+01
1.491998e+01
1.492278e+01
1.492559e+01
1.492839e+01
1.493120e+01
1.493400e+01
1.493680e+01
1.493961e+01
1.494241e+01
1.494522e+01
1.494802e+01
1.495083e+01
1.495363e+01
1.495644e+01
1.495924e+01
1.496205e+01
1.496485e+01
1.496765e+01
1.497046e+01
1.497326e+01
1.497607e+01
1.497887e+01
1.498168e+01
1.498448e+01
1.498729e+01
1.499009e+01
1.499290e+01
1.499570e+01
1.499850e+01
1.500131e+01
1.500411e+01
1.500692e+01
1.500972e+01
1.501253e+01
1.501533e+01
1.501814e+01
1.502094e+01
1.502374e+01
1.502655e+01
1.502935e+01
1.503216e+01
1.503496e+01
1.503777e+01
1.504057e+01
1.504338e+01
1.504618e+01
1.504899e+01
1.505179e+01
1.505459e+01
1.505740e+01
1.506020e+01
1.506301e+01
1.506581e+01
1.506862e+01
1.507142e+01
1.507423e+01
1.507703e+01
1.507983e+01
1.508264e+01
1.508544e+01
1.508825e+01
1.509105e+01
1.509386e+01
1.509666e+01
1.509947e+01
1.510227e+01
1.510508e+01
1.510788e+01
1.511068e+01
1.511349e+01
1.511629e+01
1.511910e+01
1.512190e+01
1.512471e+01
1.512751e+01
1.513032e+01
1.513312e+01
1.513592e+01
1.513873e+01
1.514153e+01
1.514434e+01
1.514714e+01
1.514995e+01
1.515275e+01
1.515556e+01
1.515836e+01
1.516117e+01
1.516397e+01
1.516677e+01
1.516958e+01
1.517238e+01
1.517519e+01
1.517799e+01
1.518080e+01
1.518360e+01
1.518641e+01
1.518921e+01
1.519201e+01
1.519482e+01
1.519762e+01
1.520043e+01
1.520323e+01
1.520604e+01
1.520884e+01
1.521165e+01
1.521445e+01
1.521726e+01
1.522006e+01
1.522286e+01
1.522567e+01
1.522847e+01
1.523128e+01
1.523408e+01
1.523689e+01
1.523969e+01
1.524250e+01
1.524530e+01
1.524810e+01
1.525091e+01
1.525371e+01
1.525652e+01
1.525932e+01
1.526213e+01
1.526493e+01
1.526774e+01
1.527054e+01
1.527335e+01
1.527615e+01
1.527895e+01
1.528176e+01
1.528456e+01
1.528737e+01
1.529017e+01
1.529298e+01
1.529578e+01
1.529859e+01
1.530139e+01
1.530419e+01
1.530700e+01
1.530980e+01
1.531261e+01
1.531541e+01
1.531822e+01
1.532102e+01
1.532383e+01
1.532663e+01
1.532944e+01
1.533224e+01
1.533504e+01
1.533785e+01
1.534065e+01
1.534346e+01
1.534626e+01
1.534907e+01
1.535187e+01
1.535468e+01
1.535748e+01
1.536029e+01
1.536309e+01
1.536589e+01
1.536870e+01
1.537150e+01
1.537431e+01
1.537711e+01
1.537992e+01
1.538272e+01
1.538553e+01
1.538833e+01
1.539113e+01
1.539394e+01
1.539674e+01
1.539955e+01
1.540235e+01
1.540516e+01
1.540796e+01
1.541077e+01
1.541357e+01
1.541638e+01
1.541918e+01
1.542198e+01
1.542479e+01
1.542759e+01
1.543040e+01
1.543320e+01
1.543601e+01
1.543881e+01
1.544162e+01
1.544442e+01
1.544723e+01
1.545003e+01
1.545283e+01
1.545564e+01
1.545844e+01
1.546125e+01
1.546405e+01
1.546686e+01
