5.800000e-01
5.803331e-01
5.806669e-01
5.810000e-01
5.813331e-01
5.816669e-01
5.820000e-01
5.823331e-01
5.826669e-01
5.830000e-01
5.833331e-01
5.836669e-01
5.840000e-01
5.843331e-01
5.846669e-01
5.850000e-01
5.853331e-01
5.856669e-01
5.860000e-01
5.863331e-01
5.866669e-01
5.870000e-01
5.873331e-01
5.876669e-01
5.880000e-01
5.883331e-01
5.886669e-01
5.890000e-01
5.893331e-01
5.896669e-01
5.900000e-01
5.900000e-01
5.900000e-01
5.900000e-01
5.900000e-01
5.900000e-01
5.900000e-01
5.900000e-01
5.900000e-01
5.900000e-01
5.900000e-01
5.900000e-01
5.900000e-01
5.900000e-01
5.900000e-01
5.900000e-01
5.900000e-01
5.900000e-01
5.900000e-01
5.900000e-01
5.900000e-01
5.901833e-01
5.903667e-01
5.905500e-01
5.907333e-01
5.909167e-01
5.911000e-01
5.912833e-01
5.914667e-01
5.916500e-01
5.918333e-01
5.920167e-01
5.922000e-01
5.923833e-01
5.925667e-01
5.927500e-01
5.929333e-01
5.931167e-01
5.933000e-01
5.933336e-01
5.936667e-01
5.939998e-01
5.943336e-01
5.946667e-01
5.949998e-01
5.953336e-01
5.956667e-01
5.959998e-01
5.963336e-01
5.966667e-01
5.969998e-01
5.973336e-01
5.976667e-01
5.979998e-01
5.983336e-01
5.986667e-01
5.989998e-01
5.993336e-01
5.996667e-01
5.999998e-01
6.003336e-01
6.006667e-01
6.009998e-01
6.013336e-01
6.016667e-01
6.019998e-01
6.023336e-01
6.026667e-01
6.029998e-01
6.033336e-01
6.036667e-01
6.038133e-01
6.039600e-01
6.041067e-01
6.042533e-01
6.044000e-01
6.045467e-01
6.046933e-01
6.048400e-01
6.049867e-01
6.051333e-01
6.052800e-01
6.054267e-01
6.055733e-01
6.057200e-01
6.058667e-01
6.060133e-01
6.061600e-01
6.063067e-01
6.064533e-01
6.066000e-01
6.067467e-01
6.068933e-01
6.070400e-01
6.071867e-01
6.073333e-01
6.074800e-01
6.076267e-01
6.077733e-01
6.079200e-01
6.080667e-01
6.082133e-01
6.083600e-01
6.085067e-01
6.086533e-01
6.088000e-01
6.089467e-01
6.090933e-01
6.092400e-01
6.093867e-01
6.095333e-01
6.096800e-01
6.098267e-01
6.099733e-01
6.101200e-01
6.102667e-01
6.104133e-01
6.105600e-01
6.107067e-01
6.108533e-01
6.110000e-01
6.113267e-01
6.116533e-01
6.119800e-01
6.123067e-01
6.126333e-01
6.129600e-01
6.132867e-01
6.136133e-01
6.139400e-01
6.142667e-01
6.145933e-01
6.149200e-01
6.152467e-01
6.155733e-01
6.159000e-01
6.162267e-01
6.165533e-01
6.168800e-01
6.172067e-01
6.175333e-01
6.178600e-01
6.181867e-01
6.185133e-01
6.188400e-01
6.191667e-01
6.194933e-01
6.198200e-01
6.201467e-01
6.204733e-01
6.208000e-01
6.211267e-01
6.214533e-01
6.217800e-01
6.221067e-01
6.224333e-01
6.227600e-01
6.230867e-01
6.234133e-01
6.237400e-01
6.240667e-01
6.243933e-01
6.247200e-01
6.250467e-01
6.253733e-01
6.257000e-01
6.260267e-01
6.263533e-01
6.266800e-01
6.270067e-01
6.273333e-01
6.293633e-01
6.313933e-01
6.334233e-01
6.354533e-01
6.374833e-01
6.395133e-01
6.415433e-01
6.435733e-01
6.456033e-01
6.476333e-01
6.496633e-01
6.516933e-01
6.537233e-01
6.557533e-01
6.577833e-01
6.598133e-01
6.618433e-01
6.638733e-01
6.659033e-01
6.679333e-01
6.699633e-01
6.719933e-01
6.740233e-01
6.760533e-01
6.780833e-01
6.801133e-01
6.821433e-01
6.841733e-01
6.862033e-01
6.882333e-01
6.902633e-01
6.922933e-01
6.943233e-01
6.963533e-01
6.983833e-01
7.004133e-01
7.024433e-01
7.044733e-01
7.065033e-01
7.085333e-01
7.105633e-01
7.125933e-01
7.146233e-01
7.166533e-01
7.186833e-01
7.207133e-01
7.227433e-01
7.247733e-01
7.268033e-01
7.288333e-01
7.308633e-01
7.328933e-01
7.349233e-01
7.369533e-01
7.389833e-01
7.410133e-01
7.430433e-01
7.450733e-01
7.471033e-01
7.491333e-01
7.511633e-01
7.531933e-01
7.552233e-01
7.572533e-01
7.592833e-01
7.613133e-01
7.633433e-01
7.653733e-01
7.674033e-01
7.694333e-01
7.714633e-01
7.734933e-01
7.755233e-01
7.775533e-01
7.795833e-01
7.816133e-01
7.836433e-01
7.856733e-01
7.877033e-01
7.897333e-01
7.917633e-01
7.937933e-01
7.958233e-01
7.978533e-01
7.998833e-01
8.019133e-01
8.039433e-01
8.059733e-01
8.080033e-01
8.100333e-01
8.120633e-01
8.140933e-01
8.161233e-01
8.181533e-01
8.201833e-01
8.222133e-01
8.242433e-01
8.262733e-01
8.283033e-01
8.303333e-01
8.314133e-01
8.324933e-01
8.335733e-01
8.346533e-01
8.357333e-01
8.368133e-01
8.378933e-01
8.389733e-01
8.400533e-01
8.411333e-01
8.422133e-01
8.432933e-01
8.443733e-01
8.454533e-01
8.465333e-01
8.476133e-01
8.486933e-01
8.497733e-01
8.508533e-01
8.519333e-01
8.530133e-01
8.540933e-01
8.551733e-01
8.562533e-01
8.573333e-01
8.584133e-01
8.594933e-01
8.605733e-01
8.616533e-01
8.627333e-01
8.638133e-01
8.648933e-01
8.659733e-01
8.670533e-01
8.681333e-01
8.692133e-01
8.702933e-01
8.713733e-01
8.724533e-01
8.735333e-01
8.746133e-01
8.756933e-01
8.767733e-01
8.778533e-01
8.789333e-01
8.800133e-01
8.810933e-01
8.821733e-01
8.832533e-01
8.843333e-01
8.854133e-01
8.864933e-01
8.875733e-01
8.886533e-01
8.897333e-01
8.908133e-01
8.918933e-01
8.929733e-01
8.940533e-01
8.951333e-01
8.962133e-01
8.972933e-01
8.983733e-01
8.994533e-01
9.005333e-01
9.016133e-01
9.026933e-01
9.037733e-01
9.048533e-01
9.059333e-01
9.070133e-01
9.080933e-01
9.091733e-01
9.102533e-01
9.113333e-01
9.124133e-01
9.134933e-01
9.145733e-01
9.156533e-01
9.167333e-01
9.178133e-01
9.188933e-01
9.199733e-01
9.210533e-01
9.221333e-01
9.232133e-01
9.242933e-01
9.253733e-01
9.264533e-01
9.275333e-01
9.286133e-01
9.296933e-01
9.307733e-01
9.318533e-01
9.329333e-01
9.340133e-01
9.350933e-01
9.361733e-01
9.372533e-01
9.383333e-01
9.390650e-01
9.397967e-01
9.405283e-01
9.412600e-01
9.419917e-01
9.427233e-01
9.434550e-01
9.441867e-01
9.449183e-01
9.456500e-01
9.463817e-01
9.471133e-01
9.478450e-01
9.485767e-01
9.493083e-01
9.500400e-01
9.507717e-01
9.515033e-01
9.522350e-01
9.529667e-01
9.536983e-01
9.544300e-01
9.551617e-01
9.558933e-01
9.566250e-01
9.573567e-01
9.580883e-01
9.588200e-01
9.595517e-01
9.602833e-01
9.610150e-01
9.617467e-01
9.624783e-01
9.632100e-01
9.639417e-01
9.646733e-01
9.654050e-01
9.661367e-01
9.668683e-01
9.676000e-01
9.683317e-01
9.690633e-01
9.697950e-01
9.705267e-01
9.712583e-01
9.719900e-01
9.727217e-01
9.734533e-01
9.741850e-01
9.749167e-01
9.756483e-01
9.763800e-01
9.771117e-01
9.778433e-01
9.785750e-01
9.793067e-01
9.800383e-01
9.807700e-01
9.815017e-01
9.822333e-01
9.829650e-01
9.836967e-01
9.844283e-01
9.851600e-01
9.858917e-01
9.866233e-01
9.873550e-01
9.880867e-01
9.888183e-01
9.895500e-01
9.902817e-01
9.910133e-01
9.917450e-01
9.924767e-01
9.932083e-01
9.939400e-01
9.946717e-01
9.954033e-01
9.961350e-01
9.968667e-01
9.975983e-01
9.983300e-01
9.990617e-01
9.997933e-01
1.000525e+00
1.001257e+00
1.001988e+00
1.002720e+00
1.003452e+00
1.004183e+00
1.004915e+00
1.005647e+00
1.006378e+00
1.007110e+00
1.007842e+00
1.008573e+00
1.009305e+00
1.010037e+00
1.010768e+00
1.011500e+00
1.012232e+00
1.012963e+00
1.013695e+00
1.014427e+00
1.015158e+00
1.015890e+00
1.016622e+00
1.017353e+00
1.018085e+00
1.018817e+00
1.019548e+00
1.020280e+00
1.021012e+00
1.021743e+00
1.022475e+00
1.023207e+00
1.023938e+00
1.024670e+00
1.025402e+00
1.026133e+00
1.026865e+00
1.027597e+00
1.028328e+00
1.029060e+00
1.029792e+00
1.030523e+00
1.031255e+00
1.031987e+00
1.032718e+00
1.033450e+00
1.034182e+00
1.034913e+00
1.035645e+00
1.036377e+00
1.037108e+00
1.037840e+00
1.038572e+00
1.039303e+00
1.040035e+00
1.040767e+00
1.041498e+00
1.042230e+00
1.042962e+00
1.043693e+00
1.044425e+00
1.045157e+00
1.045888e+00
1.046620e+00
1.047352e+00
1.048083e+00
1.048815e+00
1.049547e+00
1.050278e+00
1.051010e+00
1.051742e+00
1.052473e+00
1.053205e+00
1.053937e+00
1.054668e+00
1.055400e+00
1.056132e+00
1.056863e+00
1.057595e+00
1.058327e+00
1.059058e+00
1.059790e+00
1.060522e+00
1.061253e+00
1.061985e+00
1.062717e+00
1.063448e+00
1.064180e+00
1.064912e+00
1.065643e+00
1.066375e+00
1.067107e+00
1.067838e+00
1.068570e+00
1.069302e+00
1.070033e+00
1.070765e+00
1.071497e+00
1.072228e+00
1.072960e+00
1.073692e+00
1.074423e+00
1.075155e+00
1.075887e+00
1.076618e+00
1.077350e+00
1.078082e+00
1.078813e+00
1.079545e+00
1.080277e+00
1.081008e+00
1.081740e+00
1.082472e+00
1.083203e+00
1.083935e+00
1.084667e+00
1.085503e+00
1.086340e+00
1.087177e+00
1.088013e+00
1.088850e+00
1.089687e+00
1.090523e+00
1.091360e+00
1.092197e+00
1.093033e+00
1.093870e+00
1.094707e+00
1.095543e+00
1.096380e+00
1.097217e+00
1.098053e+00
1.098890e+00
1.099727e+00
1.100563e+00
1.101400e+00
1.102237e+00
1.103073e+00
1.103910e+00
1.104747e+00
1.105583e+00
1.106420e+00
1.107257e+00
1.108093e+00
1.108930e+00
1.109767e+00
1.110603e+00
1.111440e+00
1.112277e+00
1.113113e+00
1.113950e+00
1.114787e+00
1.115623e+00
1.116460e+00
1.117297e+00
1.118133e+00
1.118970e+00
1.119807e+00
1.120643e+00
1.121480e+00
1.122317e+00
1.123153e+00
1.123990e+00
1.124827e+00
1.125663e+00
1.126500e+00
1.127337e+00
1.128173e+00
1.129010e+00
1.129847e+00
1.130683e+00
1.131520e+00
1.132357e+00
1.133193e+00
1.134030e+00
1.134867e+00
1.135703e+00
1.136540e+00
1.137377e+00
1.138213e+00
1.139050e+00
1.139887e+00
1.140723e+00
1.141560e+00
1.142397e+00
1.143233e+00
1.144070e+00
1.144907e+00
1.145743e+00
1.146580e+00
1.147417e+00
1.148253e+00
1.149090e+00
1.149927e+00
1.150763e+00
1.151600e+00
1.152437e+00
1.153273e+00
1.154110e+00
1.154947e+00
1.155783e+00
1.156620e+00
1.157457e+00
1.158293e+00
1.159130e+00
1.159967e+00
1.160803e+00
1.161640e+00
1.162477e+00
1.163313e+00
1.164150e+00
1.164987e+00
1.165823e+00
1.166660e+00
1.167497e+00
1.168333e+00
1.188181e+00
1.208030e+00
1.227878e+00
1.247727e+00
1.267575e+00
1.287424e+00
1.307272e+00
1.327121e+00
1.346969e+00
1.366818e+00
1.386666e+00
1.406515e+00
1.426363e+00
1.446212e+00
1.466060e+00
1.485909e+00
1.505757e+00
1.525606e+00
1.545454e+00
1.565303e+00
1.585151e+00
1.605000e+00
1.624848e+00
1.644697e+00
1.664545e+00
1.684394e+00
1.704242e+00
1.724091e+00
1.743939e+00
1.763788e+00
1.783636e+00
1.803485e+00
1.823333e+00
1.843182e+00
1.863030e+00
1.882879e+00
1.902727e+00
1.922575e+00
1.942424e+00
1.962272e+00
1.982121e+00
2.001969e+00
2.021818e+00
2.041666e+00
2.061515e+00
2.081363e+00
2.101212e+00
2.121060e+00
2.140909e+00
2.160757e+00
2.180606e+00
2.200454e+00
2.220303e+00
2.240151e+00
2.260000e+00
2.279848e+00
2.299697e+00
2.319545e+00
2.339394e+00
2.359242e+00
2.379091e+00
2.398939e+00
2.418788e+00
2.438636e+00
2.458485e+00
2.478333e+00
2.498182e+00
2.518030e+00
2.537879e+00
2.557727e+00
2.577576e+00
2.597424e+00
2.617273e+00
2.637121e+00
2.656969e+00
2.676818e+00
2.696666e+00
2.716515e+00
2.736363e+00
2.756212e+00
2.776060e+00
2.795909e+00
2.815757e+00
2.835606e+00
2.855454e+00
2.875303e+00
2.895151e+00
2.915000e+00
2.934848e+00
2.954697e+00
2.974545e+00
2.994394e+00
3.014242e+00
3.034091e+00
3.053939e+00
3.073788e+00
3.093636e+00
3.113485e+00
3.133333e+00
3.153182e+00
3.173030e+00
3.192879e+00
3.212727e+00
3.232576e+00
3.252424e+00
3.272273e+00
3.292121e+00
3.311970e+00
3.331818e+00
3.351667e+00
3.371515e+00
3.391363e+00
3.411212e+00
3.431060e+00
3.450909e+00
3.470757e+00
3.490606e+00
3.510454e+00
3.530303e+00
3.550151e+00
3.570000e+00
3.589848e+00
3.609697e+00
3.629545e+00
3.649394e+00
3.669242e+00
3.689091e+00
3.708939e+00
3.728788e+00
3.748636e+00
3.768485e+00
3.788333e+00
3.808182e+00
3.828030e+00
3.847879e+00
3.867727e+00
3.887576e+00
3.907424e+00
3.927273e+00
3.947121e+00
3.966970e+00
3.986818e+00
4.006667e+00
4.026515e+00
4.046364e+00
4.066212e+00
4.086061e+00
4.105909e+00
4.125757e+00
4.145606e+00
4.165454e+00
4.185303e+00
4.205151e+00
4.225000e+00
4.244848e+00
4.264697e+00
4.284545e+00
4.304394e+00
4.324242e+00
4.344091e+00
4.363939e+00
4.383788e+00
4.403636e+00
4.423485e+00
4.443333e+00
4.463182e+00
4.483030e+00
4.502879e+00
4.522727e+00
4.542576e+00
4.562424e+00
4.582273e+00
4.602121e+00
4.621970e+00
4.641818e+00
4.661667e+00
4.681515e+00
4.701364e+00
4.721212e+00
4.741061e+00
4.760909e+00
4.780758e+00
4.800606e+00
4.820455e+00
4.840303e+00
4.860151e+00
4.880000e+00
4.899848e+00
4.919697e+00
4.939545e+00
4.959394e+00
4.979242e+00
4.999091e+00
5.018939e+00
5.038788e+00
5.058636e+00
5.078485e+00
5.098333e+00
5.118182e+00
5.138030e+00
5.157879e+00
5.177727e+00
5.197576e+00
5.217424e+00
5.237273e+00
5.257121e+00
5.276970e+00
5.296818e+00
5.316667e+00
5.336515e+00
5.356364e+00
5.376212e+00
5.396061e+00
5.415909e+00
5.435758e+00
5.455606e+00
5.475455e+00
5.495303e+00
5.515152e+00
5.535000e+00
5.554849e+00
5.574697e+00
5.594545e+00
5.614394e+00
5.634242e+00
5.654091e+00
5.673939e+00
5.693788e+00
5.713636e+00
5.733485e+00
5.753333e+00
5.773182e+00
5.793030e+00
5.812879e+00
5.832727e+00
5.852576e+00
5.872424e+00
5.892273e+00
5.912121e+00
5.931970e+00
5.951818e+00
5.971667e+00
5.991515e+00
6.011364e+00
6.031212e+00
6.051061e+00
6.070909e+00
6.090758e+00
6.110606e+00
6.130455e+00
6.150303e+00
6.170152e+00
6.190000e+00
6.209849e+00
6.229697e+00
6.249546e+00
6.269394e+00
6.289243e+00
6.309091e+00
6.328939e+00
6.348788e+00
6.368636e+00
6.388485e+00
6.408333e+00
6.428182e+00
6.448030e+00
6.467879e+00
6.487727e+00
6.507576e+00
6.527424e+00
6.547273e+00
6.567121e+00
6.586970e+00
6.606818e+00
6.626667e+00
6.646515e+00
6.666364e+00
6.686212e+00
6.706061e+00
6.725909e+00
6.745758e+00
6.765606e+00
6.785455e+00
6.805303e+00
6.825152e+00
6.845000e+00
6.864849e+00
6.884697e+00
6.904546e+00
6.924394e+00
6.944243e+00
6.964091e+00
6.983940e+00
7.003788e+00
7.023637e+00
7.043485e+00
7.063333e+00
7.083182e+00
7.103030e+00
7.122879e+00
7.142727e+00
7.162576e+00
7.182424e+00
7.202273e+00
7.222121e+00
7.241970e+00
7.261818e+00
7.281667e+00
7.301515e+00
7.321364e+00
7.341212e+00
7.361061e+00
7.380909e+00
7.400758e+00
7.420606e+00
7.440455e+00
7.460303e+00
7.480152e+00
7.500000e+00
7.519849e+00
7.539697e+00
7.559546e+00
7.579394e+00
7.599243e+00
7.619091e+00
7.638940e+00
7.658788e+00
7.678637e+00
7.698485e+00
7.718334e+00
7.738182e+00
7.758031e+00
7.777879e+00
7.797727e+00
7.817576e+00
7.837424e+00
7.857273e+00
7.877121e+00
7.896970e+00
7.916818e+00
7.936667e+00
7.956515e+00
7.976364e+00
7.996212e+00
8.016061e+00
8.035909e+00
8.055758e+00
8.075606e+00
8.095455e+00
8.115303e+00
8.135152e+00
8.155000e+00
8.174849e+00
8.194697e+00
8.214546e+00
8.234394e+00
8.254243e+00
8.274091e+00
8.293940e+00
8.313788e+00
8.333637e+00
8.353485e+00
8.373334e+00
8.393182e+00
8.413031e+00
8.432879e+00
8.452728e+00
8.472576e+00
8.492425e+00
8.512273e+00
8.532121e+00
8.551970e+00
8.571818e+00
8.591667e+00
8.611515e+00
8.631364e+00
8.651212e+00
8.671061e+00
8.690909e+00
8.710758e+00
8.730606e+00
8.750455e+00
8.770303e+00
8.790152e+00
8.810000e+00
8.829849e+00
8.849697e+00
8.869546e+00
8.889394e+00
8.909243e+00
8.929091e+00
8.948940e+00
8.968788e+00
8.988637e+00
9.008485e+00
9.028334e+00
9.048182e+00
9.068031e+00
9.087879e+00
9.107728e+00
9.127576e+00
9.147425e+00
9.167273e+00
9.187122e+00
9.206970e+00
9.226819e+00
9.246667e+00
9.254882e+00
9.263098e+00
9.271313e+00
9.279529e+00
9.287744e+00
9.295960e+00
9.304176e+00
9.312391e+00
9.320607e+00
9.328822e+00
9.337038e+00
9.345253e+00
9.353469e+00
9.361684e+00
9.369900e+00
9.378116e+00
9.386331e+00
9.394547e+00
9.402762e+00
9.410978e+00
9.419193e+00
9.427409e+00
9.435624e+00
9.443840e+00
9.452056e+00
9.460271e+00
9.468487e+00
9.476702e+00
9.484918e+00
9.493133e+00
9.501349e+00
9.509564e+00
9.517780e+00
9.525996e+00
9.534211e+00
9.542427e+00
9.550642e+00
9.558858e+00
9.567073e+00
9.575289e+00
9.583504e+00
9.591720e+00
9.599936e+00
9.608151e+00
9.616367e+00
9.624582e+00
9.632798e+00
9.641013e+00
9.649229e+00
9.657444e+00
9.665660e+00
9.673876e+00
9.682091e+00
9.690307e+00
9.698522e+00
9.706738e+00
9.714953e+00
9.723169e+00
9.731384e+00
9.739600e+00
9.747816e+00
9.756031e+00
9.764247e+00
9.772462e+00
9.780678e+00
9.788893e+00
9.797109e+00
9.805324e+00
9.813540e+00
9.821756e+00
9.829971e+00
9.838187e+00
9.846402e+00
9.854618e+00
9.862833e+00
9.871049e+00
9.879264e+00
9.887480e+00
9.895696e+00
9.903911e+00
9.912127e+00
9.920342e+00
9.928558e+00
9.936773e+00
9.944989e+00
9.953204e+00
9.961420e+00
9.969636e+00
9.977851e+00
9.986067e+00
9.994282e+00
1.000250e+01
1.001071e+01
1.001893e+01
1.002714e+01
1.003536e+01
1.004358e+01
1.005179e+01
1.006001e+01
1.006822e+01
1.007619e+01
1.008416e+01
1.009213e+01
1.010010e+01
1.010807e+01
1.011604e+01
1.012401e+01
1.013197e+01
1.013994e+01
1.014791e+01
1.015588e+01
1.016385e+01
1.017182e+01
1.017979e+01
1.018776e+01
1.019573e+01
1.020370e+01
1.021167e+01
1.021963e+01
1.022760e+01
1.023557e+01
1.024354e+01
1.025151e+01
1.025948e+01
1.026745e+01
1.027542e+01
1.028339e+01
1.029136e+01
1.029932e+01
1.030729e+01
1.031526e+01
1.032323e+01
1.033120e+01
1.033917e+01
1.034714e+01
1.035511e+01
1.036308e+01
1.037105e+01
1.037901e+01
1.038698e+01
1.039495e+01
1.040292e+01
1.041089e+01
1.041886e+01
1.042683e+01
1.043480e+01
1.044277e+01
1.045074e+01
1.045871e+01
1.046667e+01
1.047464e+01
1.048261e+01
1.049058e+01
1.049855e+01
1.050652e+01
1.051449e+01
1.052246e+01
1.053043e+01
1.053840e+01
1.054636e+01
1.055433e+01
1.056230e+01
1.057027e+01
1.057824e+01
1.058621e+01
1.059418e+01
1.060215e+01
1.061012e+01
1.061809e+01
1.062606e+01
1.063402e+01
1.064199e+01
1.064996e+01
1.065793e+01
1.066590e+01
1.067387e+01
1.068184e+01
1.068981e+01
1.069778e+01
1.070575e+01
1.071371e+01
1.072168e+01
1.072965e+01
1.073762e+01
1.074559e+01
1.075356e+01
1.076153e+01
1.076950e+01
1.077747e+01
1.078544e+01
1.079341e+01
1.080137e+01
1.080934e+01
1.081731e+01
1.082528e+01
1.083325e+01
1.084122e+01
1.084919e+01
1.085716e+01
1.086513e+01
1.087310e+01
1.088106e+01
1.088903e+01
1.089700e+01
1.090497e+01
1.091294e+01
1.092091e+01
1.092888e+01
1.093685e+01
1.094482e+01
1.095279e+01
1.096076e+01
1.096872e+01
1.097669e+01
1.098466e+01
1.099263e+01
1.100060e+01
1.100857e+01
1.101654e+01
1.102451e+01
1.103248e+01
1.104045e+01
1.104841e+01
1.105638e+01
1.106435e+01
1.107232e+01
1.108029e+01
1.108826e+01
1.109623e+01
1.110420e+01
1.111217e+01
1.112014e+01
1.112811e+01
1.113607e+01
1.114404e+01
1.115201e+01
1.115998e+01
1.116795e+01
1.117592e+01
1.118389e+01
1.119186e+01
1.119983e+01
1.120780e+01
1.121576e+01
1.122373e+01
1.123170e+01
1.123967e+01
1.124764e+01
1.125561e+01
1.126358e+01
1.127155e+01
1.127952e+01
1.128749e+01
1.129546e+01
1.130342e+01
1.131139e+01
1.131936e+01
1.132733e+01
1.133530e+01
1.134327e+01
1.135124e+01
1.135921e+01
1.136718e+01
1.137515e+01
1.138311e+01
1.139108e+01
1.139905e+01
1.140702e+01
1.141499e+01
1.142296e+01
1.143093e+01
1.143890e+01
1.144687e+01
1.145484e+01
1.146280e+01
1.147077e+01
1.147874e+01
1.148671e+01
1.149468e+01
1.150265e+01
1.151062e+01
1.151859e+01
1.152656e+01
1.153453e+01
1.154250e+01
1.155046e+01
1.155843e+01
1.156640e+01
1.157437e+01
1.158234e+01
1.159031e+01
1.159828e+01
1.160625e+01
1.161422e+01
1.162219e+01
1.163015e+01
1.163812e+01
1.164609e+01
1.165406e+01
1.166203e+01
1.167000e+01
1.167815e+01
1.168631e+01
1.169446e+01
1.170262e+01
1.171077e+01
1.171893e+01
1.172708e+01
1.173524e+01
1.174339e+01
1.175155e+01
1.175970e+01
1.176785e+01
1.177601e+01
1.178416e+01
1.179232e+01
1.180047e+01
1.180863e+01
1.181678e+01
1.182494e+01
1.183309e+01
1.184125e+01
1.184940e+01
1.185755e+01
1.186571e+01
1.187386e+01
1.188202e+01
1.189017e+01
1.189833e+01
1.190648e+01
1.191464e+01
1.192279e+01
1.193094e+01
1.193910e+01
1.194725e+01
1.195541e+01
1.196356e+01
1.197172e+01
1.197987e+01
1.198803e+01
1.199618e+01
1.200434e+01
1.201249e+01
1.202064e+01
1.202880e+01
1.203695e+01
1.204511e+01
1.205326e+01
1.206142e+01
1.206957e+01
1.207773e+01
1.208588e+01
1.209404e+01
1.210219e+01
1.211034e+01
1.211850e+01
1.212665e+01
1.213481e+01
1.214296e+01
1.215112e+01
1.215927e+01
1.216743e+01
1.217558e+01
1.218374e+01
1.219189e+01
1.220004e+01
1.220820e+01
1.221635e+01
1.222451e+01
1.223266e+01
1.224082e+01
1.224897e+01
1.225713e+01
1.226528e+01
1.227344e+01
1.228159e+01
1.228974e+01
1.229790e+01
1.230605e+01
1.231421e+01
1.232236e+01
1.233052e+01
1.233867e+01
1.234683e+01
1.235498e+01
1.236313e+01
1.237129e+01
1.237944e+01
1.238760e+01
1.239575e+01
1.240391e+01
1.241206e+01
1.242022e+01
1.242837e+01
1.243653e+01
1.244468e+01
1.245283e+01
1.246099e+01
1.246914e+01
1.247730e+01
1.248545e+01
1.249361e+01
1.250176e+01
1.250992e+01
1.251807e+01
1.252623e+01
1.253438e+01
1.254253e+01
1.255069e+01
1.255884e+01
1.256700e+01
1.257515e+01
1.258331e+01
1.259146e+01
1.259962e+01
1.260777e+01
1.261592e+01
1.262408e+01
1.263223e+01
1.264039e+01
1.264854e+01
1.265670e+01
1.266485e+01
1.267301e+01
1.268116e+01
1.268932e+01
1.269747e+01
1.270562e+01
1.271378e+01
1.272193e+01
1.273009e+01
1.273824e+01
1.274640e+01
1.275455e+01
1.276271e+01
1.277086e+01
1.277902e+01
1.278717e+01
1.279532e+01
1.280348e+01
1.281163e+01
1.281979e+01
1.282794e+01
1.283610e+01
1.284425e+01
1.285241e+01
1.286056e+01
1.286872e+01
1.287687e+01
1.288502e+01
1.289318e+01
1.290133e+01
1.290949e+01
1.291764e+01
1.292580e+01
1.293395e+01
1.294211e+01
1.295026e+01
1.295841e+01
1.296657e+01
1.297472e+01
1.298288e+01
1.299103e+01
1.299919e+01
1.300734e+01
1.301550e+01
1.302365e+01
1.303181e+01
1.303996e+01
1.304811e+01
1.305627e+01
1.306442e+01
1.307258e+01
1.308073e+01
1.308889e+01
1.309704e+01
1.310520e+01
1.311335e+01
1.312151e+01
1.312966e+01
1.313781e+01
1.314597e+01
1.315412e+01
1.316228e+01
1.317043e+01
1.317859e+01
1.318674e+01
1.319490e+01
1.320305e+01
1.321121e+01
1.321936e+01
1.322751e+01
1.323567e+01
1.324382e+01
1.325198e+01
1.326013e+01
1.326829e+01
1.327644e+01
1.328460e+01
1.329275e+01
1.330091e+01
1.330906e+01
1.331721e+01
1.332537e+01
1.333352e+01
1.334168e+01
1.334983e+01
1.335799e+01
1.336614e+01
1.337430e+01
1.338245e+01
1.339060e+01
1.339876e+01
1.340691e+01
1.341507e+01
1.342322e+01
1.343138e+01
1.343953e+01
1.344769e+01
1.345584e+01
1.346400e+01
1.347215e+01
1.348030e+01
1.348846e+01
1.349661e+01
1.350477e+01
1.351292e+01
1.352108e+01
1.352923e+01
1.353739e+01
1.354554e+01
1.355370e+01
1.356185e+01
1.357000e+01
1.357816e+01
1.358631e+01
1.359447e+01
1.360262e+01
1.361078e+01
1.361893e+01
1.362709e+01
1.363524e+01
1.364340e+01
1.365155e+01
1.365970e+01
1.366786e+01
1.367601e+01
1.368417e+01
1.369232e+01
1.370048e+01
1.370863e+01
1.371679e+01
1.372494e+01
1.373309e+01
1.374125e+01
1.374940e+01
1.375756e+01
1.376571e+01
1.377387e+01
1.378202e+01
1.379018e+01
1.379833e+01
1.380649e+01
1.381464e+01
1.382279e+01
1.383095e+01
1.383910e+01
1.384726e+01
1.385541e+01
1.386357e+01
1.387172e+01
1.387988e+01
1.388803e+01
1.389619e+01
1.390434e+01
1.391249e+01
1.392065e+01
1.392880e+01
1.393696e+01
1.394511e+01
1.395327e+01
1.396142e+01
1.396958e+01
1.397773e+01
1.398589e+01
1.399404e+01
1.400219e+01
1.401035e+01
1.401850e+01
1.402666e+01
1.403481e+01
1.404297e+01
1.405112e+01
1.405928e+01
1.406743e+01
1.407559e+01
1.408374e+01
1.409189e+01
1.410005e+01
1.410820e+01
1.411636e+01
1.412451e+01
1.413267e+01
1.414098e+01
1.414929e+01
1.415760e+01
1.416590e+01
1.417421e+01
1.418252e+01
1.419083e+01
1.419914e+01
1.420745e+01
1.421576e+01
1.422407e+01
1.423238e+01
1.424069e+01
1.424900e+01
1.425731e+01
1.426562e+01
1.427393e+01
1.428224e+01
1.429055e+01
1.429886e+01
1.430717e+01
1.431548e+01
1.432379e+01
1.433210e+01
1.434041e+01
1.434872e+01
1.435702e+01
1.436533e+01
1.437364e+01
1.438195e+01
1.439026e+01
1.439857e+01
1.440688e+01
1.441519e+01
1.442350e+01
1.443181e+01
1.444012e+01
1.444843e+01
1.445674e+01
1.446505e+01
1.447336e+01
1.448167e+01
1.448998e+01
1.449829e+01
1.450660e+01
1.451491e+01
1.452322e+01
1.453153e+01
1.453984e+01
1.454814e+01
1.455645e+01
1.456476e+01
1.457307e+01
1.458138e+01
1.458969e+01
1.459800e+01
1.460631e+01
1.461462e+01
1.462293e+01
1.463124e+01
1.463955e+01
1.464786e+01
1.465617e+01
1.466448e+01
1.467279e+01
1.468110e+01
1.468941e+01
1.469772e+01
1.470603e+01
1.471434e+01
1.472265e+01
1.473096e+01
1.473926e+01
1.474757e+01
1.475588e+01
1.476419e+01
1.477250e+01
1.478081e+01
1.478912e+01
1.479743e+01
1.480574e+01
1.481405e+01
1.482236e+01
1.483067e+01
1.483898e+01
1.484729e+01
1.485560e+01
1.486391e+01
1.487222e+01
1.488053e+01
1.488884e+01
1.489715e+01
1.490546e+01
1.491377e+01
1.492208e+01
1.493038e+01
1.493869e+01
1.494700e+01
1.495531e+01
1.496362e+01
1.497193e+01
1.498024e+01
1.498855e+01
1.499686e+01
1.500517e+01
1.501348e+01
1.502179e+01
1.503010e+01
1.503841e+01
1.504672e+01
1.505503e+01
1.506334e+01
1.507165e+01
1.507996e+01
1.508827e+01
1.509658e+01
1.510489e+01
1.511320e+01
1.512150e+01
1.512981e+01
1.513812e+01
1.514643e+01
1.515474e+01
1.516305e+01
1.517136e+01
1.517967e+01
1.518798e+01
1.519629e+01
1.520460e+01
1.521291e+01
1.522122e+01
1.522953e+01
1.523784e+01
1.524615e+01
1.525446e+01
1.526277e+01
1.527108e+01
1.527939e+01
1.528770e+01
1.529601e+01
1.530432e+01
1.531262e+01
1.532093e+01
1.532924e+01
1.533755e+01
1.534586e+01
1.535417e+01
1.536248e+01
1.537079e+01
1.537910e+01
1.538741e+01
1.539572e+01
1.540403e+01
1.541234e+01
1.542065e+01
1.542896e+01
1.543727e+01
1.544558e+01
1.545389e+01
1.546220e+01
1.547051e+01
1.547882e+01
1.548713e+01
1.549544e+01
1.550374e+01
1.551205e+01
1.552036e+01
1.552867e+01
1.553698e+01
1.554529e+01
1.555360e+01
1.556191e+01
1.557022e+01
1.557853e+01
1.558684e+01
1.559515e+01
1.560346e+01
1.561177e+01
1.562008e+01
1.562839e+01
1.563670e+01
1.564501e+01
1.565332e+01
1.566163e+01
1.566994e+01
1.567825e+01
1.568656e+01
1.569486e+01
1.570317e+01
1.571148e+01
1.571979e+01
1.572810e+01
1.573641e+01
1.574472e+01
1.575303e+01
1.576134e+01
1.576965e+01
1.577796e+01
1.578627e+01
1.579458e+01
1.580289e+01
1.581123e+01
1.581958e+01
1.582793e+01
1.583627e+01
1.584462e+01
1.585297e+01
1.586131e+01
1.586966e+01
1.587800e+01
1.588635e+01
1.589470e+01
1.590304e+01
1.591139e+01
1.591973e+01
1.592808e+01
1.593643e+01
1.594477e+01
1.595312e+01
1.596146e+01
1.596981e+01
1.597816e+01
1.598650e+01
1.599485e+01
1.600319e+01
1.601154e+01
1.601989e+01
1.602823e+01
1.603658e+01
1.604492e+01
1.605327e+01
1.606162e+01
1.606996e+01
1.607831e+01
1.608665e+01
1.609500e+01
1.610335e+01
1.611169e+01
1.612004e+01
1.612838e+01
1.613673e+01
1.614508e+01
1.615342e+01
1.616177e+01
1.617012e+01
1.617846e+01
1.618681e+01
1.619515e+01
1.620350e+01
1.621185e+01
1.622019e+01
1.622854e+01
1.623688e+01
1.624523e+01
1.625358e+01
1.626192e+01
1.627027e+01
1.627861e+01
1.628696e+01
1.629531e+01
1.630365e+01
1.631200e+01
1.632034e+01
1.632869e+01
1.633704e+01
1.634538e+01
1.635373e+01
1.636207e+01
1.637042e+01
1.637877e+01
1.638711e+01
1.639546e+01
1.640380e+01
1.641215e+01
1.642050e+01
1.642884e+01
1.643719e+01
1.644553e+01
1.645388e+01
1.646223e+01
1.647057e+01
1.647892e+01
1.648726e+01
1.649561e+01
1.650396e+01
1.651230e+01
1.652065e+01
1.652899e+01
1.653734e+01
1.654569e+01
1.655403e+01
1.656238e+01
1.657073e+01
1.657907e+01
1.658742e+01
1.659576e+01
1.660411e+01
1.661246e+01
1.662080e+01
1.662915e+01
1.663749e+01
1.664584e+01
1.665419e+01
1.666253e+01
1.667088e+01
1.667922e+01
1.668757e+01
1.669592e+01
1.670426e+01
1.671261e+01
1.672095e+01
1.672930e+01
1.673765e+01
1.674599e+01
1.675434e+01
1.676268e+01
1.677103e+01
1.677938e+01
1.678772e+01
1.679607e+01
1.680441e+01
1.681276e+01
1.682111e+01
1.682945e+01
1.683780e+01
1.684614e+01
1.685449e+01
1.686284e+01
1.687118e+01
1.687953e+01
1.688788e+01
1.689622e+01
1.690457e+01
1.691291e+01
1.692126e+01
1.692961e+01
1.693795e+01
1.694630e+01
1.695464e+01
1.696299e+01
1.697134e+01
1.697968e+01
1.698803e+01
1.699637e+01
1.700472e+01
1.701307e+01
1.702141e+01
1.702976e+01
1.703810e+01
1.704645e+01
1.705480e+01
1.706314e+01
1.707149e+01
1.707983e+01
1.708818e+01
1.709653e+01
1.710487e+01
1.711322e+01
1.712156e+01
1.712991e+01
1.713826e+01
1.714660e+01
1.715495e+01
1.716329e+01
1.717164e+01
1.717999e+01
1.718833e+01
1.719668e+01
1.720502e+01
1.721337e+01
1.722172e+01
1.723006e+01
1.723841e+01
1.724676e+01
1.725510e+01
1.726345e+01
1.727179e+01
1.728014e+01
1.728849e+01
1.729683e+01
1.730518e+01
1.731352e+01
1.732187e+01
1.733022e+01
1.733856e+01
1.734691e+01
1.735525e+01
1.736360e+01
1.737195e+01
1.738029e+01
1.738864e+01
1.739698e+01
1.740533e+01
1.741368e+01
1.742202e+01
1.743037e+01
1.743871e+01
1.744706e+01
1.745541e+01
1.746375e+01
1.747210e+01
1.748044e+01
1.748890e+01
1.749735e+01
1.750581e+01
1.751426e+01
1.752271e+01
1.753117e+01
1.753962e+01
1.754808e+01
1.755653e+01
1.756498e+01
1.757344e+01
1.758189e+01
1.759035e+01
1.759880e+01
1.760725e+01
1.761571e+01
1.762416e+01
1.763262e+01
1.764107e+01
1.764952e+01
1.765798e+01
1.766643e+01
1.767489e+01
1.768334e+01
1.769179e+01
1.770025e+01
1.770870e+01
1.771716e+01
1.772561e+01
1.773406e+01
1.774252e+01
1.775097e+01
1.775943e+01
1.776788e+01
1.777633e+01
1.778479e+01
1.779324e+01
1.780170e+01
1.781015e+01
1.781860e+01
1.782706e+01
1.783551e+01
1.784397e+01
1.785242e+01
1.786087e+01
1.786933e+01
1.787778e+01
1.788624e+01
1.789469e+01
1.790315e+01
1.791160e+01
1.792005e+01
1.792851e+01
1.793696e+01
1.794541e+01
1.795387e+01
1.796232e+01
1.797078e+01
1.797923e+01
1.798769e+01
1.799614e+01
1.800459e+01
1.801305e+01
1.802150e+01
1.802996e+01
1.803841e+01
1.804686e+01
1.805532e+01
1.806377e+01
1.807223e+01
1.808068e+01
1.808913e+01
1.809759e+01
1.810604e+01
1.811450e+01
1.812295e+01
1.813140e+01
1.813986e+01
1.814831e+01
1.815677e+01
1.816522e+01
1.817367e+01
1.818213e+01
1.819058e+01
1.819904e+01
1.820749e+01
1.821594e+01
1.822440e+01
1.823285e+01
1.824131e+01
1.824976e+01
1.825821e+01
1.826667e+01
1.827512e+01
1.828358e+01
1.829203e+01
1.830048e+01
1.830894e+01
1.831739e+01
1.832585e+01
1.833430e+01
1.834275e+01
1.835121e+01
1.835966e+01
1.836812e+01
1.837657e+01
1.838502e+01
1.839348e+01
1.840193e+01
1.841039e+01
1.841884e+01
1.842729e+01
1.843575e+01
1.844420e+01
1.845266e+01
1.846111e+01
1.846956e+01
1.847802e+01
1.848647e+01
1.849493e+01
1.850338e+01
1.851183e+01
1.852029e+01
1.852874e+01
1.853720e+01
1.854565e+01
1.855410e+01
1.856256e+01
1.857101e+01
1.857947e+01
1.858792e+01
1.859637e+01
1.860483e+01
1.861328e+01
1.862174e+01
1.863019e+01
1.863864e+01
1.864710e+01
1.865555e+01
1.866401e+01
1.867246e+01
1.868091e+01
1.868937e+01
1.869782e+01
1.870628e+01
1.871473e+01
1.872318e+01
1.873164e+01
1.874009e+01
1.874855e+01
1.875700e+01
1.876545e+01
1.877391e+01
1.878236e+01
1.879082e+01
1.879927e+01
1.880772e+01
1.881618e+01
1.882463e+01
1.883309e+01
1.884154e+01
1.884999e+01
1.885845e+01
1.886690e+01
1.887536e+01
1.888381e+01
1.889226e+01
1.890072e+01
1.890917e+01
1.891763e+01
1.892608e+01
1.893453e+01
1.894299e+01
1.895144e+01
1.895990e+01
1.896835e+01
1.897680e+01
1.898526e+01
1.899371e+01
1.900217e+01
1.901062e+01
1.901907e+01
1.902753e+01
1.903598e+01
1.904444e+01
1.905289e+01
1.906134e+01
1.906980e+01
1.907825e+01
1.908671e+01
1.909516e+01
1.910361e+01
1.911207e+01
1.912052e+01
1.912898e+01
1.913743e+01
1.914588e+01
1.915434e+01
1.916279e+01
1.917125e+01
1.917970e+01
1.918815e+01
1.919661e+01
1.920506e+01
1.921352e+01
1.922197e+01
1.923042e+01
1.923888e+01
1.924733e+01
1.925579e+01
1.926424e+01
1.927269e+01
1.928115e+01
1.928960e+01
1.929806e+01
1.930651e+01
1.931496e+01
1.932342e+01
1.933187e+01
1.934033e+01
1.934878e+01
1.935723e+01
1.936569e+01
1.937414e+01
1.938260e+01
1.939105e+01
1.939950e+01
1.940796e+01
1.941641e+01
1.942487e+01
1.943332e+01
1.944177e+01
1.945023e+01
1.945868e+01
1.946714e+01
1.947559e+01
1.948404e+01
1.949250e+01
1.950095e+01
1.950941e+01
1.951786e+01
1.952631e+01
1.953477e+01
1.954322e+01
1.955168e+01
1.956013e+01
1.956859e+01
1.957704e+01
1.958549e+01
1.959395e+01
1.960240e+01
1.961086e+01
1.961931e+01
1.962776e+01
1.963622e+01
1.964467e+01
1.965313e+01
1.966158e+01
1.967003e+01
1.967849e+01
1.968694e+01
1.969540e+01
1.970385e+01
1.971230e+01
1.972076e+01
1.972921e+01
1.973767e+01
1.974612e+01
1.975457e+01
1.976303e+01
1.977148e+01
1.977994e+01
1.978839e+01
1.979684e+01
1.980530e+01
1.981375e+01
1.982221e+01
1.983066e+01
1.983911e+01
1.984757e+01
1.985602e+01
1.986448e+01
1.987293e+01
1.988138e+01
1.988984e+01
1.989829e+01
1.990675e+01
1.991520e+01
1.992365e+01
1.993211e+01
1.994056e+01
1.994902e+01
1.995747e+01
1.996592e+01
1.997438e+01
1.998283e+01
1.999129e+01
1.999974e+01
2.000819e+01
2.001665e+01
2.002510e+01
2.003356e+01
2.004172e+01
2.004988e+01
2.005805e+01
2.006621e+01
2.007438e+01
2.008254e+01
2.009071e+01
2.009887e+01
2.010703e+01
2.011520e+01
2.012336e+01
2.013153e+01
2.013969e+01
2.014785e+01
2.015602e+01
2.016418e+01
2.017235e+01
2.018051e+01
2.018868e+01
2.019684e+01
2.020500e+01
2.021317e+01
2.022133e+01
2.022950e+01
2.023766e+01
2.024583e+01
2.025399e+01
2.026215e+01
2.027032e+01
2.027848e+01
2.028665e+01
2.029481e+01
2.030298e+01
2.031114e+01
2.031930e+01
2.032747e+01
2.033563e+01
2.034380e+01
2.035196e+01
2.036012e+01
2.036829e+01
2.037645e+01
2.038462e+01
2.039278e+01
2.040095e+01
2.040911e+01
2.041727e+01
2.042544e+01
2.043360e+01
2.044177e+01
2.044993e+01
2.045810e+01
2.046626e+01
2.047442e+01
2.048259e+01
2.049075e+01
2.049892e+01
2.050708e+01
2.051525e+01
2.052341e+01
2.053157e+01
2.053974e+01
2.054790e+01
2.055607e+01
2.056423e+01
2.057239e+01
2.058056e+01
2.058872e+01
2.059689e+01
2.060505e+01
2.061322e+01
2.062138e+01
2.062954e+01
2.063771e+01
2.064587e+01
2.065404e+01
2.066220e+01
2.067037e+01
2.067853e+01
2.068669e+01
2.069486e+01
2.070302e+01
2.071119e+01
2.071935e+01
2.072752e+01
2.073568e+01
2.074384e+01
2.075201e+01
2.076017e+01
2.076834e+01
2.077650e+01
2.078466e+01
2.079283e+01
2.080099e+01
2.080916e+01
2.081732e+01
2.082549e+01
2.083365e+01
2.084181e+01
2.084998e+01
2.085814e+01
2.086631e+01
2.087447e+01
2.088264e+01
2.089080e+01
2.089896e+01
2.090713e+01
2.091529e+01
2.092346e+01
2.093162e+01
2.093979e+01
2.094795e+01
2.095611e+01
2.096428e+01
2.097244e+01
2.098061e+01
2.098877e+01
2.099694e+01
2.100510e+01
2.101326e+01
2.102143e+01
2.102959e+01
2.103776e+01
2.104592e+01
2.105408e+01
2.106225e+01
2.107041e+01
2.107858e+01
2.108674e+01
2.109491e+01
2.110307e+01
2.111123e+01
2.111940e+01
2.112756e+01
2.113573e+01
2.114389e+01
2.115206e+01
2.116022e+01
2.116838e+01
2.117655e+01
2.118471e+01
2.119288e+01
2.120104e+01
2.120921e+01
2.121737e+01
2.122553e+01
2.123370e+01
2.124186e+01
2.125003e+01
2.125819e+01
2.126635e+01
2.127452e+01
2.128268e+01
2.129085e+01
2.129901e+01
2.130718e+01
2.131534e+01
2.132350e+01
2.133167e+01
2.133983e+01
2.134800e+01
2.135616e+01
2.136433e+01
2.137249e+01
2.138065e+01
2.138882e+01
2.139698e+01
2.140515e+01
2.141331e+01
2.142148e+01
2.142964e+01
2.143780e+01
2.144597e+01
2.145413e+01
2.146230e+01
2.147046e+01
2.147862e+01
2.148679e+01
2.149495e+01
2.150312e+01
2.151128e+01
2.151945e+01
2.152761e+01
2.153577e+01
2.154394e+01
2.155210e+01
2.156027e+01
2.156843e+01
2.157660e+01
2.158476e+01
2.159292e+01
2.160109e+01
2.160925e+01
2.161742e+01
2.162558e+01
2.163375e+01
2.164191e+01
2.165007e+01
2.165824e+01
2.166640e+01
2.167457e+01
2.168273e+01
2.169089e+01
2.169906e+01
2.170722e+01
2.171539e+01
2.172355e+01
2.173172e+01
2.173988e+01
2.174804e+01
2.175621e+01
2.176437e+01
2.177254e+01
2.178070e+01
2.178887e+01
2.179703e+01
2.180519e+01
2.181336e+01
2.182152e+01
2.182969e+01
2.183785e+01
2.184602e+01
2.185418e+01
2.186234e+01
2.187051e+01
2.187867e+01
2.188684e+01
2.189500e+01
2.190316e+01
2.191133e+01
2.191949e+01
2.192766e+01
2.193582e+01
2.194399e+01
2.195215e+01
2.196031e+01
2.196848e+01
2.197664e+01
2.198481e+01
2.199297e+01
2.200114e+01
2.200930e+01
2.201746e+01
2.202563e+01
2.203379e+01
2.204196e+01
2.205012e+01
2.205829e+01
2.206645e+01
2.207461e+01
2.208278e+01
2.209094e+01
2.209911e+01
2.210727e+01
2.211543e+01
2.212360e+01
2.213176e+01
2.213993e+01
2.214809e+01
2.215626e+01
2.216442e+01
2.217258e+01
2.218075e+01
2.218891e+01
2.219708e+01
2.220524e+01
2.221341e+01
2.222157e+01
2.222973e+01
2.223790e+01
2.224606e+01
2.225423e+01
2.226239e+01
2.227056e+01
2.227872e+01
2.228688e+01
2.229505e+01
2.230321e+01
2.231138e+01
2.231954e+01
2.232770e+01
2.233587e+01
2.234403e+01
2.235220e+01
2.236036e+01
2.236853e+01
2.237669e+01
2.238485e+01
2.239302e+01
2.240118e+01
2.240935e+01
2.241751e+01
2.242568e+01
2.243384e+01
2.244200e+01
2.245017e+01
2.245833e+01
2.246650e+01
2.247466e+01
2.248283e+01
2.249099e+01
2.249915e+01
2.250732e+01
2.251548e+01
2.252365e+01
2.253181e+01
2.253997e+01
2.254814e+01
2.255630e+01
2.256447e+01
2.257263e+01
2.258080e+01
2.258896e+01
2.259712e+01
2.260529e+01
2.261345e+01
2.262162e+01
2.262978e+01
2.263795e+01
2.264611e+01
2.265427e+01
2.266244e+01
2.267060e+01
2.267877e+01
2.268693e+01
2.269510e+01
2.270326e+01
2.271142e+01
2.271959e+01
2.272775e+01
2.273592e+01
2.274408e+01
2.275224e+01
2.276041e+01
2.276857e+01
2.277674e+01
2.278490e+01
2.279307e+01
2.280123e+01
2.280939e+01
2.281756e+01
2.282572e+01
2.283389e+01
2.284205e+01
2.285022e+01
2.285838e+01
2.286654e+01
2.287471e+01
2.288287e+01
2.289104e+01
2.289920e+01
2.290737e+01
2.291553e+01
2.292369e+01
2.293186e+01
2.294002e+01
2.294819e+01
2.295635e+01
2.296451e+01
2.297268e+01
2.298084e+01
2.298901e+01
2.299717e+01
2.300534e+01
2.301350e+01
2.302166e+01
2.302983e+01
2.303799e+01
2.304616e+01
2.305432e+01
2.306249e+01
2.307065e+01
2.307881e+01
2.308698e+01
2.309514e+01
2.310331e+01
2.311147e+01
2.311964e+01
2.312780e+01
2.313596e+01
2.314413e+01
2.315229e+01
2.316046e+01
2.316862e+01
2.317678e+01
2.318495e+01
2.319311e+01
2.320128e+01
2.320944e+01
2.321761e+01
2.322577e+01
2.323393e+01
2.324210e+01
2.325026e+01
2.325843e+01
2.326659e+01
2.327476e+01
2.328292e+01
2.329108e+01
2.329925e+01
2.330741e+01
2.331558e+01
2.332374e+01
2.333191e+01
2.334007e+01
2.334823e+01
2.335640e+01
2.336456e+01
2.337273e+01
2.338089e+01
2.338905e+01
2.339722e+01
2.340538e+01
2.341355e+01
2.342171e+01
2.342988e+01
2.343804e+01
2.344620e+01
2.345437e+01
2.346253e+01
2.347070e+01
2.347886e+01
2.348703e+01
2.349519e+01
2.350335e+01
2.351152e+01
2.351968e+01
2.352785e+01
2.353601e+01
2.354418e+01
2.355234e+01
2.356050e+01
2.356867e+01
2.357683e+01
2.358500e+01
2.359316e+01
2.360132e+01
2.360949e+01
2.361765e+01
2.362582e+01
2.363398e+01
2.364215e+01
2.365031e+01
2.365847e+01
2.366664e+01
2.367480e+01
2.368297e+01
2.369113e+01
2.369930e+01
2.370746e+01
2.371562e+01
2.372379e+01
2.373195e+01
2.374012e+01
2.374828e+01
2.375645e+01
2.376461e+01
2.377277e+01
2.378094e+01
2.378910e+01
2.379727e+01
2.380543e+01
2.381359e+01
2.382176e+01
2.382992e+01
2.383809e+01
2.384625e+01
2.385442e+01
2.386258e+01
2.387074e+01
2.387891e+01
2.388707e+01
2.389524e+01
2.390340e+01
2.391157e+01
2.391973e+01
2.392789e+01
2.393606e+01
2.394422e+01
2.395239e+01
2.396055e+01
2.396872e+01
2.397688e+01
2.398504e+01
2.399321e+01
2.400137e+01
2.400954e+01
2.401770e+01
2.402586e+01
2.403403e+01
2.404219e+01
2.405036e+01
2.405852e+01
2.406669e+01
2.407485e+01
2.408301e+01
2.409118e+01
2.409934e+01
2.410751e+01
2.411567e+01
2.412384e+01
2.413200e+01
2.413888e+01
2.414575e+01
2.415263e+01
2.415950e+01
2.416638e+01
2.417325e+01
2.418013e+01
2.418700e+01
2.419388e+01
2.420075e+01
2.420763e+01
2.421450e+01
2.422138e+01
2.422825e+01
2.423513e+01
2.424200e+01
2.424888e+01
2.425575e+01
2.426263e+01
2.426950e+01
2.427638e+01
2.428325e+01
2.429013e+01
2.429700e+01
2.430388e+01
2.431075e+01
2.431763e+01
2.432451e+01
2.433138e+01
2.433826e+01
2.434513e+01
2.435201e+01
2.435888e+01
2.436576e+01
2.437263e+01
2.437951e+01
2.438638e+01
2.439326e+01
2.440013e+01
2.440701e+01
2.441388e+01
2.442076e+01
2.442763e+01
2.443451e+01
2.444138e+01
2.444826e+01
2.445513e+01
2.446201e+01
2.446888e+01
2.447576e+01
2.448263e+01
2.448951e+01
2.449639e+01
2.450326e+01
2.451014e+01
2.451701e+01
2.452389e+01
2.453076e+01
2.453764e+01
2.454451e+01
2.455139e+01
2.455826e+01
2.456514e+01
2.457201e+01
2.457889e+01
2.458576e+01
2.459264e+01
2.459951e+01
2.460639e+01
2.461326e+01
2.462014e+01
2.462701e+01
2.463389e+01
2.464076e+01
2.464764e+01
2.465451e+01
2.466139e+01
2.466827e+01
2.467514e+01
2.468202e+01
2.468889e+01
2.469577e+01
2.470264e+01
2.470952e+01
2.471639e+01
2.472327e+01
2.473014e+01
2.473702e+01
2.474389e+01
2.475077e+01
2.475764e+01
2.476452e+01
2.477139e+01
2.477827e+01
2.478514e+01
2.479202e+01
2.479889e+01
2.480577e+01
2.481264e+01
2.481952e+01
2.482639e+01
2.483327e+01
2.484014e+01
2.484702e+01
2.485390e+01
2.486077e+01
2.486765e+01
2.487452e+01
2.488140e+01
2.488827e+01
2.489515e+01
2.490202e+01
2.490890e+01
2.491577e+01
2.492265e+01
2.492952e+01
2.493640e+01
2.494327e+01
2.495015e+01
2.495702e+01
2.496390e+01
2.497077e+01
2.497765e+01
2.498452e+01
2.499140e+01
2.499827e+01
2.500515e+01
2.501202e+01
2.501890e+01
2.502578e+01
2.503265e+01
2.503953e+01
2.504640e+01
2.505328e+01
2.506015e+01
2.506703e+01
2.507390e+01
2.508078e+01
2.508765e+01
2.509453e+01
2.510140e+01
2.510828e+01
2.511515e+01
2.512203e+01
2.512890e+01
2.513578e+01
2.514265e+01
2.514953e+01
2.515640e+01
2.516328e+01
2.517015e+01
2.517703e+01
2.518390e+01
2.519078e+01
2.519765e+01
2.520453e+01
2.521141e+01
2.521828e+01
2.522516e+01
2.523203e+01
2.523891e+01
2.524578e+01
2.525266e+01
2.525953e+01
2.526641e+01
2.527328e+01
2.528016e+01
2.528703e+01
2.529391e+01
2.530078e+01
2.530766e+01
2.531453e+01
2.532141e+01
2.532828e+01
2.533516e+01
2.534203e+01
2.534891e+01
2.535578e+01
2.536266e+01
2.536953e+01
2.537641e+01
2.538329e+01
2.539016e+01
2.539704e+01
2.540391e+01
2.541079e+01
2.541766e+01
2.542454e+01
2.543141e+01
2.543829e+01
2.544516e+01
2.545204e+01
2.545891e+01
2.546579e+01
2.547266e+01
2.547954e+01
2.548641e+01
2.549329e+01
2.550016e+01
2.550704e+01
2.551391e+01
2.552079e+01
2.552766e+01
2.553454e+01
2.554141e+01
2.554829e+01
2.555517e+01
2.556204e+01
2.556892e+01
2.557579e+01
2.558267e+01
2.558954e+01
2.559642e+01
2.560329e+01
2.561017e+01
2.561704e+01
2.562392e+01
2.563079e+01
2.563767e+01
2.564454e+01
2.565142e+01
2.565829e+01
2.566517e+01
2.567204e+01
2.567892e+01
2.568579e+01
2.569267e+01
2.569954e+01
2.570642e+01
2.571329e+01
2.572017e+01
2.572704e+01
2.573392e+01
2.574080e+01
2.574767e+01
2.575455e+01
2.576142e+01
2.576830e+01
2.577517e+01
2.578205e+01
2.578892e+01
2.579580e+01
2.580267e+01
2.580955e+01
2.581642e+01
2.582330e+01
2.583017e+01
2.583705e+01
2.584392e+01
2.585080e+01
2.585767e+01
2.586455e+01
2.587142e+01
2.587830e+01
2.588517e+01
2.589205e+01
2.589892e+01
2.590580e+01
2.591268e+01
2.591955e+01
2.592643e+01
2.593330e+01
2.594018e+01
2.594705e+01
2.595393e+01
2.596080e+01
2.596768e+01
2.597455e+01
2.598143e+01
2.598830e+01
2.599518e+01
2.600205e+01
2.600893e+01
2.601580e+01
2.602268e+01
2.602955e+01
2.603643e+01
2.604330e+01
2.605018e+01
2.605705e+01
2.606393e+01
2.607080e+01
2.607768e+01
2.608455e+01
2.609143e+01
2.609831e+01
2.610518e+01
2.611206e+01
2.611893e+01
2.612581e+01
2.613268e+01
2.613956e+01
2.614643e+01
2.615331e+01
2.616018e+01
2.616706e+01
2.617393e+01
2.618081e+01
2.618768e+01
2.619456e+01
2.620143e+01
2.620831e+01
2.621518e+01
2.622206e+01
2.622893e+01
2.623581e+01
2.624268e+01
2.624956e+01
2.625643e+01
2.626331e+01
2.627019e+01
2.627706e+01
2.628394e+01
2.629081e+01
2.629769e+01
2.630456e+01
2.631144e+01
2.631831e+01
2.632519e+01
2.633206e+01
2.633894e+01
2.634581e+01
2.635269e+01
2.635956e+01
2.636644e+01
2.637331e+01
2.638019e+01
2.638706e+01
2.639394e+01
2.640081e+01
2.640769e+01
2.641456e+01
2.642144e+01
2.642831e+01
2.643519e+01
2.644206e+01
2.644894e+01
2.645582e+01
2.646269e+01
2.646957e+01
2.647644e+01
2.648332e+01
2.649019e+01
2.649707e+01
2.650394e+01
2.651082e+01
2.651769e+01
2.652457e+01
2.653144e+01
2.653832e+01
2.654519e+01
2.655207e+01
2.655894e+01
2.656582e+01
2.657269e+01
2.657957e+01
2.658644e+01
2.659332e+01
2.660019e+01
2.660707e+01
2.661394e+01
2.662082e+01
2.662770e+01
2.663457e+01
2.664145e+01
2.664832e+01
2.665520e+01
2.666207e+01
2.666895e+01
2.667582e+01
2.668270e+01
2.668957e+01
2.669645e+01
2.670332e+01
2.671020e+01
2.671707e+01
2.672395e+01
2.673082e+01
2.673770e+01
2.674457e+01
2.675145e+01
2.675832e+01
2.676520e+01
2.677207e+01
2.677895e+01
2.678582e+01
2.679270e+01
2.679958e+01
2.680645e+01
2.681333e+01
2.682020e+01
2.682708e+01
2.683395e+01
2.684083e+01
2.684770e+01
2.685458e+01
2.686145e+01
2.686833e+01
2.687520e+01
2.688208e+01
2.688895e+01
2.689583e+01
2.690270e+01
2.690958e+01
2.691645e+01
2.692333e+01
2.693020e+01
2.693708e+01
2.694395e+01
2.695083e+01
2.695770e+01
2.696458e+01
2.697145e+01
2.697833e+01
2.698521e+01
2.699208e+01
2.699896e+01
2.700583e+01
2.701271e+01
2.701958e+01
2.702646e+01
2.703333e+01
2.704021e+01
2.704708e+01
2.705396e+01
2.706083e+01
2.706771e+01
2.707458e+01
2.708146e+01
2.708833e+01
2.709521e+01
2.710208e+01
2.710896e+01
2.711583e+01
2.712271e+01
2.712958e+01
2.713646e+01
2.714333e+01
2.715021e+01
2.715709e+01
2.716396e+01
2.717084e+01
2.717771e+01
2.718459e+01
2.719146e+01
2.719834e+01
2.720521e+01
2.721209e+01
2.721896e+01
2.722584e+01
2.723271e+01
2.723959e+01
2.724646e+01
2.725334e+01
2.726021e+01
2.726709e+01
2.727396e+01
2.728084e+01
2.728771e+01
2.729459e+01
2.730146e+01
2.730834e+01
2.731521e+01
2.732209e+01
2.732896e+01
2.733584e+01
2.734272e+01
2.734959e+01
2.735647e+01
2.736334e+01
2.737022e+01
2.737709e+01
2.738397e+01
2.739084e+01
2.739772e+01
2.740459e+01
2.741147e+01
2.741834e+01
2.742522e+01
2.743209e+01
2.743897e+01
2.744584e+01
2.745272e+01
2.745959e+01
2.746647e+01
2.747334e+01
2.748022e+01
2.748709e+01
2.749397e+01
2.750084e+01
2.750772e+01
2.751460e+01
2.752147e+01
2.752835e+01
2.753522e+01
2.754210e+01
2.754897e+01
2.755585e+01
2.756272e+01
2.756960e+01
2.757647e+01
2.758335e+01
2.759022e+01
2.759763e+01
2.760503e+01
2.761244e+01
2.761984e+01
2.762725e+01
2.763465e+01
2.764206e+01
2.764946e+01
2.765687e+01
2.766427e+01
2.767168e+01
2.767908e+01
2.768649e+01
2.769389e+01
2.770130e+01
2.770870e+01
2.771611e+01
2.772351e+01
2.773092e+01
2.773832e+01
2.774573e+01
2.775313e+01
2.776054e+01
2.776794e+01
2.777534e+01
2.778275e+01
2.779015e+01
2.779756e+01
2.780496e+01
2.781237e+01
2.781977e+01
2.782718e+01
2.783458e+01
2.784199e+01
2.784939e+01
2.785680e+01
2.786420e+01
2.787161e+01
2.787901e+01
2.788642e+01
2.789382e+01
2.790123e+01
2.790863e+01
2.791604e+01
2.792344e+01
2.793085e+01
2.793825e+01
2.794566e+01
2.795306e+01
2.796047e+01
2.796787e+01
2.797528e+01
2.798268e+01
2.799009e+01
2.799749e+01
2.800490e+01
2.801230e+01
2.801971e+01
2.802711e+01
2.803452e+01
2.804192e+01
2.804933e+01
2.805673e+01
2.806414e+01
2.807154e+01
2.807895e+01
2.808635e+01
2.809376e+01
2.810116e+01
2.810857e+01
2.811597e+01
2.812338e+01
2.813078e+01
2.813819e+01
2.814559e+01
2.815299e+01
2.816040e+01
2.816780e+01
2.817521e+01
2.818261e+01
2.819002e+01
2.819742e+01
2.820483e+01
2.821223e+01
2.821964e+01
2.822704e+01
2.823445e+01
2.824185e+01
2.824926e+01
2.825666e+01
2.826407e+01
2.827147e+01
2.827888e+01
2.828628e+01
2.829369e+01
2.830109e+01
2.830850e+01
2.831590e+01
2.832331e+01
2.833071e+01
2.833812e+01
2.834552e+01
2.835293e+01
2.836033e+01
2.836774e+01
2.837514e+01
2.838255e+01
2.838995e+01
2.839736e+01
2.840476e+01
2.841217e+01
2.841957e+01
2.842698e+01
2.843438e+01
2.844179e+01
2.844919e+01
2.845660e+01
2.846400e+01
2.847141e+01
2.847881e+01
2.848622e+01
2.849362e+01
2.850103e+01
2.850843e+01
2.851584e+01
2.852324e+01
2.853065e+01
2.853805e+01
2.854545e+01
2.855286e+01
2.856026e+01
2.856767e+01
2.857507e+01
2.858248e+01
2.858988e+01
2.859729e+01
2.860469e+01
2.861210e+01
2.861950e+01
2.862691e+01
2.863431e+01
2.864172e+01
2.864912e+01
2.865653e+01
2.866393e+01
2.867134e+01
2.867874e+01
2.868615e+01
2.869355e+01
2.870096e+01
2.870836e+01
2.871577e+01
2.872317e+01
2.873058e+01
2.873798e+01
2.874539e+01
2.875279e+01
2.876020e+01
2.876760e+01
2.877501e+01
2.878241e+01
2.878982e+01
2.879722e+01
2.880463e+01
2.881203e+01
2.881944e+01
2.882684e+01
2.883425e+01
2.884165e+01
2.884906e+01
2.885646e+01
2.886387e+01
2.887127e+01
2.887868e+01
2.888608e+01
2.889349e+01
2.890089e+01
2.890830e+01
2.891570e+01
2.892311e+01
2.893051e+01
2.893791e+01
2.894532e+01
2.895272e+01
2.896013e+01
2.896753e+01
2.897494e+01
2.898234e+01
2.898975e+01
2.899715e+01
2.900456e+01
2.901196e+01
2.901937e+01
2.902677e+01
2.903418e+01
2.904158e+01
2.904899e+01
2.905639e+01
2.906380e+01
2.907120e+01
2.907861e+01
2.908601e+01
2.909342e+01
2.910082e+01
2.910823e+01
2.911563e+01
2.912304e+01
2.913044e+01
2.913785e+01
2.914525e+01
2.915266e+01
2.916006e+01
2.916747e+01
2.917487e+01
2.918228e+01
2.918968e+01
2.919709e+01
2.920449e+01
2.921190e+01
2.921930e+01
2.922671e+01
2.923411e+01
2.924152e+01
2.924892e+01
2.925633e+01
2.926373e+01
2.927114e+01
2.927854e+01
2.928595e+01
2.929335e+01
2.930075e+01
2.930816e+01
2.931556e+01
2.932297e+01
2.933037e+01
2.933778e+01
2.934518e+01
2.935259e+01
2.935999e+01
2.936740e+01
2.937480e+01
2.938221e+01
2.938961e+01
2.939702e+01
2.940442e+01
2.941183e+01
2.941923e+01
2.942664e+01
2.943404e+01
2.944145e+01
2.944885e+01
2.945626e+01
2.946366e+01
2.947107e+01
2.947847e+01
2.948588e+01
2.949328e+01
2.950069e+01
2.950809e+01
2.951550e+01
2.952290e+01
2.953031e+01
2.953771e+01
2.954512e+01
2.955252e+01
2.955993e+01
2.956733e+01
2.957474e+01
2.958214e+01
2.958955e+01
2.959695e+01
2.960436e+01
2.961176e+01
2.961917e+01
2.962657e+01
2.963398e+01
2.964138e+01
2.964879e+01
2.965619e+01
2.966360e+01
2.967100e+01
2.967841e+01
2.968581e+01
2.969321e+01
2.970062e+01
2.970802e+01
2.971543e+01
2.972283e+01
2.973024e+01
2.973764e+01
2.974505e+01
2.975245e+01
2.975986e+01
2.976726e+01
2.977467e+01
2.978207e+01
2.978948e+01
2.979688e+01
2.980429e+01
2.981169e+01
2.981910e+01
2.982650e+01
2.983391e+01
2.984131e+01
2.984872e+01
2.985612e+01
2.986353e+01
2.987093e+01
2.987834e+01
2.988574e+01
2.989315e+01
2.990055e+01
2.990796e+01
2.991536e+01
2.992277e+01
2.993017e+01
2.993758e+01
2.994498e+01
2.995239e+01
2.995979e+01
2.996720e+01
2.997460e+01
2.998201e+01
2.998941e+01
2.999682e+01
3.000422e+01
3.001163e+01
3.001903e+01
3.002644e+01
3.003384e+01
3.004125e+01
3.004865e+01
3.005606e+01
3.006346e+01
3.007087e+01
3.007827e+01
3.008567e+01
3.009308e+01
3.010048e+01
3.010789e+01
3.011529e+01
3.012270e+01
3.013010e+01
3.013751e+01
3.014491e+01
3.015232e+01
3.015972e+01
3.016713e+01
3.017453e+01
3.018194e+01
3.018934e+01
3.019675e+01
3.020415e+01
3.021156e+01
3.021896e+01
3.022637e+01
3.023377e+01
3.024118e+01
3.024858e+01
3.025599e+01
3.026339e+01
3.027080e+01
3.027820e+01
3.028561e+01
3.029301e+01
3.030042e+01
3.030782e+01
3.031523e+01
3.032263e+01
3.033004e+01
3.033744e+01
3.034485e+01
3.035225e+01
3.035966e+01
3.036706e+01
3.037447e+01
3.038187e+01
3.038928e+01
3.039668e+01
3.040409e+01
3.041149e+01
3.041890e+01
3.042630e+01
3.043371e+01
3.044111e+01
3.044852e+01
3.045592e+01
3.046333e+01
3.047073e+01
3.047813e+01
3.048554e+01
3.049294e+01
3.050035e+01
3.050775e+01
3.051516e+01
3.052256e+01
3.052997e+01
3.053737e+01
3.054478e+01
3.055218e+01
3.055959e+01
3.056699e+01
3.057440e+01
3.058180e+01
3.058921e+01
3.059661e+01
3.060402e+01
3.061142e+01
3.061883e+01
3.062623e+01
3.063364e+01
3.064104e+01
3.064845e+01
3.065585e+01
3.066326e+01
3.067066e+01
3.067807e+01
3.068547e+01
3.069288e+01
3.070028e+01
3.070769e+01
3.071509e+01
3.072250e+01
3.072990e+01
3.073731e+01
3.074471e+01
3.075212e+01
3.075952e+01
3.076693e+01
3.077433e+01
3.078174e+01
3.078914e+01
3.079655e+01
3.080395e+01
3.081136e+01
3.081876e+01
3.082617e+01
3.083357e+01
3.084097e+01
3.084838e+01
3.085578e+01
3.086319e+01
3.087059e+01
3.087800e+01
3.088540e+01
3.089281e+01
3.090021e+01
3.090762e+01
3.091502e+01
3.092243e+01
3.092983e+01
3.093724e+01
3.094464e+01
3.095205e+01
3.095945e+01
3.096686e+01
3.097426e+01
3.098167e+01
3.098907e+01
3.099648e+01
3.100388e+01
3.101129e+01
3.101869e+01
3.102610e+01
3.103350e+01
3.104091e+01
3.104831e+01
3.105572e+01
3.106312e+01
3.107053e+01
3.107793e+01
3.108534e+01
3.109274e+01
3.110015e+01
3.110755e+01
3.111496e+01
3.112236e+01
3.112977e+01
3.113717e+01
3.114458e+01
3.115198e+01
