5.800000e-01
5.803332e-01
5.806668e-01
5.810000e-01
5.813332e-01
5.816668e-01
5.820000e-01
5.823332e-01
5.826668e-01
5.830000e-01
5.833332e-01
5.836668e-01
5.840000e-01
5.843332e-01
5.846668e-01
5.850000e-01
5.853332e-01
5.856668e-01
5.860000e-01
5.863332e-01
5.866668e-01
5.870000e-01
5.873332e-01
5.876668e-01
5.880000e-01
5.883332e-01
5.886668e-01
5.890000e-01
5.893332e-01
5.896668e-01
5.900000e-01
5.900000e-01
5.900000e-01
5.900000e-01
5.900000e-01
5.900000e-01
5.900000e-01
5.900000e-01
5.900000e-01
5.900000e-01
5.900000e-01
5.900000e-01
5.900000e-01
5.900000e-01
5.900000e-01
5.900000e-01
5.900000e-01
5.900000e-01
5.900000e-01
5.900000e-01
5.900000e-01
5.903917e-01
5.907833e-01
5.911750e-01
5.915667e-01
5.919583e-01
5.923500e-01
5.927417e-01
5.931333e-01
5.935250e-01
5.939167e-01
5.943083e-01
5.947000e-01
5.950917e-01
5.954833e-01
5.958750e-01
5.962667e-01
5.966583e-01
5.970500e-01
5.975001e-01
5.978333e-01
5.981666e-01
5.985001e-01
5.988333e-01
5.991666e-01
5.995001e-01
5.998333e-01
6.001666e-01
6.005001e-01
6.008333e-01
6.011666e-01
6.015001e-01
6.018333e-01
6.021666e-01
6.025001e-01
6.028333e-01
6.031666e-01
6.035001e-01
6.038333e-01
6.041666e-01
6.045001e-01
6.048333e-01
6.051666e-01
6.055001e-01
6.058333e-01
6.061666e-01
6.065001e-01
6.068333e-01
6.071666e-01
6.075001e-01
6.078333e-01
6.081467e-01
6.084600e-01
6.087733e-01
6.090867e-01
6.094000e-01
6.097133e-01
6.100267e-01
6.103400e-01
6.106533e-01
6.109667e-01
6.112800e-01
6.115933e-01
6.119067e-01
6.122200e-01
6.125333e-01
6.128467e-01
6.131600e-01
6.134733e-01
6.137867e-01
6.141000e-01
6.144133e-01
6.147267e-01
6.150400e-01
6.153533e-01
6.156667e-01
6.159800e-01
6.162933e-01
6.166067e-01
6.169200e-01
6.172333e-01
6.175467e-01
6.178600e-01
6.181733e-01
6.184867e-01
6.188000e-01
6.191133e-01
6.194267e-01
6.197400e-01
6.200533e-01
6.203667e-01
6.206800e-01
6.209933e-01
6.213067e-01
6.216200e-01
6.219333e-01
6.222467e-01
6.225600e-01
6.228733e-01
6.231867e-01
6.235000e-01
6.237433e-01
6.239867e-01
6.242300e-01
6.244733e-01
6.247167e-01
6.249600e-01
6.252033e-01
6.254467e-01
6.256900e-01
6.259333e-01
6.261767e-01
6.264200e-01
6.266633e-01
6.269067e-01
6.271500e-01
6.273933e-01
6.276367e-01
6.278800e-01
6.281233e-01
6.283667e-01
6.286100e-01
6.288533e-01
6.290967e-01
6.293400e-01
6.295833e-01
6.298267e-01
6.300700e-01
6.303133e-01
6.305567e-01
6.308000e-01
6.310433e-01
6.312867e-01
6.315300e-01
6.317733e-01
6.320167e-01
6.322600e-01
6.325033e-01
6.327467e-01
6.329900e-01
6.332333e-01
6.334767e-01
6.337200e-01
6.339633e-01
6.342067e-01
6.344500e-01
6.346933e-01
6.349367e-01
6.351800e-01
6.354233e-01
6.356667e-01
6.380717e-01
6.404767e-01
6.428817e-01
6.452867e-01
6.476917e-01
6.500967e-01
6.525017e-01
6.549067e-01
6.573117e-01
6.597167e-01
6.621217e-01
6.645267e-01
6.669317e-01
6.693367e-01
6.717417e-01
6.741467e-01
6.765517e-01
6.789567e-01
6.813617e-01
6.837667e-01
6.861717e-01
6.885767e-01
6.909817e-01
6.933867e-01
6.957917e-01
6.981967e-01
7.006017e-01
7.030067e-01
7.054117e-01
7.078167e-01
7.102217e-01
7.126267e-01
7.150317e-01
7.174367e-01
7.198417e-01
7.222467e-01
7.246517e-01
7.270567e-01
7.294617e-01
7.318667e-01
7.342717e-01
7.366767e-01
7.390817e-01
7.414867e-01
7.438917e-01
7.462967e-01
7.487017e-01
7.511067e-01
7.535117e-01
7.559167e-01
7.583217e-01
7.607267e-01
7.631317e-01
7.655367e-01
7.679417e-01
7.703467e-01
7.727517e-01
7.751567e-01
7.775617e-01
7.799667e-01
7.823717e-01
7.847767e-01
7.871817e-01
7.895867e-01
7.919917e-01
7.943967e-01
7.968017e-01
7.992067e-01
8.016117e-01
8.040167e-01
8.064217e-01
8.088267e-01
8.112317e-01
8.136367e-01
8.160417e-01
8.184467e-01
8.208517e-01
8.232567e-01
8.256617e-01
8.280667e-01
8.304717e-01
8.328767e-01
8.352817e-01
8.376867e-01
8.400917e-01
8.424967e-01
8.449017e-01
8.473067e-01
8.497117e-01
8.521167e-01
8.545217e-01
8.569267e-01
8.593317e-01
8.617367e-01
8.641417e-01
8.665467e-01
8.689517e-01
8.713567e-01
8.737617e-01
8.761667e-01
8.769967e-01
8.778267e-01
8.786567e-01
8.794867e-01
8.803167e-01
8.811467e-01
8.819767e-01
8.828067e-01
8.836367e-01
8.844667e-01
8.852967e-01
8.861267e-01
8.869567e-01
8.877867e-01
8.886167e-01
8.894467e-01
8.902767e-01
8.911067e-01
8.919367e-01
8.927667e-01
8.935967e-01
8.944267e-01
8.952567e-01
8.960867e-01
8.969167e-01
8.977467e-01
8.985767e-01
8.994067e-01
9.002367e-01
9.010667e-01
9.018967e-01
9.027267e-01
9.035567e-01
9.043867e-01
9.052167e-01
9.060467e-01
9.068767e-01
9.077067e-01
9.085367e-01
9.093667e-01
9.101967e-01
9.110267e-01
9.118567e-01
9.126867e-01
9.135167e-01
9.143467e-01
9.151767e-01
9.160067e-01
9.168367e-01
9.176667e-01
9.184967e-01
9.193267e-01
9.201567e-01
9.209867e-01
9.218167e-01
9.226467e-01
9.234767e-01
9.243067e-01
9.251367e-01
9.259667e-01
9.267967e-01
9.276267e-01
9.284567e-01
9.292867e-01
9.301167e-01
9.309467e-01
9.317767e-01
9.326067e-01
9.334367e-01
9.342667e-01
9.350967e-01
9.359267e-01
9.367567e-01
9.375867e-01
9.384167e-01
9.392467e-01
9.400767e-01
9.409067e-01
9.417367e-01
9.425667e-01
9.433967e-01
9.442267e-01
9.450567e-01
9.458867e-01
9.467167e-01
9.475467e-01
9.483767e-01
9.492067e-01
9.500367e-01
9.508667e-01
9.516967e-01
9.525267e-01
9.533567e-01
9.541867e-01
9.550167e-01
9.558467e-01
9.566767e-01
9.575067e-01
9.583367e-01
9.591667e-01
9.598775e-01
9.605883e-01
9.612992e-01
9.620100e-01
9.627208e-01
9.634317e-01
9.641425e-01
9.648533e-01
9.655642e-01
9.662750e-01
9.669858e-01
9.676967e-01
9.684075e-01
9.691183e-01
9.698292e-01
9.705400e-01
9.712508e-01
9.719617e-01
9.726725e-01
9.733833e-01
9.740942e-01
9.748050e-01
9.755158e-01
9.762267e-01
9.769375e-01
9.776483e-01
9.783592e-01
9.790700e-01
9.797808e-01
9.804917e-01
9.812025e-01
9.819133e-01
9.826242e-01
9.833350e-01
9.840458e-01
9.847567e-01
9.854675e-01
9.861783e-01
9.868892e-01
9.876000e-01
9.883108e-01
9.890217e-01
9.897325e-01
9.904433e-01
9.911542e-01
9.918650e-01
9.925758e-01
9.932867e-01
9.939975e-01
9.947083e-01
9.954192e-01
9.961300e-01
9.968408e-01
9.975517e-01
9.982625e-01
9.989733e-01
9.996842e-01
1.000395e+00
1.001106e+00
1.001817e+00
1.002528e+00
1.003238e+00
1.003949e+00
1.004660e+00
1.005371e+00
1.006082e+00
1.006792e+00
1.007503e+00
1.008214e+00
1.008925e+00
1.009636e+00
1.010347e+00
1.011057e+00
1.011768e+00
1.012479e+00
1.013190e+00
1.013901e+00
1.014612e+00
1.015323e+00
1.016033e+00
1.016744e+00
1.017455e+00
1.018166e+00
1.018877e+00
1.019588e+00
1.020298e+00
1.021009e+00
1.021720e+00
1.022431e+00
1.023142e+00
1.023853e+00
1.024563e+00
1.025274e+00
1.025985e+00
1.026696e+00
1.027407e+00
1.028118e+00
1.028828e+00
1.029539e+00
1.030250e+00
1.030961e+00
1.031672e+00
1.032382e+00
1.033093e+00
1.033804e+00
1.034515e+00
1.035226e+00
1.035937e+00
1.036647e+00
1.037358e+00
1.038069e+00
1.038780e+00
1.039491e+00
1.040202e+00
1.040912e+00
1.041623e+00
1.042334e+00
1.043045e+00
1.043756e+00
1.044467e+00
1.045178e+00
1.045888e+00
1.046599e+00
1.047310e+00
1.048021e+00
1.048732e+00
1.049443e+00
1.050153e+00
1.050864e+00
1.051575e+00
1.052286e+00
1.052997e+00
1.053708e+00
1.054418e+00
1.055129e+00
1.055840e+00
1.056551e+00
1.057262e+00
1.057972e+00
1.058683e+00
1.059394e+00
1.060105e+00
1.060816e+00
1.061527e+00
1.062237e+00
1.062948e+00
1.063659e+00
1.064370e+00
1.065081e+00
1.065792e+00
1.066503e+00
1.067213e+00
1.067924e+00
1.068635e+00
1.069346e+00
1.070057e+00
1.070768e+00
1.071478e+00
1.072189e+00
1.072900e+00
1.073611e+00
1.074322e+00
1.075033e+00
1.075743e+00
1.076454e+00
1.077165e+00
1.077876e+00
1.078587e+00
1.079298e+00
1.080008e+00
1.080719e+00
1.081430e+00
1.082141e+00
1.082852e+00
1.083562e+00
1.084273e+00
1.084984e+00
1.085695e+00
1.086406e+00
1.087117e+00
1.087827e+00
1.088538e+00
1.089249e+00
1.089960e+00
1.090671e+00
1.091382e+00
1.092092e+00
1.092803e+00
1.093514e+00
1.094225e+00
1.094936e+00
1.095647e+00
1.096358e+00
1.097068e+00
1.097779e+00
1.098490e+00
1.099201e+00
1.099912e+00
1.100623e+00
1.101333e+00
1.102212e+00
1.103090e+00
1.103968e+00
1.104847e+00
1.105725e+00
1.106603e+00
1.107482e+00
1.108360e+00
1.109238e+00
1.110117e+00
1.110995e+00
1.111873e+00
1.112752e+00
1.113630e+00
1.114508e+00
1.115387e+00
1.116265e+00
1.117143e+00
1.118022e+00
1.118900e+00
1.119778e+00
1.120657e+00
1.121535e+00
1.122413e+00
1.123292e+00
1.124170e+00
1.125048e+00
1.125927e+00
1.126805e+00
1.127683e+00
1.128562e+00
1.129440e+00
1.130318e+00
1.131197e+00
1.132075e+00
1.132953e+00
1.133832e+00
1.134710e+00
1.135588e+00
1.136467e+00
1.137345e+00
1.138223e+00
1.139102e+00
1.139980e+00
1.140858e+00
1.141737e+00
1.142615e+00
1.143493e+00
1.144372e+00
1.145250e+00
1.146128e+00
1.147007e+00
1.147885e+00
1.148763e+00
1.149642e+00
1.150520e+00
1.151398e+00
1.152277e+00
1.153155e+00
1.154033e+00
1.154912e+00
1.155790e+00
1.156668e+00
1.157547e+00
1.158425e+00
1.159303e+00
1.160182e+00
1.161060e+00
1.161938e+00
1.162817e+00
1.163695e+00
1.164573e+00
1.165452e+00
1.166330e+00
1.167208e+00
1.168087e+00
1.168965e+00
1.169843e+00
1.170722e+00
1.171600e+00
1.172478e+00
1.173357e+00
1.174235e+00
1.175113e+00
1.175992e+00
1.176870e+00
1.177748e+00
1.178627e+00
1.179505e+00
1.180383e+00
1.181262e+00
1.182140e+00
1.183018e+00
1.183897e+00
1.184775e+00
1.185653e+00
1.186532e+00
1.187410e+00
1.188288e+00
1.189167e+00
1.201081e+00
1.212996e+00
1.224910e+00
1.236825e+00
1.248739e+00
1.260653e+00
1.272568e+00
1.284482e+00
1.296397e+00
1.308311e+00
1.320226e+00
1.332140e+00
1.344054e+00
1.355969e+00
1.367883e+00
1.379798e+00
1.391712e+00
1.403626e+00
1.415541e+00
1.427455e+00
1.439370e+00
1.451284e+00
1.463198e+00
1.475113e+00
1.487027e+00
1.498942e+00
1.510856e+00
1.522771e+00
1.534685e+00
1.546599e+00
1.558514e+00
1.570428e+00
1.582343e+00
1.594257e+00
1.606171e+00
1.618086e+00
1.630000e+00
1.641915e+00
1.653829e+00
1.665744e+00
1.677658e+00
1.689572e+00
1.701487e+00
1.713401e+00
1.725316e+00
1.737230e+00
1.749144e+00
1.761059e+00
1.772973e+00
1.784888e+00
1.796802e+00
1.808716e+00
1.820631e+00
1.832545e+00
1.844460e+00
1.856374e+00
1.868289e+00
1.880203e+00
1.892117e+00
1.904032e+00
1.915946e+00
1.927861e+00
1.939775e+00
1.951689e+00
1.963604e+00
1.975518e+00
1.987433e+00
1.999347e+00
2.011261e+00
2.023176e+00
2.035090e+00
2.047005e+00
2.058919e+00
2.070834e+00
2.082748e+00
2.094662e+00
2.106577e+00
2.118491e+00
2.130406e+00
2.142320e+00
2.154234e+00
2.166149e+00
2.178063e+00
2.189978e+00
2.201892e+00
2.213806e+00
2.225721e+00
2.237635e+00
2.249550e+00
2.261464e+00
2.273379e+00
2.285293e+00
2.297207e+00
2.309122e+00
2.321036e+00
2.332951e+00
2.344865e+00
2.356779e+00
2.368694e+00
2.380608e+00
2.392523e+00
2.404437e+00
2.416352e+00
2.428266e+00
2.440180e+00
2.452095e+00
2.464009e+00
2.475924e+00
2.487838e+00
2.499752e+00
2.511667e+00
2.523581e+00
2.535496e+00
2.547410e+00
2.559324e+00
2.571239e+00
2.583153e+00
2.595068e+00
2.606982e+00
2.618897e+00
2.630811e+00
2.642725e+00
2.654640e+00
2.666554e+00
2.678469e+00
2.690383e+00
2.702297e+00
2.714212e+00
2.726126e+00
2.738041e+00
2.749955e+00
2.761869e+00
2.773784e+00
2.785698e+00
2.797613e+00
2.809527e+00
2.821442e+00
2.833356e+00
2.845270e+00
2.857185e+00
2.869099e+00
2.881014e+00
2.892928e+00
2.904842e+00
2.916757e+00
2.928671e+00
2.940586e+00
2.952500e+00
2.964415e+00
2.976329e+00
2.988243e+00
3.000158e+00
3.012072e+00
3.023987e+00
3.035901e+00
3.047815e+00
3.059730e+00
3.071644e+00
3.083559e+00
3.095473e+00
3.107387e+00
3.119302e+00
3.131216e+00
3.143131e+00
3.155045e+00
3.166960e+00
3.178874e+00
3.190788e+00
3.202703e+00
3.214617e+00
3.226532e+00
3.238446e+00
3.250360e+00
3.262275e+00
3.274189e+00
3.286104e+00
3.298018e+00
3.309932e+00
3.321847e+00
3.333761e+00
3.345676e+00
3.357590e+00
3.369505e+00
3.381419e+00
3.393333e+00
3.405248e+00
3.417162e+00
3.429077e+00
3.440991e+00
3.452905e+00
3.464820e+00
3.476734e+00
3.488649e+00
3.500563e+00
3.512477e+00
3.524392e+00
3.536306e+00
3.548221e+00
3.560135e+00
3.572050e+00
3.583964e+00
3.595878e+00
3.607793e+00
3.619707e+00
3.631622e+00
3.643536e+00
3.655450e+00
3.667365e+00
3.679279e+00
3.691194e+00
3.703108e+00
3.715023e+00
3.726937e+00
3.738851e+00
3.750766e+00
3.762680e+00
3.774595e+00
3.786509e+00
3.798423e+00
3.810338e+00
3.822252e+00
3.834167e+00
3.846081e+00
3.857995e+00
3.869910e+00
3.881824e+00
3.893739e+00
3.905653e+00
3.917568e+00
3.929482e+00
3.941396e+00
3.953311e+00
3.965225e+00
3.977140e+00
3.989054e+00
4.000968e+00
4.012883e+00
4.024797e+00
4.036712e+00
4.048626e+00
4.060540e+00
4.072455e+00
4.084369e+00
4.096284e+00
4.108198e+00
4.120113e+00
4.132027e+00
4.143941e+00
4.155856e+00
4.167770e+00
4.179685e+00
4.191599e+00
4.203513e+00
4.215428e+00
4.227342e+00
4.239257e+00
4.251171e+00
4.263085e+00
4.275000e+00
4.286914e+00
4.298829e+00
4.310743e+00
4.322658e+00
4.334572e+00
4.346486e+00
4.358401e+00
4.370315e+00
4.382230e+00
4.394144e+00
4.406058e+00
4.417973e+00
4.429887e+00
4.441802e+00
4.453716e+00
4.465631e+00
4.477545e+00
4.489459e+00
4.501374e+00
4.513288e+00
4.525203e+00
4.537117e+00
4.549031e+00
4.560946e+00
4.572860e+00
4.584775e+00
4.596689e+00
4.608603e+00
4.620518e+00
4.632432e+00
4.644347e+00
4.656261e+00
4.668176e+00
4.680090e+00
4.692004e+00
4.703919e+00
4.715833e+00
4.727748e+00
4.739662e+00
4.751576e+00
4.763491e+00
4.775405e+00
4.787320e+00
4.799234e+00
4.811148e+00
4.823063e+00
4.834977e+00
4.846892e+00
4.858806e+00
4.870721e+00
4.882635e+00
4.894549e+00
4.906464e+00
4.918378e+00
4.930293e+00
4.942207e+00
4.954121e+00
4.966036e+00
4.977950e+00
4.989865e+00
5.001779e+00
5.013694e+00
5.025608e+00
5.037522e+00
5.049437e+00
5.061351e+00
5.073266e+00
5.085180e+00
5.097094e+00
5.109009e+00
5.120923e+00
5.132838e+00
5.144752e+00
5.156666e+00
5.168581e+00
5.180495e+00
5.192410e+00
5.204324e+00
5.216239e+00
5.228153e+00
5.240067e+00
5.251982e+00
5.263896e+00
5.275811e+00
5.287725e+00
5.299639e+00
5.311554e+00
5.323468e+00
5.335383e+00
5.347297e+00
5.359211e+00
5.371126e+00
5.383040e+00
5.394955e+00
5.406869e+00
5.418784e+00
5.430698e+00
5.442612e+00
5.454527e+00
5.466441e+00
5.478356e+00
5.490270e+00
5.502184e+00
5.514099e+00
5.526013e+00
5.537928e+00
5.549842e+00
5.561756e+00
5.573671e+00
5.585585e+00
5.597500e+00
5.609414e+00
5.621329e+00
5.633243e+00
5.645157e+00
5.657072e+00
5.668986e+00
5.680901e+00
5.692815e+00
5.704729e+00
5.716644e+00
5.728558e+00
5.740473e+00
5.752387e+00
5.764302e+00
5.776216e+00
5.788130e+00
5.800045e+00
5.811959e+00
5.823874e+00
5.835788e+00
5.847702e+00
5.859617e+00
5.871531e+00
5.883446e+00
5.895360e+00
5.907274e+00
5.919189e+00
5.931103e+00
5.943018e+00
5.954932e+00
5.966847e+00
5.978761e+00
5.990675e+00
6.002590e+00
6.014504e+00
6.026419e+00
6.038333e+00
6.044521e+00
6.050709e+00
6.056897e+00
6.063084e+00
6.069272e+00
6.075460e+00
6.081648e+00
6.087836e+00
6.094023e+00
6.100211e+00
6.106399e+00
6.112587e+00
6.118774e+00
6.124962e+00
6.131150e+00
6.137338e+00
6.143526e+00
6.149713e+00
6.155901e+00
6.162089e+00
6.168277e+00
6.174464e+00
6.180652e+00
6.186840e+00
6.193028e+00
6.199216e+00
6.205403e+00
6.211591e+00
6.217779e+00
6.223967e+00
6.230154e+00
6.236342e+00
6.242530e+00
6.248718e+00
6.254906e+00
6.261093e+00
6.267281e+00
6.273469e+00
6.279657e+00
6.285844e+00
6.292032e+00
6.298220e+00
6.304408e+00
6.310596e+00
6.316783e+00
6.322971e+00
6.329159e+00
6.335347e+00
6.341534e+00
6.347722e+00
6.353910e+00
6.360098e+00
6.366286e+00
6.372473e+00
6.378661e+00
6.384849e+00
6.391037e+00
6.397224e+00
6.403412e+00
6.409600e+00
6.415788e+00
6.421976e+00
6.428163e+00
6.434351e+00
6.440539e+00
6.446727e+00
6.452914e+00
6.459102e+00
6.465290e+00
6.471478e+00
6.477666e+00
6.483853e+00
6.490041e+00
6.496229e+00
6.502417e+00
6.508604e+00
6.514792e+00
6.520980e+00
6.527168e+00
6.533356e+00
6.539543e+00
6.545731e+00
6.551919e+00
6.558107e+00
6.564294e+00
6.570482e+00
6.576670e+00
6.582858e+00
6.589046e+00
6.595233e+00
6.601421e+00
6.607609e+00
6.613797e+00
6.619984e+00
6.626172e+00
6.632360e+00
6.638548e+00
6.644736e+00
6.650923e+00
6.657111e+00
6.662772e+00
6.668433e+00
6.674095e+00
6.679756e+00
6.685417e+00
6.691078e+00
6.696739e+00
6.702400e+00
6.708061e+00
6.713722e+00
6.719384e+00
6.725045e+00
6.730706e+00
6.736367e+00
6.742028e+00
6.747689e+00
6.753350e+00
6.759012e+00
6.764673e+00
6.770334e+00
6.775995e+00
6.781656e+00
6.787317e+00
6.792978e+00
6.798640e+00
6.804301e+00
6.809962e+00
6.815623e+00
6.821284e+00
6.826945e+00
6.832606e+00
6.838268e+00
6.843929e+00
6.849590e+00
6.855251e+00
6.860912e+00
6.866573e+00
6.872234e+00
6.877895e+00
6.883557e+00
6.889218e+00
6.894879e+00
6.900540e+00
6.906201e+00
6.911862e+00
6.917523e+00
6.923185e+00
6.928846e+00
6.934507e+00
6.940168e+00
6.945829e+00
6.951490e+00
6.957151e+00
6.962813e+00
6.968474e+00
6.974135e+00
6.979796e+00
6.985457e+00
6.991118e+00
6.996779e+00
7.002441e+00
7.008102e+00
7.013763e+00
7.019424e+00
7.025085e+00
7.030746e+00
7.036407e+00
7.042069e+00
7.047730e+00
7.053391e+00
7.059052e+00
7.064713e+00
7.070374e+00
7.076035e+00
7.081697e+00
7.087358e+00
7.093019e+00
7.098680e+00
7.104341e+00
7.110002e+00
7.115663e+00
7.121325e+00
7.126986e+00
7.132647e+00
7.138308e+00
7.143969e+00
7.149630e+00
7.155291e+00
7.160952e+00
7.166614e+00
7.172275e+00
7.177936e+00
7.183597e+00
7.189258e+00
7.194919e+00
7.200580e+00
7.206242e+00
7.211903e+00
7.217564e+00
7.223225e+00
7.228886e+00
7.234547e+00
7.240208e+00
7.245870e+00
7.251531e+00
7.257192e+00
7.262853e+00
7.268514e+00
7.274175e+00
7.279836e+00
7.285498e+00
7.291159e+00
7.296820e+00
7.302481e+00
7.308142e+00
7.313803e+00
7.319464e+00
7.325125e+00
7.330787e+00
7.336448e+00
7.342109e+00
7.347770e+00
7.353431e+00
7.359092e+00
7.364754e+00
7.370414e+00
7.376076e+00
7.381737e+00
7.387398e+00
7.393059e+00
7.398720e+00
7.404382e+00
7.410043e+00
7.415704e+00
7.421365e+00
7.427026e+00
7.432687e+00
7.438348e+00
7.444009e+00
7.449671e+00
7.455331e+00
7.460993e+00
7.466654e+00
7.472315e+00
7.477976e+00
7.483637e+00
7.489299e+00
7.494960e+00
7.500621e+00
7.506282e+00
7.511943e+00
7.517604e+00
7.523265e+00
7.528927e+00
7.534588e+00
7.540249e+00
7.545910e+00
7.551571e+00
7.557232e+00
7.562893e+00
7.568554e+00
7.574216e+00
7.579877e+00
7.585538e+00
7.591199e+00
7.596860e+00
7.602522e+00
7.608182e+00
7.613844e+00
7.619505e+00
7.625166e+00
7.630827e+00
7.636488e+00
7.642149e+00
7.647810e+00
7.653471e+00
7.659133e+00
7.664794e+00
7.670455e+00
7.676116e+00
7.681777e+00
7.687439e+00
7.693099e+00
7.698761e+00
7.704422e+00
7.710083e+00
7.715744e+00
7.721405e+00
7.727066e+00
7.732727e+00
7.738389e+00
7.744050e+00
7.749711e+00
7.755372e+00
7.761033e+00
7.766694e+00
7.772356e+00
7.778016e+00
7.783678e+00
7.789339e+00
7.795000e+00
7.801057e+00
7.807115e+00
7.813172e+00
7.819229e+00
7.825287e+00
7.831344e+00
7.837402e+00
7.843459e+00
7.849517e+00
7.855574e+00
7.861632e+00
7.867689e+00
7.873746e+00
7.879804e+00
7.885861e+00
7.891918e+00
7.897976e+00
7.904033e+00
7.910090e+00
7.916148e+00
7.922205e+00
7.928263e+00
7.934320e+00
7.940378e+00
7.946435e+00
7.952492e+00
7.958550e+00
7.964607e+00
7.970665e+00
7.976722e+00
7.982779e+00
7.988837e+00
7.994894e+00
8.000951e+00
8.007009e+00
8.013066e+00
8.019123e+00
8.025181e+00
8.031238e+00
8.037296e+00
8.043353e+00
8.049411e+00
8.055468e+00
8.061526e+00
8.067583e+00
8.073640e+00
8.079698e+00
8.085755e+00
8.091812e+00
8.097870e+00
8.103927e+00
8.109984e+00
8.116042e+00
8.122099e+00
8.128157e+00
8.134214e+00
8.140272e+00
8.146329e+00
8.152387e+00
8.158444e+00
8.164501e+00
8.170559e+00
8.176616e+00
8.182673e+00
8.188731e+00
8.194788e+00
8.200845e+00
8.206903e+00
8.212960e+00
8.219018e+00
8.225075e+00
8.231133e+00
8.237190e+00
8.243248e+00
8.249305e+00
8.255362e+00
8.261419e+00
8.267477e+00
8.273534e+00
8.279591e+00
8.285649e+00
8.291706e+00
8.297764e+00
8.303821e+00
8.309879e+00
8.315936e+00
8.321993e+00
8.328051e+00
8.334108e+00
8.340166e+00
8.346223e+00
8.352280e+00
8.358338e+00
8.364395e+00
8.370452e+00
8.376510e+00
8.382567e+00
8.388624e+00
8.394682e+00
8.400739e+00
8.406797e+00
8.412854e+00
8.418912e+00
8.424969e+00
8.431027e+00
8.437084e+00
8.443141e+00
8.449199e+00
8.455256e+00
8.461313e+00
8.467371e+00
8.473428e+00
8.479485e+00
8.485543e+00
8.491600e+00
8.497658e+00
8.503715e+00
8.509773e+00
8.515830e+00
8.521888e+00
8.527945e+00
8.534002e+00
8.540060e+00
8.546117e+00
8.552174e+00
8.558232e+00
8.564289e+00
8.570346e+00
8.576404e+00
8.582461e+00
8.588519e+00
8.594576e+00
8.600634e+00
8.606691e+00
8.612749e+00
8.618806e+00
8.624863e+00
8.630921e+00
8.636978e+00
8.643035e+00
8.649093e+00
8.655150e+00
8.661207e+00
8.667265e+00
8.673322e+00
8.679380e+00
8.685437e+00
8.691494e+00
8.697552e+00
8.703609e+00
8.709667e+00
8.715724e+00
8.721782e+00
8.727839e+00
8.733896e+00
8.739954e+00
8.746011e+00
8.752068e+00
8.758126e+00
8.764183e+00
8.770240e+00
8.776298e+00
8.782355e+00
8.788413e+00
8.794470e+00
8.800528e+00
8.806585e+00
8.812643e+00
8.818700e+00
8.824757e+00
8.830815e+00
8.836872e+00
8.842929e+00
8.848987e+00
8.855044e+00
8.861101e+00
8.867159e+00
8.873216e+00
8.879274e+00
8.885331e+00
8.891389e+00
8.897446e+00
8.903504e+00
8.909561e+00
8.915618e+00
8.921676e+00
8.927733e+00
8.933790e+00
8.939848e+00
8.945905e+00
8.951962e+00
8.958020e+00
8.964077e+00
8.970135e+00
8.976192e+00
8.982249e+00
8.988307e+00
8.994364e+00
9.000422e+00
9.006479e+00
9.012537e+00
9.018594e+00
9.024651e+00
9.030709e+00
9.036766e+00
9.042823e+00
9.048881e+00
9.054938e+00
9.060995e+00
9.067053e+00
9.073110e+00
9.079168e+00
9.085225e+00
9.091283e+00
9.097340e+00
9.103398e+00
9.109455e+00
9.115512e+00
9.121570e+00
9.127627e+00
9.133684e+00
9.139742e+00
9.145799e+00
9.151856e+00
9.157914e+00
9.163971e+00
9.170029e+00
9.176086e+00
9.182144e+00
9.188201e+00
9.194258e+00
9.200316e+00
9.206373e+00
9.212430e+00
9.218488e+00
9.224545e+00
9.230602e+00
9.236660e+00
9.242717e+00
9.248775e+00
9.254832e+00
9.260890e+00
9.266947e+00
9.273005e+00
9.279062e+00
9.285119e+00
9.291177e+00
9.297234e+00
9.303291e+00
9.309349e+00
9.315406e+00
9.321463e+00
9.327521e+00
9.333578e+00
9.339636e+00
9.345693e+00
9.351750e+00
9.357808e+00
9.363865e+00
9.369923e+00
9.375980e+00
9.382038e+00
9.388095e+00
9.394152e+00
9.400210e+00
9.406267e+00
9.412324e+00
9.418382e+00
9.424439e+00
9.430496e+00
9.436554e+00
9.442611e+00
9.448669e+00
9.454726e+00
9.460784e+00
9.466841e+00
9.472899e+00
9.478956e+00
9.485013e+00
9.491071e+00
9.497128e+00
9.503185e+00
9.509243e+00
9.515300e+00
9.521357e+00
9.527415e+00
9.533472e+00
9.539530e+00
9.545587e+00
9.551645e+00
9.557702e+00
9.563760e+00
9.569817e+00
9.575874e+00
9.581932e+00
9.587989e+00
9.594046e+00
9.600104e+00
9.606161e+00
9.612218e+00
9.618276e+00
9.624333e+00
9.630722e+00
9.637110e+00
9.643499e+00
9.649888e+00
9.656276e+00
9.662665e+00
9.669054e+00
9.675442e+00
9.681831e+00
9.688220e+00
9.694608e+00
9.700997e+00
9.707386e+00
9.713774e+00
9.720163e+00
9.726551e+00
9.732940e+00
9.739328e+00
9.745717e+00
9.752106e+00
9.758494e+00
9.764883e+00
9.771271e+00
9.777660e+00
9.784048e+00
9.790437e+00
9.796826e+00
9.803214e+00
9.809603e+00
9.815992e+00
9.822380e+00
9.828769e+00
9.835158e+00
9.841546e+00
9.847935e+00
9.854324e+00
9.860712e+00
9.867101e+00
9.873489e+00
9.879878e+00
9.886267e+00
9.892655e+00
9.899044e+00
9.905432e+00
9.911821e+00
9.918210e+00
9.924598e+00
9.930987e+00
9.937375e+00
9.943764e+00
9.950152e+00
9.956541e+00
9.962930e+00
9.969318e+00
9.975707e+00
9.982095e+00
9.988484e+00
9.994873e+00
1.000126e+01
1.000765e+01
1.001404e+01
1.002043e+01
1.002682e+01
1.003320e+01
1.003959e+01
1.004598e+01
1.005237e+01
1.005876e+01
1.006515e+01
1.007154e+01
1.007792e+01
1.008431e+01
1.009070e+01
1.009709e+01
1.010348e+01
1.010987e+01
1.011626e+01
1.012265e+01
1.012903e+01
1.013542e+01
1.014181e+01
1.014820e+01
1.015459e+01
1.016098e+01
1.016737e+01
1.017375e+01
1.018014e+01
1.018653e+01
1.019292e+01
1.019931e+01
1.020570e+01
1.021209e+01
1.021847e+01
1.022486e+01
1.023125e+01
1.023764e+01
1.024403e+01
1.025042e+01
1.025681e+01
1.026319e+01
1.026958e+01
1.027597e+01
1.028236e+01
1.028875e+01
1.029514e+01
1.030153e+01
1.030792e+01
1.031430e+01
1.032069e+01
1.032708e+01
1.033347e+01
1.033986e+01
1.034625e+01
1.035264e+01
1.035902e+01
1.036541e+01
1.037180e+01
1.037819e+01
1.038458e+01
1.039097e+01
1.039736e+01
1.040374e+01
1.041013e+01
1.041652e+01
1.042291e+01
1.042930e+01
1.043569e+01
1.044208e+01
1.044846e+01
1.045485e+01
1.046124e+01
1.046763e+01
1.047402e+01
1.048041e+01
1.048680e+01
1.049318e+01
1.049957e+01
1.050596e+01
1.051235e+01
1.051874e+01
1.052513e+01
1.053152e+01
1.053791e+01
1.054429e+01
1.055068e+01
1.055707e+01
1.056346e+01
1.056985e+01
1.057624e+01
1.058263e+01
1.058901e+01
1.059540e+01
1.060179e+01
1.060818e+01
1.061457e+01
1.062096e+01
1.062735e+01
1.063373e+01
1.064012e+01
1.064651e+01
1.065290e+01
1.065929e+01
1.066568e+01
1.067207e+01
1.067845e+01
1.068484e+01
1.069123e+01
1.069762e+01
1.070401e+01
1.071040e+01
1.071679e+01
1.072317e+01
1.072956e+01
1.073595e+01
1.074234e+01
1.074873e+01
1.075512e+01
1.076151e+01
1.076789e+01
1.077428e+01
1.078067e+01
1.078706e+01
1.079345e+01
1.079984e+01
1.080623e+01
1.081262e+01
1.081900e+01
1.082539e+01
1.083178e+01
1.083817e+01
1.084456e+01
1.085095e+01
1.085734e+01
1.086372e+01
1.087011e+01
1.087650e+01
1.088289e+01
1.088928e+01
1.089567e+01
1.090206e+01
1.090844e+01
1.091491e+01
1.092138e+01
1.092784e+01
1.093431e+01
1.094078e+01
1.094724e+01
1.095371e+01
1.096018e+01
1.096664e+01
1.097311e+01
1.097958e+01
1.098604e+01
1.099251e+01
1.099898e+01
1.100544e+01
1.101191e+01
1.101838e+01
1.102484e+01
1.103131e+01
1.103778e+01
1.104424e+01
1.105071e+01
1.105718e+01
1.106364e+01
1.107011e+01
1.107658e+01
1.108304e+01
1.108951e+01
1.109597e+01
1.110244e+01
1.110891e+01
1.111537e+01
1.112184e+01
1.112831e+01
1.113477e+01
1.114124e+01
1.114771e+01
1.115417e+01
1.116064e+01
1.116711e+01
1.117357e+01
1.118004e+01
1.118651e+01
1.119297e+01
1.119944e+01
1.120591e+01
1.121237e+01
1.121884e+01
1.122531e+01
1.123177e+01
1.123824e+01
1.124471e+01
1.125117e+01
1.125764e+01
1.126411e+01
1.127057e+01
1.127704e+01
1.128350e+01
1.128997e+01
1.129644e+01
1.130290e+01
1.130937e+01
1.131584e+01
1.132230e+01
1.132877e+01
1.133524e+01
1.134170e+01
1.134817e+01
1.135464e+01
1.136110e+01
1.136757e+01
1.137404e+01
1.138050e+01
1.138697e+01
1.139344e+01
1.139990e+01
1.140637e+01
1.141284e+01
1.141930e+01
1.142577e+01
1.143224e+01
1.143870e+01
1.144517e+01
1.145164e+01
1.145810e+01
1.146457e+01
1.147103e+01
1.147750e+01
1.148397e+01
1.149043e+01
1.149690e+01
1.150337e+01
1.150983e+01
1.151630e+01
1.152277e+01
1.152923e+01
1.153570e+01
1.154217e+01
1.154863e+01
1.155510e+01
1.156157e+01
1.156803e+01
1.157450e+01
1.158097e+01
1.158743e+01
1.159390e+01
1.160037e+01
1.160683e+01
1.161330e+01
1.161977e+01
1.162623e+01
1.163270e+01
1.163917e+01
1.164563e+01
1.165210e+01
1.165856e+01
1.166503e+01
1.167150e+01
1.167796e+01
1.168443e+01
1.169090e+01
1.169736e+01
1.170383e+01
1.171030e+01
1.171676e+01
1.172323e+01
1.172970e+01
1.173616e+01
1.174263e+01
1.174910e+01
1.175556e+01
1.176203e+01
1.176850e+01
1.177496e+01
1.178143e+01
1.178790e+01
1.179436e+01
1.180083e+01
1.180730e+01
1.181376e+01
1.182023e+01
1.182670e+01
1.183316e+01
1.183963e+01
1.184609e+01
1.185256e+01
1.185903e+01
1.186549e+01
1.187196e+01
1.187843e+01
1.188489e+01
1.189136e+01
1.189783e+01
1.190429e+01
1.191076e+01
1.191723e+01
1.192369e+01
1.193016e+01
1.193663e+01
1.194309e+01
1.194956e+01
1.195603e+01
1.196249e+01
1.196896e+01
1.197543e+01
1.198189e+01
1.198836e+01
1.199483e+01
1.200129e+01
1.200776e+01
1.201423e+01
1.202069e+01
1.202716e+01
1.203363e+01
1.204009e+01
1.204656e+01
1.205302e+01
1.205949e+01
1.206596e+01
1.207242e+01
1.207889e+01
1.208536e+01
1.209182e+01
1.209829e+01
1.210476e+01
1.211122e+01
1.211769e+01
1.212416e+01
1.213062e+01
1.213709e+01
1.214356e+01
1.215002e+01
1.215649e+01
1.216296e+01
1.216942e+01
1.217589e+01
1.218236e+01
1.218882e+01
1.219529e+01
1.220176e+01
1.220822e+01
1.221492e+01
1.222162e+01
1.222831e+01
1.223501e+01
1.224171e+01
1.224841e+01
1.225510e+01
1.226180e+01
1.226850e+01
1.227519e+01
1.228189e+01
1.228859e+01
1.229529e+01
1.230198e+01
1.230868e+01
1.231538e+01
1.232207e+01
1.232877e+01
1.233547e+01
1.234217e+01
1.234886e+01
1.235556e+01
1.236226e+01
1.236896e+01
1.237565e+01
1.238235e+01
1.238905e+01
1.239574e+01
1.240244e+01
1.240914e+01
1.241584e+01
1.242253e+01
1.242923e+01
1.243593e+01
1.244262e+01
1.244932e+01
1.245602e+01
1.246272e+01
1.246941e+01
1.247611e+01
1.248281e+01
1.248950e+01
1.249620e+01
1.250290e+01
1.250960e+01
1.251629e+01
1.252299e+01
1.252969e+01
1.253639e+01
1.254308e+01
1.254978e+01
1.255648e+01
1.256317e+01
1.256987e+01
1.257657e+01
1.258327e+01
1.258996e+01
1.259666e+01
1.260336e+01
1.261005e+01
1.261675e+01
1.262345e+01
1.263015e+01
1.263684e+01
1.264354e+01
1.265024e+01
1.265693e+01
1.266363e+01
1.267033e+01
1.267703e+01
1.268372e+01
1.269042e+01
1.269712e+01
1.270382e+01
1.271051e+01
1.271721e+01
1.272391e+01
1.273060e+01
1.273730e+01
1.274400e+01
1.275070e+01
1.275739e+01
1.276409e+01
1.277079e+01
1.277748e+01
1.278418e+01
1.279088e+01
1.279758e+01
1.280427e+01
1.281097e+01
1.281767e+01
1.282437e+01
1.283106e+01
1.283776e+01
1.284446e+01
1.285115e+01
1.285785e+01
1.286455e+01
1.287125e+01
1.287794e+01
1.288464e+01
1.289134e+01
1.289803e+01
1.290473e+01
1.291143e+01
1.291813e+01
1.292482e+01
1.293152e+01
1.293822e+01
1.294491e+01
1.295161e+01
1.295831e+01
1.296501e+01
1.297170e+01
1.297840e+01
1.298510e+01
1.299180e+01
1.299849e+01
1.300519e+01
1.301189e+01
1.301858e+01
1.302528e+01
1.303198e+01
1.303868e+01
1.304537e+01
1.305207e+01
1.305877e+01
1.306546e+01
1.307216e+01
1.307886e+01
1.308556e+01
1.309225e+01
1.309895e+01
1.310565e+01
1.311234e+01
1.311904e+01
1.312574e+01
1.313244e+01
1.313913e+01
1.314583e+01
1.315253e+01
1.315923e+01
1.316592e+01
1.317262e+01
1.317932e+01
1.318601e+01
1.319271e+01
1.319941e+01
1.320611e+01
1.321280e+01
1.321950e+01
1.322620e+01
1.323289e+01
1.323959e+01
1.324629e+01
1.325299e+01
1.325968e+01
1.326638e+01
1.327308e+01
1.327977e+01
1.328647e+01
1.329317e+01
1.329987e+01
1.330656e+01
1.331326e+01
1.331996e+01
1.332666e+01
1.333335e+01
1.334005e+01
1.334675e+01
1.335344e+01
1.336014e+01
1.336684e+01
1.337354e+01
1.338023e+01
1.338693e+01
1.339363e+01
1.340032e+01
1.340702e+01
1.341372e+01
1.342042e+01
1.342711e+01
1.343381e+01
1.344051e+01
1.344720e+01
1.345390e+01
1.346060e+01
1.346730e+01
1.347399e+01
1.348069e+01
1.348739e+01
1.349409e+01
1.350078e+01
1.350748e+01
1.351418e+01
1.352087e+01
1.352757e+01
1.353427e+01
1.354097e+01
1.354766e+01
1.355436e+01
1.356106e+01
1.356775e+01
1.357445e+01
1.358115e+01
1.358785e+01
1.359454e+01
1.360124e+01
1.360794e+01
1.361463e+01
1.362133e+01
1.362803e+01
1.363473e+01
1.364142e+01
1.364812e+01
1.365482e+01
1.366152e+01
1.366821e+01
1.367491e+01
1.368161e+01
1.368830e+01
1.369500e+01
1.370170e+01
1.370840e+01
1.371509e+01
1.372179e+01
1.372849e+01
1.373518e+01
1.374188e+01
1.374858e+01
1.375528e+01
1.376197e+01
1.376867e+01
1.377537e+01
1.378207e+01
1.378876e+01
1.379546e+01
1.380216e+01
1.380885e+01
1.381555e+01
1.382225e+01
1.382895e+01
1.383564e+01
1.384234e+01
1.384904e+01
1.385573e+01
1.386243e+01
1.386913e+01
1.387583e+01
1.388252e+01
1.388922e+01
1.389592e+01
1.390261e+01
1.390931e+01
1.391601e+01
1.392271e+01
1.392940e+01
1.393610e+01
1.394280e+01
1.394950e+01
1.395619e+01
1.396289e+01
1.396959e+01
1.397628e+01
1.398298e+01
1.398968e+01
1.399638e+01
1.400307e+01
1.400977e+01
1.401647e+01
1.402316e+01
1.402986e+01
1.403656e+01
1.404326e+01
1.404995e+01
1.405665e+01
1.406335e+01
1.407004e+01
1.407674e+01
1.408344e+01
1.409014e+01
1.409683e+01
1.410353e+01
1.411023e+01
1.411693e+01
1.412362e+01
1.413032e+01
1.413702e+01
1.414371e+01
1.415041e+01
1.415711e+01
1.416381e+01
1.417050e+01
1.417720e+01
1.418390e+01
1.419059e+01
1.419729e+01
1.420399e+01
1.421069e+01
1.421738e+01
1.422408e+01
1.423078e+01
1.423686e+01
1.424293e+01
1.424901e+01
1.425509e+01
1.426117e+01
1.426725e+01
1.427332e+01
1.427940e+01
1.428548e+01
1.429156e+01
1.429764e+01
1.430372e+01
1.430979e+01
1.431587e+01
1.432195e+01
1.432803e+01
1.433411e+01
1.434018e+01
1.434626e+01
1.435234e+01
1.435842e+01
1.436450e+01
1.437057e+01
1.437665e+01
1.438273e+01
1.438881e+01
1.439489e+01
1.440097e+01
1.440704e+01
1.441312e+01
1.441920e+01
1.442528e+01
1.443136e+01
1.443743e+01
1.444351e+01
1.444959e+01
1.445567e+01
1.446175e+01
1.446783e+01
1.447390e+01
1.447998e+01
1.448606e+01
1.449214e+01
1.449822e+01
1.450429e+01
1.451037e+01
1.451645e+01
1.452253e+01
1.452861e+01
1.453468e+01
1.454076e+01
1.454684e+01
1.455292e+01
1.455900e+01
1.456507e+01
1.457115e+01
1.457723e+01
1.458331e+01
1.458939e+01
1.459547e+01
1.460154e+01
1.460762e+01
1.461370e+01
1.461978e+01
1.462586e+01
1.463193e+01
1.463801e+01
1.464409e+01
1.465017e+01
1.465625e+01
1.466233e+01
1.466840e+01
1.467448e+01
1.468056e+01
1.468664e+01
1.469272e+01
1.469879e+01
1.470487e+01
1.471095e+01
1.471703e+01
1.472311e+01
1.472918e+01
1.473526e+01
1.474134e+01
1.474742e+01
1.475350e+01
1.475958e+01
1.476565e+01
1.477173e+01
1.477781e+01
1.478389e+01
1.478997e+01
1.479604e+01
1.480212e+01
1.480820e+01
1.481428e+01
1.482036e+01
1.482643e+01
1.483251e+01
1.483859e+01
1.484467e+01
1.485075e+01
1.485683e+01
1.486290e+01
1.486898e+01
1.487506e+01
1.488114e+01
1.488722e+01
1.489329e+01
1.489937e+01
1.490545e+01
1.491153e+01
1.491761e+01
1.492369e+01
1.492976e+01
1.493584e+01
1.494192e+01
1.494800e+01
1.495408e+01
1.496015e+01
1.496623e+01
1.497231e+01
1.497839e+01
1.498447e+01
1.499054e+01
1.499662e+01
1.500270e+01
1.500878e+01
1.501486e+01
1.502093e+01
1.502701e+01
1.503309e+01
1.503917e+01
1.504525e+01
1.505133e+01
1.505740e+01
1.506348e+01
1.506956e+01
1.507564e+01
1.508172e+01
1.508779e+01
1.509387e+01
1.509995e+01
1.510603e+01
1.511211e+01
1.511819e+01
1.512426e+01
1.513034e+01
1.513642e+01
1.514250e+01
1.514858e+01
1.515465e+01
1.516073e+01
1.516681e+01
1.517289e+01
1.517897e+01
1.518504e+01
1.519112e+01
1.519720e+01
1.520328e+01
1.520936e+01
1.521543e+01
1.522151e+01
1.522759e+01
1.523367e+01
1.523975e+01
1.524583e+01
1.525190e+01
1.525798e+01
1.526406e+01
1.527014e+01
1.527622e+01
1.528229e+01
1.528837e+01
1.529445e+01
1.530053e+01
1.530661e+01
1.531269e+01
1.531876e+01
1.532484e+01
1.533092e+01
1.533700e+01
1.534308e+01
1.534915e+01
1.535523e+01
1.536131e+01
1.536739e+01
1.537347e+01
1.537954e+01
1.538562e+01
1.539170e+01
1.539778e+01
1.540386e+01
1.540994e+01
1.541601e+01
1.542209e+01
1.542817e+01
1.543425e+01
1.544033e+01
1.544640e+01
1.545248e+01
1.545856e+01
1.546464e+01
1.547072e+01
1.547679e+01
1.548287e+01
1.548895e+01
1.549503e+01
1.550111e+01
1.550719e+01
1.551326e+01
1.551934e+01
1.552542e+01
1.553150e+01
1.553758e+01
1.554365e+01
1.554973e+01
1.555581e+01
1.556189e+01
1.556797e+01
1.557405e+01
1.558012e+01
1.558620e+01
1.559228e+01
1.559836e+01
1.560444e+01
1.561051e+01
1.561659e+01
1.562267e+01
1.562875e+01
1.563483e+01
1.564090e+01
1.564698e+01
1.565306e+01
1.565914e+01
1.566522e+01
1.567129e+01
1.567737e+01
1.568345e+01
1.568953e+01
1.569561e+01
1.570169e+01
1.570776e+01
1.571384e+01
1.571992e+01
1.572600e+01
1.573208e+01
1.573815e+01
1.574423e+01
1.575031e+01
1.575639e+01
1.576247e+01
1.576855e+01
1.577462e+01
1.578070e+01
1.578678e+01
1.579286e+01
1.579894e+01
1.580501e+01
1.581109e+01
1.581717e+01
1.582325e+01
1.582933e+01
1.583540e+01
1.584148e+01
1.584756e+01
1.585364e+01
1.585972e+01
1.586580e+01
1.587187e+01
1.587795e+01
1.588403e+01
1.589011e+01
1.589619e+01
1.590226e+01
1.590834e+01
1.591442e+01
1.592050e+01
1.592658e+01
1.593265e+01
1.593873e+01
1.594481e+01
1.595089e+01
1.595697e+01
1.596305e+01
1.596912e+01
1.597520e+01
1.598128e+01
1.598736e+01
1.599344e+01
1.599951e+01
1.600559e+01
1.601167e+01
1.601775e+01
1.602383e+01
1.602990e+01
1.603598e+01
1.604206e+01
1.604814e+01
1.605422e+01
1.606030e+01
1.606637e+01
1.607245e+01
1.607853e+01
1.608461e+01
1.609069e+01
1.609676e+01
1.610284e+01
1.610892e+01
1.611500e+01
1.612108e+01
1.612715e+01
1.613323e+01
1.613931e+01
1.614539e+01
1.615147e+01
1.615755e+01
1.616362e+01
1.616970e+01
1.617578e+01
1.618186e+01
1.618794e+01
1.619401e+01
1.620009e+01
1.620617e+01
1.621225e+01
1.621833e+01
1.622441e+01
1.623048e+01
1.623656e+01
1.624264e+01
1.624872e+01
1.625480e+01
1.626087e+01
1.626695e+01
1.627303e+01
1.627911e+01
1.628519e+01
1.629126e+01
1.629734e+01
1.630342e+01
1.630950e+01
1.631558e+01
1.632166e+01
1.632773e+01
1.633381e+01
1.633989e+01
1.634597e+01
1.635205e+01
1.635812e+01
1.636420e+01
1.637028e+01
1.637636e+01
1.638244e+01
1.638851e+01
1.639459e+01
1.640067e+01
1.640675e+01
1.641283e+01
1.641891e+01
1.642498e+01
1.643106e+01
1.643714e+01
1.644322e+01
1.644930e+01
1.645537e+01
1.646145e+01
1.646753e+01
1.647361e+01
1.647969e+01
1.648576e+01
1.649184e+01
1.649792e+01
1.650400e+01
1.651008e+01
1.651616e+01
1.652223e+01
1.652831e+01
1.653439e+01
1.654047e+01
1.654655e+01
1.655262e+01
1.655870e+01
1.656478e+01
1.657086e+01
1.657694e+01
1.658301e+01
1.658909e+01
1.659517e+01
1.660125e+01
1.660733e+01
1.661341e+01
1.661948e+01
1.662556e+01
1.663164e+01
1.663772e+01
1.664380e+01
1.664987e+01
1.665595e+01
1.666203e+01
1.666811e+01
1.667419e+01
1.668026e+01
1.668634e+01
1.669242e+01
1.669850e+01
1.670458e+01
1.671066e+01
1.671673e+01
1.672281e+01
1.672889e+01
1.673497e+01
1.674105e+01
1.674712e+01
1.675320e+01
1.675928e+01
1.676536e+01
1.677144e+01
1.677752e+01
1.678359e+01
1.678967e+01
1.679575e+01
1.680183e+01
1.680791e+01
1.681398e+01
1.682006e+01
1.682614e+01
1.683222e+01
1.683830e+01
1.684437e+01
1.685045e+01
1.685653e+01
1.686261e+01
1.686869e+01
1.687476e+01
1.688084e+01
1.688692e+01
1.689300e+01
1.689908e+01
1.690516e+01
1.691123e+01
1.691731e+01
1.692339e+01
1.692947e+01
1.693555e+01
1.694162e+01
1.694770e+01
1.695378e+01
1.695986e+01
1.696594e+01
1.697202e+01
1.697809e+01
1.698417e+01
1.699025e+01
1.699633e+01
1.700241e+01
1.700848e+01
1.701456e+01
1.702064e+01
1.702672e+01
1.703280e+01
1.703887e+01
1.704495e+01
1.705103e+01
1.705711e+01
1.706319e+01
1.706927e+01
1.707534e+01
1.708142e+01
1.708750e+01
1.709358e+01
1.709966e+01
1.710573e+01
1.711181e+01
1.711789e+01
1.712397e+01
1.713005e+01
1.713612e+01
1.714220e+01
1.714828e+01
1.715436e+01
1.716044e+01
1.716652e+01
1.717259e+01
1.717867e+01
1.718475e+01
1.719083e+01
1.719691e+01
1.720298e+01
1.720906e+01
1.721514e+01
1.722122e+01
1.722730e+01
1.723338e+01
1.723945e+01
1.724553e+01
1.725161e+01
1.725769e+01
1.726377e+01
1.726984e+01
1.727592e+01
1.728200e+01
1.728532e+01
1.728865e+01
1.729197e+01
1.729530e+01
1.729862e+01
1.730195e+01
1.730527e+01
1.730859e+01
1.731192e+01
1.731524e+01
1.731857e+01
1.732189e+01
1.732522e+01
1.732854e+01
1.733186e+01
1.733519e+01
1.733851e+01
1.734184e+01
1.734516e+01
1.734849e+01
1.735181e+01
1.735513e+01
1.735846e+01
1.736178e+01
1.736511e+01
1.736843e+01
1.737176e+01
1.737508e+01
1.737840e+01
1.738173e+01
1.738505e+01
1.738838e+01
1.739170e+01
1.739503e+01
1.739835e+01
1.740167e+01
1.740500e+01
1.740832e+01
1.741165e+01
1.741497e+01
1.741830e+01
1.742162e+01
1.742494e+01
1.742827e+01
1.743159e+01
1.743492e+01
1.743824e+01
1.744157e+01
1.744489e+01
1.744821e+01
1.745154e+01
1.745486e+01
1.745819e+01
1.746151e+01
1.746483e+01
1.746816e+01
1.747148e+01
1.747481e+01
1.747813e+01
1.748146e+01
1.748478e+01
1.748810e+01
1.749143e+01
1.749475e+01
1.749808e+01
1.750140e+01
1.750473e+01
1.750805e+01
1.751137e+01
1.751470e+01
1.751802e+01
1.752135e+01
1.752467e+01
1.752800e+01
1.753132e+01
1.753464e+01
1.753797e+01
1.754129e+01
1.754462e+01
1.754794e+01
1.755127e+01
1.755459e+01
1.755791e+01
1.756124e+01
1.756456e+01
1.756789e+01
1.757121e+01
1.757454e+01
1.757786e+01
1.758118e+01
1.758451e+01
1.758783e+01
1.759116e+01
1.759448e+01
1.759781e+01
1.760113e+01
1.760445e+01
1.760778e+01
1.761110e+01
1.761443e+01
1.761775e+01
1.762108e+01
1.762440e+01
1.762772e+01
1.763105e+01
1.763437e+01
1.763770e+01
1.764102e+01
1.764435e+01
1.764767e+01
1.765099e+01
1.765432e+01
1.765764e+01
1.766097e+01
1.766429e+01
1.766762e+01
1.767094e+01
1.767426e+01
1.767759e+01
1.768091e+01
1.768424e+01
1.768756e+01
1.769089e+01
1.769421e+01
1.769753e+01
1.770086e+01
1.770418e+01
1.770751e+01
1.771083e+01
1.771416e+01
1.771748e+01
1.772080e+01
1.772413e+01
1.772745e+01
1.773078e+01
1.773410e+01
1.773743e+01
1.774075e+01
1.774407e+01
1.774740e+01
1.775072e+01
1.775405e+01
1.775737e+01
1.776070e+01
1.776402e+01
1.776734e+01
1.777067e+01
1.777399e+01
1.777732e+01
1.778064e+01
1.778397e+01
1.778729e+01
1.779061e+01
1.779394e+01
1.779726e+01
1.780059e+01
1.780391e+01
1.780724e+01
1.781056e+01
1.781388e+01
1.781721e+01
1.782053e+01
1.782386e+01
1.782718e+01
1.783051e+01
1.783383e+01
1.783715e+01
1.784048e+01
1.784380e+01
1.784713e+01
1.785045e+01
1.785378e+01
1.785710e+01
1.786042e+01
1.786375e+01
1.786707e+01
1.787040e+01
1.787372e+01
1.787705e+01
1.788037e+01
1.788369e+01
1.788702e+01
1.789034e+01
1.789367e+01
1.789699e+01
1.790032e+01
1.790364e+01
1.790696e+01
1.791029e+01
1.791361e+01
1.791694e+01
1.792026e+01
1.792359e+01
1.792691e+01
1.793023e+01
1.793356e+01
1.793688e+01
1.794021e+01
1.794353e+01
1.794686e+01
1.795018e+01
1.795350e+01
1.795683e+01
1.796015e+01
1.796348e+01
1.796680e+01
1.797013e+01
1.797345e+01
1.797677e+01
1.798010e+01
1.798342e+01
1.798675e+01
1.799007e+01
1.799340e+01
1.799672e+01
1.800004e+01
1.800337e+01
1.800669e+01
1.801002e+01
1.801334e+01
1.801667e+01
1.801999e+01
1.802331e+01
1.802664e+01
1.802996e+01
1.803329e+01
1.803661e+01
1.803994e+01
1.804326e+01
1.804658e+01
1.804991e+01
1.805323e+01
1.805656e+01
1.805988e+01
1.806320e+01
1.806653e+01
1.806985e+01
1.807318e+01
1.807650e+01
1.807983e+01
1.808315e+01
1.808647e+01
1.808980e+01
1.809312e+01
1.809645e+01
1.809977e+01
1.810310e+01
1.810642e+01
1.810974e+01
1.811307e+01
1.811639e+01
1.811972e+01
1.812304e+01
1.812637e+01
1.812969e+01
1.813301e+01
1.813634e+01
1.813966e+01
1.814299e+01
1.814631e+01
1.814964e+01
1.815296e+01
1.815628e+01
1.815961e+01
1.816293e+01
1.816626e+01
1.816958e+01
1.817291e+01
1.817623e+01
1.817955e+01
1.818288e+01
1.818620e+01
1.818953e+01
1.819285e+01
1.819618e+01
1.819950e+01
1.820282e+01
1.820615e+01
1.820947e+01
1.821280e+01
1.821612e+01
1.821945e+01
1.822277e+01
1.822609e+01
1.822942e+01
1.823274e+01
1.823607e+01
1.823939e+01
1.824272e+01
1.824604e+01
1.824936e+01
1.825269e+01
1.825601e+01
1.825934e+01
1.826266e+01
1.826599e+01
1.826931e+01
1.827263e+01
1.827596e+01
1.827928e+01
1.828261e+01
1.828593e+01
1.828926e+01
1.829258e+01
1.829590e+01
1.829923e+01
1.830255e+01
1.830588e+01
1.830920e+01
1.831253e+01
1.831585e+01
1.831917e+01
1.832250e+01
1.832582e+01
1.832915e+01
1.833247e+01
1.833580e+01
1.833912e+01
1.834244e+01
1.834577e+01
1.834909e+01
1.835242e+01
1.835574e+01
1.835907e+01
1.836239e+01
1.836571e+01
1.836904e+01
1.837236e+01
1.837569e+01
1.837901e+01
1.838234e+01
1.838566e+01
1.838898e+01
1.839231e+01
1.839563e+01
1.839896e+01
1.840228e+01
1.840561e+01
1.840893e+01
1.841225e+01
1.841558e+01
1.841890e+01
1.842223e+01
1.842555e+01
1.842888e+01
1.843220e+01
1.843552e+01
1.843885e+01
1.844217e+01
1.844550e+01
1.844882e+01
1.845215e+01
1.845547e+01
1.845879e+01
1.846212e+01
1.846544e+01
1.846877e+01
1.847209e+01
1.847542e+01
1.847874e+01
1.848206e+01
1.848539e+01
1.848871e+01
1.849204e+01
1.849536e+01
1.849869e+01
1.850201e+01
1.850533e+01
1.850866e+01
1.851198e+01
1.851531e+01
1.851863e+01
1.852196e+01
1.852528e+01
1.852860e+01
1.853193e+01
1.853525e+01
1.853858e+01
1.854190e+01
1.854523e+01
1.854855e+01
1.855187e+01
1.855520e+01
1.855852e+01
1.856185e+01
1.856517e+01
1.856850e+01
1.857182e+01
1.857514e+01
1.857847e+01
1.858179e+01
1.858512e+01
1.858844e+01
1.859177e+01
1.859509e+01
1.859841e+01
1.860174e+01
1.860506e+01
1.860839e+01
1.861171e+01
1.861504e+01
1.861836e+01
1.862168e+01
1.862501e+01
1.862833e+01
1.863166e+01
1.863498e+01
1.863831e+01
1.864163e+01
1.864495e+01
1.864828e+01
1.865160e+01
1.865493e+01
1.865825e+01
1.866157e+01
1.866490e+01
1.866822e+01
1.867155e+01
1.867487e+01
1.867820e+01
1.868152e+01
1.868484e+01
1.868817e+01
1.869149e+01
1.869482e+01
1.869814e+01
1.870147e+01
1.870479e+01
1.870811e+01
1.871144e+01
1.871476e+01
1.871809e+01
1.872141e+01
1.872474e+01
1.872806e+01
1.873138e+01
1.873471e+01
1.873803e+01
1.874136e+01
1.874468e+01
1.874801e+01
1.875133e+01
1.875465e+01
1.875798e+01
1.876130e+01
1.876463e+01
1.876795e+01
1.877128e+01
1.877460e+01
1.877792e+01
1.878125e+01
1.878457e+01
1.878790e+01
1.879122e+01
1.879455e+01
1.879787e+01
1.880119e+01
1.880452e+01
1.880784e+01
1.881117e+01
1.881449e+01
1.881782e+01
1.882114e+01
1.882446e+01
1.882779e+01
1.883111e+01
1.883444e+01
1.883776e+01
1.884109e+01
1.884441e+01
1.884773e+01
1.885106e+01
1.885438e+01
1.885771e+01
1.886103e+01
1.886436e+01
1.886768e+01
1.887100e+01
1.887433e+01
1.887765e+01
1.888098e+01
1.888430e+01
1.888763e+01
1.889095e+01
1.889427e+01
1.889760e+01
1.890092e+01
1.890425e+01
1.890757e+01
1.891090e+01
1.891422e+01
1.891754e+01
1.892087e+01
1.892419e+01
1.892752e+01
1.893084e+01
1.893417e+01
1.893749e+01
1.894081e+01
1.894414e+01
1.894746e+01
1.895079e+01
1.895411e+01
1.895857e+01
1.896302e+01
1.896748e+01
1.897193e+01
1.897639e+01
1.898085e+01
1.898530e+01
1.898976e+01
1.899421e+01
1.899867e+01
1.900313e+01
1.900758e+01
1.901204e+01
1.901649e+01
1.902095e+01
1.902541e+01
1.902986e+01
1.903432e+01
1.903877e+01
1.904323e+01
1.904769e+01
1.905214e+01
1.905660e+01
1.906105e+01
1.906551e+01
1.906997e+01
1.907442e+01
1.907888e+01
1.908333e+01
1.908779e+01
1.909225e+01
1.909670e+01
1.910116e+01
1.910561e+01
1.911007e+01
1.911452e+01
1.911898e+01
1.912344e+01
1.912789e+01
1.913235e+01
1.913680e+01
1.914126e+01
1.914572e+01
1.915017e+01
1.915463e+01
1.915908e+01
1.916354e+01
1.916800e+01
1.917245e+01
1.917691e+01
1.918136e+01
1.918582e+01
1.919028e+01
1.919473e+01
1.919919e+01
1.920364e+01
1.920810e+01
1.921255e+01
1.921701e+01
1.922147e+01
1.922592e+01
1.923038e+01
1.923483e+01
1.923929e+01
1.924375e+01
1.924820e+01
1.925266e+01
1.925711e+01
1.926157e+01
1.926603e+01
1.927048e+01
1.927494e+01
1.927939e+01
1.928385e+01
1.928831e+01
1.929276e+01
1.929722e+01
1.930167e+01
1.930613e+01
1.931059e+01
1.931504e+01
1.931950e+01
1.932395e+01
1.932841e+01
1.933287e+01
1.933732e+01
1.934178e+01
1.934623e+01
1.935069e+01
1.935515e+01
1.935960e+01
1.936406e+01
1.936851e+01
1.937297e+01
1.937742e+01
1.938188e+01
1.938634e+01
1.939079e+01
1.939525e+01
1.939970e+01
1.940416e+01
1.940862e+01
1.941307e+01
1.941753e+01
1.942198e+01
1.942644e+01
1.943090e+01
1.943535e+01
1.943981e+01
1.944426e+01
1.944872e+01
1.945318e+01
1.945763e+01
1.946209e+01
1.946654e+01
1.947100e+01
1.947546e+01
1.947991e+01
1.948437e+01
1.948882e+01
1.949328e+01
1.949773e+01
1.950219e+01
1.950665e+01
1.951110e+01
1.951556e+01
1.952001e+01
1.952447e+01
1.952893e+01
1.953338e+01
1.953784e+01
1.954229e+01
1.954675e+01
1.955121e+01
1.955566e+01
1.956012e+01
1.956457e+01
1.956903e+01
1.957349e+01
1.957794e+01
1.958240e+01
1.958685e+01
1.959131e+01
1.959576e+01
1.960022e+01
1.960468e+01
1.960913e+01
1.961359e+01
1.961804e+01
1.962250e+01
1.962696e+01
1.963141e+01
1.963587e+01
1.964032e+01
1.964478e+01
1.964924e+01
1.965369e+01
1.965815e+01
1.966260e+01
1.966706e+01
1.967152e+01
1.967597e+01
1.968043e+01
1.968488e+01
1.968934e+01
1.969380e+01
1.969825e+01
1.970271e+01
1.970716e+01
1.971162e+01
1.971608e+01
1.972053e+01
1.972499e+01
1.972944e+01
1.973390e+01
1.973836e+01
1.974281e+01
1.974727e+01
1.975172e+01
1.975618e+01
1.976063e+01
1.976509e+01
1.976955e+01
1.977400e+01
1.977846e+01
1.978291e+01
1.978737e+01
1.979183e+01
1.979628e+01
1.980074e+01
1.980519e+01
1.980965e+01
1.981411e+01
1.981856e+01
1.982302e+01
1.982747e+01
1.983193e+01
1.983639e+01
1.984084e+01
1.984530e+01
1.984975e+01
1.985421e+01
1.985867e+01
1.986312e+01
1.986758e+01
1.987203e+01
1.987649e+01
1.988094e+01
1.988540e+01
1.988986e+01
1.989431e+01
1.989877e+01
1.990322e+01
1.990768e+01
1.991214e+01
1.991659e+01
1.992105e+01
1.992550e+01
1.992996e+01
1.993442e+01
1.993887e+01
1.994333e+01
1.994778e+01
1.995224e+01
1.995670e+01
1.996115e+01
1.996561e+01
1.997006e+01
1.997452e+01
1.997898e+01
1.998343e+01
1.998789e+01
1.999234e+01
1.999680e+01
2.000125e+01
2.000571e+01
2.001017e+01
2.001462e+01
2.001908e+01
2.002353e+01
2.002799e+01
2.003245e+01
2.003690e+01
2.004136e+01
2.004581e+01
2.005027e+01
2.005473e+01
2.005918e+01
2.006364e+01
2.006809e+01
2.007255e+01
2.007701e+01
2.008146e+01
2.008592e+01
2.009037e+01
2.009483e+01
2.009929e+01
2.010374e+01
2.010820e+01
2.011265e+01
2.011711e+01
2.012157e+01
2.012602e+01
2.013048e+01
2.013493e+01
2.013939e+01
2.014384e+01
2.014830e+01
2.015276e+01
2.015721e+01
2.016167e+01
2.016612e+01
2.017058e+01
2.017504e+01
2.017949e+01
2.018395e+01
2.018840e+01
2.019286e+01
2.019732e+01
2.020177e+01
2.020623e+01
2.021068e+01
2.021514e+01
2.021960e+01
2.022405e+01
2.022851e+01
2.023296e+01
2.023742e+01
2.024188e+01
2.024633e+01
2.025079e+01
2.025524e+01
2.025970e+01
2.026415e+01
2.026861e+01
2.027307e+01
2.027752e+01
2.028198e+01
2.028643e+01
2.029089e+01
2.029535e+01
2.029980e+01
2.030426e+01
2.030871e+01
2.031317e+01
2.031763e+01
2.032208e+01
2.032654e+01
2.033099e+01
2.033545e+01
2.033991e+01
2.034436e+01
2.034882e+01
2.035327e+01
2.035773e+01
2.036219e+01
2.036664e+01
2.037110e+01
2.037555e+01
2.038001e+01
2.038446e+01
2.038892e+01
2.039338e+01
2.039783e+01
2.040229e+01
2.040674e+01
2.041120e+01
2.041566e+01
2.042011e+01
2.042457e+01
2.042902e+01
2.043348e+01
2.043794e+01
2.044239e+01
2.044685e+01
2.045130e+01
2.045576e+01
2.046022e+01
2.046467e+01
2.046913e+01
2.047358e+01
2.047804e+01
2.048250e+01
2.048695e+01
2.049141e+01
2.049586e+01
2.050032e+01
2.050478e+01
2.050923e+01
2.051369e+01
2.051814e+01
2.052260e+01
2.052705e+01
2.053151e+01
2.053597e+01
2.054042e+01
2.054488e+01
2.054933e+01
2.055379e+01
2.055825e+01
2.056270e+01
2.056716e+01
2.057161e+01
2.057607e+01
2.058053e+01
2.058498e+01
2.058944e+01
2.059389e+01
2.059835e+01
2.060281e+01
2.060726e+01
2.061172e+01
2.061617e+01
2.062063e+01
2.062509e+01
2.062954e+01
2.063400e+01
2.063845e+01
2.064291e+01
2.064736e+01
2.065182e+01
2.065628e+01
2.066073e+01
2.066519e+01
2.066964e+01
2.067410e+01
2.067856e+01
2.068301e+01
2.068747e+01
2.069192e+01
2.069638e+01
2.070084e+01
2.070529e+01
2.070975e+01
2.071420e+01
2.071866e+01
2.072312e+01
2.072757e+01
2.073203e+01
2.073648e+01
2.074094e+01
2.074540e+01
2.074985e+01
2.075431e+01
2.075876e+01
2.076322e+01
2.076768e+01
2.077213e+01
2.077659e+01
2.078104e+01
2.078550e+01
2.078995e+01
2.079441e+01
2.079887e+01
2.080332e+01
2.080778e+01
2.081223e+01
2.081669e+01
2.082115e+01
2.082560e+01
2.083006e+01
2.083451e+01
2.083897e+01
2.084343e+01
2.084788e+01
2.085234e+01
2.085679e+01
2.086125e+01
2.086571e+01
2.087016e+01
2.087462e+01
2.087907e+01
2.088353e+01
2.088799e+01
2.089244e+01
2.089690e+01
2.090135e+01
2.090581e+01
2.091026e+01
2.091472e+01
2.091918e+01
2.092363e+01
2.092809e+01
2.093254e+01
2.093700e+01
2.094146e+01
2.094591e+01
2.095037e+01
2.095482e+01
2.095928e+01
2.096374e+01
2.096819e+01
2.097265e+01
2.097710e+01
2.098156e+01
2.098602e+01
2.099047e+01
2.099493e+01
2.099938e+01
2.100384e+01
2.100830e+01
2.101275e+01
2.101721e+01
2.102166e+01
2.102612e+01
2.103057e+01
2.103503e+01
2.103949e+01
2.104394e+01
2.104840e+01
2.105285e+01
2.105731e+01
2.106177e+01
2.106622e+01
2.107068e+01
2.107513e+01
2.107959e+01
2.108405e+01
2.108850e+01
2.109296e+01
2.109741e+01
