5.800000e-01
5.803331e-01
5.806669e-01
5.810000e-01
5.813331e-01
5.816669e-01
5.820000e-01
5.823331e-01
5.826669e-01
5.830000e-01
5.833331e-01
5.836669e-01
5.840000e-01
5.843331e-01
5.846669e-01
5.850000e-01
5.853331e-01
5.856669e-01
5.860000e-01
5.863331e-01
5.866669e-01
5.870000e-01
5.873331e-01
5.876669e-01
5.880000e-01
5.883331e-01
5.886669e-01
5.890000e-01
5.893331e-01
5.896669e-01
5.900000e-01
5.900000e-01
5.900000e-01
5.900000e-01
5.900000e-01
5.900000e-01
5.900000e-01
5.900000e-01
5.900000e-01
5.900000e-01
5.900000e-01
5.900000e-01
5.900000e-01
5.900000e-01
5.900000e-01
5.900000e-01
5.900000e-01
5.900000e-01
5.900000e-01
5.900000e-01
5.900000e-01
5.902083e-01
5.904167e-01
5.906250e-01
5.908333e-01
5.910417e-01
5.912500e-01
5.914583e-01
5.916667e-01
5.918750e-01
5.920833e-01
5.922917e-01
5.925000e-01
5.927083e-01
5.929167e-01
5.931250e-01
5.933333e-01
5.935417e-01
5.937500e-01
5.938335e-01
5.941667e-01
5.944998e-01
5.948335e-01
5.951667e-01
5.954998e-01
5.958335e-01
5.961667e-01
5.964998e-01
5.968335e-01
5.971667e-01
5.974998e-01
5.978335e-01
5.981667e-01
5.984998e-01
5.988335e-01
5.991667e-01
5.994998e-01
5.998335e-01
6.001667e-01
6.004998e-01
6.008335e-01
6.011667e-01
6.014998e-01
6.018335e-01
6.021667e-01
6.024998e-01
6.028335e-01
6.031667e-01
6.034998e-01
6.038335e-01
6.041667e-01
6.043333e-01
6.045000e-01
6.046667e-01
6.048333e-01
6.050000e-01
6.051667e-01
6.053333e-01
6.055000e-01
6.056667e-01
6.058333e-01
6.060000e-01
6.061667e-01
6.063333e-01
6.065000e-01
6.066667e-01
6.068333e-01
6.070000e-01
6.071667e-01
6.073333e-01
6.075000e-01
6.076667e-01
6.078333e-01
6.080000e-01
6.081667e-01
6.083333e-01
6.085000e-01
6.086667e-01
6.088333e-01
6.090000e-01
6.091667e-01
6.093333e-01
6.095000e-01
6.096667e-01
6.098333e-01
6.100000e-01
6.101667e-01
6.103333e-01
6.105000e-01
6.106667e-01
6.108333e-01
6.110000e-01
6.111667e-01
6.113333e-01
6.115000e-01
6.116667e-01
6.118333e-01
6.120000e-01
6.121667e-01
6.123333e-01
6.125000e-01
6.128167e-01
6.131333e-01
6.134500e-01
6.137667e-01
6.140833e-01
6.144000e-01
6.147167e-01
6.150333e-01
6.153500e-01
6.156667e-01
6.159833e-01
6.163000e-01
6.166167e-01
6.169333e-01
6.172500e-01
6.175667e-01
6.178833e-01
6.182000e-01
6.185167e-01
6.188333e-01
6.191500e-01
6.194667e-01
6.197833e-01
6.201000e-01
6.204167e-01
6.207333e-01
6.210500e-01
6.213667e-01
6.216833e-01
6.220000e-01
6.223167e-01
6.226333e-01
6.229500e-01
6.232667e-01
6.235833e-01
6.239000e-01
6.242167e-01
6.245333e-01
6.248500e-01
6.251667e-01
6.254833e-01
6.258000e-01
6.261167e-01
6.264333e-01
6.267500e-01
6.270667e-01
6.273833e-01
6.277000e-01
6.280167e-01
6.283333e-01
6.304083e-01
6.324833e-01
6.345583e-01
6.366333e-01
6.387083e-01
6.407833e-01
6.428583e-01
6.449333e-01
6.470083e-01
6.490833e-01
6.511583e-01
6.532333e-01
6.553083e-01
6.573833e-01
6.594583e-01
6.615333e-01
6.636083e-01
6.656833e-01
6.677583e-01
6.698333e-01
6.719083e-01
6.739833e-01
6.760583e-01
6.781333e-01
6.802083e-01
6.822833e-01
6.843583e-01
6.864333e-01
6.885083e-01
6.905833e-01
6.926583e-01
6.947333e-01
6.968083e-01
6.988833e-01
7.009583e-01
7.030333e-01
7.051083e-01
7.071833e-01
7.092583e-01
7.113333e-01
7.134083e-01
7.154833e-01
7.175583e-01
7.196333e-01
7.217083e-01
7.237833e-01
7.258583e-01
7.279333e-01
7.300083e-01
7.320833e-01
7.341583e-01
7.362333e-01
7.383083e-01
7.403833e-01
7.424583e-01
7.445333e-01
7.466083e-01
7.486833e-01
7.507583e-01
7.528333e-01
7.549083e-01
7.569833e-01
7.590583e-01
7.611333e-01
7.632083e-01
7.652833e-01
7.673583e-01
7.694333e-01
7.715083e-01
7.735833e-01
7.756583e-01
7.777333e-01
7.798083e-01
7.818833e-01
7.839583e-01
7.860333e-01
7.881083e-01
7.901833e-01
7.922583e-01
7.943333e-01
7.964083e-01
7.984833e-01
8.005583e-01
8.026333e-01
8.047083e-01
8.067833e-01
8.088583e-01
8.109333e-01
8.130083e-01
8.150833e-01
8.171583e-01
8.192333e-01
8.213083e-01
8.233833e-01
8.254583e-01
8.275333e-01
8.296083e-01
8.316833e-01
8.337583e-01
8.358333e-01
8.368833e-01
8.379333e-01
8.389833e-01
8.400333e-01
8.410833e-01
8.421333e-01
8.431833e-01
8.442333e-01
8.452833e-01
8.463333e-01
8.473833e-01
8.484333e-01
8.494833e-01
8.505333e-01
8.515833e-01
8.526333e-01
8.536833e-01
8.547333e-01
8.557833e-01
8.568333e-01
8.578833e-01
8.589333e-01
8.599833e-01
8.610333e-01
8.620833e-01
8.631333e-01
8.641833e-01
8.652333e-01
8.662833e-01
8.673333e-01
8.683833e-01
8.694333e-01
8.704833e-01
8.715333e-01
8.725833e-01
8.736333e-01
8.746833e-01
8.757333e-01
8.767833e-01
8.778333e-01
8.788833e-01
8.799333e-01
8.809833e-01
8.820333e-01
8.830833e-01
8.841333e-01
8.851833e-01
8.862333e-01
8.872833e-01
8.883333e-01
8.893833e-01
8.904333e-01
8.914833e-01
8.925333e-01
8.935833e-01
8.946333e-01
8.956833e-01
8.967333e-01
8.977833e-01
8.988333e-01
8.998833e-01
9.009333e-01
9.019833e-01
9.030333e-01
9.040833e-01
9.051333e-01
9.061833e-01
9.072333e-01
9.082833e-01
9.093333e-01
9.103833e-01
9.114333e-01
9.124833e-01
9.135333e-01
9.145833e-01
9.156333e-01
9.166833e-01
9.177333e-01
9.187833e-01
9.198333e-01
9.208833e-01
9.219333e-01
9.229833e-01
9.240333e-01
9.250833e-01
9.261333e-01
9.271833e-01
9.282333e-01
9.292833e-01
9.303333e-01
9.313833e-01
9.324333e-01
9.334833e-01
9.345333e-01
9.355833e-01
9.366333e-01
9.376833e-01
9.387333e-01
9.397833e-01
9.408333e-01
9.415625e-01
9.422917e-01
9.430208e-01
9.437500e-01
9.444792e-01
9.452083e-01
9.459375e-01
9.466667e-01
9.473958e-01
9.481250e-01
9.488542e-01
9.495833e-01
9.503125e-01
9.510417e-01
9.517708e-01
9.525000e-01
9.532292e-01
9.539583e-01
9.546875e-01
9.554167e-01
9.561458e-01
9.568750e-01
9.576042e-01
9.583333e-01
9.590625e-01
9.597917e-01
9.605208e-01
9.612500e-01
9.619792e-01
9.627083e-01
9.634375e-01
9.641667e-01
9.648958e-01
9.656250e-01
9.663542e-01
9.670833e-01
9.678125e-01
9.685417e-01
9.692708e-01
9.700000e-01
9.707292e-01
9.714583e-01
9.721875e-01
9.729167e-01
9.736458e-01
9.743750e-01
9.751042e-01
9.758333e-01
9.765625e-01
9.772917e-01
9.780208e-01
9.787500e-01
9.794792e-01
9.802083e-01
9.809375e-01
9.816667e-01
9.823958e-01
9.831250e-01
9.838542e-01
9.845833e-01
9.853125e-01
9.860417e-01
9.867708e-01
9.875000e-01
9.882292e-01
9.889583e-01
9.896875e-01
9.904167e-01
9.911458e-01
9.918750e-01
9.926042e-01
9.933333e-01
9.940625e-01
9.947917e-01
9.955208e-01
9.962500e-01
9.969792e-01
9.977083e-01
9.984375e-01
9.991667e-01
9.998958e-01
1.000625e+00
1.001354e+00
1.002083e+00
1.002813e+00
1.003542e+00
1.004271e+00
1.005000e+00
1.005729e+00
1.006458e+00
1.007187e+00
1.007917e+00
1.008646e+00
1.009375e+00
1.010104e+00
1.010833e+00
1.011563e+00
1.012292e+00
1.013021e+00
1.013750e+00
1.014479e+00
1.015208e+00
1.015937e+00
1.016667e+00
1.017396e+00
1.018125e+00
1.018854e+00
1.019583e+00
1.020312e+00
1.021042e+00
1.021771e+00
1.022500e+00
1.023229e+00
1.023958e+00
1.024687e+00
1.025417e+00
1.026146e+00
1.026875e+00
1.027604e+00
1.028333e+00
1.029062e+00
1.029792e+00
1.030521e+00
1.031250e+00
1.031979e+00
1.032708e+00
1.033438e+00
1.034167e+00
1.034896e+00
1.035625e+00
1.036354e+00
1.037083e+00
1.037813e+00
1.038542e+00
1.039271e+00
1.040000e+00
1.040729e+00
1.041458e+00
1.042188e+00
1.042917e+00
1.043646e+00
1.044375e+00
1.045104e+00
1.045833e+00
1.046563e+00
1.047292e+00
1.048021e+00
1.048750e+00
1.049479e+00
1.050208e+00
1.050938e+00
1.051667e+00
1.052396e+00
1.053125e+00
1.053854e+00
1.054583e+00
1.055313e+00
1.056042e+00
1.056771e+00
1.057500e+00
1.058229e+00
1.058958e+00
1.059687e+00
1.060417e+00
1.061146e+00
1.061875e+00
1.062604e+00
1.063333e+00
1.064063e+00
1.064792e+00
1.065521e+00
1.066250e+00
1.066979e+00
1.067708e+00
1.068437e+00
1.069167e+00
1.069896e+00
1.070625e+00
1.071354e+00
1.072083e+00
1.072812e+00
1.073542e+00
1.074271e+00
1.075000e+00
1.075729e+00
1.076458e+00
1.077187e+00
1.077917e+00
1.078646e+00
1.079375e+00
1.080104e+00
1.080833e+00
1.081562e+00
1.082292e+00
1.083021e+00
1.083750e+00
1.084479e+00
1.085208e+00
1.085938e+00
1.086667e+00
1.087508e+00
1.088350e+00
1.089192e+00
1.090033e+00
1.090875e+00
1.091717e+00
1.092558e+00
1.093400e+00
1.094242e+00
1.095083e+00
1.095925e+00
1.096767e+00
1.097608e+00
1.098450e+00
1.099292e+00
1.100133e+00
1.100975e+00
1.101817e+00
1.102658e+00
1.103500e+00
1.104342e+00
1.105183e+00
1.106025e+00
1.106867e+00
1.107708e+00
1.108550e+00
1.109392e+00
1.110233e+00
1.111075e+00
1.111917e+00
1.112758e+00
1.113600e+00
1.114442e+00
1.115283e+00
1.116125e+00
1.116967e+00
1.117808e+00
1.118650e+00
1.119492e+00
1.120333e+00
1.121175e+00
1.122017e+00
1.122858e+00
1.123700e+00
1.124542e+00
1.125383e+00
1.126225e+00
1.127067e+00
1.127908e+00
1.128750e+00
1.129592e+00
1.130433e+00
1.131275e+00
1.132117e+00
1.132958e+00
1.133800e+00
1.134642e+00
1.135483e+00
1.136325e+00
1.137167e+00
1.138008e+00
1.138850e+00
1.139692e+00
1.140533e+00
1.141375e+00
1.142217e+00
1.143058e+00
1.143900e+00
1.144742e+00
1.145583e+00
1.146425e+00
1.147267e+00
1.148108e+00
1.148950e+00
1.149792e+00
1.150633e+00
1.151475e+00
1.152317e+00
1.153158e+00
1.154000e+00
1.154842e+00
1.155683e+00
1.156525e+00
1.157367e+00
1.158208e+00
1.159050e+00
1.159892e+00
1.160733e+00
1.161575e+00
1.162417e+00
1.163258e+00
1.164100e+00
1.164942e+00
1.165783e+00
1.166625e+00
1.167467e+00
1.168308e+00
1.169150e+00
1.169992e+00
1.170833e+00
1.189729e+00
1.208626e+00
1.227522e+00
1.246419e+00
1.265315e+00
1.284211e+00
1.303108e+00
1.322004e+00
1.340901e+00
1.359797e+00
1.378693e+00
1.397590e+00
1.416486e+00
1.435383e+00
1.454279e+00
1.473175e+00
1.492072e+00
1.510968e+00
1.529865e+00
1.548761e+00
1.567657e+00
1.586554e+00
1.605450e+00
1.624347e+00
1.643243e+00
1.662139e+00
1.681036e+00
1.699932e+00
1.718829e+00
1.737725e+00
1.756621e+00
1.775518e+00
1.794414e+00
1.813311e+00
1.832207e+00
1.851103e+00
1.870000e+00
1.888896e+00
1.907793e+00
1.926689e+00
1.945585e+00
1.964482e+00
1.983378e+00
2.002275e+00
2.021171e+00
2.040067e+00
2.058964e+00
2.077860e+00
2.096757e+00
2.115653e+00
2.134549e+00
2.153446e+00
2.172342e+00
2.191238e+00
2.210135e+00
2.229031e+00
2.247928e+00
2.266824e+00
2.285720e+00
2.304617e+00
2.323513e+00
2.342410e+00
2.361306e+00
2.380202e+00
2.399099e+00
2.417995e+00
2.436892e+00
2.455788e+00
2.474684e+00
2.493581e+00
2.512477e+00
2.531374e+00
2.550270e+00
2.569166e+00
2.588063e+00
2.606959e+00
2.625856e+00
2.644752e+00
2.663648e+00
2.682545e+00
2.701441e+00
2.720338e+00
2.739234e+00
2.758130e+00
2.777027e+00
2.795923e+00
2.814820e+00
2.833716e+00
2.852612e+00
2.871509e+00
2.890405e+00
2.909302e+00
2.928198e+00
2.947094e+00
2.965991e+00
2.984887e+00
3.003784e+00
3.022680e+00
3.041576e+00
3.060473e+00
3.079369e+00
3.098266e+00
3.117162e+00
3.136058e+00
3.154955e+00
3.173851e+00
3.192748e+00
3.211644e+00
3.230540e+00
3.249437e+00
3.268333e+00
3.287230e+00
3.306126e+00
3.325022e+00
3.343919e+00
3.362815e+00
3.381712e+00
3.400608e+00
3.419504e+00
3.438401e+00
3.457297e+00
3.476194e+00
3.495090e+00
3.513986e+00
3.532883e+00
3.551779e+00
3.570676e+00
3.589572e+00
3.608468e+00
3.627365e+00
3.646261e+00
3.665158e+00
3.684054e+00
3.702950e+00
3.721847e+00
3.740743e+00
3.759640e+00
3.778536e+00
3.797432e+00
3.816329e+00
3.835225e+00
3.854122e+00
3.873018e+00
3.891914e+00
3.910811e+00
3.929707e+00
3.948604e+00
3.967500e+00
3.986396e+00
4.005293e+00
4.024189e+00
4.043086e+00
4.061982e+00
4.080878e+00
4.099775e+00
4.118671e+00
4.137567e+00
4.156464e+00
4.175360e+00
4.194257e+00
4.213153e+00
4.232049e+00
4.250946e+00
4.269842e+00
4.288739e+00
4.307635e+00
4.326531e+00
4.345428e+00
4.364324e+00
4.383221e+00
4.402117e+00
4.421013e+00
4.439910e+00
4.458806e+00
4.477703e+00
4.496599e+00
4.515495e+00
4.534392e+00
4.553288e+00
4.572185e+00
4.591081e+00
4.609977e+00
4.628874e+00
4.647770e+00
4.666667e+00
4.685563e+00
4.704459e+00
4.723356e+00
4.742252e+00
4.761149e+00
4.780045e+00
4.798941e+00
4.817838e+00
4.836734e+00
4.855631e+00
4.874527e+00
4.893423e+00
4.912320e+00
4.931216e+00
4.950113e+00
4.969009e+00
4.987905e+00
5.006802e+00
5.025698e+00
5.044595e+00
5.063491e+00
5.082387e+00
5.101284e+00
5.120180e+00
5.139077e+00
5.157973e+00
5.176869e+00
5.195766e+00
5.214662e+00
5.233559e+00
5.252455e+00
5.271351e+00
5.290248e+00
5.309144e+00
5.328041e+00
5.346937e+00
5.365833e+00
5.384730e+00
5.403626e+00
5.422523e+00
5.441419e+00
5.460315e+00
5.479212e+00
5.498108e+00
5.517005e+00
5.535901e+00
5.554797e+00
5.573694e+00
5.592590e+00
5.611487e+00
5.630383e+00
5.649279e+00
5.668176e+00
5.687072e+00
5.705969e+00
5.724865e+00
5.743761e+00
5.762658e+00
5.781554e+00
5.800451e+00
5.819347e+00
5.838243e+00
5.857140e+00
5.876036e+00
5.894933e+00
5.913829e+00
5.932725e+00
5.951622e+00
5.970518e+00
5.989414e+00
6.008311e+00
6.027207e+00
6.046104e+00
6.065000e+00
6.083896e+00
6.102793e+00
6.121689e+00
6.140586e+00
6.159482e+00
6.178378e+00
6.197275e+00
6.216171e+00
6.235068e+00
6.253964e+00
6.272860e+00
6.291757e+00
6.310653e+00
6.329550e+00
6.348446e+00
6.367342e+00
6.386239e+00
6.405135e+00
6.424032e+00
6.442928e+00
6.461824e+00
6.480721e+00
6.499617e+00
6.518514e+00
6.537410e+00
6.556306e+00
6.575203e+00
6.594099e+00
6.612996e+00
6.631892e+00
6.650788e+00
6.669685e+00
6.688581e+00
6.707478e+00
6.726374e+00
6.745270e+00
6.764167e+00
6.783063e+00
6.801960e+00
6.820856e+00
6.839752e+00
6.858649e+00
6.877545e+00
6.896442e+00
6.915338e+00
6.934234e+00
6.953131e+00
6.972027e+00
6.990924e+00
7.009820e+00
7.028716e+00
7.047613e+00
7.066509e+00
7.085406e+00
7.104302e+00
7.123198e+00
7.142095e+00
7.160991e+00
7.179888e+00
7.198784e+00
7.217680e+00
7.236577e+00
7.255473e+00
7.274370e+00
7.293266e+00
7.312162e+00
7.331059e+00
7.349955e+00
7.368852e+00
7.387748e+00
7.406644e+00
7.425541e+00
7.444437e+00
7.463334e+00
7.482230e+00
7.501126e+00
7.520023e+00
7.538919e+00
7.557816e+00
7.576712e+00
7.595608e+00
7.614505e+00
7.633401e+00
7.652298e+00
7.671194e+00
7.690090e+00
7.708987e+00
7.727883e+00
7.746780e+00
7.765676e+00
7.784572e+00
7.803469e+00
7.822365e+00
7.841262e+00
7.860158e+00
7.879054e+00
7.897951e+00
7.916847e+00
7.935743e+00
7.954640e+00
7.973536e+00
7.992433e+00
8.011329e+00
8.030225e+00
8.049122e+00
8.068018e+00
8.086915e+00
8.105811e+00
8.124707e+00
8.143604e+00
8.162500e+00
8.181397e+00
8.200293e+00
8.219189e+00
8.238086e+00
8.256982e+00
8.275879e+00
8.294775e+00
8.313671e+00
8.332568e+00
8.351464e+00
8.370361e+00
8.389257e+00
8.408153e+00
8.427050e+00
8.445946e+00
8.464843e+00
8.483739e+00
8.502635e+00
8.521532e+00
8.540428e+00
8.559325e+00
8.578221e+00
8.597117e+00
8.616014e+00
8.634910e+00
8.653807e+00
8.672703e+00
8.691599e+00
8.710496e+00
8.729392e+00
8.748289e+00
8.767185e+00
8.786081e+00
8.804978e+00
8.823874e+00
8.842771e+00
8.861667e+00
8.869639e+00
8.877611e+00
8.885583e+00
8.893556e+00
8.901528e+00
8.909500e+00
8.917472e+00
8.925444e+00
8.933417e+00
8.941389e+00
8.949361e+00
8.957333e+00
8.965306e+00
8.973278e+00
8.981250e+00
8.989222e+00
8.997194e+00
9.005167e+00
9.013139e+00
9.021111e+00
9.029083e+00
9.037056e+00
9.045028e+00
9.053000e+00
9.060972e+00
9.068944e+00
9.076917e+00
9.084889e+00
9.092861e+00
9.100833e+00
9.108806e+00
9.116778e+00
9.124750e+00
9.132722e+00
9.140694e+00
9.148667e+00
9.156639e+00
9.164611e+00
9.172583e+00
9.180556e+00
9.188528e+00
9.196500e+00
9.204472e+00
9.212444e+00
9.220417e+00
9.228389e+00
9.236361e+00
9.244333e+00
9.252306e+00
9.260278e+00
9.268250e+00
9.276222e+00
9.284194e+00
9.292167e+00
9.300139e+00
9.308111e+00
9.316083e+00
9.324056e+00
9.332028e+00
9.340000e+00
9.347972e+00
9.355944e+00
9.363917e+00
9.371889e+00
9.379861e+00
9.387833e+00
9.395806e+00
9.403778e+00
9.411750e+00
9.419722e+00
9.427694e+00
9.435667e+00
9.443639e+00
9.451611e+00
9.459583e+00
9.467556e+00
9.475528e+00
9.483500e+00
9.491472e+00
9.499444e+00
9.507417e+00
9.515389e+00
9.523361e+00
9.531333e+00
9.539306e+00
9.547278e+00
9.555250e+00
9.563222e+00
9.571194e+00
9.579167e+00
9.587139e+00
9.595111e+00
9.603083e+00
9.611056e+00
9.619028e+00
9.627000e+00
9.634972e+00
9.642944e+00
9.650917e+00
9.658889e+00
9.666581e+00
9.674273e+00
9.681965e+00
9.689657e+00
9.697349e+00
9.705041e+00
9.712734e+00
9.720426e+00
9.728118e+00
9.735810e+00
9.743502e+00
9.751194e+00
9.758886e+00
9.766578e+00
9.774270e+00
9.781962e+00
9.789654e+00
9.797347e+00
9.805039e+00
9.812731e+00
9.820423e+00
9.828115e+00
9.835807e+00
9.843499e+00
9.851191e+00
9.858883e+00
9.866575e+00
9.874268e+00
9.881960e+00
9.889652e+00
9.897344e+00
9.905036e+00
9.912728e+00
9.920420e+00
9.928112e+00
9.935804e+00
9.943496e+00
9.951188e+00
9.958881e+00
9.966573e+00
9.974265e+00
9.981957e+00
9.989649e+00
9.997341e+00
1.000503e+01
1.001273e+01
1.002042e+01
1.002811e+01
1.003580e+01
1.004349e+01
1.005119e+01
1.005888e+01
1.006657e+01
1.007426e+01
1.008195e+01
1.008965e+01
1.009734e+01
1.010503e+01
1.011272e+01
1.012041e+01
1.012811e+01
1.013580e+01
1.014349e+01
1.015118e+01
1.015888e+01
1.016657e+01
1.017426e+01
1.018195e+01
1.018964e+01
1.019734e+01
1.020503e+01
1.021272e+01
1.022041e+01
1.022810e+01
1.023580e+01
1.024349e+01
1.025118e+01
1.025887e+01
1.026656e+01
1.027426e+01
1.028195e+01
1.028964e+01
1.029733e+01
1.030502e+01
1.031272e+01
1.032041e+01
1.032810e+01
1.033579e+01
1.034349e+01
1.035118e+01
1.035887e+01
1.036656e+01
1.037425e+01
1.038195e+01
1.038964e+01
1.039733e+01
1.040502e+01
1.041271e+01
1.042041e+01
1.042810e+01
1.043579e+01
1.044348e+01
1.045117e+01
1.045887e+01
1.046656e+01
1.047425e+01
1.048194e+01
1.048964e+01
1.049733e+01
1.050502e+01
1.051271e+01
1.052040e+01
1.052810e+01
1.053579e+01
1.054348e+01
1.055117e+01
1.055886e+01
1.056656e+01
1.057425e+01
1.058194e+01
1.058963e+01
1.059732e+01
1.060502e+01
1.061271e+01
1.062040e+01
1.062809e+01
1.063579e+01
1.064348e+01
1.065117e+01
1.065886e+01
1.066655e+01
1.067425e+01
1.068194e+01
1.068963e+01
1.069732e+01
1.070501e+01
1.071271e+01
1.072040e+01
1.072809e+01
1.073578e+01
1.074347e+01
1.075117e+01
1.075886e+01
1.076655e+01
1.077424e+01
1.078193e+01
1.078963e+01
1.079732e+01
1.080501e+01
1.081270e+01
1.082040e+01
1.082809e+01
1.083578e+01
1.084347e+01
1.085116e+01
1.085886e+01
1.086655e+01
1.087424e+01
1.088193e+01
1.088962e+01
1.089732e+01
1.090501e+01
1.091270e+01
1.092039e+01
1.092808e+01
1.093578e+01
1.094347e+01
1.095116e+01
1.095885e+01
1.096654e+01
1.097424e+01
1.098193e+01
1.098962e+01
1.099731e+01
1.100501e+01
1.101270e+01
1.102039e+01
1.102808e+01
1.103577e+01
1.104347e+01
1.105116e+01
1.105885e+01
1.106654e+01
1.107423e+01
1.108193e+01
1.108962e+01
1.109731e+01
1.110500e+01
1.111269e+01
1.112039e+01
1.112808e+01
1.113577e+01
1.114346e+01
1.115116e+01
1.115885e+01
1.116654e+01
1.117423e+01
1.118192e+01
1.118962e+01
1.119731e+01
1.120500e+01
1.121290e+01
1.122081e+01
1.122871e+01
1.123661e+01
1.124451e+01
1.125242e+01
1.126032e+01
1.126822e+01
1.127613e+01
1.128403e+01
1.129193e+01
1.129983e+01
1.130774e+01
1.131564e+01
1.132354e+01
1.133145e+01
1.133935e+01
1.134725e+01
1.135515e+01
1.136306e+01
1.137096e+01
1.137886e+01
1.138677e+01
1.139467e+01
1.140257e+01
1.141047e+01
1.141838e+01
1.142628e+01
1.143418e+01
1.144209e+01
1.144999e+01
1.145789e+01
1.146579e+01
1.147370e+01
1.148160e+01
1.148950e+01
1.149741e+01
1.150531e+01
1.151321e+01
1.152111e+01
1.152902e+01
1.153692e+01
1.154482e+01
1.155273e+01
1.156063e+01
1.156853e+01
1.157644e+01
1.158434e+01
1.159224e+01
1.160014e+01
1.160805e+01
1.161595e+01
1.162385e+01
1.163176e+01
1.163966e+01
1.164756e+01
1.165546e+01
1.166337e+01
1.167127e+01
1.167917e+01
1.168708e+01
1.169498e+01
1.170288e+01
1.171078e+01
1.171869e+01
1.172659e+01
1.173449e+01
1.174240e+01
1.175030e+01
1.175820e+01
1.176610e+01
1.177401e+01
1.178191e+01
1.178981e+01
1.179772e+01
1.180562e+01
1.181352e+01
1.182142e+01
1.182933e+01
1.183723e+01
1.184513e+01
1.185304e+01
1.186094e+01
1.186884e+01
1.187674e+01
1.188465e+01
1.189255e+01
1.190045e+01
1.190836e+01
1.191626e+01
1.192416e+01
1.193206e+01
1.193997e+01
1.194787e+01
1.195577e+01
1.196368e+01
1.197158e+01
1.197948e+01
1.198738e+01
1.199529e+01
1.200319e+01
1.201109e+01
1.201900e+01
1.202690e+01
1.203480e+01
1.204270e+01
1.205061e+01
1.205851e+01
1.206641e+01
1.207432e+01
1.208222e+01
1.209012e+01
1.209802e+01
1.210593e+01
1.211383e+01
1.212173e+01
1.212964e+01
1.213754e+01
1.214544e+01
1.215334e+01
1.216125e+01
1.216915e+01
1.217705e+01
1.218496e+01
1.219286e+01
1.220076e+01
1.220866e+01
1.221657e+01
1.222447e+01
1.223237e+01
1.224028e+01
1.224818e+01
1.225608e+01
1.226398e+01
1.227189e+01
1.227979e+01
1.228769e+01
1.229560e+01
1.230350e+01
1.231140e+01
1.231930e+01
1.232721e+01
1.233511e+01
1.234301e+01
1.235092e+01
1.235882e+01
1.236672e+01
1.237462e+01
1.238253e+01
1.239043e+01
1.239833e+01
1.240624e+01
1.241414e+01
1.242204e+01
1.242994e+01
1.243785e+01
1.244575e+01
1.245365e+01
1.246156e+01
1.246946e+01
1.247736e+01
1.248527e+01
1.249317e+01
1.250107e+01
1.250897e+01
1.251688e+01
1.252478e+01
1.253268e+01
1.254059e+01
1.254849e+01
1.255639e+01
1.256429e+01
1.257220e+01
1.258010e+01
1.258800e+01
1.259591e+01
1.260381e+01
1.261171e+01
1.261961e+01
1.262752e+01
1.263542e+01
1.264332e+01
1.265123e+01
1.265913e+01
1.266703e+01
1.267493e+01
1.268284e+01
1.269074e+01
1.269864e+01
1.270655e+01
1.271445e+01
1.272235e+01
1.273025e+01
1.273816e+01
1.274606e+01
1.275396e+01
1.276187e+01
1.276977e+01
1.277767e+01
1.278557e+01
1.279348e+01
1.280138e+01
1.280928e+01
1.281719e+01
1.282509e+01
1.283299e+01
1.284089e+01
1.284880e+01
1.285670e+01
1.286460e+01
1.287251e+01
1.288041e+01
1.288831e+01
1.289621e+01
1.290412e+01
1.291202e+01
1.291992e+01
1.292783e+01
1.293573e+01
1.294363e+01
1.295153e+01
1.295944e+01
1.296734e+01
1.297524e+01
1.298315e+01
1.299105e+01
1.299895e+01
1.300685e+01
1.301476e+01
1.302266e+01
1.303056e+01
1.303847e+01
1.304637e+01
1.305427e+01
1.306217e+01
1.307008e+01
1.307798e+01
1.308588e+01
1.309379e+01
1.310169e+01
1.310959e+01
1.311749e+01
1.312540e+01
1.313330e+01
1.314120e+01
1.314911e+01
1.315701e+01
1.316491e+01
1.317281e+01
1.318072e+01
1.318862e+01
1.319652e+01
1.320443e+01
1.321233e+01
1.322023e+01
1.322813e+01
1.323604e+01
1.324394e+01
1.325184e+01
1.325975e+01
1.326765e+01
1.327555e+01
1.328345e+01
1.329136e+01
1.329926e+01
1.330716e+01
1.331507e+01
1.332297e+01
1.333087e+01
1.333877e+01
1.334668e+01
1.335458e+01
1.336248e+01
1.337039e+01
1.337829e+01
1.338619e+01
1.339410e+01
1.340200e+01
1.340990e+01
1.341780e+01
1.342571e+01
1.343361e+01
1.344151e+01
1.344942e+01
1.345732e+01
1.346522e+01
1.347312e+01
1.348103e+01
1.348893e+01
1.349683e+01
1.350473e+01
1.351264e+01
1.352054e+01
1.352844e+01
1.353635e+01
1.354425e+01
1.355215e+01
1.356006e+01
1.356796e+01
1.357586e+01
1.358376e+01
1.359167e+01
1.359975e+01
1.360782e+01
1.361590e+01
1.362398e+01
1.363206e+01
1.364014e+01
1.364822e+01
1.365630e+01
1.366438e+01
1.367246e+01
1.368054e+01
1.368862e+01
1.369669e+01
1.370477e+01
1.371285e+01
1.372093e+01
1.372901e+01
1.373709e+01
1.374517e+01
1.375325e+01
1.376133e+01
1.376941e+01
1.377748e+01
1.378556e+01
1.379364e+01
1.380172e+01
1.380980e+01
1.381788e+01
1.382596e+01
1.383404e+01
1.384212e+01
1.385020e+01
1.385828e+01
1.386635e+01
1.387443e+01
1.388251e+01
1.389059e+01
1.389867e+01
1.390675e+01
1.391483e+01
1.392291e+01
1.393099e+01
1.393907e+01
1.394714e+01
1.395522e+01
1.396330e+01
1.397138e+01
1.397946e+01
1.398754e+01
1.399562e+01
1.400370e+01
1.401178e+01
1.401986e+01
1.402794e+01
1.403601e+01
1.404409e+01
1.405217e+01
1.406025e+01
1.406833e+01
1.407641e+01
1.408449e+01
1.409257e+01
1.410065e+01
1.410873e+01
1.411680e+01
1.412488e+01
1.413296e+01
1.414104e+01
1.414912e+01
1.415720e+01
1.416528e+01
1.417336e+01
1.418144e+01
1.418952e+01
1.419760e+01
1.420567e+01
1.421375e+01
1.422183e+01
1.422991e+01
1.423799e+01
1.424607e+01
1.425415e+01
1.426223e+01
1.427031e+01
1.427839e+01
1.428646e+01
1.429454e+01
1.430262e+01
1.431070e+01
1.431878e+01
1.432686e+01
1.433494e+01
1.434302e+01
1.435110e+01
1.435918e+01
1.436726e+01
1.437533e+01
1.438341e+01
1.439149e+01
1.439957e+01
1.440765e+01
1.441573e+01
1.442381e+01
1.443189e+01
1.443997e+01
1.444805e+01
1.445613e+01
1.446420e+01
1.447228e+01
1.448036e+01
1.448844e+01
1.449652e+01
1.450460e+01
1.451268e+01
1.452076e+01
1.452884e+01
1.453692e+01
1.454499e+01
1.455307e+01
1.456115e+01
1.456923e+01
1.457731e+01
1.458539e+01
1.459347e+01
1.460155e+01
1.460963e+01
1.461771e+01
1.462578e+01
1.463386e+01
1.464194e+01
1.465002e+01
1.465810e+01
1.466618e+01
1.467426e+01
1.468234e+01
1.469042e+01
1.469850e+01
1.470658e+01
1.471465e+01
1.472273e+01
1.473081e+01
1.473889e+01
1.474697e+01
1.475505e+01
1.476313e+01
1.477121e+01
1.477929e+01
1.478737e+01
1.479544e+01
1.480352e+01
1.481160e+01
1.481968e+01
1.482776e+01
1.483584e+01
1.484392e+01
1.485200e+01
1.486008e+01
1.486816e+01
1.487624e+01
1.488431e+01
1.489239e+01
1.490047e+01
1.490855e+01
1.491663e+01
1.492471e+01
1.493279e+01
1.494087e+01
1.494895e+01
1.495703e+01
1.496511e+01
1.497318e+01
1.498126e+01
1.498934e+01
1.499742e+01
1.500550e+01
1.501358e+01
1.502166e+01
1.502974e+01
1.503782e+01
1.504590e+01
1.505397e+01
1.506205e+01
1.507013e+01
1.507821e+01
1.508629e+01
1.509437e+01
1.510245e+01
1.511053e+01
1.511861e+01
1.512669e+01
1.513477e+01
1.514284e+01
1.515092e+01
1.515900e+01
1.516708e+01
1.517516e+01
1.518324e+01
1.519132e+01
1.519940e+01
1.520748e+01
1.521556e+01
1.522368e+01
1.523180e+01
1.523992e+01
1.524804e+01
1.525616e+01
1.526428e+01
1.527240e+01
1.528052e+01
1.528864e+01
1.529676e+01
1.530488e+01
1.531300e+01
1.532112e+01
1.532924e+01
1.533736e+01
1.534548e+01
1.535360e+01
1.536172e+01
1.536985e+01
1.537797e+01
1.538609e+01
1.539421e+01
1.540233e+01
1.541045e+01
1.541857e+01
1.542669e+01
1.543481e+01
1.544293e+01
1.545105e+01
1.545917e+01
1.546729e+01
1.547541e+01
1.548353e+01
1.549165e+01
1.549977e+01
1.550789e+01
1.551601e+01
1.552413e+01
1.553226e+01
1.554038e+01
1.554850e+01
1.555662e+01
1.556474e+01
1.557286e+01
1.558098e+01
1.558910e+01
1.559722e+01
1.560534e+01
1.561346e+01
1.562158e+01
1.562970e+01
1.563782e+01
1.564594e+01
1.565406e+01
1.566218e+01
1.567030e+01
1.567842e+01
1.568655e+01
1.569467e+01
1.570279e+01
1.571091e+01
1.571903e+01
1.572715e+01
1.573527e+01
1.574339e+01
1.575151e+01
1.575963e+01
1.576775e+01
1.577587e+01
1.578399e+01
1.579211e+01
1.580023e+01
1.580835e+01
1.581647e+01
1.582459e+01
1.583271e+01
1.584083e+01
1.584896e+01
1.585708e+01
1.586520e+01
1.587332e+01
1.588144e+01
1.588956e+01
1.589768e+01
1.590580e+01
1.591392e+01
1.592204e+01
1.593016e+01
1.593828e+01
1.594640e+01
1.595452e+01
1.596264e+01
1.597076e+01
1.597888e+01
1.598700e+01
1.599512e+01
1.600324e+01
1.601137e+01
1.601949e+01
1.602761e+01
1.603573e+01
1.604385e+01
1.605197e+01
1.606009e+01
1.606821e+01
1.607633e+01
1.608445e+01
1.609257e+01
1.610069e+01
1.610881e+01
1.611693e+01
1.612505e+01
1.613317e+01
1.614129e+01
1.614941e+01
1.615753e+01
1.616566e+01
1.617378e+01
1.618190e+01
1.619002e+01
1.619814e+01
1.620626e+01
1.621438e+01
1.622250e+01
1.623062e+01
1.623874e+01
1.624686e+01
1.625498e+01
1.626310e+01
1.627122e+01
1.627934e+01
1.628746e+01
1.629558e+01
1.630370e+01
1.631182e+01
1.631994e+01
1.632807e+01
1.633619e+01
1.634431e+01
1.635243e+01
1.636055e+01
1.636867e+01
1.637679e+01
1.638491e+01
1.639303e+01
1.640115e+01
1.640927e+01
1.641739e+01
1.642551e+01
1.643363e+01
1.644175e+01
1.644987e+01
1.645799e+01
1.646611e+01
1.647423e+01
1.648236e+01
1.649048e+01
1.649860e+01
1.650672e+01
1.651484e+01
1.652296e+01
1.653108e+01
1.653920e+01
1.654732e+01
1.655544e+01
1.656356e+01
1.657168e+01
1.657980e+01
1.658792e+01
1.659604e+01
1.660416e+01
1.661228e+01
1.662040e+01
1.662852e+01
1.663664e+01
1.664476e+01
1.665289e+01
1.666101e+01
1.666913e+01
1.667725e+01
1.668537e+01
1.669349e+01
1.670161e+01
1.670973e+01
1.671785e+01
1.672597e+01
1.673409e+01
1.674221e+01
1.675033e+01
1.675845e+01
1.676657e+01
1.677469e+01
1.678281e+01
1.679093e+01
1.679905e+01
1.680718e+01
1.681530e+01
1.682342e+01
1.683154e+01
1.683966e+01
1.684778e+01
1.685602e+01
1.686426e+01
1.687251e+01
1.688075e+01
1.688899e+01
1.689724e+01
1.690548e+01
1.691372e+01
1.692197e+01
1.693021e+01
1.693845e+01
1.694670e+01
1.695494e+01
1.696318e+01
1.697143e+01
1.697967e+01
1.698791e+01
1.699616e+01
1.700440e+01
1.701264e+01
1.702088e+01
1.702913e+01
1.703737e+01
1.704561e+01
1.705386e+01
1.706210e+01
1.707034e+01
1.707859e+01
1.708683e+01
1.709507e+01
1.710332e+01
1.711156e+01
1.711980e+01
1.712805e+01
1.713629e+01
1.714453e+01
1.715278e+01
1.716102e+01
1.716926e+01
1.717751e+01
1.718575e+01
1.719399e+01
1.720224e+01
1.721048e+01
1.721872e+01
1.722696e+01
1.723521e+01
1.724345e+01
1.725169e+01
1.725994e+01
1.726818e+01
1.727642e+01
1.728467e+01
1.729291e+01
1.730115e+01
1.730940e+01
1.731764e+01
1.732588e+01
1.733413e+01
1.734237e+01
1.735061e+01
1.735886e+01
1.736710e+01
1.737534e+01
1.738359e+01
1.739183e+01
1.740007e+01
1.740832e+01
1.741656e+01
1.742480e+01
1.743304e+01
1.744129e+01
1.744953e+01
1.745777e+01
1.746602e+01
1.747426e+01
1.748250e+01
1.749075e+01
1.749899e+01
1.750723e+01
1.751548e+01
1.752372e+01
1.753196e+01
1.754021e+01
1.754845e+01
1.755669e+01
1.756494e+01
1.757318e+01
1.758142e+01
1.758967e+01
1.759791e+01
1.760615e+01
1.761439e+01
1.762264e+01
1.763088e+01
1.763912e+01
1.764737e+01
1.765561e+01
1.766385e+01
1.767210e+01
1.768034e+01
1.768858e+01
1.769683e+01
1.770507e+01
1.771331e+01
1.772156e+01
1.772980e+01
1.773804e+01
1.774629e+01
1.775453e+01
1.776277e+01
1.777102e+01
1.777926e+01
1.778750e+01
1.779575e+01
1.780399e+01
1.781223e+01
1.782047e+01
1.782872e+01
1.783696e+01
1.784520e+01
1.785345e+01
1.786169e+01
1.786993e+01
1.787818e+01
1.788642e+01
1.789466e+01
1.790291e+01
1.791115e+01
1.791939e+01
1.792764e+01
1.793588e+01
1.794412e+01
1.795237e+01
1.796061e+01
1.796885e+01
1.797710e+01
1.798534e+01
1.799358e+01
1.800183e+01
1.801007e+01
1.801831e+01
1.802655e+01
1.803480e+01
1.804304e+01
1.805128e+01
1.805953e+01
1.806777e+01
1.807601e+01
1.808426e+01
1.809250e+01
1.810074e+01
1.810899e+01
1.811723e+01
1.812547e+01
1.813372e+01
1.814196e+01
1.815020e+01
1.815845e+01
1.816669e+01
1.817493e+01
1.818317e+01
1.819142e+01
1.819966e+01
1.820790e+01
1.821615e+01
1.822439e+01
1.823263e+01
1.824088e+01
1.824912e+01
1.825736e+01
1.826561e+01
1.827385e+01
1.828209e+01
1.829034e+01
1.829858e+01
1.830682e+01
1.831507e+01
1.832331e+01
1.833155e+01
1.833980e+01
1.834804e+01
1.835628e+01
1.836453e+01
1.837277e+01
1.838101e+01
1.838925e+01
1.839750e+01
1.840574e+01
1.841398e+01
1.842223e+01
1.843047e+01
1.843871e+01
1.844696e+01
1.845520e+01
1.846344e+01
1.847169e+01
1.847993e+01
1.848817e+01
1.849642e+01
1.850466e+01
1.851290e+01
1.852115e+01
1.852939e+01
1.853763e+01
1.854588e+01
1.855412e+01
1.856236e+01
1.857061e+01
1.857885e+01
1.858709e+01
1.859533e+01
1.860358e+01
1.861182e+01
1.862006e+01
1.862831e+01
1.863655e+01
1.864479e+01
1.865304e+01
1.866128e+01
1.866952e+01
1.867777e+01
1.868601e+01
1.869425e+01
1.870250e+01
1.871074e+01
1.871898e+01
1.872723e+01
1.873547e+01
1.874371e+01
1.875196e+01
1.876020e+01
1.876844e+01
1.877669e+01
1.878493e+01
1.879317e+01
1.880141e+01
1.880966e+01
1.881790e+01
1.882614e+01
1.883439e+01
1.884263e+01
1.885087e+01
1.885912e+01
1.886736e+01
1.887560e+01
1.888385e+01
1.889209e+01
1.890033e+01
1.890858e+01
1.891682e+01
1.892506e+01
1.893331e+01
1.894155e+01
1.894979e+01
1.895804e+01
1.896628e+01
1.897452e+01
1.898277e+01
1.899101e+01
1.899925e+01
1.900749e+01
1.901574e+01
1.902398e+01
1.903222e+01
1.904047e+01
1.904871e+01
1.905695e+01
1.906520e+01
1.907344e+01
1.908168e+01
1.908993e+01
1.909817e+01
1.910641e+01
1.911466e+01
1.912290e+01
1.913114e+01
1.913939e+01
1.914763e+01
1.915587e+01
1.916412e+01
1.917236e+01
1.918060e+01
1.918884e+01
1.919709e+01
1.920533e+01
1.921357e+01
1.922182e+01
1.923006e+01
1.923830e+01
1.924655e+01
1.925479e+01
1.926303e+01
1.927128e+01
1.927952e+01
1.928776e+01
1.929601e+01
1.930425e+01
1.931249e+01
1.932074e+01
1.932898e+01
1.933722e+01
1.934514e+01
1.935305e+01
1.936096e+01
1.936888e+01
1.937679e+01
1.938471e+01
1.939262e+01
1.940053e+01
1.940845e+01
1.941636e+01
1.942428e+01
1.943219e+01
1.944010e+01
1.944802e+01
1.945593e+01
1.946384e+01
1.947176e+01
1.947967e+01
1.948759e+01
1.949550e+01
1.950341e+01
1.951133e+01
1.951924e+01
1.952716e+01
1.953507e+01
1.954298e+01
1.955090e+01
1.955881e+01
1.956673e+01
1.957464e+01
1.958255e+01
1.959047e+01
1.959838e+01
1.960629e+01
1.961421e+01
1.962212e+01
1.963004e+01
1.963795e+01
1.964586e+01
1.965378e+01
1.966169e+01
1.966961e+01
1.967752e+01
1.968543e+01
1.969335e+01
1.970126e+01
1.970918e+01
1.971709e+01
1.972500e+01
1.973292e+01
1.974083e+01
1.974874e+01
1.975666e+01
1.976457e+01
1.977249e+01
1.978040e+01
1.978831e+01
1.979623e+01
1.980414e+01
1.981206e+01
1.981997e+01
1.982788e+01
1.983580e+01
1.984371e+01
1.985163e+01
1.985954e+01
1.986745e+01
1.987537e+01
1.988328e+01
1.989120e+01
1.989911e+01
1.990702e+01
1.991494e+01
1.992285e+01
1.993076e+01
1.993868e+01
1.994659e+01
1.995451e+01
1.996242e+01
1.997033e+01
1.997825e+01
1.998616e+01
1.999408e+01
2.000199e+01
2.000990e+01
2.001782e+01
2.002573e+01
2.003365e+01
2.004156e+01
2.004947e+01
2.005739e+01
2.006530e+01
2.007322e+01
2.008113e+01
2.008904e+01
2.009696e+01
2.010487e+01
2.011278e+01
2.012070e+01
2.012861e+01
2.013653e+01
2.014444e+01
2.015235e+01
2.016027e+01
2.016818e+01
2.017610e+01
2.018401e+01
2.019192e+01
2.019984e+01
2.020775e+01
2.021567e+01
2.022358e+01
2.023149e+01
2.023941e+01
2.024732e+01
2.025523e+01
2.026315e+01
2.027106e+01
2.027898e+01
2.028689e+01
2.029480e+01
2.030272e+01
2.031063e+01
2.031855e+01
2.032646e+01
2.033437e+01
2.034229e+01
2.035020e+01
2.035812e+01
2.036603e+01
2.037394e+01
2.038186e+01
2.038977e+01
2.039768e+01
2.040560e+01
2.041351e+01
2.042143e+01
2.042934e+01
2.043725e+01
2.044517e+01
2.045308e+01
2.046100e+01
2.046891e+01
2.047682e+01
2.048474e+01
2.049265e+01
2.050057e+01
2.050848e+01
2.051639e+01
2.052431e+01
2.053222e+01
2.054013e+01
2.054805e+01
2.055596e+01
2.056388e+01
2.057179e+01
2.057970e+01
2.058762e+01
2.059553e+01
2.060345e+01
2.061136e+01
2.061927e+01
2.062719e+01
2.063510e+01
2.064302e+01
2.065093e+01
2.065884e+01
2.066676e+01
2.067467e+01
2.068259e+01
2.069050e+01
2.069841e+01
2.070633e+01
2.071424e+01
2.072215e+01
2.073007e+01
2.073798e+01
2.074590e+01
2.075381e+01
2.076172e+01
2.076964e+01
2.077755e+01
2.078547e+01
2.079338e+01
2.080129e+01
2.080921e+01
2.081712e+01
2.082504e+01
2.083295e+01
2.084086e+01
2.084878e+01
2.085669e+01
2.086461e+01
2.087252e+01
2.088043e+01
2.088835e+01
2.089626e+01
2.090417e+01
2.091209e+01
2.092000e+01
2.092792e+01
2.093583e+01
2.094374e+01
2.095166e+01
2.095957e+01
2.096749e+01
2.097540e+01
2.098331e+01
2.099123e+01
2.099914e+01
2.100706e+01
2.101497e+01
2.102288e+01
2.103080e+01
2.103871e+01
2.104662e+01
2.105454e+01
2.106245e+01
2.107037e+01
2.107828e+01
2.108619e+01
2.109411e+01
2.110202e+01
2.110994e+01
2.111785e+01
2.112576e+01
2.113368e+01
2.114159e+01
2.114951e+01
2.115742e+01
2.116533e+01
2.117325e+01
2.118116e+01
2.118907e+01
2.119699e+01
2.120490e+01
2.121282e+01
2.122073e+01
2.122864e+01
2.123656e+01
2.124447e+01
2.125239e+01
2.126030e+01
2.126821e+01
2.127613e+01
2.128404e+01
2.129196e+01
2.129987e+01
2.130778e+01
2.131570e+01
2.132361e+01
2.133152e+01
2.133944e+01
2.134735e+01
2.135527e+01
2.136318e+01
2.137109e+01
2.137901e+01
2.138692e+01
2.139484e+01
2.140275e+01
2.141066e+01
2.141858e+01
2.142649e+01
2.143441e+01
2.144232e+01
2.145023e+01
2.145815e+01
2.146606e+01
2.147398e+01
2.148189e+01
2.148980e+01
2.149772e+01
2.150563e+01
2.151354e+01
2.152146e+01
2.152937e+01
2.153729e+01
2.154520e+01
2.155311e+01
2.156103e+01
2.156894e+01
2.157686e+01
2.158477e+01
2.159268e+01
2.160060e+01
2.160851e+01
2.161643e+01
2.162434e+01
2.163225e+01
2.164017e+01
2.164808e+01
2.165600e+01
2.166391e+01
2.167182e+01
2.167974e+01
2.168765e+01
2.169556e+01
2.170348e+01
2.171139e+01
2.171931e+01
2.172722e+01
2.173513e+01
2.174305e+01
2.175096e+01
2.175888e+01
2.176679e+01
2.177470e+01
2.178262e+01
2.179053e+01
2.179845e+01
2.180636e+01
2.181427e+01
2.182219e+01
2.183010e+01
2.183801e+01
2.184593e+01
2.185384e+01
2.186176e+01
2.186967e+01
2.187758e+01
2.188550e+01
2.189341e+01
2.190133e+01
2.190924e+01
2.191715e+01
2.192507e+01
2.193298e+01
2.194090e+01
2.194881e+01
2.195672e+01
2.196464e+01
2.197255e+01
2.198046e+01
2.198838e+01
2.199629e+01
2.200421e+01
2.201212e+01
2.202003e+01
2.202795e+01
2.203586e+01
2.204378e+01
2.205169e+01
2.205960e+01
2.206752e+01
2.207543e+01
2.208335e+01
2.209126e+01
2.209917e+01
2.210709e+01
2.211500e+01
2.212291e+01
2.213083e+01
2.213874e+01
2.214666e+01
2.215457e+01
2.216248e+01
2.217040e+01
2.217831e+01
2.218623e+01
2.219414e+01
2.220205e+01
2.220997e+01
2.221788e+01
2.222580e+01
2.223371e+01
2.224162e+01
2.224954e+01
2.225745e+01
2.226537e+01
2.227328e+01
2.228119e+01
2.228911e+01
2.229702e+01
2.230493e+01
2.231285e+01
2.232076e+01
2.232868e+01
2.233659e+01
2.234450e+01
2.235242e+01
2.236033e+01
2.236825e+01
2.237616e+01
2.238407e+01
2.239199e+01
2.239990e+01
2.240782e+01
2.241573e+01
2.242364e+01
2.243156e+01
2.243947e+01
2.244739e+01
2.245530e+01
2.246321e+01
2.247113e+01
2.247904e+01
2.248695e+01
2.249487e+01
2.250278e+01
2.251070e+01
2.251861e+01
2.252652e+01
2.253444e+01
2.254235e+01
2.255027e+01
2.255818e+01
2.256609e+01
2.257401e+01
2.258192e+01
2.258984e+01
2.259775e+01
2.260566e+01
2.261358e+01
2.262149e+01
2.262940e+01
2.263732e+01
2.264523e+01
2.265315e+01
2.266106e+01
2.266897e+01
2.267689e+01
2.268480e+01
2.269272e+01
2.270063e+01
2.270854e+01
2.271646e+01
2.272437e+01
2.273229e+01
2.274020e+01
2.274811e+01
2.275603e+01
2.276394e+01
2.277185e+01
2.277977e+01
2.278768e+01
2.279560e+01
2.280351e+01
2.281142e+01
2.281934e+01
2.282725e+01
2.283517e+01
2.284308e+01
2.285099e+01
2.285891e+01
2.286682e+01
2.287474e+01
2.288265e+01
2.289056e+01
2.289848e+01
2.290639e+01
2.291430e+01
2.292222e+01
2.293013e+01
2.293805e+01
2.294596e+01
2.295387e+01
2.296179e+01
2.296970e+01
2.297762e+01
2.298553e+01
2.299344e+01
2.300136e+01
2.300927e+01
2.301719e+01
2.302510e+01
2.303301e+01
2.304093e+01
2.304884e+01
2.305676e+01
2.306467e+01
2.307258e+01
2.308050e+01
2.308841e+01
2.309632e+01
2.310424e+01
2.311215e+01
2.312007e+01
2.312798e+01
2.313589e+01
2.314381e+01
2.315172e+01
2.315964e+01
2.316755e+01
2.317546e+01
2.318338e+01
2.319129e+01
2.319921e+01
2.320712e+01
2.321503e+01
2.322295e+01
2.323086e+01
2.323878e+01
2.324669e+01
2.325460e+01
2.326252e+01
2.327043e+01
2.327834e+01
2.328626e+01
2.329417e+01
2.330209e+01
2.331000e+01
2.331645e+01
2.332290e+01
2.332935e+01
2.333580e+01
2.334225e+01
2.334869e+01
2.335514e+01
2.336159e+01
2.336804e+01
2.337449e+01
2.338094e+01
2.338739e+01
2.339384e+01
2.340029e+01
2.340674e+01
2.341319e+01
2.341963e+01
2.342608e+01
2.343253e+01
2.343898e+01
2.344543e+01
2.345188e+01
2.345833e+01
2.346478e+01
2.347123e+01
2.347768e+01
2.348413e+01
2.349057e+01
2.349702e+01
2.350347e+01
2.350992e+01
2.351637e+01
2.352282e+01
2.352927e+01
2.353572e+01
2.354217e+01
2.354862e+01
2.355507e+01
2.356151e+01
2.356796e+01
2.357441e+01
2.358086e+01
2.358731e+01
2.359376e+01
2.360021e+01
2.360666e+01
2.361311e+01
2.361956e+01
2.362600e+01
2.363245e+01
2.363890e+01
2.364535e+01
2.365180e+01
2.365825e+01
2.366470e+01
2.367115e+01
2.367760e+01
2.368405e+01
2.369050e+01
2.369694e+01
2.370339e+01
2.370984e+01
2.371629e+01
2.372274e+01
2.372919e+01
2.373564e+01
2.374209e+01
2.374854e+01
2.375499e+01
2.376144e+01
2.376788e+01
2.377433e+01
2.378078e+01
2.378723e+01
2.379368e+01
2.380013e+01
2.380658e+01
2.381303e+01
2.381948e+01
2.382593e+01
2.383238e+01
2.383882e+01
2.384527e+01
2.385172e+01
2.385817e+01
2.386462e+01
2.387107e+01
2.387752e+01
2.388397e+01
2.389042e+01
2.389687e+01
2.390332e+01
2.390976e+01
2.391621e+01
2.392266e+01
2.392911e+01
2.393556e+01
2.394201e+01
2.394846e+01
2.395491e+01
2.396136e+01
2.396781e+01
2.397426e+01
2.398070e+01
2.398715e+01
2.399360e+01
2.400005e+01
2.400650e+01
2.401295e+01
2.401940e+01
2.402585e+01
2.403230e+01
2.403875e+01
2.404520e+01
2.405164e+01
2.405809e+01
2.406454e+01
2.407099e+01
2.407744e+01
2.408389e+01
2.409034e+01
2.409679e+01
2.410324e+01
2.410969e+01
2.411614e+01
2.412258e+01
2.412903e+01
2.413548e+01
2.414193e+01
2.414838e+01
2.415483e+01
2.416128e+01
2.416773e+01
2.417418e+01
2.418063e+01
2.418708e+01
2.419352e+01
2.419997e+01
2.420642e+01
2.421287e+01
2.421932e+01
2.422577e+01
2.423222e+01
2.423867e+01
2.424512e+01
2.425157e+01
2.425802e+01
2.426446e+01
2.427091e+01
2.427736e+01
2.428381e+01
2.429026e+01
2.429671e+01
2.430316e+01
2.430961e+01
2.431606e+01
2.432251e+01
2.432896e+01
2.433540e+01
2.434185e+01
2.434830e+01
2.435475e+01
2.436120e+01
2.436765e+01
2.437410e+01
2.438055e+01
2.438700e+01
2.439345e+01
2.439990e+01
2.440634e+01
2.441279e+01
2.441924e+01
2.442569e+01
2.443214e+01
2.443859e+01
2.444504e+01
2.445149e+01
2.445794e+01
2.446439e+01
2.447084e+01
2.447728e+01
2.448373e+01
2.449018e+01
2.449663e+01
2.450308e+01
2.450953e+01
2.451598e+01
2.452243e+01
2.452888e+01
2.453533e+01
2.454178e+01
2.454822e+01
2.455467e+01
2.456112e+01
2.456757e+01
2.457402e+01
2.458047e+01
2.458692e+01
2.459337e+01
2.459982e+01
2.460627e+01
2.461271e+01
2.461916e+01
2.462561e+01
2.463206e+01
2.463851e+01
2.464496e+01
2.465141e+01
2.465786e+01
2.466431e+01
2.467076e+01
2.467721e+01
2.468365e+01
2.469010e+01
2.469655e+01
2.470300e+01
2.470945e+01
2.471590e+01
2.472235e+01
2.472880e+01
2.473525e+01
2.474170e+01
2.474815e+01
2.475459e+01
2.476104e+01
2.476749e+01
2.477394e+01
2.478039e+01
2.478684e+01
2.479329e+01
2.479974e+01
2.480619e+01
2.481264e+01
2.481909e+01
2.482553e+01
2.483198e+01
2.483843e+01
2.484488e+01
2.485133e+01
2.485778e+01
2.486423e+01
2.487068e+01
2.487713e+01
2.488358e+01
2.489003e+01
2.489647e+01
2.490292e+01
2.490937e+01
2.491582e+01
2.492227e+01
2.492872e+01
2.493517e+01
2.494162e+01
2.494807e+01
2.495452e+01
2.496097e+01
2.496741e+01
2.497386e+01
2.498031e+01
2.498676e+01
2.499321e+01
2.499966e+01
2.500611e+01
2.501256e+01
2.501901e+01
2.502546e+01
2.503191e+01
2.503835e+01
2.504480e+01
2.505125e+01
2.505770e+01
2.506415e+01
2.507060e+01
2.507705e+01
2.508350e+01
2.508995e+01
2.509640e+01
2.510285e+01
2.510929e+01
2.511574e+01
2.512219e+01
2.512864e+01
2.513509e+01
2.514154e+01
2.514799e+01
2.515444e+01
2.516089e+01
2.516734e+01
2.517378e+01
2.518023e+01
2.518668e+01
2.519313e+01
2.519958e+01
2.520603e+01
2.521248e+01
2.521893e+01
2.522538e+01
2.523183e+01
2.523828e+01
2.524472e+01
2.525117e+01
2.525762e+01
2.526407e+01
2.527052e+01
2.527697e+01
2.528342e+01
2.528987e+01
2.529632e+01
2.530277e+01
2.530922e+01
2.531567e+01
2.532211e+01
2.532856e+01
2.533501e+01
2.534146e+01
2.534791e+01
2.535436e+01
2.536081e+01
2.536726e+01
2.537371e+01
2.538016e+01
2.538660e+01
2.539305e+01
2.539950e+01
2.540595e+01
2.541240e+01
2.541885e+01
2.542530e+01
2.543175e+01
2.543820e+01
2.544465e+01
2.545110e+01
2.545754e+01
2.546399e+01
2.547044e+01
2.547689e+01
2.548334e+01
2.548979e+01
2.549624e+01
2.550269e+01
2.550914e+01
2.551559e+01
2.552204e+01
2.552848e+01
2.553493e+01
2.554138e+01
2.554783e+01
2.555428e+01
2.556073e+01
2.556718e+01
2.557363e+01
2.558008e+01
2.558653e+01
2.559298e+01
2.559942e+01
2.560587e+01
2.561232e+01
2.561877e+01
2.562522e+01
2.563167e+01
2.563812e+01
2.564457e+01
2.565102e+01
2.565747e+01
2.566392e+01
2.567036e+01
2.567681e+01
2.568326e+01
2.568971e+01
2.569616e+01
2.570261e+01
2.570906e+01
2.571551e+01
2.572196e+01
2.572841e+01
2.573486e+01
2.574130e+01
2.574775e+01
2.575420e+01
2.576065e+01
2.576710e+01
2.577355e+01
2.578000e+01
2.578645e+01
2.579290e+01
2.579935e+01
2.580580e+01
2.581224e+01
2.581869e+01
2.582514e+01
2.583159e+01
2.583804e+01
2.584449e+01
2.585094e+01
2.585739e+01
2.586384e+01
2.587029e+01
2.587674e+01
2.588318e+01
2.588963e+01
2.589608e+01
2.590253e+01
2.590898e+01
2.591543e+01
2.592188e+01
2.592833e+01
2.593478e+01
2.594123e+01
2.594768e+01
2.595412e+01
2.596057e+01
2.596702e+01
2.597347e+01
2.597992e+01
2.598637e+01
2.599282e+01
2.599927e+01
2.600572e+01
2.601217e+01
2.601862e+01
2.602506e+01
2.603151e+01
2.603796e+01
2.604441e+01
2.605086e+01
2.605731e+01
2.606376e+01
2.607021e+01
2.607666e+01
2.608311e+01
2.608956e+01
2.609600e+01
2.610245e+01
2.610890e+01
2.611535e+01
2.612180e+01
2.612825e+01
2.613470e+01
2.614115e+01
2.614760e+01
2.615405e+01
2.616049e+01
2.616694e+01
2.617339e+01
2.617984e+01
2.618629e+01
2.619274e+01
2.619919e+01
2.620564e+01
2.621209e+01
2.621854e+01
2.622499e+01
2.623143e+01
2.623788e+01
2.624433e+01
2.625078e+01
2.625723e+01
2.626368e+01
2.627013e+01
2.627658e+01
2.628303e+01
2.628948e+01
2.629593e+01
2.630237e+01
2.630882e+01
2.631527e+01
2.632172e+01
2.632817e+01
2.633462e+01
2.634107e+01
2.634752e+01
2.635397e+01
2.636042e+01
2.636687e+01
2.637331e+01
2.637976e+01
2.638621e+01
2.639266e+01
2.639911e+01
2.640556e+01
2.641201e+01
2.641846e+01
2.642491e+01
2.643136e+01
2.643781e+01
2.644425e+01
2.645070e+01
2.645715e+01
2.646360e+01
2.647005e+01
2.647650e+01
2.648295e+01
2.648940e+01
2.649585e+01
2.650230e+01
2.650875e+01
2.651519e+01
2.652164e+01
2.652809e+01
2.653454e+01
2.654099e+01
2.654744e+01
2.655389e+01
2.656094e+01
2.656799e+01
2.657504e+01
2.658209e+01
2.658914e+01
2.659620e+01
2.660325e+01
2.661030e+01
2.661735e+01
2.662440e+01
2.663145e+01
2.663850e+01
2.664555e+01
2.665260e+01
2.665965e+01
2.666671e+01
2.667376e+01
2.668081e+01
2.668786e+01
2.669491e+01
2.670196e+01
2.670901e+01
2.671606e+01
2.672311e+01
2.673016e+01
2.673722e+01
2.674427e+01
2.675132e+01
2.675837e+01
2.676542e+01
2.677247e+01
2.677952e+01
2.678657e+01
2.679362e+01
2.680067e+01
2.680773e+01
2.681478e+01
2.682183e+01
2.682888e+01
2.683593e+01
2.684298e+01
2.685003e+01
2.685708e+01
2.686413e+01
2.687119e+01
2.687824e+01
2.688529e+01
2.689234e+01
2.689939e+01
2.690644e+01
2.691349e+01
2.692054e+01
2.692759e+01
2.693464e+01
2.694170e+01
2.694875e+01
2.695580e+01
2.696285e+01
2.696990e+01
2.697695e+01
2.698400e+01
2.699105e+01
2.699810e+01
2.700515e+01
2.701221e+01
2.701926e+01
2.702631e+01
2.703336e+01
2.704041e+01
2.704746e+01
2.705451e+01
2.706156e+01
2.706861e+01
2.707567e+01
2.708272e+01
2.708977e+01
2.709682e+01
2.710387e+01
2.711092e+01
2.711797e+01
2.712502e+01
2.713207e+01
2.713912e+01
2.714618e+01
2.715323e+01
2.716028e+01
2.716733e+01
2.717438e+01
2.718143e+01
2.718848e+01
2.719553e+01
2.720258e+01
2.720963e+01
2.721669e+01
2.722374e+01
2.723079e+01
2.723784e+01
2.724489e+01
2.725194e+01
2.725899e+01
2.726604e+01
2.727309e+01
2.728014e+01
2.728720e+01
2.729425e+01
2.730130e+01
2.730835e+01
2.731540e+01
2.732245e+01
2.732950e+01
2.733655e+01
2.734360e+01
2.735065e+01
2.735771e+01
2.736476e+01
2.737181e+01
2.737886e+01
2.738591e+01
2.739296e+01
2.740001e+01
2.740706e+01
2.741411e+01
2.742117e+01
2.742822e+01
2.743527e+01
2.744232e+01
2.744937e+01
2.745642e+01
2.746347e+01
2.747052e+01
2.747757e+01
2.748462e+01
2.749168e+01
2.749873e+01
2.750578e+01
2.751283e+01
2.751988e+01
2.752693e+01
2.753398e+01
2.754103e+01
2.754808e+01
2.755513e+01
2.756219e+01
2.756924e+01
2.757629e+01
2.758334e+01
2.759039e+01
2.759744e+01
2.760449e+01
2.761154e+01
2.761859e+01
2.762565e+01
2.763270e+01
2.763975e+01
2.764680e+01
2.765385e+01
2.766090e+01
2.766795e+01
2.767500e+01
2.768205e+01
2.768910e+01
2.769616e+01
2.770321e+01
2.771026e+01
2.771731e+01
2.772436e+01
2.773141e+01
2.773846e+01
2.774551e+01
2.775256e+01
2.775961e+01
2.776667e+01
2.777372e+01
2.778077e+01
2.778782e+01
2.779487e+01
2.780192e+01
2.780897e+01
2.781602e+01
2.782307e+01
2.783012e+01
2.783718e+01
2.784423e+01
2.785128e+01
2.785833e+01
2.786538e+01
2.787243e+01
2.787948e+01
2.788653e+01
2.789358e+01
2.790064e+01
2.790769e+01
2.791474e+01
2.792179e+01
2.792884e+01
2.793589e+01
2.794294e+01
2.794999e+01
2.795704e+01
2.796409e+01
2.797115e+01
2.797820e+01
2.798525e+01
2.799230e+01
2.799935e+01
2.800640e+01
2.801345e+01
2.802050e+01
2.802755e+01
2.803460e+01
2.804166e+01
2.804871e+01
2.805576e+01
2.806281e+01
2.806986e+01
2.807691e+01
2.808396e+01
2.809101e+01
2.809806e+01
2.810512e+01
2.811217e+01
2.811922e+01
2.812627e+01
2.813332e+01
2.814037e+01
2.814742e+01
2.815447e+01
2.816152e+01
2.816857e+01
2.817563e+01
2.818268e+01
2.818973e+01
2.819678e+01
2.820383e+01
2.821088e+01
2.821793e+01
2.822498e+01
2.823203e+01
2.823908e+01
2.824614e+01
2.825319e+01
2.826024e+01
2.826729e+01
2.827434e+01
2.828139e+01
2.828844e+01
2.829549e+01
2.830254e+01
2.830959e+01
2.831665e+01
2.832370e+01
2.833075e+01
2.833780e+01
2.834485e+01
2.835190e+01
2.835895e+01
2.836600e+01
2.837305e+01
2.838011e+01
2.838716e+01
2.839421e+01
2.840126e+01
2.840831e+01
2.841536e+01
2.842241e+01
2.842946e+01
2.843651e+01
2.844356e+01
2.845062e+01
2.845767e+01
2.846472e+01
2.847177e+01
2.847882e+01
2.848587e+01
2.849292e+01
2.849997e+01
2.850702e+01
2.851407e+01
2.852113e+01
2.852818e+01
2.853523e+01
2.854228e+01
2.854933e+01
2.855638e+01
2.856343e+01
2.857048e+01
2.857753e+01
2.858458e+01
2.859164e+01
2.859869e+01
2.860574e+01
2.861279e+01
2.861984e+01
2.862689e+01
2.863394e+01
2.864099e+01
2.864804e+01
2.865510e+01
2.866215e+01
2.866920e+01
2.867625e+01
2.868330e+01
2.869035e+01
2.869740e+01
2.870445e+01
2.871150e+01
2.871855e+01
2.872561e+01
2.873266e+01
2.873971e+01
2.874676e+01
2.875381e+01
2.876086e+01
2.876791e+01
2.877496e+01
2.878201e+01
2.878906e+01
2.879612e+01
2.880317e+01
2.881022e+01
2.881727e+01
2.882432e+01
2.883137e+01
2.883842e+01
2.884547e+01
2.885252e+01
2.885957e+01
2.886663e+01
2.887368e+01
2.888073e+01
2.888778e+01
2.889483e+01
2.890188e+01
2.890893e+01
2.891598e+01
2.892303e+01
2.893009e+01
2.893714e+01
2.894419e+01
2.895124e+01
2.895829e+01
2.896534e+01
2.897239e+01
2.897944e+01
2.898649e+01
2.899354e+01
2.900060e+01
2.900765e+01
2.901470e+01
2.902175e+01
2.902880e+01
2.903585e+01
2.904290e+01
2.904995e+01
2.905700e+01
2.906405e+01
2.907111e+01
2.907816e+01
2.908521e+01
2.909226e+01
2.909931e+01
2.910636e+01
2.911341e+01
2.912046e+01
2.912751e+01
2.913456e+01
2.914162e+01
2.914867e+01
2.915572e+01
2.916277e+01
2.916982e+01
2.917687e+01
2.918392e+01
2.919097e+01
2.919802e+01
2.920508e+01
2.921213e+01
2.921918e+01
2.922623e+01
2.923328e+01
2.924033e+01
2.924738e+01
2.925443e+01
2.926148e+01
2.926853e+01
2.927559e+01
2.928264e+01
2.928969e+01
2.929674e+01
2.930379e+01
2.931084e+01
2.931789e+01
2.932494e+01
2.933199e+01
2.933904e+01
2.934610e+01
2.935315e+01
2.936020e+01
2.936725e+01
2.937430e+01
2.938135e+01
2.938840e+01
2.939545e+01
2.940250e+01
2.940956e+01
2.941661e+01
2.942366e+01
2.943071e+01
2.943776e+01
2.944481e+01
2.945186e+01
2.945891e+01
2.946596e+01
2.947301e+01
2.948007e+01
2.948712e+01
2.949417e+01
2.950122e+01
2.950827e+01
2.951532e+01
2.952237e+01
2.952942e+01
2.953647e+01
2.954352e+01
2.955058e+01
2.955763e+01
2.956468e+01
2.957173e+01
2.957878e+01
2.958583e+01
2.959288e+01
2.959993e+01
2.960698e+01
2.961403e+01
2.962109e+01
2.962814e+01
2.963519e+01
2.964224e+01
2.964929e+01
2.965634e+01
2.966339e+01
2.967044e+01
2.967749e+01
2.968455e+01
2.969160e+01
2.969865e+01
2.970570e+01
2.971275e+01
2.971980e+01
2.972685e+01
2.973390e+01
2.974095e+01
2.974800e+01
2.975506e+01
2.976211e+01
2.976916e+01
2.977621e+01
2.978326e+01
2.979031e+01
2.979736e+01
2.980441e+01
2.981146e+01
2.981851e+01
2.982557e+01
2.983262e+01
2.983967e+01
2.984672e+01
2.985377e+01
2.986082e+01
2.986787e+01
2.987492e+01
2.988197e+01
2.988902e+01
2.989608e+01
2.990313e+01
2.991018e+01
2.991723e+01
2.992428e+01
2.993133e+01
2.993838e+01
2.994543e+01
