5.800000e-01
5.803332e-01
5.806668e-01
5.810000e-01
5.813332e-01
5.816668e-01
5.820000e-01
5.823332e-01
5.826668e-01
5.830000e-01
5.833332e-01
5.836668e-01
5.840000e-01
5.843332e-01
5.846668e-01
5.850000e-01
5.853332e-01
5.856668e-01
5.860000e-01
5.863332e-01
5.866668e-01
5.870000e-01
5.873332e-01
5.876668e-01
5.880000e-01
5.883332e-01
5.886668e-01
5.890000e-01
5.893332e-01
5.896668e-01
5.900000e-01
5.900000e-01
5.900000e-01
5.900000e-01
5.900000e-01
5.900000e-01
5.900000e-01
5.900000e-01
5.900000e-01
5.900000e-01
5.900000e-01
5.900000e-01
5.900000e-01
5.900000e-01
5.900000e-01
5.900000e-01
5.900000e-01
5.900000e-01
5.900000e-01
5.900000e-01
5.900000e-01
5.902833e-01
5.905667e-01
5.908500e-01
5.911333e-01
5.914167e-01
5.917000e-01
5.919833e-01
5.922667e-01
5.925500e-01
5.928333e-01
5.931167e-01
5.934000e-01
5.936833e-01
5.939667e-01
5.942500e-01
5.945333e-01
5.948167e-01
5.951000e-01
5.953335e-01
5.956667e-01
5.959998e-01
5.963335e-01
5.966667e-01
5.969998e-01
5.973335e-01
5.976667e-01
5.979998e-01
5.983335e-01
5.986667e-01
5.989998e-01
5.993335e-01
5.996667e-01
5.999998e-01
6.003335e-01
6.006667e-01
6.009998e-01
6.013335e-01
6.016667e-01
6.019998e-01
6.023335e-01
6.026667e-01
6.029998e-01
6.033335e-01
6.036667e-01
6.039998e-01
6.043335e-01
6.046667e-01
6.049998e-01
6.053335e-01
6.056667e-01
6.058933e-01
6.061200e-01
6.063467e-01
6.065733e-01
6.068000e-01
6.070267e-01
6.072533e-01
6.074800e-01
6.077067e-01
6.079333e-01
6.081600e-01
6.083867e-01
6.086133e-01
6.088400e-01
6.090667e-01
6.092933e-01
6.095200e-01
6.097467e-01
6.099733e-01
6.102000e-01
6.104267e-01
6.106533e-01
6.108800e-01
6.111067e-01
6.113333e-01
6.115600e-01
6.117867e-01
6.120133e-01
6.122400e-01
6.124667e-01
6.126933e-01
6.129200e-01
6.131467e-01
6.133733e-01
6.136000e-01
6.138267e-01
6.140533e-01
6.142800e-01
6.145067e-01
6.147333e-01
6.149600e-01
6.151867e-01
6.154133e-01
6.156400e-01
6.158667e-01
6.160933e-01
6.163200e-01
6.165467e-01
6.167733e-01
6.170000e-01
6.172867e-01
6.175733e-01
6.178600e-01
6.181467e-01
6.184333e-01
6.187200e-01
6.190067e-01
6.192933e-01
6.195800e-01
6.198667e-01
6.201533e-01
6.204400e-01
6.207267e-01
6.210133e-01
6.213000e-01
6.215867e-01
6.218733e-01
6.221600e-01
6.224467e-01
6.227333e-01
6.230200e-01
6.233067e-01
6.235933e-01
6.238800e-01
6.241667e-01
6.244533e-01
6.247400e-01
6.250267e-01
6.253133e-01
6.256000e-01
6.258867e-01
6.261733e-01
6.264600e-01
6.267467e-01
6.270333e-01
6.273200e-01
6.276067e-01
6.278933e-01
6.281800e-01
6.284667e-01
6.287533e-01
6.290400e-01
6.293267e-01
6.296133e-01
6.299000e-01
6.301867e-01
6.304733e-01
6.307600e-01
6.310467e-01
6.313333e-01
6.335433e-01
6.357533e-01
6.379633e-01
6.401733e-01
6.423833e-01
6.445933e-01
6.468033e-01
6.490133e-01
6.512233e-01
6.534333e-01
6.556433e-01
6.578533e-01
6.600633e-01
6.622733e-01
6.644833e-01
6.666933e-01
6.689033e-01
6.711133e-01
6.733233e-01
6.755333e-01
6.777433e-01
6.799533e-01
6.821633e-01
6.843733e-01
6.865833e-01
6.887933e-01
6.910033e-01
6.932133e-01
6.954233e-01
6.976333e-01
6.998433e-01
7.020533e-01
7.042633e-01
7.064733e-01
7.086833e-01
7.108933e-01
7.131033e-01
7.153133e-01
7.175233e-01
7.197333e-01
7.219433e-01
7.241533e-01
7.263633e-01
7.285733e-01
7.307833e-01
7.329933e-01
7.352033e-01
7.374133e-01
7.396233e-01
7.418333e-01
7.440433e-01
7.462533e-01
7.484633e-01
7.506733e-01
7.528833e-01
7.550933e-01
7.573033e-01
7.595133e-01
7.617233e-01
7.639333e-01
7.661433e-01
7.683533e-01
7.705633e-01
7.727733e-01
7.749833e-01
7.771933e-01
7.794033e-01
7.816133e-01
7.838233e-01
7.860333e-01
7.882433e-01
7.904533e-01
7.926633e-01
7.948733e-01
7.970833e-01
7.992933e-01
8.015033e-01
8.037133e-01
8.059233e-01
8.081333e-01
8.103433e-01
8.125533e-01
8.147633e-01
8.169733e-01
8.191833e-01
8.213933e-01
8.236033e-01
8.258133e-01
8.280233e-01
8.302333e-01
8.324433e-01
8.346533e-01
8.368633e-01
8.390733e-01
8.412833e-01
8.434933e-01
8.457033e-01
8.479133e-01
8.501233e-01
8.523333e-01
8.532933e-01
8.542533e-01
8.552133e-01
8.561733e-01
8.571333e-01
8.580933e-01
8.590533e-01
8.600133e-01
8.609733e-01
8.619333e-01
8.628933e-01
8.638533e-01
8.648133e-01
8.657733e-01
8.667333e-01
8.676933e-01
8.686533e-01
8.696133e-01
8.705733e-01
8.715333e-01
8.724933e-01
8.734533e-01
8.744133e-01
8.753733e-01
8.763333e-01
8.772933e-01
8.782533e-01
8.792133e-01
8.801733e-01
8.811333e-01
8.820933e-01
8.830533e-01
8.840133e-01
8.849733e-01
8.859333e-01
8.868933e-01
8.878533e-01
8.888133e-01
8.897733e-01
8.907333e-01
8.916933e-01
8.926533e-01
8.936133e-01
8.945733e-01
8.955333e-01
8.964933e-01
8.974533e-01
8.984133e-01
8.993733e-01
9.003333e-01
9.012933e-01
9.022533e-01
9.032133e-01
9.041733e-01
9.051333e-01
9.060933e-01
9.070533e-01
9.080133e-01
9.089733e-01
9.099333e-01
9.108933e-01
9.118533e-01
9.128133e-01
9.137733e-01
9.147333e-01
9.156933e-01
9.166533e-01
9.176133e-01
9.185733e-01
9.195333e-01
9.204933e-01
9.214533e-01
9.224133e-01
9.233733e-01
9.243333e-01
9.252933e-01
9.262533e-01
9.272133e-01
9.281733e-01
9.291333e-01
9.300933e-01
9.310533e-01
9.320133e-01
9.329733e-01
9.339333e-01
9.348933e-01
9.358533e-01
9.368133e-01
9.377733e-01
9.387333e-01
9.396933e-01
9.406533e-01
9.416133e-01
9.425733e-01
9.435333e-01
9.444933e-01
9.454533e-01
9.464133e-01
9.473733e-01
9.483333e-01
9.490550e-01
9.497767e-01
9.504983e-01
9.512200e-01
9.519417e-01
9.526633e-01
9.533850e-01
9.541067e-01
9.548283e-01
9.555500e-01
9.562717e-01
9.569933e-01
9.577150e-01
9.584367e-01
9.591583e-01
9.598800e-01
9.606017e-01
9.613233e-01
9.620450e-01
9.627667e-01
9.634883e-01
9.642100e-01
9.649317e-01
9.656533e-01
9.663750e-01
9.670967e-01
9.678183e-01
9.685400e-01
9.692617e-01
9.699833e-01
9.707050e-01
9.714267e-01
9.721483e-01
9.728700e-01
9.735917e-01
9.743133e-01
9.750350e-01
9.757567e-01
9.764783e-01
9.772000e-01
9.779217e-01
9.786433e-01
9.793650e-01
9.800867e-01
9.808083e-01
9.815300e-01
9.822517e-01
9.829733e-01
9.836950e-01
9.844167e-01
9.851383e-01
9.858600e-01
9.865817e-01
9.873033e-01
9.880250e-01
9.887467e-01
9.894683e-01
9.901900e-01
9.909117e-01
9.916333e-01
9.923550e-01
9.930767e-01
9.937983e-01
9.945200e-01
9.952417e-01
9.959633e-01
9.966850e-01
9.974067e-01
9.981283e-01
9.988500e-01
9.995717e-01
1.000293e+00
1.001015e+00
1.001737e+00
1.002458e+00
1.003180e+00
1.003902e+00
1.004623e+00
1.005345e+00
1.006067e+00
1.006788e+00
1.007510e+00
1.008232e+00
1.008953e+00
1.009675e+00
1.010397e+00
1.011118e+00
1.011840e+00
1.012562e+00
1.013283e+00
1.014005e+00
1.014727e+00
1.015448e+00
1.016170e+00
1.016892e+00
1.017613e+00
1.018335e+00
1.019057e+00
1.019778e+00
1.020500e+00
1.021222e+00
1.021943e+00
1.022665e+00
1.023387e+00
1.024108e+00
1.024830e+00
1.025552e+00
1.026273e+00
1.026995e+00
1.027717e+00
1.028438e+00
1.029160e+00
1.029882e+00
1.030603e+00
1.031325e+00
1.032047e+00
1.032768e+00
1.033490e+00
1.034212e+00
1.034933e+00
1.035655e+00
1.036377e+00
1.037098e+00
1.037820e+00
1.038542e+00
1.039263e+00
1.039985e+00
1.040707e+00
1.041428e+00
1.042150e+00
1.042872e+00
1.043593e+00
1.044315e+00
1.045037e+00
1.045758e+00
1.046480e+00
1.047202e+00
1.047923e+00
1.048645e+00
1.049367e+00
1.050088e+00
1.050810e+00
1.051532e+00
1.052253e+00
1.052975e+00
1.053697e+00
1.054418e+00
1.055140e+00
1.055862e+00
1.056583e+00
1.057305e+00
1.058027e+00
1.058748e+00
1.059470e+00
1.060192e+00
1.060913e+00
1.061635e+00
1.062357e+00
1.063078e+00
1.063800e+00
1.064522e+00
1.065243e+00
1.065965e+00
1.066687e+00
1.067408e+00
1.068130e+00
1.068852e+00
1.069573e+00
1.070295e+00
1.071017e+00
1.071738e+00
1.072460e+00
1.073182e+00
1.073903e+00
1.074625e+00
1.075347e+00
1.076068e+00
1.076790e+00
1.077512e+00
1.078233e+00
1.078955e+00
1.079677e+00
1.080398e+00
1.081120e+00
1.081842e+00
1.082563e+00
1.083285e+00
1.084007e+00
1.084728e+00
1.085450e+00
1.086172e+00
1.086893e+00
1.087615e+00
1.088337e+00
1.089058e+00
1.089780e+00
1.090502e+00
1.091223e+00
1.091945e+00
1.092667e+00
1.093523e+00
1.094380e+00
1.095237e+00
1.096093e+00
1.096950e+00
1.097807e+00
1.098663e+00
1.099520e+00
1.100377e+00
1.101233e+00
1.102090e+00
1.102947e+00
1.103803e+00
1.104660e+00
1.105517e+00
1.106373e+00
1.107230e+00
1.108087e+00
1.108943e+00
1.109800e+00
1.110657e+00
1.111513e+00
1.112370e+00
1.113227e+00
1.114083e+00
1.114940e+00
1.115797e+00
1.116653e+00
1.117510e+00
1.118367e+00
1.119223e+00
1.120080e+00
1.120937e+00
1.121793e+00
1.122650e+00
1.123507e+00
1.124363e+00
1.125220e+00
1.126077e+00
1.126933e+00
1.127790e+00
1.128647e+00
1.129503e+00
1.130360e+00
1.131217e+00
1.132073e+00
1.132930e+00
1.133787e+00
1.134643e+00
1.135500e+00
1.136357e+00
1.137213e+00
1.138070e+00
1.138927e+00
1.139783e+00
1.140640e+00
1.141497e+00
1.142353e+00
1.143210e+00
1.144067e+00
1.144923e+00
1.145780e+00
1.146637e+00
1.147493e+00
1.148350e+00
1.149207e+00
1.150063e+00
1.150920e+00
1.151777e+00
1.152633e+00
1.153490e+00
1.154347e+00
1.155203e+00
1.156060e+00
1.156917e+00
1.157773e+00
1.158630e+00
1.159487e+00
1.160343e+00
1.161200e+00
1.162057e+00
1.162913e+00
1.163770e+00
1.164627e+00
1.165483e+00
1.166340e+00
1.167197e+00
1.168053e+00
1.168910e+00
1.169767e+00
1.170623e+00
1.171480e+00
1.172337e+00
1.173193e+00
1.174050e+00
1.174907e+00
1.175763e+00
1.176620e+00
1.177477e+00
1.178333e+00
1.194373e+00
1.210413e+00
1.226453e+00
1.242494e+00
1.258534e+00
1.274574e+00
1.290614e+00
1.306654e+00
1.322694e+00
1.338734e+00
1.354774e+00
1.370815e+00
1.386855e+00
1.402895e+00
1.418935e+00
1.434975e+00
1.451015e+00
1.467055e+00
1.483096e+00
1.499136e+00
1.515176e+00
1.531216e+00
1.547256e+00
1.563296e+00
1.579336e+00
1.595376e+00
1.611417e+00
1.627457e+00
1.643497e+00
1.659537e+00
1.675577e+00
1.691617e+00
1.707657e+00
1.723698e+00
1.739738e+00
1.755778e+00
1.771818e+00
1.787858e+00
1.803898e+00
1.819938e+00
1.835978e+00
1.852019e+00
1.868059e+00
1.884099e+00
1.900139e+00
1.916179e+00
1.932219e+00
1.948259e+00
1.964300e+00
1.980340e+00
1.996380e+00
2.012420e+00
2.028460e+00
2.044500e+00
2.060540e+00
2.076580e+00
2.092621e+00
2.108661e+00
2.124701e+00
2.140741e+00
2.156781e+00
2.172821e+00
2.188861e+00
2.204901e+00
2.220942e+00
2.236982e+00
2.253022e+00
2.269062e+00
2.285102e+00
2.301142e+00
2.317182e+00
2.333223e+00
2.349263e+00
2.365303e+00
2.381343e+00
2.397383e+00
2.413423e+00
2.429463e+00
2.445503e+00
2.461544e+00
2.477584e+00
2.493624e+00
2.509664e+00
2.525704e+00
2.541744e+00
2.557784e+00
2.573825e+00
2.589865e+00
2.605905e+00
2.621945e+00
2.637985e+00
2.654025e+00
2.670065e+00
2.686105e+00
2.702146e+00
2.718186e+00
2.734226e+00
2.750266e+00
2.766306e+00
2.782346e+00
2.798386e+00
2.814427e+00
2.830467e+00
2.846507e+00
2.862547e+00
2.878587e+00
2.894627e+00
2.910667e+00
2.926707e+00
2.942748e+00
2.958788e+00
2.974828e+00
2.990868e+00
3.006908e+00
3.022948e+00
3.038988e+00
3.055029e+00
3.071069e+00
3.087109e+00
3.103149e+00
3.119189e+00
3.135229e+00
3.151269e+00
3.167309e+00
3.183350e+00
3.199390e+00
3.215430e+00
3.231470e+00
3.247510e+00
3.263550e+00
3.279590e+00
3.295631e+00
3.311671e+00
3.327711e+00
3.343751e+00
3.359791e+00
3.375831e+00
3.391871e+00
3.407911e+00
3.423952e+00
3.439992e+00
3.456032e+00
3.472072e+00
3.488112e+00
3.504152e+00
3.520192e+00
3.536233e+00
3.552273e+00
3.568313e+00
3.584353e+00
3.600393e+00
3.616433e+00
3.632473e+00
3.648513e+00
3.664554e+00
3.680594e+00
3.696634e+00
3.712674e+00
3.728714e+00
3.744754e+00
3.760794e+00
3.776834e+00
3.792875e+00
3.808915e+00
3.824955e+00
3.840995e+00
3.857035e+00
3.873075e+00
3.889115e+00
3.905156e+00
3.921196e+00
3.937236e+00
3.953276e+00
3.969316e+00
3.985356e+00
4.001396e+00
4.017436e+00
4.033477e+00
4.049517e+00
4.065557e+00
4.081597e+00
4.097637e+00
4.113677e+00
4.129717e+00
4.145758e+00
4.161798e+00
4.177838e+00
4.193878e+00
4.209918e+00
4.225958e+00
4.241998e+00
4.258038e+00
4.274079e+00
4.290119e+00
4.306159e+00
4.322199e+00
4.338239e+00
4.354279e+00
4.370319e+00
4.386360e+00
4.402400e+00
4.418440e+00
4.434480e+00
4.450520e+00
4.466560e+00
4.482600e+00
4.498640e+00
4.514681e+00
4.530721e+00
4.546761e+00
4.562801e+00
4.578841e+00
4.594881e+00
4.610921e+00
4.626962e+00
4.643002e+00
4.659042e+00
4.675082e+00
4.691122e+00
4.707162e+00
4.723202e+00
4.739242e+00
4.755283e+00
4.771323e+00
4.787363e+00
4.803403e+00
4.819443e+00
4.835483e+00
4.851523e+00
4.867564e+00
4.883604e+00
4.899644e+00
4.915684e+00
4.931724e+00
4.947764e+00
4.963804e+00
4.979844e+00
4.995885e+00
5.011925e+00
5.027965e+00
5.044005e+00
5.060045e+00
5.076085e+00
5.092125e+00
5.108166e+00
5.124206e+00
5.140246e+00
5.156286e+00
5.172326e+00
5.188366e+00
5.204406e+00
5.220446e+00
5.236487e+00
5.252527e+00
5.268567e+00
5.284607e+00
5.300647e+00
5.316687e+00
5.332727e+00
5.348767e+00
5.364808e+00
5.380848e+00
5.396888e+00
5.412928e+00
5.428968e+00
5.445008e+00
5.461048e+00
5.477089e+00
5.493129e+00
5.509169e+00
5.525209e+00
5.541249e+00
5.557289e+00
5.573329e+00
5.589369e+00
5.605410e+00
5.621450e+00
5.637490e+00
5.653530e+00
5.669570e+00
5.685610e+00
5.701650e+00
5.717691e+00
5.733731e+00
5.749771e+00
5.765811e+00
5.781851e+00
5.797891e+00
5.813931e+00
5.829971e+00
5.846012e+00
5.862052e+00
5.878092e+00
5.894132e+00
5.910172e+00
5.926212e+00
5.942252e+00
5.958293e+00
5.974333e+00
5.990373e+00
6.006413e+00
6.022453e+00
6.038493e+00
6.054533e+00
6.070573e+00
6.086614e+00
6.102654e+00
6.118694e+00
6.134734e+00
6.150774e+00
6.166814e+00
6.182854e+00
6.198895e+00
6.214935e+00
6.230975e+00
6.247015e+00
6.263055e+00
6.279095e+00
6.295135e+00
6.311175e+00
6.327216e+00
6.343256e+00
6.359296e+00
6.375336e+00
6.391376e+00
6.407416e+00
6.423456e+00
6.439497e+00
6.455537e+00
6.471577e+00
6.487617e+00
6.503657e+00
6.519697e+00
6.535737e+00
6.551777e+00
6.567818e+00
6.583858e+00
6.599898e+00
6.615938e+00
6.631978e+00
6.648018e+00
6.664058e+00
6.680099e+00
6.696139e+00
6.712179e+00
6.728219e+00
6.744259e+00
6.760299e+00
6.776339e+00
6.792379e+00
6.808420e+00
6.824460e+00
6.840500e+00
6.856540e+00
6.872580e+00
6.888620e+00
6.904660e+00
6.920700e+00
6.936741e+00
6.952781e+00
6.968821e+00
6.984861e+00
7.000901e+00
7.016941e+00
7.032981e+00
7.049022e+00
7.065062e+00
7.081102e+00
7.097142e+00
7.113182e+00
7.129222e+00
7.145262e+00
7.161302e+00
7.177343e+00
7.193383e+00
7.209423e+00
7.225463e+00
7.241503e+00
7.257543e+00
7.273583e+00
7.289624e+00
7.305664e+00
7.321704e+00
7.337744e+00
7.353784e+00
7.369824e+00
7.385864e+00
7.401904e+00
7.417945e+00
7.433985e+00
7.450025e+00
7.466065e+00
7.482105e+00
7.498145e+00
7.514185e+00
7.530226e+00
7.546266e+00
7.562306e+00
7.578346e+00
7.594386e+00
7.610426e+00
7.626466e+00
7.642506e+00
7.658547e+00
7.674587e+00
7.690627e+00
7.706667e+00
7.713909e+00
7.721151e+00
7.728393e+00
7.735636e+00
7.742878e+00
7.750120e+00
7.757362e+00
7.764604e+00
7.771847e+00
7.779089e+00
7.786331e+00
7.793573e+00
7.800816e+00
7.808058e+00
7.815300e+00
7.822542e+00
7.829784e+00
7.837027e+00
7.844269e+00
7.851511e+00
7.858753e+00
7.865996e+00
7.873238e+00
7.880480e+00
7.887722e+00
7.894964e+00
7.902207e+00
7.909449e+00
7.916691e+00
7.923933e+00
7.931176e+00
7.938418e+00
7.945660e+00
7.952902e+00
7.960144e+00
7.967387e+00
7.974629e+00
7.981871e+00
7.989113e+00
7.996356e+00
8.003598e+00
8.010840e+00
8.018082e+00
8.025324e+00
8.032567e+00
8.039809e+00
8.047051e+00
8.054293e+00
8.061536e+00
8.068778e+00
8.076020e+00
8.083262e+00
8.090504e+00
8.097747e+00
8.104989e+00
8.112231e+00
8.119473e+00
8.126716e+00
8.133958e+00
8.141200e+00
8.148442e+00
8.155684e+00
8.162927e+00
8.170169e+00
8.177411e+00
8.184653e+00
8.191896e+00
8.199138e+00
8.206380e+00
8.213622e+00
8.220864e+00
8.228107e+00
8.235349e+00
8.242591e+00
8.249833e+00
8.257076e+00
8.264318e+00
8.271560e+00
8.278802e+00
8.286044e+00
8.293287e+00
8.300529e+00
8.307771e+00
8.315013e+00
8.322256e+00
8.329498e+00
8.336740e+00
8.343982e+00
8.351224e+00
8.358467e+00
8.365709e+00
8.372951e+00
8.380193e+00
8.387436e+00
8.394678e+00
8.401920e+00
8.409162e+00
8.416404e+00
8.423647e+00
8.430889e+00
8.437750e+00
8.444611e+00
8.451473e+00
8.458334e+00
8.465195e+00
8.472056e+00
8.478918e+00
8.485779e+00
8.492640e+00
8.499501e+00
8.506363e+00
8.513224e+00
8.520085e+00
8.526946e+00
8.533808e+00
8.540669e+00
8.547530e+00
8.554391e+00
8.561253e+00
8.568114e+00
8.574975e+00
8.581836e+00
8.588698e+00
8.595559e+00
8.602420e+00
8.609281e+00
8.616143e+00
8.623004e+00
8.629865e+00
8.636726e+00
8.643588e+00
8.650449e+00
8.657310e+00
8.664171e+00
8.671033e+00
8.677894e+00
8.684755e+00
8.691616e+00
8.698478e+00
8.705339e+00
8.712200e+00
8.719061e+00
8.725923e+00
8.732784e+00
8.739645e+00
8.746506e+00
8.753368e+00
8.760229e+00
8.767090e+00
8.773951e+00
8.780813e+00
8.787674e+00
8.794535e+00
8.801396e+00
8.808258e+00
8.815119e+00
8.821980e+00
8.828841e+00
8.835703e+00
8.842564e+00
8.849425e+00
8.856286e+00
8.863148e+00
8.870009e+00
8.876870e+00
8.883731e+00
8.890593e+00
8.897454e+00
8.904315e+00
8.911176e+00
8.918038e+00
8.924899e+00
8.931760e+00
8.938621e+00
8.945483e+00
8.952344e+00
8.959205e+00
8.966066e+00
8.972928e+00
8.979789e+00
8.986650e+00
8.993511e+00
9.000373e+00
9.007234e+00
9.014095e+00
9.020956e+00
9.027818e+00
9.034679e+00
9.041540e+00
9.048401e+00
9.055263e+00
9.062124e+00
9.068985e+00
9.075846e+00
9.082708e+00
9.089569e+00
9.096430e+00
9.103291e+00
9.110153e+00
9.117014e+00
9.123875e+00
9.130736e+00
9.137598e+00
9.144459e+00
9.151320e+00
9.158181e+00
9.165043e+00
9.171904e+00
9.178765e+00
9.185626e+00
9.192488e+00
9.199349e+00
9.206210e+00
9.213071e+00
9.219933e+00
9.226794e+00
9.233655e+00
9.240516e+00
9.247378e+00
9.254239e+00
9.261100e+00
9.267961e+00
9.274823e+00
9.281684e+00
9.288545e+00
9.295406e+00
9.302268e+00
9.309129e+00
9.315990e+00
9.322851e+00
9.329713e+00
9.336574e+00
9.343435e+00
9.350296e+00
9.357157e+00
9.364019e+00
9.370880e+00
9.377741e+00
9.384602e+00
9.391464e+00
9.398325e+00
9.405186e+00
9.412048e+00
9.418909e+00
9.425770e+00
9.432631e+00
9.439493e+00
9.446354e+00
9.453215e+00
9.460076e+00
9.466938e+00
9.473799e+00
9.480660e+00
9.487521e+00
9.494383e+00
9.501244e+00
9.508105e+00
9.514966e+00
9.521827e+00
9.528689e+00
9.535550e+00
9.542411e+00
9.549272e+00
9.556134e+00
9.562995e+00
9.569856e+00
9.576718e+00
9.583579e+00
9.590440e+00
9.597301e+00
9.604163e+00
9.611024e+00
9.617885e+00
9.624746e+00
9.631608e+00
9.638469e+00
9.645330e+00
9.652191e+00
9.659052e+00
9.665914e+00
9.672775e+00
9.679636e+00
9.686497e+00
9.693359e+00
9.700220e+00
9.707081e+00
9.713942e+00
9.720804e+00
9.727665e+00
9.734526e+00
9.741388e+00
9.748249e+00
9.755110e+00
9.761971e+00
9.768833e+00
9.775694e+00
9.782555e+00
9.789416e+00
9.796278e+00
9.803139e+00
9.810000e+00
9.817148e+00
9.824296e+00
9.831444e+00
9.838591e+00
9.845740e+00
9.852887e+00
9.860035e+00
9.867183e+00
9.874331e+00
9.881479e+00
9.888627e+00
9.895775e+00
9.902923e+00
9.910071e+00
9.917219e+00
9.924366e+00
9.931514e+00
9.938662e+00
9.945810e+00
9.952958e+00
9.960106e+00
9.967254e+00
9.974402e+00
9.981550e+00
9.988697e+00
9.995846e+00
1.000299e+01
1.001014e+01
1.001729e+01
1.002444e+01
1.003158e+01
1.003873e+01
1.004588e+01
1.005303e+01
1.006018e+01
1.006732e+01
1.007447e+01
1.008162e+01
1.008877e+01
1.009592e+01
1.010306e+01
1.011021e+01
1.011736e+01
1.012451e+01
1.013166e+01
1.013880e+01
1.014595e+01
1.015310e+01
1.016025e+01
1.016740e+01
1.017454e+01
1.018169e+01
1.018884e+01
1.019599e+01
1.020313e+01
1.021028e+01
1.021743e+01
1.022458e+01
1.023173e+01
1.023887e+01
1.024602e+01
1.025317e+01
1.026032e+01
1.026747e+01
1.027461e+01
1.028176e+01
1.028891e+01
1.029606e+01
1.030321e+01
1.031035e+01
1.031750e+01
1.032465e+01
1.033180e+01
1.033895e+01
1.034609e+01
1.035324e+01
1.036039e+01
1.036754e+01
1.037468e+01
1.038183e+01
1.038898e+01
1.039613e+01
1.040328e+01
1.041042e+01
1.041757e+01
1.042472e+01
1.043187e+01
1.043902e+01
1.044616e+01
1.045331e+01
1.046046e+01
1.046761e+01
1.047476e+01
1.048190e+01
1.048905e+01
1.049620e+01
1.050335e+01
1.051049e+01
1.051764e+01
1.052479e+01
1.053194e+01
1.053909e+01
1.054623e+01
1.055338e+01
1.056053e+01
1.056768e+01
1.057483e+01
1.058197e+01
1.058912e+01
1.059627e+01
1.060342e+01
1.061057e+01
1.061771e+01
1.062486e+01
1.063201e+01
1.063916e+01
1.064630e+01
1.065345e+01
1.066060e+01
1.066775e+01
1.067490e+01
1.068204e+01
1.068919e+01
1.069634e+01
1.070349e+01
1.071064e+01
1.071778e+01
1.072493e+01
1.073208e+01
1.073923e+01
1.074638e+01
1.075352e+01
1.076067e+01
1.076782e+01
1.077497e+01
1.078211e+01
1.078926e+01
1.079641e+01
1.080356e+01
1.081071e+01
1.081785e+01
1.082500e+01
1.083215e+01
1.083930e+01
1.084645e+01
1.085359e+01
1.086074e+01
1.086789e+01
1.087504e+01
1.088219e+01
1.088933e+01
1.089648e+01
1.090363e+01
1.091078e+01
1.091792e+01
1.092507e+01
1.093222e+01
1.093937e+01
1.094652e+01
1.095366e+01
1.096081e+01
1.096796e+01
1.097511e+01
1.098226e+01
1.098940e+01
1.099655e+01
1.100370e+01
1.101085e+01
1.101800e+01
1.102514e+01
1.103229e+01
1.103944e+01
1.104659e+01
1.105374e+01
1.106088e+01
1.106803e+01
1.107518e+01
1.108233e+01
1.108947e+01
1.109662e+01
1.110377e+01
1.111092e+01
1.111807e+01
1.112521e+01
1.113236e+01
1.113951e+01
1.114666e+01
1.115381e+01
1.116095e+01
1.116810e+01
1.117525e+01
1.118240e+01
1.118955e+01
1.119669e+01
1.120384e+01
1.121099e+01
1.121814e+01
1.122528e+01
1.123243e+01
1.123958e+01
1.124673e+01
1.125388e+01
1.126102e+01
1.126817e+01
1.127532e+01
1.128247e+01
1.128962e+01
1.129676e+01
1.130391e+01
1.131106e+01
1.131821e+01
1.132536e+01
1.133250e+01
1.133965e+01
1.134680e+01
1.135395e+01
1.136109e+01
1.136824e+01
1.137539e+01
1.138254e+01
1.138969e+01
1.139683e+01
1.140398e+01
1.141113e+01
1.141828e+01
1.142543e+01
1.143257e+01
1.143972e+01
1.144687e+01
1.145402e+01
1.146117e+01
1.146831e+01
1.147546e+01
1.148261e+01
1.148976e+01
1.149691e+01
1.150405e+01
1.151120e+01
1.151835e+01
1.152550e+01
1.153264e+01
1.153979e+01
1.154694e+01
1.155409e+01
1.156124e+01
1.156838e+01
1.157553e+01
1.158268e+01
1.158983e+01
1.159698e+01
1.160412e+01
1.161127e+01
1.161842e+01
1.162557e+01
1.163272e+01
1.163986e+01
1.164701e+01
1.165416e+01
1.166131e+01
1.166845e+01
1.167560e+01
1.168275e+01
1.168990e+01
1.169705e+01
1.170419e+01
1.171134e+01
1.171849e+01
1.172564e+01
1.173279e+01
1.173993e+01
1.174708e+01
1.175423e+01
1.176138e+01
1.176853e+01
1.177567e+01
1.178282e+01
1.178997e+01
1.179712e+01
1.180426e+01
1.181141e+01
1.181856e+01
1.182571e+01
1.183286e+01
1.184000e+01
1.184715e+01
1.185430e+01
1.186145e+01
1.186860e+01
1.187574e+01
1.188289e+01
1.189004e+01
1.189719e+01
1.190434e+01
1.191148e+01
1.191863e+01
1.192578e+01
1.193293e+01
1.194008e+01
1.194722e+01
1.195437e+01
1.196152e+01
1.196867e+01
1.197605e+01
1.198344e+01
1.199083e+01
1.199822e+01
1.200560e+01
1.201299e+01
1.202038e+01
1.202777e+01
1.203515e+01
1.204254e+01
1.204993e+01
1.205732e+01
1.206470e+01
1.207209e+01
1.207948e+01
1.208687e+01
1.209425e+01
1.210164e+01
1.210903e+01
1.211642e+01
1.212380e+01
1.213119e+01
1.213858e+01
1.214597e+01
1.215335e+01
1.216074e+01
1.216813e+01
1.217552e+01
1.218290e+01
1.219029e+01
1.219768e+01
1.220507e+01
1.221245e+01
1.221984e+01
1.222723e+01
1.223462e+01
1.224200e+01
1.224939e+01
1.225678e+01
1.226417e+01
1.227155e+01
1.227894e+01
1.228633e+01
1.229372e+01
1.230110e+01
1.230849e+01
1.231588e+01
1.232327e+01
1.233065e+01
1.233804e+01
1.234543e+01
1.235282e+01
1.236020e+01
1.236759e+01
1.237498e+01
1.238237e+01
1.238975e+01
1.239714e+01
1.240453e+01
1.241192e+01
1.241930e+01
1.242669e+01
1.243408e+01
1.244147e+01
1.244885e+01
1.245624e+01
1.246363e+01
1.247102e+01
1.247840e+01
1.248579e+01
1.249318e+01
1.250057e+01
1.250795e+01
1.251534e+01
1.252273e+01
1.253012e+01
1.253750e+01
1.254489e+01
1.255228e+01
1.255967e+01
1.256705e+01
1.257444e+01
1.258183e+01
1.258922e+01
1.259660e+01
1.260399e+01
1.261138e+01
1.261877e+01
1.262615e+01
1.263354e+01
1.264093e+01
1.264832e+01
1.265570e+01
1.266309e+01
1.267048e+01
1.267787e+01
1.268525e+01
1.269264e+01
1.270003e+01
1.270742e+01
1.271480e+01
1.272219e+01
1.272958e+01
1.273697e+01
1.274436e+01
1.275174e+01
1.275913e+01
1.276652e+01
1.277390e+01
1.278129e+01
1.278868e+01
1.279607e+01
1.280345e+01
1.281084e+01
1.281823e+01
1.282562e+01
1.283301e+01
1.284039e+01
1.284778e+01
1.285517e+01
1.286256e+01
1.286994e+01
1.287733e+01
1.288472e+01
1.289210e+01
1.289949e+01
1.290688e+01
1.291427e+01
1.292165e+01
1.292904e+01
1.293643e+01
1.294382e+01
1.295121e+01
1.295859e+01
1.296598e+01
1.297337e+01
1.298076e+01
1.298814e+01
1.299553e+01
1.300292e+01
1.301031e+01
1.301769e+01
1.302508e+01
1.303247e+01
1.303986e+01
1.304724e+01
1.305463e+01
1.306202e+01
1.306941e+01
1.307679e+01
1.308418e+01
1.309157e+01
1.309896e+01
1.310634e+01
1.311373e+01
1.312112e+01
1.312851e+01
1.313589e+01
1.314328e+01
1.315067e+01
1.315806e+01
1.316544e+01
1.317283e+01
1.318022e+01
1.318761e+01
1.319499e+01
1.320238e+01
1.320977e+01
1.321716e+01
1.322454e+01
1.323193e+01
1.323932e+01
1.324671e+01
1.325409e+01
1.326148e+01
1.326887e+01
1.327626e+01
1.328364e+01
1.329103e+01
1.329842e+01
1.330581e+01
1.331319e+01
1.332058e+01
1.332797e+01
1.333536e+01
1.334274e+01
1.335013e+01
1.335752e+01
1.336491e+01
1.337229e+01
1.337968e+01
1.338707e+01
1.339446e+01
1.340184e+01
1.340923e+01
1.341662e+01
1.342401e+01
1.343139e+01
1.343878e+01
1.344617e+01
1.345356e+01
1.346100e+01
1.346844e+01
1.347589e+01
1.348333e+01
1.349077e+01
1.349822e+01
1.350566e+01
1.351311e+01
1.352055e+01
1.352799e+01
1.353544e+01
1.354288e+01
1.355033e+01
1.355777e+01
1.356521e+01
1.357266e+01
1.358010e+01
1.358755e+01
1.359499e+01
1.360243e+01
1.360988e+01
1.361732e+01
1.362477e+01
1.363221e+01
1.363965e+01
1.364710e+01
1.365454e+01
1.366198e+01
1.366943e+01
1.367687e+01
1.368432e+01
1.369176e+01
1.369920e+01
1.370665e+01
1.371409e+01
1.372154e+01
1.372898e+01
1.373642e+01
1.374387e+01
1.375131e+01
1.375876e+01
1.376620e+01
1.377364e+01
1.378109e+01
1.378853e+01
1.379597e+01
1.380342e+01
1.381086e+01
1.381831e+01
1.382575e+01
1.383319e+01
1.384064e+01
1.384808e+01
1.385553e+01
1.386297e+01
1.387041e+01
1.387786e+01
1.388530e+01
1.389275e+01
1.390019e+01
1.390763e+01
1.391508e+01
1.392252e+01
1.392996e+01
1.393741e+01
1.394485e+01
1.395230e+01
1.395974e+01
1.396718e+01
1.397463e+01
1.398207e+01
1.398952e+01
1.399696e+01
1.400440e+01
1.401185e+01
1.401929e+01
1.402674e+01
1.403418e+01
1.404162e+01
1.404907e+01
1.405651e+01
1.406395e+01
1.407140e+01
1.407884e+01
1.408629e+01
1.409373e+01
1.410117e+01
1.410862e+01
1.411606e+01
1.412351e+01
1.413095e+01
1.413839e+01
1.414584e+01
1.415328e+01
1.416073e+01
1.416817e+01
1.417561e+01
1.418306e+01
1.419050e+01
1.419794e+01
1.420539e+01
1.421283e+01
1.422028e+01
1.422772e+01
1.423516e+01
1.424261e+01
1.425005e+01
1.425750e+01
1.426494e+01
1.427238e+01
1.427983e+01
1.428727e+01
1.429472e+01
1.430216e+01
1.430960e+01
1.431705e+01
1.432449e+01
1.433193e+01
1.433938e+01
1.434682e+01
1.435427e+01
1.436171e+01
1.436915e+01
1.437660e+01
1.438404e+01
1.439149e+01
1.439893e+01
1.440637e+01
1.441382e+01
1.442126e+01
1.442871e+01
1.443615e+01
1.444359e+01
1.445104e+01
1.445848e+01
1.446592e+01
1.447337e+01
1.448081e+01
1.448826e+01
1.449570e+01
1.450314e+01
1.451059e+01
1.451803e+01
1.452548e+01
1.453292e+01
1.454036e+01
1.454781e+01
1.455525e+01
1.456270e+01
1.457014e+01
1.457758e+01
1.458503e+01
1.459247e+01
1.459991e+01
1.460736e+01
1.461480e+01
1.462225e+01
1.462969e+01
1.463713e+01
1.464458e+01
1.465202e+01
1.465947e+01
1.466691e+01
1.467435e+01
1.468180e+01
1.468924e+01
1.469669e+01
1.470413e+01
1.471157e+01
1.471902e+01
1.472646e+01
1.473390e+01
1.474135e+01
1.474879e+01
1.475624e+01
1.476368e+01
1.477112e+01
1.477857e+01
1.478601e+01
1.479346e+01
1.480090e+01
1.480834e+01
1.481579e+01
1.482323e+01
1.483068e+01
1.483812e+01
1.484556e+01
1.485301e+01
1.486045e+01
1.486790e+01
1.487534e+01
1.488278e+01
1.489023e+01
1.489767e+01
1.490511e+01
1.491256e+01
1.492000e+01
1.492745e+01
1.493489e+01
1.494233e+01
1.494978e+01
1.495739e+01
1.496500e+01
1.497261e+01
1.498022e+01
1.498783e+01
1.499544e+01
1.500305e+01
1.501066e+01
1.501827e+01
1.502589e+01
1.503350e+01
1.504111e+01
1.504872e+01
1.505633e+01
1.506394e+01
1.507155e+01
1.507916e+01
1.508677e+01
1.509438e+01
1.510199e+01
1.510960e+01
1.511721e+01
1.512482e+01
1.513244e+01
1.514005e+01
1.514766e+01
1.515527e+01
1.516288e+01
1.517049e+01
1.517810e+01
1.518571e+01
1.519332e+01
1.520093e+01
1.520854e+01
1.521615e+01
1.522376e+01
1.523138e+01
1.523899e+01
1.524660e+01
1.525421e+01
1.526182e+01
1.526943e+01
1.527704e+01
1.528465e+01
1.529226e+01
1.529987e+01
1.530748e+01
1.531509e+01
1.532270e+01
1.533032e+01
1.533793e+01
1.534554e+01
1.535315e+01
1.536076e+01
1.536837e+01
1.537598e+01
1.538359e+01
1.539120e+01
1.539881e+01
1.540642e+01
1.541403e+01
1.542164e+01
1.542925e+01
1.543687e+01
1.544448e+01
1.545209e+01
1.545970e+01
1.546731e+01
1.547492e+01
1.548253e+01
1.549014e+01
1.549775e+01
1.550536e+01
1.551297e+01
1.552058e+01
1.552819e+01
1.553580e+01
1.554342e+01
1.555103e+01
1.555864e+01
1.556625e+01
1.557386e+01
1.558147e+01
1.558908e+01
1.559669e+01
1.560430e+01
1.561191e+01
1.561952e+01
1.562713e+01
1.563474e+01
1.564236e+01
1.564997e+01
1.565758e+01
1.566519e+01
1.567280e+01
1.568041e+01
1.568802e+01
1.569563e+01
1.570324e+01
1.571085e+01
1.571846e+01
1.572607e+01
1.573368e+01
1.574130e+01
1.574891e+01
1.575652e+01
1.576413e+01
1.577174e+01
1.577935e+01
1.578696e+01
1.579457e+01
1.580218e+01
1.580979e+01
1.581740e+01
1.582501e+01
1.583262e+01
1.584023e+01
1.584785e+01
1.585546e+01
1.586307e+01
1.587068e+01
1.587829e+01
1.588590e+01
1.589351e+01
1.590112e+01
1.590873e+01
1.591634e+01
1.592395e+01
1.593156e+01
1.593917e+01
1.594679e+01
1.595440e+01
1.596201e+01
1.596962e+01
1.597723e+01
1.598484e+01
1.599245e+01
1.600006e+01
1.600767e+01
1.601528e+01
1.602289e+01
1.603050e+01
1.603811e+01
1.604572e+01
1.605334e+01
1.606095e+01
1.606856e+01
1.607617e+01
1.608378e+01
1.609139e+01
1.609900e+01
1.610661e+01
1.611422e+01
1.612183e+01
1.612944e+01
1.613705e+01
1.614466e+01
1.615228e+01
1.615989e+01
1.616750e+01
1.617511e+01
1.618272e+01
1.619033e+01
1.619794e+01
1.620555e+01
1.621316e+01
1.622077e+01
1.622838e+01
1.623599e+01
1.624360e+01
1.625121e+01
1.625883e+01
1.626644e+01
1.627405e+01
1.628166e+01
1.628927e+01
1.629688e+01
1.630449e+01
1.631210e+01
1.631971e+01
1.632732e+01
1.633493e+01
1.634254e+01
1.635015e+01
1.635777e+01
1.636538e+01
1.637299e+01
1.638060e+01
1.638821e+01
1.639582e+01
1.640343e+01
1.641104e+01
1.641865e+01
1.642626e+01
1.643387e+01
1.644148e+01
1.644909e+01
1.645670e+01
1.646432e+01
1.647193e+01
1.647954e+01
1.648715e+01
1.649476e+01
1.650237e+01
1.650998e+01
1.651759e+01
1.652520e+01
1.653281e+01
1.654042e+01
1.654803e+01
1.655564e+01
1.656326e+01
1.657087e+01
1.657848e+01
1.658609e+01
1.659370e+01
1.660131e+01
1.660892e+01
1.661653e+01
1.662414e+01
1.663175e+01
1.663936e+01
1.664697e+01
1.665458e+01
1.666220e+01
1.666981e+01
1.667742e+01
1.668503e+01
1.669264e+01
1.670025e+01
1.670786e+01
1.671547e+01
1.672308e+01
1.673069e+01
1.673830e+01
1.674591e+01
1.675352e+01
1.676113e+01
1.676875e+01
1.677636e+01
1.678397e+01
1.679158e+01
1.679919e+01
1.680680e+01
1.681441e+01
1.682202e+01
1.682963e+01
1.683724e+01
1.684485e+01
1.685246e+01
1.686007e+01
1.686769e+01
1.687530e+01
1.688291e+01
1.689052e+01
1.689813e+01
1.690574e+01
1.691335e+01
1.692096e+01
1.692857e+01
1.693618e+01
1.694379e+01
1.695140e+01
1.695901e+01
1.696662e+01
1.697424e+01
1.698185e+01
1.698946e+01
1.699707e+01
1.700468e+01
1.701229e+01
1.701990e+01
1.702751e+01
1.703512e+01
1.704273e+01
1.705034e+01
1.705795e+01
1.706556e+01
1.707318e+01
1.708079e+01
1.708840e+01
1.709601e+01
1.710362e+01
1.711123e+01
1.711884e+01
1.712645e+01
1.713406e+01
1.714167e+01
1.714928e+01
1.715689e+01
1.716450e+01
1.717211e+01
1.717973e+01
1.718734e+01
1.719495e+01
1.720256e+01
1.721017e+01
1.721778e+01
1.722539e+01
1.723300e+01
1.724061e+01
1.724822e+01
1.725539e+01
1.726255e+01
1.726971e+01
1.727687e+01
1.728404e+01
1.729120e+01
1.729836e+01
1.730553e+01
1.731269e+01
1.731985e+01
1.732701e+01
1.733418e+01
1.734134e+01
1.734850e+01
1.735567e+01
1.736283e+01
1.736999e+01
1.737715e+01
1.738432e+01
1.739148e+01
1.739864e+01
1.740581e+01
1.741297e+01
1.742013e+01
1.742729e+01
1.743446e+01
1.744162e+01
1.744878e+01
1.745595e+01
1.746311e+01
1.747027e+01
1.747744e+01
1.748460e+01
1.749176e+01
1.749892e+01
1.750609e+01
1.751325e+01
1.752041e+01
1.752758e+01
1.753474e+01
1.754190e+01
1.754906e+01
1.755623e+01
1.756339e+01
1.757055e+01
1.757772e+01
1.758488e+01
1.759204e+01
1.759920e+01
1.760637e+01
1.761353e+01
1.762069e+01
1.762786e+01
1.763502e+01
1.764218e+01
1.764934e+01
1.765651e+01
1.766367e+01
1.767083e+01
1.767800e+01
1.768516e+01
1.769232e+01
1.769949e+01
1.770665e+01
1.771381e+01
1.772097e+01
1.772814e+01
1.773530e+01
1.774246e+01
1.774963e+01
1.775679e+01
1.776395e+01
1.777111e+01
1.777828e+01
1.778544e+01
1.779260e+01
1.779977e+01
1.780693e+01
1.781409e+01
1.782125e+01
1.782842e+01
1.783558e+01
1.784274e+01
1.784991e+01
1.785707e+01
1.786423e+01
1.787139e+01
1.787856e+01
1.788572e+01
1.789288e+01
1.790005e+01
1.790721e+01
1.791437e+01
1.792154e+01
1.792870e+01
1.793586e+01
1.794302e+01
1.795019e+01
1.795735e+01
1.796451e+01
1.797168e+01
1.797884e+01
1.798600e+01
1.799316e+01
1.800033e+01
1.800749e+01
1.801465e+01
1.802182e+01
1.802898e+01
1.803614e+01
1.804330e+01
1.805047e+01
1.805763e+01
1.806479e+01
1.807196e+01
1.807912e+01
1.808628e+01
1.809344e+01
1.810061e+01
1.810777e+01
1.811493e+01
1.812210e+01
1.812926e+01
1.813642e+01
1.814359e+01
1.815075e+01
1.815791e+01
1.816507e+01
1.817224e+01
1.817940e+01
1.818656e+01
1.819373e+01
1.820089e+01
1.820805e+01
1.821521e+01
1.822238e+01
1.822954e+01
1.823670e+01
1.824387e+01
1.825103e+01
1.825819e+01
1.826535e+01
1.827252e+01
1.827968e+01
1.828684e+01
1.829401e+01
1.830117e+01
1.830833e+01
1.831549e+01
1.832266e+01
1.832982e+01
1.833698e+01
1.834415e+01
1.835131e+01
1.835847e+01
1.836564e+01
1.837280e+01
1.837996e+01
1.838712e+01
1.839429e+01
1.840145e+01
1.840861e+01
1.841578e+01
1.842294e+01
1.843010e+01
1.843726e+01
1.844443e+01
1.845159e+01
1.845875e+01
1.846592e+01
1.847308e+01
1.848024e+01
1.848740e+01
1.849457e+01
1.850173e+01
1.850889e+01
1.851606e+01
1.852322e+01
1.853038e+01
1.853754e+01
1.854471e+01
1.855187e+01
1.855903e+01
1.856620e+01
1.857336e+01
1.858052e+01
1.858769e+01
1.859485e+01
1.860201e+01
1.860917e+01
1.861634e+01
1.862350e+01
1.863066e+01
1.863783e+01
1.864499e+01
1.865215e+01
1.865931e+01
1.866648e+01
1.867364e+01
1.868080e+01
1.868797e+01
1.869513e+01
1.870229e+01
1.870945e+01
1.871662e+01
1.872378e+01
1.873094e+01
1.873811e+01
1.874527e+01
1.875243e+01
1.875959e+01
1.876676e+01
1.877392e+01
1.878108e+01
1.878825e+01
1.879541e+01
1.880257e+01
1.880974e+01
1.881690e+01
1.882406e+01
1.883122e+01
1.883839e+01
1.884555e+01
1.885271e+01
1.885988e+01
1.886704e+01
1.887420e+01
1.888136e+01
1.888853e+01
1.889569e+01
1.890285e+01
1.891002e+01
1.891718e+01
1.892434e+01
1.893150e+01
1.893867e+01
1.894583e+01
1.895299e+01
1.896016e+01
1.896732e+01
1.897448e+01
1.898165e+01
1.898881e+01
1.899597e+01
1.900313e+01
1.901030e+01
1.901746e+01
1.902462e+01
1.903179e+01
1.903895e+01
1.904611e+01
1.905327e+01
1.906044e+01
1.906760e+01
1.907476e+01
1.908193e+01
1.908909e+01
1.909625e+01
1.910341e+01
1.911058e+01
1.911774e+01
1.912490e+01
1.913207e+01
1.913923e+01
1.914639e+01
1.915355e+01
1.916072e+01
1.916788e+01
1.917504e+01
1.918221e+01
1.918937e+01
1.919653e+01
1.920370e+01
1.921086e+01
1.921802e+01
1.922518e+01
1.923235e+01
1.923951e+01
1.924667e+01
1.925384e+01
1.926100e+01
1.926816e+01
1.927532e+01
1.928249e+01
1.928965e+01
1.929681e+01
1.930398e+01
1.931114e+01
1.931830e+01
1.932546e+01
1.933263e+01
1.933979e+01
1.934695e+01
1.935412e+01
1.936128e+01
1.936844e+01
1.937560e+01
1.938277e+01
1.938993e+01
1.939709e+01
1.940426e+01
1.941142e+01
1.941858e+01
1.942574e+01
1.943291e+01
1.944007e+01
1.944723e+01
1.945440e+01
1.946156e+01
1.946872e+01
1.947589e+01
1.948305e+01
1.949021e+01
1.949737e+01
1.950454e+01
1.951170e+01
1.951886e+01
1.952603e+01
1.953319e+01
1.954035e+01
1.954751e+01
1.955468e+01
1.956184e+01
1.956900e+01
1.957617e+01
1.958333e+01
1.959049e+01
1.959765e+01
1.960482e+01
1.961198e+01
1.961914e+01
1.962631e+01
1.963347e+01
1.964063e+01
1.964779e+01
1.965496e+01
1.966212e+01
1.966928e+01
1.967645e+01
1.968361e+01
1.969077e+01
1.969794e+01
1.970510e+01
1.971226e+01
1.971942e+01
1.972659e+01
1.973375e+01
1.974091e+01
1.974808e+01
1.975524e+01
1.976240e+01
1.976956e+01
1.977673e+01
1.978389e+01
1.979105e+01
1.979822e+01
1.980538e+01
1.981254e+01
1.981970e+01
1.982687e+01
1.983403e+01
1.984119e+01
1.984836e+01
1.985552e+01
1.986268e+01
1.986985e+01
1.987701e+01
1.988417e+01
1.989133e+01
1.989850e+01
1.990566e+01
1.991282e+01
1.991999e+01
1.992715e+01
1.993431e+01
1.994147e+01
1.994864e+01
1.995580e+01
1.996296e+01
1.997013e+01
1.997729e+01
1.998445e+01
1.999161e+01
1.999878e+01
2.000594e+01
2.001310e+01
2.002027e+01
2.002743e+01
2.003459e+01
2.004175e+01
2.004892e+01
2.005608e+01
2.006324e+01
2.007041e+01
2.007757e+01
2.008473e+01
2.009190e+01
2.009906e+01
2.010622e+01
2.011338e+01
2.012055e+01
2.012771e+01
2.013487e+01
2.014204e+01
2.014920e+01
2.015636e+01
2.016352e+01
2.017069e+01
2.017785e+01
2.018501e+01
2.019218e+01
2.019934e+01
2.020650e+01
2.021366e+01
2.022083e+01
2.022799e+01
2.023515e+01
2.024232e+01
2.024948e+01
2.025664e+01
2.026380e+01
2.027097e+01
2.027813e+01
2.028529e+01
2.029246e+01
2.029962e+01
2.030678e+01
2.031395e+01
2.032111e+01
2.032827e+01
2.033543e+01
2.034260e+01
2.034976e+01
2.035692e+01
2.036409e+01
2.037125e+01
2.037841e+01
2.038557e+01
2.039274e+01
2.039990e+01
2.040706e+01
2.041423e+01
2.042139e+01
2.042855e+01
2.043571e+01
2.044288e+01
2.045004e+01
2.045720e+01
2.046437e+01
2.047153e+01
2.047869e+01
2.048585e+01
2.049302e+01
2.050018e+01
2.050734e+01
2.051451e+01
2.052167e+01
2.052883e+01
2.053600e+01
2.054316e+01
2.055032e+01
2.055748e+01
2.056465e+01
2.057181e+01
2.057897e+01
2.058614e+01
2.059330e+01
2.060046e+01
2.060762e+01
2.061479e+01
2.062195e+01
2.062911e+01
2.063628e+01
2.064344e+01
2.065060e+01
2.065776e+01
2.066493e+01
2.067209e+01
2.067925e+01
2.068642e+01
2.069358e+01
2.070074e+01
2.070790e+01
2.071507e+01
2.072223e+01
2.072939e+01
2.073656e+01
2.074372e+01
2.075088e+01
2.075805e+01
2.076521e+01
2.077237e+01
2.077953e+01
2.078670e+01
2.079386e+01
2.080102e+01
2.080819e+01
2.081535e+01
2.082251e+01
2.082967e+01
2.083684e+01
2.084400e+01
2.084917e+01
2.085434e+01
2.085951e+01
2.086468e+01
2.086985e+01
2.087502e+01
2.088020e+01
2.088537e+01
2.089054e+01
2.089571e+01
2.090088e+01
2.090605e+01
2.091122e+01
2.091639e+01
2.092156e+01
2.092673e+01
2.093190e+01
2.093707e+01
2.094224e+01
2.094742e+01
2.095259e+01
2.095776e+01
2.096293e+01
2.096810e+01
2.097327e+01
2.097844e+01
2.098361e+01
2.098878e+01
2.099395e+01
2.099912e+01
2.100429e+01
2.100946e+01
2.101463e+01
2.101981e+01
2.102498e+01
2.103015e+01
2.103532e+01
2.104049e+01
2.104566e+01
2.105083e+01
2.105600e+01
2.106117e+01
2.106634e+01
2.107151e+01
2.107668e+01
2.108185e+01
2.108703e+01
2.109220e+01
2.109737e+01
2.110254e+01
2.110771e+01
2.111288e+01
2.111805e+01
2.112322e+01
2.112839e+01
2.113356e+01
2.113873e+01
2.114390e+01
2.114907e+01
2.115425e+01
2.115942e+01
2.116459e+01
2.116976e+01
2.117493e+01
2.118010e+01
2.118527e+01
2.119044e+01
2.119561e+01
2.120078e+01
2.120595e+01
2.121112e+01
2.121629e+01
2.122146e+01
2.122664e+01
2.123181e+01
2.123698e+01
2.124215e+01
2.124732e+01
2.125249e+01
2.125766e+01
2.126283e+01
2.126800e+01
2.127317e+01
2.127834e+01
2.128351e+01
2.128868e+01
2.129386e+01
2.129903e+01
2.130420e+01
2.130937e+01
2.131454e+01
2.131971e+01
2.132488e+01
2.133005e+01
2.133522e+01
2.134039e+01
2.134556e+01
2.135073e+01
2.135590e+01
2.136108e+01
2.136625e+01
2.137142e+01
2.137659e+01
2.138176e+01
2.138693e+01
2.139210e+01
2.139727e+01
2.140244e+01
2.140761e+01
2.141278e+01
2.141795e+01
2.142312e+01
2.142830e+01
2.143347e+01
2.143864e+01
2.144381e+01
2.144898e+01
2.145415e+01
2.145932e+01
2.146449e+01
2.146966e+01
2.147483e+01
2.148000e+01
2.148517e+01
2.149034e+01
2.149551e+01
2.150069e+01
2.150586e+01
2.151103e+01
2.151620e+01
2.152137e+01
2.152654e+01
2.153171e+01
2.153688e+01
2.154205e+01
2.154722e+01
2.155239e+01
2.155756e+01
2.156273e+01
2.156791e+01
2.157308e+01
2.157825e+01
2.158342e+01
2.158859e+01
2.159376e+01
2.159893e+01
2.160410e+01
2.160927e+01
2.161444e+01
2.161961e+01
2.162478e+01
2.162995e+01
2.163513e+01
2.164030e+01
2.164547e+01
2.165064e+01
2.165581e+01
2.166098e+01
2.166615e+01
2.167132e+01
2.167649e+01
2.168166e+01
2.168683e+01
2.169200e+01
2.169717e+01
2.170234e+01
2.170752e+01
2.171269e+01
2.171786e+01
2.172303e+01
2.172820e+01
2.173337e+01
2.173854e+01
2.174371e+01
2.174888e+01
2.175405e+01
2.175922e+01
2.176439e+01
2.176956e+01
2.177474e+01
2.177991e+01
2.178508e+01
2.179025e+01
2.179542e+01
2.180059e+01
2.180576e+01
2.181093e+01
2.181610e+01
2.182127e+01
2.182644e+01
2.183161e+01
2.183678e+01
2.184196e+01
2.184713e+01
2.185230e+01
2.185747e+01
2.186264e+01
2.186781e+01
2.187298e+01
2.187815e+01
2.188332e+01
2.188849e+01
2.189366e+01
2.189883e+01
2.190400e+01
2.190918e+01
2.191435e+01
2.191952e+01
2.192469e+01
2.192986e+01
2.193503e+01
2.194020e+01
2.194537e+01
2.195054e+01
2.195571e+01
2.196088e+01
2.196605e+01
2.197122e+01
2.197639e+01
2.198157e+01
2.198674e+01
2.199191e+01
2.199708e+01
2.200225e+01
2.200742e+01
2.201259e+01
2.201776e+01
2.202293e+01
2.202810e+01
2.203327e+01
2.203844e+01
2.204361e+01
2.204879e+01
2.205396e+01
2.205913e+01
2.206430e+01
2.206947e+01
2.207464e+01
2.207981e+01
2.208498e+01
2.209015e+01
2.209532e+01
2.210049e+01
2.210566e+01
2.211083e+01
2.211601e+01
2.212118e+01
2.212635e+01
2.213152e+01
2.213669e+01
2.214186e+01
2.214703e+01
2.215220e+01
2.215737e+01
2.216254e+01
2.216771e+01
2.217288e+01
2.217805e+01
2.218323e+01
2.218840e+01
2.219357e+01
2.219874e+01
2.220391e+01
2.220908e+01
2.221425e+01
2.221942e+01
2.222459e+01
2.222976e+01
2.223493e+01
2.224010e+01
2.224527e+01
2.225044e+01
2.225562e+01
2.226079e+01
2.226596e+01
2.227113e+01
2.227630e+01
2.228147e+01
2.228664e+01
2.229181e+01
2.229698e+01
2.230215e+01
2.230732e+01
2.231249e+01
2.231766e+01
2.232284e+01
2.232801e+01
2.233318e+01
2.233835e+01
2.234352e+01
2.234869e+01
2.235386e+01
2.235903e+01
2.236420e+01
2.236937e+01
2.237454e+01
2.237971e+01
2.238488e+01
2.239006e+01
2.239523e+01
2.240040e+01
2.240557e+01
2.241074e+01
2.241591e+01
2.242108e+01
2.242625e+01
2.243142e+01
2.243659e+01
2.244176e+01
2.244693e+01
2.245210e+01
2.245727e+01
2.246245e+01
2.246762e+01
2.247279e+01
2.247796e+01
2.248313e+01
2.248830e+01
2.249347e+01
2.249864e+01
2.250381e+01
2.250898e+01
2.251415e+01
2.251932e+01
2.252449e+01
2.252967e+01
2.253484e+01
2.254001e+01
2.254518e+01
2.255035e+01
2.255552e+01
2.256069e+01
2.256586e+01
2.257103e+01
2.257620e+01
2.258137e+01
2.258654e+01
2.259171e+01
2.259689e+01
2.260206e+01
2.260723e+01
2.261240e+01
2.261757e+01
2.262274e+01
2.262791e+01
2.263308e+01
2.263825e+01
2.264342e+01
2.264859e+01
2.265376e+01
2.265893e+01
2.266411e+01
2.266928e+01
2.267445e+01
2.267962e+01
2.268479e+01
2.268996e+01
2.269513e+01
2.270030e+01
2.270547e+01
2.271064e+01
2.271581e+01
2.272098e+01
2.272615e+01
2.273132e+01
2.273650e+01
2.274167e+01
2.274684e+01
2.275201e+01
2.275718e+01
2.276235e+01
2.276752e+01
2.277269e+01
2.277786e+01
2.278303e+01
2.278820e+01
2.279337e+01
2.279854e+01
2.280372e+01
2.280889e+01
2.281406e+01
2.281923e+01
2.282440e+01
2.282957e+01
2.283474e+01
2.283991e+01
2.284508e+01
2.285025e+01
2.285542e+01
2.286059e+01
2.286576e+01
2.287094e+01
2.287611e+01
2.288128e+01
2.288645e+01
2.289162e+01
2.289679e+01
2.290196e+01
2.290713e+01
2.291230e+01
2.291747e+01
2.292264e+01
2.292781e+01
2.293298e+01
2.293815e+01
2.294333e+01
2.294850e+01
2.295367e+01
2.295884e+01
2.296401e+01
2.296918e+01
2.297435e+01
2.297952e+01
2.298469e+01
2.298986e+01
2.299503e+01
2.300020e+01
2.300538e+01
2.301055e+01
2.301572e+01
2.302089e+01
2.302606e+01
2.303123e+01
2.303640e+01
2.304157e+01
2.304674e+01
2.305191e+01
2.305708e+01
2.306225e+01
2.306742e+01
2.307259e+01
2.307777e+01
2.308294e+01
2.308811e+01
2.309328e+01
2.309845e+01
2.310362e+01
2.310879e+01
2.311396e+01
2.311913e+01
2.312430e+01
2.312947e+01
2.313464e+01
2.313981e+01
2.314499e+01
2.315016e+01
2.315533e+01
2.316050e+01
2.316567e+01
2.317084e+01
2.317601e+01
2.318118e+01
2.318635e+01
2.319152e+01
2.319669e+01
2.320186e+01
2.320703e+01
2.321221e+01
2.321738e+01
2.322255e+01
2.322772e+01
2.323289e+01
2.323806e+01
2.324323e+01
2.324840e+01
2.325357e+01
2.325874e+01
2.326391e+01
2.326908e+01
2.327425e+01
2.327942e+01
2.328460e+01
2.328977e+01
2.329494e+01
2.330011e+01
2.330528e+01
2.331045e+01
2.331562e+01
2.332079e+01
2.332596e+01
2.333113e+01
2.333630e+01
2.334147e+01
2.334664e+01
2.335182e+01
2.335699e+01
2.336216e+01
2.336733e+01
2.337250e+01
2.337767e+01
2.338284e+01
2.338801e+01
2.339318e+01
2.339835e+01
2.340352e+01
2.340869e+01
2.341386e+01
2.341904e+01
2.342421e+01
2.342938e+01
2.343455e+01
2.343972e+01
2.344489e+01
2.345088e+01
2.345687e+01
2.346286e+01
2.346885e+01
2.347484e+01
2.348083e+01
2.348681e+01
2.349280e+01
2.349879e+01
2.350478e+01
2.351077e+01
2.351676e+01
2.352275e+01
2.352874e+01
2.353473e+01
2.354072e+01
2.354671e+01
2.355270e+01
2.355869e+01
2.356468e+01
2.357067e+01
2.357666e+01
2.358265e+01
2.358863e+01
2.359462e+01
2.360061e+01
2.360660e+01
2.361259e+01
2.361858e+01
2.362457e+01
2.363056e+01
2.363655e+01
2.364254e+01
2.364853e+01
2.365452e+01
2.366051e+01
2.366650e+01
2.367249e+01
2.367848e+01
2.368446e+01
2.369045e+01
2.369644e+01
2.370243e+01
2.370842e+01
2.371441e+01
2.372040e+01
2.372639e+01
2.373238e+01
2.373837e+01
2.374436e+01
2.375035e+01
2.375634e+01
2.376233e+01
2.376832e+01
2.377431e+01
2.378030e+01
2.378628e+01
2.379227e+01
2.379826e+01
2.380425e+01
2.381024e+01
2.381623e+01
2.382222e+01
2.382821e+01
2.383420e+01
2.384019e+01
2.384618e+01
2.385217e+01
2.385816e+01
2.386415e+01
2.387014e+01
2.387613e+01
2.388211e+01
2.388810e+01
2.389409e+01
2.390008e+01
2.390607e+01
2.391206e+01
2.391805e+01
2.392404e+01
2.393003e+01
2.393602e+01
2.394201e+01
2.394800e+01
2.395399e+01
2.395998e+01
2.396597e+01
2.397196e+01
2.397795e+01
2.398393e+01
2.398992e+01
2.399591e+01
2.400190e+01
2.400789e+01
2.401388e+01
2.401987e+01
2.402586e+01
2.403185e+01
2.403784e+01
2.404383e+01
2.404982e+01
2.405581e+01
2.406180e+01
2.406779e+01
2.407378e+01
2.407976e+01
2.408575e+01
2.409174e+01
2.409773e+01
2.410372e+01
2.410971e+01
2.411570e+01
2.412169e+01
2.412768e+01
2.413367e+01
2.413966e+01
2.414565e+01
2.415164e+01
2.415763e+01
2.416362e+01
2.416961e+01
2.417560e+01
2.418158e+01
2.418757e+01
2.419356e+01
2.419955e+01
2.420554e+01
2.421153e+01
2.421752e+01
2.422351e+01
2.422950e+01
2.423549e+01
2.424148e+01
2.424747e+01
2.425346e+01
2.425945e+01
2.426544e+01
2.427143e+01
2.427742e+01
2.428340e+01
2.428939e+01
2.429538e+01
2.430137e+01
2.430736e+01
2.431335e+01
2.431934e+01
2.432533e+01
2.433132e+01
2.433731e+01
2.434330e+01
2.434929e+01
2.435528e+01
2.436127e+01
2.436726e+01
2.437325e+01
2.437923e+01
2.438522e+01
2.439121e+01
2.439720e+01
2.440319e+01
2.440918e+01
2.441517e+01
2.442116e+01
2.442715e+01
2.443314e+01
2.443913e+01
2.444512e+01
2.445111e+01
2.445710e+01
2.446309e+01
2.446908e+01
2.447507e+01
2.448105e+01
2.448704e+01
2.449303e+01
2.449902e+01
2.450501e+01
2.451100e+01
2.451699e+01
2.452298e+01
2.452897e+01
2.453496e+01
2.454095e+01
2.454694e+01
2.455293e+01
2.455892e+01
2.456491e+01
2.457090e+01
2.457688e+01
2.458287e+01
2.458886e+01
2.459485e+01
2.460084e+01
2.460683e+01
2.461282e+01
2.461881e+01
2.462480e+01
2.463079e+01
2.463678e+01
2.464277e+01
2.464876e+01
2.465475e+01
2.466074e+01
2.466673e+01
2.467272e+01
2.467870e+01
2.468469e+01
2.469068e+01
2.469667e+01
2.470266e+01
2.470865e+01
2.471464e+01
2.472063e+01
2.472662e+01
2.473261e+01
2.473860e+01
2.474459e+01
2.475058e+01
2.475657e+01
2.476256e+01
2.476855e+01
2.477454e+01
2.478052e+01
2.478651e+01
2.479250e+01
2.479849e+01
2.480448e+01
2.481047e+01
2.481646e+01
2.482245e+01
2.482844e+01
2.483443e+01
2.484042e+01
2.484641e+01
2.485240e+01
2.485839e+01
2.486438e+01
2.487037e+01
2.487635e+01
2.488234e+01
2.488833e+01
2.489432e+01
2.490031e+01
2.490630e+01
2.491229e+01
2.491828e+01
2.492427e+01
2.493026e+01
2.493625e+01
2.494224e+01
2.494823e+01
2.495422e+01
2.496021e+01
2.496620e+01
2.497219e+01
2.497817e+01
2.498416e+01
2.499015e+01
2.499614e+01
2.500213e+01
2.500812e+01
2.501411e+01
2.502010e+01
2.502609e+01
2.503208e+01
2.503807e+01
2.504406e+01
2.505005e+01
2.505604e+01
2.506203e+01
2.506802e+01
2.507400e+01
2.507999e+01
2.508598e+01
2.509197e+01
2.509796e+01
2.510395e+01
2.510994e+01
2.511593e+01
2.512192e+01
2.512791e+01
2.513390e+01
2.513989e+01
2.514588e+01
2.515187e+01
2.515786e+01
2.516385e+01
2.516984e+01
2.517582e+01
2.518181e+01
2.518780e+01
2.519379e+01
2.519978e+01
2.520577e+01
2.521176e+01
2.521775e+01
2.522374e+01
2.522973e+01
2.523572e+01
2.524171e+01
2.524770e+01
2.525369e+01
2.525968e+01
2.526567e+01
2.527166e+01
2.527764e+01
2.528363e+01
2.528962e+01
2.529561e+01
2.530160e+01
2.530759e+01
2.531358e+01
2.531957e+01
2.532556e+01
2.533155e+01
2.533754e+01
2.534353e+01
2.534952e+01
2.535551e+01
2.536150e+01
2.536749e+01
2.537347e+01
2.537946e+01
2.538545e+01
2.539144e+01
2.539743e+01
2.540342e+01
2.540941e+01
2.541540e+01
2.542139e+01
2.542738e+01
2.543337e+01
2.543936e+01
2.544535e+01
2.545134e+01
2.545733e+01
2.546332e+01
2.546931e+01
2.547529e+01
2.548128e+01
2.548727e+01
2.549326e+01
2.549925e+01
2.550524e+01
2.551123e+01
2.551722e+01
2.552321e+01
2.552920e+01
2.553519e+01
2.554118e+01
2.554717e+01
2.555316e+01
2.555915e+01
2.556514e+01
2.557112e+01
2.557711e+01
2.558310e+01
2.558909e+01
2.559508e+01
2.560107e+01
2.560706e+01
2.561305e+01
2.561904e+01
2.562503e+01
2.563102e+01
2.563701e+01
2.564300e+01
2.564899e+01
2.565498e+01
2.566097e+01
2.566696e+01
2.567294e+01
2.567893e+01
2.568492e+01
2.569091e+01
2.569690e+01
2.570289e+01
2.570888e+01
2.571487e+01
2.572086e+01
2.572685e+01
2.573284e+01
2.573883e+01
2.574482e+01
2.575081e+01
2.575680e+01
2.576279e+01
2.576878e+01
2.577476e+01
2.578075e+01
2.578674e+01
2.579273e+01
2.579872e+01
2.580471e+01
2.581070e+01
2.581669e+01
2.582268e+01
2.582867e+01
2.583466e+01
2.584065e+01
2.584664e+01
2.585263e+01
2.585862e+01
2.586461e+01
2.587059e+01
2.587658e+01
2.588257e+01
2.588856e+01
2.589455e+01
2.590054e+01
2.590653e+01
2.591252e+01
2.591851e+01
2.592450e+01
2.593049e+01
2.593648e+01
2.594247e+01
2.594846e+01
2.595445e+01
2.596044e+01
2.596643e+01
2.597241e+01
2.597840e+01
2.598439e+01
2.599038e+01
2.599637e+01
2.600236e+01
2.600835e+01
2.601434e+01
2.602033e+01
2.602632e+01
2.603231e+01
2.603830e+01
2.604429e+01
2.605028e+01
2.605627e+01
2.606226e+01
2.606824e+01
2.607423e+01
2.608022e+01
2.608621e+01
2.609220e+01
2.609819e+01
2.610418e+01
2.611017e+01
2.611616e+01
2.612215e+01
2.612814e+01
2.613413e+01
2.614012e+01
2.614611e+01
2.615210e+01
2.615809e+01
2.616408e+01
2.617006e+01
2.617605e+01
2.618204e+01
2.618803e+01
2.619402e+01
2.620001e+01
2.620600e+01
2.621199e+01
2.621798e+01
2.622397e+01
2.622996e+01
2.623595e+01
2.624194e+01
2.624793e+01
2.625392e+01
2.625991e+01
2.626589e+01
2.627188e+01
2.627787e+01
2.628386e+01
2.628985e+01
2.629584e+01
2.630183e+01
2.630782e+01
2.631381e+01
2.631980e+01
2.632579e+01
