5.800000e-01
5.803333e-01
5.806667e-01
5.810000e-01
5.813333e-01
5.816667e-01
5.820000e-01
5.823333e-01
5.826667e-01
5.830000e-01
5.833333e-01
5.836667e-01
5.840000e-01
5.843333e-01
5.846667e-01
5.850000e-01
5.853333e-01
5.856667e-01
5.860000e-01
5.863333e-01
5.866667e-01
5.870000e-01
5.873333e-01
5.876667e-01
5.880000e-01
5.883333e-01
5.886667e-01
5.890000e-01
5.893333e-01
5.896667e-01
5.900000e-01
5.903250e-01
5.906500e-01
5.909750e-01
5.913000e-01
5.916250e-01
5.919500e-01
5.922750e-01
5.926000e-01
5.929250e-01
5.932500e-01
5.935750e-01
5.939000e-01
5.942250e-01
5.945500e-01
5.948750e-01
5.952000e-01
5.955250e-01
5.958500e-01
5.961750e-01
5.965000e-01
5.966750e-01
5.968500e-01
5.970250e-01
5.972000e-01
5.973750e-01
5.975500e-01
5.977250e-01
5.979000e-01
5.980750e-01
5.982500e-01
5.984250e-01
5.986000e-01
5.987750e-01
5.989500e-01
5.991250e-01
5.993000e-01
5.994750e-01
5.996500e-01
5.994500e-01
6.000000e-01
6.005500e-01
6.011000e-01
6.016500e-01
6.022000e-01
6.027500e-01
6.033000e-01
6.038500e-01
6.044000e-01
6.049500e-01
6.055000e-01
6.060500e-01
6.066000e-01
6.071500e-01
6.077000e-01
6.082500e-01
6.088000e-01
6.093500e-01
6.099000e-01
6.104500e-01
6.110000e-01
6.115500e-01
6.121000e-01
6.126500e-01
6.132000e-01
6.137500e-01
6.143000e-01
6.148500e-01
6.154000e-01
6.159500e-01
6.165000e-01
6.169000e-01
6.173000e-01
6.177000e-01
6.181000e-01
6.185000e-01
6.189000e-01
6.193000e-01
6.197000e-01
6.201000e-01
6.205000e-01
6.209000e-01
6.213000e-01
6.217000e-01
6.221000e-01
6.225000e-01
6.229000e-01
6.233000e-01
6.237000e-01
6.241000e-01
6.245000e-01
6.249000e-01
6.253000e-01
6.257000e-01
6.261000e-01
6.265000e-01
6.269000e-01
6.273000e-01
6.277000e-01
6.281000e-01
6.285000e-01
6.289000e-01
6.293000e-01
6.297000e-01
6.301000e-01
6.305000e-01
6.309000e-01
6.313000e-01
6.317000e-01
6.321000e-01
6.325000e-01
6.329000e-01
6.333000e-01
6.337000e-01
6.341000e-01
6.345000e-01
6.349000e-01
6.353000e-01
6.357000e-01
6.361000e-01
6.365000e-01
6.368300e-01
6.371600e-01
6.374900e-01
6.378200e-01
6.381500e-01
6.384800e-01
6.388100e-01
6.391400e-01
6.394700e-01
6.398000e-01
6.401300e-01
6.404600e-01
6.407900e-01
6.411200e-01
6.414500e-01
6.417800e-01
6.421100e-01
6.424400e-01
6.427700e-01
6.431000e-01
6.434300e-01
6.437600e-01
6.440900e-01
6.444200e-01
6.447500e-01
6.450800e-01
6.454100e-01
6.457400e-01
6.460700e-01
6.464000e-01
6.467300e-01
6.470600e-01
6.473900e-01
6.477200e-01
6.480500e-01
6.483800e-01
6.487100e-01
6.490400e-01
6.493700e-01
6.497000e-01
6.500300e-01
6.503600e-01
6.506900e-01
6.510200e-01
6.513500e-01
6.516800e-01
6.520100e-01
6.523400e-01
6.526700e-01
6.530000e-01
6.555350e-01
6.580700e-01
6.606050e-01
6.631400e-01
6.656750e-01
6.682100e-01
6.707450e-01
6.732800e-01
6.758150e-01
6.783500e-01
6.808850e-01
6.834200e-01
6.859550e-01
6.884900e-01
6.910250e-01
6.935600e-01
6.960950e-01
6.986300e-01
7.011650e-01
7.037000e-01
7.062350e-01
7.087700e-01
7.113050e-01
7.138400e-01
7.163750e-01
7.189100e-01
7.214450e-01
7.239800e-01
7.265150e-01
7.290500e-01
7.315850e-01
7.341200e-01
7.366550e-01
7.391900e-01
7.417250e-01
7.442600e-01
7.467950e-01
7.493300e-01
7.518650e-01
7.544000e-01
7.569350e-01
7.594700e-01
7.620050e-01
7.645400e-01
7.670750e-01
7.696100e-01
7.721450e-01
7.746800e-01
7.772150e-01
7.797500e-01
7.822850e-01
7.848200e-01
7.873550e-01
7.898900e-01
7.924250e-01
7.949600e-01
7.974950e-01
8.000300e-01
8.025650e-01
8.051000e-01
8.076350e-01
8.101700e-01
8.127050e-01
8.152400e-01
8.177750e-01
8.203100e-01
8.228450e-01
8.253800e-01
8.279150e-01
8.304500e-01
8.329850e-01
8.355200e-01
8.380550e-01
8.405900e-01
8.431250e-01
8.456600e-01
8.481950e-01
8.507300e-01
8.532650e-01
8.558000e-01
8.583350e-01
8.608700e-01
8.634050e-01
8.659400e-01
8.684750e-01
8.710100e-01
8.735450e-01
8.760800e-01
8.786150e-01
8.811500e-01
8.836850e-01
8.862200e-01
8.887550e-01
8.912900e-01
8.938250e-01
8.963600e-01
8.988950e-01
9.014300e-01
9.039650e-01
9.065000e-01
9.072000e-01
9.079000e-01
9.086000e-01
9.093000e-01
9.100000e-01
9.107000e-01
9.114000e-01
9.121000e-01
9.128000e-01
9.135000e-01
9.142000e-01
9.149000e-01
9.156000e-01
9.163000e-01
9.170000e-01
9.177000e-01
9.184000e-01
9.191000e-01
9.198000e-01
9.205000e-01
9.212000e-01
9.219000e-01
9.226000e-01
9.233000e-01
9.240000e-01
9.247000e-01
9.254000e-01
9.261000e-01
9.268000e-01
9.275000e-01
9.282000e-01
9.289000e-01
9.296000e-01
9.303000e-01
9.310000e-01
9.317000e-01
9.324000e-01
9.331000e-01
9.338000e-01
9.345000e-01
9.352000e-01
9.359000e-01
9.366000e-01
9.373000e-01
9.380000e-01
9.387000e-01
9.394000e-01
9.401000e-01
9.408000e-01
9.415000e-01
9.422000e-01
9.429000e-01
9.436000e-01
9.443000e-01
9.450000e-01
9.457000e-01
9.464000e-01
9.471000e-01
9.478000e-01
9.485000e-01
9.492000e-01
9.499000e-01
9.506000e-01
9.513000e-01
9.520000e-01
9.527000e-01
9.534000e-01
9.541000e-01
9.548000e-01
9.555000e-01
9.562000e-01
9.569000e-01
9.576000e-01
9.583000e-01
9.590000e-01
9.597000e-01
9.604000e-01
9.611000e-01
9.618000e-01
9.625000e-01
9.632000e-01
9.639000e-01
9.646000e-01
9.653000e-01
9.660000e-01
9.667000e-01
9.674000e-01
9.681000e-01
9.688000e-01
9.695000e-01
9.702000e-01
9.709000e-01
9.716000e-01
9.723000e-01
9.730000e-01
9.737000e-01
9.744000e-01
9.751000e-01
9.758000e-01
9.765000e-01
9.772000e-01
9.779000e-01
9.786000e-01
9.793000e-01
9.800000e-01
9.807000e-01
9.814000e-01
9.821000e-01
9.828000e-01
9.835000e-01
9.842000e-01
9.849000e-01
9.856000e-01
9.863000e-01
9.870000e-01
9.877000e-01
9.884000e-01
9.891000e-01
9.898000e-01
9.905000e-01
9.912000e-01
9.919000e-01
9.926000e-01
9.933000e-01
9.940000e-01
9.947000e-01
9.954000e-01
9.961000e-01
9.968000e-01
9.975000e-01
9.982000e-01
9.989000e-01
9.996000e-01
1.000300e+00
1.001000e+00
1.001700e+00
1.002400e+00
1.003100e+00
1.003800e+00
1.004500e+00
1.005200e+00
1.005900e+00
1.006600e+00
1.007300e+00
1.008000e+00
1.008700e+00
1.009400e+00
1.010100e+00
1.010800e+00
1.011500e+00
1.012200e+00
1.012900e+00
1.013600e+00
1.014300e+00
1.015000e+00
1.015700e+00
1.016400e+00
1.017100e+00
1.017800e+00
1.018500e+00
1.019200e+00
1.019900e+00
1.020600e+00
1.021300e+00
1.022000e+00
1.022700e+00
1.023400e+00
1.024100e+00
1.024800e+00
1.025500e+00
1.026200e+00
1.026900e+00
1.027600e+00
1.028300e+00
1.029000e+00
1.029700e+00
1.030400e+00
1.031100e+00
1.031800e+00
1.032500e+00
1.033200e+00
1.033900e+00
1.034600e+00
1.035300e+00
1.036000e+00
1.036700e+00
1.037400e+00
1.038100e+00
1.038800e+00
1.039500e+00
1.040200e+00
1.040900e+00
1.041600e+00
1.042300e+00
1.043000e+00
1.043700e+00
1.044400e+00
1.045100e+00
1.045800e+00
1.046500e+00
1.047200e+00
1.047900e+00
1.048600e+00
1.049300e+00
1.050000e+00
1.050700e+00
1.051400e+00
1.052100e+00
1.052800e+00
1.053500e+00
1.054200e+00
1.054900e+00
1.055600e+00
1.056300e+00
1.057000e+00
1.057700e+00
1.058400e+00
1.059100e+00
1.059800e+00
1.060500e+00
1.061200e+00
1.061900e+00
1.062600e+00
1.063300e+00
1.064000e+00
1.064700e+00
1.065400e+00
1.066100e+00
1.066800e+00
1.067500e+00
1.068200e+00
1.068900e+00
1.069600e+00
1.070300e+00
1.071000e+00
1.071700e+00
1.072400e+00
1.073100e+00
1.073800e+00
1.074500e+00
1.075200e+00
1.075900e+00
1.076600e+00
1.077300e+00
1.078000e+00
1.078700e+00
1.079400e+00
1.080100e+00
1.080800e+00
1.081500e+00
1.082200e+00
1.082900e+00
1.083600e+00
1.084300e+00
1.085000e+00
1.085700e+00
1.086400e+00
1.087100e+00
1.087800e+00
1.088500e+00
1.089200e+00
1.089900e+00
1.090600e+00
1.091300e+00
1.092000e+00
1.092700e+00
1.093400e+00
1.094100e+00
1.094800e+00
1.095500e+00
1.096200e+00
1.096900e+00
1.097600e+00
1.098300e+00
1.099000e+00
1.099700e+00
1.100400e+00
1.101100e+00
1.101800e+00
1.102500e+00
1.103200e+00
1.103900e+00
1.104600e+00
1.105300e+00
1.106000e+00
1.106700e+00
1.107400e+00
1.108100e+00
1.108800e+00
1.109500e+00
1.110200e+00
1.110900e+00
1.111600e+00
1.112300e+00
1.113000e+00
1.113700e+00
1.114400e+00
1.115100e+00
1.115800e+00
1.116500e+00
1.117335e+00
1.118170e+00
1.119005e+00
1.119840e+00
1.120675e+00
1.121510e+00
1.122345e+00
1.123180e+00
1.124015e+00
1.124850e+00
1.125685e+00
1.126520e+00
1.127355e+00
1.128190e+00
1.129025e+00
1.129860e+00
1.130695e+00
1.131530e+00
1.132365e+00
1.133200e+00
1.134035e+00
1.134870e+00
1.135705e+00
1.136540e+00
1.137375e+00
1.138210e+00
1.139045e+00
1.139880e+00
1.140715e+00
1.141550e+00
1.142385e+00
1.143220e+00
1.144055e+00
1.144890e+00
1.145725e+00
1.146560e+00
1.147395e+00
1.148230e+00
1.149065e+00
1.149900e+00
1.150735e+00
1.151570e+00
1.152405e+00
1.153240e+00
1.154075e+00
1.154910e+00
1.155745e+00
1.156580e+00
1.157415e+00
1.158250e+00
1.159085e+00
1.159920e+00
1.160755e+00
1.161590e+00
1.162425e+00
1.163260e+00
1.164095e+00
1.164930e+00
1.165765e+00
1.166600e+00
1.167435e+00
1.168270e+00
1.169105e+00
1.169940e+00
1.170775e+00
1.171610e+00
1.172445e+00
1.173280e+00
1.174115e+00
1.174950e+00
1.175785e+00
1.176620e+00
1.177455e+00
1.178290e+00
1.179125e+00
1.179960e+00
1.180795e+00
1.181630e+00
1.182465e+00
1.183300e+00
1.184135e+00
1.184970e+00
1.185805e+00
1.186640e+00
1.187475e+00
1.188310e+00
1.189145e+00
1.189980e+00
1.190815e+00
1.191650e+00
1.192485e+00
1.193320e+00
1.194155e+00
1.194990e+00
1.195825e+00
1.196660e+00
1.197495e+00
1.198330e+00
1.199165e+00
1.200000e+00
1.203690e+00
1.207379e+00
1.211069e+00
1.214758e+00
1.218448e+00
1.222138e+00
1.225827e+00
1.229517e+00
1.233206e+00
1.236896e+00
1.240586e+00
1.244275e+00
1.247965e+00
1.251654e+00
1.255344e+00
1.259034e+00
1.262723e+00
1.266413e+00
1.270102e+00
1.273792e+00
1.277482e+00
1.281171e+00
1.284861e+00
1.288550e+00
1.292240e+00
1.295930e+00
1.299619e+00
1.303309e+00
1.306998e+00
1.310688e+00
1.314378e+00
1.318067e+00
1.321757e+00
1.325446e+00
1.329136e+00
1.332826e+00
1.336515e+00
1.340205e+00
1.343894e+00
1.347584e+00
1.351274e+00
1.354963e+00
1.358653e+00
1.362342e+00
1.366032e+00
1.369722e+00
1.373411e+00
1.377101e+00
1.380790e+00
1.384480e+00
1.388170e+00
1.391859e+00
1.395549e+00
1.399238e+00
1.402928e+00
1.406618e+00
1.410307e+00
1.413997e+00
1.417686e+00
1.421376e+00
1.425066e+00
1.428755e+00
1.432445e+00
1.436134e+00
1.439824e+00
1.443514e+00
1.447203e+00
1.450893e+00
1.454582e+00
1.458272e+00
1.461962e+00
1.465651e+00
1.469341e+00
1.473030e+00
1.476720e+00
1.480410e+00
1.484099e+00
1.487789e+00
1.491478e+00
1.495168e+00
1.498858e+00
1.502547e+00
1.506237e+00
1.509926e+00
1.513616e+00
1.517306e+00
1.520995e+00
1.524685e+00
1.528374e+00
1.532064e+00
1.535754e+00
1.539443e+00
1.543133e+00
1.546822e+00
1.550512e+00
1.554202e+00
1.557891e+00
1.561581e+00
1.565270e+00
1.568960e+00
1.572650e+00
1.576339e+00
1.580029e+00
1.583718e+00
1.587408e+00
1.591098e+00
1.594787e+00
1.598477e+00
1.602166e+00
1.605856e+00
1.609546e+00
1.613235e+00
1.616925e+00
1.620614e+00
1.624304e+00
1.627994e+00
1.631683e+00
1.635373e+00
1.639062e+00
1.642752e+00
1.646442e+00
1.650131e+00
1.653821e+00
1.657510e+00
1.661200e+00
1.664890e+00
1.668579e+00
1.672269e+00
1.675958e+00
1.679648e+00
1.683338e+00
1.687027e+00
1.690717e+00
1.694406e+00
1.698096e+00
1.701786e+00
1.705475e+00
1.709165e+00
1.712854e+00
1.716544e+00
1.720234e+00
1.723923e+00
1.727613e+00
1.731302e+00
1.734992e+00
1.738682e+00
1.742371e+00
1.746061e+00
1.749750e+00
1.753440e+00
1.757130e+00
1.760819e+00
1.764509e+00
1.768198e+00
1.771888e+00
1.775578e+00
1.779267e+00
1.782957e+00
1.786646e+00
1.790336e+00
1.794026e+00
1.797715e+00
1.801405e+00
1.805094e+00
1.808784e+00
1.812474e+00
1.816163e+00
1.819853e+00
1.823542e+00
1.827232e+00
1.830922e+00
1.834611e+00
1.838301e+00
1.841990e+00
1.845680e+00
1.849370e+00
1.853059e+00
1.856749e+00
1.860438e+00
1.864128e+00
1.867818e+00
1.871507e+00
1.875197e+00
1.878886e+00
1.882576e+00
1.886266e+00
1.889955e+00
1.893645e+00
1.897334e+00
1.901024e+00
1.904714e+00
1.908403e+00
1.912093e+00
1.915782e+00
1.919472e+00
1.923162e+00
1.926851e+00
1.930541e+00
1.934230e+00
1.937920e+00
1.941610e+00
1.945299e+00
1.948989e+00
1.952678e+00
1.956368e+00
1.960057e+00
1.963747e+00
1.967437e+00
1.971126e+00
1.974816e+00
1.978505e+00
1.982195e+00
1.985885e+00
1.989574e+00
1.993264e+00
1.996953e+00
2.000643e+00
2.004333e+00
2.008022e+00
2.011712e+00
2.015401e+00
2.019091e+00
2.022781e+00
2.026470e+00
2.030160e+00
2.033849e+00
2.037539e+00
2.041229e+00
2.044918e+00
2.048608e+00
2.052297e+00
2.055987e+00
2.059677e+00
2.063366e+00
2.067056e+00
2.070745e+00
2.074435e+00
2.078125e+00
2.081814e+00
2.085504e+00
2.089193e+00
2.092883e+00
2.096573e+00
2.100262e+00
2.103952e+00
2.107641e+00
2.111331e+00
2.115021e+00
2.118710e+00
2.122400e+00
2.126089e+00
2.129779e+00
2.133469e+00
2.137158e+00
2.140848e+00
2.144537e+00
2.148227e+00
2.151917e+00
2.155606e+00
2.159296e+00
2.162985e+00
2.166675e+00
2.170365e+00
2.174054e+00
2.177744e+00
2.181433e+00
2.185123e+00
2.188813e+00
2.192502e+00
2.196192e+00
2.199881e+00
2.203571e+00
2.207261e+00
2.210950e+00
2.214640e+00
2.218329e+00
2.222019e+00
2.225709e+00
2.229398e+00
2.233088e+00
2.236777e+00
2.240467e+00
2.244157e+00
2.247846e+00
2.251536e+00
2.255225e+00
2.258915e+00
2.262605e+00
2.266294e+00
2.269984e+00
2.273673e+00
2.277363e+00
2.281053e+00
2.284742e+00
2.288432e+00
2.292121e+00
2.295811e+00
2.299501e+00
2.303190e+00
2.306880e+00
2.310569e+00
2.314259e+00
2.317949e+00
2.321638e+00
2.325328e+00
2.329017e+00
2.332707e+00
2.336397e+00
2.340086e+00
2.343776e+00
2.347465e+00
2.351155e+00
2.354845e+00
2.358534e+00
2.362224e+00
2.365913e+00
2.369603e+00
2.373293e+00
2.376982e+00
2.380672e+00
2.384361e+00
2.388051e+00
2.391741e+00
2.395430e+00
2.399120e+00
2.402809e+00
2.406499e+00
2.410189e+00
2.413878e+00
2.417568e+00
2.421257e+00
2.424947e+00
2.428637e+00
2.432326e+00
2.436016e+00
2.439705e+00
2.443395e+00
2.447085e+00
2.450774e+00
2.454464e+00
2.458153e+00
2.461843e+00
2.465533e+00
2.469222e+00
2.472912e+00
2.476601e+00
2.480291e+00
2.483981e+00
2.487670e+00
2.491360e+00
2.495049e+00
2.498739e+00
2.502429e+00
2.506118e+00
2.509808e+00
2.513497e+00
2.517187e+00
2.520877e+00
2.524566e+00
2.528256e+00
2.531945e+00
2.535635e+00
2.539325e+00
2.543014e+00
2.546704e+00
2.550393e+00
2.554083e+00
2.557773e+00
2.561462e+00
2.565152e+00
2.568841e+00
2.572531e+00
2.576221e+00
2.579910e+00
2.583600e+00
2.587289e+00
2.590979e+00
2.594669e+00
2.598358e+00
2.602048e+00
2.605737e+00
2.609427e+00
2.613117e+00
2.616806e+00
2.620496e+00
2.624185e+00
2.627875e+00
2.631565e+00
2.635254e+00
2.638944e+00
2.642633e+00
2.646323e+00
2.650013e+00
2.653702e+00
2.657392e+00
2.661081e+00
2.664771e+00
2.668461e+00
2.672150e+00
2.675840e+00
2.679529e+00
2.683219e+00
2.686909e+00
2.690598e+00
2.694288e+00
2.697977e+00
2.701667e+00
2.705746e+00
2.709824e+00
2.713903e+00
2.717982e+00
2.722061e+00
2.726140e+00
2.730219e+00
2.734298e+00
2.738377e+00
2.742456e+00
2.746534e+00
2.750613e+00
2.754692e+00
2.758771e+00
2.762850e+00
2.766929e+00
2.771008e+00
2.775087e+00
2.779166e+00
2.783244e+00
2.787323e+00
2.791402e+00
2.795481e+00
2.799560e+00
2.803639e+00
2.807718e+00
2.811797e+00
2.815876e+00
2.819954e+00
2.824033e+00
2.828112e+00
2.832191e+00
2.836270e+00
2.840349e+00
2.844428e+00
2.848507e+00
2.852586e+00
2.856664e+00
2.860743e+00
2.864822e+00
2.868901e+00
2.872980e+00
2.877059e+00
2.881138e+00
2.885217e+00
2.889296e+00
2.893374e+00
2.897453e+00
2.901532e+00
2.905611e+00
2.909690e+00
2.913769e+00
2.917848e+00
2.921927e+00
2.926006e+00
2.930084e+00
2.934163e+00
2.938242e+00
2.942321e+00
2.946400e+00
2.950479e+00
2.954558e+00
2.958637e+00
2.962716e+00
2.966794e+00
2.970873e+00
2.974952e+00
2.979031e+00
2.983110e+00
2.987189e+00
2.991268e+00
2.995347e+00
2.999426e+00
3.003504e+00
3.007583e+00
3.011662e+00
3.015741e+00
3.019820e+00
3.023899e+00
3.027978e+00
3.032057e+00
3.036136e+00
3.040214e+00
3.044293e+00
3.048372e+00
3.052451e+00
3.056530e+00
3.060609e+00
3.064688e+00
3.068767e+00
3.072846e+00
3.076924e+00
3.081003e+00
3.085082e+00
3.089161e+00
3.093240e+00
3.097319e+00
3.101398e+00
3.105477e+00
3.109556e+00
3.112816e+00
3.116077e+00
3.119338e+00
3.122599e+00
3.125860e+00
3.129121e+00
3.132382e+00
3.135643e+00
3.138904e+00
3.142165e+00
3.145426e+00
3.148687e+00
3.151947e+00
3.155208e+00
3.158469e+00
3.161730e+00
3.164991e+00
3.168252e+00
3.171513e+00
3.174774e+00
3.178035e+00
3.181296e+00
3.184557e+00
3.187818e+00
3.191079e+00
3.194339e+00
3.197600e+00
3.200861e+00
3.204122e+00
3.207383e+00
3.210644e+00
3.213905e+00
3.217166e+00
3.220427e+00
3.223688e+00
3.226949e+00
3.230210e+00
3.233470e+00
3.236731e+00
3.239992e+00
3.243253e+00
3.246514e+00
3.249775e+00
3.253036e+00
3.256297e+00
3.259558e+00
3.262819e+00
3.266080e+00
3.269341e+00
3.272601e+00
3.275862e+00
3.279123e+00
3.282384e+00
3.285645e+00
3.288906e+00
3.292167e+00
3.295428e+00
3.298689e+00
3.301950e+00
3.305211e+00
3.308472e+00
3.311732e+00
3.314993e+00
3.318254e+00
3.321515e+00
3.324776e+00
3.328037e+00
3.331298e+00
3.334559e+00
3.337820e+00
3.341081e+00
3.344342e+00
3.347603e+00
3.350863e+00
3.354124e+00
3.357385e+00
3.360646e+00
3.363907e+00
3.367168e+00
3.370429e+00
3.373690e+00
3.376951e+00
3.380212e+00
3.383473e+00
3.386734e+00
3.389994e+00
3.393255e+00
3.396516e+00
3.399777e+00
3.403038e+00
3.406299e+00
3.409560e+00
3.412821e+00
3.416082e+00
3.419343e+00
3.422604e+00
3.425865e+00
3.429125e+00
3.432386e+00
3.435647e+00
3.438908e+00
3.442169e+00
3.445430e+00
3.448691e+00
3.451952e+00
3.455213e+00
3.458474e+00
3.461735e+00
3.464996e+00
3.468257e+00
3.471517e+00
3.474778e+00
3.478039e+00
3.481300e+00
3.484561e+00
3.487822e+00
3.491083e+00
3.494344e+00
3.497605e+00
3.500866e+00
3.504127e+00
3.507388e+00
3.510648e+00
3.513909e+00
3.517170e+00
3.520431e+00
3.523692e+00
3.526953e+00
3.530214e+00
3.533474e+00
3.536736e+00
3.539997e+00
3.543258e+00
3.546519e+00
3.549779e+00
3.553041e+00
3.556301e+00
3.559562e+00
3.562823e+00
3.566084e+00
3.569345e+00
3.572606e+00
3.575867e+00
3.579128e+00
3.582389e+00
3.585649e+00
3.588911e+00
3.592171e+00
3.595432e+00
3.598693e+00
3.601954e+00
3.605215e+00
3.608476e+00
3.611737e+00
3.614998e+00
3.618259e+00
3.621520e+00
3.624781e+00
3.628041e+00
3.631303e+00
3.634563e+00
3.637824e+00
3.641085e+00
3.644346e+00
3.647607e+00
3.650868e+00
3.654129e+00
3.657390e+00
3.660651e+00
3.663911e+00
3.667173e+00
3.670433e+00
3.673694e+00
3.676955e+00
3.680216e+00
3.683477e+00
3.686738e+00
3.689999e+00
3.693260e+00
3.696521e+00
3.699782e+00
3.703043e+00
3.706303e+00
3.709565e+00
3.712825e+00
3.716086e+00
3.719347e+00
3.722608e+00
3.725869e+00
3.729130e+00
3.732391e+00
3.735652e+00
3.738913e+00
3.742173e+00
3.745435e+00
3.748695e+00
3.751956e+00
3.755217e+00
3.758478e+00
3.761739e+00
3.765000e+00
3.768876e+00
3.772753e+00
3.776629e+00
3.780505e+00
3.784382e+00
3.788258e+00
3.792134e+00
3.796011e+00
3.799887e+00
3.803764e+00
3.807640e+00
3.811517e+00
3.815393e+00
3.819270e+00
3.823146e+00
3.827022e+00
3.830899e+00
3.834775e+00
3.838651e+00
3.842528e+00
3.846404e+00
3.850280e+00
3.854157e+00
3.858033e+00
3.861909e+00
3.865786e+00
3.869662e+00
3.873538e+00
3.877415e+00
3.881291e+00
3.885168e+00
3.889044e+00
3.892921e+00
3.896797e+00
3.900674e+00
3.904550e+00
3.908426e+00
3.912303e+00
3.916179e+00
3.920055e+00
3.923932e+00
3.927808e+00
3.931684e+00
3.935561e+00
3.939437e+00
3.943313e+00
3.947190e+00
3.951066e+00
3.954942e+00
3.958819e+00
3.962695e+00
3.966572e+00
3.970448e+00
3.974325e+00
3.978201e+00
3.982078e+00
3.985954e+00
3.989830e+00
3.993707e+00
3.997583e+00
4.001459e+00
4.005336e+00
4.009212e+00
4.013088e+00
4.016965e+00
4.020841e+00
4.024717e+00
4.028594e+00
4.032470e+00
4.036346e+00
4.040223e+00
4.044099e+00
4.047976e+00
4.051853e+00
4.055729e+00
4.059605e+00
4.063481e+00
4.067358e+00
4.071234e+00
4.075110e+00
4.078987e+00
4.082863e+00
4.086739e+00
4.090616e+00
4.094492e+00
4.098368e+00
4.102245e+00
4.106121e+00
4.109997e+00
4.113874e+00
4.117750e+00
4.121627e+00
4.125503e+00
4.129380e+00
4.133256e+00
4.137133e+00
4.141009e+00
4.144885e+00
4.148762e+00
4.152638e+00
4.156514e+00
4.160391e+00
4.164267e+00
4.168143e+00
4.172020e+00
4.175896e+00
4.179772e+00
4.183649e+00
4.187525e+00
4.191401e+00
4.195278e+00
4.199154e+00
4.203031e+00
4.206907e+00
4.210784e+00
4.214660e+00
4.218537e+00
4.222413e+00
4.226289e+00
4.230166e+00
4.234042e+00
4.237918e+00
4.241795e+00
4.245671e+00
4.249547e+00
4.253424e+00
4.257300e+00
4.261176e+00
4.265053e+00
4.268929e+00
4.272805e+00
4.276682e+00
4.280558e+00
4.284435e+00
4.288311e+00
4.292188e+00
4.296064e+00
4.299941e+00
4.303817e+00
4.307693e+00
4.311570e+00
4.315446e+00
4.319322e+00
4.323199e+00
4.327075e+00
4.330951e+00
4.334828e+00
4.338704e+00
4.342580e+00
4.346457e+00
4.350333e+00
4.354209e+00
4.358086e+00
4.361962e+00
4.365839e+00
4.369716e+00
4.373592e+00
4.377468e+00
4.381345e+00
4.385221e+00
4.389097e+00
4.392974e+00
4.396850e+00
4.400726e+00
4.404603e+00
4.408479e+00
4.412355e+00
4.416232e+00
4.420108e+00
4.423984e+00
4.427861e+00
4.431737e+00
4.435613e+00
4.439490e+00
4.443366e+00
4.447243e+00
4.451120e+00
4.454996e+00
4.458872e+00
4.462749e+00
4.466625e+00
4.470501e+00
4.474378e+00
4.478254e+00
4.482130e+00
4.486007e+00
4.489883e+00
4.493759e+00
4.497636e+00
4.501512e+00
4.505388e+00
4.509265e+00
4.513141e+00
4.517017e+00
4.520894e+00
4.524770e+00
4.528647e+00
4.532524e+00
4.536400e+00
4.540276e+00
4.544153e+00
4.548029e+00
4.551905e+00
4.555782e+00
4.559658e+00
4.563534e+00
4.567411e+00
4.571287e+00
4.575163e+00
4.579040e+00
4.582916e+00
4.586792e+00
4.590669e+00
4.594545e+00
4.598421e+00
4.602298e+00
4.606175e+00
4.610051e+00
4.613928e+00
4.617804e+00
4.621680e+00
4.625557e+00
4.629433e+00
4.633309e+00
4.637186e+00
4.641062e+00
4.644938e+00
4.648814e+00
4.652691e+00
4.656567e+00
4.660443e+00
4.664320e+00
4.668196e+00
4.672072e+00
4.675949e+00
4.679825e+00
4.683702e+00
4.687579e+00
4.691455e+00
4.695331e+00
4.699208e+00
4.703084e+00
4.706960e+00
4.710837e+00
4.714713e+00
4.718589e+00
4.722466e+00
4.726342e+00
4.730218e+00
4.734095e+00
4.737971e+00
4.741847e+00
4.745724e+00
4.749600e+00
4.753476e+00
4.757353e+00
4.761229e+00
4.765106e+00
4.768983e+00
4.772859e+00
4.776735e+00
4.780612e+00
4.784488e+00
4.788364e+00
4.792241e+00
4.796117e+00
4.799993e+00
4.803870e+00
4.807746e+00
4.811622e+00
4.815499e+00
4.819375e+00
4.823251e+00
4.827128e+00
4.831004e+00
4.834880e+00
4.838757e+00
4.842634e+00
4.846510e+00
4.850387e+00
4.854263e+00
4.858139e+00
4.862016e+00
4.865892e+00
4.869768e+00
4.873645e+00
4.877521e+00
4.881397e+00
4.885274e+00
4.889150e+00
4.893026e+00
4.896903e+00
4.900779e+00
4.904655e+00
4.908532e+00
4.912408e+00
4.916284e+00
4.920161e+00
4.924038e+00
4.927914e+00
4.931791e+00
4.935667e+00
4.940058e+00
4.944448e+00
4.948839e+00
4.953230e+00
4.957621e+00
4.962011e+00
4.966402e+00
4.970794e+00
4.975184e+00
4.979575e+00
4.983965e+00
4.988357e+00
4.992748e+00
4.997138e+00
5.001529e+00
5.005920e+00
5.010311e+00
5.014701e+00
5.019092e+00
5.023484e+00
5.027874e+00
5.032265e+00
5.036655e+00
5.041047e+00
5.045437e+00
5.049828e+00
5.054219e+00
5.058610e+00
5.063001e+00
5.067391e+00
5.071782e+00
5.076173e+00
5.080564e+00
5.084955e+00
5.089345e+00
5.093737e+00
5.098127e+00
5.102518e+00
5.106909e+00
5.111300e+00
5.115691e+00
5.120081e+00
5.124472e+00
5.128863e+00
5.133254e+00
5.137645e+00
5.142035e+00
5.146426e+00
5.150817e+00
5.155208e+00
5.159598e+00
5.163989e+00
5.168381e+00
5.172771e+00
5.177162e+00
5.181553e+00
5.185944e+00
5.190334e+00
5.194725e+00
5.199116e+00
5.203507e+00
5.207898e+00
5.212288e+00
5.216679e+00
5.221071e+00
5.225461e+00
5.229852e+00
5.234242e+00
5.238634e+00
5.243024e+00
5.247415e+00
5.251806e+00
5.256197e+00
5.260588e+00
5.264978e+00
5.269369e+00
5.273760e+00
5.278151e+00
5.282542e+00
5.286932e+00
5.291324e+00
5.295714e+00
5.300105e+00
5.304495e+00
5.308887e+00
5.313278e+00
5.317668e+00
5.322059e+00
5.326450e+00
5.330841e+00
5.335232e+00
5.339622e+00
5.344014e+00
5.348404e+00
5.352795e+00
5.357185e+00
5.361577e+00
5.365968e+00
5.370358e+00
5.374749e+00
5.379140e+00
5.383531e+00
5.387921e+00
5.392312e+00
5.396703e+00
5.401094e+00
5.405485e+00
5.409875e+00
5.414267e+00
5.418657e+00
5.423048e+00
5.427439e+00
5.431830e+00
5.436221e+00
5.440611e+00
5.445002e+00
5.449393e+00
5.453784e+00
5.458175e+00
5.462565e+00
5.466956e+00
5.471347e+00
5.475738e+00
5.480129e+00
5.484520e+00
5.488911e+00
5.493301e+00
5.497692e+00
5.502083e+00
5.506474e+00
5.510865e+00
5.515255e+00
5.519646e+00
5.524037e+00
5.528428e+00
5.532818e+00
5.537209e+00
5.541601e+00
5.545991e+00
5.550382e+00
5.554773e+00
5.559164e+00
5.563555e+00
5.567945e+00
5.572336e+00
5.576727e+00
5.581118e+00
5.585508e+00
5.589899e+00
5.594291e+00
5.598681e+00
5.603072e+00
5.607462e+00
5.611854e+00
5.616244e+00
5.620635e+00
5.625026e+00
5.629417e+00
5.633808e+00
5.638198e+00
5.642589e+00
5.646980e+00
5.651371e+00
5.655762e+00
5.660152e+00
5.664544e+00
5.668934e+00
5.673325e+00
5.677716e+00
5.682107e+00
5.686498e+00
5.690888e+00
5.695279e+00
5.699670e+00
5.704061e+00
5.708452e+00
5.712842e+00
5.717233e+00
5.721624e+00
5.726015e+00
5.730405e+00
5.734797e+00
5.739188e+00
5.743578e+00
5.747969e+00
5.752360e+00
5.756751e+00
5.761141e+00
5.765532e+00
5.769923e+00
5.774314e+00
5.778705e+00
5.783095e+00
5.787486e+00
5.791878e+00
5.796268e+00
5.800659e+00
5.805050e+00
5.809441e+00
5.813831e+00
5.818222e+00
5.822734e+00
5.827246e+00
5.831757e+00
5.836270e+00
5.840782e+00
5.845294e+00
5.849806e+00
5.854318e+00
5.858829e+00
5.863341e+00
5.867853e+00
5.872365e+00
5.876877e+00
5.881389e+00
5.885900e+00
5.890412e+00
5.894924e+00
5.899436e+00
5.903948e+00
5.908460e+00
5.912971e+00
5.917483e+00
5.921995e+00
5.926508e+00
5.931020e+00
5.935532e+00
5.940043e+00
5.944555e+00
5.949067e+00
5.953579e+00
5.958091e+00
5.962603e+00
5.967114e+00
5.971626e+00
5.976138e+00
5.980650e+00
5.985162e+00
5.989674e+00
5.994185e+00
5.998697e+00
6.003209e+00
6.007721e+00
6.012233e+00
6.016746e+00
6.021257e+00
6.025769e+00
6.030281e+00
6.034793e+00
6.039305e+00
6.043817e+00
6.048328e+00
6.052840e+00
6.057352e+00
6.061864e+00
6.066376e+00
6.070888e+00
6.075399e+00
6.079911e+00
6.084423e+00
6.088935e+00
6.093447e+00
6.097959e+00
6.102471e+00
6.106983e+00
6.111495e+00
6.116007e+00
6.120519e+00
6.125030e+00
6.129542e+00
6.134054e+00
6.138566e+00
6.143078e+00
6.147590e+00
6.152101e+00
6.156613e+00
6.161125e+00
6.165637e+00
6.170149e+00
6.174661e+00
6.179173e+00
6.183685e+00
6.188197e+00
6.192709e+00
6.197221e+00
6.201733e+00
6.206244e+00
6.210756e+00
6.215268e+00
6.219780e+00
6.224292e+00
6.228804e+00
6.233315e+00
6.237827e+00
6.242339e+00
6.246851e+00
6.251363e+00
6.255875e+00
6.260387e+00
6.264899e+00
6.269411e+00
6.273923e+00
6.278435e+00
6.282947e+00
6.287458e+00
6.291970e+00
6.296482e+00
6.300994e+00
6.305506e+00
6.310018e+00
6.314529e+00
6.319041e+00
6.323553e+00
6.328065e+00
6.332577e+00
6.337089e+00
6.341601e+00
6.346113e+00
6.350625e+00
6.355137e+00
6.359649e+00
6.364161e+00
6.368672e+00
6.373184e+00
6.377696e+00
6.382208e+00
6.386720e+00
6.391232e+00
6.395743e+00
6.400255e+00
6.404767e+00
6.409279e+00
6.413791e+00
6.418303e+00
6.422815e+00
6.427327e+00
6.431839e+00
6.436351e+00
6.440863e+00
6.445374e+00
6.449886e+00
6.454398e+00
6.458910e+00
6.463422e+00
6.467934e+00
6.472445e+00
6.476957e+00
6.481469e+00
6.485981e+00
6.490493e+00
6.495005e+00
6.499516e+00
6.504029e+00
6.508541e+00
6.513053e+00
6.517565e+00
6.522077e+00
6.526588e+00
6.531100e+00
6.535612e+00
6.540124e+00
6.544636e+00
6.549148e+00
6.553659e+00
6.558171e+00
6.562683e+00
6.567195e+00
6.571707e+00
6.576219e+00
6.580730e+00
6.585242e+00
6.589755e+00
6.594267e+00
6.598779e+00
6.603291e+00
6.607802e+00
6.612314e+00
6.616826e+00
6.621338e+00
6.625850e+00
6.630362e+00
6.634873e+00
6.639385e+00
6.643897e+00
6.648409e+00
6.652921e+00
6.657433e+00
6.661944e+00
6.666456e+00
6.670968e+00
6.675480e+00
6.679993e+00
6.684505e+00
6.689016e+00
6.693528e+00
6.698040e+00
6.702552e+00
6.707064e+00
6.711576e+00
6.716087e+00
6.720599e+00
6.725111e+00
6.729981e+00
6.734851e+00
6.739721e+00
6.744592e+00
6.749461e+00
6.754332e+00
6.759202e+00
6.764072e+00
6.768942e+00
6.773812e+00
6.778682e+00
6.783553e+00
6.788422e+00
6.793293e+00
6.798163e+00
6.803033e+00
6.807903e+00
6.812773e+00
6.817643e+00
6.822514e+00
6.827383e+00
6.832254e+00
6.837124e+00
6.841994e+00
6.846864e+00
6.851734e+00
6.856604e+00
6.861475e+00
6.866344e+00
6.871215e+00
6.876085e+00
6.880955e+00
6.885825e+00
6.890695e+00
6.895565e+00
6.900436e+00
6.905305e+00
6.910176e+00
6.915046e+00
6.919916e+00
6.924786e+00
6.929656e+00
6.934526e+00
6.939397e+00
6.944266e+00
6.949137e+00
6.954007e+00
6.958877e+00
6.963747e+00
6.968618e+00
6.973487e+00
6.978358e+00
6.983227e+00
6.988098e+00
6.992968e+00
6.997838e+00
7.002708e+00
7.007579e+00
7.012448e+00
7.017319e+00
7.022189e+00
7.027059e+00
7.031929e+00
7.036799e+00
7.041669e+00
7.046540e+00
7.051409e+00
7.056280e+00
7.061150e+00
7.066020e+00
7.070890e+00
7.075760e+00
7.080630e+00
7.085501e+00
7.090370e+00
7.095241e+00
7.100111e+00
7.104981e+00
7.109851e+00
7.114721e+00
7.119591e+00
7.124462e+00
7.129331e+00
7.134202e+00
7.139072e+00
7.143942e+00
7.148812e+00
7.153682e+00
7.158552e+00
7.163423e+00
7.168292e+00
7.173163e+00
7.178033e+00
7.182903e+00
7.187773e+00
7.192643e+00
7.197513e+00
7.202384e+00
7.207253e+00
7.212124e+00
7.216994e+00
7.221864e+00
7.226734e+00
7.231604e+00
7.236474e+00
7.241345e+00
7.246214e+00
7.251085e+00
7.255955e+00
7.260825e+00
7.265695e+00
7.270565e+00
7.275435e+00
7.280306e+00
7.285175e+00
7.290046e+00
7.294916e+00
7.299786e+00
7.304656e+00
7.309526e+00
7.314396e+00
7.319267e+00
7.324136e+00
7.329007e+00
7.333877e+00
7.338747e+00
7.343617e+00
7.348487e+00
7.353357e+00
7.358228e+00
7.363097e+00
7.367968e+00
7.372838e+00
7.377708e+00
7.382578e+00
7.387448e+00
7.392318e+00
7.397189e+00
7.402058e+00
7.406929e+00
7.411799e+00
7.416669e+00
7.421539e+00
7.426410e+00
7.431279e+00
7.436150e+00
7.441019e+00
7.445890e+00
7.450760e+00
7.455630e+00
7.460500e+00
7.465370e+00
7.470240e+00
7.475110e+00
7.479981e+00
7.484850e+00
7.489721e+00
7.494590e+00
7.499461e+00
7.504331e+00
7.509201e+00
7.514071e+00
7.518942e+00
7.523811e+00
7.528682e+00
7.533552e+00
7.538422e+00
7.543292e+00
7.548162e+00
7.553032e+00
7.557903e+00
7.562772e+00
7.567643e+00
7.572513e+00
7.577383e+00
7.582253e+00
7.587123e+00
7.591993e+00
7.596864e+00
7.601733e+00
7.606604e+00
7.611474e+00
7.616344e+00
7.621214e+00
7.626084e+00
7.630954e+00
7.635825e+00
7.640694e+00
7.645565e+00
7.650435e+00
7.655305e+00
7.660175e+00
7.665045e+00
7.669915e+00
7.674786e+00
7.679655e+00
7.684526e+00
7.689396e+00
7.694266e+00
7.699136e+00
7.704006e+00
7.708876e+00
7.713747e+00
7.718616e+00
7.723487e+00
7.728357e+00
7.733227e+00
7.738097e+00
7.742967e+00
7.747837e+00
7.752708e+00
7.757577e+00
7.762448e+00
7.767318e+00
7.772188e+00
7.777058e+00
7.781928e+00
7.786798e+00
7.791669e+00
7.796538e+00
7.801409e+00
7.806279e+00
7.811149e+00
7.816019e+00
7.820889e+00
7.825759e+00
7.830630e+00
7.835499e+00
7.840370e+00
7.845240e+00
7.850110e+00
7.854980e+00
7.859850e+00
7.864720e+00
7.869591e+00
7.874460e+00
7.879331e+00
7.884201e+00
7.889071e+00
7.893941e+00
7.898811e+00
7.903681e+00
7.908552e+00
7.913421e+00
7.918292e+00
7.923162e+00
7.928032e+00
7.932902e+00
7.937773e+00
7.942642e+00
7.947513e+00
7.952383e+00
7.957253e+00
7.962123e+00
7.966993e+00
7.971863e+00
7.976734e+00
7.981603e+00
7.986474e+00
7.991344e+00
7.996214e+00
8.001084e+00
8.005954e+00
8.010824e+00
8.015695e+00
8.020564e+00
8.025435e+00
8.030305e+00
8.035175e+00
8.040045e+00
8.044915e+00
8.049785e+00
8.054656e+00
8.059525e+00
8.064396e+00
8.069266e+00
8.074136e+00
8.079006e+00
8.083876e+00
8.088746e+00
8.093617e+00
8.098486e+00
8.103357e+00
8.108227e+00
8.113097e+00
8.117967e+00
8.122837e+00
8.127707e+00
8.132578e+00
8.137447e+00
8.142318e+00
8.147188e+00
8.152058e+00
8.156928e+00
8.161798e+00
8.166668e+00
8.171539e+00
8.176408e+00
8.181279e+00
8.186149e+00
8.191019e+00
8.195889e+00
8.199797e+00
8.203706e+00
8.207615e+00
8.211523e+00
8.215432e+00
8.219340e+00
8.223249e+00
8.227157e+00
8.231066e+00
8.234974e+00
8.238883e+00
8.242792e+00
8.246701e+00
8.250609e+00
8.254518e+00
8.258427e+00
8.262335e+00
8.266244e+00
8.270152e+00
8.274061e+00
8.277969e+00
8.281878e+00
8.285786e+00
8.289695e+00
8.293604e+00
8.297512e+00
8.301421e+00
8.305329e+00
8.309238e+00
8.313146e+00
8.317055e+00
8.320963e+00
8.324872e+00
8.328781e+00
8.332689e+00
8.336598e+00
8.340506e+00
8.344416e+00
8.348324e+00
8.352233e+00
8.356141e+00
8.360050e+00
8.363958e+00
8.367867e+00
8.371776e+00
8.375684e+00
8.379593e+00
8.383501e+00
8.387410e+00
8.391318e+00
8.395227e+00
8.399135e+00
8.403044e+00
8.406953e+00
8.410861e+00
8.414770e+00
8.418678e+00
8.422587e+00
8.426495e+00
8.430404e+00
8.434312e+00
8.438221e+00
8.442130e+00
8.446039e+00
8.449947e+00
8.453856e+00
8.457765e+00
8.461673e+00
8.465582e+00
8.469490e+00
8.473399e+00
8.477307e+00
8.481216e+00
8.485124e+00
8.489033e+00
8.492942e+00
8.496850e+00
8.500759e+00
8.504667e+00
8.508576e+00
8.512484e+00
8.516393e+00
8.520301e+00
8.524210e+00
8.528119e+00
8.532027e+00
8.535936e+00
8.539845e+00
8.543754e+00
8.547662e+00
8.551571e+00
8.555479e+00
8.559388e+00
8.563296e+00
8.567205e+00
8.571113e+00
8.575022e+00
8.578931e+00
8.582839e+00
8.586748e+00
8.590656e+00
8.594565e+00
8.598473e+00
8.602382e+00
8.606290e+00
8.610199e+00
8.614108e+00
8.618016e+00
8.621925e+00
8.625833e+00
8.629742e+00
8.633650e+00
8.637560e+00
8.641468e+00
8.645377e+00
8.649285e+00
8.653194e+00
8.657103e+00
8.661011e+00
8.664920e+00
8.668828e+00
8.672737e+00
8.676645e+00
8.680554e+00
8.684462e+00
8.688371e+00
8.692279e+00
8.696188e+00
8.700097e+00
8.704005e+00
8.707914e+00
8.711822e+00
8.715731e+00
8.719639e+00
8.723548e+00
8.727457e+00
8.731365e+00
8.735274e+00
8.739183e+00
8.743092e+00
8.747000e+00
8.750909e+00
8.754817e+00
8.758726e+00
8.762634e+00
8.766543e+00
8.770451e+00
8.774360e+00
8.778269e+00
8.782177e+00
8.786086e+00
8.789994e+00
8.793903e+00
8.797811e+00
8.801720e+00
8.805628e+00
8.809537e+00
8.813446e+00
8.817354e+00
8.821263e+00
8.825171e+00
8.829080e+00
8.832988e+00
8.836898e+00
8.840806e+00
8.844715e+00
8.848623e+00
8.852532e+00
8.856440e+00
8.860349e+00
8.864258e+00
8.868166e+00
8.872075e+00
8.875983e+00
8.879892e+00
8.883800e+00
8.887709e+00
8.891617e+00
8.895526e+00
8.899435e+00
8.903343e+00
8.907252e+00
8.911160e+00
8.915069e+00
8.918977e+00
8.922886e+00
8.926794e+00
8.930703e+00
8.934612e+00
8.938521e+00
8.942429e+00
8.946338e+00
8.950247e+00
8.954155e+00
8.958064e+00
8.961972e+00
8.965881e+00
8.969789e+00
8.973698e+00
8.977606e+00
8.981515e+00
8.985424e+00
8.989332e+00
8.993241e+00
8.997149e+00
9.001058e+00
9.004966e+00
9.008875e+00
9.012783e+00
9.016692e+00
9.020601e+00
9.024509e+00
9.028418e+00
9.032327e+00
9.036236e+00
9.040144e+00
9.044053e+00
9.047961e+00
9.051870e+00
9.055778e+00
9.059687e+00
9.063596e+00
9.067504e+00
9.071413e+00
9.075321e+00
9.079230e+00
9.083138e+00
9.087047e+00
9.090955e+00
9.094864e+00
9.098773e+00
9.102681e+00
9.106590e+00
9.110498e+00
9.114407e+00
9.118315e+00
9.122224e+00
9.126132e+00
9.130042e+00
9.133950e+00
9.137859e+00
9.141767e+00
9.145676e+00
9.149585e+00
9.153493e+00
9.157402e+00
9.161310e+00
9.165219e+00
9.169127e+00
9.173036e+00
9.176944e+00
9.180853e+00
9.184762e+00
9.188670e+00
9.192579e+00
9.196487e+00
9.200396e+00
9.204304e+00
9.208213e+00
9.212121e+00
9.216030e+00
9.219939e+00
9.223847e+00
9.227756e+00
9.231665e+00
9.235574e+00
9.239482e+00
9.243391e+00
9.247299e+00
9.251208e+00
9.255116e+00
9.259025e+00
9.262933e+00
9.266842e+00
9.270751e+00
9.274659e+00
9.278568e+00
9.282476e+00
9.286385e+00
9.290293e+00
9.294202e+00
9.298110e+00
9.302019e+00
9.305928e+00
9.309836e+00
9.313745e+00
9.317653e+00
9.321562e+00
9.325471e+00
9.329380e+00
9.333288e+00
9.337197e+00
9.341105e+00
9.345014e+00
9.348923e+00
9.352831e+00
9.356740e+00
9.360648e+00
9.364557e+00
9.368465e+00
9.372374e+00
9.376282e+00
9.380191e+00
9.384100e+00
9.388008e+00
9.391917e+00
9.395825e+00
9.399734e+00
9.403642e+00
9.407551e+00
9.411459e+00
9.415368e+00
9.419277e+00
9.423186e+00
9.427094e+00
9.431003e+00
9.434912e+00
9.438820e+00
9.442729e+00
9.446637e+00
9.450546e+00
9.454454e+00
9.458363e+00
9.462271e+00
9.466180e+00
9.470089e+00
9.473997e+00
9.477906e+00
9.481814e+00
9.485723e+00
9.489631e+00
9.493540e+00
9.497448e+00
9.501357e+00
9.505266e+00
9.509174e+00
9.513083e+00
9.516991e+00
9.520901e+00
9.524809e+00
9.528718e+00
9.532626e+00
9.536535e+00
9.540443e+00
9.544352e+00
9.548260e+00
9.552169e+00
9.556078e+00
9.559986e+00
9.563895e+00
9.567803e+00
9.571712e+00
9.575620e+00
9.579529e+00
9.583437e+00
9.587346e+00
9.591255e+00
9.595163e+00
9.599072e+00
9.602980e+00
9.606889e+00
9.610797e+00
9.614706e+00
9.618615e+00
9.622524e+00
9.626432e+00
9.630341e+00
9.634250e+00
9.638158e+00
9.642067e+00
9.645975e+00
9.649884e+00
9.653792e+00
9.657701e+00
9.661609e+00
9.665518e+00
9.669427e+00
9.673335e+00
9.677244e+00
9.681152e+00
9.685061e+00
9.688969e+00
9.692878e+00
9.696786e+00
9.700695e+00
9.704603e+00
9.708512e+00
9.712421e+00
9.716329e+00
9.720239e+00
9.724147e+00
9.728056e+00
9.731964e+00
9.735873e+00
9.739781e+00
9.743690e+00
9.747598e+00
9.751507e+00
9.755416e+00
9.759324e+00
9.763233e+00
9.767141e+00
9.771050e+00
9.774958e+00
9.778867e+00
9.782775e+00
9.786684e+00
9.790593e+00
9.794501e+00
9.798410e+00
9.802318e+00
9.806227e+00
9.810135e+00
9.814044e+00
9.817953e+00
9.821862e+00
9.825770e+00
9.829679e+00
9.833587e+00
9.837496e+00
9.841405e+00
9.845313e+00
9.849222e+00
9.853130e+00
9.857039e+00
9.860947e+00
9.864856e+00
9.868764e+00
9.872673e+00
9.876582e+00
9.880490e+00
9.884399e+00
9.888307e+00
9.892216e+00
9.896124e+00
9.900033e+00
9.903941e+00
9.907850e+00
9.911759e+00
9.915668e+00
9.919576e+00
9.923485e+00
9.927394e+00
9.931302e+00
9.935211e+00
9.939119e+00
9.943028e+00
9.946936e+00
9.950845e+00
9.954753e+00
9.958662e+00
9.962571e+00
9.966479e+00
9.970388e+00
9.974296e+00
9.978205e+00
9.982113e+00
9.986022e+00
9.989930e+00
9.993839e+00
9.997748e+00
1.000166e+01
1.000556e+01
1.000947e+01
1.001338e+01
1.001729e+01
1.002120e+01
1.002511e+01
1.002902e+01
1.003293e+01
1.003683e+01
1.004074e+01
1.004465e+01
1.004856e+01
1.005247e+01
1.005638e+01
1.006029e+01
1.006419e+01
1.006810e+01
1.007201e+01
1.007592e+01
1.007983e+01
1.008374e+01
1.008765e+01
1.009155e+01
1.009546e+01
1.009937e+01
1.010328e+01
1.010719e+01
1.011110e+01
1.011501e+01
1.011891e+01
1.012282e+01
1.012673e+01
1.013064e+01
1.013455e+01
1.013846e+01
1.014237e+01
1.014627e+01
1.015018e+01
1.015409e+01
1.015800e+01
1.015763e+01
1.015726e+01
1.015689e+01
1.015653e+01
1.015616e+01
1.015579e+01
1.015542e+01
1.015505e+01
1.015468e+01
1.015431e+01
1.015394e+01
1.015358e+01
1.015321e+01
1.015284e+01
1.015247e+01
1.015210e+01
1.015173e+01
1.015136e+01
1.015099e+01
1.015063e+01
1.015026e+01
1.014989e+01
1.014952e+01
1.014915e+01
1.014878e+01
1.014841e+01
1.014805e+01
1.014768e+01
1.014731e+01
1.014694e+01
1.014657e+01
1.014620e+01
1.014583e+01
1.014547e+01
1.014510e+01
1.014473e+01
1.014436e+01
1.014399e+01
1.014362e+01
1.014325e+01
1.014288e+01
1.014252e+01
1.014215e+01
1.014178e+01
1.014141e+01
1.014104e+01
1.014067e+01
1.014030e+01
1.013993e+01
1.013957e+01
1.013920e+01
1.013883e+01
1.013846e+01
1.013809e+01
1.013772e+01
1.013735e+01
1.013699e+01
1.013662e+01
1.013625e+01
1.013588e+01
1.013551e+01
1.013514e+01
1.013477e+01
1.013440e+01
1.013404e+01
1.013367e+01
1.013330e+01
1.013293e+01
1.013256e+01
1.013219e+01
1.013182e+01
1.013145e+01
1.013109e+01
1.013072e+01
1.013035e+01
1.012998e+01
1.012961e+01
1.012924e+01
1.012887e+01
1.012851e+01
1.012814e+01
1.012777e+01
1.012740e+01
1.012703e+01
1.012666e+01
1.012629e+01
1.012593e+01
1.012556e+01
1.012519e+01
1.012482e+01
1.012445e+01
1.012408e+01
1.012371e+01
1.012334e+01
1.012298e+01
1.012261e+01
1.012224e+01
1.012187e+01
1.012150e+01
1.012113e+01
1.012076e+01
1.012039e+01
1.012003e+01
1.011966e+01
1.011929e+01
1.011892e+01
1.011855e+01
1.011818e+01
1.011781e+01
1.011745e+01
1.011708e+01
1.011671e+01
1.011634e+01
1.011597e+01
1.011560e+01
1.011523e+01
1.011486e+01
1.011450e+01
1.011413e+01
1.011376e+01
1.011339e+01
1.011302e+01
1.011265e+01
1.011228e+01
1.011192e+01
1.011155e+01
1.011118e+01
1.011081e+01
1.011044e+01
1.011007e+01
1.010970e+01
1.010933e+01
1.010897e+01
1.010860e+01
1.010823e+01
1.010786e+01
1.010749e+01
1.010712e+01
1.010675e+01
1.010639e+01
1.010602e+01
1.010565e+01
1.010528e+01
1.010491e+01
1.010454e+01
1.010417e+01
1.010380e+01
1.010344e+01
1.010307e+01
1.010270e+01
1.010233e+01
1.010196e+01
1.010159e+01
1.010122e+01
1.010085e+01
1.010049e+01
1.010012e+01
1.009975e+01
1.009938e+01
1.009901e+01
1.009864e+01
1.009827e+01
1.009791e+01
1.009754e+01
1.009717e+01
1.009680e+01
1.009643e+01
1.009606e+01
1.009569e+01
1.009532e+01
1.009496e+01
1.009459e+01
1.009422e+01
1.009385e+01
1.009348e+01
1.009311e+01
1.009274e+01
1.009238e+01
1.009201e+01
1.009164e+01
1.009127e+01
1.009090e+01
1.009053e+01
1.009016e+01
1.008979e+01
1.008943e+01
1.008906e+01
1.008869e+01
1.008832e+01
1.008795e+01
1.008758e+01
1.008721e+01
1.008685e+01
1.008648e+01
1.008611e+01
1.008574e+01
1.008537e+01
1.008500e+01
1.008463e+01
1.008426e+01
1.008390e+01
1.008353e+01
1.008316e+01
1.008279e+01
1.008242e+01
1.008205e+01
1.008168e+01
1.008132e+01
1.008095e+01
1.008058e+01
1.008021e+01
1.007984e+01
1.007947e+01
1.007910e+01
1.007873e+01
1.007837e+01
1.007800e+01
1.007763e+01
1.007726e+01
1.007689e+01
1.007652e+01
1.007615e+01
1.007579e+01
1.007542e+01
1.007505e+01
1.007468e+01
1.007431e+01
1.007394e+01
1.007357e+01
1.007320e+01
1.007284e+01
1.007247e+01
1.007210e+01
1.007173e+01
1.007136e+01
1.007099e+01
1.007062e+01
1.007026e+01
1.006989e+01
1.006952e+01
1.006915e+01
1.006878e+01
1.006841e+01
1.006804e+01
1.006767e+01
1.006731e+01
1.006694e+01
1.006657e+01
1.006620e+01
1.006583e+01
1.006546e+01
1.006509e+01
1.006472e+01
1.006436e+01
1.006399e+01
1.006362e+01
1.006325e+01
1.006288e+01
1.006251e+01
1.006214e+01
1.006178e+01
1.006141e+01
1.006104e+01
1.006067e+01
1.006030e+01
1.005993e+01
1.005956e+01
1.005919e+01
1.005883e+01
1.005846e+01
1.005809e+01
1.005772e+01
1.005735e+01
1.005698e+01
1.005661e+01
1.005625e+01
1.005588e+01
1.005551e+01
1.005514e+01
1.005477e+01
1.005440e+01
1.005403e+01
1.005366e+01
1.005330e+01
1.005293e+01
1.005256e+01
1.005219e+01
1.005182e+01
1.005145e+01
1.005108e+01
1.005072e+01
1.005035e+01
1.004998e+01
1.004961e+01
1.004924e+01
1.004887e+01
1.004850e+01
1.004813e+01
1.004777e+01
1.004740e+01
1.004703e+01
1.004666e+01
1.004629e+01
1.004592e+01
1.004555e+01
1.004518e+01
1.004482e+01
1.004445e+01
1.004408e+01
1.004371e+01
1.004334e+01
1.004297e+01
1.004260e+01
1.004224e+01
1.004187e+01
1.004150e+01
1.004113e+01
1.004076e+01
1.004039e+01
1.004002e+01
1.003966e+01
1.003929e+01
1.003892e+01
1.003855e+01
1.003818e+01
1.003781e+01
1.003744e+01
1.003707e+01
1.003671e+01
1.003634e+01
1.003597e+01
1.003560e+01
1.003523e+01
1.003486e+01
1.003449e+01
1.003412e+01
1.003376e+01
1.003339e+01
1.003302e+01
1.003265e+01
1.003228e+01
1.003191e+01
1.003154e+01
1.003118e+01
1.003081e+01
1.003044e+01
1.003007e+01
1.002970e+01
1.002933e+01
1.002896e+01
1.002859e+01
1.002823e+01
1.002786e+01
1.002749e+01
1.002712e+01
1.002675e+01
1.002638e+01
1.002601e+01
1.002564e+01
1.002528e+01
1.002491e+01
1.002454e+01
1.002417e+01
1.002380e+01
1.002343e+01
1.002306e+01
1.002270e+01
1.002233e+01
1.002196e+01
1.002159e+01
1.002122e+01
1.002085e+01
1.002048e+01
1.002012e+01
1.001975e+01
1.001938e+01
1.001901e+01
1.001864e+01
1.001827e+01
1.001790e+01
1.001753e+01
1.001717e+01
1.001680e+01
1.001643e+01
1.001606e+01
1.001569e+01
1.001532e+01
1.001495e+01
1.001458e+01
1.001422e+01
1.001385e+01
1.001348e+01
1.001311e+01
1.001274e+01
1.001237e+01
1.001200e+01
1.001164e+01
1.001127e+01
1.001090e+01
1.001053e+01
1.001016e+01
1.000979e+01
1.000942e+01
1.000905e+01
1.000869e+01
1.000832e+01
1.000795e+01
1.000758e+01
1.000721e+01
1.000684e+01
1.000647e+01
1.000610e+01
1.000574e+01
1.000537e+01
1.000500e+01
1.000463e+01
1.000426e+01
1.000389e+01
1.000352e+01
1.000316e+01
1.000279e+01
1.000242e+01
1.000205e+01
1.000168e+01
1.000131e+01
1.000094e+01
1.000058e+01
1.000021e+01
9.999837e+00
9.999469e+00
9.999101e+00
9.998731e+00
9.998363e+00
9.997994e+00
9.997625e+00
9.997257e+00
9.996888e+00
9.996520e+00
9.996151e+00
9.995782e+00
9.995414e+00
9.995045e+00
9.994676e+00
9.994308e+00
9.993938e+00
9.993570e+00
9.993202e+00
9.992833e+00
9.992464e+00
9.992095e+00
9.991727e+00
9.991358e+00
9.990989e+00
9.990621e+00
9.990252e+00
9.989883e+00
9.989515e+00
9.989146e+00
9.988777e+00
9.988409e+00
9.988040e+00
9.987671e+00
9.987303e+00
9.986934e+00
9.986565e+00
9.986197e+00
9.985828e+00
9.985460e+00
9.985090e+00
9.984722e+00
9.984354e+00
9.983984e+00
9.983616e+00
9.983247e+00
9.982878e+00
9.982510e+00
9.982141e+00
9.981773e+00
9.981404e+00
9.981035e+00
9.980667e+00
9.980298e+00
9.979929e+00
9.979561e+00
9.979191e+00
9.978823e+00
9.978455e+00
9.978086e+00
9.977717e+00
9.977348e+00
9.976980e+00
9.976611e+00
9.976242e+00
9.975874e+00
9.975505e+00
9.975136e+00
9.974768e+00
9.974399e+00
9.974030e+00
9.973662e+00
9.973293e+00
9.972924e+00
9.972556e+00
9.973945e+00
9.975333e+00
9.976722e+00
9.978112e+00
9.979500e+00
9.980889e+00
9.982279e+00
9.983668e+00
9.985056e+00
9.986446e+00
9.987835e+00
9.989223e+00
9.990612e+00
9.992002e+00
9.993390e+00
9.994779e+00
9.996169e+00
9.997558e+00
9.998946e+00
1.000034e+01
1.000172e+01
1.000311e+01
1.000450e+01
1.000589e+01
1.000728e+01
1.000867e+01
1.001006e+01
1.001145e+01
1.001284e+01
1.001423e+01
1.001561e+01
1.001700e+01
1.001839e+01
1.001978e+01
1.002117e+01
1.002256e+01
1.002395e+01
1.002534e+01
1.002673e+01
1.002812e+01
1.002950e+01
1.003089e+01
1.003228e+01
1.003367e+01
1.003506e+01
1.003645e+01
1.003784e+01
1.003923e+01
1.004062e+01
1.004201e+01
1.004339e+01
1.004478e+01
1.004617e+01
1.004756e+01
1.004895e+01
1.005034e+01
1.005173e+01
1.005312e+01
1.005451e+01
1.005590e+01
1.005728e+01
1.005867e+01
1.006006e+01
1.006145e+01
1.006284e+01
1.006423e+01
1.006562e+01
1.006701e+01
1.006840e+01
1.006979e+01
1.007117e+01
1.007256e+01
1.007395e+01
1.007534e+01
1.007673e+01
1.007812e+01
1.007951e+01
1.008090e+01
1.008229e+01
1.008368e+01
1.008506e+01
1.008645e+01
1.008784e+01
1.008923e+01
1.009062e+01
1.009201e+01
1.009340e+01
1.009479e+01
1.009618e+01
1.009757e+01
1.009895e+01
1.010034e+01
1.010173e+01
1.010312e+01
1.010451e+01
1.010590e+01
1.010729e+01
1.010868e+01
1.011007e+01
1.011146e+01
1.011284e+01
1.011423e+01
1.011562e+01
1.011701e+01
1.011840e+01
1.011979e+01
1.012118e+01
1.012257e+01
1.012396e+01
1.012535e+01
1.012673e+01
1.012812e+01
1.012951e+01
1.013090e+01
1.013229e+01
1.013368e+01
1.013507e+01
1.013646e+01
1.013785e+01
1.013924e+01
1.014062e+01
1.014201e+01
1.014340e+01
1.014479e+01
1.014618e+01
1.014757e+01
1.014896e+01
1.015035e+01
1.015174e+01
1.015313e+01
1.015451e+01
1.015590e+01
1.015729e+01
1.015868e+01
1.016007e+01
1.016146e+01
1.016285e+01
1.016424e+01
1.016563e+01
1.016702e+01
1.016840e+01
1.016979e+01
1.017118e+01
1.017257e+01
1.017396e+01
1.017535e+01
1.017674e+01
1.017813e+01
1.017952e+01
1.018091e+01
1.018229e+01
1.018368e+01
1.018507e+01
1.018646e+01
1.018785e+01
1.018924e+01
1.019063e+01
1.019202e+01
1.019341e+01
1.019480e+01
1.019618e+01
1.019757e+01
1.019896e+01
1.020035e+01
1.020174e+01
1.020313e+01
1.020452e+01
1.020591e+01
1.020730e+01
1.020869e+01
1.021007e+01
1.021146e+01
1.021285e+01
1.021424e+01
1.021563e+01
1.021702e+01
1.021841e+01
1.021980e+01
1.022119e+01
1.022258e+01
1.022396e+01
1.022535e+01
1.022674e+01
1.022813e+01
1.022952e+01
1.023091e+01
1.023230e+01
1.023369e+01
1.023508e+01
1.023647e+01
1.023785e+01
1.023924e+01
1.024063e+01
1.024202e+01
1.024341e+01
1.024480e+01
1.024619e+01
1.024758e+01
1.024897e+01
1.025036e+01
1.025174e+01
1.025313e+01
1.025452e+01
1.025591e+01
1.025730e+01
1.025869e+01
1.026008e+01
1.026147e+01
1.026286e+01
1.026425e+01
1.026563e+01
1.026702e+01
1.026841e+01
1.026980e+01
1.027119e+01
1.027258e+01
1.027397e+01
1.027536e+01
1.027675e+01
1.027814e+01
1.027952e+01
1.028091e+01
1.028230e+01
1.028369e+01
1.028508e+01
1.028647e+01
1.028786e+01
1.028925e+01
1.029064e+01
1.029203e+01
1.029341e+01
1.029480e+01
1.029619e+01
1.029758e+01
1.029897e+01
1.030036e+01
1.030175e+01
1.030314e+01
1.030453e+01
1.030592e+01
1.030730e+01
1.030869e+01
1.031008e+01
1.031147e+01
1.031286e+01
1.031425e+01
1.031564e+01
1.031703e+01
1.031842e+01
1.031981e+01
1.032119e+01
1.032258e+01
1.032397e+01
1.032536e+01
1.032675e+01
1.032814e+01
1.032953e+01
1.033092e+01
1.033231e+01
1.033370e+01
1.033508e+01
1.033647e+01
1.033786e+01
1.033925e+01
1.034064e+01
1.034203e+01
1.034342e+01
1.034481e+01
1.034620e+01
1.034759e+01
1.034897e+01
1.035036e+01
1.035175e+01
1.035314e+01
1.035453e+01
1.035592e+01
1.035731e+01
1.035870e+01
1.036009e+01
1.036148e+01
1.036286e+01
1.036425e+01
1.036564e+01
1.036703e+01
1.036842e+01
1.036981e+01
1.037120e+01
1.037259e+01
1.037398e+01
1.037537e+01
1.037675e+01
1.037814e+01
1.037953e+01
1.038092e+01
1.038231e+01
1.038370e+01
1.038509e+01
1.038648e+01
1.038787e+01
1.038926e+01
1.039064e+01
1.039203e+01
1.039342e+01
1.039481e+01
1.039620e+01
1.039759e+01
1.039898e+01
1.040037e+01
1.040176e+01
1.040315e+01
1.040453e+01
1.040592e+01
1.040731e+01
1.040870e+01
1.041009e+01
1.041148e+01
1.041287e+01
1.041426e+01
1.041565e+01
1.041704e+01
1.041842e+01
1.041981e+01
1.042120e+01
1.042259e+01
1.042398e+01
1.042537e+01
1.042676e+01
1.042815e+01
1.042954e+01
1.043093e+01
1.043231e+01
1.043370e+01
1.043509e+01
1.043648e+01
1.043787e+01
1.043926e+01
1.044065e+01
1.044204e+01
1.044343e+01
1.044482e+01
1.044620e+01
1.044759e+01
1.044898e+01
1.045037e+01
1.045176e+01
1.045315e+01
1.045454e+01
1.045593e+01
1.045732e+01
1.045871e+01
1.046009e+01
1.046148e+01
1.046287e+01
1.046426e+01
1.046565e+01
1.046704e+01
1.046843e+01
1.046982e+01
1.047121e+01
1.047260e+01
1.047398e+01
1.047537e+01
1.047676e+01
1.047815e+01
1.047954e+01
1.048093e+01
1.048232e+01
1.048371e+01
1.048510e+01
1.048649e+01
1.048787e+01
1.048926e+01
1.049065e+01
1.049204e+01
1.049343e+01
1.049482e+01
1.049621e+01
1.049760e+01
1.049899e+01
1.050038e+01
1.050176e+01
1.050315e+01
1.050454e+01
1.050593e+01
1.050732e+01
1.050871e+01
1.051010e+01
1.051149e+01
1.051288e+01
1.051427e+01
1.051565e+01
1.051704e+01
1.051843e+01
1.051982e+01
1.052121e+01
1.052260e+01
1.052399e+01
1.052538e+01
1.052677e+01
1.052816e+01
1.052954e+01
1.053093e+01
1.053232e+01
1.053371e+01
1.053510e+01
1.053649e+01
1.053788e+01
1.053927e+01
1.054066e+01
1.054205e+01
1.054343e+01
1.054482e+01
1.054621e+01
1.054760e+01
1.054899e+01
1.055038e+01
1.055177e+01
1.055316e+01
1.055455e+01
1.055594e+01
1.055732e+01
1.055871e+01
1.056010e+01
1.056149e+01
1.056288e+01
1.056427e+01
1.056566e+01
1.056705e+01
1.056844e+01
1.056983e+01
1.057121e+01
1.057260e+01
1.057399e+01
1.057538e+01
1.057677e+01
1.057816e+01
1.057955e+01
1.058094e+01
1.058233e+01
1.058372e+01
1.058510e+01
1.058649e+01
1.058788e+01
1.058927e+01
1.059066e+01
1.059205e+01
1.059344e+01
1.059483e+01
1.059622e+01
1.059761e+01
1.059899e+01
1.060038e+01
1.060177e+01
1.060316e+01
1.060455e+01
1.060594e+01
1.060733e+01
1.060872e+01
1.061011e+01
1.061150e+01
1.061288e+01
1.061427e+01
1.061566e+01
1.061705e+01
1.061844e+01
1.061983e+01
1.062122e+01
1.062261e+01
1.062400e+01
1.062539e+01
1.062677e+01
1.062816e+01
1.062955e+01
1.063094e+01
1.063233e+01
1.063372e+01
1.063511e+01
1.063650e+01
1.063789e+01
1.063928e+01
1.064066e+01
