5.800000e-01
5.803332e-01
5.806668e-01
5.810000e-01
5.813332e-01
5.816668e-01
5.820000e-01
5.823332e-01
5.826668e-01
5.830000e-01
5.833332e-01
5.836668e-01
5.840000e-01
5.843332e-01
5.846668e-01
5.850000e-01
5.853332e-01
5.856668e-01
5.860000e-01
5.863332e-01
5.866668e-01
5.870000e-01
5.873332e-01
5.876668e-01
5.880000e-01
5.883332e-01
5.886668e-01
5.890000e-01
5.893332e-01
5.896668e-01
5.900000e-01
5.900000e-01
5.900000e-01
5.900000e-01
5.900000e-01
5.900000e-01
5.900000e-01
5.900000e-01
5.900000e-01
5.900000e-01
5.900000e-01
5.900000e-01
5.900000e-01
5.900000e-01
5.900000e-01
5.900000e-01
5.900000e-01
5.900000e-01
5.900000e-01
5.900000e-01
5.900000e-01
5.903583e-01
5.907167e-01
5.910750e-01
5.914333e-01
5.917917e-01
5.921500e-01
5.925083e-01
5.928667e-01
5.932250e-01
5.935833e-01
5.939417e-01
5.943000e-01
5.946583e-01
5.950167e-01
5.953750e-01
5.957333e-01
5.960917e-01
5.964500e-01
5.968335e-01
5.971667e-01
5.974999e-01
5.978335e-01
5.981667e-01
5.984999e-01
5.988335e-01
5.991667e-01
5.994999e-01
5.998335e-01
6.001667e-01
6.004999e-01
6.008335e-01
6.011667e-01
6.014999e-01
6.018335e-01
6.021667e-01
6.024999e-01
6.028335e-01
6.031667e-01
6.034999e-01
6.038335e-01
6.041667e-01
6.044999e-01
6.048335e-01
6.051667e-01
6.054999e-01
6.058335e-01
6.061667e-01
6.064999e-01
6.068335e-01
6.071667e-01
6.074533e-01
6.077400e-01
6.080267e-01
6.083133e-01
6.086000e-01
6.088867e-01
6.091733e-01
6.094600e-01
6.097467e-01
6.100333e-01
6.103200e-01
6.106067e-01
6.108933e-01
6.111800e-01
6.114667e-01
6.117533e-01
6.120400e-01
6.123267e-01
6.126133e-01
6.129000e-01
6.131867e-01
6.134733e-01
6.137600e-01
6.140467e-01
6.143333e-01
6.146200e-01
6.149067e-01
6.151933e-01
6.154800e-01
6.157667e-01
6.160533e-01
6.163400e-01
6.166267e-01
6.169133e-01
6.172000e-01
6.174867e-01
6.177733e-01
6.180600e-01
6.183467e-01
6.186333e-01
6.189200e-01
6.192067e-01
6.194933e-01
6.197800e-01
6.200667e-01
6.203533e-01
6.206400e-01
6.209267e-01
6.212133e-01
6.215000e-01
6.217567e-01
6.220133e-01
6.222700e-01
6.225267e-01
6.227833e-01
6.230400e-01
6.232967e-01
6.235533e-01
6.238100e-01
6.240667e-01
6.243233e-01
6.245800e-01
6.248367e-01
6.250933e-01
6.253500e-01
6.256067e-01
6.258633e-01
6.261200e-01
6.263767e-01
6.266333e-01
6.268900e-01
6.271467e-01
6.274033e-01
6.276600e-01
6.279167e-01
6.281733e-01
6.284300e-01
6.286867e-01
6.289433e-01
6.292000e-01
6.294567e-01
6.297133e-01
6.299700e-01
6.302267e-01
6.304833e-01
6.307400e-01
6.309967e-01
6.312533e-01
6.315100e-01
6.317667e-01
6.320233e-01
6.322800e-01
6.325367e-01
6.327933e-01
6.330500e-01
6.333067e-01
6.335633e-01
6.338200e-01
6.340767e-01
6.343333e-01
6.366783e-01
6.390233e-01
6.413683e-01
6.437133e-01
6.460583e-01
6.484033e-01
6.507483e-01
6.530933e-01
6.554383e-01
6.577833e-01
6.601283e-01
6.624733e-01
6.648183e-01
6.671633e-01
6.695083e-01
6.718533e-01
6.741983e-01
6.765433e-01
6.788883e-01
6.812333e-01
6.835783e-01
6.859233e-01
6.882683e-01
6.906133e-01
6.929583e-01
6.953033e-01
6.976483e-01
6.999933e-01
7.023383e-01
7.046833e-01
7.070283e-01
7.093733e-01
7.117183e-01
7.140633e-01
7.164083e-01
7.187533e-01
7.210983e-01
7.234433e-01
7.257883e-01
7.281333e-01
7.304783e-01
7.328233e-01
7.351683e-01
7.375133e-01
7.398583e-01
7.422033e-01
7.445483e-01
7.468933e-01
7.492383e-01
7.515833e-01
7.539283e-01
7.562733e-01
7.586183e-01
7.609633e-01
7.633083e-01
7.656533e-01
7.679983e-01
7.703433e-01
7.726883e-01
7.750333e-01
7.773783e-01
7.797233e-01
7.820683e-01
7.844133e-01
7.867583e-01
7.891033e-01
7.914483e-01
7.937933e-01
7.961383e-01
7.984833e-01
8.008283e-01
8.031733e-01
8.055183e-01
8.078633e-01
8.102083e-01
8.125533e-01
8.148983e-01
8.172433e-01
8.195883e-01
8.219333e-01
8.242783e-01
8.266233e-01
8.289683e-01
8.313133e-01
8.336583e-01
8.360033e-01
8.383483e-01
8.406933e-01
8.430383e-01
8.453833e-01
8.477283e-01
8.500733e-01
8.524183e-01
8.547633e-01
8.571083e-01
8.594533e-01
8.617983e-01
8.641433e-01
8.664883e-01
8.688333e-01
8.697033e-01
8.705733e-01
8.714433e-01
8.723133e-01
8.731833e-01
8.740533e-01
8.749233e-01
8.757933e-01
8.766633e-01
8.775333e-01
8.784033e-01
8.792733e-01
8.801433e-01
8.810133e-01
8.818833e-01
8.827533e-01
8.836233e-01
8.844933e-01
8.853633e-01
8.862333e-01
8.871033e-01
8.879733e-01
8.888433e-01
8.897133e-01
8.905833e-01
8.914533e-01
8.923233e-01
8.931933e-01
8.940633e-01
8.949333e-01
8.958033e-01
8.966733e-01
8.975433e-01
8.984133e-01
8.992833e-01
9.001533e-01
9.010233e-01
9.018933e-01
9.027633e-01
9.036333e-01
9.045033e-01
9.053733e-01
9.062433e-01
9.071133e-01
9.079833e-01
9.088533e-01
9.097233e-01
9.105933e-01
9.114633e-01
9.123333e-01
9.132033e-01
9.140733e-01
9.149433e-01
9.158133e-01
9.166833e-01
9.175533e-01
9.184233e-01
9.192933e-01
9.201633e-01
9.210333e-01
9.219033e-01
9.227733e-01
9.236433e-01
9.245133e-01
9.253833e-01
9.262533e-01
9.271233e-01
9.279933e-01
9.288633e-01
9.297333e-01
9.306033e-01
9.314733e-01
9.323433e-01
9.332133e-01
9.340833e-01
9.349533e-01
9.358233e-01
9.366933e-01
9.375633e-01
9.384333e-01
9.393033e-01
9.401733e-01
9.410433e-01
9.419133e-01
9.427833e-01
9.436533e-01
9.445233e-01
9.453933e-01
9.462633e-01
9.471333e-01
9.480033e-01
9.488733e-01
9.497433e-01
9.506133e-01
9.514833e-01
9.523533e-01
9.532233e-01
9.540933e-01
9.549633e-01
9.558333e-01
9.565475e-01
9.572617e-01
9.579758e-01
9.586900e-01
9.594042e-01
9.601183e-01
9.608325e-01
9.615467e-01
9.622608e-01
9.629750e-01
9.636892e-01
9.644033e-01
9.651175e-01
9.658317e-01
9.665458e-01
9.672600e-01
9.679742e-01
9.686883e-01
9.694025e-01
9.701167e-01
9.708308e-01
9.715450e-01
9.722592e-01
9.729733e-01
9.736875e-01
9.744017e-01
9.751158e-01
9.758300e-01
9.765442e-01
9.772583e-01
9.779725e-01
9.786867e-01
9.794008e-01
9.801150e-01
9.808292e-01
9.815433e-01
9.822575e-01
9.829717e-01
9.836858e-01
9.844000e-01
9.851142e-01
9.858283e-01
9.865425e-01
9.872567e-01
9.879708e-01
9.886850e-01
9.893992e-01
9.901133e-01
9.908275e-01
9.915417e-01
9.922558e-01
9.929700e-01
9.936842e-01
9.943983e-01
9.951125e-01
9.958267e-01
9.965408e-01
9.972550e-01
9.979692e-01
9.986833e-01
9.993975e-01
1.000112e+00
1.000826e+00
1.001540e+00
1.002254e+00
1.002968e+00
1.003682e+00
1.004397e+00
1.005111e+00
1.005825e+00
1.006539e+00
1.007253e+00
1.007967e+00
1.008682e+00
1.009396e+00
1.010110e+00
1.010824e+00
1.011538e+00
1.012252e+00
1.012967e+00
1.013681e+00
1.014395e+00
1.015109e+00
1.015823e+00
1.016538e+00
1.017252e+00
1.017966e+00
1.018680e+00
1.019394e+00
1.020108e+00
1.020822e+00
1.021537e+00
1.022251e+00
1.022965e+00
1.023679e+00
1.024393e+00
1.025108e+00
1.025822e+00
1.026536e+00
1.027250e+00
1.027964e+00
1.028678e+00
1.029392e+00
1.030107e+00
1.030821e+00
1.031535e+00
1.032249e+00
1.032963e+00
1.033678e+00
1.034392e+00
1.035106e+00
1.035820e+00
1.036534e+00
1.037248e+00
1.037963e+00
1.038677e+00
1.039391e+00
1.040105e+00
1.040819e+00
1.041533e+00
1.042247e+00
1.042962e+00
1.043676e+00
1.044390e+00
1.045104e+00
1.045818e+00
1.046532e+00
1.047247e+00
1.047961e+00
1.048675e+00
1.049389e+00
1.050103e+00
1.050817e+00
1.051532e+00
1.052246e+00
1.052960e+00
1.053674e+00
1.054388e+00
1.055103e+00
1.055817e+00
1.056531e+00
1.057245e+00
1.057959e+00
1.058673e+00
1.059387e+00
1.060102e+00
1.060816e+00
1.061530e+00
1.062244e+00
1.062958e+00
1.063673e+00
1.064387e+00
1.065101e+00
1.065815e+00
1.066529e+00
1.067243e+00
1.067958e+00
1.068672e+00
1.069386e+00
1.070100e+00
1.070814e+00
1.071528e+00
1.072242e+00
1.072957e+00
1.073671e+00
1.074385e+00
1.075099e+00
1.075813e+00
1.076528e+00
1.077242e+00
1.077956e+00
1.078670e+00
1.079384e+00
1.080098e+00
1.080812e+00
1.081527e+00
1.082241e+00
1.082955e+00
1.083669e+00
1.084383e+00
1.085098e+00
1.085812e+00
1.086526e+00
1.087240e+00
1.087954e+00
1.088668e+00
1.089382e+00
1.090097e+00
1.090811e+00
1.091525e+00
1.092239e+00
1.092953e+00
1.093668e+00
1.094382e+00
1.095096e+00
1.095810e+00
1.096524e+00
1.097238e+00
1.097952e+00
1.098667e+00
1.099538e+00
1.100410e+00
1.101282e+00
1.102153e+00
1.103025e+00
1.103897e+00
1.104768e+00
1.105640e+00
1.106512e+00
1.107383e+00
1.108255e+00
1.109127e+00
1.109998e+00
1.110870e+00
1.111742e+00
1.112613e+00
1.113485e+00
1.114357e+00
1.115228e+00
1.116100e+00
1.116972e+00
1.117843e+00
1.118715e+00
1.119587e+00
1.120458e+00
1.121330e+00
1.122202e+00
1.123073e+00
1.123945e+00
1.124817e+00
1.125688e+00
1.126560e+00
1.127432e+00
1.128303e+00
1.129175e+00
1.130047e+00
1.130918e+00
1.131790e+00
1.132662e+00
1.133533e+00
1.134405e+00
1.135277e+00
1.136148e+00
1.137020e+00
1.137892e+00
1.138763e+00
1.139635e+00
1.140507e+00
1.141378e+00
1.142250e+00
1.143122e+00
1.143993e+00
1.144865e+00
1.145737e+00
1.146608e+00
1.147480e+00
1.148352e+00
1.149223e+00
1.150095e+00
1.150967e+00
1.151838e+00
1.152710e+00
1.153582e+00
1.154453e+00
1.155325e+00
1.156197e+00
1.157068e+00
1.157940e+00
1.158812e+00
1.159683e+00
1.160555e+00
1.161427e+00
1.162298e+00
1.163170e+00
1.164042e+00
1.164913e+00
1.165785e+00
1.166657e+00
1.167528e+00
1.168400e+00
1.169272e+00
1.170143e+00
1.171015e+00
1.171887e+00
1.172758e+00
1.173630e+00
1.174502e+00
1.175373e+00
1.176245e+00
1.177117e+00
1.177988e+00
1.178860e+00
1.179732e+00
1.180603e+00
1.181475e+00
1.182347e+00
1.183218e+00
1.184090e+00
1.184962e+00
1.185833e+00
1.199017e+00
1.212201e+00
1.225385e+00
1.238568e+00
1.251752e+00
1.264936e+00
1.278120e+00
1.291304e+00
1.304488e+00
1.317672e+00
1.330856e+00
1.344039e+00
1.357223e+00
1.370407e+00
1.383591e+00
1.396775e+00
1.409959e+00
1.423143e+00
1.436326e+00
1.449510e+00
1.462694e+00
1.475878e+00
1.489062e+00
1.502246e+00
1.515430e+00
1.528614e+00
1.541797e+00
1.554981e+00
1.568165e+00
1.581349e+00
1.594533e+00
1.607717e+00
1.620901e+00
1.634084e+00
1.647268e+00
1.660452e+00
1.673636e+00
1.686820e+00
1.700004e+00
1.713188e+00
1.726372e+00
1.739555e+00
1.752739e+00
1.765923e+00
1.779107e+00
1.792291e+00
1.805475e+00
1.818659e+00
1.831842e+00
1.845026e+00
1.858210e+00
1.871394e+00
1.884578e+00
1.897762e+00
1.910946e+00
1.924130e+00
1.937313e+00
1.950497e+00
1.963681e+00
1.976865e+00
1.990049e+00
2.003233e+00
2.016417e+00
2.029601e+00
2.042784e+00
2.055968e+00
2.069152e+00
2.082336e+00
2.095520e+00
2.108704e+00
2.121888e+00
2.135071e+00
2.148255e+00
2.161439e+00
2.174623e+00
2.187807e+00
2.200991e+00
2.214175e+00
2.227359e+00
2.240542e+00
2.253726e+00
2.266910e+00
2.280094e+00
2.293278e+00
2.306462e+00
2.319646e+00
2.332829e+00
2.346013e+00
2.359197e+00
2.372381e+00
2.385565e+00
2.398749e+00
2.411933e+00
2.425117e+00
2.438300e+00
2.451484e+00
2.464668e+00
2.477852e+00
2.491036e+00
2.504220e+00
2.517404e+00
2.530587e+00
2.543771e+00
2.556955e+00
2.570139e+00
2.583323e+00
2.596507e+00
2.609691e+00
2.622875e+00
2.636058e+00
2.649242e+00
2.662426e+00
2.675610e+00
2.688794e+00
2.701978e+00
2.715162e+00
2.728345e+00
2.741529e+00
2.754713e+00
2.767897e+00
2.781081e+00
2.794265e+00
2.807449e+00
2.820633e+00
2.833816e+00
2.847000e+00
2.860184e+00
2.873368e+00
2.886552e+00
2.899736e+00
2.912920e+00
2.926103e+00
2.939287e+00
2.952471e+00
2.965655e+00
2.978839e+00
2.992023e+00
3.005207e+00
3.018391e+00
3.031574e+00
3.044758e+00
3.057942e+00
3.071126e+00
3.084310e+00
3.097494e+00
3.110678e+00
3.123861e+00
3.137045e+00
3.150229e+00
3.163413e+00
3.176597e+00
3.189781e+00
3.202965e+00
3.216149e+00
3.229332e+00
3.242516e+00
3.255700e+00
3.268884e+00
3.282068e+00
3.295252e+00
3.308436e+00
3.321620e+00
3.334803e+00
3.347987e+00
3.361171e+00
3.374355e+00
3.387539e+00
3.400723e+00
3.413907e+00
3.427090e+00
3.440274e+00
3.453458e+00
3.466642e+00
3.479826e+00
3.493010e+00
3.506194e+00
3.519378e+00
3.532561e+00
3.545745e+00
3.558929e+00
3.572113e+00
3.585297e+00
3.598481e+00
3.611665e+00
3.624848e+00
3.638032e+00
3.651216e+00
3.664400e+00
3.677584e+00
3.690768e+00
3.703952e+00
3.717136e+00
3.730319e+00
3.743503e+00
3.756687e+00
3.769871e+00
3.783055e+00
3.796239e+00
3.809423e+00
3.822606e+00
3.835790e+00
3.848974e+00
3.862158e+00
3.875342e+00
3.888526e+00
3.901710e+00
3.914894e+00
3.928077e+00
3.941261e+00
3.954445e+00
3.967629e+00
3.980813e+00
3.993997e+00
4.007181e+00
4.020364e+00
4.033548e+00
4.046732e+00
4.059916e+00
4.073100e+00
4.086284e+00
4.099468e+00
4.112652e+00
4.125835e+00
4.139019e+00
4.152203e+00
4.165387e+00
4.178571e+00
4.191755e+00
4.204939e+00
4.218122e+00
4.231306e+00
4.244490e+00
4.257674e+00
4.270858e+00
4.284042e+00
4.297226e+00
4.310410e+00
4.323593e+00
4.336777e+00
4.349961e+00
4.363145e+00
4.376329e+00
4.389513e+00
4.402697e+00
4.415880e+00
4.429064e+00
4.442248e+00
4.455432e+00
4.468616e+00
4.481800e+00
4.494984e+00
4.508168e+00
4.521351e+00
4.534535e+00
4.547719e+00
4.560903e+00
4.574087e+00
4.587271e+00
4.600455e+00
4.613639e+00
4.626822e+00
4.640006e+00
4.653190e+00
4.666374e+00
4.679558e+00
4.692742e+00
4.705926e+00
4.719109e+00
4.732293e+00
4.745477e+00
4.758661e+00
4.771845e+00
4.785029e+00
4.798213e+00
4.811397e+00
4.824580e+00
4.837764e+00
4.850948e+00
4.864132e+00
4.877316e+00
4.890500e+00
4.903684e+00
4.916867e+00
4.930051e+00
4.943235e+00
4.956419e+00
4.969603e+00
4.982787e+00
4.995971e+00
5.009155e+00
5.022338e+00
5.035522e+00
5.048706e+00
5.061890e+00
5.075074e+00
5.088258e+00
5.101442e+00
5.114625e+00
5.127809e+00
5.140993e+00
5.154177e+00
5.167361e+00
5.180545e+00
5.193729e+00
5.206913e+00
5.220096e+00
5.233280e+00
5.246464e+00
5.259648e+00
5.272832e+00
5.286016e+00
5.299200e+00
5.312383e+00
5.325567e+00
5.338751e+00
5.351935e+00
5.365119e+00
5.378303e+00
5.391487e+00
5.404671e+00
5.417854e+00
5.431038e+00
5.444222e+00
5.457406e+00
5.470590e+00
5.483774e+00
5.496958e+00
5.510141e+00
5.523325e+00
5.536509e+00
5.549693e+00
5.562877e+00
5.576061e+00
5.589245e+00
5.602429e+00
5.615612e+00
5.628796e+00
5.641980e+00
5.655164e+00
5.668348e+00
5.681532e+00
5.694716e+00
5.707899e+00
5.721083e+00
5.734267e+00
5.747451e+00
5.760635e+00
5.773819e+00
5.787003e+00
5.800187e+00
5.813370e+00
5.826554e+00
5.839738e+00
5.852922e+00
5.866106e+00
5.879290e+00
5.892474e+00
5.905658e+00
5.918841e+00
5.932025e+00
5.945209e+00
5.958393e+00
5.971577e+00
5.984761e+00
5.997945e+00
6.011128e+00
6.024312e+00
6.037496e+00
6.050680e+00
6.063864e+00
6.077048e+00
6.090232e+00
6.103416e+00
6.116599e+00
6.129783e+00
6.142967e+00
6.156151e+00
6.169335e+00
6.182519e+00
6.195703e+00
6.208886e+00
6.222070e+00
6.235254e+00
6.248438e+00
6.261622e+00
6.274806e+00
6.287990e+00
6.301174e+00
6.314357e+00
6.327541e+00
6.340725e+00
6.353909e+00
6.367093e+00
6.380277e+00
6.393461e+00
6.406644e+00
6.419828e+00
6.433012e+00
6.446196e+00
6.459380e+00
6.472564e+00
6.485748e+00
6.498932e+00
6.512115e+00
6.525299e+00
6.538483e+00
6.551667e+00
6.558179e+00
6.564691e+00
6.571203e+00
6.577716e+00
6.584228e+00
6.590740e+00
6.597252e+00
6.603764e+00
6.610277e+00
6.616789e+00
6.623301e+00
6.629813e+00
6.636326e+00
6.642838e+00
6.649350e+00
6.655862e+00
6.662374e+00
6.668887e+00
6.675399e+00
6.681911e+00
6.688423e+00
6.694936e+00
6.701448e+00
6.707960e+00
6.714472e+00
6.720984e+00
6.727497e+00
6.734009e+00
6.740521e+00
6.747033e+00
6.753546e+00
6.760058e+00
6.766570e+00
6.773082e+00
6.779594e+00
6.786107e+00
6.792619e+00
6.799131e+00
6.805643e+00
6.812156e+00
6.818668e+00
6.825180e+00
6.831692e+00
6.838204e+00
6.844717e+00
6.851229e+00
6.857741e+00
6.864253e+00
6.870766e+00
6.877278e+00
6.883790e+00
6.890302e+00
6.896814e+00
6.903327e+00
6.909839e+00
6.916351e+00
6.922863e+00
6.929376e+00
6.935888e+00
6.942400e+00
6.948912e+00
6.955424e+00
6.961937e+00
6.968449e+00
6.974961e+00
6.981473e+00
6.987986e+00
6.994498e+00
7.001010e+00
7.007522e+00
7.014034e+00
7.020547e+00
7.027059e+00
7.033571e+00
7.040083e+00
7.046596e+00
7.053108e+00
7.059620e+00
7.066132e+00
7.072644e+00
7.079157e+00
7.085669e+00
7.092181e+00
7.098693e+00
7.105206e+00
7.111718e+00
7.118230e+00
7.124742e+00
7.131254e+00
7.137767e+00
7.144279e+00
7.150791e+00
7.157303e+00
7.163816e+00
7.170328e+00
7.176840e+00
7.183352e+00
7.189864e+00
7.196377e+00
7.202889e+00
7.208919e+00
7.214950e+00
7.220980e+00
7.227011e+00
7.233041e+00
7.239071e+00
7.245102e+00
7.251132e+00
7.257163e+00
7.263193e+00
7.269223e+00
7.275254e+00
7.281284e+00
7.287315e+00
7.293345e+00
7.299375e+00
7.305406e+00
7.311436e+00
7.317467e+00
7.323497e+00
7.329527e+00
7.335558e+00
7.341588e+00
7.347619e+00
7.353649e+00
7.359679e+00
7.365710e+00
7.371740e+00
7.377771e+00
7.383801e+00
7.389831e+00
7.395862e+00
7.401892e+00
7.407923e+00
7.413953e+00
7.419983e+00
7.426014e+00
7.432044e+00
7.438075e+00
7.444105e+00
7.450135e+00
7.456166e+00
7.462196e+00
7.468227e+00
7.474257e+00
7.480287e+00
7.486318e+00
7.492348e+00
7.498379e+00
7.504409e+00
7.510439e+00
7.516470e+00
7.522500e+00
7.528531e+00
7.534561e+00
7.540592e+00
7.546622e+00
7.552652e+00
7.558683e+00
7.564713e+00
7.570744e+00
7.576774e+00
7.582804e+00
7.588835e+00
7.594865e+00
7.600896e+00
7.606926e+00
7.612956e+00
7.618987e+00
7.625017e+00
7.631048e+00
7.637078e+00
7.643108e+00
7.649139e+00
7.655169e+00
7.661200e+00
7.667230e+00
7.673260e+00
7.679291e+00
7.685321e+00
7.691352e+00
7.697382e+00
7.703412e+00
7.709443e+00
7.715473e+00
7.721504e+00
7.727534e+00
7.733564e+00
7.739595e+00
7.745625e+00
7.751656e+00
7.757686e+00
7.763716e+00
7.769747e+00
7.775777e+00
7.781808e+00
7.787838e+00
7.793868e+00
7.799899e+00
7.805929e+00
7.811960e+00
7.817990e+00
7.824020e+00
7.830051e+00
7.836081e+00
7.842112e+00
7.848142e+00
7.854172e+00
7.860203e+00
7.866233e+00
7.872264e+00
7.878294e+00
7.884324e+00
7.890355e+00
7.896385e+00
7.902416e+00
7.908446e+00
7.914477e+00
7.920507e+00
7.926537e+00
7.932568e+00
7.938598e+00
7.944629e+00
7.950659e+00
7.956689e+00
7.962720e+00
7.968750e+00
7.974780e+00
7.980811e+00
7.986841e+00
7.992872e+00
7.998902e+00
8.004933e+00
8.010963e+00
8.016993e+00
8.023024e+00
8.029054e+00
8.035085e+00
8.041115e+00
8.047145e+00
8.053176e+00
8.059206e+00
8.065237e+00
8.071267e+00
8.077298e+00
8.083328e+00
8.089358e+00
8.095388e+00
8.101419e+00
8.107449e+00
8.113480e+00
8.119510e+00
8.125541e+00
8.131571e+00
8.137601e+00
8.143632e+00
8.149662e+00
8.155693e+00
8.161723e+00
8.167754e+00
8.173784e+00
8.179814e+00
8.185844e+00
8.191875e+00
8.197905e+00
8.203936e+00
8.209966e+00
8.215997e+00
8.222027e+00
8.228057e+00
8.234088e+00
8.240118e+00
8.246149e+00
8.252179e+00
8.258210e+00
8.264240e+00
8.270270e+00
8.276301e+00
8.282331e+00
8.288362e+00
8.294392e+00
8.300422e+00
8.306453e+00
8.312483e+00
8.318513e+00
8.324544e+00
8.330574e+00
8.336605e+00
8.342635e+00
8.348666e+00
8.354696e+00
8.360726e+00
8.366757e+00
8.372787e+00
8.378818e+00
8.384848e+00
8.390878e+00
8.396909e+00
8.402939e+00
8.408969e+00
8.415000e+00
8.421393e+00
8.427786e+00
8.434179e+00
8.440572e+00
8.446965e+00
8.453358e+00
8.459750e+00
8.466144e+00
8.472536e+00
8.478929e+00
8.485322e+00
8.491715e+00
8.498108e+00
8.504501e+00
8.510894e+00
8.517287e+00
8.523680e+00
8.530073e+00
8.536466e+00
8.542859e+00
8.549252e+00
8.555644e+00
8.562038e+00
8.568430e+00
8.574823e+00
8.581217e+00
8.587609e+00
8.594002e+00
8.600395e+00
8.606788e+00
8.613181e+00
8.619574e+00
8.625967e+00
8.632360e+00
8.638753e+00
8.645146e+00
8.651539e+00
8.657932e+00
8.664325e+00
8.670717e+00
8.677111e+00
8.683503e+00
8.689896e+00
8.696289e+00
8.702682e+00
8.709075e+00
8.715468e+00
8.721861e+00
8.728254e+00
8.734647e+00
8.741040e+00
8.747433e+00
8.753826e+00
8.760219e+00
8.766611e+00
8.773005e+00
8.779397e+00
8.785790e+00
8.792183e+00
8.798576e+00
8.804969e+00
8.811362e+00
8.817755e+00
8.824148e+00
8.830541e+00
8.836934e+00
8.843327e+00
8.849720e+00
8.856113e+00
8.862505e+00
8.868899e+00
8.875291e+00
8.881684e+00
8.888078e+00
8.894470e+00
8.900863e+00
8.907256e+00
8.913649e+00
8.920042e+00
8.926435e+00
8.932828e+00
8.939221e+00
8.945613e+00
8.952007e+00
8.958399e+00
8.964792e+00
8.971186e+00
8.977578e+00
8.983971e+00
8.990364e+00
8.996757e+00
9.003150e+00
9.009543e+00
9.015936e+00
9.022329e+00
9.028722e+00
9.035115e+00
9.041508e+00
9.047901e+00
9.054294e+00
9.060686e+00
9.067080e+00
9.073472e+00
9.079865e+00
9.086258e+00
9.092651e+00
9.099044e+00
9.105437e+00
9.111830e+00
9.118223e+00
9.124616e+00
9.131009e+00
9.137402e+00
9.143795e+00
9.150188e+00
9.156580e+00
9.162974e+00
9.169366e+00
9.175759e+00
9.182152e+00
9.188545e+00
9.194938e+00
9.201331e+00
9.207724e+00
9.214117e+00
9.220510e+00
9.226903e+00
9.233296e+00
9.239689e+00
9.246082e+00
9.252474e+00
9.258868e+00
9.265260e+00
9.271653e+00
9.278047e+00
9.284439e+00
9.290832e+00
9.297225e+00
9.303618e+00
9.310011e+00
9.316404e+00
9.322797e+00
9.329190e+00
9.335583e+00
9.341976e+00
9.348368e+00
9.354762e+00
9.361155e+00
9.367547e+00
9.373941e+00
9.380333e+00
9.386726e+00
9.393119e+00
9.399512e+00
9.405905e+00
9.412298e+00
9.418691e+00
9.425084e+00
9.431477e+00
9.437870e+00
9.444263e+00
9.450656e+00
9.457049e+00
9.463441e+00
9.469835e+00
9.476227e+00
9.482620e+00
9.489013e+00
9.495406e+00
9.501799e+00
9.508192e+00
9.514585e+00
9.520978e+00
9.527371e+00
9.533764e+00
9.540157e+00
9.546550e+00
9.552943e+00
9.559335e+00
9.565729e+00
9.572121e+00
9.578514e+00
9.584907e+00
9.591300e+00
9.597693e+00
9.604086e+00
9.610479e+00
9.616872e+00
9.623265e+00
9.629658e+00
9.636051e+00
9.642444e+00
9.648837e+00
9.655229e+00
9.661623e+00
9.668016e+00
9.674408e+00
9.680802e+00
9.687194e+00
9.693587e+00
9.699980e+00
9.706373e+00
9.712766e+00
9.719159e+00
9.725552e+00
9.731945e+00
9.738338e+00
9.744731e+00
9.751124e+00
9.757517e+00
9.763910e+00
9.770302e+00
9.776696e+00
9.783088e+00
9.789481e+00
9.795874e+00
9.802267e+00
9.808660e+00
9.815053e+00
9.821446e+00
9.827839e+00
9.834232e+00
9.840625e+00
9.847018e+00
9.853411e+00
9.859804e+00
9.866196e+00
9.872589e+00
9.878982e+00
9.885375e+00
9.891768e+00
9.898161e+00
9.904554e+00
9.910947e+00
9.917340e+00
9.923733e+00
9.930126e+00
9.936519e+00
9.942912e+00
9.949304e+00
9.955698e+00
9.962090e+00
9.968483e+00
9.974876e+00
9.981269e+00
9.987662e+00
9.994055e+00
1.000045e+01
1.000684e+01
1.001323e+01
1.001963e+01
1.002602e+01
1.003241e+01
1.003881e+01
1.004520e+01
1.005159e+01
1.005798e+01
1.006438e+01
1.007077e+01
1.007716e+01
1.008356e+01
1.008995e+01
1.009634e+01
1.010273e+01
1.010913e+01
1.011552e+01
1.012191e+01
1.012831e+01
1.013470e+01
1.014109e+01
1.014749e+01
1.015388e+01
1.016027e+01
1.016666e+01
1.017306e+01
1.017945e+01
1.018584e+01
1.019224e+01
1.019863e+01
1.020502e+01
1.021141e+01
1.021781e+01
1.022420e+01
1.023059e+01
1.023699e+01
1.024338e+01
1.024977e+01
1.025617e+01
1.026256e+01
1.026895e+01
1.027534e+01
1.028174e+01
1.028813e+01
1.029452e+01
1.030092e+01
1.030731e+01
1.031370e+01
1.032010e+01
1.032649e+01
1.033288e+01
1.033927e+01
1.034567e+01
1.035236e+01
1.035906e+01
1.036575e+01
1.037245e+01
1.037915e+01
1.038584e+01
1.039254e+01
1.039923e+01
1.040593e+01
1.041263e+01
1.041932e+01
1.042602e+01
1.043271e+01
1.043941e+01
1.044611e+01
1.045280e+01
1.045950e+01
1.046619e+01
1.047289e+01
1.047959e+01
1.048628e+01
1.049298e+01
1.049967e+01
1.050637e+01
1.051307e+01
1.051976e+01
1.052646e+01
1.053315e+01
1.053985e+01
1.054655e+01
1.055324e+01
1.055994e+01
1.056663e+01
1.057333e+01
1.058003e+01
1.058672e+01
1.059342e+01
1.060011e+01
1.060681e+01
1.061351e+01
1.062020e+01
1.062690e+01
1.063359e+01
1.064029e+01
1.064699e+01
1.065368e+01
1.066038e+01
1.066707e+01
1.067377e+01
1.068046e+01
1.068716e+01
1.069386e+01
1.070055e+01
1.070725e+01
1.071394e+01
1.072064e+01
1.072734e+01
1.073403e+01
1.074073e+01
1.074742e+01
1.075412e+01
1.076082e+01
1.076751e+01
1.077421e+01
1.078090e+01
1.078760e+01
1.079430e+01
1.080099e+01
1.080769e+01
1.081438e+01
1.082108e+01
1.082778e+01
1.083447e+01
1.084117e+01
1.084786e+01
1.085456e+01
1.086126e+01
1.086795e+01
1.087465e+01
1.088134e+01
1.088804e+01
1.089474e+01
1.090143e+01
1.090813e+01
1.091482e+01
1.092152e+01
1.092822e+01
1.093491e+01
1.094161e+01
1.094830e+01
1.095500e+01
1.096170e+01
1.096839e+01
1.097509e+01
1.098178e+01
1.098848e+01
1.099518e+01
1.100187e+01
1.100857e+01
1.101526e+01
1.102196e+01
1.102866e+01
1.103535e+01
1.104205e+01
1.104874e+01
1.105544e+01
1.106214e+01
1.106883e+01
1.107553e+01
1.108222e+01
1.108892e+01
1.109561e+01
1.110231e+01
1.110901e+01
1.111570e+01
1.112240e+01
1.112909e+01
1.113579e+01
1.114249e+01
1.114918e+01
1.115588e+01
1.116257e+01
1.116927e+01
1.117597e+01
1.118266e+01
1.118936e+01
1.119605e+01
1.120275e+01
1.120945e+01
1.121614e+01
1.122284e+01
1.122953e+01
1.123623e+01
1.124293e+01
1.124962e+01
1.125632e+01
1.126301e+01
1.126971e+01
1.127641e+01
1.128310e+01
1.128980e+01
1.129649e+01
1.130319e+01
1.130989e+01
1.131658e+01
1.132328e+01
1.132997e+01
1.133667e+01
1.134337e+01
1.135006e+01
1.135676e+01
1.136345e+01
1.137015e+01
1.137685e+01
1.138354e+01
1.139024e+01
1.139693e+01
1.140363e+01
1.141033e+01
1.141702e+01
1.142372e+01
1.143041e+01
1.143711e+01
1.144381e+01
1.145050e+01
1.145720e+01
1.146389e+01
1.147059e+01
1.147728e+01
1.148398e+01
1.149068e+01
1.149737e+01
1.150407e+01
1.151076e+01
1.151746e+01
1.152416e+01
1.153085e+01
1.153755e+01
1.154424e+01
1.155094e+01
1.155764e+01
1.156433e+01
1.157103e+01
1.157772e+01
1.158442e+01
1.159112e+01
1.159781e+01
1.160451e+01
1.161120e+01
1.161790e+01
1.162460e+01
1.163129e+01
1.163799e+01
1.164468e+01
1.165138e+01
1.165808e+01
1.166477e+01
1.167147e+01
1.167816e+01
1.168486e+01
1.169156e+01
1.169832e+01
1.170509e+01
1.171186e+01
1.171862e+01
1.172539e+01
1.173216e+01
1.173893e+01
1.174569e+01
1.175246e+01
1.175923e+01
1.176600e+01
1.177276e+01
1.177953e+01
1.178630e+01
1.179306e+01
1.179983e+01
1.180660e+01
1.181337e+01
1.182013e+01
1.182690e+01
1.183367e+01
1.184044e+01
1.184720e+01
1.185397e+01
1.186074e+01
1.186750e+01
1.187427e+01
1.188104e+01
1.188781e+01
1.189457e+01
1.190134e+01
1.190811e+01
1.191488e+01
1.192164e+01
1.192841e+01
1.193518e+01
1.194194e+01
1.194871e+01
1.195548e+01
1.196225e+01
1.196901e+01
1.197578e+01
1.198255e+01
1.198932e+01
1.199608e+01
1.200285e+01
1.200962e+01
1.201638e+01
1.202315e+01
1.202992e+01
1.203669e+01
1.204345e+01
1.205022e+01
1.205699e+01
1.206376e+01
1.207052e+01
1.207729e+01
1.208406e+01
1.209082e+01
1.209759e+01
1.210436e+01
1.211113e+01
1.211789e+01
1.212466e+01
1.213143e+01
1.213820e+01
1.214496e+01
1.215173e+01
1.215850e+01
1.216526e+01
1.217203e+01
1.217880e+01
1.218557e+01
1.219233e+01
1.219910e+01
1.220587e+01
1.221264e+01
1.221940e+01
1.222617e+01
1.223294e+01
1.223970e+01
1.224647e+01
1.225324e+01
1.226001e+01
1.226677e+01
1.227354e+01
1.228031e+01
1.228708e+01
1.229384e+01
1.230061e+01
1.230738e+01
1.231414e+01
1.232091e+01
1.232768e+01
1.233445e+01
1.234121e+01
1.234798e+01
1.235475e+01
1.236152e+01
1.236828e+01
1.237505e+01
1.238182e+01
1.238859e+01
1.239535e+01
1.240212e+01
1.240889e+01
1.241565e+01
1.242242e+01
1.242919e+01
1.243596e+01
1.244272e+01
1.244949e+01
1.245626e+01
1.246303e+01
1.246979e+01
1.247656e+01
1.248333e+01
1.249009e+01
1.249686e+01
1.250363e+01
1.251040e+01
1.251716e+01
1.252393e+01
1.253070e+01
1.253746e+01
1.254423e+01
1.255100e+01
1.255777e+01
1.256453e+01
1.257130e+01
1.257807e+01
1.258484e+01
1.259160e+01
1.259837e+01
1.260514e+01
1.261190e+01
1.261867e+01
1.262544e+01
1.263221e+01
1.263897e+01
1.264574e+01
1.265251e+01
1.265928e+01
1.266604e+01
1.267281e+01
1.267958e+01
1.268634e+01
1.269311e+01
1.269988e+01
1.270665e+01
1.271341e+01
1.272018e+01
1.272695e+01
1.273372e+01
1.274048e+01
1.274725e+01
1.275402e+01
1.276078e+01
1.276755e+01
1.277432e+01
1.278109e+01
1.278785e+01
1.279462e+01
1.280139e+01
1.280816e+01
1.281492e+01
1.282169e+01
1.282846e+01
1.283522e+01
1.284199e+01
1.284876e+01
1.285553e+01
1.286229e+01
1.286906e+01
1.287583e+01
1.288260e+01
1.288936e+01
1.289613e+01
1.290290e+01
1.290967e+01
1.291643e+01
1.292320e+01
1.292997e+01
1.293673e+01
1.294350e+01
1.295027e+01
1.295704e+01
1.296380e+01
1.297057e+01
1.297734e+01
1.298411e+01
1.299087e+01
1.299764e+01
1.300441e+01
1.301117e+01
1.301794e+01
1.302471e+01
1.303148e+01
1.303824e+01
1.304501e+01
1.305178e+01
1.305876e+01
1.306573e+01
1.307271e+01
1.307969e+01
1.308667e+01
1.309365e+01
1.310063e+01
1.310760e+01
1.311458e+01
1.312156e+01
1.312854e+01
1.313552e+01
1.314250e+01
1.314947e+01
1.315645e+01
1.316343e+01
1.317041e+01
1.317739e+01
1.318437e+01
1.319134e+01
1.319832e+01
1.320530e+01
1.321228e+01
1.321926e+01
1.322623e+01
1.323321e+01
1.324019e+01
1.324717e+01
1.325415e+01
1.326113e+01
1.326810e+01
1.327508e+01
1.328206e+01
1.328904e+01
1.329602e+01
1.330300e+01
1.330997e+01
1.331695e+01
1.332393e+01
1.333091e+01
1.333789e+01
1.334487e+01
1.335184e+01
1.335882e+01
1.336580e+01
1.337278e+01
1.337976e+01
1.338674e+01
1.339371e+01
1.340069e+01
1.340767e+01
1.341465e+01
1.342163e+01
1.342861e+01
1.343558e+01
1.344256e+01
1.344954e+01
1.345652e+01
1.346350e+01
1.347048e+01
1.347745e+01
1.348443e+01
1.349141e+01
1.349839e+01
1.350537e+01
1.351235e+01
1.351932e+01
1.352630e+01
1.353328e+01
1.354026e+01
1.354724e+01
1.355421e+01
1.356119e+01
1.356817e+01
1.357515e+01
1.358213e+01
1.358911e+01
1.359608e+01
1.360306e+01
1.361004e+01
1.361702e+01
1.362400e+01
1.363098e+01
1.363795e+01
1.364493e+01
1.365191e+01
1.365889e+01
1.366587e+01
1.367285e+01
1.367982e+01
1.368680e+01
1.369378e+01
1.370076e+01
1.370774e+01
1.371472e+01
1.372169e+01
1.372867e+01
1.373565e+01
1.374263e+01
1.374961e+01
1.375659e+01
1.376356e+01
1.377054e+01
1.377752e+01
1.378450e+01
1.379148e+01
1.379846e+01
1.380543e+01
1.381241e+01
1.381939e+01
1.382637e+01
1.383335e+01
1.384032e+01
1.384730e+01
1.385428e+01
1.386126e+01
1.386824e+01
1.387522e+01
1.388219e+01
1.388917e+01
1.389615e+01
1.390313e+01
1.391011e+01
1.391709e+01
1.392406e+01
1.393104e+01
1.393802e+01
1.394500e+01
1.395198e+01
1.395896e+01
1.396593e+01
1.397291e+01
1.397989e+01
1.398687e+01
1.399385e+01
1.400083e+01
1.400780e+01
1.401478e+01
1.402176e+01
1.402874e+01
1.403572e+01
1.404270e+01
1.404967e+01
1.405665e+01
1.406363e+01
1.407061e+01
1.407759e+01
1.408457e+01
1.409154e+01
1.409852e+01
1.410550e+01
1.411248e+01
1.411946e+01
1.412643e+01
1.413341e+01
1.414039e+01
1.414737e+01
1.415435e+01
1.416133e+01
1.416830e+01
1.417528e+01
1.418226e+01
1.418924e+01
1.419622e+01
1.420320e+01
1.421017e+01
1.421715e+01
1.422413e+01
1.423111e+01
1.423809e+01
1.424507e+01
1.425204e+01
1.425902e+01
1.426600e+01
1.427298e+01
1.427996e+01
1.428694e+01
1.429391e+01
1.430089e+01
1.430787e+01
1.431485e+01
1.432183e+01
1.432881e+01
1.433578e+01
1.434276e+01
1.434974e+01
1.435672e+01
1.436370e+01
1.437068e+01
1.437765e+01
1.438463e+01
1.439161e+01
1.439859e+01
1.440557e+01
1.441254e+01
1.441952e+01
1.442650e+01
1.443348e+01
1.444046e+01
1.444744e+01
1.445441e+01
1.446139e+01
1.446837e+01
1.447535e+01
1.448233e+01
1.448931e+01
1.449628e+01
1.450326e+01
1.451024e+01
1.451722e+01
1.452420e+01
1.453118e+01
1.453815e+01
1.454513e+01
1.455211e+01
1.455909e+01
1.456607e+01
1.457305e+01
1.458002e+01
1.458700e+01
1.459398e+01
1.460096e+01
1.460794e+01
1.461492e+01
1.462189e+01
1.462887e+01
1.463585e+01
1.464283e+01
1.464981e+01
1.465679e+01
1.466376e+01
1.467074e+01
1.467772e+01
1.468470e+01
1.469168e+01
1.469865e+01
1.470563e+01
1.471261e+01
1.471959e+01
1.472657e+01
1.473355e+01
1.474052e+01
1.474750e+01
1.475448e+01
1.476146e+01
1.476844e+01
1.477542e+01
1.478239e+01
1.478937e+01
1.479635e+01
1.480333e+01
1.481031e+01
1.481729e+01
1.482426e+01
1.483124e+01
1.483822e+01
1.484520e+01
1.485218e+01
1.485916e+01
1.486613e+01
1.487311e+01
1.488009e+01
1.488707e+01
1.489405e+01
1.490103e+01
1.490800e+01
1.491498e+01
1.492196e+01
1.492894e+01
1.493592e+01
1.494290e+01
1.494987e+01
1.495685e+01
1.496383e+01
1.497081e+01
1.497779e+01
1.498477e+01
1.499174e+01
1.499872e+01
1.500570e+01
1.501268e+01
1.501966e+01
1.502663e+01
1.503361e+01
1.504059e+01
1.504757e+01
1.505455e+01
1.506153e+01
1.506850e+01
1.507548e+01
1.508246e+01
1.508944e+01
1.509642e+01
1.510340e+01
1.511037e+01
1.511735e+01
1.512433e+01
1.513131e+01
1.513829e+01
1.514527e+01
1.515224e+01
1.515922e+01
1.516563e+01
1.517205e+01
1.517846e+01
1.518487e+01
1.519128e+01
1.519769e+01
1.520411e+01
1.521052e+01
1.521693e+01
1.522334e+01
1.522975e+01
1.523616e+01
1.524258e+01
1.524899e+01
1.525540e+01
1.526181e+01
1.526822e+01
1.527464e+01
1.528105e+01
1.528746e+01
1.529387e+01
1.530028e+01
1.530670e+01
1.531311e+01
1.531952e+01
1.532593e+01
1.533234e+01
1.533876e+01
1.534517e+01
1.535158e+01
1.535799e+01
1.536440e+01
1.537082e+01
1.537723e+01
1.538364e+01
1.539005e+01
1.539646e+01
1.540287e+01
1.540929e+01
1.541570e+01
1.542211e+01
1.542852e+01
1.543493e+01
1.544135e+01
1.544776e+01
1.545417e+01
1.546058e+01
1.546699e+01
1.547341e+01
1.547982e+01
1.548623e+01
1.549264e+01
1.549905e+01
1.550547e+01
1.551188e+01
1.551829e+01
1.552470e+01
1.553111e+01
1.553752e+01
1.554394e+01
1.555035e+01
1.555676e+01
1.556317e+01
1.556958e+01
1.557600e+01
1.558241e+01
1.558882e+01
1.559523e+01
1.560164e+01
1.560806e+01
1.561447e+01
1.562088e+01
1.562729e+01
1.563370e+01
1.564012e+01
1.564653e+01
1.565294e+01
1.565935e+01
1.566576e+01
1.567217e+01
1.567859e+01
1.568500e+01
1.569141e+01
1.569782e+01
1.570423e+01
1.571065e+01
1.571706e+01
1.572347e+01
1.572988e+01
1.573629e+01
1.574271e+01
1.574912e+01
1.575553e+01
1.576194e+01
1.576835e+01
1.577477e+01
1.578118e+01
1.578759e+01
1.579400e+01
1.580041e+01
1.580682e+01
1.581324e+01
1.581965e+01
1.582606e+01
1.583247e+01
1.583888e+01
1.584530e+01
1.585171e+01
1.585812e+01
1.586453e+01
1.587094e+01
1.587736e+01
1.588377e+01
1.589018e+01
1.589659e+01
1.590300e+01
1.590942e+01
1.591583e+01
1.592224e+01
1.592865e+01
1.593506e+01
1.594148e+01
1.594789e+01
1.595430e+01
1.596071e+01
1.596712e+01
1.597353e+01
1.597995e+01
1.598636e+01
1.599277e+01
1.599918e+01
1.600559e+01
1.601201e+01
1.601842e+01
1.602483e+01
1.603124e+01
1.603765e+01
1.604407e+01
1.605048e+01
1.605689e+01
1.606330e+01
1.606971e+01
1.607613e+01
1.608254e+01
1.608895e+01
1.609536e+01
1.610177e+01
1.610818e+01
1.611460e+01
1.612101e+01
1.612742e+01
1.613383e+01
1.614024e+01
1.614666e+01
1.615307e+01
1.615948e+01
1.616589e+01
1.617230e+01
1.617872e+01
1.618513e+01
1.619154e+01
1.619795e+01
1.620436e+01
1.621078e+01
1.621719e+01
1.622360e+01
1.623001e+01
1.623642e+01
1.624283e+01
1.624925e+01
1.625566e+01
1.626207e+01
1.626848e+01
1.627489e+01
1.628131e+01
1.628772e+01
1.629413e+01
1.630054e+01
1.630695e+01
1.631337e+01
1.631978e+01
1.632619e+01
1.633260e+01
1.633901e+01
1.634543e+01
1.635184e+01
1.635825e+01
1.636466e+01
1.637107e+01
1.637748e+01
1.638390e+01
1.639031e+01
1.639672e+01
1.640313e+01
1.640954e+01
1.641596e+01
1.642237e+01
1.642878e+01
1.643519e+01
1.644160e+01
1.644802e+01
1.645443e+01
1.646084e+01
1.646725e+01
1.647366e+01
1.648008e+01
1.648649e+01
1.649290e+01
1.649931e+01
1.650572e+01
1.651213e+01
1.651855e+01
1.652496e+01
1.653137e+01
1.653778e+01
1.654419e+01
1.655061e+01
1.655702e+01
1.656343e+01
1.656984e+01
1.657625e+01
1.658267e+01
1.658908e+01
1.659549e+01
1.660190e+01
1.660831e+01
1.661473e+01
1.662114e+01
1.662755e+01
1.663396e+01
1.664037e+01
1.664678e+01
1.665320e+01
1.665961e+01
1.666602e+01
1.667243e+01
1.667884e+01
1.668526e+01
1.669167e+01
1.669808e+01
1.670449e+01
1.671090e+01
1.671732e+01
1.672373e+01
1.673014e+01
1.673655e+01
1.674296e+01
1.674938e+01
1.675579e+01
1.676220e+01
1.676861e+01
1.677502e+01
1.678143e+01
1.678785e+01
1.679426e+01
1.680067e+01
1.680708e+01
1.681349e+01
1.681991e+01
1.682632e+01
1.683273e+01
1.683914e+01
1.684555e+01
1.685197e+01
1.685838e+01
1.686479e+01
1.687120e+01
1.687761e+01
1.688403e+01
1.689044e+01
1.689685e+01
1.690326e+01
1.690967e+01
1.691609e+01
1.692250e+01
1.692891e+01
1.693532e+01
1.694173e+01
1.694814e+01
1.695456e+01
1.696097e+01
1.696738e+01
1.697379e+01
1.698020e+01
1.698662e+01
1.699303e+01
1.699944e+01
1.700585e+01
1.701226e+01
1.701868e+01
1.702509e+01
1.703150e+01
1.703791e+01
1.704432e+01
1.705074e+01
1.705715e+01
1.706356e+01
1.706997e+01
1.707638e+01
1.708279e+01
1.708921e+01
1.709562e+01
1.710203e+01
1.710844e+01
1.711485e+01
1.712127e+01
1.712768e+01
1.713409e+01
1.714050e+01
1.714691e+01
1.715333e+01
1.715974e+01
1.716615e+01
1.717256e+01
1.717897e+01
1.718539e+01
1.719180e+01
1.719821e+01
1.720462e+01
1.721103e+01
1.721744e+01
1.722386e+01
1.723027e+01
1.723668e+01
1.724309e+01
1.724950e+01
1.725592e+01
1.726233e+01
1.726874e+01
1.727515e+01
1.728156e+01
1.728798e+01
1.729439e+01
1.730080e+01
1.730721e+01
1.731362e+01
1.732003e+01
1.732645e+01
1.733286e+01
1.733927e+01
1.734568e+01
1.735209e+01
1.735851e+01
1.736492e+01
1.737133e+01
1.737774e+01
1.738415e+01
1.739057e+01
1.739698e+01
1.740339e+01
1.740980e+01
1.741621e+01
1.742263e+01
1.742904e+01
1.743545e+01
1.744186e+01
1.744827e+01
1.745469e+01
1.746110e+01
1.746751e+01
1.747392e+01
1.748033e+01
1.748674e+01
1.749316e+01
1.749957e+01
1.750598e+01
1.751239e+01
1.751880e+01
1.752522e+01
1.753163e+01
1.753804e+01
1.754445e+01
1.755086e+01
1.755728e+01
1.756369e+01
1.757010e+01
1.757651e+01
1.758292e+01
1.758934e+01
1.759575e+01
1.760216e+01
1.760857e+01
1.761498e+01
1.762139e+01
1.762781e+01
1.763422e+01
1.764063e+01
1.764704e+01
1.765345e+01
1.765987e+01
1.766628e+01
1.767269e+01
1.767910e+01
1.768551e+01
1.769193e+01
1.769834e+01
1.770475e+01
1.771116e+01
1.771757e+01
1.772399e+01
1.773040e+01
1.773681e+01
1.774322e+01
1.774963e+01
1.775604e+01
1.776246e+01
1.776887e+01
1.777528e+01
1.778169e+01
1.778810e+01
1.779452e+01
1.780093e+01
1.780734e+01
1.781375e+01
1.782016e+01
1.782658e+01
1.783299e+01
1.783940e+01
1.784581e+01
1.785222e+01
1.785864e+01
1.786505e+01
1.787146e+01
1.787787e+01
1.788428e+01
1.789070e+01
1.789711e+01
1.790352e+01
1.790993e+01
1.791634e+01
1.792275e+01
1.792917e+01
1.793558e+01
1.794199e+01
1.794840e+01
1.795481e+01
1.796123e+01
1.796764e+01
1.797405e+01
1.798046e+01
1.798687e+01
1.799329e+01
1.799970e+01
1.800611e+01
1.801252e+01
1.801893e+01
1.802535e+01
1.803176e+01
1.803817e+01
1.804458e+01
1.805099e+01
1.805740e+01
1.806382e+01
1.807023e+01
1.807664e+01
1.808305e+01
1.808946e+01
1.809588e+01
1.810229e+01
1.810870e+01
1.811511e+01
1.812152e+01
1.812794e+01
1.813435e+01
1.814076e+01
1.814717e+01
1.815358e+01
1.816000e+01
1.816641e+01
1.817282e+01
1.817923e+01
1.818564e+01
1.819205e+01
1.819847e+01
1.820488e+01
1.821129e+01
1.821770e+01
1.822411e+01
1.823053e+01
1.823694e+01
1.824335e+01
1.824976e+01
1.825617e+01
1.826259e+01
1.826900e+01
1.827541e+01
1.828182e+01
1.828823e+01
1.829464e+01
1.830106e+01
1.830747e+01
1.831388e+01
1.832029e+01
1.832670e+01
1.833312e+01
1.833953e+01
1.834594e+01
1.835235e+01
1.835876e+01
1.836518e+01
1.837159e+01
1.837800e+01
1.838189e+01
1.838578e+01
1.838968e+01
1.839357e+01
1.839746e+01
1.840135e+01
1.840525e+01
1.840914e+01
1.841303e+01
1.841692e+01
1.842082e+01
1.842471e+01
1.842860e+01
1.843249e+01
1.843639e+01
1.844028e+01
1.844417e+01
1.844806e+01
1.845196e+01
1.845585e+01
1.845974e+01
1.846363e+01
1.846753e+01
1.847142e+01
1.847531e+01
1.847920e+01
1.848310e+01
1.848699e+01
1.849088e+01
1.849477e+01
1.849867e+01
1.850256e+01
1.850645e+01
1.851034e+01
1.851423e+01
1.851813e+01
1.852202e+01
1.852591e+01
1.852980e+01
1.853370e+01
1.853759e+01
1.854148e+01
1.854537e+01
1.854927e+01
1.855316e+01
1.855705e+01
1.856094e+01
1.856484e+01
1.856873e+01
1.857262e+01
1.857651e+01
1.858041e+01
1.858430e+01
1.858819e+01
1.859208e+01
1.859598e+01
1.859987e+01
1.860376e+01
1.860765e+01
1.861155e+01
1.861544e+01
1.861933e+01
1.862322e+01
1.862712e+01
1.863101e+01
1.863490e+01
1.863879e+01
1.864268e+01
1.864658e+01
1.865047e+01
1.865436e+01
1.865825e+01
1.866215e+01
1.866604e+01
1.866993e+01
1.867382e+01
1.867772e+01
1.868161e+01
1.868550e+01
1.868939e+01
1.869329e+01
1.869718e+01
1.870107e+01
1.870496e+01
1.870886e+01
1.871275e+01
1.871664e+01
1.872053e+01
1.872443e+01
1.872832e+01
1.873221e+01
1.873610e+01
1.874000e+01
1.874389e+01
1.874778e+01
1.875167e+01
1.875557e+01
1.875946e+01
1.876335e+01
1.876724e+01
1.877113e+01
1.877503e+01
1.877892e+01
1.878281e+01
1.878670e+01
1.879060e+01
1.879449e+01
1.879838e+01
1.880227e+01
1.880617e+01
1.881006e+01
1.881395e+01
1.881784e+01
1.882174e+01
1.882563e+01
1.882952e+01
1.883341e+01
1.883731e+01
1.884120e+01
1.884509e+01
1.884898e+01
1.885288e+01
1.885677e+01
1.886066e+01
1.886455e+01
1.886845e+01
1.887234e+01
1.887623e+01
1.888012e+01
1.888402e+01
1.888791e+01
1.889180e+01
1.889569e+01
1.889958e+01
1.890348e+01
1.890737e+01
1.891126e+01
1.891515e+01
1.891905e+01
1.892294e+01
1.892683e+01
1.893072e+01
1.893462e+01
1.893851e+01
1.894240e+01
1.894629e+01
1.895019e+01
1.895408e+01
1.895797e+01
1.896186e+01
1.896576e+01
1.896965e+01
1.897354e+01
1.897743e+01
1.898133e+01
1.898522e+01
1.898911e+01
1.899300e+01
1.899690e+01
1.900079e+01
1.900468e+01
1.900857e+01
1.901246e+01
1.901636e+01
1.902025e+01
1.902414e+01
1.902803e+01
1.903193e+01
1.903582e+01
1.903971e+01
1.904360e+01
1.904750e+01
1.905139e+01
1.905528e+01
1.905917e+01
1.906307e+01
1.906696e+01
1.907085e+01
1.907474e+01
1.907864e+01
1.908253e+01
1.908642e+01
1.909031e+01
1.909421e+01
1.909810e+01
1.910199e+01
1.910588e+01
1.910978e+01
1.911367e+01
1.911756e+01
1.912145e+01
1.912535e+01
1.912924e+01
1.913313e+01
1.913702e+01
1.914091e+01
1.914481e+01
1.914870e+01
1.915259e+01
1.915648e+01
1.916038e+01
1.916427e+01
1.916816e+01
1.917205e+01
1.917595e+01
1.917984e+01
1.918373e+01
1.918762e+01
1.919152e+01
1.919541e+01
1.919930e+01
1.920319e+01
1.920709e+01
1.921098e+01
1.921487e+01
1.921876e+01
1.922266e+01
1.922655e+01
1.923044e+01
1.923433e+01
1.923823e+01
1.924212e+01
1.924601e+01
1.924990e+01
1.925380e+01
1.925769e+01
1.926158e+01
1.926547e+01
1.926936e+01
1.927326e+01
1.927715e+01
1.928104e+01
1.928493e+01
1.928883e+01
1.929272e+01
1.929661e+01
1.930050e+01
1.930440e+01
1.930829e+01
1.931218e+01
1.931607e+01
1.931997e+01
1.932386e+01
1.932775e+01
1.933164e+01
1.933554e+01
1.933943e+01
1.934332e+01
1.934721e+01
1.935111e+01
1.935500e+01
1.935889e+01
1.936278e+01
1.936668e+01
1.937057e+01
1.937446e+01
1.937835e+01
1.938225e+01
1.938614e+01
1.939003e+01
1.939392e+01
1.939781e+01
1.940171e+01
1.940560e+01
1.940949e+01
1.941338e+01
1.941728e+01
1.942117e+01
1.942506e+01
1.942895e+01
1.943285e+01
1.943674e+01
1.944063e+01
1.944452e+01
1.944842e+01
1.945231e+01
1.945620e+01
1.946009e+01
1.946399e+01
1.946788e+01
1.947177e+01
1.947566e+01
1.947956e+01
1.948345e+01
1.948734e+01
1.949123e+01
1.949513e+01
1.949902e+01
1.950291e+01
1.950680e+01
1.951070e+01
1.951459e+01
1.951848e+01
1.952237e+01
1.952626e+01
1.953016e+01
1.953405e+01
1.953794e+01
1.954183e+01
1.954573e+01
1.954962e+01
1.955351e+01
1.955740e+01
1.956130e+01
1.956519e+01
1.956908e+01
1.957297e+01
1.957687e+01
1.958076e+01
1.958465e+01
1.958854e+01
1.959244e+01
1.959633e+01
1.960022e+01
1.960411e+01
1.960801e+01
1.961190e+01
1.961579e+01
1.961968e+01
1.962358e+01
1.962747e+01
1.963136e+01
1.963525e+01
1.963915e+01
1.964304e+01
1.964693e+01
1.965082e+01
1.965472e+01
1.965861e+01
1.966250e+01
1.966639e+01
1.967028e+01
1.967418e+01
1.967807e+01
1.968196e+01
1.968585e+01
1.968975e+01
1.969364e+01
1.969753e+01
1.970142e+01
1.970532e+01
1.970921e+01
1.971310e+01
1.971699e+01
1.972089e+01
1.972478e+01
1.972867e+01
1.973256e+01
1.973646e+01
1.974035e+01
1.974424e+01
1.974813e+01
1.975203e+01
1.975592e+01
1.975981e+01
1.976370e+01
1.976760e+01
1.977149e+01
1.977538e+01
1.977927e+01
1.978316e+01
1.978706e+01
1.979095e+01
1.979484e+01
1.979873e+01
1.980263e+01
1.980652e+01
1.981041e+01
1.981430e+01
1.981820e+01
1.982209e+01
1.982598e+01
1.982987e+01
1.983377e+01
1.983766e+01
1.984155e+01
1.984544e+01
1.984934e+01
1.985323e+01
1.985712e+01
1.986101e+01
1.986491e+01
1.986880e+01
1.987269e+01
1.987658e+01
1.988048e+01
1.988437e+01
1.988826e+01
1.989215e+01
1.989605e+01
1.989994e+01
1.990383e+01
1.990772e+01
1.991161e+01
1.991551e+01
1.991940e+01
1.992329e+01
1.992718e+01
1.993108e+01
1.993497e+01
1.993886e+01
1.994275e+01
1.994665e+01
1.995054e+01
1.995443e+01
1.995832e+01
1.996222e+01
1.996611e+01
1.997000e+01
1.997389e+01
1.997779e+01
1.998168e+01
1.998557e+01
1.998946e+01
1.999336e+01
1.999725e+01
2.000114e+01
2.000503e+01
2.000893e+01
2.001282e+01
2.001671e+01
2.002060e+01
2.002450e+01
2.002839e+01
2.003228e+01
2.003617e+01
2.004006e+01
2.004396e+01
2.004785e+01
2.005174e+01
2.005563e+01
2.005953e+01
2.006342e+01
2.006731e+01
2.007120e+01
2.007510e+01
2.007899e+01
2.008288e+01
2.008677e+01
2.009067e+01
2.009456e+01
2.009845e+01
2.010234e+01
2.010624e+01
2.011013e+01
2.011402e+01
2.011791e+01
2.012181e+01
2.012570e+01
2.012959e+01
2.013348e+01
2.013738e+01
2.014127e+01
2.014516e+01
2.014905e+01
2.015294e+01
2.015684e+01
2.016073e+01
2.016462e+01
2.016851e+01
2.017241e+01
2.017630e+01
2.018019e+01
2.018408e+01
2.018798e+01
2.019187e+01
2.019576e+01
2.019965e+01
2.020355e+01
2.020744e+01
2.021133e+01
2.021522e+01
2.021912e+01
2.022301e+01
2.022690e+01
2.023079e+01
2.023469e+01
2.023858e+01
2.024247e+01
2.024636e+01
2.025026e+01
2.025415e+01
2.025804e+01
2.026193e+01
2.026583e+01
2.026972e+01
2.027361e+01
2.027750e+01
2.028139e+01
2.028529e+01
2.028918e+01
2.029307e+01
2.029696e+01
2.030086e+01
2.030475e+01
2.030864e+01
2.031253e+01
2.031643e+01
2.032032e+01
2.032421e+01
2.032810e+01
2.033200e+01
2.033589e+01
2.034082e+01
2.034574e+01
2.035067e+01
2.035560e+01
2.036053e+01
2.036546e+01
2.037038e+01
2.037531e+01
2.038024e+01
2.038517e+01
2.039009e+01
2.039502e+01
2.039995e+01
2.040488e+01
2.040981e+01
2.041473e+01
2.041966e+01
2.042459e+01
2.042952e+01
2.043444e+01
2.043937e+01
2.044430e+01
2.044923e+01
2.045416e+01
2.045908e+01
2.046401e+01
2.046894e+01
2.047387e+01
2.047879e+01
2.048372e+01
2.048865e+01
2.049358e+01
2.049851e+01
2.050343e+01
2.050836e+01
2.051329e+01
2.051822e+01
2.052314e+01
2.052807e+01
2.053300e+01
2.053793e+01
2.054285e+01
2.054778e+01
2.055271e+01
2.055764e+01
2.056257e+01
2.056749e+01
2.057242e+01
2.057735e+01
2.058228e+01
2.058721e+01
2.059213e+01
2.059706e+01
2.060199e+01
2.060692e+01
2.061184e+01
2.061677e+01
2.062170e+01
2.062663e+01
2.063155e+01
2.063648e+01
2.064141e+01
2.064634e+01
2.065127e+01
2.065619e+01
2.066112e+01
2.066605e+01
2.067098e+01
2.067590e+01
2.068083e+01
2.068576e+01
2.069069e+01
2.069562e+01
2.070054e+01
2.070547e+01
2.071040e+01
2.071533e+01
2.072025e+01
2.072518e+01
2.073011e+01
2.073504e+01
2.073997e+01
2.074489e+01
2.074982e+01
2.075475e+01
2.075968e+01
2.076460e+01
2.076953e+01
2.077446e+01
2.077939e+01
2.078432e+01
2.078924e+01
2.079417e+01
2.079910e+01
2.080403e+01
2.080895e+01
2.081388e+01
2.081881e+01
2.082374e+01
2.082867e+01
2.083359e+01
2.083852e+01
2.084345e+01
2.084838e+01
2.085330e+01
2.085823e+01
2.086316e+01
2.086809e+01
2.087302e+01
2.087794e+01
2.088287e+01
2.088780e+01
2.089273e+01
2.089765e+01
2.090258e+01
2.090751e+01
2.091244e+01
2.091737e+01
2.092229e+01
2.092722e+01
2.093215e+01
2.093708e+01
2.094200e+01
2.094693e+01
2.095186e+01
2.095679e+01
2.096172e+01
2.096664e+01
2.097157e+01
2.097650e+01
2.098143e+01
2.098635e+01
2.099128e+01
2.099621e+01
2.100114e+01
2.100607e+01
2.101099e+01
2.101592e+01
2.102085e+01
2.102578e+01
2.103070e+01
2.103563e+01
2.104056e+01
2.104549e+01
2.105041e+01
2.105534e+01
2.106027e+01
2.106520e+01
2.107013e+01
2.107505e+01
2.107998e+01
2.108491e+01
2.108984e+01
2.109476e+01
2.109969e+01
2.110462e+01
2.110955e+01
2.111448e+01
2.111940e+01
2.112433e+01
2.112926e+01
2.113419e+01
2.113911e+01
2.114404e+01
2.114897e+01
2.115390e+01
2.115883e+01
2.116375e+01
2.116868e+01
2.117361e+01
2.117854e+01
2.118346e+01
2.118839e+01
2.119332e+01
2.119825e+01
2.120318e+01
2.120810e+01
2.121303e+01
2.121796e+01
2.122289e+01
2.122781e+01
2.123274e+01
2.123767e+01
2.124260e+01
2.124753e+01
2.125245e+01
2.125738e+01
2.126231e+01
2.126724e+01
2.127216e+01
2.127709e+01
2.128202e+01
2.128695e+01
2.129188e+01
2.129680e+01
2.130173e+01
2.130666e+01
2.131159e+01
2.131651e+01
2.132144e+01
2.132637e+01
2.133130e+01
2.133623e+01
2.134115e+01
2.134608e+01
2.135101e+01
2.135594e+01
2.136086e+01
2.136579e+01
2.137072e+01
2.137565e+01
2.138058e+01
2.138550e+01
2.139043e+01
2.139536e+01
2.140029e+01
2.140521e+01
2.141014e+01
2.141507e+01
2.142000e+01
2.142493e+01
2.142985e+01
2.143478e+01
2.143971e+01
2.144464e+01
2.144956e+01
2.145449e+01
2.145942e+01
2.146435e+01
2.146928e+01
2.147420e+01
2.147913e+01
2.148406e+01
2.148899e+01
2.149391e+01
2.149884e+01
2.150377e+01
2.150870e+01
2.151363e+01
2.151855e+01
2.152348e+01
2.152841e+01
2.153334e+01
2.153826e+01
2.154319e+01
2.154812e+01
2.155305e+01
2.155798e+01
2.156290e+01
2.156783e+01
2.157276e+01
2.157769e+01
2.158261e+01
2.158754e+01
2.159247e+01
2.159740e+01
2.160232e+01
2.160725e+01
2.161218e+01
2.161711e+01
2.162204e+01
2.162696e+01
2.163189e+01
2.163682e+01
2.164175e+01
2.164668e+01
2.165160e+01
2.165653e+01
2.166146e+01
2.166639e+01
2.167131e+01
2.167624e+01
2.168117e+01
2.168610e+01
2.169102e+01
2.169595e+01
2.170088e+01
2.170581e+01
2.171074e+01
2.171566e+01
2.172059e+01
2.172552e+01
2.173045e+01
2.173537e+01
2.174030e+01
2.174523e+01
2.175016e+01
2.175509e+01
2.176001e+01
2.176494e+01
2.176987e+01
2.177480e+01
2.177972e+01
2.178465e+01
2.178958e+01
2.179451e+01
2.179944e+01
2.180436e+01
2.180929e+01
2.181422e+01
2.181915e+01
2.182407e+01
2.182900e+01
2.183393e+01
2.183886e+01
2.184379e+01
2.184871e+01
2.185364e+01
2.185857e+01
2.186350e+01
2.186842e+01
2.187335e+01
2.187828e+01
2.188321e+01
2.188814e+01
2.189306e+01
2.189799e+01
2.190292e+01
2.190785e+01
2.191277e+01
2.191770e+01
2.192263e+01
2.192756e+01
2.193249e+01
2.193741e+01
2.194234e+01
2.194727e+01
2.195220e+01
2.195712e+01
2.196205e+01
2.196698e+01
2.197191e+01
2.197684e+01
2.198176e+01
2.198669e+01
2.199162e+01
2.199655e+01
2.200147e+01
2.200640e+01
2.201133e+01
2.201626e+01
2.202119e+01
2.202611e+01
2.203104e+01
2.203597e+01
2.204090e+01
2.204582e+01
2.205075e+01
2.205568e+01
2.206061e+01
2.206554e+01
2.207046e+01
2.207539e+01
2.208032e+01
2.208525e+01
2.209017e+01
2.209510e+01
2.210003e+01
2.210496e+01
2.210988e+01
2.211481e+01
2.211974e+01
2.212467e+01
2.212960e+01
2.213452e+01
2.213945e+01
2.214438e+01
2.214931e+01
2.215423e+01
2.215916e+01
2.216409e+01
2.216902e+01
2.217395e+01
2.217887e+01
2.218380e+01
2.218873e+01
2.219366e+01
2.219858e+01
2.220351e+01
2.220844e+01
2.221337e+01
2.221830e+01
2.222322e+01
2.222815e+01
2.223308e+01
2.223801e+01
2.224293e+01
2.224786e+01
2.225279e+01
2.225772e+01
2.226265e+01
2.226757e+01
2.227250e+01
2.227743e+01
2.228236e+01
2.228728e+01
2.229221e+01
2.229714e+01
2.230207e+01
2.230700e+01
2.231192e+01
2.231685e+01
2.232178e+01
2.232671e+01
2.233163e+01
2.233656e+01
2.234149e+01
2.234642e+01
2.235135e+01
2.235627e+01
2.236120e+01
2.236613e+01
2.237106e+01
2.237598e+01
2.238091e+01
2.238584e+01
2.239077e+01
2.239570e+01
2.240062e+01
2.240555e+01
2.241048e+01
2.241541e+01
2.242033e+01
2.242526e+01
2.243019e+01
2.243512e+01
2.244005e+01
2.244497e+01
2.244990e+01
2.245483e+01
2.245976e+01
2.246468e+01
2.246961e+01
2.247454e+01
2.247947e+01
2.248440e+01
2.248932e+01
2.249425e+01
2.249918e+01
2.250411e+01
2.250903e+01
2.251396e+01
2.251889e+01
2.252382e+01
2.252875e+01
2.253367e+01
2.253860e+01
2.254353e+01
2.254846e+01
2.255338e+01
2.255831e+01
2.256324e+01
2.256817e+01
2.257310e+01
2.257802e+01
2.258295e+01
2.258788e+01
2.259281e+01
2.259773e+01
2.260266e+01
2.260759e+01
2.261252e+01
2.261744e+01
2.262237e+01
2.262730e+01
2.263223e+01
2.263716e+01
2.264208e+01
2.264701e+01
2.265194e+01
2.265687e+01
2.266179e+01
2.266672e+01
2.267165e+01
2.267658e+01
2.268151e+01
2.268643e+01
2.269136e+01
2.269629e+01
2.270122e+01
2.270614e+01
