5.800000e-01
5.803331e-01
5.806669e-01
5.810000e-01
5.813331e-01
5.816669e-01
5.820000e-01
5.823331e-01
5.826669e-01
5.830000e-01
5.833331e-01
5.836669e-01
5.840000e-01
5.843331e-01
5.846669e-01
5.850000e-01
5.853331e-01
5.856669e-01
5.860000e-01
5.863331e-01
5.866669e-01
5.870000e-01
5.873331e-01
5.876669e-01
5.880000e-01
5.883331e-01
5.886669e-01
5.890000e-01
5.893331e-01
5.896669e-01
5.900000e-01
5.900000e-01
5.900000e-01
5.900000e-01
5.900000e-01
5.900000e-01
5.900000e-01
5.900000e-01
5.900000e-01
5.900000e-01
5.900000e-01
5.900000e-01
5.900000e-01
5.900000e-01
5.900000e-01
5.900000e-01
5.900000e-01
5.900000e-01
5.900000e-01
5.900000e-01
5.900000e-01
5.901667e-01
5.903333e-01
5.905000e-01
5.906667e-01
5.908333e-01
5.910000e-01
5.911667e-01
5.913333e-01
5.915000e-01
5.916667e-01
5.918333e-01
5.920000e-01
5.921667e-01
5.923333e-01
5.925000e-01
5.926667e-01
5.928333e-01
5.930000e-01
5.930002e-01
5.933333e-01
5.936664e-01
5.940002e-01
5.943333e-01
5.946664e-01
5.950002e-01
5.953333e-01
5.956664e-01
5.960002e-01
5.963333e-01
5.966664e-01
5.970002e-01
5.973333e-01
5.976664e-01
5.980002e-01
5.983333e-01
5.986664e-01
5.990002e-01
5.993333e-01
5.996664e-01
6.000002e-01
6.003333e-01
6.006664e-01
6.010002e-01
6.013333e-01
6.016664e-01
6.020002e-01
6.023333e-01
6.026664e-01
6.030002e-01
6.033333e-01
6.034667e-01
6.036000e-01
6.037333e-01
6.038667e-01
6.040000e-01
6.041333e-01
6.042667e-01
6.044000e-01
6.045333e-01
6.046667e-01
6.048000e-01
6.049333e-01
6.050667e-01
6.052000e-01
6.053333e-01
6.054667e-01
6.056000e-01
6.057333e-01
6.058667e-01
6.060000e-01
6.061333e-01
6.062667e-01
6.064000e-01
6.065333e-01
6.066667e-01
6.068000e-01
6.069333e-01
6.070667e-01
6.072000e-01
6.073333e-01
6.074667e-01
6.076000e-01
6.077333e-01
6.078667e-01
6.080000e-01
6.081333e-01
6.082667e-01
6.084000e-01
6.085333e-01
6.086667e-01
6.088000e-01
6.089333e-01
6.090667e-01
6.092000e-01
6.093333e-01
6.094667e-01
6.096000e-01
6.097333e-01
6.098667e-01
6.100000e-01
6.103333e-01
6.106667e-01
6.110000e-01
6.113333e-01
6.116667e-01
6.120000e-01
6.123333e-01
6.126667e-01
6.130000e-01
6.133333e-01
6.136667e-01
6.140000e-01
6.143333e-01
6.146667e-01
6.150000e-01
6.153333e-01
6.156667e-01
6.160000e-01
6.163333e-01
6.166667e-01
6.170000e-01
6.173333e-01
6.176667e-01
6.180000e-01
6.183333e-01
6.186667e-01
6.190000e-01
6.193333e-01
6.196667e-01
6.200000e-01
6.203333e-01
6.206667e-01
6.210000e-01
6.213333e-01
6.216667e-01
6.220000e-01
6.223333e-01
6.226667e-01
6.230000e-01
6.233333e-01
6.236667e-01
6.240000e-01
6.243333e-01
6.246667e-01
6.250000e-01
6.253333e-01
6.256667e-01
6.260000e-01
6.263333e-01
6.266667e-01
6.286667e-01
6.306667e-01
6.326667e-01
6.346667e-01
6.366667e-01
6.386667e-01
6.406667e-01
6.426667e-01
6.446667e-01
6.466667e-01
6.486667e-01
6.506667e-01
6.526667e-01
6.546667e-01
6.566667e-01
6.586667e-01
6.606667e-01
6.626667e-01
6.646667e-01
6.666667e-01
6.686667e-01
6.706667e-01
6.726667e-01
6.746667e-01
6.766667e-01
6.786667e-01
6.806667e-01
6.826667e-01
6.846667e-01
6.866667e-01
6.886667e-01
6.906667e-01
6.926667e-01
6.946667e-01
6.966667e-01
6.986667e-01
7.006667e-01
7.026667e-01
7.046667e-01
7.066667e-01
7.086667e-01
7.106667e-01
7.126667e-01
7.146667e-01
7.166667e-01
7.186667e-01
7.206667e-01
7.226667e-01
7.246667e-01
7.266667e-01
7.286667e-01
7.306667e-01
7.326667e-01
7.346667e-01
7.366667e-01
7.386667e-01
7.406667e-01
7.426667e-01
7.446667e-01
7.466667e-01
7.486667e-01
7.506667e-01
7.526667e-01
7.546667e-01
7.566667e-01
7.586667e-01
7.606667e-01
7.626667e-01
7.646667e-01
7.666667e-01
7.686667e-01
7.706667e-01
7.726667e-01
7.746667e-01
7.766667e-01
7.786667e-01
7.806667e-01
7.826667e-01
7.846667e-01
7.866667e-01
7.886667e-01
7.906667e-01
7.926667e-01
7.946667e-01
7.966667e-01
7.986667e-01
8.006667e-01
8.026667e-01
8.046667e-01
8.066667e-01
8.086667e-01
8.106667e-01
8.126667e-01
8.146667e-01
8.166667e-01
8.186667e-01
8.206667e-01
8.226667e-01
8.246667e-01
8.266667e-01
8.277667e-01
8.288667e-01
8.299667e-01
8.310667e-01
8.321667e-01
8.332667e-01
8.343667e-01
8.354667e-01
8.365667e-01
8.376667e-01
8.387667e-01
8.398667e-01
8.409667e-01
8.420667e-01
8.431667e-01
8.442667e-01
8.453667e-01
8.464667e-01
8.475667e-01
8.486667e-01
8.497667e-01
8.508667e-01
8.519667e-01
8.530667e-01
8.541667e-01
8.552667e-01
8.563667e-01
8.574667e-01
8.585667e-01
8.596667e-01
8.607667e-01
8.618667e-01
8.629667e-01
8.640667e-01
8.651667e-01
8.662667e-01
8.673667e-01
8.684667e-01
8.695667e-01
8.706667e-01
8.717667e-01
8.728667e-01
8.739667e-01
8.750667e-01
8.761667e-01
8.772667e-01
8.783667e-01
8.794667e-01
8.805667e-01
8.816667e-01
8.827667e-01
8.838667e-01
8.849667e-01
8.860667e-01
8.871667e-01
8.882667e-01
8.893667e-01
8.904667e-01
8.915667e-01
8.926667e-01
8.937667e-01
8.948667e-01
8.959667e-01
8.970667e-01
8.981667e-01
8.992667e-01
9.003667e-01
9.014667e-01
9.025667e-01
9.036667e-01
9.047667e-01
9.058667e-01
9.069667e-01
9.080667e-01
9.091667e-01
9.102667e-01
9.113667e-01
9.124667e-01
9.135667e-01
9.146667e-01
9.157667e-01
9.168667e-01
9.179667e-01
9.190667e-01
9.201667e-01
9.212667e-01
9.223667e-01
9.234667e-01
9.245667e-01
9.256667e-01
9.267667e-01
9.278667e-01
9.289667e-01
9.300667e-01
9.311667e-01
9.322667e-01
9.333667e-01
9.344667e-01
9.355667e-01
9.366667e-01
9.374000e-01
9.381333e-01
9.388667e-01
9.396000e-01
9.403333e-01
9.410667e-01
9.418000e-01
9.425333e-01
9.432667e-01
9.440000e-01
9.447333e-01
9.454667e-01
9.462000e-01
9.469333e-01
9.476667e-01
9.484000e-01
9.491333e-01
9.498667e-01
9.506000e-01
9.513333e-01
9.520667e-01
9.528000e-01
9.535333e-01
9.542667e-01
9.550000e-01
9.557333e-01
9.564667e-01
9.572000e-01
9.579333e-01
9.586667e-01
9.594000e-01
9.601333e-01
9.608667e-01
9.616000e-01
9.623333e-01
9.630667e-01
9.638000e-01
9.645333e-01
9.652667e-01
9.660000e-01
9.667333e-01
9.674667e-01
9.682000e-01
9.689333e-01
9.696667e-01
9.704000e-01
9.711333e-01
9.718667e-01
9.726000e-01
9.733333e-01
9.740667e-01
9.748000e-01
9.755333e-01
9.762667e-01
9.770000e-01
9.777333e-01
9.784667e-01
9.792000e-01
9.799333e-01
9.806667e-01
9.814000e-01
9.821333e-01
9.828667e-01
9.836000e-01
9.843333e-01
9.850667e-01
9.858000e-01
9.865333e-01
9.872667e-01
9.880000e-01
9.887333e-01
9.894667e-01
9.902000e-01
9.909333e-01
9.916667e-01
9.924000e-01
9.931333e-01
9.938667e-01
9.946000e-01
9.953333e-01
9.960667e-01
9.968000e-01
9.975333e-01
9.982667e-01
9.990000e-01
9.997333e-01
1.000467e+00
1.001200e+00
1.001933e+00
1.002667e+00
1.003400e+00
1.004133e+00
1.004867e+00
1.005600e+00
1.006333e+00
1.007067e+00
1.007800e+00
1.008533e+00
1.009267e+00
1.010000e+00
1.010733e+00
1.011467e+00
1.012200e+00
1.012933e+00
1.013667e+00
1.014400e+00
1.015133e+00
1.015867e+00
1.016600e+00
1.017333e+00
1.018067e+00
1.018800e+00
1.019533e+00
1.020267e+00
1.021000e+00
1.021733e+00
1.022467e+00
1.023200e+00
1.023933e+00
1.024667e+00
1.025400e+00
1.026133e+00
1.026867e+00
1.027600e+00
1.028333e+00
1.029067e+00
1.029800e+00
1.030533e+00
1.031267e+00
1.032000e+00
1.032733e+00
1.033467e+00
1.034200e+00
1.034933e+00
1.035667e+00
1.036400e+00
1.037133e+00
1.037867e+00
1.038600e+00
1.039333e+00
1.040067e+00
1.040800e+00
1.041533e+00
1.042267e+00
1.043000e+00
1.043733e+00
1.044467e+00
1.045200e+00
1.045933e+00
1.046667e+00
1.047400e+00
1.048133e+00
1.048867e+00
1.049600e+00
1.050333e+00
1.051067e+00
1.051800e+00
1.052533e+00
1.053267e+00
1.054000e+00
1.054733e+00
1.055467e+00
1.056200e+00
1.056933e+00
1.057667e+00
1.058400e+00
1.059133e+00
1.059867e+00
1.060600e+00
1.061333e+00
1.062067e+00
1.062800e+00
1.063533e+00
1.064267e+00
1.065000e+00
1.065733e+00
1.066467e+00
1.067200e+00
1.067933e+00
1.068667e+00
1.069400e+00
1.070133e+00
1.070867e+00
1.071600e+00
1.072333e+00
1.073067e+00
1.073800e+00
1.074533e+00
1.075267e+00
1.076000e+00
1.076733e+00
1.077467e+00
1.078200e+00
1.078933e+00
1.079667e+00
1.080400e+00
1.081133e+00
1.081867e+00
1.082600e+00
1.083333e+00
1.084167e+00
1.085000e+00
1.085833e+00
1.086667e+00
1.087500e+00
1.088333e+00
1.089167e+00
1.090000e+00
1.090833e+00
1.091667e+00
1.092500e+00
1.093333e+00
1.094167e+00
1.095000e+00
1.095833e+00
1.096667e+00
1.097500e+00
1.098333e+00
1.099167e+00
1.100000e+00
1.100833e+00
1.101667e+00
1.102500e+00
1.103333e+00
1.104167e+00
1.105000e+00
1.105833e+00
1.106667e+00
1.107500e+00
1.108333e+00
1.109167e+00
1.110000e+00
1.110833e+00
1.111667e+00
1.112500e+00
1.113333e+00
1.114167e+00
1.115000e+00
1.115833e+00
1.116667e+00
1.117500e+00
1.118333e+00
1.119167e+00
1.120000e+00
1.120833e+00
1.121667e+00
1.122500e+00
1.123333e+00
1.124167e+00
1.125000e+00
1.125833e+00
1.126667e+00
1.127500e+00
1.128333e+00
1.129167e+00
1.130000e+00
1.130833e+00
1.131667e+00
1.132500e+00
1.133333e+00
1.134167e+00
1.135000e+00
1.135833e+00
1.136667e+00
1.137500e+00
1.138333e+00
1.139167e+00
1.140000e+00
1.140833e+00
1.141667e+00
1.142500e+00
1.143333e+00
1.144167e+00
1.145000e+00
1.145833e+00
1.146667e+00
1.147500e+00
1.148333e+00
1.149167e+00
1.150000e+00
1.150833e+00
1.151667e+00
1.152500e+00
1.153333e+00
1.154167e+00
1.155000e+00
1.155833e+00
1.156667e+00
1.157500e+00
1.158333e+00
1.159167e+00
1.160000e+00
1.160833e+00
1.161667e+00
1.162500e+00
1.163333e+00
1.164167e+00
1.165000e+00
1.165833e+00
1.166667e+00
1.187150e+00
1.207633e+00
1.228117e+00
1.248600e+00
1.269083e+00
1.289566e+00
1.310049e+00
1.330533e+00
1.351016e+00
1.371499e+00
1.391982e+00
1.412466e+00
1.432949e+00
1.453432e+00
1.473915e+00
1.494398e+00
1.514882e+00
1.535365e+00
1.555848e+00
1.576331e+00
1.596814e+00
1.617298e+00
1.637781e+00
1.658264e+00
1.678747e+00
1.699230e+00
1.719714e+00
1.740197e+00
1.760680e+00
1.781163e+00
1.801646e+00
1.822130e+00
1.842613e+00
1.863096e+00
1.883579e+00
1.904063e+00
1.924546e+00
1.945029e+00
1.965512e+00
1.985995e+00
2.006479e+00
2.026962e+00
2.047445e+00
2.067928e+00
2.088411e+00
2.108895e+00
2.129378e+00
2.149861e+00
2.170344e+00
2.190827e+00
2.211311e+00
2.231794e+00
2.252277e+00
2.272760e+00
2.293243e+00
2.313727e+00
2.334210e+00
2.354693e+00
2.375176e+00
2.395660e+00
2.416143e+00
2.436626e+00
2.457109e+00
2.477592e+00
2.498076e+00
2.518559e+00
2.539042e+00
2.559525e+00
2.580008e+00
2.600492e+00
2.620975e+00
2.641458e+00
2.661941e+00
2.682424e+00
2.702908e+00
2.723391e+00
2.743874e+00
2.764357e+00
2.784840e+00
2.805324e+00
2.825807e+00
2.846290e+00
2.866773e+00
2.887257e+00
2.907740e+00
2.928223e+00
2.948706e+00
2.969189e+00
2.989673e+00
3.010156e+00
3.030639e+00
3.051122e+00
3.071605e+00
3.092089e+00
3.112572e+00
3.133055e+00
3.153538e+00
3.174021e+00
3.194505e+00
3.214988e+00
3.235471e+00
3.255954e+00
3.276438e+00
3.296921e+00
3.317404e+00
3.337887e+00
3.358370e+00
3.378854e+00
3.399337e+00
3.419820e+00
3.440303e+00
3.460786e+00
3.481270e+00
3.501753e+00
3.522236e+00
3.542719e+00
3.563202e+00
3.583686e+00
3.604169e+00
3.624652e+00
3.645135e+00
3.665618e+00
3.686102e+00
3.706585e+00
3.727068e+00
3.747551e+00
3.768035e+00
3.788518e+00
3.809001e+00
3.829484e+00
3.849967e+00
3.870451e+00
3.890934e+00
3.911417e+00
3.931900e+00
3.952383e+00
3.972867e+00
3.993350e+00
4.013833e+00
4.034316e+00
4.054799e+00
4.075283e+00
4.095766e+00
4.116249e+00
4.136732e+00
4.157215e+00
4.177699e+00
4.198182e+00
4.218665e+00
4.239148e+00
4.259632e+00
4.280115e+00
4.300598e+00
4.321081e+00
4.341564e+00
4.362048e+00
4.382531e+00
4.403014e+00
4.423497e+00
4.443980e+00
4.464464e+00
4.484947e+00
4.505430e+00
4.525913e+00
4.546396e+00
4.566880e+00
4.587363e+00
4.607846e+00
4.628329e+00
4.648813e+00
4.669296e+00
4.689779e+00
4.710262e+00
4.730745e+00
4.751229e+00
4.771712e+00
4.792195e+00
4.812678e+00
4.833161e+00
4.853645e+00
4.874128e+00
4.894611e+00
4.915094e+00
4.935577e+00
4.956061e+00
4.976544e+00
4.997027e+00
5.017510e+00
5.037993e+00
5.058477e+00
5.078960e+00
5.099443e+00
5.119926e+00
5.140410e+00
5.160893e+00
5.181376e+00
5.201859e+00
5.222342e+00
5.242826e+00
5.263309e+00
5.283792e+00
5.304275e+00
5.324758e+00
5.345242e+00
5.365725e+00
5.386208e+00
5.406691e+00
5.427174e+00
5.447658e+00
5.468141e+00
5.488624e+00
5.509107e+00
5.529590e+00
5.550074e+00
5.570557e+00
5.591040e+00
5.611523e+00
5.632007e+00
5.652490e+00
5.672973e+00
5.693456e+00
5.713939e+00
5.734423e+00
5.754906e+00
5.775389e+00
5.795872e+00
5.816355e+00
5.836839e+00
5.857322e+00
5.877805e+00
5.898288e+00
5.918771e+00
5.939255e+00
5.959738e+00
5.980221e+00
6.000704e+00
6.021187e+00
6.041671e+00
6.062154e+00
6.082637e+00
6.103120e+00
6.123604e+00
6.144087e+00
6.164570e+00
6.185053e+00
6.205536e+00
6.226020e+00
6.246503e+00
6.266986e+00
6.287469e+00
6.307952e+00
6.328436e+00
6.348919e+00
6.369402e+00
6.389885e+00
6.410368e+00
6.430852e+00
6.451335e+00
6.471818e+00
6.492301e+00
6.512785e+00
6.533268e+00
6.553751e+00
6.574234e+00
6.594717e+00
6.615201e+00
6.635684e+00
6.656167e+00
6.676650e+00
6.697133e+00
6.717617e+00
6.738100e+00
6.758583e+00
6.779066e+00
6.799549e+00
6.820033e+00
6.840516e+00
6.860999e+00
6.881482e+00
6.901965e+00
6.922449e+00
6.942932e+00
6.963415e+00
6.983898e+00
7.004382e+00
7.024865e+00
7.045348e+00
7.065831e+00
7.086314e+00
7.106798e+00
7.127281e+00
7.147764e+00
7.168247e+00
7.188730e+00
7.209214e+00
7.229697e+00
7.250180e+00
7.270663e+00
7.291146e+00
7.311630e+00
7.332113e+00
7.352596e+00
7.373079e+00
7.393562e+00
7.414046e+00
7.434529e+00
7.455012e+00
7.475495e+00
7.495979e+00
7.516462e+00
7.536945e+00
7.557428e+00
7.577911e+00
7.598395e+00
7.618878e+00
7.639361e+00
7.659844e+00
7.680327e+00
7.700811e+00
7.721294e+00
7.741777e+00
7.762260e+00
7.782743e+00
7.803227e+00
7.823710e+00
7.844193e+00
7.864676e+00
7.885160e+00
7.905643e+00
7.926126e+00
7.946609e+00
7.967092e+00
7.987576e+00
8.008059e+00
8.028542e+00
8.049025e+00
8.069508e+00
8.089992e+00
8.110475e+00
8.130958e+00
8.151441e+00
8.171924e+00
8.192408e+00
8.212891e+00
8.233374e+00
8.253857e+00
8.274340e+00
8.294824e+00
8.315307e+00
8.335790e+00
8.356273e+00
8.376757e+00
8.397240e+00
8.417723e+00
8.438206e+00
8.458689e+00
8.479173e+00
8.499656e+00
8.520139e+00
8.540622e+00
8.561105e+00
8.581589e+00
8.602072e+00
8.622555e+00
8.643038e+00
8.663521e+00
8.684005e+00
8.704488e+00
8.724971e+00
8.745454e+00
8.765937e+00
8.786421e+00
8.806904e+00
8.827387e+00
8.847870e+00
8.868354e+00
8.888837e+00
8.909320e+00
8.929803e+00
8.950286e+00
8.970770e+00
8.991253e+00
9.011736e+00
9.032219e+00
9.052702e+00
9.073186e+00
9.093669e+00
9.114152e+00
9.134635e+00
9.155118e+00
9.175602e+00
9.196085e+00
9.216568e+00
9.237051e+00
9.257534e+00
9.278018e+00
9.298501e+00
9.318984e+00
9.339467e+00
9.359951e+00
9.380434e+00
9.400917e+00
9.421400e+00
9.441883e+00
9.462367e+00
9.482850e+00
9.503333e+00
9.511711e+00
9.520089e+00
9.528467e+00
9.536844e+00
9.545222e+00
9.553600e+00
9.561978e+00
9.570356e+00
9.578733e+00
9.587111e+00
9.595489e+00
9.603867e+00
9.612244e+00
9.620622e+00
9.629000e+00
9.637378e+00
9.645756e+00
9.654133e+00
9.662511e+00
9.670889e+00
9.679267e+00
9.687644e+00
9.696022e+00
9.704400e+00
9.712778e+00
9.721156e+00
9.729533e+00
9.737911e+00
9.746289e+00
9.754667e+00
9.763044e+00
9.771422e+00
9.779800e+00
9.788178e+00
9.796556e+00
9.804933e+00
9.813311e+00
9.821689e+00
9.830067e+00
9.838444e+00
9.846822e+00
9.855200e+00
9.863578e+00
9.871956e+00
9.880333e+00
9.888711e+00
9.897089e+00
9.905467e+00
9.913844e+00
9.922222e+00
9.930600e+00
9.938978e+00
9.947356e+00
9.955733e+00
9.964111e+00
9.972489e+00
9.980867e+00
9.989244e+00
9.997622e+00
1.000600e+01
1.001438e+01
1.002276e+01
1.003113e+01
1.003951e+01
1.004789e+01
1.005627e+01
1.006464e+01
1.007302e+01
1.008140e+01
1.008978e+01
1.009816e+01
1.010653e+01
1.011491e+01
1.012329e+01
1.013167e+01
1.014004e+01
1.014842e+01
1.015680e+01
1.016518e+01
1.017356e+01
1.018193e+01
1.019031e+01
1.019869e+01
1.020707e+01
1.021544e+01
1.022382e+01
1.023220e+01
1.024058e+01
1.024896e+01
1.025733e+01
1.026571e+01
1.027409e+01
1.028247e+01
1.029084e+01
1.029922e+01
1.030760e+01
1.031598e+01
1.032436e+01
1.033273e+01
1.034111e+01
1.034926e+01
1.035742e+01
1.036557e+01
1.037373e+01
1.038188e+01
1.039003e+01
1.039819e+01
1.040634e+01
1.041449e+01
1.042265e+01
1.043080e+01
1.043896e+01
1.044711e+01
1.045526e+01
1.046342e+01
1.047157e+01
1.047972e+01
1.048788e+01
1.049603e+01
1.050418e+01
1.051234e+01
1.052049e+01
1.052865e+01
1.053680e+01
1.054495e+01
1.055311e+01
1.056126e+01
1.056941e+01
1.057757e+01
1.058572e+01
1.059388e+01
1.060203e+01
1.061018e+01
1.061834e+01
1.062649e+01
1.063464e+01
1.064280e+01
1.065095e+01
1.065910e+01
1.066726e+01
1.067541e+01
1.068357e+01
1.069172e+01
1.069987e+01
1.070803e+01
1.071618e+01
1.072433e+01
1.073249e+01
1.074064e+01
1.074879e+01
1.075695e+01
1.076510e+01
1.077326e+01
1.078141e+01
1.078956e+01
1.079772e+01
1.080587e+01
1.081402e+01
1.082218e+01
1.083033e+01
1.083849e+01
1.084664e+01
1.085479e+01
1.086295e+01
1.087110e+01
1.087925e+01
1.088741e+01
1.089556e+01
1.090371e+01
1.091187e+01
1.092002e+01
1.092818e+01
1.093633e+01
1.094448e+01
1.095264e+01
1.096079e+01
1.096894e+01
1.097710e+01
1.098525e+01
1.099341e+01
1.100156e+01
1.100971e+01
1.101787e+01
1.102602e+01
1.103417e+01
1.104233e+01
1.105048e+01
1.105863e+01
1.106679e+01
1.107494e+01
1.108310e+01
1.109125e+01
1.109940e+01
1.110756e+01
1.111571e+01
1.112386e+01
1.113202e+01
1.114017e+01
1.114833e+01
1.115648e+01
1.116463e+01
1.117279e+01
1.118094e+01
1.118909e+01
1.119725e+01
1.120540e+01
1.121355e+01
1.122171e+01
1.122986e+01
1.123802e+01
1.124617e+01
1.125432e+01
1.126248e+01
1.127063e+01
1.127878e+01
1.128694e+01
1.129509e+01
1.130324e+01
1.131140e+01
1.131955e+01
1.132771e+01
1.133586e+01
1.134401e+01
1.135217e+01
1.136032e+01
1.136847e+01
1.137663e+01
1.138478e+01
1.139294e+01
1.140109e+01
1.140924e+01
1.141740e+01
1.142555e+01
1.143370e+01
1.144186e+01
1.145001e+01
1.145816e+01
1.146632e+01
1.147447e+01
1.148263e+01
1.149078e+01
1.149893e+01
1.150709e+01
1.151524e+01
1.152339e+01
1.153155e+01
1.153970e+01
1.154786e+01
1.155601e+01
1.156416e+01
1.157232e+01
1.158047e+01
1.158862e+01
1.159678e+01
1.160493e+01
1.161308e+01
1.162124e+01
1.162939e+01
1.163755e+01
1.164570e+01
1.165385e+01
1.166201e+01
1.167016e+01
1.167831e+01
1.168647e+01
1.169462e+01
1.170278e+01
1.171093e+01
1.171908e+01
1.172724e+01
1.173539e+01
1.174354e+01
1.175170e+01
1.175985e+01
1.176800e+01
1.177616e+01
1.178431e+01
1.179247e+01
1.180062e+01
1.180877e+01
1.181693e+01
1.182508e+01
1.183323e+01
1.184139e+01
1.184954e+01
1.185769e+01
1.186585e+01
1.187400e+01
1.188216e+01
1.189031e+01
1.189846e+01
1.190662e+01
1.191477e+01
1.192292e+01
1.193108e+01
1.193923e+01
1.194739e+01
1.195554e+01
1.196369e+01
1.197185e+01
1.198000e+01
1.198832e+01
1.199664e+01
1.200497e+01
1.201329e+01
1.202161e+01
1.202993e+01
1.203826e+01
1.204658e+01
1.205490e+01
1.206322e+01
1.207155e+01
1.207987e+01
1.208819e+01
1.209651e+01
1.210483e+01
1.211316e+01
1.212148e+01
1.212980e+01
1.213812e+01
1.214645e+01
1.215477e+01
1.216309e+01
1.217141e+01
1.217974e+01
1.218806e+01
1.219638e+01
1.220470e+01
1.221302e+01
1.222135e+01
1.222967e+01
1.223799e+01
1.224631e+01
1.225464e+01
1.226296e+01
1.227128e+01
1.227960e+01
1.228792e+01
1.229625e+01
1.230457e+01
1.231289e+01
1.232121e+01
1.232954e+01
1.233786e+01
1.234618e+01
1.235450e+01
1.236283e+01
1.237115e+01
1.237947e+01
1.238779e+01
1.239611e+01
1.240444e+01
1.241276e+01
1.242108e+01
1.242940e+01
1.243773e+01
1.244605e+01
1.245437e+01
1.246269e+01
1.247102e+01
1.247934e+01
1.248766e+01
1.249598e+01
1.250430e+01
1.251263e+01
1.252095e+01
1.252927e+01
1.253759e+01
1.254592e+01
1.255424e+01
1.256256e+01
1.257088e+01
1.257921e+01
1.258753e+01
1.259585e+01
1.260417e+01
1.261249e+01
1.262082e+01
1.262914e+01
1.263746e+01
1.264578e+01
1.265411e+01
1.266243e+01
1.267075e+01
1.267907e+01
1.268740e+01
1.269572e+01
1.270404e+01
1.271236e+01
1.272068e+01
1.272901e+01
1.273733e+01
1.274565e+01
1.275397e+01
1.276230e+01
1.277062e+01
1.277894e+01
1.278726e+01
1.279558e+01
1.280391e+01
1.281223e+01
1.282055e+01
1.282887e+01
1.283720e+01
1.284552e+01
1.285384e+01
1.286216e+01
1.287049e+01
1.287881e+01
1.288713e+01
1.289545e+01
1.290377e+01
1.291210e+01
1.292042e+01
1.292874e+01
1.293706e+01
1.294539e+01
1.295371e+01
1.296203e+01
1.297035e+01
1.297868e+01
1.298700e+01
1.299532e+01
1.300364e+01
1.301196e+01
1.302029e+01
1.302861e+01
1.303693e+01
1.304525e+01
1.305358e+01
1.306190e+01
1.307022e+01
1.307854e+01
1.308687e+01
1.309519e+01
1.310351e+01
1.311183e+01
1.312015e+01
1.312848e+01
1.313680e+01
1.314512e+01
1.315344e+01
1.316177e+01
1.317009e+01
1.317841e+01
1.318673e+01
1.319506e+01
1.320338e+01
1.321170e+01
1.322002e+01
1.322834e+01
1.323667e+01
1.324499e+01
1.325331e+01
1.326163e+01
1.326996e+01
1.327828e+01
1.328660e+01
1.329492e+01
1.330325e+01
1.331157e+01
1.331989e+01
1.332821e+01
1.333653e+01
1.334486e+01
1.335318e+01
1.336150e+01
1.336982e+01
1.337815e+01
1.338647e+01
1.339479e+01
1.340311e+01
1.341143e+01
1.341976e+01
1.342808e+01
1.343640e+01
1.344472e+01
1.345305e+01
1.346137e+01
1.346969e+01
1.347801e+01
1.348634e+01
1.349466e+01
1.350298e+01
1.351130e+01
1.351962e+01
1.352795e+01
1.353627e+01
1.354459e+01
1.355291e+01
1.356124e+01
1.356956e+01
1.357788e+01
1.358620e+01
1.359453e+01
1.360285e+01
1.361117e+01
1.361949e+01
1.362781e+01
1.363614e+01
1.364446e+01
1.365278e+01
1.366110e+01
1.366943e+01
1.367775e+01
1.368607e+01
1.369439e+01
1.370272e+01
1.371104e+01
1.371936e+01
1.372768e+01
1.373600e+01
1.374433e+01
1.375265e+01
1.376097e+01
1.376929e+01
1.377762e+01
1.378594e+01
1.379426e+01
1.380258e+01
1.381091e+01
1.381923e+01
1.382755e+01
1.383587e+01
1.384419e+01
1.385252e+01
1.386084e+01
1.386916e+01
1.387748e+01
1.388581e+01
1.389413e+01
1.390245e+01
1.391077e+01
1.391909e+01
1.392742e+01
1.393574e+01
1.394406e+01
1.395238e+01
1.396071e+01
1.396903e+01
1.397735e+01
1.398567e+01
1.399400e+01
1.400232e+01
1.401064e+01
1.401896e+01
1.402728e+01
1.403561e+01
1.404393e+01
1.405225e+01
1.406057e+01
1.406890e+01
1.407722e+01
1.408554e+01
1.409386e+01
1.410219e+01
1.411051e+01
1.411883e+01
1.412715e+01
1.413547e+01
1.414380e+01
1.415212e+01
1.416044e+01
1.416876e+01
1.417709e+01
1.418541e+01
1.419373e+01
1.420205e+01
1.421038e+01
1.421870e+01
1.422702e+01
1.423534e+01
1.424366e+01
1.425199e+01
1.426031e+01
1.426863e+01
1.427695e+01
1.428528e+01
1.429360e+01
1.430192e+01
1.431024e+01
1.431857e+01
1.432689e+01
1.433521e+01
1.434353e+01
1.435185e+01
1.436018e+01
1.436850e+01
1.437682e+01
1.438514e+01
1.439347e+01
1.440179e+01
1.441011e+01
1.441843e+01
1.442675e+01
1.443508e+01
1.444340e+01
1.445172e+01
1.446004e+01
1.446837e+01
1.447669e+01
1.448501e+01
1.449333e+01
1.450180e+01
1.451026e+01
1.451872e+01
1.452719e+01
1.453565e+01
1.454411e+01
1.455258e+01
1.456104e+01
1.456950e+01
1.457797e+01
1.458643e+01
1.459489e+01
1.460336e+01
1.461182e+01
1.462028e+01
1.462875e+01
1.463721e+01
1.464567e+01
1.465413e+01
1.466260e+01
1.467106e+01
1.467952e+01
1.468799e+01
1.469645e+01
1.470491e+01
1.471338e+01
1.472184e+01
1.473030e+01
1.473877e+01
1.474723e+01
1.475569e+01
1.476416e+01
1.477262e+01
1.478108e+01
1.478955e+01
1.479801e+01
1.480647e+01
1.481494e+01
1.482340e+01
1.483186e+01
1.484033e+01
1.484879e+01
1.485725e+01
1.486572e+01
1.487418e+01
1.488264e+01
1.489111e+01
1.489957e+01
1.490803e+01
1.491650e+01
1.492496e+01
1.493342e+01
1.494189e+01
1.495035e+01
1.495881e+01
1.496727e+01
1.497574e+01
1.498420e+01
1.499266e+01
1.500113e+01
1.500959e+01
1.501805e+01
1.502652e+01
1.503498e+01
1.504344e+01
1.505191e+01
1.506037e+01
1.506883e+01
1.507730e+01
1.508576e+01
1.509422e+01
1.510269e+01
1.511115e+01
1.511961e+01
1.512808e+01
1.513654e+01
1.514500e+01
1.515347e+01
1.516193e+01
1.517039e+01
1.517886e+01
1.518732e+01
1.519578e+01
1.520425e+01
1.521271e+01
1.522117e+01
1.522964e+01
1.523810e+01
1.524656e+01
1.525502e+01
1.526349e+01
1.527195e+01
1.528041e+01
1.528888e+01
1.529734e+01
1.530580e+01
1.531427e+01
1.532273e+01
1.533119e+01
1.533966e+01
1.534812e+01
1.535658e+01
1.536505e+01
1.537351e+01
1.538197e+01
1.539044e+01
1.539890e+01
1.540736e+01
1.541583e+01
1.542429e+01
1.543275e+01
1.544122e+01
1.544968e+01
1.545814e+01
1.546661e+01
1.547507e+01
1.548353e+01
1.549200e+01
1.550046e+01
1.550892e+01
1.551739e+01
1.552585e+01
1.553431e+01
1.554278e+01
1.555124e+01
1.555970e+01
1.556816e+01
1.557663e+01
1.558509e+01
1.559355e+01
1.560202e+01
1.561048e+01
1.561894e+01
1.562741e+01
1.563587e+01
1.564433e+01
1.565280e+01
1.566126e+01
1.566972e+01
1.567819e+01
1.568665e+01
1.569511e+01
1.570358e+01
1.571204e+01
1.572050e+01
1.572897e+01
1.573743e+01
1.574589e+01
1.575436e+01
1.576282e+01
1.577128e+01
1.577975e+01
1.578821e+01
1.579667e+01
1.580514e+01
1.581360e+01
1.582206e+01
1.583053e+01
1.583899e+01
1.584745e+01
1.585591e+01
1.586438e+01
1.587284e+01
1.588130e+01
1.588977e+01
1.589823e+01
1.590669e+01
1.591516e+01
1.592362e+01
1.593208e+01
1.594055e+01
1.594901e+01
1.595747e+01
1.596594e+01
1.597440e+01
1.598286e+01
1.599133e+01
1.599979e+01
1.600825e+01
1.601672e+01
1.602518e+01
1.603364e+01
1.604211e+01
1.605057e+01
1.605903e+01
1.606750e+01
1.607596e+01
1.608442e+01
1.609289e+01
1.610135e+01
1.610981e+01
1.611828e+01
1.612674e+01
1.613520e+01
1.614367e+01
1.615213e+01
1.616059e+01
1.616905e+01
1.617752e+01
1.618598e+01
1.619444e+01
1.620294e+01
1.621144e+01
1.621993e+01
1.622843e+01
1.623693e+01
1.624542e+01
1.625392e+01
1.626242e+01
1.627091e+01
1.627941e+01
1.628790e+01
1.629640e+01
1.630490e+01
1.631339e+01
1.632189e+01
1.633039e+01
1.633888e+01
1.634738e+01
1.635588e+01
1.636437e+01
1.637287e+01
1.638137e+01
1.638986e+01
1.639836e+01
1.640685e+01
1.641535e+01
1.642385e+01
1.643234e+01
1.644084e+01
1.644934e+01
1.645783e+01
1.646633e+01
1.647483e+01
1.648332e+01
1.649182e+01
1.650032e+01
1.650881e+01
1.651731e+01
1.652580e+01
1.653430e+01
1.654280e+01
1.655129e+01
1.655979e+01
1.656829e+01
1.657678e+01
1.658528e+01
1.659378e+01
1.660227e+01
1.661077e+01
1.661926e+01
1.662776e+01
1.663626e+01
1.664475e+01
1.665325e+01
1.666175e+01
1.667024e+01
1.667874e+01
1.668724e+01
1.669573e+01
1.670423e+01
1.671273e+01
1.672122e+01
1.672972e+01
1.673821e+01
1.674671e+01
1.675521e+01
1.676370e+01
1.677220e+01
1.678070e+01
1.678919e+01
1.679769e+01
1.680619e+01
1.681468e+01
1.682318e+01
1.683167e+01
1.684017e+01
1.684867e+01
1.685716e+01
1.686566e+01
1.687416e+01
1.688265e+01
1.689115e+01
1.689965e+01
1.690814e+01
1.691664e+01
1.692514e+01
1.693363e+01
1.694213e+01
1.695062e+01
1.695912e+01
1.696762e+01
1.697611e+01
1.698461e+01
1.699311e+01
1.700160e+01
1.701010e+01
1.701860e+01
1.702709e+01
1.703559e+01
1.704409e+01
1.705258e+01
1.706108e+01
1.706957e+01
1.707807e+01
1.708657e+01
1.709506e+01
1.710356e+01
1.711206e+01
1.712055e+01
1.712905e+01
1.713755e+01
1.714604e+01
1.715454e+01
1.716303e+01
1.717153e+01
1.718003e+01
1.718852e+01
1.719702e+01
1.720552e+01
1.721401e+01
1.722251e+01
1.723101e+01
1.723950e+01
1.724800e+01
1.725650e+01
1.726499e+01
1.727349e+01
1.728198e+01
1.729048e+01
1.729898e+01
1.730747e+01
1.731597e+01
1.732447e+01
1.733296e+01
1.734146e+01
1.734996e+01
1.735845e+01
1.736695e+01
1.737544e+01
1.738394e+01
1.739244e+01
1.740093e+01
1.740943e+01
1.741793e+01
1.742642e+01
1.743492e+01
1.744342e+01
1.745191e+01
1.746041e+01
1.746891e+01
1.747740e+01
1.748590e+01
1.749439e+01
1.750289e+01
1.751139e+01
1.751988e+01
1.752838e+01
1.753688e+01
1.754537e+01
1.755387e+01
1.756237e+01
1.757086e+01
1.757936e+01
1.758786e+01
1.759635e+01
1.760485e+01
1.761334e+01
1.762184e+01
1.763034e+01
1.763883e+01
1.764733e+01
1.765583e+01
1.766432e+01
1.767282e+01
1.768132e+01
1.768981e+01
1.769831e+01
1.770680e+01
1.771530e+01
1.772380e+01
1.773229e+01
1.774079e+01
1.774929e+01
1.775778e+01
1.776628e+01
1.777478e+01
1.778327e+01
1.779177e+01
1.780027e+01
1.780876e+01
1.781726e+01
1.782575e+01
1.783425e+01
1.784275e+01
1.785124e+01
1.785974e+01
1.786824e+01
1.787673e+01
1.788523e+01
1.789373e+01
1.790222e+01
1.791082e+01
1.791941e+01
1.792801e+01
1.793660e+01
1.794519e+01
1.795379e+01
1.796238e+01
1.797098e+01
1.797957e+01
1.798817e+01
1.799676e+01
1.800536e+01
1.801395e+01
1.802255e+01
1.803114e+01
1.803974e+01
1.804833e+01
1.805692e+01
1.806552e+01
1.807411e+01
1.808271e+01
1.809130e+01
1.809990e+01
1.810849e+01
1.811709e+01
1.812568e+01
1.813428e+01
1.814287e+01
1.815146e+01
1.816006e+01
1.816865e+01
1.817725e+01
1.818584e+01
1.819444e+01
1.820303e+01
1.821163e+01
1.822022e+01
1.822882e+01
1.823741e+01
1.824600e+01
1.825460e+01
1.826319e+01
1.827179e+01
1.828038e+01
1.828898e+01
1.829757e+01
1.830617e+01
1.831476e+01
1.832336e+01
1.833195e+01
1.834054e+01
1.834914e+01
1.835773e+01
1.836633e+01
1.837492e+01
1.838352e+01
1.839211e+01
1.840071e+01
1.840930e+01
1.841790e+01
1.842649e+01
1.843508e+01
1.844368e+01
1.845227e+01
1.846087e+01
1.846946e+01
1.847806e+01
1.848665e+01
1.849525e+01
1.850384e+01
1.851244e+01
1.852103e+01
1.852962e+01
1.853822e+01
1.854681e+01
1.855541e+01
1.856400e+01
1.857260e+01
1.858119e+01
1.858979e+01
1.859838e+01
1.860698e+01
1.861557e+01
1.862416e+01
1.863276e+01
1.864135e+01
1.864995e+01
1.865854e+01
1.866714e+01
1.867573e+01
1.868433e+01
1.869292e+01
1.870152e+01
1.871011e+01
1.871870e+01
1.872730e+01
1.873589e+01
1.874449e+01
1.875308e+01
1.876168e+01
1.877027e+01
1.877887e+01
1.878746e+01
1.879606e+01
1.880465e+01
1.881325e+01
1.882184e+01
1.883043e+01
1.883903e+01
1.884762e+01
1.885622e+01
1.886481e+01
1.887341e+01
1.888200e+01
1.889060e+01
1.889919e+01
1.890779e+01
1.891638e+01
1.892497e+01
1.893357e+01
1.894216e+01
1.895076e+01
1.895935e+01
1.896795e+01
1.897654e+01
1.898514e+01
1.899373e+01
1.900233e+01
1.901092e+01
1.901951e+01
1.902811e+01
1.903670e+01
1.904530e+01
1.905389e+01
1.906249e+01
1.907108e+01
1.907968e+01
1.908827e+01
1.909687e+01
1.910546e+01
1.911405e+01
1.912265e+01
1.913124e+01
1.913984e+01
1.914843e+01
1.915703e+01
1.916562e+01
1.917422e+01
1.918281e+01
1.919141e+01
1.920000e+01
1.920859e+01
1.921719e+01
1.922578e+01
1.923438e+01
1.924297e+01
1.925157e+01
1.926016e+01
1.926876e+01
1.927735e+01
1.928595e+01
1.929454e+01
1.930313e+01
1.931173e+01
1.932032e+01
1.932892e+01
1.933751e+01
1.934611e+01
1.935470e+01
1.936330e+01
1.937189e+01
1.938049e+01
1.938908e+01
1.939767e+01
1.940627e+01
1.941486e+01
1.942346e+01
1.943205e+01
1.944065e+01
1.944924e+01
1.945784e+01
1.946643e+01
1.947503e+01
1.948362e+01
1.949221e+01
1.950081e+01
1.950940e+01
1.951800e+01
1.952659e+01
1.953519e+01
1.954378e+01
1.955238e+01
1.956097e+01
1.956957e+01
1.957816e+01
1.958675e+01
1.959535e+01
1.960394e+01
1.961254e+01
1.962113e+01
1.962973e+01
1.963832e+01
1.964692e+01
1.965551e+01
1.966411e+01
1.967270e+01
1.968130e+01
1.968989e+01
1.969848e+01
1.970708e+01
1.971567e+01
1.972427e+01
1.973286e+01
1.974146e+01
1.975005e+01
1.975865e+01
1.976724e+01
1.977584e+01
1.978443e+01
1.979302e+01
1.980162e+01
1.981021e+01
1.981881e+01
1.982740e+01
1.983600e+01
1.984459e+01
1.985319e+01
1.986178e+01
1.987038e+01
1.987897e+01
1.988756e+01
1.989616e+01
1.990475e+01
1.991335e+01
1.992194e+01
1.993054e+01
1.993913e+01
1.994773e+01
1.995632e+01
1.996492e+01
1.997351e+01
1.998210e+01
1.999070e+01
1.999929e+01
2.000789e+01
2.001648e+01
2.002508e+01
2.003367e+01
2.004227e+01
2.005086e+01
2.005946e+01
2.006805e+01
2.007664e+01
2.008524e+01
2.009383e+01
2.010243e+01
2.011102e+01
2.011962e+01
2.012821e+01
2.013681e+01
2.014540e+01
2.015400e+01
2.016259e+01
2.017118e+01
2.017978e+01
2.018837e+01
2.019697e+01
2.020556e+01
2.021416e+01
2.022275e+01
2.023135e+01
2.023994e+01
2.024854e+01
2.025713e+01
2.026572e+01
2.027432e+01
2.028291e+01
2.029151e+01
2.030010e+01
2.030870e+01
2.031729e+01
2.032589e+01
2.033448e+01
2.034308e+01
2.035167e+01
2.036026e+01
2.036886e+01
2.037745e+01
2.038605e+01
2.039464e+01
2.040324e+01
2.041183e+01
2.042043e+01
2.042902e+01
2.043762e+01
2.044621e+01
2.045481e+01
2.046340e+01
2.047199e+01
2.048059e+01
2.048918e+01
2.049778e+01
2.050611e+01
2.051444e+01
2.052277e+01
2.053110e+01
2.053943e+01
2.054776e+01
2.055610e+01
2.056443e+01
2.057276e+01
2.058109e+01
2.058942e+01
2.059775e+01
2.060608e+01
2.061441e+01
2.062274e+01
2.063108e+01
2.063941e+01
2.064774e+01
2.065607e+01
2.066440e+01
2.067273e+01
2.068106e+01
2.068939e+01
2.069772e+01
2.070606e+01
2.071439e+01
2.072272e+01
2.073105e+01
2.073938e+01
2.074771e+01
2.075604e+01
2.076437e+01
2.077270e+01
2.078104e+01
2.078937e+01
2.079770e+01
2.080603e+01
2.081436e+01
2.082269e+01
2.083102e+01
2.083935e+01
2.084768e+01
2.085602e+01
2.086435e+01
2.087268e+01
2.088101e+01
2.088934e+01
2.089767e+01
2.090600e+01
2.091433e+01
2.092266e+01
2.093100e+01
2.093933e+01
2.094766e+01
2.095599e+01
2.096432e+01
2.097265e+01
2.098098e+01
2.098931e+01
2.099764e+01
2.100598e+01
2.101431e+01
2.102264e+01
2.103097e+01
2.103930e+01
2.104763e+01
2.105596e+01
2.106429e+01
2.107263e+01
2.108096e+01
2.108929e+01
2.109762e+01
2.110595e+01
2.111428e+01
2.112261e+01
2.113094e+01
2.113927e+01
2.114761e+01
2.115594e+01
2.116427e+01
2.117260e+01
2.118093e+01
2.118926e+01
2.119759e+01
2.120592e+01
2.121425e+01
2.122259e+01
2.123092e+01
2.123925e+01
2.124758e+01
2.125591e+01
2.126424e+01
2.127257e+01
2.128090e+01
2.128923e+01
2.129757e+01
2.130590e+01
2.131423e+01
2.132256e+01
2.133089e+01
2.133922e+01
2.134755e+01
2.135588e+01
2.136421e+01
2.137255e+01
2.138088e+01
2.138921e+01
2.139754e+01
2.140587e+01
2.141420e+01
2.142253e+01
2.143086e+01
2.143919e+01
2.144753e+01
2.145586e+01
2.146419e+01
2.147252e+01
2.148085e+01
2.148918e+01
2.149751e+01
2.150584e+01
2.151417e+01
2.152251e+01
2.153084e+01
2.153917e+01
2.154750e+01
2.155583e+01
2.156416e+01
2.157249e+01
2.158082e+01
2.158915e+01
2.159749e+01
2.160582e+01
2.161415e+01
2.162248e+01
2.163081e+01
2.163914e+01
2.164747e+01
2.165580e+01
2.166413e+01
2.167247e+01
2.168080e+01
2.168913e+01
2.169746e+01
2.170579e+01
2.171412e+01
2.172245e+01
2.173078e+01
2.173911e+01
2.174745e+01
2.175578e+01
2.176411e+01
2.177244e+01
2.178077e+01
2.178910e+01
2.179743e+01
2.180576e+01
2.181409e+01
2.182243e+01
2.183076e+01
2.183909e+01
2.184742e+01
2.185575e+01
2.186408e+01
2.187241e+01
2.188074e+01
2.188907e+01
2.189741e+01
2.190574e+01
2.191407e+01
2.192240e+01
2.193073e+01
2.193906e+01
2.194739e+01
2.195572e+01
2.196405e+01
2.197239e+01
2.198072e+01
2.198905e+01
2.199738e+01
2.200571e+01
2.201404e+01
2.202237e+01
2.203070e+01
2.203903e+01
2.204737e+01
2.205570e+01
2.206403e+01
2.207236e+01
2.208069e+01
2.208902e+01
2.209735e+01
2.210568e+01
2.211402e+01
2.212235e+01
2.213068e+01
2.213901e+01
2.214734e+01
2.215567e+01
2.216400e+01
2.217233e+01
2.218066e+01
2.218900e+01
2.219733e+01
2.220566e+01
2.221399e+01
2.222232e+01
2.223065e+01
2.223898e+01
2.224731e+01
2.225564e+01
2.226398e+01
2.227231e+01
2.228064e+01
2.228897e+01
2.229730e+01
2.230563e+01
2.231396e+01
2.232229e+01
2.233062e+01
2.233896e+01
2.234729e+01
2.235562e+01
2.236395e+01
2.237228e+01
2.238061e+01
2.238894e+01
2.239727e+01
2.240560e+01
2.241394e+01
2.242227e+01
2.243060e+01
2.243893e+01
2.244726e+01
2.245559e+01
2.246392e+01
2.247225e+01
2.248058e+01
2.248892e+01
2.249725e+01
2.250558e+01
2.251391e+01
2.252224e+01
2.253057e+01
2.253890e+01
2.254723e+01
2.255556e+01
2.256390e+01
2.257223e+01
2.258056e+01
2.258889e+01
2.259722e+01
2.260555e+01
2.261388e+01
2.262221e+01
2.263054e+01
2.263888e+01
2.264721e+01
2.265554e+01
2.266387e+01
2.267220e+01
2.268053e+01
2.268886e+01
2.269719e+01
2.270552e+01
2.271386e+01
2.272219e+01
2.273052e+01
2.273885e+01
2.274718e+01
2.275551e+01
2.276384e+01
2.277217e+01
2.278050e+01
2.278884e+01
2.279717e+01
2.280550e+01
2.281383e+01
2.282216e+01
2.283049e+01
2.283882e+01
2.284715e+01
2.285548e+01
2.286382e+01
2.287215e+01
2.288048e+01
2.288881e+01
2.289714e+01
2.290547e+01
2.291380e+01
2.292213e+01
2.293046e+01
2.293880e+01
2.294713e+01
2.295546e+01
2.296379e+01
2.297212e+01
2.298045e+01
2.298878e+01
2.299711e+01
2.300544e+01
2.301378e+01
2.302211e+01
2.303044e+01
2.303877e+01
2.304710e+01
2.305543e+01
2.306376e+01
2.307209e+01
2.308042e+01
2.308876e+01
2.309709e+01
2.310542e+01
2.311375e+01
2.312208e+01
2.313041e+01
2.313874e+01
2.314707e+01
2.315541e+01
2.316374e+01
2.317207e+01
2.318040e+01
2.318873e+01
2.319706e+01
2.320539e+01
2.321372e+01
2.322205e+01
2.323039e+01
2.323872e+01
2.324705e+01
2.325538e+01
2.326371e+01
2.327204e+01
2.328037e+01
2.328870e+01
2.329703e+01
2.330537e+01
2.331370e+01
2.332203e+01
2.333036e+01
2.333869e+01
2.334702e+01
2.335535e+01
2.336368e+01
2.337201e+01
2.338035e+01
2.338868e+01
2.339701e+01
2.340534e+01
2.341367e+01
2.342200e+01
2.343033e+01
2.343866e+01
2.344699e+01
2.345533e+01
2.346366e+01
2.347199e+01
2.348032e+01
2.348865e+01
2.349698e+01
2.350531e+01
2.351364e+01
2.352197e+01
2.353031e+01
2.353864e+01
2.354697e+01
2.355530e+01
2.356363e+01
2.357196e+01
2.358029e+01
2.358862e+01
2.359695e+01
2.360529e+01
2.361362e+01
2.362195e+01
2.363028e+01
2.363861e+01
2.364694e+01
2.365527e+01
2.366360e+01
2.367193e+01
2.368027e+01
2.368860e+01
2.369693e+01
2.370526e+01
2.371359e+01
2.372192e+01
2.373025e+01
2.373858e+01
2.374691e+01
2.375525e+01
2.376358e+01
2.377191e+01
2.378024e+01
2.378857e+01
2.379690e+01
2.380523e+01
2.381356e+01
2.382189e+01
2.383023e+01
2.383856e+01
2.384689e+01
2.385522e+01
2.386355e+01
2.387188e+01
2.388021e+01
2.388854e+01
2.389687e+01
2.390521e+01
2.391354e+01
2.392187e+01
2.393020e+01
2.393853e+01
2.394686e+01
2.395519e+01
2.396352e+01
2.397185e+01
2.398019e+01
2.398852e+01
2.399685e+01
2.400518e+01
2.401351e+01
2.402184e+01
2.403017e+01
2.403850e+01
2.404683e+01
2.405517e+01
2.406350e+01
2.407183e+01
2.408016e+01
2.408849e+01
2.409682e+01
2.410515e+01
2.411348e+01
2.412181e+01
2.413015e+01
2.413848e+01
2.414681e+01
2.415514e+01
2.416347e+01
2.417180e+01
2.418013e+01
2.418846e+01
2.419680e+01
2.420513e+01
2.421346e+01
2.422179e+01
2.423012e+01
2.423845e+01
2.424678e+01
2.425511e+01
2.426344e+01
2.427178e+01
2.428011e+01
2.428844e+01
2.429677e+01
2.430510e+01
2.431343e+01
2.432176e+01
2.433009e+01
2.433842e+01
2.434676e+01
2.435509e+01
2.436342e+01
2.437175e+01
2.438008e+01
2.438841e+01
2.439674e+01
2.440507e+01
2.441340e+01
2.442174e+01
2.443007e+01
2.443840e+01
2.444673e+01
2.445506e+01
2.446339e+01
2.447172e+01
2.448005e+01
2.448838e+01
2.449672e+01
2.450505e+01
2.451338e+01
2.452171e+01
2.453004e+01
2.453837e+01
2.454670e+01
2.455503e+01
2.456336e+01
2.457170e+01
2.458003e+01
2.458836e+01
2.459669e+01
2.460502e+01
2.461335e+01
2.462168e+01
2.463001e+01
2.463834e+01
2.464668e+01
2.465501e+01
2.466334e+01
2.467167e+01
2.468000e+01
2.468716e+01
2.469432e+01
2.470148e+01
2.470864e+01
2.471580e+01
2.472296e+01
2.473011e+01
2.473727e+01
2.474443e+01
2.475159e+01
2.475875e+01
2.476591e+01
2.477307e+01
2.478023e+01
2.478739e+01
2.479455e+01
2.480171e+01
2.480887e+01
2.481603e+01
2.482319e+01
2.483034e+01
2.483750e+01
2.484466e+01
2.485182e+01
2.485898e+01
2.486614e+01
2.487330e+01
2.488046e+01
2.488762e+01
2.489478e+01
2.490194e+01
2.490910e+01
2.491626e+01
2.492342e+01
2.493057e+01
2.493773e+01
2.494489e+01
2.495205e+01
2.495921e+01
2.496637e+01
2.497353e+01
2.498069e+01
2.498785e+01
2.499501e+01
2.500217e+01
2.500933e+01
2.501649e+01
2.502364e+01
2.503080e+01
2.503796e+01
2.504512e+01
2.505228e+01
2.505944e+01
2.506660e+01
2.507376e+01
2.508092e+01
2.508808e+01
2.509524e+01
2.510240e+01
2.510956e+01
2.511672e+01
2.512387e+01
2.513103e+01
2.513819e+01
2.514535e+01
2.515251e+01
2.515967e+01
2.516683e+01
2.517399e+01
2.518115e+01
2.518831e+01
2.519547e+01
2.520263e+01
2.520979e+01
2.521694e+01
2.522410e+01
2.523126e+01
2.523842e+01
2.524558e+01
2.525274e+01
2.525990e+01
2.526706e+01
2.527422e+01
2.528138e+01
2.528854e+01
2.529570e+01
2.530286e+01
2.531002e+01
2.531717e+01
2.532433e+01
2.533149e+01
2.533865e+01
2.534581e+01
2.535297e+01
2.536013e+01
2.536729e+01
2.537445e+01
2.538161e+01
2.538877e+01
2.539593e+01
2.540309e+01
2.541025e+01
2.541740e+01
2.542456e+01
2.543172e+01
2.543888e+01
2.544604e+01
2.545320e+01
2.546036e+01
2.546752e+01
2.547468e+01
2.548184e+01
2.548900e+01
2.549616e+01
2.550332e+01
2.551047e+01
2.551763e+01
2.552479e+01
2.553195e+01
2.553911e+01
2.554627e+01
2.555343e+01
2.556059e+01
2.556775e+01
2.557491e+01
2.558207e+01
2.558923e+01
2.559639e+01
2.560355e+01
2.561070e+01
2.561786e+01
2.562502e+01
2.563218e+01
2.563934e+01
2.564650e+01
2.565366e+01
2.566082e+01
2.566798e+01
2.567514e+01
2.568230e+01
2.568946e+01
2.569662e+01
2.570378e+01
2.571093e+01
2.571809e+01
2.572525e+01
2.573241e+01
2.573957e+01
2.574673e+01
2.575389e+01
2.576105e+01
2.576821e+01
2.577537e+01
2.578253e+01
2.578969e+01
2.579685e+01
2.580400e+01
2.581116e+01
2.581832e+01
2.582548e+01
2.583264e+01
2.583980e+01
2.584696e+01
2.585412e+01
2.586128e+01
2.586844e+01
2.587560e+01
2.588276e+01
2.588992e+01
2.589708e+01
2.590423e+01
2.591139e+01
2.591855e+01
2.592571e+01
2.593287e+01
2.594003e+01
2.594719e+01
2.595435e+01
2.596151e+01
2.596867e+01
2.597583e+01
2.598299e+01
2.599015e+01
2.599731e+01
2.600446e+01
2.601162e+01
2.601878e+01
2.602594e+01
2.603310e+01
2.604026e+01
2.604742e+01
2.605458e+01
2.606174e+01
2.606890e+01
2.607606e+01
2.608322e+01
2.609038e+01
2.609753e+01
2.610469e+01
2.611185e+01
2.611901e+01
2.612617e+01
2.613333e+01
2.614049e+01
2.614765e+01
2.615481e+01
2.616197e+01
2.616913e+01
2.617629e+01
2.618345e+01
2.619061e+01
2.619776e+01
2.620492e+01
2.621208e+01
2.621924e+01
2.622640e+01
2.623356e+01
2.624072e+01
2.624788e+01
2.625504e+01
2.626220e+01
2.626936e+01
2.627652e+01
2.628368e+01
2.629083e+01
2.629799e+01
2.630515e+01
2.631231e+01
2.631947e+01
2.632663e+01
2.633379e+01
2.634095e+01
2.634811e+01
2.635527e+01
2.636243e+01
2.636959e+01
2.637675e+01
2.638391e+01
2.639106e+01
2.639822e+01
2.640538e+01
2.641254e+01
2.641970e+01
2.642686e+01
2.643402e+01
2.644118e+01
2.644834e+01
2.645550e+01
2.646266e+01
2.646982e+01
2.647698e+01
2.648414e+01
2.649129e+01
2.649845e+01
2.650561e+01
2.651277e+01
2.651993e+01
2.652709e+01
2.653425e+01
2.654141e+01
2.654857e+01
2.655573e+01
2.656289e+01
2.657005e+01
2.657721e+01
2.658436e+01
2.659152e+01
2.659868e+01
2.660584e+01
2.661300e+01
2.662016e+01
2.662732e+01
2.663448e+01
2.664164e+01
2.664880e+01
2.665596e+01
2.666312e+01
2.667028e+01
2.667744e+01
2.668459e+01
2.669175e+01
2.669891e+01
2.670607e+01
2.671323e+01
2.672039e+01
2.672755e+01
2.673471e+01
2.674187e+01
2.674903e+01
2.675619e+01
2.676335e+01
2.677051e+01
2.677767e+01
2.678482e+01
2.679198e+01
2.679914e+01
2.680630e+01
2.681346e+01
2.682062e+01
2.682778e+01
2.683494e+01
2.684210e+01
2.684926e+01
2.685642e+01
2.686358e+01
2.687074e+01
2.687789e+01
2.688505e+01
2.689221e+01
2.689937e+01
2.690653e+01
2.691369e+01
2.692085e+01
2.692801e+01
2.693517e+01
2.694233e+01
2.694949e+01
2.695665e+01
2.696381e+01
2.697097e+01
2.697812e+01
2.698528e+01
2.699244e+01
2.699960e+01
2.700676e+01
2.701392e+01
2.702108e+01
2.702824e+01
2.703540e+01
2.704256e+01
2.704972e+01
2.705688e+01
2.706404e+01
2.707120e+01
2.707835e+01
2.708551e+01
2.709267e+01
2.709983e+01
2.710699e+01
2.711415e+01
2.712131e+01
2.712847e+01
2.713563e+01
2.714279e+01
2.714995e+01
2.715711e+01
2.716427e+01
2.717142e+01
2.717858e+01
2.718574e+01
2.719290e+01
2.720006e+01
2.720722e+01
2.721438e+01
2.722154e+01
2.722870e+01
2.723586e+01
2.724302e+01
2.725018e+01
2.725734e+01
2.726450e+01
2.727165e+01
2.727881e+01
2.728597e+01
2.729313e+01
2.730029e+01
2.730745e+01
2.731461e+01
2.732177e+01
2.732893e+01
2.733609e+01
2.734325e+01
2.735041e+01
2.735757e+01
2.736472e+01
2.737188e+01
2.737904e+01
2.738620e+01
2.739336e+01
2.740052e+01
2.740768e+01
2.741484e+01
2.742200e+01
2.742916e+01
2.743632e+01
2.744348e+01
2.745064e+01
2.745780e+01
2.746495e+01
2.747211e+01
2.747927e+01
2.748643e+01
2.749359e+01
2.750075e+01
2.750791e+01
2.751507e+01
2.752223e+01
2.752939e+01
2.753655e+01
2.754371e+01
2.755087e+01
2.755803e+01
2.756518e+01
2.757234e+01
2.757950e+01
2.758666e+01
2.759382e+01
2.760098e+01
2.760814e+01
2.761530e+01
2.762246e+01
2.762962e+01
2.763678e+01
2.764394e+01
2.765110e+01
2.765825e+01
2.766541e+01
2.767257e+01
2.767973e+01
2.768689e+01
2.769405e+01
2.770121e+01
2.770837e+01
2.771553e+01
2.772269e+01
2.772985e+01
2.773701e+01
2.774417e+01
2.775133e+01
2.775848e+01
2.776564e+01
2.777280e+01
2.777996e+01
2.778712e+01
2.779428e+01
2.780144e+01
2.780860e+01
2.781576e+01
2.782292e+01
2.783008e+01
2.783724e+01
2.784440e+01
2.785156e+01
2.785871e+01
2.786587e+01
2.787303e+01
2.788019e+01
2.788735e+01
2.789451e+01
2.790167e+01
2.790883e+01
2.791599e+01
2.792315e+01
2.793031e+01
2.793747e+01
2.794463e+01
2.795178e+01
2.795894e+01
2.796610e+01
2.797326e+01
2.798042e+01
2.798758e+01
2.799474e+01
2.800190e+01
2.800906e+01
2.801622e+01
2.802338e+01
2.803054e+01
2.803770e+01
2.804486e+01
2.805201e+01
2.805917e+01
2.806633e+01
2.807349e+01
2.808065e+01
2.808781e+01
2.809497e+01
2.810213e+01
2.810929e+01
2.811645e+01
2.812361e+01
2.813077e+01
2.813793e+01
2.814509e+01
2.815224e+01
2.815940e+01
2.816656e+01
2.817372e+01
2.818088e+01
2.818804e+01
2.819520e+01
2.820236e+01
2.820952e+01
2.821668e+01
2.822384e+01
2.823100e+01
2.823816e+01
2.824531e+01
2.825247e+01
2.825963e+01
2.826679e+01
2.827395e+01
2.828111e+01
2.828875e+01
2.829639e+01
2.830403e+01
2.831167e+01
2.831932e+01
2.832696e+01
2.833460e+01
2.834224e+01
2.834988e+01
2.835752e+01
2.836516e+01
2.837280e+01
2.838044e+01
2.838808e+01
2.839572e+01
2.840336e+01
2.841101e+01
2.841865e+01
2.842629e+01
2.843393e+01
2.844157e+01
2.844921e+01
2.845685e+01
2.846449e+01
2.847213e+01
2.847977e+01
2.848741e+01
2.849505e+01
2.850269e+01
2.851034e+01
2.851798e+01
2.852562e+01
2.853326e+01
2.854090e+01
2.854854e+01
2.855618e+01
2.856382e+01
2.857146e+01
2.857910e+01
2.858674e+01
2.859438e+01
2.860203e+01
2.860967e+01
2.861731e+01
2.862495e+01
2.863259e+01
2.864023e+01
2.864787e+01
2.865551e+01
2.866315e+01
2.867079e+01
2.867843e+01
2.868607e+01
2.869372e+01
2.870136e+01
2.870900e+01
2.871664e+01
2.872428e+01
2.873192e+01
2.873956e+01
2.874720e+01
2.875484e+01
2.876248e+01
2.877012e+01
2.877776e+01
2.878541e+01
2.879305e+01
2.880069e+01
2.880833e+01
2.881597e+01
2.882361e+01
2.883125e+01
2.883889e+01
2.884653e+01
2.885417e+01
2.886181e+01
2.886945e+01
2.887710e+01
2.888474e+01
2.889238e+01
2.890002e+01
2.890766e+01
2.891530e+01
2.892294e+01
2.893058e+01
2.893822e+01
2.894586e+01
2.895350e+01
2.896114e+01
2.896879e+01
2.897643e+01
2.898407e+01
2.899171e+01
2.899935e+01
2.900699e+01
2.901463e+01
2.902227e+01
2.902991e+01
2.903755e+01
2.904519e+01
2.905283e+01
2.906047e+01
2.906812e+01
2.907576e+01
2.908340e+01
2.909104e+01
2.909868e+01
2.910632e+01
2.911396e+01
2.912160e+01
2.912924e+01
2.913688e+01
2.914452e+01
2.915216e+01
2.915981e+01
2.916745e+01
2.917509e+01
2.918273e+01
2.919037e+01
2.919801e+01
2.920565e+01
2.921329e+01
2.922093e+01
2.922857e+01
2.923621e+01
2.924385e+01
2.925150e+01
2.925914e+01
2.926678e+01
2.927442e+01
2.928206e+01
2.928970e+01
2.929734e+01
2.930498e+01
2.931262e+01
2.932026e+01
2.932790e+01
2.933554e+01
2.934319e+01
2.935083e+01
2.935847e+01
2.936611e+01
2.937375e+01
2.938139e+01
2.938903e+01
2.939667e+01
2.940431e+01
2.941195e+01
2.941959e+01
2.942723e+01
2.943488e+01
2.944252e+01
2.945016e+01
2.945780e+01
2.946544e+01
2.947308e+01
2.948072e+01
2.948836e+01
2.949600e+01
2.950364e+01
2.951128e+01
2.951892e+01
2.952657e+01
2.953421e+01
2.954185e+01
2.954949e+01
2.955713e+01
2.956477e+01
2.957241e+01
2.958005e+01
2.958769e+01
2.959533e+01
2.960297e+01
2.961061e+01
2.961825e+01
2.962590e+01
2.963354e+01
2.964118e+01
2.964882e+01
2.965646e+01
2.966410e+01
2.967174e+01
2.967938e+01
2.968702e+01
2.969466e+01
2.970230e+01
2.970994e+01
2.971759e+01
2.972523e+01
2.973287e+01
2.974051e+01
2.974815e+01
2.975579e+01
2.976343e+01
2.977107e+01
2.977871e+01
2.978635e+01
2.979399e+01
2.980163e+01
2.980928e+01
2.981692e+01
2.982456e+01
2.983220e+01
2.983984e+01
2.984748e+01
2.985512e+01
2.986276e+01
2.987040e+01
2.987804e+01
2.988568e+01
2.989332e+01
2.990097e+01
2.990861e+01
2.991625e+01
2.992389e+01
2.993153e+01
2.993917e+01
2.994681e+01
2.995445e+01
2.996209e+01
2.996973e+01
2.997737e+01
2.998501e+01
2.999266e+01
3.000030e+01
3.000794e+01
3.001558e+01
3.002322e+01
3.003086e+01
3.003850e+01
3.004614e+01
3.005378e+01
3.006142e+01
3.006906e+01
3.007670e+01
3.008435e+01
3.009199e+01
3.009963e+01
3.010727e+01
3.011491e+01
3.012255e+01
3.013019e+01
3.013783e+01
3.014547e+01
3.015311e+01
3.016075e+01
3.016839e+01
3.017603e+01
3.018368e+01
3.019132e+01
3.019896e+01
3.020660e+01
3.021424e+01
3.022188e+01
3.022952e+01
3.023716e+01
3.024480e+01
3.025244e+01
3.026008e+01
3.026772e+01
3.027537e+01
3.028301e+01
3.029065e+01
3.029829e+01
3.030593e+01
3.031357e+01
3.032121e+01
3.032885e+01
3.033649e+01
3.034413e+01
3.035177e+01
3.035941e+01
3.036706e+01
3.037470e+01
3.038234e+01
3.038998e+01
3.039762e+01
3.040526e+01
3.041290e+01
3.042054e+01
3.042818e+01
3.043582e+01
3.044346e+01
3.045110e+01
3.045875e+01
3.046639e+01
3.047403e+01
3.048167e+01
3.048931e+01
3.049695e+01
3.050459e+01
3.051223e+01
3.051987e+01
3.052751e+01
3.053515e+01
3.054279e+01
3.055044e+01
3.055808e+01
3.056572e+01
3.057336e+01
3.058100e+01
3.058864e+01
3.059628e+01
3.060392e+01
3.061156e+01
3.061920e+01
3.062684e+01
3.063448e+01
3.064213e+01
3.064977e+01
3.065741e+01
3.066505e+01
3.067269e+01
3.068033e+01
3.068797e+01
3.069561e+01
3.070325e+01
3.071089e+01
3.071853e+01
3.072617e+01
3.073381e+01
3.074146e+01
3.074910e+01
3.075674e+01
3.076438e+01
3.077202e+01
3.077966e+01
3.078730e+01
3.079494e+01
3.080258e+01
3.081022e+01
3.081786e+01
3.082550e+01
3.083315e+01
3.084079e+01
3.084843e+01
3.085607e+01
3.086371e+01
3.087135e+01
3.087899e+01
3.088663e+01
3.089427e+01
3.090191e+01
3.090955e+01
3.091719e+01
3.092484e+01
3.093248e+01
3.094012e+01
3.094776e+01
3.095540e+01
3.096304e+01
3.097068e+01
3.097832e+01
3.098596e+01
3.099360e+01
3.100124e+01
3.100888e+01
3.101653e+01
3.102417e+01
3.103181e+01
3.103945e+01
3.104709e+01
3.105473e+01
3.106237e+01
3.107001e+01
3.107765e+01
3.108529e+01
3.109293e+01
3.110057e+01
3.110822e+01
3.111586e+01
3.112350e+01
3.113114e+01
3.113878e+01
3.114642e+01
3.115406e+01
3.116170e+01
3.116934e+01
3.117698e+01
3.118462e+01
3.119226e+01
3.119991e+01
3.120755e+01
3.121519e+01
3.122283e+01
3.123047e+01
3.123811e+01
3.124575e+01
3.125339e+01
3.126103e+01
3.126867e+01
3.127631e+01
3.128395e+01
3.129159e+01
3.129924e+01
3.130688e+01
3.131452e+01
3.132216e+01
3.132980e+01
3.133744e+01
3.134508e+01
3.135272e+01
3.136036e+01
3.136800e+01
3.137564e+01
3.138328e+01
3.139093e+01
3.139857e+01
3.140621e+01
3.141385e+01
3.142149e+01
3.142913e+01
3.143677e+01
3.144441e+01
3.145205e+01
3.145969e+01
3.146733e+01
3.147497e+01
3.148262e+01
3.149026e+01
3.149790e+01
3.150554e+01
3.151318e+01
3.152082e+01
3.152846e+01
3.153610e+01
3.154374e+01
3.155138e+01
3.155902e+01
3.156666e+01
3.157431e+01
3.158195e+01
3.158959e+01
3.159723e+01
3.160487e+01
3.161251e+01
3.162015e+01
3.162779e+01
3.163543e+01
3.164307e+01
3.165071e+01
3.165835e+01
3.166600e+01
3.167364e+01
3.168128e+01
3.168892e+01
3.169656e+01
3.170420e+01
3.171184e+01
3.171948e+01
3.172712e+01
3.173476e+01
3.174240e+01
3.175004e+01
3.175769e+01
3.176533e+01
3.177297e+01
3.178061e+01
3.178825e+01
3.179589e+01
3.180353e+01
3.181117e+01
3.181881e+01
3.182645e+01
3.183409e+01
3.184173e+01
3.184937e+01
3.185702e+01
3.186466e+01
3.187230e+01
3.187994e+01
3.188758e+01
3.189522e+01
3.190286e+01
3.191050e+01
3.191814e+01
3.192578e+01
3.193342e+01
3.194106e+01
3.194871e+01
3.195635e+01
