5.800000e-01
5.803333e-01
5.806667e-01
5.810000e-01
5.813333e-01
5.816667e-01
5.820000e-01
5.823333e-01
5.826667e-01
5.830000e-01
5.833333e-01
5.836667e-01
5.840000e-01
5.843333e-01
5.846667e-01
5.850000e-01
5.853333e-01
5.856667e-01
5.860000e-01
5.863333e-01
5.866667e-01
5.870000e-01
5.873333e-01
5.876667e-01
5.880000e-01
5.883333e-01
5.886667e-01
5.890000e-01
5.893333e-01
5.896667e-01
5.900000e-01
5.904250e-01
5.908500e-01
5.912750e-01
5.917000e-01
5.921250e-01
5.925500e-01
5.929750e-01
5.934000e-01
5.938250e-01
5.942500e-01
5.946750e-01
5.951000e-01
5.955250e-01
5.959500e-01
5.963750e-01
5.968000e-01
5.972250e-01
5.976500e-01
5.980750e-01
5.985000e-01
5.985750e-01
5.986500e-01
5.987250e-01
5.988000e-01
5.988750e-01
5.989500e-01
5.990250e-01
5.991000e-01
5.991750e-01
5.992500e-01
5.993250e-01
5.994000e-01
5.994750e-01
5.995500e-01
5.996250e-01
5.997000e-01
5.997750e-01
5.998500e-01
5.993833e-01
6.000000e-01
6.006167e-01
6.012333e-01
6.018500e-01
6.024667e-01
6.030833e-01
6.037000e-01
6.043167e-01
6.049333e-01
6.055500e-01
6.061667e-01
6.067833e-01
6.074000e-01
6.080167e-01
6.086333e-01
6.092500e-01
6.098667e-01
6.104833e-01
6.111000e-01
6.117167e-01
6.123333e-01
6.129500e-01
6.135667e-01
6.141833e-01
6.148000e-01
6.154167e-01
6.160333e-01
6.166500e-01
6.172667e-01
6.178833e-01
6.185000e-01
6.189000e-01
6.193000e-01
6.197000e-01
6.201000e-01
6.205000e-01
6.209000e-01
6.213000e-01
6.217000e-01
6.221000e-01
6.225000e-01
6.229000e-01
6.233000e-01
6.237000e-01
6.241000e-01
6.245000e-01
6.249000e-01
6.253000e-01
6.257000e-01
6.261000e-01
6.265000e-01
6.269000e-01
6.273000e-01
6.277000e-01
6.281000e-01
6.285000e-01
6.289000e-01
6.293000e-01
6.297000e-01
6.301000e-01
6.305000e-01
6.309000e-01
6.313000e-01
6.317000e-01
6.321000e-01
6.325000e-01
6.329000e-01
6.333000e-01
6.337000e-01
6.341000e-01
6.345000e-01
6.349000e-01
6.353000e-01
6.357000e-01
6.361000e-01
6.365000e-01
6.369000e-01
6.373000e-01
6.377000e-01
6.381000e-01
6.385000e-01
6.388700e-01
6.392400e-01
6.396100e-01
6.399800e-01
6.403500e-01
6.407200e-01
6.410900e-01
6.414600e-01
6.418300e-01
6.422000e-01
6.425700e-01
6.429400e-01
6.433100e-01
6.436800e-01
6.440500e-01
6.444200e-01
6.447900e-01
6.451600e-01
6.455300e-01
6.459000e-01
6.462700e-01
6.466400e-01
6.470100e-01
6.473800e-01
6.477500e-01
6.481200e-01
6.484900e-01
6.488600e-01
6.492300e-01
6.496000e-01
6.499700e-01
6.503400e-01
6.507100e-01
6.510800e-01
6.514500e-01
6.518200e-01
6.521900e-01
6.525600e-01
6.529300e-01
6.533000e-01
6.536700e-01
6.540400e-01
6.544100e-01
6.547800e-01
6.551500e-01
6.555200e-01
6.558900e-01
6.562600e-01
6.566300e-01
6.570000e-01
6.595150e-01
6.620300e-01
6.645450e-01
6.670600e-01
6.695750e-01
6.720900e-01
6.746050e-01
6.771200e-01
6.796350e-01
6.821500e-01
6.846650e-01
6.871800e-01
6.896950e-01
6.922100e-01
6.947250e-01
6.972400e-01
6.997550e-01
7.022700e-01
7.047850e-01
7.073000e-01
7.098150e-01
7.123300e-01
7.148450e-01
7.173600e-01
7.198750e-01
7.223900e-01
7.249050e-01
7.274200e-01
7.299350e-01
7.324500e-01
7.349650e-01
7.374800e-01
7.399950e-01
7.425100e-01
7.450250e-01
7.475400e-01
7.500550e-01
7.525700e-01
7.550850e-01
7.576000e-01
7.601150e-01
7.626300e-01
7.651450e-01
7.676600e-01
7.701750e-01
7.726900e-01
7.752050e-01
7.777200e-01
7.802350e-01
7.827500e-01
7.852650e-01
7.877800e-01
7.902950e-01
7.928100e-01
7.953250e-01
7.978400e-01
8.003550e-01
8.028700e-01
8.053850e-01
8.079000e-01
8.104150e-01
8.129300e-01
8.154450e-01
8.179600e-01
8.204750e-01
8.229900e-01
8.255050e-01
8.280200e-01
8.305350e-01
8.330500e-01
8.355650e-01
8.380800e-01
8.405950e-01
8.431100e-01
8.456250e-01
8.481400e-01
8.506550e-01
8.531700e-01
8.556850e-01
8.582000e-01
8.607150e-01
8.632300e-01
8.657450e-01
8.682600e-01
8.707750e-01
8.732900e-01
8.758050e-01
8.783200e-01
8.808350e-01
8.833500e-01
8.858650e-01
8.883800e-01
8.908950e-01
8.934100e-01
8.959250e-01
8.984400e-01
9.009550e-01
9.034700e-01
9.059850e-01
9.085000e-01
9.092000e-01
9.099000e-01
9.106000e-01
9.113000e-01
9.120000e-01
9.127000e-01
9.134000e-01
9.141000e-01
9.148000e-01
9.155000e-01
9.162000e-01
9.169000e-01
9.176000e-01
9.183000e-01
9.190000e-01
9.197000e-01
9.204000e-01
9.211000e-01
9.218000e-01
9.225000e-01
9.232000e-01
9.239000e-01
9.246000e-01
9.253000e-01
9.260000e-01
9.267000e-01
9.274000e-01
9.281000e-01
9.288000e-01
9.295000e-01
9.302000e-01
9.309000e-01
9.316000e-01
9.323000e-01
9.330000e-01
9.337000e-01
9.344000e-01
9.351000e-01
9.358000e-01
9.365000e-01
9.372000e-01
9.379000e-01
9.386000e-01
9.393000e-01
9.400000e-01
9.407000e-01
9.414000e-01
9.421000e-01
9.428000e-01
9.435000e-01
9.442000e-01
9.449000e-01
9.456000e-01
9.463000e-01
9.470000e-01
9.477000e-01
9.484000e-01
9.491000e-01
9.498000e-01
9.505000e-01
9.512000e-01
9.519000e-01
9.526000e-01
9.533000e-01
9.540000e-01
9.547000e-01
9.554000e-01
9.561000e-01
9.568000e-01
9.575000e-01
9.582000e-01
9.589000e-01
9.596000e-01
9.603000e-01
9.610000e-01
9.617000e-01
9.624000e-01
9.631000e-01
9.638000e-01
9.645000e-01
9.652000e-01
9.659000e-01
9.666000e-01
9.673000e-01
9.680000e-01
9.687000e-01
9.694000e-01
9.701000e-01
9.708000e-01
9.715000e-01
9.722000e-01
9.729000e-01
9.736000e-01
9.743000e-01
9.750000e-01
9.757000e-01
9.764000e-01
9.771000e-01
9.778000e-01
9.785000e-01
9.792000e-01
9.799000e-01
9.806000e-01
9.813000e-01
9.820000e-01
9.827000e-01
9.834000e-01
9.841000e-01
9.848000e-01
9.855000e-01
9.862000e-01
9.869000e-01
9.876000e-01
9.883000e-01
9.890000e-01
9.897000e-01
9.904000e-01
9.911000e-01
9.918000e-01
9.925000e-01
9.932000e-01
9.939000e-01
9.946000e-01
9.953000e-01
9.960000e-01
9.967000e-01
9.974000e-01
9.981000e-01
9.988000e-01
9.995000e-01
1.000200e+00
1.000900e+00
1.001600e+00
1.002300e+00
1.003000e+00
1.003700e+00
1.004400e+00
1.005100e+00
1.005800e+00
1.006500e+00
1.007200e+00
1.007900e+00
1.008600e+00
1.009300e+00
1.010000e+00
1.010700e+00
1.011400e+00
1.012100e+00
1.012800e+00
1.013500e+00
1.014200e+00
1.014900e+00
1.015600e+00
1.016300e+00
1.017000e+00
1.017700e+00
1.018400e+00
1.019100e+00
1.019800e+00
1.020500e+00
1.021200e+00
1.021900e+00
1.022600e+00
1.023300e+00
1.024000e+00
1.024700e+00
1.025400e+00
1.026100e+00
1.026800e+00
1.027500e+00
1.028200e+00
1.028900e+00
1.029600e+00
1.030300e+00
1.031000e+00
1.031700e+00
1.032400e+00
1.033100e+00
1.033800e+00
1.034500e+00
1.035200e+00
1.035900e+00
1.036600e+00
1.037300e+00
1.038000e+00
1.038700e+00
1.039400e+00
1.040100e+00
1.040800e+00
1.041500e+00
1.042200e+00
1.042900e+00
1.043600e+00
1.044300e+00
1.045000e+00
1.045700e+00
1.046400e+00
1.047100e+00
1.047800e+00
1.048500e+00
1.049200e+00
1.049900e+00
1.050600e+00
1.051300e+00
1.052000e+00
1.052700e+00
1.053400e+00
1.054100e+00
1.054800e+00
1.055500e+00
1.056200e+00
1.056900e+00
1.057600e+00
1.058300e+00
1.059000e+00
1.059700e+00
1.060400e+00
1.061100e+00
1.061800e+00
1.062500e+00
1.063200e+00
1.063900e+00
1.064600e+00
1.065300e+00
1.066000e+00
1.066700e+00
1.067400e+00
1.068100e+00
1.068800e+00
1.069500e+00
1.070200e+00
1.070900e+00
1.071600e+00
1.072300e+00
1.073000e+00
1.073700e+00
1.074400e+00
1.075100e+00
1.075800e+00
1.076500e+00
1.077200e+00
1.077900e+00
1.078600e+00
1.079300e+00
1.080000e+00
1.080700e+00
1.081400e+00
1.082100e+00
1.082800e+00
1.083500e+00
1.084200e+00
1.084900e+00
1.085600e+00
1.086300e+00
1.087000e+00
1.087700e+00
1.088400e+00
1.089100e+00
1.089800e+00
1.090500e+00
1.091200e+00
1.091900e+00
1.092600e+00
1.093300e+00
1.094000e+00
1.094700e+00
1.095400e+00
1.096100e+00
1.096800e+00
1.097500e+00
1.098200e+00
1.098900e+00
1.099600e+00
1.100300e+00
1.101000e+00
1.101700e+00
1.102400e+00
1.103100e+00
1.103800e+00
1.104500e+00
1.105200e+00
1.105900e+00
1.106600e+00
1.107300e+00
1.108000e+00
1.108700e+00
1.109400e+00
1.110100e+00
1.110800e+00
1.111500e+00
1.112200e+00
1.112900e+00
1.113600e+00
1.114300e+00
1.115000e+00
1.115700e+00
1.116400e+00
1.117100e+00
1.117800e+00
1.118500e+00
1.119315e+00
1.120130e+00
1.120945e+00
1.121760e+00
1.122575e+00
1.123390e+00
1.124205e+00
1.125020e+00
1.125835e+00
1.126650e+00
1.127465e+00
1.128280e+00
1.129095e+00
1.129910e+00
1.130725e+00
1.131540e+00
1.132355e+00
1.133170e+00
1.133985e+00
1.134800e+00
1.135615e+00
1.136430e+00
1.137245e+00
1.138060e+00
1.138875e+00
1.139690e+00
1.140505e+00
1.141320e+00
1.142135e+00
1.142950e+00
1.143765e+00
1.144580e+00
1.145395e+00
1.146210e+00
1.147025e+00
1.147840e+00
1.148655e+00
1.149470e+00
1.150285e+00
1.151100e+00
1.151915e+00
1.152730e+00
1.153545e+00
1.154360e+00
1.155175e+00
1.155990e+00
1.156805e+00
1.157620e+00
1.158435e+00
1.159250e+00
1.160065e+00
1.160880e+00
1.161695e+00
1.162510e+00
1.163325e+00
1.164140e+00
1.164955e+00
1.165770e+00
1.166585e+00
1.167400e+00
1.168215e+00
1.169030e+00
1.169845e+00
1.170660e+00
1.171475e+00
1.172290e+00
1.173105e+00
1.173920e+00
1.174735e+00
1.175550e+00
1.176365e+00
1.177180e+00
1.177995e+00
1.178810e+00
1.179625e+00
1.180440e+00
1.181255e+00
1.182070e+00
1.182885e+00
1.183700e+00
1.184515e+00
1.185330e+00
1.186145e+00
1.186960e+00
1.187775e+00
1.188590e+00
1.189405e+00
1.190220e+00
1.191035e+00
1.191850e+00
1.192665e+00
1.193480e+00
1.194295e+00
1.195110e+00
1.195925e+00
1.196740e+00
1.197555e+00
1.198370e+00
1.199185e+00
1.200000e+00
1.202428e+00
1.204857e+00
1.207285e+00
1.209713e+00
1.212142e+00
1.214570e+00
1.216998e+00
1.219427e+00
1.221855e+00
1.224283e+00
1.226712e+00
1.229140e+00
1.231568e+00
1.233997e+00
1.236425e+00
1.238853e+00
1.241282e+00
1.243710e+00
1.246138e+00
1.248567e+00
1.250995e+00
1.253423e+00
1.255852e+00
1.258280e+00
1.260708e+00
1.263137e+00
1.265565e+00
1.267993e+00
1.270422e+00
1.272850e+00
1.275278e+00
1.277707e+00
1.280135e+00
1.282563e+00
1.284992e+00
1.287420e+00
1.289848e+00
1.292277e+00
1.294705e+00
1.297133e+00
1.299562e+00
1.301990e+00
1.304418e+00
1.306847e+00
1.309275e+00
1.311703e+00
1.314132e+00
1.316560e+00
1.318988e+00
1.321417e+00
1.323845e+00
1.326274e+00
1.328702e+00
1.331130e+00
1.333559e+00
1.335987e+00
1.338415e+00
1.340844e+00
1.343272e+00
1.345700e+00
1.348129e+00
1.350557e+00
1.352985e+00
1.355414e+00
1.357842e+00
1.360270e+00
1.362699e+00
1.365127e+00
1.367555e+00
1.369984e+00
1.372412e+00
1.374840e+00
1.377269e+00
1.379697e+00
1.382125e+00
1.384554e+00
1.386982e+00
1.389410e+00
1.391839e+00
1.394267e+00
1.396695e+00
1.399124e+00
1.401552e+00
1.403980e+00
1.406409e+00
1.408837e+00
1.411265e+00
1.413694e+00
1.416122e+00
1.418550e+00
1.420979e+00
1.423407e+00
1.425835e+00
1.428264e+00
1.430692e+00
1.433120e+00
1.435549e+00
1.437977e+00
1.440405e+00
1.442834e+00
1.445262e+00
1.447690e+00
1.450119e+00
1.452547e+00
1.454975e+00
1.457404e+00
1.459832e+00
1.462260e+00
1.464689e+00
1.467117e+00
1.469545e+00
1.471974e+00
1.474402e+00
1.476830e+00
1.479259e+00
1.481687e+00
1.484115e+00
1.486544e+00
1.488972e+00
1.491400e+00
1.493829e+00
1.496257e+00
1.498685e+00
1.501114e+00
1.503542e+00
1.505970e+00
1.508399e+00
1.510827e+00
1.513255e+00
1.515684e+00
1.518112e+00
1.520540e+00
1.522969e+00
1.525397e+00
1.527825e+00
1.530254e+00
1.532682e+00
1.535110e+00
1.537539e+00
1.539967e+00
1.542395e+00
1.544824e+00
1.547252e+00
1.549680e+00
1.552109e+00
1.554537e+00
1.556965e+00
1.559394e+00
1.561822e+00
1.564250e+00
1.566679e+00
1.569107e+00
1.571536e+00
1.573964e+00
1.576392e+00
1.578821e+00
1.581249e+00
1.583677e+00
1.586106e+00
1.588534e+00
1.590962e+00
1.593391e+00
1.595819e+00
1.598247e+00
1.600676e+00
1.603104e+00
1.605532e+00
1.607961e+00
1.610389e+00
1.612817e+00
1.615246e+00
1.617674e+00
1.620102e+00
1.622531e+00
1.624959e+00
1.627387e+00
1.629816e+00
1.632244e+00
1.634672e+00
1.637101e+00
1.639529e+00
1.641957e+00
1.644386e+00
1.646814e+00
1.649242e+00
1.651671e+00
1.654099e+00
1.656527e+00
1.658956e+00
1.661384e+00
1.663812e+00
1.666241e+00
1.668669e+00
1.671097e+00
1.673526e+00
1.675954e+00
1.678382e+00
1.680811e+00
1.683239e+00
1.685667e+00
1.688096e+00
1.690524e+00
1.692952e+00
1.695381e+00
1.697809e+00
1.700237e+00
1.702666e+00
1.705094e+00
1.707522e+00
1.709951e+00
1.712379e+00
1.714807e+00
1.717236e+00
1.719664e+00
1.722092e+00
1.724521e+00
1.726949e+00
1.729377e+00
1.731806e+00
1.734234e+00
1.736662e+00
1.739091e+00
1.741519e+00
1.743947e+00
1.746376e+00
1.748804e+00
1.751232e+00
1.753661e+00
1.756089e+00
1.758517e+00
1.760946e+00
1.763374e+00
1.765802e+00
1.768231e+00
1.770659e+00
1.773087e+00
1.775516e+00
1.777944e+00
1.780372e+00
1.782801e+00
1.785229e+00
1.787657e+00
1.790086e+00
1.792514e+00
1.794942e+00
1.797371e+00
1.799799e+00
1.802227e+00
1.804656e+00
1.807084e+00
1.809512e+00
1.811941e+00
1.814369e+00
1.816797e+00
1.819226e+00
1.821654e+00
1.824083e+00
1.826511e+00
1.828939e+00
1.831368e+00
1.833796e+00
1.836224e+00
1.838653e+00
1.841081e+00
1.843509e+00
1.845938e+00
1.848366e+00
1.850794e+00
1.853223e+00
1.855651e+00
1.858079e+00
1.860508e+00
1.862936e+00
1.865364e+00
1.867793e+00
1.870221e+00
1.872649e+00
1.875078e+00
1.877506e+00
1.879934e+00
1.882363e+00
1.884791e+00
1.887219e+00
1.889648e+00
1.892076e+00
1.894504e+00
1.896933e+00
1.899361e+00
1.901789e+00
1.904218e+00
1.906646e+00
1.909074e+00
1.911503e+00
1.913931e+00
1.916359e+00
1.918788e+00
1.921216e+00
1.923644e+00
1.926073e+00
1.928501e+00
1.930929e+00
1.933358e+00
1.935786e+00
1.938214e+00
1.940643e+00
1.943071e+00
1.945499e+00
1.947928e+00
1.950356e+00
1.952784e+00
1.955213e+00
1.957641e+00
1.960069e+00
1.962498e+00
1.964926e+00
1.967354e+00
1.969783e+00
1.972211e+00
1.974639e+00
1.977068e+00
1.979496e+00
1.981924e+00
1.984353e+00
1.986781e+00
1.989209e+00
1.991638e+00
1.994066e+00
1.996494e+00
1.998923e+00
2.001351e+00
2.003779e+00
2.006208e+00
2.008636e+00
2.011064e+00
2.013493e+00
2.015921e+00
2.018349e+00
2.020778e+00
2.023206e+00
2.025634e+00
2.028063e+00
2.030491e+00
2.032919e+00
2.035348e+00
2.037776e+00
2.040204e+00
2.042633e+00
2.045061e+00
2.047489e+00
2.049918e+00
2.052346e+00
2.054774e+00
2.057203e+00
2.059631e+00
2.062059e+00
2.064488e+00
2.066916e+00
2.069345e+00
2.071773e+00
2.074201e+00
2.076630e+00
2.079058e+00
2.081486e+00
2.083915e+00
2.086343e+00
2.088771e+00
2.091200e+00
2.093628e+00
2.096056e+00
2.098485e+00
2.100913e+00
2.103341e+00
2.105770e+00
2.108198e+00
2.110626e+00
2.113055e+00
2.115483e+00
2.117911e+00
2.120340e+00
2.122768e+00
2.125196e+00
2.127625e+00
2.130053e+00
2.132481e+00
2.134910e+00
2.137338e+00
2.139766e+00
2.142195e+00
2.144623e+00
2.147051e+00
2.149480e+00
2.151908e+00
2.154336e+00
2.156765e+00
2.159193e+00
2.161621e+00
2.164050e+00
2.166478e+00
2.168906e+00
2.171335e+00
2.173763e+00
2.176191e+00
2.178620e+00
2.181048e+00
2.183476e+00
2.185905e+00
2.188333e+00
2.192088e+00
2.195842e+00
2.199597e+00
2.203351e+00
2.207106e+00
2.210860e+00
2.214614e+00
2.218369e+00
2.222123e+00
2.225878e+00
2.229632e+00
2.233387e+00
2.237141e+00
2.240896e+00
2.244650e+00
2.248404e+00
2.252159e+00
2.255913e+00
2.259668e+00
2.263422e+00
2.267177e+00
2.270931e+00
2.274686e+00
2.278440e+00
2.282194e+00
2.285949e+00
2.289703e+00
2.293458e+00
2.297212e+00
2.300967e+00
2.304721e+00
2.308476e+00
2.312230e+00
2.315984e+00
2.319739e+00
2.323493e+00
2.327248e+00
2.331002e+00
2.334757e+00
2.338511e+00
2.342266e+00
2.346020e+00
2.349774e+00
2.353529e+00
2.357283e+00
2.361038e+00
2.364792e+00
2.368547e+00
2.372301e+00
2.376056e+00
2.379810e+00
2.383564e+00
2.387319e+00
2.391073e+00
2.394828e+00
2.398582e+00
2.402337e+00
2.406091e+00
2.409846e+00
2.413600e+00
2.417354e+00
2.421109e+00
2.424863e+00
2.428618e+00
2.432372e+00
2.436127e+00
2.439881e+00
2.443636e+00
2.447390e+00
2.451144e+00
2.454899e+00
2.458653e+00
2.462408e+00
2.466162e+00
2.469917e+00
2.473671e+00
2.477426e+00
2.481180e+00
2.484934e+00
2.488689e+00
2.492443e+00
2.496198e+00
2.499952e+00
2.503707e+00
2.507461e+00
2.511216e+00
2.514970e+00
2.518724e+00
2.522479e+00
2.526233e+00
2.529988e+00
2.533742e+00
2.537497e+00
2.541251e+00
2.545006e+00
2.548760e+00
2.552514e+00
2.556269e+00
2.560023e+00
2.563778e+00
2.566669e+00
2.569561e+00
2.572453e+00
2.575344e+00
2.578236e+00
2.581128e+00
2.584019e+00
2.586911e+00
2.589803e+00
2.592694e+00
2.595586e+00
2.598478e+00
2.601369e+00
2.604261e+00
2.607153e+00
2.610044e+00
2.612936e+00
2.615828e+00
2.618719e+00
2.621611e+00
2.624502e+00
2.627394e+00
2.630286e+00
2.633177e+00
2.636069e+00
2.638961e+00
2.641852e+00
2.644744e+00
2.647636e+00
2.650527e+00
2.653419e+00
2.656311e+00
2.659202e+00
2.662094e+00
2.664986e+00
2.667877e+00
2.670769e+00
2.673661e+00
2.676552e+00
2.679444e+00
2.682336e+00
2.685227e+00
2.688119e+00
2.691011e+00
2.693902e+00
2.696794e+00
2.699685e+00
2.702577e+00
2.705469e+00
2.708360e+00
2.711252e+00
2.714144e+00
2.717035e+00
2.719927e+00
2.722819e+00
2.725710e+00
2.728602e+00
2.731494e+00
2.734385e+00
2.737277e+00
2.740169e+00
2.743060e+00
2.745952e+00
2.748844e+00
2.751735e+00
2.754627e+00
2.757518e+00
2.760410e+00
2.763302e+00
2.766194e+00
2.769085e+00
2.771977e+00
2.774868e+00
2.777760e+00
2.780652e+00
2.783543e+00
2.786435e+00
2.789327e+00
2.792218e+00
2.795110e+00
2.798002e+00
2.800893e+00
2.803785e+00
2.806677e+00
2.809568e+00
2.812460e+00
2.815352e+00
2.818243e+00
2.821135e+00
2.824027e+00
2.826918e+00
2.829810e+00
2.832701e+00
2.835593e+00
2.838485e+00
2.841376e+00
2.844268e+00
2.847160e+00
2.850051e+00
2.852943e+00
2.855835e+00
2.858726e+00
2.861618e+00
2.864510e+00
2.867401e+00
2.870293e+00
2.873185e+00
2.876076e+00
2.878968e+00
2.881860e+00
2.884751e+00
2.887643e+00
2.890535e+00
2.893426e+00
2.896318e+00
2.899210e+00
2.902101e+00
2.904993e+00
2.907884e+00
2.910776e+00
2.913668e+00
2.916559e+00
2.919451e+00
2.922343e+00
2.925235e+00
2.928126e+00
2.931018e+00
2.933909e+00
2.936801e+00
2.939692e+00
2.942584e+00
2.945476e+00
2.948368e+00
2.951260e+00
2.954151e+00
2.957043e+00
2.959934e+00
2.962826e+00
2.965717e+00
2.968609e+00
2.971500e+00
2.974392e+00
2.977285e+00
2.980176e+00
2.983068e+00
2.985959e+00
2.988851e+00
2.991742e+00
2.994634e+00
2.997525e+00
3.000417e+00
3.003309e+00
3.006201e+00
3.009093e+00
3.011984e+00
3.014876e+00
3.017767e+00
3.020659e+00
3.023550e+00
3.026442e+00
3.029334e+00
3.032226e+00
3.035117e+00
3.038009e+00
3.040900e+00
3.043792e+00
3.046684e+00
3.049575e+00
3.052467e+00
3.055359e+00
3.058251e+00
3.061142e+00
3.064034e+00
3.066925e+00
3.069817e+00
3.072708e+00
3.075600e+00
3.078492e+00
3.081384e+00
3.084276e+00
3.087167e+00
3.090059e+00
3.092950e+00
3.095842e+00
3.098733e+00
3.101625e+00
3.104517e+00
3.107409e+00
3.110300e+00
3.113192e+00
3.116084e+00
3.118975e+00
3.121867e+00
3.124758e+00
3.127650e+00
3.130541e+00
3.133434e+00
3.136325e+00
3.139217e+00
3.142108e+00
3.145000e+00
3.148541e+00
3.152082e+00
3.155623e+00
3.159163e+00
3.162704e+00
3.166245e+00
3.169786e+00
3.173327e+00
3.176868e+00
3.180408e+00
3.183950e+00
3.187490e+00
3.191031e+00
3.194572e+00
3.198113e+00
3.201653e+00
3.205195e+00
3.208735e+00
3.212276e+00
3.215817e+00
3.219358e+00
3.222898e+00
3.226440e+00
3.229980e+00
3.233521e+00
3.237062e+00
3.240603e+00
3.244143e+00
3.247685e+00
3.251225e+00
3.254766e+00
3.258307e+00
3.261848e+00
3.265388e+00
3.268930e+00
3.272470e+00
3.276011e+00
3.279552e+00
3.283093e+00
3.286633e+00
3.290175e+00
3.293715e+00
3.297256e+00
3.300797e+00
3.304338e+00
3.307878e+00
3.311420e+00
3.314960e+00
3.318501e+00
3.322042e+00
3.325583e+00
3.329123e+00
3.332665e+00
3.336205e+00
3.339746e+00
3.343287e+00
3.346828e+00
3.350368e+00
3.353910e+00
3.357450e+00
3.360991e+00
3.364532e+00
3.368073e+00
3.371614e+00
3.375155e+00
3.378695e+00
3.382236e+00
3.385777e+00
3.389318e+00
3.392859e+00
3.396400e+00
3.399941e+00
3.403481e+00
3.407023e+00
3.410563e+00
3.414104e+00
3.417644e+00
3.421186e+00
3.424726e+00
3.428267e+00
3.431808e+00
3.435349e+00
3.438889e+00
3.442431e+00
3.445971e+00
3.449512e+00
3.453053e+00
3.456594e+00
3.460134e+00
3.463676e+00
3.467216e+00
3.470757e+00
3.474298e+00
3.477839e+00
3.481379e+00
3.484921e+00
3.488461e+00
3.492002e+00
3.495543e+00
3.499084e+00
3.502624e+00
3.506166e+00
3.509706e+00
3.513247e+00
3.516788e+00
3.520329e+00
3.523869e+00
3.527411e+00
3.530951e+00
3.534492e+00
3.538033e+00
3.541574e+00
3.545114e+00
3.548656e+00
3.552196e+00
3.555737e+00
3.559278e+00
3.562819e+00
3.566359e+00
3.569901e+00
3.573441e+00
3.576982e+00
3.580523e+00
3.584064e+00
3.587605e+00
3.591146e+00
3.594686e+00
3.598227e+00
3.601768e+00
3.605309e+00
3.608850e+00
3.612391e+00
3.615932e+00
3.619472e+00
3.623013e+00
3.626554e+00
3.630095e+00
3.633636e+00
3.637177e+00
3.640717e+00
3.644259e+00
3.647799e+00
3.651340e+00
3.654881e+00
3.658422e+00
3.661962e+00
3.665504e+00
3.669044e+00
3.672585e+00
3.676126e+00
3.679667e+00
3.683207e+00
3.686749e+00
3.690289e+00
3.693830e+00
3.697371e+00
3.700912e+00
3.704452e+00
3.707994e+00
3.711534e+00
3.715075e+00
3.718616e+00
3.722157e+00
3.725697e+00
3.729239e+00
3.732779e+00
3.736320e+00
3.739861e+00
3.743402e+00
3.746942e+00
3.750484e+00
3.754024e+00
3.757565e+00
3.761106e+00
3.764647e+00
3.768187e+00
3.771729e+00
3.775269e+00
3.778810e+00
3.782351e+00
3.785892e+00
3.789432e+00
3.792974e+00
3.796514e+00
3.800055e+00
3.803596e+00
3.807137e+00
3.810677e+00
3.814219e+00
3.817759e+00
3.821300e+00
3.824841e+00
3.828382e+00
3.831923e+00
3.835464e+00
3.839005e+00
3.842545e+00
3.846086e+00
3.849627e+00
3.853168e+00
3.856709e+00
3.860250e+00
3.863790e+00
3.867332e+00
3.870872e+00
3.874413e+00
3.877954e+00
3.881495e+00
3.885035e+00
3.888577e+00
3.892117e+00
3.895658e+00
3.899199e+00
3.902740e+00
3.906280e+00
3.909822e+00
3.913362e+00
3.916903e+00
3.920444e+00
3.923985e+00
3.927525e+00
3.931067e+00
3.934607e+00
3.938148e+00
3.941689e+00
3.945230e+00
3.948770e+00
3.952311e+00
3.955852e+00
3.959393e+00
3.962933e+00
3.966475e+00
3.970015e+00
3.973556e+00
3.977097e+00
3.980638e+00
3.984178e+00
3.987720e+00
3.991260e+00
3.994801e+00
3.998342e+00
4.001883e+00
4.005423e+00
4.008965e+00
4.012505e+00
4.016046e+00
4.019587e+00
4.023128e+00
4.026668e+00
4.030210e+00
4.033750e+00
4.037291e+00
4.040832e+00
4.044373e+00
4.047914e+00
4.051455e+00
4.054995e+00
4.058536e+00
4.062077e+00
4.065618e+00
4.069159e+00
4.072700e+00
4.076241e+00
4.079781e+00
4.083323e+00
4.086863e+00
4.090404e+00
4.093945e+00
4.097486e+00
4.101026e+00
4.104568e+00
4.108108e+00
4.111649e+00
4.115190e+00
4.118731e+00
4.122271e+00
4.125813e+00
4.129353e+00
4.132894e+00
4.136435e+00
4.139976e+00
4.143516e+00
4.147058e+00
4.150598e+00
4.154139e+00
4.157680e+00
4.161221e+00
4.164761e+00
4.168303e+00
4.171843e+00
4.175384e+00
4.178925e+00
4.182466e+00
4.186006e+00
4.189548e+00
4.193088e+00
4.196629e+00
4.200170e+00
4.203711e+00
4.207251e+00
4.210793e+00
4.214333e+00
4.218417e+00
4.222500e+00
4.226584e+00
4.230667e+00
4.234751e+00
4.238834e+00
4.242918e+00
4.247001e+00
4.251084e+00
4.255168e+00
4.259251e+00
4.263335e+00
4.267419e+00
4.271502e+00
4.275586e+00
4.279669e+00
4.283753e+00
4.287835e+00
4.291919e+00
4.296003e+00
4.300086e+00
4.304170e+00
4.308253e+00
4.312337e+00
4.316420e+00
4.320504e+00
4.324587e+00
4.328670e+00
4.332754e+00
4.336837e+00
4.340921e+00
4.345004e+00
4.349088e+00
4.353172e+00
4.357255e+00
4.361339e+00
4.365421e+00
4.369505e+00
4.373589e+00
4.377672e+00
4.381756e+00
4.385839e+00
4.389923e+00
4.394006e+00
4.398090e+00
4.402173e+00
4.406256e+00
4.410340e+00
4.414423e+00
4.418507e+00
4.422590e+00
4.426674e+00
4.430758e+00
4.434841e+00
4.438924e+00
4.443007e+00
4.447091e+00
4.451174e+00
4.455258e+00
4.459342e+00
4.463425e+00
4.467509e+00
4.471592e+00
4.475676e+00
4.479759e+00
4.483842e+00
4.487926e+00
4.492009e+00
4.496093e+00
4.500176e+00
4.504260e+00
4.508344e+00
4.512427e+00
4.516510e+00
4.520593e+00
4.524677e+00
4.528760e+00
4.532844e+00
4.536928e+00
4.541011e+00
4.545095e+00
4.549178e+00
4.553262e+00
4.557345e+00
4.561428e+00
4.565512e+00
4.569595e+00
4.573679e+00
4.577762e+00
4.581846e+00
4.585930e+00
4.590013e+00
4.594096e+00
4.598179e+00
4.602263e+00
4.606346e+00
4.610430e+00
4.614514e+00
4.618597e+00
4.622681e+00
4.626764e+00
4.630848e+00
4.634931e+00
4.639014e+00
4.643098e+00
4.647181e+00
4.651265e+00
4.655348e+00
4.659432e+00
4.663515e+00
4.667599e+00
4.671682e+00
4.675765e+00
4.679849e+00
4.683932e+00
4.688016e+00
4.692100e+00
4.696183e+00
4.700267e+00
4.704350e+00
4.708434e+00
4.712517e+00
4.716600e+00
4.720684e+00
4.724767e+00
4.728851e+00
4.732934e+00
4.737018e+00
4.741101e+00
4.745185e+00
4.749268e+00
4.753351e+00
4.757435e+00
4.761518e+00
4.765602e+00
4.769685e+00
4.773769e+00
4.777853e+00
4.781936e+00
4.786020e+00
4.790103e+00
4.794186e+00
4.798270e+00
4.802353e+00
4.806437e+00
4.810520e+00
4.814604e+00
4.818687e+00
4.822771e+00
4.826854e+00
4.830937e+00
4.835021e+00
4.839104e+00
4.843188e+00
4.847271e+00
4.851355e+00
4.855439e+00
4.859522e+00
4.863606e+00
4.867688e+00
4.871772e+00
4.875855e+00
4.879939e+00
4.884023e+00
4.888106e+00
4.892190e+00
4.896273e+00
4.900357e+00
4.904440e+00
4.908523e+00
4.912607e+00
4.916690e+00
4.920774e+00
4.924857e+00
4.928941e+00
4.933025e+00
4.937108e+00
4.941192e+00
4.945274e+00
4.949358e+00
4.953441e+00
4.957525e+00
4.961609e+00
4.965692e+00
4.969776e+00
4.973859e+00
4.977943e+00
4.982026e+00
4.986109e+00
4.990193e+00
4.994276e+00
4.998360e+00
5.002443e+00
5.006527e+00
5.010611e+00
5.014694e+00
5.018777e+00
5.022860e+00
5.026944e+00
5.031027e+00
5.035111e+00
5.039322e+00
5.043534e+00
5.047744e+00
5.051956e+00
5.056167e+00
5.060378e+00
5.064589e+00
5.068801e+00
5.073011e+00
5.077223e+00
5.081434e+00
5.085645e+00
5.089856e+00
5.094068e+00
5.098278e+00
5.102490e+00
5.106701e+00
5.110912e+00
5.115123e+00
5.119335e+00
5.123545e+00
5.127757e+00
5.131968e+00
5.136179e+00
5.140390e+00
5.144602e+00
5.148812e+00
5.153024e+00
5.157235e+00
5.161446e+00
5.165657e+00
5.169869e+00
5.174079e+00
5.178291e+00
5.182502e+00
5.186713e+00
5.190924e+00
5.195136e+00
5.199346e+00
5.203558e+00
5.207769e+00
5.211980e+00
5.216191e+00
5.220403e+00
5.224613e+00
5.228825e+00
5.233036e+00
5.237247e+00
5.241459e+00
5.245670e+00
5.249880e+00
5.254092e+00
5.258303e+00
5.262514e+00
5.266726e+00
5.270937e+00
5.275147e+00
5.279359e+00
5.283570e+00
5.287781e+00
5.291993e+00
5.296204e+00
5.300414e+00
5.304626e+00
5.308837e+00
5.313048e+00
5.317260e+00
5.321470e+00
5.325681e+00
5.329893e+00
5.334104e+00
5.338315e+00
5.342527e+00
5.346737e+00
5.350948e+00
5.355160e+00
5.359371e+00
5.363582e+00
5.367794e+00
5.372004e+00
5.376215e+00
5.380427e+00
5.384638e+00
5.388849e+00
5.393061e+00
5.397271e+00
5.401482e+00
5.405694e+00
5.409905e+00
5.414116e+00
5.418328e+00
5.422538e+00
5.426749e+00
5.430961e+00
5.435172e+00
5.439383e+00
5.443595e+00
5.447805e+00
5.452016e+00
5.456228e+00
5.460439e+00
5.464650e+00
5.468862e+00
5.473072e+00
5.477283e+00
5.481495e+00
5.485706e+00
5.489917e+00
5.494129e+00
5.498339e+00
5.502550e+00
5.506762e+00
5.510973e+00
5.515184e+00
5.519396e+00
5.523606e+00
5.527817e+00
5.532029e+00
5.536240e+00
5.540451e+00
5.544663e+00
5.548873e+00
5.553084e+00
5.557296e+00
5.561507e+00
5.565718e+00
5.569930e+00
5.574140e+00
5.578351e+00
5.582563e+00
5.586774e+00
5.590985e+00
5.595197e+00
5.599407e+00
5.603618e+00
5.607830e+00
5.612041e+00
5.616252e+00
5.620463e+00
5.624674e+00
5.628885e+00
5.633097e+00
5.637308e+00
5.641519e+00
5.645730e+00
5.649941e+00
5.654152e+00
5.658364e+00
5.662575e+00
5.666786e+00
5.670997e+00
5.675208e+00
5.679419e+00
5.683631e+00
5.687842e+00
5.692053e+00
5.696264e+00
5.700475e+00
5.704686e+00
5.708898e+00
5.713109e+00
5.717320e+00
5.721531e+00
5.725742e+00
5.729953e+00
5.734165e+00
5.738376e+00
5.742587e+00
5.746798e+00
5.751009e+00
5.755221e+00
5.759432e+00
5.763643e+00
5.767854e+00
5.772065e+00
5.776276e+00
5.780488e+00
5.784699e+00
5.788910e+00
5.793121e+00
5.797332e+00
5.801543e+00
5.805755e+00
5.809966e+00
5.814177e+00
5.818388e+00
5.822599e+00
5.826810e+00
5.831022e+00
5.835233e+00
5.839444e+00
5.843655e+00
5.847866e+00
5.852077e+00
5.856289e+00
5.860500e+00
5.864711e+00
5.868922e+00
5.873133e+00
5.877344e+00
5.881556e+00
5.886144e+00
5.890734e+00
5.895322e+00
5.899912e+00
5.904500e+00
5.909090e+00
5.913678e+00
5.918268e+00
5.922856e+00
5.927446e+00
5.932035e+00
5.936624e+00
5.941213e+00
5.945802e+00
5.950391e+00
5.954980e+00
5.959569e+00
5.964158e+00
5.968747e+00
5.973336e+00
5.977925e+00
5.982514e+00
5.987103e+00
5.991692e+00
5.996281e+00
6.000871e+00
6.005459e+00
6.010049e+00
6.014637e+00
6.019227e+00
6.023815e+00
6.028405e+00
6.032993e+00
6.037583e+00
6.042171e+00
6.046761e+00
6.051350e+00
6.055939e+00
6.060528e+00
6.065117e+00
6.069706e+00
6.074295e+00
6.078884e+00
6.083473e+00
6.088062e+00
6.092651e+00
6.097240e+00
6.101829e+00
6.106418e+00
6.111008e+00
6.115596e+00
6.120186e+00
6.124774e+00
6.129364e+00
6.133952e+00
6.138542e+00
6.143130e+00
6.147720e+00
6.152308e+00
6.156898e+00
6.161487e+00
6.166076e+00
6.170665e+00
6.175254e+00
6.179843e+00
6.184432e+00
6.189021e+00
6.193610e+00
6.198199e+00
6.202788e+00
6.207377e+00
6.211966e+00
6.216555e+00
6.221144e+00
6.225733e+00
6.230323e+00
6.234911e+00
6.239501e+00
6.244089e+00
6.248679e+00
6.253267e+00
6.257857e+00
6.262445e+00
6.267035e+00
6.271623e+00
6.276213e+00
6.280802e+00
6.285391e+00
6.289980e+00
6.294569e+00
6.299158e+00
6.303747e+00
6.308336e+00
6.312925e+00
6.317514e+00
6.322103e+00
6.326692e+00
6.331281e+00
6.335870e+00
6.340459e+00
6.345048e+00
6.349638e+00
6.354226e+00
6.358816e+00
6.363404e+00
6.367994e+00
6.372582e+00
6.377172e+00
6.381760e+00
6.386350e+00
6.390938e+00
6.395528e+00
6.400117e+00
6.404706e+00
6.409295e+00
6.413884e+00
6.418473e+00
6.423062e+00
6.427651e+00
6.432240e+00
6.436829e+00
6.441418e+00
6.446007e+00
6.450596e+00
6.455185e+00
6.459774e+00
6.464363e+00
6.468953e+00
6.473541e+00
6.478131e+00
6.482719e+00
6.487309e+00
6.491897e+00
6.496487e+00
6.501075e+00
6.505665e+00
6.510253e+00
6.514843e+00
6.519432e+00
6.524021e+00
6.528610e+00
6.533199e+00
6.537788e+00
6.542377e+00
6.546966e+00
6.551555e+00
6.556144e+00
6.560733e+00
6.565322e+00
6.569911e+00
6.574500e+00
6.579089e+00
6.583678e+00
6.588267e+00
6.592856e+00
6.597445e+00
6.602034e+00
6.606623e+00
6.611212e+00
6.615801e+00
6.620390e+00
6.624979e+00
6.629568e+00
6.634157e+00
6.638747e+00
6.643335e+00
6.647925e+00
6.652513e+00
6.657103e+00
6.661691e+00
6.666281e+00
6.670869e+00
6.675459e+00
6.680047e+00
6.684637e+00
6.689226e+00
6.693815e+00
6.698404e+00
6.702993e+00
6.707582e+00
6.712171e+00
6.716760e+00
6.721349e+00
6.725938e+00
6.730527e+00
6.735116e+00
6.739705e+00
6.744294e+00
6.748883e+00
6.753472e+00
6.758062e+00
6.762650e+00
6.767240e+00
6.771828e+00
6.776418e+00
6.781006e+00
6.785596e+00
6.790184e+00
6.794774e+00
6.799362e+00
6.803952e+00
6.808541e+00
6.813130e+00
6.817719e+00
6.822308e+00
6.826897e+00
6.831486e+00
6.836075e+00
6.840664e+00
6.845253e+00
6.849842e+00
6.854431e+00
6.859020e+00
6.863609e+00
6.868198e+00
6.872787e+00
6.877377e+00
6.881965e+00
6.886555e+00
6.891143e+00
6.895733e+00
6.900321e+00
6.904911e+00
6.909499e+00
6.914089e+00
6.918677e+00
6.923267e+00
6.927856e+00
6.932445e+00
6.937034e+00
6.941623e+00
6.946212e+00
6.950801e+00
6.955390e+00
6.959979e+00
6.964568e+00
6.969157e+00
6.973746e+00
6.978335e+00
6.982924e+00
6.987513e+00
6.992102e+00
6.996692e+00
7.001280e+00
7.005870e+00
7.010458e+00
7.015048e+00
7.019636e+00
7.024226e+00
7.028814e+00
7.033404e+00
7.037993e+00
7.042582e+00
7.047171e+00
7.051760e+00
7.056349e+00
7.060938e+00
7.065527e+00
7.070116e+00
7.074705e+00
7.079294e+00
7.083883e+00
7.088472e+00
7.093061e+00
7.097650e+00
7.102239e+00
7.106829e+00
7.111417e+00
7.116007e+00
7.120595e+00
7.125185e+00
7.129773e+00
7.134363e+00
7.138951e+00
7.143541e+00
7.148129e+00
7.152719e+00
7.157308e+00
7.161897e+00
7.166486e+00
7.171075e+00
7.175664e+00
7.180253e+00
7.184842e+00
7.189431e+00
7.194020e+00
7.198609e+00
7.203198e+00
7.207787e+00
7.212376e+00
7.216965e+00
7.221554e+00
7.226144e+00
7.230732e+00
7.235322e+00
7.239910e+00
7.244500e+00
7.249088e+00
7.253678e+00
7.258266e+00
7.262856e+00
7.267444e+00
7.271019e+00
7.274594e+00
7.278169e+00
7.281744e+00
7.285318e+00
7.288893e+00
7.292468e+00
7.296043e+00
7.299617e+00
7.303192e+00
7.306767e+00
7.310342e+00
7.313917e+00
7.317492e+00
7.321067e+00
7.324642e+00
7.328217e+00
7.331791e+00
7.335366e+00
7.338941e+00
7.342516e+00
7.346090e+00
7.349665e+00
7.353240e+00
7.356815e+00
7.360390e+00
7.363964e+00
7.367539e+00
7.371114e+00
7.374689e+00
7.378263e+00
7.381838e+00
7.385413e+00
7.388988e+00
7.392563e+00
7.396137e+00
7.399712e+00
7.403288e+00
7.406862e+00
7.410437e+00
7.414012e+00
7.417587e+00
7.421162e+00
7.424736e+00
7.428311e+00
7.431886e+00
7.435461e+00
7.439035e+00
7.442610e+00
7.446185e+00
7.449760e+00
7.453335e+00
7.456909e+00
7.460484e+00
7.464059e+00
7.467634e+00
7.471208e+00
7.474783e+00
7.478358e+00
7.481933e+00
7.485508e+00
7.489082e+00
7.492658e+00
7.496233e+00
7.499808e+00
7.503382e+00
7.506957e+00
7.510532e+00
7.514107e+00
7.517681e+00
7.521256e+00
7.524831e+00
7.528406e+00
7.531981e+00
7.535555e+00
7.539130e+00
7.542705e+00
7.546280e+00
7.549854e+00
7.553429e+00
7.557004e+00
7.560579e+00
7.564154e+00
7.567728e+00
7.571303e+00
7.574878e+00
7.578453e+00
7.582028e+00
7.585603e+00
7.589178e+00
7.592753e+00
7.596327e+00
7.599902e+00
7.603477e+00
7.607052e+00
7.610627e+00
7.614201e+00
7.617776e+00
7.621351e+00
7.624926e+00
7.628500e+00
7.632075e+00
7.635650e+00
7.639225e+00
7.642800e+00
7.646374e+00
7.649949e+00
7.653524e+00
7.657099e+00
7.660673e+00
7.664248e+00
7.667823e+00
7.671399e+00
7.674973e+00
7.678548e+00
7.682123e+00
7.685698e+00
7.689273e+00
7.692847e+00
7.696422e+00
7.699997e+00
7.703572e+00
7.707146e+00
7.710721e+00
7.714296e+00
7.717871e+00
7.721445e+00
7.725020e+00
7.728595e+00
7.732170e+00
7.735745e+00
7.739319e+00
7.742894e+00
7.746469e+00
7.750044e+00
7.753618e+00
7.757193e+00
7.760768e+00
7.764344e+00
7.767918e+00
7.771493e+00
7.775068e+00
7.778643e+00
7.782218e+00
7.785792e+00
7.789367e+00
7.792942e+00
7.796517e+00
7.800091e+00
7.803666e+00
7.807241e+00
7.810816e+00
7.814391e+00
7.817965e+00
7.821540e+00
7.825115e+00
7.828690e+00
7.832264e+00
7.835839e+00
7.839414e+00
7.842989e+00
7.846564e+00
7.850138e+00
7.853714e+00
7.857289e+00
7.860864e+00
7.864438e+00
7.868013e+00
7.871588e+00
7.875163e+00
7.878737e+00
7.882312e+00
7.885887e+00
7.889462e+00
7.893037e+00
7.896611e+00
7.900186e+00
7.903761e+00
7.907336e+00
7.910910e+00
7.914485e+00
7.918060e+00
7.921635e+00
7.925210e+00
7.928784e+00
7.932359e+00
7.935934e+00
7.939509e+00
7.943084e+00
7.946659e+00
7.950234e+00
7.953809e+00
7.957383e+00
7.960958e+00
7.964533e+00
7.968108e+00
7.971683e+00
7.975257e+00
7.978832e+00
7.982407e+00
7.985982e+00
7.989556e+00
7.993131e+00
7.996706e+00
8.000281e+00
8.003856e+00
8.007430e+00
8.011005e+00
8.014580e+00
8.018155e+00
8.021729e+00
8.025304e+00
8.028879e+00
8.032455e+00
8.036029e+00
8.039604e+00
8.043179e+00
8.046754e+00
8.050328e+00
8.053903e+00
8.057478e+00
8.061053e+00
8.064628e+00
8.068202e+00
8.071777e+00
8.075352e+00
8.078927e+00
8.082501e+00
8.086076e+00
8.089651e+00
8.093226e+00
8.096801e+00
8.100375e+00
8.103950e+00
8.107525e+00
8.111100e+00
8.114674e+00
8.118249e+00
8.121825e+00
8.125400e+00
8.128974e+00
8.132549e+00
8.136124e+00
8.139699e+00
8.143274e+00
8.146848e+00
8.150423e+00
8.153998e+00
8.157573e+00
8.161147e+00
8.164722e+00
8.168297e+00
8.171872e+00
8.175447e+00
8.179021e+00
8.182596e+00
8.186171e+00
8.189746e+00
8.193320e+00
8.196895e+00
8.200470e+00
8.204045e+00
8.207620e+00
8.211195e+00
8.214770e+00
8.218345e+00
8.221920e+00
8.225494e+00
8.229069e+00
8.232644e+00
8.236219e+00
8.239793e+00
8.243368e+00
8.246943e+00
8.250518e+00
8.254093e+00
8.257667e+00
8.261242e+00
8.264817e+00
8.268392e+00
8.271966e+00
8.275541e+00
8.279116e+00
8.282691e+00
8.286266e+00
8.289840e+00
8.293415e+00
8.296990e+00
8.300565e+00
8.304140e+00
8.307715e+00
8.311290e+00
8.314865e+00
8.318439e+00
8.322014e+00
8.325589e+00
8.329164e+00
8.332738e+00
8.336313e+00
8.339888e+00
8.343463e+00
8.347038e+00
8.350612e+00
8.354187e+00
8.357762e+00
8.361337e+00
8.364911e+00
8.368486e+00
8.372061e+00
8.375636e+00
8.379211e+00
8.382785e+00
8.386360e+00
8.389936e+00
8.393511e+00
8.397085e+00
8.400660e+00
8.404235e+00
8.407810e+00
8.411384e+00
8.414959e+00
8.418534e+00
8.422109e+00
8.425684e+00
8.429258e+00
8.432833e+00
8.436408e+00
8.439983e+00
8.443557e+00
8.447132e+00
8.450707e+00
8.454282e+00
8.457857e+00
8.461431e+00
8.465006e+00
8.468581e+00
8.472156e+00
8.475730e+00
8.479306e+00
8.482881e+00
8.486456e+00
8.490030e+00
8.493605e+00
8.497180e+00
8.500755e+00
8.504330e+00
8.507904e+00
8.511479e+00
8.515054e+00
8.518629e+00
8.522203e+00
8.525778e+00
8.529353e+00
8.532928e+00
8.536503e+00
8.540077e+00
8.543652e+00
8.547227e+00
8.550802e+00
8.554376e+00
8.557951e+00
8.561526e+00
8.565101e+00
8.568676e+00
8.572251e+00
8.575826e+00
8.579401e+00
8.582975e+00
8.586550e+00
8.590125e+00
8.593700e+00
8.597275e+00
8.600849e+00
8.604424e+00
8.607999e+00
8.611574e+00
8.615149e+00
8.618723e+00
8.622298e+00
8.625873e+00
8.629448e+00
8.633022e+00
8.636597e+00
8.640172e+00
8.643747e+00
8.647322e+00
8.650896e+00
8.654471e+00
8.658046e+00
8.661621e+00
8.665196e+00
8.668771e+00
8.672346e+00
8.675921e+00
8.679495e+00
8.683070e+00
8.686645e+00
8.690220e+00
8.693794e+00
8.697369e+00
8.700944e+00
8.704519e+00
8.708094e+00
8.711668e+00
8.715243e+00
8.718818e+00
8.722393e+00
8.725967e+00
8.729542e+00
8.733117e+00
8.736692e+00
8.740267e+00
8.743841e+00
8.747416e+00
8.750992e+00
8.754567e+00
8.758141e+00
8.761716e+00
8.765291e+00
8.768866e+00
8.772440e+00
8.776015e+00
8.779590e+00
8.783165e+00
8.786740e+00
8.790314e+00
8.793889e+00
8.797464e+00
8.801039e+00
8.804613e+00
8.808188e+00
8.811763e+00
8.815338e+00
8.818913e+00
8.822487e+00
8.826062e+00
8.829637e+00
8.833212e+00
8.836786e+00
8.840362e+00
8.843937e+00
8.847512e+00
8.851086e+00
8.854661e+00
8.858236e+00
8.861811e+00
8.865386e+00
8.868960e+00
8.872535e+00
8.876110e+00
8.879685e+00
8.883259e+00
8.886834e+00
8.890409e+00
8.893984e+00
8.897559e+00
8.901133e+00
8.904708e+00
8.908283e+00
8.911858e+00
8.915432e+00
8.919007e+00
8.922582e+00
8.926157e+00
8.929732e+00
8.933307e+00
8.936882e+00
8.940457e+00
8.944031e+00
8.947606e+00
8.951181e+00
8.954756e+00
8.958331e+00
8.961905e+00
8.965480e+00
8.969055e+00
8.972630e+00
8.976204e+00
8.979779e+00
8.983354e+00
8.986929e+00
8.990504e+00
8.994078e+00
8.997653e+00
9.001228e+00
9.004803e+00
9.008377e+00
9.011952e+00
9.015527e+00
9.019103e+00
9.022677e+00
9.026252e+00
9.029827e+00
9.033402e+00
9.036977e+00
9.040551e+00
9.044126e+00
9.047701e+00
9.051276e+00
9.054850e+00
9.058425e+00
9.062000e+00
9.061063e+00
9.060126e+00
9.059189e+00
9.058253e+00
9.057315e+00
9.056379e+00
9.055442e+00
9.054506e+00
9.053568e+00
9.052632e+00
9.051695e+00
9.050758e+00
9.049821e+00
9.048885e+00
9.047947e+00
9.047011e+00
9.046074e+00
9.045138e+00
9.044200e+00
9.043264e+00
9.042327e+00
9.041390e+00
9.040453e+00
9.039516e+00
9.038579e+00
9.037642e+00
9.036706e+00
9.035769e+00
9.034832e+00
9.033895e+00
9.032959e+00
9.032021e+00
9.031085e+00
9.030148e+00
9.029211e+00
9.028274e+00
9.027338e+00
9.026401e+00
9.025464e+00
9.024527e+00
9.023591e+00
9.022653e+00
9.021717e+00
9.020780e+00
9.019843e+00
9.018906e+00
9.017969e+00
9.017033e+00
9.016095e+00
9.015159e+00
9.014222e+00
9.013285e+00
9.012348e+00
9.011412e+00
9.010474e+00
9.009538e+00
9.008601e+00
9.007665e+00
9.006727e+00
9.005791e+00
9.004854e+00
9.003917e+00
9.002980e+00
9.002043e+00
9.001106e+00
9.000169e+00
8.999233e+00
8.998296e+00
8.997359e+00
8.996422e+00
8.995486e+00
8.994548e+00
8.993612e+00
8.992675e+00
8.991738e+00
8.990801e+00
8.989865e+00
8.988928e+00
8.987991e+00
8.987054e+00
8.986118e+00
8.985180e+00
8.984244e+00
8.983307e+00
8.982370e+00
8.981433e+00
8.980496e+00
8.979560e+00
8.978622e+00
8.977686e+00
8.976749e+00
8.975812e+00
8.974875e+00
8.973939e+00
8.973001e+00
8.972065e+00
8.971128e+00
8.970192e+00
8.969254e+00
8.968318e+00
8.967381e+00
8.966444e+00
8.965507e+00
8.964571e+00
8.963633e+00
8.962697e+00
8.961760e+00
8.960823e+00
8.959886e+00
8.958949e+00
8.958013e+00
8.957075e+00
8.956139e+00
8.955202e+00
8.954265e+00
8.953328e+00
8.952392e+00
8.951455e+00
8.950518e+00
8.949581e+00
8.948645e+00
8.947707e+00
8.946771e+00
8.945834e+00
8.944897e+00
8.943960e+00
8.943024e+00
8.942087e+00
8.941150e+00
8.940213e+00
8.939276e+00
8.938339e+00
8.937402e+00
8.936466e+00
8.935528e+00
8.934592e+00
8.933655e+00
8.932719e+00
8.931781e+00
8.930845e+00
8.929908e+00
8.928971e+00
8.928034e+00
8.927098e+00
8.926160e+00
8.925224e+00
8.924287e+00
8.923350e+00
8.922413e+00
8.921477e+00
8.920540e+00
8.919603e+00
8.918666e+00
8.917729e+00
8.916792e+00
8.915855e+00
8.914919e+00
8.913982e+00
8.913045e+00
8.912108e+00
8.911172e+00
8.910234e+00
8.909298e+00
8.908361e+00
8.907424e+00
8.906487e+00
8.905551e+00
8.904614e+00
8.903677e+00
8.902740e+00
8.901803e+00
8.900866e+00
8.899929e+00
8.898993e+00
8.898055e+00
8.897119e+00
8.896182e+00
8.895246e+00
8.894308e+00
8.893372e+00
8.892435e+00
8.891498e+00
8.890561e+00
8.889625e+00
8.888687e+00
8.887751e+00
8.886814e+00
8.885878e+00
8.884940e+00
8.884004e+00
8.883067e+00
8.882130e+00
8.881193e+00
8.880256e+00
8.879319e+00
8.878382e+00
8.877446e+00
8.876509e+00
8.875572e+00
8.874635e+00
8.873699e+00
8.872761e+00
8.871825e+00
8.870888e+00
8.869951e+00
8.869014e+00
8.868078e+00
8.867141e+00
8.866204e+00
8.865267e+00
8.864331e+00
8.863393e+00
8.862457e+00
8.861520e+00
8.860583e+00
8.859646e+00
8.858709e+00
8.857773e+00
8.856835e+00
8.855899e+00
8.854962e+00
8.854025e+00
8.853088e+00
8.852152e+00
8.851214e+00
8.850278e+00
8.849341e+00
8.848405e+00
8.847467e+00
8.846531e+00
8.845594e+00
8.844657e+00
8.843720e+00
8.842784e+00
8.841846e+00
8.840910e+00
8.839973e+00
8.839036e+00
8.838099e+00
8.837162e+00
8.836226e+00
8.835288e+00
8.834352e+00
8.833415e+00
8.832478e+00
8.831541e+00
8.830605e+00
8.829668e+00
8.828731e+00
8.827794e+00
8.826858e+00
8.825920e+00
8.824984e+00
8.824047e+00
8.823110e+00
8.822173e+00
8.821236e+00
8.820300e+00
8.819363e+00
8.818426e+00
8.817489e+00
8.816552e+00
8.815615e+00
8.814679e+00
8.813741e+00
8.812805e+00
8.811868e+00
8.810932e+00
8.809994e+00
8.809058e+00
8.808121e+00
8.807184e+00
8.806247e+00
8.805311e+00
8.804373e+00
8.803437e+00
8.802500e+00
8.801563e+00
8.800626e+00
8.799689e+00
8.798753e+00
8.797815e+00
8.796879e+00
8.795942e+00
8.795005e+00
8.794068e+00
8.793132e+00
8.792195e+00
8.791258e+00
8.790321e+00
8.789385e+00
8.788447e+00
8.787511e+00
8.786574e+00
8.785637e+00
8.784700e+00
8.783764e+00
8.782827e+00
8.781890e+00
8.780953e+00
8.780016e+00
8.779079e+00
8.778142e+00
8.777206e+00
8.776268e+00
8.775332e+00
8.774395e+00
8.773459e+00
8.772521e+00
8.771585e+00
8.770648e+00
8.769711e+00
8.768774e+00
8.767838e+00
8.766900e+00
8.765964e+00
8.765027e+00
8.764091e+00
8.763153e+00
8.762217e+00
8.761280e+00
8.760343e+00
8.759406e+00
8.758469e+00
8.757532e+00
8.756595e+00
8.755659e+00
8.754722e+00
8.753785e+00
8.752848e+00
8.751912e+00
8.750974e+00
8.750038e+00
8.749101e+00
8.748164e+00
8.747227e+00
8.746291e+00
8.745354e+00
8.744417e+00
8.743480e+00
8.742544e+00
8.741606e+00
8.740670e+00
8.739733e+00
8.738796e+00
8.737859e+00
8.736922e+00
8.735986e+00
8.735048e+00
8.734112e+00
8.733175e+00
8.732238e+00
8.731301e+00
8.730365e+00
8.729427e+00
8.728491e+00
8.727554e+00
8.726618e+00
8.725680e+00
8.724744e+00
8.723807e+00
8.722870e+00
8.721933e+00
8.720996e+00
8.720059e+00
8.719122e+00
8.718186e+00
8.717249e+00
8.716312e+00
8.715375e+00
8.714439e+00
8.713501e+00
8.712565e+00
8.711628e+00
8.710691e+00
8.709754e+00
8.708818e+00
8.707881e+00
8.706944e+00
8.706007e+00
8.705071e+00
8.704133e+00
8.703197e+00
8.702260e+00
8.701323e+00
8.700386e+00
8.699449e+00
8.698513e+00
8.697575e+00
8.696639e+00
8.695702e+00
8.694765e+00
8.693828e+00
8.692892e+00
8.691954e+00
8.691018e+00
8.690081e+00
8.689145e+00
8.688207e+00
8.687271e+00
8.686334e+00
8.685397e+00
8.684460e+00
8.683524e+00
8.682586e+00
8.681650e+00
8.680713e+00
8.679776e+00
8.678839e+00
8.677902e+00
8.676966e+00
8.676028e+00
8.675092e+00
8.674155e+00
8.673218e+00
8.672281e+00
8.671345e+00
8.670408e+00
8.669471e+00
8.668534e+00
8.667598e+00
8.666660e+00
8.665724e+00
8.664787e+00
8.663850e+00
8.662913e+00
8.661977e+00
8.661040e+00
8.660103e+00
8.659166e+00
8.658229e+00
8.657292e+00
8.656355e+00
8.655419e+00
8.654481e+00
8.653545e+00
8.652608e+00
8.651672e+00
8.650734e+00
8.649798e+00
8.648861e+00
8.647924e+00
8.646987e+00
8.646051e+00
8.645113e+00
8.644177e+00
8.643240e+00
8.642303e+00
8.641366e+00
8.640429e+00
8.639493e+00
8.638556e+00
8.637619e+00
8.636682e+00
8.635745e+00
8.634808e+00
8.633872e+00
8.632935e+00
8.631998e+00
8.631061e+00
8.630125e+00
8.629187e+00
8.628251e+00
8.627314e+00
8.626377e+00
8.625440e+00
8.624504e+00
8.623567e+00
8.622630e+00
8.621693e+00
8.620756e+00
8.619819e+00
8.618882e+00
8.617946e+00
8.617008e+00
8.616072e+00
8.615135e+00
8.614199e+00
8.613261e+00
8.612325e+00
8.611388e+00
8.610451e+00
8.609514e+00
8.608578e+00
8.607640e+00
8.606704e+00
8.605767e+00
8.604831e+00
8.603893e+00
8.602957e+00
8.602020e+00
8.601083e+00
8.600146e+00
8.599209e+00
8.598272e+00
8.597335e+00
8.596399e+00
8.595462e+00
8.594525e+00
8.593588e+00
8.592652e+00
8.591714e+00
8.590778e+00
8.591695e+00
8.592612e+00
8.593529e+00
8.594447e+00
8.595363e+00
8.596281e+00
8.597198e+00
8.598115e+00
8.599032e+00
8.599949e+00
8.600867e+00
8.601783e+00
8.602701e+00
8.603618e+00
8.604535e+00
8.605452e+00
8.606370e+00
8.607287e+00
8.608204e+00
8.609121e+00
8.610039e+00
8.610955e+00
8.611873e+00
8.612790e+00
8.613706e+00
8.614624e+00
8.615541e+00
8.616459e+00
8.617375e+00
8.618293e+00
8.619210e+00
8.620127e+00
8.621044e+00
8.621962e+00
8.622878e+00
8.623796e+00
8.624713e+00
8.625630e+00
8.626547e+00
8.627464e+00
8.628382e+00
8.629298e+00
8.630216e+00
8.631133e+00
8.632050e+00
8.632967e+00
8.633885e+00
8.634801e+00
8.635719e+00
8.636636e+00
8.637553e+00
8.638470e+00
8.639387e+00
8.640305e+00
8.641221e+00
8.642139e+00
8.643056e+00
8.643973e+00
8.644890e+00
8.645808e+00
8.646725e+00
8.647642e+00
8.648559e+00
8.649477e+00
8.650393e+00
8.651311e+00
8.652228e+00
8.653145e+00
8.654062e+00
8.654979e+00
8.655897e+00
8.656813e+00
8.657731e+00
8.658648e+00
8.659565e+00
8.660482e+00
8.661400e+00
8.662316e+00
8.663234e+00
8.664151e+00
8.665068e+00
8.665985e+00
8.666902e+00
8.667820e+00
8.668736e+00
8.669654e+00
8.670571e+00
8.671488e+00
8.672405e+00
8.673323e+00
8.674240e+00
8.675157e+00
8.676074e+00
8.676992e+00
8.677908e+00
8.678826e+00
8.679743e+00
8.680659e+00
8.681577e+00
8.682494e+00
8.683411e+00
8.684328e+00
8.685246e+00
8.686163e+00
8.687080e+00
8.687997e+00
8.688915e+00
8.689831e+00
8.690749e+00
8.691666e+00
8.692583e+00
8.693500e+00
8.694417e+00
8.695335e+00
8.696251e+00
8.697169e+00
8.698086e+00
8.699003e+00
8.699920e+00
8.700838e+00
8.701754e+00
8.702672e+00
8.703589e+00
8.704506e+00
8.705423e+00
8.706340e+00
8.707258e+00
8.708174e+00
8.709092e+00
8.710009e+00
8.710926e+00
8.711843e+00
8.712761e+00
8.713678e+00
8.714595e+00
8.715512e+00
8.716430e+00
8.717346e+00
8.718264e+00
8.719181e+00
8.720098e+00
8.721015e+00
8.721932e+00
8.722849e+00
8.723766e+00
8.724684e+00
8.725601e+00
8.726518e+00
8.727435e+00
8.728353e+00
8.729269e+00
8.730187e+00
8.731104e+00
8.732021e+00
8.732938e+00
8.733855e+00
8.734773e+00
8.735689e+00
8.736607e+00
8.737524e+00
8.738441e+00
8.739358e+00
8.740276e+00
8.741192e+00
8.742110e+00
8.743027e+00
8.743945e+00
8.744861e+00
8.745779e+00
8.746696e+00
8.747612e+00
8.748530e+00
8.749447e+00
8.750364e+00
8.751281e+00
8.752199e+00
8.753116e+00
8.754033e+00
8.754950e+00
8.755868e+00
8.756784e+00
8.757702e+00
8.758619e+00
8.759536e+00
8.760453e+00
8.761370e+00
8.762287e+00
8.763204e+00
8.764122e+00
8.765039e+00
8.765956e+00
8.766873e+00
8.767791e+00
8.768707e+00
8.769625e+00
8.770542e+00
8.771459e+00
8.772376e+00
8.773293e+00
8.774211e+00
8.775127e+00
8.776045e+00
8.776962e+00
8.777879e+00
8.778796e+00
8.779714e+00
8.780630e+00
8.781548e+00
8.782465e+00
8.783383e+00
8.784299e+00
8.785217e+00
8.786134e+00
8.787051e+00
8.787968e+00
8.788885e+00
8.789802e+00
8.790719e+00
8.791637e+00
8.792554e+00
8.793471e+00
8.794388e+00
8.795306e+00
8.796222e+00
8.797140e+00
8.798057e+00
8.798974e+00
8.799891e+00
8.800808e+00
8.801725e+00
8.802642e+00
8.803560e+00
8.804477e+00
8.805394e+00
8.806311e+00
8.807229e+00
8.808145e+00
8.809063e+00
8.809980e+00
8.810897e+00
8.811814e+00
8.812731e+00
8.813649e+00
8.814565e+00
8.815483e+00
8.816400e+00
8.817317e+00
8.818234e+00
8.819152e+00
8.820068e+00
8.820986e+00
8.821903e+00
8.822821e+00
8.823737e+00
8.824655e+00
8.825572e+00
8.826489e+00
8.827406e+00
8.828323e+00
8.829240e+00
8.830157e+00
8.831075e+00
8.831992e+00
8.832909e+00
8.833826e+00
8.834744e+00
8.835660e+00
8.836578e+00
8.837495e+00
8.838412e+00
8.839329e+00
8.840246e+00
8.841164e+00
8.842080e+00
8.842998e+00
8.843915e+00
8.844832e+00
8.845749e+00
8.846667e+00
8.847583e+00
8.848501e+00
8.849418e+00
8.850335e+00
8.851252e+00
8.852170e+00
8.853087e+00
8.854004e+00
8.854921e+00
8.855838e+00
8.856755e+00
8.857672e+00
8.858590e+00
8.859506e+00
8.860424e+00
8.861341e+00
8.862259e+00
8.863175e+00
8.864093e+00
8.865010e+00
8.865927e+00
8.866844e+00
8.867761e+00
8.868678e+00
8.869595e+00
8.870513e+00
8.871430e+00
8.872347e+00
8.873264e+00
8.874182e+00
8.875098e+00
8.876016e+00
8.876933e+00
8.877850e+00
8.878767e+00
8.879684e+00
8.880602e+00
8.881518e+00
8.882436e+00
8.883353e+00
8.884270e+00
8.885187e+00
8.886105e+00
8.887021e+00
8.887939e+00
8.888856e+00
8.889773e+00
8.890690e+00
8.891608e+00
8.892525e+00
8.893442e+00
8.894359e+00
8.895276e+00
8.896193e+00
8.897110e+00
8.898028e+00
8.898944e+00
8.899862e+00
8.900779e+00
8.901697e+00
8.902613e+00
8.903531e+00
8.904448e+00
8.905365e+00
8.906282e+00
8.907199e+00
8.908116e+00
8.909033e+00
8.909951e+00
8.910868e+00
8.911785e+00
8.912702e+00
8.913620e+00
8.914536e+00
8.915454e+00
8.916371e+00
8.917288e+00
8.918205e+00
8.919123e+00
8.920040e+00
8.920957e+00
8.921874e+00
8.922791e+00
8.923708e+00
8.924625e+00
8.925543e+00
8.926459e+00
8.927377e+00
8.928294e+00
8.929211e+00
8.930128e+00
8.931046e+00
8.931963e+00
8.932880e+00
8.933797e+00
8.934714e+00
8.935631e+00
8.936548e+00
8.937466e+00
8.938382e+00
8.939300e+00
8.940217e+00
8.941135e+00
8.942051e+00
8.942969e+00
8.943886e+00
8.944803e+00
8.945720e+00
8.946637e+00
8.947554e+00
8.948471e+00
8.949389e+00
8.950306e+00
8.951223e+00
8.952140e+00
8.953058e+00
8.953974e+00
8.954892e+00
8.955809e+00
8.956726e+00
8.957643e+00
8.958561e+00
8.959478e+00
8.960395e+00
8.961312e+00
8.962229e+00
8.963146e+00
8.964063e+00
8.964981e+00
8.965897e+00
8.966815e+00
8.967732e+00
8.968649e+00
8.969566e+00
8.970484e+00
8.971401e+00
8.972318e+00
8.973235e+00
8.974152e+00
8.975069e+00
8.975986e+00
8.976904e+00
8.977820e+00
8.978738e+00
8.979655e+00
8.980573e+00
8.981489e+00
8.982407e+00
8.983324e+00
8.984241e+00
8.985158e+00
8.986076e+00
8.986992e+00
8.987910e+00
8.988827e+00
8.989744e+00
8.990661e+00
8.991578e+00
8.992496e+00
8.993412e+00
8.994330e+00
8.995247e+00
8.996164e+00
8.997081e+00
8.997999e+00
8.998916e+00
8.999833e+00
9.000750e+00
9.001667e+00
9.002584e+00
9.003501e+00
9.004419e+00
9.005335e+00
9.006253e+00
9.007170e+00
9.008088e+00
9.009004e+00
9.009922e+00
9.010839e+00
9.011756e+00
9.012673e+00
9.013590e+00
9.014507e+00
9.015424e+00
9.016342e+00
9.017258e+00
9.018176e+00
9.019093e+00
9.020011e+00
9.020927e+00
9.021845e+00
9.022762e+00
9.023679e+00
9.024596e+00
9.025514e+00
9.026430e+00
9.027348e+00
9.028265e+00
9.029182e+00
9.030099e+00
9.031016e+00
9.031934e+00
