5.800000e-01
5.803331e-01
5.806669e-01
5.810000e-01
5.813331e-01
5.816669e-01
5.820000e-01
5.823331e-01
5.826669e-01
5.830000e-01
5.833331e-01
5.836669e-01
5.840000e-01
5.843331e-01
5.846669e-01
5.850000e-01
5.853331e-01
5.856669e-01
5.860000e-01
5.863331e-01
5.866669e-01
5.870000e-01
5.873331e-01
5.876669e-01
5.880000e-01
5.883331e-01
5.886669e-01
5.890000e-01
5.893331e-01
5.896669e-01
5.900000e-01
5.900000e-01
5.900000e-01
5.900000e-01
5.900000e-01
5.900000e-01
5.900000e-01
5.900000e-01
5.900000e-01
5.900000e-01
5.900000e-01
5.900000e-01
5.900000e-01
5.900000e-01
5.900000e-01
5.900000e-01
5.900000e-01
5.900000e-01
5.900000e-01
5.900000e-01
5.900000e-01
5.901750e-01
5.903500e-01
5.905250e-01
5.907000e-01
5.908750e-01
5.910500e-01
5.912250e-01
5.914000e-01
5.915750e-01
5.917500e-01
5.919250e-01
5.921000e-01
5.922750e-01
5.924500e-01
5.926250e-01
5.928000e-01
5.929750e-01
5.931500e-01
5.931669e-01
5.935000e-01
5.938331e-01
5.941669e-01
5.945000e-01
5.948331e-01
5.951669e-01
5.955000e-01
5.958331e-01
5.961669e-01
5.965000e-01
5.968331e-01
5.971669e-01
5.975000e-01
5.978331e-01
5.981669e-01
5.985000e-01
5.988331e-01
5.991669e-01
5.995000e-01
5.998331e-01
6.001669e-01
6.005000e-01
6.008331e-01
6.011669e-01
6.015000e-01
6.018331e-01
6.021669e-01
6.025000e-01
6.028331e-01
6.031669e-01
6.035000e-01
6.036400e-01
6.037800e-01
6.039200e-01
6.040600e-01
6.042000e-01
6.043400e-01
6.044800e-01
6.046200e-01
6.047600e-01
6.049000e-01
6.050400e-01
6.051800e-01
6.053200e-01
6.054600e-01
6.056000e-01
6.057400e-01
6.058800e-01
6.060200e-01
6.061600e-01
6.063000e-01
6.064400e-01
6.065800e-01
6.067200e-01
6.068600e-01
6.070000e-01
6.071400e-01
6.072800e-01
6.074200e-01
6.075600e-01
6.077000e-01
6.078400e-01
6.079800e-01
6.081200e-01
6.082600e-01
6.084000e-01
6.085400e-01
6.086800e-01
6.088200e-01
6.089600e-01
6.091000e-01
6.092400e-01
6.093800e-01
6.095200e-01
6.096600e-01
6.098000e-01
6.099400e-01
6.100800e-01
6.102200e-01
6.103600e-01
6.105000e-01
6.108300e-01
6.111600e-01
6.114900e-01
6.118200e-01
6.121500e-01
6.124800e-01
6.128100e-01
6.131400e-01
6.134700e-01
6.138000e-01
6.141300e-01
6.144600e-01
6.147900e-01
6.151200e-01
6.154500e-01
6.157800e-01
6.161100e-01
6.164400e-01
6.167700e-01
6.171000e-01
6.174300e-01
6.177600e-01
6.180900e-01
6.184200e-01
6.187500e-01
6.190800e-01
6.194100e-01
6.197400e-01
6.200700e-01
6.204000e-01
6.207300e-01
6.210600e-01
6.213900e-01
6.217200e-01
6.220500e-01
6.223800e-01
6.227100e-01
6.230400e-01
6.233700e-01
6.237000e-01
6.240300e-01
6.243600e-01
6.246900e-01
6.250200e-01
6.253500e-01
6.256800e-01
6.260100e-01
6.263400e-01
6.266700e-01
6.270000e-01
6.290150e-01
6.310300e-01
6.330450e-01
6.350600e-01
6.370750e-01
6.390900e-01
6.411050e-01
6.431200e-01
6.451350e-01
6.471500e-01
6.491650e-01
6.511800e-01
6.531950e-01
6.552100e-01
6.572250e-01
6.592400e-01
6.612550e-01
6.632700e-01
6.652850e-01
6.673000e-01
6.693150e-01
6.713300e-01
6.733450e-01
6.753600e-01
6.773750e-01
6.793900e-01
6.814050e-01
6.834200e-01
6.854350e-01
6.874500e-01
6.894650e-01
6.914800e-01
6.934950e-01
6.955100e-01
6.975250e-01
6.995400e-01
7.015550e-01
7.035700e-01
7.055850e-01
7.076000e-01
7.096150e-01
7.116300e-01
7.136450e-01
7.156600e-01
7.176750e-01
7.196900e-01
7.217050e-01
7.237200e-01
7.257350e-01
7.277500e-01
7.297650e-01
7.317800e-01
7.337950e-01
7.358100e-01
7.378250e-01
7.398400e-01
7.418550e-01
7.438700e-01
7.458850e-01
7.479000e-01
7.499150e-01
7.519300e-01
7.539450e-01
7.559600e-01
7.579750e-01
7.599900e-01
7.620050e-01
7.640200e-01
7.660350e-01
7.680500e-01
7.700650e-01
7.720800e-01
7.740950e-01
7.761100e-01
7.781250e-01
7.801400e-01
7.821550e-01
7.841700e-01
7.861850e-01
7.882000e-01
7.902150e-01
7.922300e-01
7.942450e-01
7.962600e-01
7.982750e-01
8.002900e-01
8.023050e-01
8.043200e-01
8.063350e-01
8.083500e-01
8.103650e-01
8.123800e-01
8.143950e-01
8.164100e-01
8.184250e-01
8.204400e-01
8.224550e-01
8.244700e-01
8.264850e-01
8.285000e-01
8.295900e-01
8.306800e-01
8.317700e-01
8.328600e-01
8.339500e-01
8.350400e-01
8.361300e-01
8.372200e-01
8.383100e-01
8.394000e-01
8.404900e-01
8.415800e-01
8.426700e-01
8.437600e-01
8.448500e-01
8.459400e-01
8.470300e-01
8.481200e-01
8.492100e-01
8.503000e-01
8.513900e-01
8.524800e-01
8.535700e-01
8.546600e-01
8.557500e-01
8.568400e-01
8.579300e-01
8.590200e-01
8.601100e-01
8.612000e-01
8.622900e-01
8.633800e-01
8.644700e-01
8.655600e-01
8.666500e-01
8.677400e-01
8.688300e-01
8.699200e-01
8.710100e-01
8.721000e-01
8.731900e-01
8.742800e-01
8.753700e-01
8.764600e-01
8.775500e-01
8.786400e-01
8.797300e-01
8.808200e-01
8.819100e-01
8.830000e-01
8.840900e-01
8.851800e-01
8.862700e-01
8.873600e-01
8.884500e-01
8.895400e-01
8.906300e-01
8.917200e-01
8.928100e-01
8.939000e-01
8.949900e-01
8.960800e-01
8.971700e-01
8.982600e-01
8.993500e-01
9.004400e-01
9.015300e-01
9.026200e-01
9.037100e-01
9.048000e-01
9.058900e-01
9.069800e-01
9.080700e-01
9.091600e-01
9.102500e-01
9.113400e-01
9.124300e-01
9.135200e-01
9.146100e-01
9.157000e-01
9.167900e-01
9.178800e-01
9.189700e-01
9.200600e-01
9.211500e-01
9.222400e-01
9.233300e-01
9.244200e-01
9.255100e-01
9.266000e-01
9.276900e-01
9.287800e-01
9.298700e-01
9.309600e-01
9.320500e-01
9.331400e-01
9.342300e-01
9.353200e-01
9.364100e-01
9.375000e-01
9.382325e-01
9.389650e-01
9.396975e-01
9.404300e-01
9.411625e-01
9.418950e-01
9.426275e-01
9.433600e-01
9.440925e-01
9.448250e-01
9.455575e-01
9.462900e-01
9.470225e-01
9.477550e-01
9.484875e-01
9.492200e-01
9.499525e-01
9.506850e-01
9.514175e-01
9.521500e-01
9.528825e-01
9.536150e-01
9.543475e-01
9.550800e-01
9.558125e-01
9.565450e-01
9.572775e-01
9.580100e-01
9.587425e-01
9.594750e-01
9.602075e-01
9.609400e-01
9.616725e-01
9.624050e-01
9.631375e-01
9.638700e-01
9.646025e-01
9.653350e-01
9.660675e-01
9.668000e-01
9.675325e-01
9.682650e-01
9.689975e-01
9.697300e-01
9.704625e-01
9.711950e-01
9.719275e-01
9.726600e-01
9.733925e-01
9.741250e-01
9.748575e-01
9.755900e-01
9.763225e-01
9.770550e-01
9.777875e-01
9.785200e-01
9.792525e-01
9.799850e-01
9.807175e-01
9.814500e-01
9.821825e-01
9.829150e-01
9.836475e-01
9.843800e-01
9.851125e-01
9.858450e-01
9.865775e-01
9.873100e-01
9.880425e-01
9.887750e-01
9.895075e-01
9.902400e-01
9.909725e-01
9.917050e-01
9.924375e-01
9.931700e-01
9.939025e-01
9.946350e-01
9.953675e-01
9.961000e-01
9.968325e-01
9.975650e-01
9.982975e-01
9.990300e-01
9.997625e-01
1.000495e+00
1.001227e+00
1.001960e+00
1.002692e+00
1.003425e+00
1.004158e+00
1.004890e+00
1.005623e+00
1.006355e+00
1.007087e+00
1.007820e+00
1.008552e+00
1.009285e+00
1.010018e+00
1.010750e+00
1.011483e+00
1.012215e+00
1.012947e+00
1.013680e+00
1.014412e+00
1.015145e+00
1.015877e+00
1.016610e+00
1.017343e+00
1.018075e+00
1.018808e+00
1.019540e+00
1.020272e+00
1.021005e+00
1.021737e+00
1.022470e+00
1.023203e+00
1.023935e+00
1.024667e+00
1.025400e+00
1.026133e+00
1.026865e+00
1.027598e+00
1.028330e+00
1.029062e+00
1.029795e+00
1.030528e+00
1.031260e+00
1.031993e+00
1.032725e+00
1.033458e+00
1.034190e+00
1.034922e+00
1.035655e+00
1.036388e+00
1.037120e+00
1.037853e+00
1.038585e+00
1.039318e+00
1.040050e+00
1.040782e+00
1.041515e+00
1.042247e+00
1.042980e+00
1.043713e+00
1.044445e+00
1.045178e+00
1.045910e+00
1.046642e+00
1.047375e+00
1.048107e+00
1.048840e+00
1.049573e+00
1.050305e+00
1.051037e+00
1.051770e+00
1.052502e+00
1.053235e+00
1.053967e+00
1.054700e+00
1.055432e+00
1.056165e+00
1.056898e+00
1.057630e+00
1.058362e+00
1.059095e+00
1.059827e+00
1.060560e+00
1.061292e+00
1.062025e+00
1.062757e+00
1.063490e+00
1.064222e+00
1.064955e+00
1.065688e+00
1.066420e+00
1.067153e+00
1.067885e+00
1.068617e+00
1.069350e+00
1.070083e+00
1.070815e+00
1.071548e+00
1.072280e+00
1.073012e+00
1.073745e+00
1.074477e+00
1.075210e+00
1.075943e+00
1.076675e+00
1.077408e+00
1.078140e+00
1.078873e+00
1.079605e+00
1.080337e+00
1.081070e+00
1.081803e+00
1.082535e+00
1.083268e+00
1.084000e+00
1.084835e+00
1.085670e+00
1.086505e+00
1.087340e+00
1.088175e+00
1.089010e+00
1.089845e+00
1.090680e+00
1.091515e+00
1.092350e+00
1.093185e+00
1.094020e+00
1.094855e+00
1.095690e+00
1.096525e+00
1.097360e+00
1.098195e+00
1.099030e+00
1.099865e+00
1.100700e+00
1.101535e+00
1.102370e+00
1.103205e+00
1.104040e+00
1.104875e+00
1.105710e+00
1.106545e+00
1.107380e+00
1.108215e+00
1.109050e+00
1.109885e+00
1.110720e+00
1.111555e+00
1.112390e+00
1.113225e+00
1.114060e+00
1.114895e+00
1.115730e+00
1.116565e+00
1.117400e+00
1.118235e+00
1.119070e+00
1.119905e+00
1.120740e+00
1.121575e+00
1.122410e+00
1.123245e+00
1.124080e+00
1.124915e+00
1.125750e+00
1.126585e+00
1.127420e+00
1.128255e+00
1.129090e+00
1.129925e+00
1.130760e+00
1.131595e+00
1.132430e+00
1.133265e+00
1.134100e+00
1.134935e+00
1.135770e+00
1.136605e+00
1.137440e+00
1.138275e+00
1.139110e+00
1.139945e+00
1.140780e+00
1.141615e+00
1.142450e+00
1.143285e+00
1.144120e+00
1.144955e+00
1.145790e+00
1.146625e+00
1.147460e+00
1.148295e+00
1.149130e+00
1.149965e+00
1.150800e+00
1.151635e+00
1.152470e+00
1.153305e+00
1.154140e+00
1.154975e+00
1.155810e+00
1.156645e+00
1.157480e+00
1.158315e+00
1.159150e+00
1.159985e+00
1.160820e+00
1.161655e+00
1.162490e+00
1.163325e+00
1.164160e+00
1.164995e+00
1.165830e+00
1.166665e+00
1.167500e+00
1.187666e+00
1.207832e+00
1.227998e+00
1.248163e+00
1.268329e+00
1.288495e+00
1.308661e+00
1.328827e+00
1.348993e+00
1.369158e+00
1.389324e+00
1.409490e+00
1.429656e+00
1.449822e+00
1.469988e+00
1.490154e+00
1.510319e+00
1.530485e+00
1.550651e+00
1.570817e+00
1.590983e+00
1.611149e+00
1.631314e+00
1.651480e+00
1.671646e+00
1.691812e+00
1.711978e+00
1.732144e+00
1.752310e+00
1.772475e+00
1.792641e+00
1.812807e+00
1.832973e+00
1.853139e+00
1.873305e+00
1.893471e+00
1.913636e+00
1.933802e+00
1.953968e+00
1.974134e+00
1.994300e+00
2.014466e+00
2.034631e+00
2.054797e+00
2.074963e+00
2.095129e+00
2.115295e+00
2.135461e+00
2.155627e+00
2.175792e+00
2.195958e+00
2.216124e+00
2.236290e+00
2.256456e+00
2.276622e+00
2.296787e+00
2.316953e+00
2.337119e+00
2.357285e+00
2.377451e+00
2.397617e+00
2.417783e+00
2.437948e+00
2.458114e+00
2.478280e+00
2.498446e+00
2.518612e+00
2.538778e+00
2.558943e+00
2.579109e+00
2.599275e+00
2.619441e+00
2.639607e+00
2.659773e+00
2.679939e+00
2.700104e+00
2.720270e+00
2.740436e+00
2.760602e+00
2.780768e+00
2.800934e+00
2.821100e+00
2.841265e+00
2.861431e+00
2.881597e+00
2.901763e+00
2.921929e+00
2.942095e+00
2.962260e+00
2.982426e+00
3.002592e+00
3.022758e+00
3.042924e+00
3.063090e+00
3.083256e+00
3.103421e+00
3.123587e+00
3.143753e+00
3.163919e+00
3.184085e+00
3.204251e+00
3.224416e+00
3.244582e+00
3.264748e+00
3.284914e+00
3.305080e+00
3.325246e+00
3.345412e+00
3.365577e+00
3.385743e+00
3.405909e+00
3.426075e+00
3.446241e+00
3.466407e+00
3.486572e+00
3.506738e+00
3.526904e+00
3.547070e+00
3.567236e+00
3.587402e+00
3.607568e+00
3.627733e+00
3.647899e+00
3.668065e+00
3.688231e+00
3.708397e+00
3.728563e+00
3.748729e+00
3.768894e+00
3.789060e+00
3.809226e+00
3.829392e+00
3.849558e+00
3.869724e+00
3.889889e+00
3.910055e+00
3.930221e+00
3.950387e+00
3.970553e+00
3.990719e+00
4.010885e+00
4.031050e+00
4.051216e+00
4.071382e+00
4.091548e+00
4.111714e+00
4.131880e+00
4.152045e+00
4.172211e+00
4.192377e+00
4.212543e+00
4.232709e+00
4.252875e+00
4.273041e+00
4.293206e+00
4.313372e+00
4.333538e+00
4.353704e+00
4.373870e+00
4.394036e+00
4.414201e+00
4.434367e+00
4.454533e+00
4.474699e+00
4.494865e+00
4.515031e+00
4.535197e+00
4.555362e+00
4.575528e+00
4.595694e+00
4.615860e+00
4.636026e+00
4.656192e+00
4.676357e+00
4.696523e+00
4.716689e+00
4.736855e+00
4.757021e+00
4.777187e+00
4.797353e+00
4.817518e+00
4.837684e+00
4.857850e+00
4.878016e+00
4.898182e+00
4.918348e+00
4.938514e+00
4.958679e+00
4.978845e+00
4.999011e+00
5.019177e+00
5.039343e+00
5.059509e+00
5.079674e+00
5.099840e+00
5.120006e+00
5.140172e+00
5.160338e+00
5.180504e+00
5.200670e+00
5.220835e+00
5.241001e+00
5.261167e+00
5.281333e+00
5.301499e+00
5.321665e+00
5.341830e+00
5.361996e+00
5.382162e+00
5.402328e+00
5.422494e+00
5.442660e+00
5.462826e+00
5.482991e+00
5.503157e+00
5.523323e+00
5.543489e+00
5.563655e+00
5.583821e+00
5.603986e+00
5.624152e+00
5.644318e+00
5.664484e+00
5.684650e+00
5.704816e+00
5.724982e+00
5.745147e+00
5.765313e+00
5.785479e+00
5.805645e+00
5.825811e+00
5.845977e+00
5.866143e+00
5.886308e+00
5.906474e+00
5.926640e+00
5.946806e+00
5.966972e+00
5.987138e+00
6.007303e+00
6.027469e+00
6.047635e+00
6.067801e+00
6.087967e+00
6.108133e+00
6.128299e+00
6.148464e+00
6.168630e+00
6.188796e+00
6.208962e+00
6.229128e+00
6.249294e+00
6.269459e+00
6.289625e+00
6.309791e+00
6.329957e+00
6.350123e+00
6.370289e+00
6.390455e+00
6.410620e+00
6.430786e+00
6.450952e+00
6.471118e+00
6.491284e+00
6.511450e+00
6.531615e+00
6.551781e+00
6.571947e+00
6.592113e+00
6.612279e+00
6.632445e+00
6.652611e+00
6.672776e+00
6.692942e+00
6.713108e+00
6.733274e+00
6.753440e+00
6.773606e+00
6.793771e+00
6.813937e+00
6.834103e+00
6.854269e+00
6.874435e+00
6.894601e+00
6.914767e+00
6.934932e+00
6.955098e+00
6.975264e+00
6.995430e+00
7.015596e+00
7.035762e+00
7.055928e+00
7.076093e+00
7.096259e+00
7.116425e+00
7.136591e+00
7.156757e+00
7.176923e+00
7.197088e+00
7.217254e+00
7.237420e+00
7.257586e+00
7.277752e+00
7.297918e+00
7.318084e+00
7.338249e+00
7.358415e+00
7.378581e+00
7.398747e+00
7.418913e+00
7.439079e+00
7.459244e+00
7.479410e+00
7.499576e+00
7.519742e+00
7.539908e+00
7.560074e+00
7.580240e+00
7.600405e+00
7.620571e+00
7.640737e+00
7.660903e+00
7.681069e+00
7.701235e+00
7.721400e+00
7.741566e+00
7.761732e+00
7.781898e+00
7.802064e+00
7.822230e+00
7.842396e+00
7.862561e+00
7.882727e+00
7.902893e+00
7.923059e+00
7.943225e+00
7.963391e+00
7.983557e+00
8.003722e+00
8.023888e+00
8.044054e+00
8.064220e+00
8.084386e+00
8.104552e+00
8.124717e+00
8.144883e+00
8.165049e+00
8.185215e+00
8.205381e+00
8.225547e+00
8.245713e+00
8.265878e+00
8.286044e+00
8.306210e+00
8.326376e+00
8.346542e+00
8.366708e+00
8.386873e+00
8.407039e+00
8.427205e+00
8.447371e+00
8.467537e+00
8.487703e+00
8.507869e+00
8.528034e+00
8.548200e+00
8.568366e+00
8.588532e+00
8.608698e+00
8.628864e+00
8.649029e+00
8.669195e+00
8.689361e+00
8.709527e+00
8.729693e+00
8.749859e+00
8.770025e+00
8.790190e+00
8.810356e+00
8.830522e+00
8.850688e+00
8.870854e+00
8.891020e+00
8.911186e+00
8.931351e+00
8.951517e+00
8.971683e+00
8.991849e+00
9.012015e+00
9.032181e+00
9.052346e+00
9.072512e+00
9.092678e+00
9.112844e+00
9.133010e+00
9.153176e+00
9.173342e+00
9.193507e+00
9.213673e+00
9.233839e+00
9.254005e+00
9.274171e+00
9.294337e+00
9.314502e+00
9.334668e+00
9.354834e+00
9.375000e+00
9.383297e+00
9.391593e+00
9.399890e+00
9.408187e+00
9.416483e+00
9.424780e+00
9.433077e+00
9.441373e+00
9.449670e+00
9.457967e+00
9.466263e+00
9.474560e+00
9.482857e+00
9.491153e+00
9.499450e+00
9.507747e+00
9.516043e+00
9.524340e+00
9.532637e+00
9.540933e+00
9.549230e+00
9.557527e+00
9.565823e+00
9.574120e+00
9.582417e+00
9.590713e+00
9.599010e+00
9.607307e+00
9.615603e+00
9.623900e+00
9.632197e+00
9.640493e+00
9.648790e+00
9.657087e+00
9.665383e+00
9.673680e+00
9.681977e+00
9.690273e+00
9.698570e+00
9.706867e+00
9.715163e+00
9.723460e+00
9.731757e+00
9.740053e+00
9.748350e+00
9.756647e+00
9.764943e+00
9.773240e+00
9.781537e+00
9.789833e+00
9.798130e+00
9.806427e+00
9.814723e+00
9.823020e+00
9.831317e+00
9.839613e+00
9.847910e+00
9.856207e+00
9.864503e+00
9.872800e+00
9.881097e+00
9.889393e+00
9.897690e+00
9.905987e+00
9.914283e+00
9.922580e+00
9.930877e+00
9.939173e+00
9.947470e+00
9.955767e+00
9.964063e+00
9.972360e+00
9.980657e+00
9.988953e+00
9.997250e+00
1.000555e+01
1.001384e+01
1.002214e+01
1.003044e+01
1.003873e+01
1.004703e+01
1.005533e+01
1.006362e+01
1.007192e+01
1.008022e+01
1.008851e+01
1.009681e+01
1.010511e+01
1.011340e+01
1.012170e+01
1.013000e+01
1.013829e+01
1.014659e+01
1.015489e+01
1.016318e+01
1.017148e+01
1.017978e+01
1.018807e+01
1.019637e+01
1.020467e+01
1.021273e+01
1.022079e+01
1.022885e+01
1.023691e+01
1.024497e+01
1.025303e+01
1.026110e+01
1.026916e+01
1.027722e+01
1.028528e+01
1.029334e+01
1.030140e+01
1.030946e+01
1.031753e+01
1.032559e+01
1.033365e+01
1.034171e+01
1.034977e+01
1.035783e+01
1.036589e+01
1.037396e+01
1.038202e+01
1.039008e+01
1.039814e+01
1.040620e+01
1.041426e+01
1.042232e+01
1.043038e+01
1.043845e+01
1.044651e+01
1.045457e+01
1.046263e+01
1.047069e+01
1.047875e+01
1.048681e+01
1.049488e+01
1.050294e+01
1.051100e+01
1.051906e+01
1.052712e+01
1.053518e+01
1.054324e+01
1.055131e+01
1.055937e+01
1.056743e+01
1.057549e+01
1.058355e+01
1.059161e+01
1.059967e+01
1.060773e+01
1.061580e+01
1.062386e+01
1.063192e+01
1.063998e+01
1.064804e+01
1.065610e+01
1.066416e+01
1.067223e+01
1.068029e+01
1.068835e+01
1.069641e+01
1.070447e+01
1.071253e+01
1.072059e+01
1.072866e+01
1.073672e+01
1.074478e+01
1.075284e+01
1.076090e+01
1.076896e+01
1.077702e+01
1.078508e+01
1.079315e+01
1.080121e+01
1.080927e+01
1.081733e+01
1.082539e+01
1.083345e+01
1.084151e+01
1.084958e+01
1.085764e+01
1.086570e+01
1.087376e+01
1.088182e+01
1.088988e+01
1.089794e+01
1.090600e+01
1.091407e+01
1.092213e+01
1.093019e+01
1.093825e+01
1.094631e+01
1.095437e+01
1.096243e+01
1.097050e+01
1.097856e+01
1.098662e+01
1.099468e+01
1.100274e+01
1.101080e+01
1.101886e+01
1.102693e+01
1.103499e+01
1.104305e+01
1.105111e+01
1.105917e+01
1.106723e+01
1.107529e+01
1.108335e+01
1.109142e+01
1.109948e+01
1.110754e+01
1.111560e+01
1.112366e+01
1.113172e+01
1.113978e+01
1.114785e+01
1.115591e+01
1.116397e+01
1.117203e+01
1.118009e+01
1.118815e+01
1.119621e+01
1.120428e+01
1.121234e+01
1.122040e+01
1.122846e+01
1.123652e+01
1.124458e+01
1.125264e+01
1.126070e+01
1.126877e+01
1.127683e+01
1.128489e+01
1.129295e+01
1.130101e+01
1.130907e+01
1.131713e+01
1.132520e+01
1.133326e+01
1.134132e+01
1.134938e+01
1.135744e+01
1.136550e+01
1.137356e+01
1.138163e+01
1.138969e+01
1.139775e+01
1.140581e+01
1.141387e+01
1.142193e+01
1.142999e+01
1.143805e+01
1.144612e+01
1.145418e+01
1.146224e+01
1.147030e+01
1.147836e+01
1.148642e+01
1.149448e+01
1.150255e+01
1.151061e+01
1.151867e+01
1.152673e+01
1.153479e+01
1.154285e+01
1.155091e+01
1.155898e+01
1.156704e+01
1.157510e+01
1.158316e+01
1.159122e+01
1.159928e+01
1.160734e+01
1.161540e+01
1.162347e+01
1.163153e+01
1.163959e+01
1.164765e+01
1.165571e+01
1.166377e+01
1.167183e+01
1.167990e+01
1.168796e+01
1.169602e+01
1.170408e+01
1.171214e+01
1.172020e+01
1.172826e+01
1.173633e+01
1.174439e+01
1.175245e+01
1.176051e+01
1.176857e+01
1.177663e+01
1.178469e+01
1.179275e+01
1.180082e+01
1.180888e+01
1.181694e+01
1.182500e+01
1.183324e+01
1.184148e+01
1.184972e+01
1.185795e+01
1.186619e+01
1.187443e+01
1.188267e+01
1.189091e+01
1.189915e+01
1.190738e+01
1.191562e+01
1.192386e+01
1.193210e+01
1.194034e+01
1.194858e+01
1.195681e+01
1.196505e+01
1.197329e+01
1.198153e+01
1.198977e+01
1.199801e+01
1.200624e+01
1.201448e+01
1.202272e+01
1.203096e+01
1.203920e+01
1.204744e+01
1.205568e+01
1.206391e+01
1.207215e+01
1.208039e+01
1.208863e+01
1.209687e+01
1.210511e+01
1.211334e+01
1.212158e+01
1.212982e+01
1.213806e+01
1.214630e+01
1.215454e+01
1.216277e+01
1.217101e+01
1.217925e+01
1.218749e+01
1.219573e+01
1.220397e+01
1.221221e+01
1.222044e+01
1.222868e+01
1.223692e+01
1.224516e+01
1.225340e+01
1.226164e+01
1.226987e+01
1.227811e+01
1.228635e+01
1.229459e+01
1.230283e+01
1.231107e+01
1.231930e+01
1.232754e+01
1.233578e+01
1.234402e+01
1.235226e+01
1.236050e+01
1.236874e+01
1.237697e+01
1.238521e+01
1.239345e+01
1.240169e+01
1.240993e+01
1.241817e+01
1.242640e+01
1.243464e+01
1.244288e+01
1.245112e+01
1.245936e+01
1.246760e+01
1.247583e+01
1.248407e+01
1.249231e+01
1.250055e+01
1.250879e+01
1.251703e+01
1.252526e+01
1.253350e+01
1.254174e+01
1.254998e+01
1.255822e+01
1.256646e+01
1.257470e+01
1.258293e+01
1.259117e+01
1.259941e+01
1.260765e+01
1.261589e+01
1.262413e+01
1.263236e+01
1.264060e+01
1.264884e+01
1.265708e+01
1.266532e+01
1.267356e+01
1.268179e+01
1.269003e+01
1.269827e+01
1.270651e+01
1.271475e+01
1.272299e+01
1.273123e+01
1.273946e+01
1.274770e+01
1.275594e+01
1.276418e+01
1.277242e+01
1.278066e+01
1.278889e+01
1.279713e+01
1.280537e+01
1.281361e+01
1.282185e+01
1.283009e+01
1.283832e+01
1.284656e+01
1.285480e+01
1.286304e+01
1.287128e+01
1.287952e+01
1.288776e+01
1.289599e+01
1.290423e+01
1.291247e+01
1.292071e+01
1.292895e+01
1.293719e+01
1.294542e+01
1.295366e+01
1.296190e+01
1.297014e+01
1.297838e+01
1.298662e+01
1.299485e+01
1.300309e+01
1.301133e+01
1.301957e+01
1.302781e+01
1.303605e+01
1.304428e+01
1.305252e+01
1.306076e+01
1.306900e+01
1.307724e+01
1.308548e+01
1.309372e+01
1.310195e+01
1.311019e+01
1.311843e+01
1.312667e+01
1.313491e+01
1.314315e+01
1.315138e+01
1.315962e+01
1.316786e+01
1.317610e+01
1.318434e+01
1.319258e+01
1.320081e+01
1.320905e+01
1.321729e+01
1.322553e+01
1.323377e+01
1.324201e+01
1.325024e+01
1.325848e+01
1.326672e+01
1.327496e+01
1.328320e+01
1.329144e+01
1.329968e+01
1.330791e+01
1.331615e+01
1.332439e+01
1.333263e+01
1.334087e+01
1.334911e+01
1.335734e+01
1.336558e+01
1.337382e+01
1.338206e+01
1.339030e+01
1.339854e+01
1.340677e+01
1.341501e+01
1.342325e+01
1.343149e+01
1.343973e+01
1.344797e+01
1.345621e+01
1.346444e+01
1.347268e+01
1.348092e+01
1.348916e+01
1.349740e+01
1.350564e+01
1.351387e+01
1.352211e+01
1.353035e+01
1.353859e+01
1.354683e+01
1.355507e+01
1.356330e+01
1.357154e+01
1.357978e+01
1.358802e+01
1.359626e+01
1.360450e+01
1.361274e+01
1.362097e+01
1.362921e+01
1.363745e+01
1.364569e+01
1.365393e+01
1.366217e+01
1.367040e+01
1.367864e+01
1.368688e+01
1.369512e+01
1.370336e+01
1.371160e+01
1.371983e+01
1.372807e+01
1.373631e+01
1.374455e+01
1.375279e+01
1.376103e+01
1.376926e+01
1.377750e+01
1.378574e+01
1.379398e+01
1.380222e+01
1.381046e+01
1.381870e+01
1.382693e+01
1.383517e+01
1.384341e+01
1.385165e+01
1.385989e+01
1.386813e+01
1.387636e+01
1.388460e+01
1.389284e+01
1.390108e+01
1.390932e+01
1.391756e+01
1.392579e+01
1.393403e+01
1.394227e+01
1.395051e+01
1.395875e+01
1.396699e+01
1.397523e+01
1.398346e+01
1.399170e+01
1.399994e+01
1.400818e+01
1.401642e+01
1.402466e+01
1.403289e+01
1.404113e+01
1.404937e+01
1.405761e+01
1.406585e+01
1.407409e+01
1.408232e+01
1.409056e+01
1.409880e+01
1.410704e+01
1.411528e+01
1.412352e+01
1.413176e+01
1.413999e+01
1.414823e+01
1.415647e+01
1.416471e+01
1.417295e+01
1.418119e+01
1.418942e+01
1.419766e+01
1.420590e+01
1.421414e+01
1.422238e+01
1.423062e+01
1.423885e+01
1.424709e+01
1.425533e+01
1.426357e+01
1.427181e+01
1.428005e+01
1.428828e+01
1.429652e+01
1.430476e+01
1.431300e+01
1.432139e+01
1.432977e+01
1.433816e+01
1.434655e+01
1.435493e+01
1.436332e+01
1.437170e+01
1.438009e+01
1.438848e+01
1.439686e+01
1.440525e+01
1.441364e+01
1.442202e+01
1.443041e+01
1.443880e+01
1.444718e+01
1.445557e+01
1.446396e+01
1.447234e+01
1.448073e+01
1.448911e+01
1.449750e+01
1.450589e+01
1.451427e+01
1.452266e+01
1.453105e+01
1.453943e+01
1.454782e+01
1.455621e+01
1.456459e+01
1.457298e+01
1.458136e+01
1.458975e+01
1.459814e+01
1.460652e+01
1.461491e+01
1.462330e+01
1.463168e+01
1.464007e+01
1.464846e+01
1.465684e+01
1.466523e+01
1.467362e+01
1.468200e+01
1.469039e+01
1.469877e+01
1.470716e+01
1.471555e+01
1.472393e+01
1.473232e+01
1.474071e+01
1.474909e+01
1.475748e+01
1.476587e+01
1.477425e+01
1.478264e+01
1.479102e+01
1.479941e+01
1.480780e+01
1.481618e+01
1.482457e+01
1.483296e+01
1.484134e+01
1.484973e+01
1.485812e+01
1.486650e+01
1.487489e+01
1.488328e+01
1.489166e+01
1.490005e+01
1.490843e+01
1.491682e+01
1.492521e+01
1.493359e+01
1.494198e+01
1.495037e+01
1.495875e+01
1.496714e+01
1.497553e+01
1.498391e+01
1.499230e+01
1.500068e+01
1.500907e+01
1.501746e+01
1.502584e+01
1.503423e+01
1.504262e+01
1.505100e+01
1.505939e+01
1.506778e+01
1.507616e+01
1.508455e+01
1.509294e+01
1.510132e+01
1.510971e+01
1.511809e+01
1.512648e+01
1.513487e+01
1.514325e+01
1.515164e+01
1.516003e+01
1.516841e+01
1.517680e+01
1.518519e+01
1.519357e+01
1.520196e+01
1.521035e+01
1.521873e+01
1.522712e+01
1.523550e+01
1.524389e+01
1.525228e+01
1.526066e+01
1.526905e+01
1.527744e+01
1.528582e+01
1.529421e+01
1.530260e+01
1.531098e+01
1.531937e+01
1.532775e+01
1.533614e+01
1.534453e+01
1.535291e+01
1.536130e+01
1.536969e+01
1.537807e+01
1.538646e+01
1.539485e+01
1.540323e+01
1.541162e+01
1.542000e+01
1.542839e+01
1.543678e+01
1.544516e+01
1.545355e+01
1.546194e+01
1.547032e+01
1.547871e+01
1.548710e+01
1.549548e+01
1.550387e+01
1.551226e+01
1.552064e+01
1.552903e+01
1.553741e+01
1.554580e+01
1.555419e+01
1.556257e+01
1.557096e+01
1.557935e+01
1.558773e+01
1.559612e+01
1.560451e+01
1.561289e+01
1.562128e+01
1.562967e+01
1.563805e+01
1.564644e+01
1.565482e+01
1.566321e+01
1.567160e+01
1.567998e+01
1.568837e+01
1.569676e+01
1.570514e+01
1.571353e+01
1.572192e+01
1.573030e+01
1.573869e+01
1.574707e+01
1.575546e+01
1.576385e+01
1.577223e+01
1.578062e+01
1.578901e+01
1.579739e+01
1.580578e+01
1.581417e+01
1.582255e+01
1.583094e+01
1.583933e+01
1.584771e+01
1.585610e+01
1.586448e+01
1.587287e+01
1.588126e+01
1.588964e+01
1.589803e+01
1.590642e+01
1.591480e+01
1.592319e+01
1.593158e+01
1.593996e+01
1.594835e+01
1.595673e+01
1.596512e+01
1.597351e+01
1.598189e+01
1.599028e+01
1.599867e+01
1.600709e+01
1.601551e+01
1.602393e+01
1.603235e+01
1.604077e+01
1.604919e+01
1.605762e+01
1.606604e+01
1.607446e+01
1.608288e+01
1.609130e+01
1.609972e+01
1.610814e+01
1.611656e+01
1.612498e+01
1.613341e+01
1.614183e+01
1.615025e+01
1.615867e+01
1.616709e+01
1.617551e+01
1.618393e+01
1.619235e+01
1.620078e+01
1.620920e+01
1.621762e+01
1.622604e+01
1.623446e+01
1.624288e+01
1.625130e+01
1.625972e+01
1.626815e+01
1.627657e+01
1.628499e+01
1.629341e+01
1.630183e+01
1.631025e+01
1.631867e+01
1.632709e+01
1.633552e+01
1.634394e+01
1.635236e+01
1.636078e+01
1.636920e+01
1.637762e+01
1.638604e+01
1.639446e+01
1.640289e+01
1.641131e+01
1.641973e+01
1.642815e+01
1.643657e+01
1.644499e+01
1.645341e+01
1.646183e+01
1.647026e+01
1.647868e+01
1.648710e+01
1.649552e+01
1.650394e+01
1.651236e+01
1.652078e+01
1.652920e+01
1.653763e+01
1.654605e+01
1.655447e+01
1.656289e+01
1.657131e+01
1.657973e+01
1.658815e+01
1.659657e+01
1.660500e+01
1.661342e+01
1.662184e+01
1.663026e+01
1.663868e+01
1.664710e+01
1.665552e+01
1.666394e+01
1.667236e+01
1.668079e+01
1.668921e+01
1.669763e+01
1.670605e+01
1.671447e+01
1.672289e+01
1.673131e+01
1.673973e+01
1.674816e+01
1.675658e+01
1.676500e+01
1.677342e+01
1.678184e+01
1.679026e+01
1.679868e+01
1.680710e+01
1.681553e+01
1.682395e+01
1.683237e+01
1.684079e+01
1.684921e+01
1.685763e+01
1.686605e+01
1.687447e+01
1.688290e+01
1.689132e+01
1.689974e+01
1.690816e+01
1.691658e+01
1.692500e+01
1.693342e+01
1.694184e+01
1.695027e+01
1.695869e+01
1.696711e+01
1.697553e+01
1.698395e+01
1.699237e+01
1.700079e+01
1.700921e+01
1.701764e+01
1.702606e+01
1.703448e+01
1.704290e+01
1.705132e+01
1.705974e+01
1.706816e+01
1.707658e+01
1.708500e+01
1.709343e+01
1.710185e+01
1.711027e+01
1.711869e+01
1.712711e+01
1.713553e+01
1.714395e+01
1.715237e+01
1.716080e+01
1.716922e+01
1.717764e+01
1.718606e+01
1.719448e+01
1.720290e+01
1.721132e+01
1.721974e+01
1.722817e+01
1.723659e+01
1.724501e+01
1.725343e+01
1.726185e+01
1.727027e+01
1.727869e+01
1.728711e+01
1.729554e+01
1.730396e+01
1.731238e+01
1.732080e+01
1.732922e+01
1.733764e+01
1.734606e+01
1.735448e+01
1.736291e+01
1.737133e+01
1.737975e+01
1.738817e+01
1.739659e+01
1.740501e+01
1.741343e+01
1.742185e+01
1.743028e+01
1.743870e+01
1.744712e+01
1.745554e+01
1.746396e+01
1.747238e+01
1.748080e+01
1.748922e+01
1.749765e+01
1.750607e+01
1.751449e+01
1.752291e+01
1.753133e+01
1.753975e+01
1.754817e+01
1.755659e+01
1.756502e+01
1.757344e+01
1.758186e+01
1.759028e+01
1.759870e+01
1.760712e+01
1.761554e+01
1.762396e+01
1.763238e+01
1.764081e+01
1.764923e+01
1.765765e+01
1.766607e+01
1.767449e+01
1.768291e+01
1.769133e+01
1.769986e+01
1.770838e+01
1.771691e+01
1.772543e+01
1.773395e+01
1.774248e+01
1.775100e+01
1.775953e+01
1.776805e+01
1.777658e+01
1.778510e+01
1.779362e+01
1.780215e+01
1.781067e+01
1.781920e+01
1.782772e+01
1.783625e+01
1.784477e+01
1.785329e+01
1.786182e+01
1.787034e+01
1.787887e+01
1.788739e+01
1.789592e+01
1.790444e+01
1.791296e+01
1.792149e+01
1.793001e+01
1.793854e+01
1.794706e+01
1.795559e+01
1.796411e+01
1.797263e+01
1.798116e+01
1.798968e+01
1.799821e+01
1.800673e+01
1.801526e+01
1.802378e+01
1.803230e+01
1.804083e+01
1.804935e+01
1.805788e+01
1.806640e+01
1.807493e+01
1.808345e+01
1.809197e+01
1.810050e+01
1.810902e+01
1.811755e+01
1.812607e+01
1.813460e+01
1.814312e+01
1.815164e+01
1.816017e+01
1.816869e+01
1.817722e+01
1.818574e+01
1.819427e+01
1.820279e+01
1.821131e+01
1.821984e+01
1.822836e+01
1.823689e+01
1.824541e+01
1.825394e+01
1.826246e+01
1.827098e+01
1.827951e+01
1.828803e+01
1.829656e+01
1.830508e+01
1.831361e+01
1.832213e+01
1.833065e+01
1.833918e+01
1.834770e+01
1.835623e+01
1.836475e+01
1.837328e+01
1.838180e+01
1.839032e+01
1.839885e+01
1.840737e+01
1.841590e+01
1.842442e+01
1.843295e+01
1.844147e+01
1.844999e+01
1.845852e+01
1.846704e+01
1.847557e+01
1.848409e+01
1.849262e+01
1.850114e+01
1.850966e+01
1.851819e+01
1.852671e+01
1.853524e+01
1.854376e+01
1.855229e+01
1.856081e+01
1.856933e+01
1.857786e+01
1.858638e+01
1.859491e+01
1.860343e+01
1.861196e+01
1.862048e+01
1.862900e+01
1.863753e+01
1.864605e+01
1.865458e+01
1.866310e+01
1.867163e+01
1.868015e+01
1.868867e+01
1.869720e+01
1.870572e+01
1.871425e+01
1.872277e+01
1.873130e+01
1.873982e+01
1.874834e+01
1.875687e+01
1.876539e+01
1.877392e+01
1.878244e+01
1.879097e+01
1.879949e+01
1.880801e+01
1.881654e+01
1.882506e+01
1.883359e+01
1.884211e+01
1.885064e+01
1.885916e+01
1.886768e+01
1.887621e+01
1.888473e+01
1.889326e+01
1.890178e+01
1.891031e+01
1.891883e+01
1.892735e+01
1.893588e+01
1.894440e+01
1.895293e+01
1.896145e+01
1.896998e+01
1.897850e+01
1.898702e+01
1.899555e+01
1.900407e+01
1.901260e+01
1.902112e+01
1.902965e+01
1.903817e+01
1.904669e+01
1.905522e+01
1.906374e+01
1.907227e+01
1.908079e+01
1.908932e+01
1.909784e+01
1.910636e+01
1.911489e+01
1.912341e+01
1.913194e+01
1.914046e+01
1.914899e+01
1.915751e+01
1.916603e+01
1.917456e+01
1.918308e+01
1.919161e+01
1.920013e+01
1.920866e+01
1.921718e+01
1.922570e+01
1.923423e+01
1.924275e+01
1.925128e+01
1.925980e+01
1.926833e+01
1.927685e+01
1.928537e+01
1.929390e+01
1.930242e+01
1.931095e+01
1.931947e+01
1.932800e+01
1.933652e+01
1.934504e+01
1.935357e+01
1.936209e+01
1.937062e+01
1.937914e+01
1.938767e+01
1.939619e+01
1.940471e+01
1.941324e+01
1.942176e+01
1.943029e+01
1.943881e+01
1.944734e+01
1.945586e+01
1.946438e+01
1.947291e+01
1.948143e+01
1.948996e+01
1.949848e+01
1.950701e+01
1.951553e+01
1.952405e+01
1.953258e+01
1.954110e+01
1.954963e+01
1.955815e+01
1.956668e+01
1.957520e+01
1.958372e+01
1.959225e+01
1.960077e+01
1.960930e+01
1.961782e+01
1.962635e+01
1.963487e+01
1.964339e+01
1.965192e+01
1.966044e+01
1.966897e+01
1.967749e+01
1.968602e+01
1.969454e+01
1.970306e+01
1.971159e+01
1.972011e+01
1.972864e+01
1.973716e+01
1.974569e+01
1.975421e+01
1.976273e+01
1.977126e+01
1.977978e+01
1.978831e+01
1.979683e+01
1.980536e+01
1.981388e+01
1.982240e+01
1.983093e+01
1.983945e+01
1.984798e+01
1.985650e+01
1.986503e+01
1.987355e+01
1.988207e+01
1.989060e+01
1.989912e+01
1.990765e+01
1.991617e+01
1.992470e+01
1.993322e+01
1.994174e+01
1.995027e+01
1.995879e+01
1.996732e+01
1.997584e+01
1.998437e+01
1.999289e+01
2.000141e+01
2.000994e+01
2.001846e+01
2.002699e+01
2.003551e+01
2.004404e+01
2.005256e+01
2.006108e+01
2.006961e+01
2.007813e+01
2.008666e+01
2.009518e+01
2.010371e+01
2.011223e+01
2.012075e+01
2.012928e+01
2.013780e+01
2.014633e+01
2.015485e+01
2.016338e+01
2.017190e+01
2.018042e+01
2.018895e+01
2.019747e+01
2.020600e+01
2.021452e+01
2.022305e+01
2.023157e+01
2.024009e+01
2.024862e+01
2.025714e+01
2.026567e+01
2.027391e+01
2.028216e+01
2.029041e+01
2.029866e+01
2.030691e+01
2.031515e+01
2.032340e+01
2.033165e+01
2.033990e+01
2.034814e+01
2.035639e+01
2.036464e+01
2.037289e+01
2.038113e+01
2.038938e+01
2.039763e+01
2.040588e+01
2.041412e+01
2.042237e+01
2.043062e+01
2.043887e+01
2.044712e+01
2.045536e+01
2.046361e+01
2.047186e+01
2.048011e+01
2.048835e+01
2.049660e+01
2.050485e+01
2.051310e+01
2.052134e+01
2.052959e+01
2.053784e+01
2.054609e+01
2.055434e+01
2.056258e+01
2.057083e+01
2.057908e+01
2.058733e+01
2.059557e+01
2.060382e+01
2.061207e+01
2.062032e+01
2.062856e+01
2.063681e+01
2.064506e+01
2.065331e+01
2.066156e+01
2.066980e+01
2.067805e+01
2.068630e+01
2.069455e+01
2.070279e+01
2.071104e+01
2.071929e+01
2.072754e+01
2.073578e+01
2.074403e+01
2.075228e+01
2.076053e+01
2.076877e+01
2.077702e+01
2.078527e+01
2.079352e+01
2.080177e+01
2.081001e+01
2.081826e+01
2.082651e+01
2.083476e+01
2.084300e+01
2.085125e+01
2.085950e+01
2.086775e+01
2.087599e+01
2.088424e+01
2.089249e+01
2.090074e+01
2.090899e+01
2.091723e+01
2.092548e+01
2.093373e+01
2.094198e+01
2.095022e+01
2.095847e+01
2.096672e+01
2.097497e+01
2.098321e+01
2.099146e+01
2.099971e+01
2.100796e+01
2.101621e+01
2.102445e+01
2.103270e+01
2.104095e+01
2.104920e+01
2.105744e+01
2.106569e+01
2.107394e+01
2.108219e+01
2.109043e+01
2.109868e+01
2.110693e+01
2.111518e+01
2.112342e+01
2.113167e+01
2.113992e+01
2.114817e+01
2.115642e+01
2.116466e+01
2.117291e+01
2.118116e+01
2.118941e+01
2.119765e+01
2.120590e+01
2.121415e+01
2.122240e+01
2.123064e+01
2.123889e+01
2.124714e+01
2.125539e+01
2.126364e+01
2.127188e+01
2.128013e+01
2.128838e+01
2.129663e+01
2.130487e+01
2.131312e+01
2.132137e+01
2.132962e+01
2.133786e+01
2.134611e+01
2.135436e+01
2.136261e+01
2.137086e+01
2.137910e+01
2.138735e+01
2.139560e+01
2.140385e+01
2.141209e+01
2.142034e+01
2.142859e+01
2.143684e+01
2.144508e+01
2.145333e+01
2.146158e+01
2.146983e+01
2.147808e+01
2.148632e+01
2.149457e+01
2.150282e+01
2.151107e+01
2.151931e+01
2.152756e+01
2.153581e+01
2.154406e+01
2.155230e+01
2.156055e+01
2.156880e+01
2.157705e+01
2.158529e+01
2.159354e+01
2.160179e+01
2.161004e+01
2.161829e+01
2.162653e+01
2.163478e+01
2.164303e+01
2.165128e+01
2.165952e+01
2.166777e+01
2.167602e+01
2.168427e+01
2.169251e+01
2.170076e+01
2.170901e+01
2.171726e+01
2.172551e+01
2.173375e+01
2.174200e+01
2.175025e+01
2.175850e+01
2.176674e+01
2.177499e+01
2.178324e+01
2.179149e+01
2.179973e+01
2.180798e+01
2.181623e+01
2.182448e+01
2.183273e+01
2.184097e+01
2.184922e+01
2.185747e+01
2.186572e+01
2.187396e+01
2.188221e+01
2.189046e+01
2.189871e+01
2.190695e+01
2.191520e+01
2.192345e+01
2.193170e+01
2.193994e+01
2.194819e+01
2.195644e+01
2.196469e+01
2.197294e+01
2.198118e+01
2.198943e+01
2.199768e+01
2.200593e+01
2.201417e+01
2.202242e+01
2.203067e+01
2.203892e+01
2.204716e+01
2.205541e+01
2.206366e+01
2.207191e+01
2.208016e+01
2.208840e+01
2.209665e+01
2.210490e+01
2.211315e+01
2.212139e+01
2.212964e+01
2.213789e+01
2.214614e+01
2.215438e+01
2.216263e+01
2.217088e+01
2.217913e+01
2.218738e+01
2.219562e+01
2.220387e+01
2.221212e+01
2.222037e+01
2.222861e+01
2.223686e+01
2.224511e+01
2.225336e+01
2.226160e+01
2.226985e+01
2.227810e+01
2.228635e+01
2.229460e+01
2.230284e+01
2.231109e+01
2.231934e+01
2.232759e+01
2.233583e+01
2.234408e+01
2.235233e+01
2.236058e+01
2.236882e+01
2.237707e+01
2.238532e+01
2.239357e+01
2.240181e+01
2.241006e+01
2.241831e+01
2.242656e+01
2.243481e+01
2.244305e+01
2.245130e+01
2.245955e+01
2.246780e+01
2.247604e+01
2.248429e+01
2.249254e+01
2.250079e+01
2.250903e+01
2.251728e+01
2.252553e+01
2.253378e+01
2.254203e+01
2.255027e+01
2.255852e+01
2.256677e+01
2.257502e+01
2.258326e+01
2.259151e+01
2.259976e+01
2.260801e+01
2.261625e+01
2.262450e+01
2.263275e+01
2.264100e+01
2.264925e+01
2.265749e+01
2.266574e+01
2.267399e+01
2.268224e+01
2.269048e+01
2.269873e+01
2.270698e+01
2.271523e+01
2.272347e+01
2.273172e+01
2.273997e+01
2.274822e+01
2.275646e+01
2.276471e+01
2.277296e+01
2.278121e+01
2.278946e+01
2.279770e+01
2.280595e+01
2.281420e+01
2.282245e+01
2.283069e+01
2.283894e+01
2.284719e+01
2.285544e+01
2.286368e+01
2.287193e+01
2.288018e+01
2.288843e+01
2.289668e+01
2.290492e+01
2.291317e+01
2.292142e+01
2.292967e+01
2.293791e+01
2.294616e+01
2.295441e+01
2.296266e+01
2.297090e+01
2.297915e+01
2.298740e+01
2.299565e+01
2.300390e+01
2.301214e+01
2.302039e+01
2.302864e+01
2.303689e+01
2.304513e+01
2.305338e+01
2.306163e+01
2.306988e+01
2.307812e+01
2.308637e+01
2.309462e+01
2.310287e+01
2.311111e+01
2.311936e+01
2.312761e+01
2.313586e+01
2.314411e+01
2.315235e+01
2.316060e+01
2.316885e+01
2.317710e+01
2.318534e+01
2.319359e+01
2.320184e+01
2.321009e+01
2.321833e+01
2.322658e+01
2.323483e+01
2.324308e+01
2.325133e+01
2.325957e+01
2.326782e+01
2.327607e+01
2.328432e+01
2.329256e+01
2.330081e+01
2.330906e+01
2.331731e+01
2.332555e+01
2.333380e+01
2.334205e+01
2.335030e+01
2.335855e+01
2.336679e+01
2.337504e+01
2.338329e+01
2.339154e+01
2.339978e+01
2.340803e+01
2.341628e+01
2.342453e+01
2.343277e+01
2.344102e+01
2.344927e+01
2.345752e+01
2.346576e+01
2.347401e+01
2.348226e+01
2.349051e+01
2.349876e+01
2.350700e+01
2.351525e+01
2.352350e+01
2.353175e+01
2.353999e+01
2.354824e+01
2.355649e+01
2.356474e+01
2.357298e+01
2.358123e+01
2.358948e+01
2.359773e+01
2.360598e+01
2.361422e+01
2.362247e+01
2.363072e+01
2.363897e+01
2.364721e+01
2.365546e+01
2.366371e+01
2.367196e+01
2.368020e+01
2.368845e+01
2.369670e+01
2.370495e+01
2.371320e+01
2.372144e+01
2.372969e+01
2.373794e+01
2.374619e+01
2.375443e+01
2.376268e+01
2.377093e+01
2.377918e+01
2.378742e+01
2.379567e+01
2.380392e+01
2.381217e+01
2.382041e+01
2.382866e+01
2.383691e+01
2.384516e+01
2.385341e+01
2.386165e+01
2.386990e+01
2.387815e+01
2.388640e+01
2.389464e+01
2.390289e+01
2.391114e+01
2.391939e+01
2.392763e+01
2.393588e+01
2.394413e+01
2.395238e+01
2.396063e+01
2.396887e+01
2.397712e+01
2.398537e+01
2.399362e+01
2.400186e+01
2.401011e+01
2.401836e+01
2.402661e+01
2.403485e+01
2.404310e+01
2.405135e+01
2.405960e+01
2.406785e+01
2.407609e+01
2.408434e+01
2.409259e+01
2.410084e+01
2.410908e+01
2.411733e+01
2.412558e+01
2.413383e+01
2.414207e+01
2.415032e+01
2.415857e+01
2.416682e+01
2.417507e+01
2.418331e+01
2.419156e+01
2.419981e+01
2.420806e+01
2.421630e+01
2.422455e+01
2.423280e+01
2.424105e+01
2.424929e+01
2.425754e+01
2.426579e+01
2.427404e+01
2.428228e+01
2.429053e+01
2.429878e+01
2.430703e+01
2.431528e+01
2.432352e+01
2.433177e+01
2.434002e+01
2.434827e+01
2.435651e+01
2.436476e+01
2.437301e+01
2.438126e+01
2.438950e+01
2.439775e+01
2.440600e+01
2.441302e+01
2.442003e+01
2.442705e+01
2.443407e+01
2.444109e+01
2.444810e+01
2.445512e+01
2.446214e+01
2.446916e+01
2.447617e+01
2.448319e+01
2.449021e+01
2.449722e+01
2.450424e+01
2.451126e+01
2.451828e+01
2.452529e+01
2.453231e+01
2.453933e+01
2.454634e+01
2.455336e+01
2.456038e+01
2.456740e+01
2.457441e+01
2.458143e+01
2.458845e+01
2.459547e+01
2.460248e+01
2.460950e+01
2.461652e+01
2.462353e+01
2.463055e+01
2.463757e+01
2.464459e+01
2.465160e+01
2.465862e+01
2.466564e+01
2.467265e+01
2.467967e+01
2.468669e+01
2.469371e+01
2.470072e+01
2.470774e+01
2.471476e+01
2.472178e+01
2.472879e+01
2.473581e+01
2.474283e+01
2.474984e+01
2.475686e+01
2.476388e+01
2.477090e+01
2.477791e+01
2.478493e+01
2.479195e+01
2.479896e+01
2.480598e+01
2.481300e+01
2.482002e+01
2.482703e+01
2.483405e+01
2.484107e+01
2.484809e+01
2.485510e+01
2.486212e+01
2.486914e+01
2.487615e+01
2.488317e+01
2.489019e+01
2.489721e+01
2.490422e+01
2.491124e+01
2.491826e+01
2.492528e+01
2.493229e+01
2.493931e+01
2.494633e+01
2.495334e+01
2.496036e+01
2.496738e+01
2.497440e+01
2.498141e+01
2.498843e+01
2.499545e+01
2.500246e+01
2.500948e+01
2.501650e+01
2.502352e+01
2.503053e+01
2.503755e+01
2.504457e+01
2.505159e+01
2.505860e+01
2.506562e+01
2.507264e+01
2.507965e+01
2.508667e+01
2.509369e+01
2.510071e+01
2.510772e+01
2.511474e+01
2.512176e+01
2.512877e+01
2.513579e+01
2.514281e+01
2.514983e+01
2.515684e+01
2.516386e+01
2.517088e+01
2.517790e+01
2.518491e+01
2.519193e+01
2.519895e+01
2.520596e+01
2.521298e+01
2.522000e+01
2.522702e+01
2.523403e+01
2.524105e+01
2.524807e+01
2.525508e+01
2.526210e+01
2.526912e+01
2.527614e+01
2.528315e+01
2.529017e+01
2.529719e+01
2.530421e+01
2.531122e+01
2.531824e+01
2.532526e+01
2.533227e+01
2.533929e+01
2.534631e+01
2.535333e+01
2.536034e+01
2.536736e+01
2.537438e+01
2.538139e+01
2.538841e+01
2.539543e+01
2.540245e+01
2.540946e+01
2.541648e+01
2.542350e+01
2.543052e+01
2.543753e+01
2.544455e+01
2.545157e+01
2.545858e+01
2.546560e+01
2.547262e+01
2.547964e+01
2.548665e+01
2.549367e+01
2.550069e+01
2.550771e+01
2.551472e+01
2.552174e+01
2.552876e+01
2.553577e+01
2.554279e+01
2.554981e+01
2.555683e+01
2.556384e+01
2.557086e+01
2.557788e+01
2.558489e+01
2.559191e+01
2.559893e+01
2.560595e+01
2.561296e+01
2.561998e+01
2.562700e+01
2.563402e+01
2.564103e+01
2.564805e+01
2.565507e+01
2.566208e+01
2.566910e+01
2.567612e+01
2.568314e+01
2.569015e+01
2.569717e+01
2.570419e+01
2.571120e+01
2.571822e+01
2.572524e+01
2.573226e+01
2.573927e+01
2.574629e+01
2.575331e+01
2.576033e+01
2.576734e+01
2.577436e+01
2.578138e+01
2.578839e+01
2.579541e+01
2.580243e+01
2.580945e+01
2.581646e+01
2.582348e+01
2.583050e+01
2.583751e+01
2.584453e+01
2.585155e+01
2.585857e+01
2.586558e+01
2.587260e+01
2.587962e+01
2.588664e+01
2.589365e+01
2.590067e+01
2.590769e+01
2.591470e+01
2.592172e+01
2.592874e+01
2.593576e+01
2.594277e+01
2.594979e+01
2.595681e+01
2.596382e+01
2.597084e+01
2.597786e+01
2.598488e+01
2.599189e+01
2.599891e+01
2.600593e+01
2.601295e+01
2.601996e+01
2.602698e+01
2.603400e+01
2.604101e+01
2.604803e+01
2.605505e+01
2.606207e+01
2.606908e+01
2.607610e+01
2.608312e+01
2.609014e+01
2.609715e+01
2.610417e+01
2.611119e+01
2.611820e+01
2.612522e+01
2.613224e+01
2.613926e+01
2.614627e+01
2.615329e+01
2.616031e+01
2.616732e+01
2.617434e+01
2.618136e+01
2.618838e+01
2.619539e+01
2.620241e+01
2.620943e+01
2.621645e+01
2.622346e+01
2.623048e+01
2.623750e+01
2.624451e+01
2.625153e+01
2.625855e+01
2.626557e+01
2.627258e+01
2.627960e+01
2.628662e+01
2.629363e+01
2.630065e+01
2.630767e+01
2.631469e+01
2.632170e+01
2.632872e+01
2.633574e+01
2.634276e+01
2.634977e+01
2.635679e+01
2.636381e+01
2.637082e+01
2.637784e+01
2.638486e+01
2.639188e+01
2.639889e+01
2.640591e+01
2.641293e+01
2.641995e+01
2.642696e+01
2.643398e+01
2.644100e+01
2.644801e+01
2.645503e+01
2.646205e+01
2.646907e+01
2.647608e+01
2.648310e+01
2.649012e+01
2.649713e+01
2.650415e+01
2.651117e+01
2.651819e+01
2.652520e+01
2.653222e+01
2.653924e+01
2.654626e+01
2.655327e+01
2.656029e+01
2.656731e+01
2.657432e+01
2.658134e+01
2.658836e+01
2.659538e+01
2.660239e+01
2.660941e+01
2.661643e+01
2.662344e+01
2.663046e+01
2.663748e+01
2.664450e+01
2.665151e+01
2.665853e+01
2.666555e+01
2.667257e+01
2.667958e+01
2.668660e+01
2.669362e+01
2.670063e+01
2.670765e+01
2.671467e+01
2.672169e+01
2.672870e+01
2.673572e+01
2.674274e+01
2.674975e+01
2.675677e+01
2.676379e+01
2.677081e+01
2.677782e+01
2.678484e+01
2.679186e+01
2.679888e+01
2.680589e+01
2.681291e+01
2.681993e+01
2.682694e+01
2.683396e+01
2.684098e+01
2.684800e+01
2.685501e+01
2.686203e+01
2.686905e+01
2.687606e+01
2.688308e+01
2.689010e+01
2.689712e+01
2.690413e+01
2.691115e+01
2.691817e+01
2.692519e+01
2.693220e+01
2.693922e+01
2.694624e+01
2.695325e+01
2.696027e+01
2.696729e+01
2.697431e+01
2.698132e+01
2.698834e+01
2.699536e+01
2.700238e+01
2.700939e+01
2.701641e+01
2.702343e+01
2.703044e+01
2.703746e+01
2.704448e+01
2.705150e+01
2.705851e+01
2.706553e+01
2.707255e+01
2.707956e+01
2.708658e+01
2.709360e+01
2.710062e+01
2.710763e+01
2.711465e+01
2.712167e+01
2.712869e+01
2.713570e+01
2.714272e+01
2.714974e+01
2.715675e+01
2.716377e+01
2.717079e+01
2.717781e+01
2.718482e+01
2.719184e+01
2.719886e+01
2.720587e+01
2.721289e+01
2.721991e+01
2.722693e+01
2.723394e+01
2.724096e+01
2.724798e+01
2.725500e+01
2.726201e+01
2.726903e+01
2.727605e+01
2.728306e+01
2.729008e+01
2.729710e+01
2.730412e+01
2.731113e+01
2.731815e+01
2.732517e+01
2.733218e+01
2.733920e+01
2.734622e+01
2.735324e+01
2.736025e+01
2.736727e+01
2.737429e+01
2.738131e+01
2.738832e+01
2.739534e+01
2.740236e+01
2.740937e+01
2.741639e+01
2.742341e+01
2.743043e+01
2.743744e+01
2.744446e+01
2.745148e+01
2.745849e+01
2.746551e+01
2.747253e+01
2.747955e+01
2.748656e+01
2.749358e+01
2.750060e+01
2.750762e+01
2.751463e+01
2.752165e+01
2.752867e+01
2.753568e+01
2.754270e+01
2.754972e+01
2.755674e+01
2.756375e+01
2.757077e+01
2.757779e+01
2.758481e+01
2.759182e+01
2.759884e+01
2.760586e+01
2.761287e+01
2.761989e+01
2.762691e+01
2.763393e+01
2.764094e+01
2.764796e+01
2.765498e+01
2.766199e+01
2.766901e+01
2.767603e+01
2.768305e+01
2.769006e+01
2.769708e+01
2.770410e+01
2.771112e+01
2.771813e+01
2.772515e+01
2.773217e+01
2.773918e+01
2.774620e+01
2.775322e+01
2.776024e+01
2.776725e+01
2.777427e+01
2.778129e+01
2.778830e+01
2.779532e+01
2.780234e+01
2.780936e+01
2.781637e+01
2.782339e+01
2.783041e+01
2.783743e+01
2.784444e+01
2.785146e+01
2.785848e+01
2.786549e+01
2.787251e+01
2.787953e+01
2.788655e+01
2.789356e+01
2.790058e+01
2.790760e+01
2.791461e+01
2.792163e+01
2.792865e+01
2.793567e+01
2.794319e+01
2.795071e+01
2.795824e+01
2.796576e+01
2.797328e+01
2.798080e+01
2.798833e+01
2.799585e+01
2.800337e+01
2.801090e+01
2.801842e+01
2.802594e+01
2.803346e+01
2.804099e+01
2.804851e+01
2.805603e+01
2.806356e+01
2.807108e+01
2.807860e+01
2.808612e+01
2.809365e+01
2.810117e+01
2.810869e+01
2.811622e+01
2.812374e+01
2.813126e+01
2.813878e+01
2.814631e+01
2.815383e+01
2.816135e+01
2.816888e+01
2.817640e+01
2.818392e+01
2.819144e+01
2.819897e+01
2.820649e+01
2.821401e+01
2.822154e+01
2.822906e+01
2.823658e+01
2.824410e+01
2.825163e+01
2.825915e+01
2.826667e+01
2.827420e+01
2.828172e+01
2.828924e+01
2.829676e+01
2.830429e+01
2.831181e+01
2.831933e+01
2.832686e+01
2.833438e+01
2.834190e+01
2.834942e+01
2.835695e+01
2.836447e+01
2.837199e+01
2.837952e+01
2.838704e+01
2.839456e+01
2.840208e+01
2.840961e+01
2.841713e+01
2.842465e+01
2.843218e+01
2.843970e+01
2.844722e+01
2.845474e+01
2.846227e+01
2.846979e+01
2.847731e+01
2.848484e+01
2.849236e+01
2.849988e+01
2.850740e+01
2.851493e+01
2.852245e+01
2.852997e+01
2.853750e+01
2.854502e+01
2.855254e+01
2.856006e+01
2.856759e+01
2.857511e+01
2.858263e+01
2.859016e+01
2.859768e+01
2.860520e+01
2.861272e+01
2.862025e+01
2.862777e+01
2.863529e+01
2.864282e+01
2.865034e+01
2.865786e+01
2.866538e+01
2.867291e+01
2.868043e+01
2.868795e+01
2.869548e+01
2.870300e+01
2.871052e+01
2.871804e+01
2.872557e+01
2.873309e+01
2.874061e+01
2.874814e+01
2.875566e+01
2.876318e+01
2.877070e+01
2.877823e+01
2.878575e+01
2.879327e+01
2.880080e+01
2.880832e+01
2.881584e+01
2.882336e+01
2.883089e+01
2.883841e+01
2.884593e+01
2.885346e+01
2.886098e+01
2.886850e+01
2.887602e+01
2.888355e+01
2.889107e+01
2.889859e+01
2.890612e+01
2.891364e+01
2.892116e+01
2.892868e+01
2.893621e+01
2.894373e+01
2.895125e+01
2.895878e+01
2.896630e+01
2.897382e+01
2.898134e+01
2.898887e+01
2.899639e+01
2.900391e+01
2.901144e+01
2.901896e+01
2.902648e+01
2.903400e+01
2.904153e+01
2.904905e+01
2.905657e+01
2.906410e+01
2.907162e+01
2.907914e+01
2.908666e+01
2.909419e+01
2.910171e+01
2.910923e+01
2.911676e+01
2.912428e+01
2.913180e+01
2.913932e+01
2.914685e+01
2.915437e+01
2.916189e+01
2.916942e+01
2.917694e+01
2.918446e+01
2.919198e+01
2.919951e+01
2.920703e+01
2.921455e+01
2.922208e+01
2.922960e+01
2.923712e+01
2.924464e+01
2.925217e+01
2.925969e+01
2.926721e+01
2.927474e+01
2.928226e+01
2.928978e+01
2.929730e+01
2.930483e+01
2.931235e+01
2.931987e+01
2.932740e+01
2.933492e+01
2.934244e+01
2.934996e+01
2.935749e+01
2.936501e+01
2.937253e+01
2.938006e+01
2.938758e+01
2.939510e+01
2.940262e+01
2.941015e+01
2.941767e+01
2.942519e+01
2.943272e+01
2.944024e+01
2.944776e+01
2.945528e+01
2.946281e+01
2.947033e+01
2.947785e+01
2.948538e+01
2.949290e+01
2.950042e+01
2.950795e+01
2.951547e+01
2.952299e+01
2.953051e+01
2.953804e+01
2.954556e+01
2.955308e+01
2.956061e+01
2.956813e+01
2.957565e+01
2.958317e+01
2.959070e+01
2.959822e+01
2.960574e+01
2.961327e+01
2.962079e+01
2.962831e+01
2.963583e+01
2.964336e+01
2.965088e+01
2.965840e+01
2.966593e+01
2.967345e+01
2.968097e+01
2.968849e+01
2.969602e+01
2.970354e+01
2.971106e+01
2.971859e+01
2.972611e+01
2.973363e+01
2.974115e+01
2.974868e+01
2.975620e+01
2.976372e+01
2.977125e+01
2.977877e+01
2.978629e+01
2.979381e+01
2.980134e+01
2.980886e+01
2.981638e+01
2.982391e+01
2.983143e+01
2.983895e+01
2.984647e+01
2.985400e+01
2.986152e+01
2.986904e+01
2.987657e+01
2.988409e+01
2.989161e+01
2.989913e+01
2.990666e+01
2.991418e+01
2.992170e+01
2.992923e+01
2.993675e+01
2.994427e+01
2.995179e+01
2.995932e+01
2.996684e+01
2.997436e+01
2.998189e+01
2.998941e+01
2.999693e+01
3.000445e+01
3.001198e+01
3.001950e+01
3.002702e+01
3.003455e+01
3.004207e+01
3.004959e+01
3.005711e+01
3.006464e+01
3.007216e+01
3.007968e+01
3.008721e+01
3.009473e+01
3.010225e+01
3.010977e+01
3.011730e+01
3.012482e+01
3.013234e+01
3.013987e+01
3.014739e+01
3.015491e+01
3.016243e+01
3.016996e+01
3.017748e+01
3.018500e+01
3.019253e+01
3.020005e+01
3.020757e+01
3.021509e+01
3.022262e+01
3.023014e+01
3.023766e+01
3.024519e+01
3.025271e+01
3.026023e+01
3.026775e+01
3.027528e+01
3.028280e+01
3.029032e+01
3.029785e+01
3.030537e+01
3.031289e+01
3.032041e+01
3.032794e+01
3.033546e+01
3.034298e+01
3.035051e+01
3.035803e+01
3.036555e+01
3.037307e+01
3.038060e+01
3.038812e+01
3.039564e+01
3.040317e+01
3.041069e+01
3.041821e+01
3.042573e+01
3.043326e+01
3.044078e+01
3.044830e+01
3.045583e+01
3.046335e+01
3.047087e+01
3.047839e+01
3.048592e+01
3.049344e+01
3.050096e+01
3.050849e+01
3.051601e+01
3.052353e+01
3.053105e+01
3.053858e+01
3.054610e+01
3.055362e+01
3.056115e+01
3.056867e+01
3.057619e+01
3.058371e+01
3.059124e+01
3.059876e+01
3.060628e+01
3.061381e+01
3.062133e+01
3.062885e+01
3.063637e+01
3.064390e+01
3.065142e+01
3.065894e+01
3.066647e+01
3.067399e+01
3.068151e+01
3.068903e+01
3.069656e+01
3.070408e+01
3.071160e+01
3.071913e+01
3.072665e+01
3.073417e+01
3.074169e+01
3.074922e+01
3.075674e+01
3.076426e+01
3.077179e+01
3.077931e+01
3.078683e+01
3.079435e+01
3.080188e+01
3.080940e+01
3.081692e+01
3.082445e+01
3.083197e+01
3.083949e+01
3.084701e+01
3.085454e+01
3.086206e+01
3.086958e+01
3.087711e+01
3.088463e+01
3.089215e+01
3.089967e+01
3.090720e+01
3.091472e+01
3.092224e+01
3.092977e+01
3.093729e+01
3.094481e+01
3.095233e+01
3.095986e+01
3.096738e+01
3.097490e+01
3.098243e+01
3.098995e+01
3.099747e+01
3.100499e+01
3.101252e+01
3.102004e+01
3.102756e+01
3.103509e+01
3.104261e+01
3.105013e+01
3.105765e+01
3.106518e+01
3.107270e+01
3.108022e+01
3.108775e+01
3.109527e+01
3.110279e+01
3.111031e+01
3.111784e+01
3.112536e+01
3.113288e+01
3.114041e+01
3.114793e+01
3.115545e+01
3.116297e+01
3.117050e+01
3.117802e+01
3.118554e+01
3.119307e+01
3.120059e+01
3.120811e+01
3.121563e+01
3.122316e+01
3.123068e+01
3.123820e+01
3.124573e+01
3.125325e+01
3.126077e+01
3.126829e+01
3.127582e+01
3.128334e+01
3.129086e+01
3.129839e+01
3.130591e+01
3.131343e+01
3.132095e+01
3.132848e+01
3.133600e+01
3.134352e+01
3.135105e+01
3.135857e+01
3.136609e+01
3.137362e+01
3.138114e+01
3.138866e+01
3.139618e+01
3.140371e+01
3.141123e+01
3.141875e+01
3.142628e+01
3.143380e+01
3.144132e+01
3.144884e+01
3.145637e+01
3.146389e+01
3.147141e+01
3.147894e+01
3.148646e+01
3.149398e+01
3.150150e+01
3.150903e+01
3.151655e+01
3.152407e+01
3.153160e+01
3.153912e+01
3.154664e+01
3.155416e+01
