5.800000e-01
5.803332e-01
5.806668e-01
5.810000e-01
5.813332e-01
5.816668e-01
5.820000e-01
5.823332e-01
5.826668e-01
5.830000e-01
5.833332e-01
5.836668e-01
5.840000e-01
5.843332e-01
5.846668e-01
5.850000e-01
5.853332e-01
5.856668e-01
5.860000e-01
5.863332e-01
5.866668e-01
5.870000e-01
5.873332e-01
5.876668e-01
5.880000e-01
5.883332e-01
5.886668e-01
5.890000e-01
5.893332e-01
5.896668e-01
5.900000e-01
5.900000e-01
5.900000e-01
5.900000e-01
5.900000e-01
5.900000e-01
5.900000e-01
5.900000e-01
5.900000e-01
5.900000e-01
5.900000e-01
5.900000e-01
5.900000e-01
5.900000e-01
5.900000e-01
5.900000e-01
5.900000e-01
5.900000e-01
5.900000e-01
5.900000e-01
5.900000e-01
5.902583e-01
5.905167e-01
5.907750e-01
5.910333e-01
5.912917e-01
5.915500e-01
5.918083e-01
5.920667e-01
5.923250e-01
5.925833e-01
5.928417e-01
5.931000e-01
5.933583e-01
5.936167e-01
5.938750e-01
5.941333e-01
5.943917e-01
5.946500e-01
5.948335e-01
5.951667e-01
5.954998e-01
5.958335e-01
5.961667e-01
5.964998e-01
5.968335e-01
5.971667e-01
5.974998e-01
5.978335e-01
5.981667e-01
5.984998e-01
5.988335e-01
5.991667e-01
5.994998e-01
5.998335e-01
6.001667e-01
6.004998e-01
6.008335e-01
6.011667e-01
6.014998e-01
6.018335e-01
6.021667e-01
6.024998e-01
6.028335e-01
6.031667e-01
6.034998e-01
6.038335e-01
6.041667e-01
6.044998e-01
6.048335e-01
6.051667e-01
6.053733e-01
6.055800e-01
6.057867e-01
6.059933e-01
6.062000e-01
6.064067e-01
6.066133e-01
6.068200e-01
6.070267e-01
6.072333e-01
6.074400e-01
6.076467e-01
6.078533e-01
6.080600e-01
6.082667e-01
6.084733e-01
6.086800e-01
6.088867e-01
6.090933e-01
6.093000e-01
6.095067e-01
6.097133e-01
6.099200e-01
6.101267e-01
6.103333e-01
6.105400e-01
6.107467e-01
6.109533e-01
6.111600e-01
6.113667e-01
6.115733e-01
6.117800e-01
6.119867e-01
6.121933e-01
6.124000e-01
6.126067e-01
6.128133e-01
6.130200e-01
6.132267e-01
6.134333e-01
6.136400e-01
6.138467e-01
6.140533e-01
6.142600e-01
6.144667e-01
6.146733e-01
6.148800e-01
6.150867e-01
6.152933e-01
6.155000e-01
6.157967e-01
6.160933e-01
6.163900e-01
6.166867e-01
6.169833e-01
6.172800e-01
6.175767e-01
6.178733e-01
6.181700e-01
6.184667e-01
6.187633e-01
6.190600e-01
6.193567e-01
6.196533e-01
6.199500e-01
6.202467e-01
6.205433e-01
6.208400e-01
6.211367e-01
6.214333e-01
6.217300e-01
6.220267e-01
6.223233e-01
6.226200e-01
6.229167e-01
6.232133e-01
6.235100e-01
6.238067e-01
6.241033e-01
6.244000e-01
6.246967e-01
6.249933e-01
6.252900e-01
6.255867e-01
6.258833e-01
6.261800e-01
6.264767e-01
6.267733e-01
6.270700e-01
6.273667e-01
6.276633e-01
6.279600e-01
6.282567e-01
6.285533e-01
6.288500e-01
6.291467e-01
6.294433e-01
6.297400e-01
6.300367e-01
6.303333e-01
6.324983e-01
6.346633e-01
6.368283e-01
6.389933e-01
6.411583e-01
6.433233e-01
6.454883e-01
6.476533e-01
6.498183e-01
6.519833e-01
6.541483e-01
6.563133e-01
6.584783e-01
6.606433e-01
6.628083e-01
6.649733e-01
6.671383e-01
6.693033e-01
6.714683e-01
6.736333e-01
6.757983e-01
6.779633e-01
6.801283e-01
6.822933e-01
6.844583e-01
6.866233e-01
6.887883e-01
6.909533e-01
6.931183e-01
6.952833e-01
6.974483e-01
6.996133e-01
7.017783e-01
7.039433e-01
7.061083e-01
7.082733e-01
7.104383e-01
7.126033e-01
7.147683e-01
7.169333e-01
7.190983e-01
7.212633e-01
7.234283e-01
7.255933e-01
7.277583e-01
7.299233e-01
7.320883e-01
7.342533e-01
7.364183e-01
7.385833e-01
7.407483e-01
7.429133e-01
7.450783e-01
7.472433e-01
7.494083e-01
7.515733e-01
7.537383e-01
7.559033e-01
7.580683e-01
7.602333e-01
7.623983e-01
7.645633e-01
7.667283e-01
7.688933e-01
7.710583e-01
7.732233e-01
7.753883e-01
7.775533e-01
7.797183e-01
7.818833e-01
7.840483e-01
7.862133e-01
7.883783e-01
7.905433e-01
7.927083e-01
7.948733e-01
7.970383e-01
7.992033e-01
8.013683e-01
8.035333e-01
8.056983e-01
8.078633e-01
8.100283e-01
8.121933e-01
8.143583e-01
8.165233e-01
8.186883e-01
8.208533e-01
8.230183e-01
8.251833e-01
8.273483e-01
8.295133e-01
8.316783e-01
8.338433e-01
8.360083e-01
8.381733e-01
8.403383e-01
8.425033e-01
8.446683e-01
8.468333e-01
8.478233e-01
8.488133e-01
8.498033e-01
8.507933e-01
8.517833e-01
8.527733e-01
8.537633e-01
8.547533e-01
8.557433e-01
8.567333e-01
8.577233e-01
8.587133e-01
8.597033e-01
8.606933e-01
8.616833e-01
8.626733e-01
8.636633e-01
8.646533e-01
8.656433e-01
8.666333e-01
8.676233e-01
8.686133e-01
8.696033e-01
8.705933e-01
8.715833e-01
8.725733e-01
8.735633e-01
8.745533e-01
8.755433e-01
8.765333e-01
8.775233e-01
8.785133e-01
8.795033e-01
8.804933e-01
8.814833e-01
8.824733e-01
8.834633e-01
8.844533e-01
8.854433e-01
8.864333e-01
8.874233e-01
8.884133e-01
8.894033e-01
8.903933e-01
8.913833e-01
8.923733e-01
8.933633e-01
8.943533e-01
8.953433e-01
8.963333e-01
8.973233e-01
8.983133e-01
8.993033e-01
9.002933e-01
9.012833e-01
9.022733e-01
9.032633e-01
9.042533e-01
9.052433e-01
9.062333e-01
9.072233e-01
9.082133e-01
9.092033e-01
9.101933e-01
9.111833e-01
9.121733e-01
9.131633e-01
9.141533e-01
9.151433e-01
9.161333e-01
9.171233e-01
9.181133e-01
9.191033e-01
9.200933e-01
9.210833e-01
9.220733e-01
9.230633e-01
9.240533e-01
9.250433e-01
9.260333e-01
9.270233e-01
9.280133e-01
9.290033e-01
9.299933e-01
9.309833e-01
9.319733e-01
9.329633e-01
9.339533e-01
9.349433e-01
9.359333e-01
9.369233e-01
9.379133e-01
9.389033e-01
9.398933e-01
9.408833e-01
9.418733e-01
9.428633e-01
9.438533e-01
9.448433e-01
9.458333e-01
9.465575e-01
9.472817e-01
9.480058e-01
9.487300e-01
9.494542e-01
9.501783e-01
9.509025e-01
9.516267e-01
9.523508e-01
9.530750e-01
9.537992e-01
9.545233e-01
9.552475e-01
9.559717e-01
9.566958e-01
9.574200e-01
9.581442e-01
9.588683e-01
9.595925e-01
9.603167e-01
9.610408e-01
9.617650e-01
9.624892e-01
9.632133e-01
9.639375e-01
9.646617e-01
9.653858e-01
9.661100e-01
9.668342e-01
9.675583e-01
9.682825e-01
9.690067e-01
9.697308e-01
9.704550e-01
9.711792e-01
9.719033e-01
9.726275e-01
9.733517e-01
9.740758e-01
9.748000e-01
9.755242e-01
9.762483e-01
9.769725e-01
9.776967e-01
9.784208e-01
9.791450e-01
9.798692e-01
9.805933e-01
9.813175e-01
9.820417e-01
9.827658e-01
9.834900e-01
9.842142e-01
9.849383e-01
9.856625e-01
9.863867e-01
9.871108e-01
9.878350e-01
9.885592e-01
9.892833e-01
9.900075e-01
9.907317e-01
9.914558e-01
9.921800e-01
9.929042e-01
9.936283e-01
9.943525e-01
9.950767e-01
9.958008e-01
9.965250e-01
9.972492e-01
9.979733e-01
9.986975e-01
9.994217e-01
1.000146e+00
1.000870e+00
1.001594e+00
1.002318e+00
1.003043e+00
1.003767e+00
1.004491e+00
1.005215e+00
1.005939e+00
1.006663e+00
1.007388e+00
1.008112e+00
1.008836e+00
1.009560e+00
1.010284e+00
1.011008e+00
1.011732e+00
1.012457e+00
1.013181e+00
1.013905e+00
1.014629e+00
1.015353e+00
1.016077e+00
1.016802e+00
1.017526e+00
1.018250e+00
1.018974e+00
1.019698e+00
1.020423e+00
1.021147e+00
1.021871e+00
1.022595e+00
1.023319e+00
1.024043e+00
1.024768e+00
1.025492e+00
1.026216e+00
1.026940e+00
1.027664e+00
1.028388e+00
1.029113e+00
1.029837e+00
1.030561e+00
1.031285e+00
1.032009e+00
1.032733e+00
1.033457e+00
1.034182e+00
1.034906e+00
1.035630e+00
1.036354e+00
1.037078e+00
1.037802e+00
1.038527e+00
1.039251e+00
1.039975e+00
1.040699e+00
1.041423e+00
1.042148e+00
1.042872e+00
1.043596e+00
1.044320e+00
1.045044e+00
1.045768e+00
1.046493e+00
1.047217e+00
1.047941e+00
1.048665e+00
1.049389e+00
1.050113e+00
1.050837e+00
1.051562e+00
1.052286e+00
1.053010e+00
1.053734e+00
1.054458e+00
1.055183e+00
1.055907e+00
1.056631e+00
1.057355e+00
1.058079e+00
1.058803e+00
1.059527e+00
1.060252e+00
1.060976e+00
1.061700e+00
1.062424e+00
1.063148e+00
1.063872e+00
1.064597e+00
1.065321e+00
1.066045e+00
1.066769e+00
1.067493e+00
1.068218e+00
1.068942e+00
1.069666e+00
1.070390e+00
1.071114e+00
1.071838e+00
1.072563e+00
1.073287e+00
1.074011e+00
1.074735e+00
1.075459e+00
1.076183e+00
1.076907e+00
1.077632e+00
1.078356e+00
1.079080e+00
1.079804e+00
1.080528e+00
1.081252e+00
1.081977e+00
1.082701e+00
1.083425e+00
1.084149e+00
1.084873e+00
1.085597e+00
1.086322e+00
1.087046e+00
1.087770e+00
1.088494e+00
1.089218e+00
1.089943e+00
1.090667e+00
1.091518e+00
1.092370e+00
1.093222e+00
1.094073e+00
1.094925e+00
1.095777e+00
1.096628e+00
1.097480e+00
1.098332e+00
1.099183e+00
1.100035e+00
1.100887e+00
1.101738e+00
1.102590e+00
1.103442e+00
1.104293e+00
1.105145e+00
1.105997e+00
1.106848e+00
1.107700e+00
1.108552e+00
1.109403e+00
1.110255e+00
1.111107e+00
1.111958e+00
1.112810e+00
1.113662e+00
1.114513e+00
1.115365e+00
1.116217e+00
1.117068e+00
1.117920e+00
1.118772e+00
1.119623e+00
1.120475e+00
1.121327e+00
1.122178e+00
1.123030e+00
1.123882e+00
1.124733e+00
1.125585e+00
1.126437e+00
1.127288e+00
1.128140e+00
1.128992e+00
1.129843e+00
1.130695e+00
1.131547e+00
1.132398e+00
1.133250e+00
1.134102e+00
1.134953e+00
1.135805e+00
1.136657e+00
1.137508e+00
1.138360e+00
1.139212e+00
1.140063e+00
1.140915e+00
1.141767e+00
1.142618e+00
1.143470e+00
1.144322e+00
1.145173e+00
1.146025e+00
1.146877e+00
1.147728e+00
1.148580e+00
1.149432e+00
1.150283e+00
1.151135e+00
1.151987e+00
1.152838e+00
1.153690e+00
1.154542e+00
1.155393e+00
1.156245e+00
1.157097e+00
1.157948e+00
1.158800e+00
1.159652e+00
1.160503e+00
1.161355e+00
1.162207e+00
1.163058e+00
1.163910e+00
1.164762e+00
1.165613e+00
1.166465e+00
1.167317e+00
1.168168e+00
1.169020e+00
1.169872e+00
1.170723e+00
1.171575e+00
1.172427e+00
1.173278e+00
1.174130e+00
1.174982e+00
1.175833e+00
1.192825e+00
1.209817e+00
1.226810e+00
1.243802e+00
1.260794e+00
1.277786e+00
1.294779e+00
1.311771e+00
1.328763e+00
1.345755e+00
1.362747e+00
1.379740e+00
1.396732e+00
1.413724e+00
1.430716e+00
1.447709e+00
1.464701e+00
1.481693e+00
1.498685e+00
1.515677e+00
1.532670e+00
1.549662e+00
1.566654e+00
1.583646e+00
1.600639e+00
1.617631e+00
1.634623e+00
1.651615e+00
1.668607e+00
1.685600e+00
1.702592e+00
1.719584e+00
1.736576e+00
1.753569e+00
1.770561e+00
1.787553e+00
1.804545e+00
1.821537e+00
1.838530e+00
1.855522e+00
1.872514e+00
1.889506e+00
1.906499e+00
1.923491e+00
1.940483e+00
1.957475e+00
1.974467e+00
1.991460e+00
2.008452e+00
2.025444e+00
2.042436e+00
2.059428e+00
2.076421e+00
2.093413e+00
2.110405e+00
2.127397e+00
2.144390e+00
2.161382e+00
2.178374e+00
2.195366e+00
2.212358e+00
2.229351e+00
2.246343e+00
2.263335e+00
2.280327e+00
2.297320e+00
2.314312e+00
2.331304e+00
2.348296e+00
2.365288e+00
2.382281e+00
2.399273e+00
2.416265e+00
2.433257e+00
2.450250e+00
2.467242e+00
2.484234e+00
2.501226e+00
2.518218e+00
2.535211e+00
2.552203e+00
2.569195e+00
2.586187e+00
2.603180e+00
2.620172e+00
2.637164e+00
2.654156e+00
2.671148e+00
2.688141e+00
2.705133e+00
2.722125e+00
2.739117e+00
2.756110e+00
2.773102e+00
2.790094e+00
2.807086e+00
2.824078e+00
2.841071e+00
2.858063e+00
2.875055e+00
2.892047e+00
2.909040e+00
2.926032e+00
2.943024e+00
2.960016e+00
2.977008e+00
2.994001e+00
3.010993e+00
3.027985e+00
3.044977e+00
3.061970e+00
3.078962e+00
3.095954e+00
3.112946e+00
3.129938e+00
3.146931e+00
3.163923e+00
3.180915e+00
3.197907e+00
3.214900e+00
3.231892e+00
3.248884e+00
3.265876e+00
3.282868e+00
3.299861e+00
3.316853e+00
3.333845e+00
3.350837e+00
3.367830e+00
3.384822e+00
3.401814e+00
3.418806e+00
3.435798e+00
3.452791e+00
3.469783e+00
3.486775e+00
3.503767e+00
3.520760e+00
3.537752e+00
3.554744e+00
3.571736e+00
3.588728e+00
3.605721e+00
3.622713e+00
3.639705e+00
3.656697e+00
3.673690e+00
3.690682e+00
3.707674e+00
3.724666e+00
3.741658e+00
3.758651e+00
3.775643e+00
3.792635e+00
3.809627e+00
3.826619e+00
3.843612e+00
3.860604e+00
3.877596e+00
3.894588e+00
3.911581e+00
3.928573e+00
3.945565e+00
3.962557e+00
3.979549e+00
3.996542e+00
4.013534e+00
4.030526e+00
4.047518e+00
4.064511e+00
4.081503e+00
4.098495e+00
4.115487e+00
4.132479e+00
4.149472e+00
4.166464e+00
4.183456e+00
4.200448e+00
4.217441e+00
4.234433e+00
4.251425e+00
4.268417e+00
4.285409e+00
4.302402e+00
4.319394e+00
4.336386e+00
4.353378e+00
4.370371e+00
4.387363e+00
4.404355e+00
4.421347e+00
4.438339e+00
4.455332e+00
4.472324e+00
4.489316e+00
4.506308e+00
4.523301e+00
4.540293e+00
4.557285e+00
4.574277e+00
4.591269e+00
4.608262e+00
4.625254e+00
4.642246e+00
4.659238e+00
4.676231e+00
4.693223e+00
4.710215e+00
4.727207e+00
4.744199e+00
4.761192e+00
4.778184e+00
4.795176e+00
4.812168e+00
4.829161e+00
4.846153e+00
4.863145e+00
4.880137e+00
4.897129e+00
4.914122e+00
4.931114e+00
4.948106e+00
4.965098e+00
4.982091e+00
4.999083e+00
5.016075e+00
5.033067e+00
5.050059e+00
5.067052e+00
5.084044e+00
5.101036e+00
5.118028e+00
5.135021e+00
5.152013e+00
5.169005e+00
5.185997e+00
5.202989e+00
5.219982e+00
5.236974e+00
5.253966e+00
5.270958e+00
5.287951e+00
5.304943e+00
5.321935e+00
5.338927e+00
5.355919e+00
5.372912e+00
5.389904e+00
5.406896e+00
5.423888e+00
5.440881e+00
5.457873e+00
5.474865e+00
5.491857e+00
5.508849e+00
5.525842e+00
5.542834e+00
5.559826e+00
5.576818e+00
5.593810e+00
5.610803e+00
5.627795e+00
5.644787e+00
5.661779e+00
5.678772e+00
5.695764e+00
5.712756e+00
5.729748e+00
5.746740e+00
5.763733e+00
5.780725e+00
5.797717e+00
5.814709e+00
5.831702e+00
5.848694e+00
5.865686e+00
5.882678e+00
5.899670e+00
5.916663e+00
5.933655e+00
5.950647e+00
5.967639e+00
5.984632e+00
6.001624e+00
6.018616e+00
6.035608e+00
6.052600e+00
6.069593e+00
6.086585e+00
6.103577e+00
6.120569e+00
6.137562e+00
6.154554e+00
6.171546e+00
6.188538e+00
6.205530e+00
6.222523e+00
6.239515e+00
6.256507e+00
6.273499e+00
6.290492e+00
6.307484e+00
6.324476e+00
6.341468e+00
6.358460e+00
6.375453e+00
6.392445e+00
6.409437e+00
6.426429e+00
6.443422e+00
6.460414e+00
6.477406e+00
6.494398e+00
6.511390e+00
6.528383e+00
6.545375e+00
6.562367e+00
6.579359e+00
6.596352e+00
6.613344e+00
6.630336e+00
6.647328e+00
6.664320e+00
6.681313e+00
6.698305e+00
6.715297e+00
6.732289e+00
6.749282e+00
6.766274e+00
6.783266e+00
6.800258e+00
6.817250e+00
6.834243e+00
6.851235e+00
6.868227e+00
6.885219e+00
6.902212e+00
6.919204e+00
6.936196e+00
6.953188e+00
6.970180e+00
6.987173e+00
7.004165e+00
7.021157e+00
7.038149e+00
7.055142e+00
7.072134e+00
7.089126e+00
7.106118e+00
7.123110e+00
7.140103e+00
7.157095e+00
7.174087e+00
7.191079e+00
7.208072e+00
7.225064e+00
7.242056e+00
7.259048e+00
7.276040e+00
7.293033e+00
7.310025e+00
7.327017e+00
7.344009e+00
7.361001e+00
7.377994e+00
7.394986e+00
7.411978e+00
7.428970e+00
7.445963e+00
7.462955e+00
7.479947e+00
7.496939e+00
7.513931e+00
7.530924e+00
7.547916e+00
7.564908e+00
7.581900e+00
7.598893e+00
7.615885e+00
7.632877e+00
7.649869e+00
7.666861e+00
7.683854e+00
7.700846e+00
7.717838e+00
7.734830e+00
7.751823e+00
7.768815e+00
7.785807e+00
7.802799e+00
7.819791e+00
7.836784e+00
7.853776e+00
7.870768e+00
7.887760e+00
7.904753e+00
7.921745e+00
7.938737e+00
7.955729e+00
7.972721e+00
7.989714e+00
8.006706e+00
8.023698e+00
8.040690e+00
8.057683e+00
8.074675e+00
8.091667e+00
8.099152e+00
8.106638e+00
8.114123e+00
8.121609e+00
8.129094e+00
8.136580e+00
8.144066e+00
8.151551e+00
8.159037e+00
8.166522e+00
8.174008e+00
8.181493e+00
8.188979e+00
8.196464e+00
8.203950e+00
8.211436e+00
8.218921e+00
8.226407e+00
8.233892e+00
8.241378e+00
8.248863e+00
8.256349e+00
8.263834e+00
8.271320e+00
8.278806e+00
8.286291e+00
8.293777e+00
8.301262e+00
8.308748e+00
8.316233e+00
8.323719e+00
8.331204e+00
8.338690e+00
8.346176e+00
8.353661e+00
8.361147e+00
8.368632e+00
8.376118e+00
8.383603e+00
8.391089e+00
8.398574e+00
8.406060e+00
8.413546e+00
8.421031e+00
8.428517e+00
8.436002e+00
8.443488e+00
8.450973e+00
8.458459e+00
8.465944e+00
8.473430e+00
8.480916e+00
8.488401e+00
8.495887e+00
8.503372e+00
8.510858e+00
8.518343e+00
8.525829e+00
8.533314e+00
8.540800e+00
8.548286e+00
8.555771e+00
8.563257e+00
8.570742e+00
8.578228e+00
8.585713e+00
8.593199e+00
8.600684e+00
8.608170e+00
8.615656e+00
8.623141e+00
8.630627e+00
8.638112e+00
8.645598e+00
8.653083e+00
8.660569e+00
8.668054e+00
8.675540e+00
8.683026e+00
8.690511e+00
8.697997e+00
8.705482e+00
8.712968e+00
8.720453e+00
8.727939e+00
8.735424e+00
8.742910e+00
8.750396e+00
8.757881e+00
8.765367e+00
8.772852e+00
8.780338e+00
8.787823e+00
8.795309e+00
8.802794e+00
8.810280e+00
8.817766e+00
8.825251e+00
8.832737e+00
8.840222e+00
8.847360e+00
8.854499e+00
8.861637e+00
8.868775e+00
8.875913e+00
8.883051e+00
8.890190e+00
8.897328e+00
8.904466e+00
8.911604e+00
8.918742e+00
8.925881e+00
8.933019e+00
8.940157e+00
8.947295e+00
8.954433e+00
8.961572e+00
8.968710e+00
8.975848e+00
8.982986e+00
8.990124e+00
8.997263e+00
9.004401e+00
9.011539e+00
9.018677e+00
9.025815e+00
9.032954e+00
9.040092e+00
9.047230e+00
9.054368e+00
9.061506e+00
9.068645e+00
9.075783e+00
9.082921e+00
9.090059e+00
9.097197e+00
9.104336e+00
9.111474e+00
9.118612e+00
9.125750e+00
9.132888e+00
9.140027e+00
9.147165e+00
9.154303e+00
9.161441e+00
9.168579e+00
9.175718e+00
9.182856e+00
9.189994e+00
9.197132e+00
9.204270e+00
9.211409e+00
9.218547e+00
9.225685e+00
9.232823e+00
9.239961e+00
9.247099e+00
9.254238e+00
9.261376e+00
9.268514e+00
9.275652e+00
9.282790e+00
9.289929e+00
9.297067e+00
9.304205e+00
9.311343e+00
9.318481e+00
9.325620e+00
9.332758e+00
9.339896e+00
9.347034e+00
9.354172e+00
9.361311e+00
9.368449e+00
9.375587e+00
9.382725e+00
9.389863e+00
9.397002e+00
9.404140e+00
9.411278e+00
9.418416e+00
9.425554e+00
9.432693e+00
9.439831e+00
9.446969e+00
9.454107e+00
9.461245e+00
9.468384e+00
9.475522e+00
9.482660e+00
9.489798e+00
9.496936e+00
9.504075e+00
9.511213e+00
9.518351e+00
9.525489e+00
9.532627e+00
9.539766e+00
9.546904e+00
9.554042e+00
9.561180e+00
9.568318e+00
9.575457e+00
9.582595e+00
9.589733e+00
9.596871e+00
9.604009e+00
9.611148e+00
9.618286e+00
9.625424e+00
9.632562e+00
9.639700e+00
9.646839e+00
9.653977e+00
9.661115e+00
9.668253e+00
9.675391e+00
9.682530e+00
9.689668e+00
9.696806e+00
9.703944e+00
9.711082e+00
9.718221e+00
9.725359e+00
9.732497e+00
9.739635e+00
9.746773e+00
9.753911e+00
9.761050e+00
9.768188e+00
9.775326e+00
9.782464e+00
9.789603e+00
9.796741e+00
9.803879e+00
9.811017e+00
9.818155e+00
9.825294e+00
9.832432e+00
9.839570e+00
9.846708e+00
9.853846e+00
9.860985e+00
9.868123e+00
9.875261e+00
9.882399e+00
9.889537e+00
9.896675e+00
9.903814e+00
9.910952e+00
9.918090e+00
9.925228e+00
9.932367e+00
9.939505e+00
9.946643e+00
9.953781e+00
9.960919e+00
9.968058e+00
9.975196e+00
9.982334e+00
9.989472e+00
9.996610e+00
1.000375e+01
1.001089e+01
1.001802e+01
1.002516e+01
1.003230e+01
1.003944e+01
1.004658e+01
1.005372e+01
1.006085e+01
1.006799e+01
1.007513e+01
1.008227e+01
1.008941e+01
1.009654e+01
1.010368e+01
1.011082e+01
1.011796e+01
1.012510e+01
1.013224e+01
1.013937e+01
1.014651e+01
1.015365e+01
1.016079e+01
1.016793e+01
1.017507e+01
1.018220e+01
1.018934e+01
1.019648e+01
1.020362e+01
1.021076e+01
1.021789e+01
1.022503e+01
1.023217e+01
1.023931e+01
1.024645e+01
1.025359e+01
1.026072e+01
1.026786e+01
1.027500e+01
1.028240e+01
1.028980e+01
1.029720e+01
1.030460e+01
1.031200e+01
1.031940e+01
1.032680e+01
1.033420e+01
1.034160e+01
1.034900e+01
1.035640e+01
1.036379e+01
1.037119e+01
1.037859e+01
1.038599e+01
1.039339e+01
1.040079e+01
1.040819e+01
1.041559e+01
1.042299e+01
1.043039e+01
1.043779e+01
1.044519e+01
1.045259e+01
1.045999e+01
1.046739e+01
1.047479e+01
1.048219e+01
1.048959e+01
1.049699e+01
1.050439e+01
1.051179e+01
1.051919e+01
1.052658e+01
1.053398e+01
1.054138e+01
1.054878e+01
1.055618e+01
1.056358e+01
1.057098e+01
1.057838e+01
1.058578e+01
1.059318e+01
1.060058e+01
1.060798e+01
1.061538e+01
1.062278e+01
1.063018e+01
1.063758e+01
1.064498e+01
1.065238e+01
1.065978e+01
1.066718e+01
1.067458e+01
1.068198e+01
1.068938e+01
1.069677e+01
1.070417e+01
1.071157e+01
1.071897e+01
1.072637e+01
1.073377e+01
1.074117e+01
1.074857e+01
1.075597e+01
1.076337e+01
1.077077e+01
1.077817e+01
1.078557e+01
1.079297e+01
1.080037e+01
1.080777e+01
1.081517e+01
1.082257e+01
1.082997e+01
1.083737e+01
1.084477e+01
1.085217e+01
1.085957e+01
1.086696e+01
1.087436e+01
1.088176e+01
1.088916e+01
1.089656e+01
1.090396e+01
1.091136e+01
1.091876e+01
1.092616e+01
1.093356e+01
1.094096e+01
1.094836e+01
1.095576e+01
1.096316e+01
1.097056e+01
1.097796e+01
1.098536e+01
1.099276e+01
1.100016e+01
1.100756e+01
1.101496e+01
1.102236e+01
1.102976e+01
1.103715e+01
1.104455e+01
1.105195e+01
1.105935e+01
1.106675e+01
1.107415e+01
1.108155e+01
1.108895e+01
1.109635e+01
1.110375e+01
1.111115e+01
1.111855e+01
1.112595e+01
1.113335e+01
1.114075e+01
1.114815e+01
1.115555e+01
1.116295e+01
1.117035e+01
1.117775e+01
1.118515e+01
1.119255e+01
1.119994e+01
1.120734e+01
1.121474e+01
1.122214e+01
1.122954e+01
1.123694e+01
1.124434e+01
1.125174e+01
1.125914e+01
1.126654e+01
1.127394e+01
1.128134e+01
1.128874e+01
1.129614e+01
1.130354e+01
1.131094e+01
1.131834e+01
1.132574e+01
1.133314e+01
1.134054e+01
1.134794e+01
1.135534e+01
1.136274e+01
1.137013e+01
1.137753e+01
1.138493e+01
1.139233e+01
1.139973e+01
1.140713e+01
1.141453e+01
1.142193e+01
1.142933e+01
1.143673e+01
1.144413e+01
1.145153e+01
1.145893e+01
1.146633e+01
1.147373e+01
1.148113e+01
1.148853e+01
1.149593e+01
1.150333e+01
1.151073e+01
1.151813e+01
1.152553e+01
1.153292e+01
1.154032e+01
1.154772e+01
1.155512e+01
1.156252e+01
1.156992e+01
1.157732e+01
1.158472e+01
1.159212e+01
1.159952e+01
1.160692e+01
1.161432e+01
1.162172e+01
1.162912e+01
1.163652e+01
1.164392e+01
1.165132e+01
1.165872e+01
1.166612e+01
1.167352e+01
1.168092e+01
1.168832e+01
1.169572e+01
1.170311e+01
1.171051e+01
1.171791e+01
1.172531e+01
1.173271e+01
1.174011e+01
1.174751e+01
1.175491e+01
1.176231e+01
1.176971e+01
1.177711e+01
1.178451e+01
1.179191e+01
1.179931e+01
1.180671e+01
1.181411e+01
1.182151e+01
1.182891e+01
1.183631e+01
1.184371e+01
1.185111e+01
1.185851e+01
1.186591e+01
1.187330e+01
1.188070e+01
1.188810e+01
1.189550e+01
1.190290e+01
1.191030e+01
1.191770e+01
1.192510e+01
1.193250e+01
1.193990e+01
1.194730e+01
1.195470e+01
1.196210e+01
1.196950e+01
1.197690e+01
1.198430e+01
1.199170e+01
1.199910e+01
1.200650e+01
1.201390e+01
1.202130e+01
1.202870e+01
1.203609e+01
1.204349e+01
1.205089e+01
1.205829e+01
1.206569e+01
1.207309e+01
1.208049e+01
1.208789e+01
1.209529e+01
1.210269e+01
1.211009e+01
1.211749e+01
1.212489e+01
1.213229e+01
1.213969e+01
1.214709e+01
1.215449e+01
1.216189e+01
1.216929e+01
1.217669e+01
1.218409e+01
1.219149e+01
1.219889e+01
1.220628e+01
1.221368e+01
1.222108e+01
1.222848e+01
1.223588e+01
1.224328e+01
1.225068e+01
1.225808e+01
1.226548e+01
1.227288e+01
1.228028e+01
1.228768e+01
1.229508e+01
1.230248e+01
1.230988e+01
1.231728e+01
1.232468e+01
1.233208e+01
1.233948e+01
1.234688e+01
1.235428e+01
1.236168e+01
1.236908e+01
1.237647e+01
1.238387e+01
1.239127e+01
1.239867e+01
1.240607e+01
1.241347e+01
1.242087e+01
1.242827e+01
1.243567e+01
1.244307e+01
1.245047e+01
1.245787e+01
1.246527e+01
1.247267e+01
1.248007e+01
1.248747e+01
1.249487e+01
1.250227e+01
1.250967e+01
1.251728e+01
1.252490e+01
1.253252e+01
1.254014e+01
1.254776e+01
1.255537e+01
1.256299e+01
1.257061e+01
1.257823e+01
1.258585e+01
1.259346e+01
1.260108e+01
1.260870e+01
1.261632e+01
1.262394e+01
1.263155e+01
1.263917e+01
1.264679e+01
1.265441e+01
1.266203e+01
1.266965e+01
1.267726e+01
1.268488e+01
1.269250e+01
1.270012e+01
1.270774e+01
1.271535e+01
1.272297e+01
1.273059e+01
1.273821e+01
1.274583e+01
1.275344e+01
1.276106e+01
1.276868e+01
1.277630e+01
1.278392e+01
1.279153e+01
1.279915e+01
1.280677e+01
1.281439e+01
1.282201e+01
1.282962e+01
1.283724e+01
1.284486e+01
1.285248e+01
1.286010e+01
1.286771e+01
1.287533e+01
1.288295e+01
1.289057e+01
1.289819e+01
1.290580e+01
1.291342e+01
1.292104e+01
1.292866e+01
1.293628e+01
1.294389e+01
1.295151e+01
1.295913e+01
1.296675e+01
1.297437e+01
1.298198e+01
1.298960e+01
1.299722e+01
1.300484e+01
1.301246e+01
1.302007e+01
1.302769e+01
1.303531e+01
1.304293e+01
1.305055e+01
1.305816e+01
1.306578e+01
1.307340e+01
1.308102e+01
1.308864e+01
1.309625e+01
1.310387e+01
1.311149e+01
1.311911e+01
1.312673e+01
1.313434e+01
1.314196e+01
1.314958e+01
1.315720e+01
1.316482e+01
1.317243e+01
1.318005e+01
1.318767e+01
1.319529e+01
1.320291e+01
1.321052e+01
1.321814e+01
1.322576e+01
1.323338e+01
1.324100e+01
1.324861e+01
1.325623e+01
1.326385e+01
1.327147e+01
1.327909e+01
1.328670e+01
1.329432e+01
1.330194e+01
1.330956e+01
1.331718e+01
1.332480e+01
1.333241e+01
1.334003e+01
1.334765e+01
1.335527e+01
1.336289e+01
1.337050e+01
1.337812e+01
1.338574e+01
1.339336e+01
1.340098e+01
1.340859e+01
1.341621e+01
1.342383e+01
1.343145e+01
1.343907e+01
1.344668e+01
1.345430e+01
1.346192e+01
1.346954e+01
1.347716e+01
1.348477e+01
1.349239e+01
1.350001e+01
1.350763e+01
1.351525e+01
1.352286e+01
1.353048e+01
1.353810e+01
1.354572e+01
1.355334e+01
1.356095e+01
1.356857e+01
1.357619e+01
1.358381e+01
1.359143e+01
1.359904e+01
1.360666e+01
1.361428e+01
1.362190e+01
1.362952e+01
1.363713e+01
1.364475e+01
1.365237e+01
1.365999e+01
1.366761e+01
1.367522e+01
1.368284e+01
1.369046e+01
1.369808e+01
1.370570e+01
1.371331e+01
1.372093e+01
1.372855e+01
1.373617e+01
1.374379e+01
1.375140e+01
1.375902e+01
1.376664e+01
1.377426e+01
1.378188e+01
1.378949e+01
1.379711e+01
1.380473e+01
1.381235e+01
1.381997e+01
1.382758e+01
1.383520e+01
1.384282e+01
1.385044e+01
1.385806e+01
1.386567e+01
1.387329e+01
1.388091e+01
1.388853e+01
1.389615e+01
1.390376e+01
1.391138e+01
1.391900e+01
1.392662e+01
1.393424e+01
1.394185e+01
1.394947e+01
1.395709e+01
1.396471e+01
1.397233e+01
1.397994e+01
1.398756e+01
1.399518e+01
1.400280e+01
1.401042e+01
1.401803e+01
1.402565e+01
1.403327e+01
1.404089e+01
1.404856e+01
1.405623e+01
1.406390e+01
1.407157e+01
1.407924e+01
1.408691e+01
1.409457e+01
1.410224e+01
1.410991e+01
1.411758e+01
1.412525e+01
1.413292e+01
1.414059e+01
1.414826e+01
1.415593e+01
1.416360e+01
1.417127e+01
1.417894e+01
1.418661e+01
1.419428e+01
1.420195e+01
1.420962e+01
1.421729e+01
1.422496e+01
1.423262e+01
1.424029e+01
1.424796e+01
1.425563e+01
1.426330e+01
1.427097e+01
1.427864e+01
1.428631e+01
1.429398e+01
1.430165e+01
1.430932e+01
1.431699e+01
1.432466e+01
1.433233e+01
1.434000e+01
1.434767e+01
1.435534e+01
1.436301e+01
1.437067e+01
1.437834e+01
1.438601e+01
1.439368e+01
1.440135e+01
1.440902e+01
1.441669e+01
1.442436e+01
1.443203e+01
1.443970e+01
1.444737e+01
1.445504e+01
1.446271e+01
1.447038e+01
1.447805e+01
1.448572e+01
1.449339e+01
1.450105e+01
1.450872e+01
1.451639e+01
1.452406e+01
1.453173e+01
1.453940e+01
1.454707e+01
1.455474e+01
1.456241e+01
1.457008e+01
1.457775e+01
1.458542e+01
1.459309e+01
1.460076e+01
1.460843e+01
1.461610e+01
1.462377e+01
1.463144e+01
1.463910e+01
1.464677e+01
1.465444e+01
1.466211e+01
1.466978e+01
1.467745e+01
1.468512e+01
1.469279e+01
1.470046e+01
1.470813e+01
1.471580e+01
1.472347e+01
1.473114e+01
1.473881e+01
1.474648e+01
1.475415e+01
1.476182e+01
1.476948e+01
1.477715e+01
1.478482e+01
1.479249e+01
1.480016e+01
1.480783e+01
1.481550e+01
1.482317e+01
1.483084e+01
1.483851e+01
1.484618e+01
1.485385e+01
1.486152e+01
1.486919e+01
1.487686e+01
1.488453e+01
1.489220e+01
1.489987e+01
1.490753e+01
1.491520e+01
1.492287e+01
1.493054e+01
1.493821e+01
1.494588e+01
1.495355e+01
1.496122e+01
1.496889e+01
1.497656e+01
1.498423e+01
1.499190e+01
1.499957e+01
1.500724e+01
1.501491e+01
1.502258e+01
1.503025e+01
1.503791e+01
1.504558e+01
1.505325e+01
1.506092e+01
1.506859e+01
1.507626e+01
1.508393e+01
1.509160e+01
1.509927e+01
1.510694e+01
1.511461e+01
1.512228e+01
1.512995e+01
1.513762e+01
1.514529e+01
1.515296e+01
1.516063e+01
1.516830e+01
1.517596e+01
1.518363e+01
1.519130e+01
1.519897e+01
1.520664e+01
1.521431e+01
1.522198e+01
1.522965e+01
1.523732e+01
1.524499e+01
1.525266e+01
1.526033e+01
1.526800e+01
1.527567e+01
1.528334e+01
1.529101e+01
1.529868e+01
1.530634e+01
1.531401e+01
1.532168e+01
1.532935e+01
1.533702e+01
1.534469e+01
1.535236e+01
1.536003e+01
1.536770e+01
1.537537e+01
1.538304e+01
1.539071e+01
1.539838e+01
1.540605e+01
1.541372e+01
1.542139e+01
1.542906e+01
1.543673e+01
1.544439e+01
1.545206e+01
1.545973e+01
1.546740e+01
1.547507e+01
1.548274e+01
1.549041e+01
1.549808e+01
1.550575e+01
1.551342e+01
1.552109e+01
1.552876e+01
1.553643e+01
1.554410e+01
1.555177e+01
1.555944e+01
1.556711e+01
1.557477e+01
1.558244e+01
1.559027e+01
1.559809e+01
1.560591e+01
1.561373e+01
1.562155e+01
1.562937e+01
1.563720e+01
1.564502e+01
1.565284e+01
1.566066e+01
1.566848e+01
1.567630e+01
1.568412e+01
1.569195e+01
1.569977e+01
1.570759e+01
1.571541e+01
1.572323e+01
1.573105e+01
1.573888e+01
1.574670e+01
1.575452e+01
1.576234e+01
1.577016e+01
1.577798e+01
1.578581e+01
1.579363e+01
1.580145e+01
1.580927e+01
1.581709e+01
1.582491e+01
1.583273e+01
1.584056e+01
1.584838e+01
1.585620e+01
1.586402e+01
1.587184e+01
1.587966e+01
1.588749e+01
1.589531e+01
1.590313e+01
1.591095e+01
1.591877e+01
1.592659e+01
1.593441e+01
1.594224e+01
1.595006e+01
1.595788e+01
1.596570e+01
1.597352e+01
1.598134e+01
1.598917e+01
1.599699e+01
1.600481e+01
1.601263e+01
1.602045e+01
1.602827e+01
1.603609e+01
1.604392e+01
1.605174e+01
1.605956e+01
1.606738e+01
1.607520e+01
1.608302e+01
1.609085e+01
1.609867e+01
1.610649e+01
1.611431e+01
1.612213e+01
1.612995e+01
1.613778e+01
1.614560e+01
1.615342e+01
1.616124e+01
1.616906e+01
1.617688e+01
1.618470e+01
1.619253e+01
1.620035e+01
1.620817e+01
1.621599e+01
1.622381e+01
1.623163e+01
1.623946e+01
1.624728e+01
1.625510e+01
1.626292e+01
1.627074e+01
1.627856e+01
1.628638e+01
1.629421e+01
1.630203e+01
1.630985e+01
1.631767e+01
1.632549e+01
1.633331e+01
1.634114e+01
1.634896e+01
1.635678e+01
1.636460e+01
1.637242e+01
1.638024e+01
1.638807e+01
1.639589e+01
1.640371e+01
1.641153e+01
1.641935e+01
1.642717e+01
1.643499e+01
1.644282e+01
1.645064e+01
1.645846e+01
1.646628e+01
1.647410e+01
1.648192e+01
1.648975e+01
1.649757e+01
1.650539e+01
1.651321e+01
1.652103e+01
1.652885e+01
1.653667e+01
1.654450e+01
1.655232e+01
1.656014e+01
1.656796e+01
1.657578e+01
1.658360e+01
1.659143e+01
1.659925e+01
1.660707e+01
1.661489e+01
1.662271e+01
1.663053e+01
1.663836e+01
1.664618e+01
1.665400e+01
1.666182e+01
1.666964e+01
1.667746e+01
1.668528e+01
1.669311e+01
1.670093e+01
1.670875e+01
1.671657e+01
1.672439e+01
1.673221e+01
1.674004e+01
1.674786e+01
1.675568e+01
1.676350e+01
1.677132e+01
1.677914e+01
1.678696e+01
1.679479e+01
1.680261e+01
1.681043e+01
1.681825e+01
1.682607e+01
1.683389e+01
1.684172e+01
1.684954e+01
1.685736e+01
1.686518e+01
1.687300e+01
1.688082e+01
1.688864e+01
1.689647e+01
1.690429e+01
1.691211e+01
1.691993e+01
1.692775e+01
1.693557e+01
1.694340e+01
1.695122e+01
1.695904e+01
1.696686e+01
1.697468e+01
1.698250e+01
1.699033e+01
1.699815e+01
1.700597e+01
1.701379e+01
1.702161e+01
1.702943e+01
1.703725e+01
1.704508e+01
1.705290e+01
1.706072e+01
1.706854e+01
1.707636e+01
1.708418e+01
1.709201e+01
1.709983e+01
1.710765e+01
1.711547e+01
1.712329e+01
1.713111e+01
1.713893e+01
1.714676e+01
1.715458e+01
1.716240e+01
1.717022e+01
1.717804e+01
1.718586e+01
1.719369e+01
1.720151e+01
1.720933e+01
1.721715e+01
1.722497e+01
1.723279e+01
1.724062e+01
1.724844e+01
1.725626e+01
1.726408e+01
1.727190e+01
1.727972e+01
1.728754e+01
1.729537e+01
1.730319e+01
1.731101e+01
1.731883e+01
1.732665e+01
1.733447e+01
1.734230e+01
1.735012e+01
1.735794e+01
1.736576e+01
1.737358e+01
1.738140e+01
1.738922e+01
1.739705e+01
1.740487e+01
1.741269e+01
1.742051e+01
1.742833e+01
1.743615e+01
1.744398e+01
1.745180e+01
1.745962e+01
1.746744e+01
1.747526e+01
1.748308e+01
1.749091e+01
1.749873e+01
1.750655e+01
1.751437e+01
1.752219e+01
1.753001e+01
1.753783e+01
1.754566e+01
1.755348e+01
1.756130e+01
1.756912e+01
1.757694e+01
1.758476e+01
1.759259e+01
1.760041e+01
1.760823e+01
1.761605e+01
1.762387e+01
1.763169e+01
1.763951e+01
1.764734e+01
1.765516e+01
1.766298e+01
1.767080e+01
1.767862e+01
1.768644e+01
1.769427e+01
1.770209e+01
1.770991e+01
1.771773e+01
1.772555e+01
1.773337e+01
1.774119e+01
1.774902e+01
1.775684e+01
1.776466e+01
1.777248e+01
1.778030e+01
1.778812e+01
1.779595e+01
1.780377e+01
1.781159e+01
1.781941e+01
1.782723e+01
1.783505e+01
1.784288e+01
1.785070e+01
1.785852e+01
1.786634e+01
1.787416e+01
1.788198e+01
1.788980e+01
1.789763e+01
1.790545e+01
1.791327e+01
1.792109e+01
1.792891e+01
1.793673e+01
1.794456e+01
1.795197e+01
1.795938e+01
1.796680e+01
1.797421e+01
1.798162e+01
1.798903e+01
1.799645e+01
1.800386e+01
1.801127e+01
1.801869e+01
1.802610e+01
1.803351e+01
1.804093e+01
1.804834e+01
1.805575e+01
1.806317e+01
1.807058e+01
1.807799e+01
1.808541e+01
1.809282e+01
1.810023e+01
1.810765e+01
1.811506e+01
1.812247e+01
1.812989e+01
1.813730e+01
1.814471e+01
1.815213e+01
1.815954e+01
1.816695e+01
1.817437e+01
1.818178e+01
1.818919e+01
1.819661e+01
1.820402e+01
1.821143e+01
1.821885e+01
1.822626e+01
1.823367e+01
1.824109e+01
1.824850e+01
1.825591e+01
1.826332e+01
1.827074e+01
1.827815e+01
1.828556e+01
1.829298e+01
1.830039e+01
1.830780e+01
1.831522e+01
1.832263e+01
1.833004e+01
1.833746e+01
1.834487e+01
1.835228e+01
1.835970e+01
1.836711e+01
1.837452e+01
1.838194e+01
1.838935e+01
1.839676e+01
1.840418e+01
1.841159e+01
1.841900e+01
1.842642e+01
1.843383e+01
1.844124e+01
1.844866e+01
1.845607e+01
1.846348e+01
1.847090e+01
1.847831e+01
1.848572e+01
1.849314e+01
1.850055e+01
1.850796e+01
1.851537e+01
1.852279e+01
1.853020e+01
1.853761e+01
1.854503e+01
1.855244e+01
1.855985e+01
1.856727e+01
1.857468e+01
1.858209e+01
1.858951e+01
1.859692e+01
1.860433e+01
1.861175e+01
1.861916e+01
1.862657e+01
1.863399e+01
1.864140e+01
1.864881e+01
1.865623e+01
1.866364e+01
1.867105e+01
1.867847e+01
1.868588e+01
1.869329e+01
1.870071e+01
1.870812e+01
1.871553e+01
1.872295e+01
1.873036e+01
1.873777e+01
1.874518e+01
1.875260e+01
1.876001e+01
1.876742e+01
1.877484e+01
1.878225e+01
1.878966e+01
1.879708e+01
1.880449e+01
1.881190e+01
1.881932e+01
1.882673e+01
1.883414e+01
1.884156e+01
1.884897e+01
1.885638e+01
1.886380e+01
1.887121e+01
1.887862e+01
1.888604e+01
1.889345e+01
1.890086e+01
1.890828e+01
1.891569e+01
1.892310e+01
1.893052e+01
1.893793e+01
1.894534e+01
1.895276e+01
1.896017e+01
1.896758e+01
1.897500e+01
1.898241e+01
1.898982e+01
1.899724e+01
1.900465e+01
1.901206e+01
1.901947e+01
1.902689e+01
1.903430e+01
1.904171e+01
1.904913e+01
1.905654e+01
1.906395e+01
1.907137e+01
1.907878e+01
1.908619e+01
1.909361e+01
1.910102e+01
1.910843e+01
1.911585e+01
1.912326e+01
1.913067e+01
1.913809e+01
1.914550e+01
1.915291e+01
1.916033e+01
1.916774e+01
1.917515e+01
1.918257e+01
1.918998e+01
1.919739e+01
1.920481e+01
1.921222e+01
1.921963e+01
1.922705e+01
1.923446e+01
1.924187e+01
1.924929e+01
1.925670e+01
1.926411e+01
1.927152e+01
1.927894e+01
1.928635e+01
1.929376e+01
1.930118e+01
1.930859e+01
1.931600e+01
1.932342e+01
1.933083e+01
1.933824e+01
1.934566e+01
1.935307e+01
1.936048e+01
1.936790e+01
1.937531e+01
1.938272e+01
1.939014e+01
1.939755e+01
1.940496e+01
1.941238e+01
1.941979e+01
1.942720e+01
1.943462e+01
1.944203e+01
1.944944e+01
1.945686e+01
1.946427e+01
1.947168e+01
1.947910e+01
1.948651e+01
1.949392e+01
1.950133e+01
1.950875e+01
1.951616e+01
1.952357e+01
1.953099e+01
1.953840e+01
1.954581e+01
1.955323e+01
1.956064e+01
1.956805e+01
1.957547e+01
1.958288e+01
1.959029e+01
1.959771e+01
1.960512e+01
1.961253e+01
1.961995e+01
1.962736e+01
1.963477e+01
1.964219e+01
1.964960e+01
1.965701e+01
1.966443e+01
1.967184e+01
1.967925e+01
1.968667e+01
1.969408e+01
1.970149e+01
1.970891e+01
1.971632e+01
1.972373e+01
1.973115e+01
1.973856e+01
1.974597e+01
1.975339e+01
1.976080e+01
1.976821e+01
1.977562e+01
1.978304e+01
1.979045e+01
1.979786e+01
1.980528e+01
1.981269e+01
1.982010e+01
1.982752e+01
1.983493e+01
1.984234e+01
1.984976e+01
1.985717e+01
1.986458e+01
1.987200e+01
1.987941e+01
1.988682e+01
1.989424e+01
1.990165e+01
1.990906e+01
1.991648e+01
1.992389e+01
1.993130e+01
1.993872e+01
1.994613e+01
1.995354e+01
1.996096e+01
1.996837e+01
1.997578e+01
1.998320e+01
1.999061e+01
1.999802e+01
2.000544e+01
2.001285e+01
2.002026e+01
2.002767e+01
2.003509e+01
2.004250e+01
2.004991e+01
2.005733e+01
2.006474e+01
2.007215e+01
2.007957e+01
2.008698e+01
2.009439e+01
2.010181e+01
2.010922e+01
2.011663e+01
2.012405e+01
2.013146e+01
2.013887e+01
2.014629e+01
2.015370e+01
2.016111e+01
2.016853e+01
2.017594e+01
2.018335e+01
2.019077e+01
2.019818e+01
2.020559e+01
2.021301e+01
2.022042e+01
2.022783e+01
2.023525e+01
2.024266e+01
2.025007e+01
2.025749e+01
2.026490e+01
2.027231e+01
2.027973e+01
2.028714e+01
2.029455e+01
2.030196e+01
2.030938e+01
2.031679e+01
2.032420e+01
2.033162e+01
2.033903e+01
2.034644e+01
2.035386e+01
2.036127e+01
2.036868e+01
2.037610e+01
2.038351e+01
2.039092e+01
2.039834e+01
2.040575e+01
2.041316e+01
2.042058e+01
2.042799e+01
2.043540e+01
2.044282e+01
2.045023e+01
2.045764e+01
2.046506e+01
2.047247e+01
2.047988e+01
2.048730e+01
2.049471e+01
2.050212e+01
2.050954e+01
2.051695e+01
2.052436e+01
2.053177e+01
2.053919e+01
2.054660e+01
2.055401e+01
2.056143e+01
2.056884e+01
2.057625e+01
2.058367e+01
2.059108e+01
2.059849e+01
2.060591e+01
2.061332e+01
2.062073e+01
2.062815e+01
2.063556e+01
2.064297e+01
2.065039e+01
2.065780e+01
2.066521e+01
2.067263e+01
2.068004e+01
2.068745e+01
2.069487e+01
2.070228e+01
2.070969e+01
2.071711e+01
2.072452e+01
2.073193e+01
2.073935e+01
2.074676e+01
2.075417e+01
2.076159e+01
2.076900e+01
2.077641e+01
2.078382e+01
2.079124e+01
2.079865e+01
2.080606e+01
2.081348e+01
2.082089e+01
2.082830e+01
2.083572e+01
2.084313e+01
2.085054e+01
2.085796e+01
2.086537e+01
2.087278e+01
2.088020e+01
2.088761e+01
2.089502e+01
2.090244e+01
2.090985e+01
2.091726e+01
2.092468e+01
2.093209e+01
2.093950e+01
2.094692e+01
2.095433e+01
2.096174e+01
2.096916e+01
2.097657e+01
2.098398e+01
2.099140e+01
2.099881e+01
2.100622e+01
2.101364e+01
2.102105e+01
2.102846e+01
2.103588e+01
2.104329e+01
2.105070e+01
2.105811e+01
2.106553e+01
2.107294e+01
2.108035e+01
2.108777e+01
2.109518e+01
2.110259e+01
2.111001e+01
2.111742e+01
2.112483e+01
2.113225e+01
2.113966e+01
2.114707e+01
2.115449e+01
2.116190e+01
2.116931e+01
2.117673e+01
2.118414e+01
2.119155e+01
2.119897e+01
2.120638e+01
2.121379e+01
2.122121e+01
2.122862e+01
2.123603e+01
2.124345e+01
2.125086e+01
2.125827e+01
2.126569e+01
2.127310e+01
2.128051e+01
2.128792e+01
2.129534e+01
2.130275e+01
2.131016e+01
2.131758e+01
2.132499e+01
2.133240e+01
2.133982e+01
2.134723e+01
2.135464e+01
2.136206e+01
2.136947e+01
2.137688e+01
2.138430e+01
2.139171e+01
2.139912e+01
2.140654e+01
2.141395e+01
2.142136e+01
2.142878e+01
2.143619e+01
2.144360e+01
2.145102e+01
2.145843e+01
2.146584e+01
2.147326e+01
2.148067e+01
2.148808e+01
2.149550e+01
2.150291e+01
2.151032e+01
2.151774e+01
2.152515e+01
2.153256e+01
2.153997e+01
2.154739e+01
2.155480e+01
2.156221e+01
2.156963e+01
2.157704e+01
2.158445e+01
2.159187e+01
2.159928e+01
2.160669e+01
2.161411e+01
2.162152e+01
2.162893e+01
2.163635e+01
2.164376e+01
2.165117e+01
2.165859e+01
2.166600e+01
2.167160e+01
2.167719e+01
2.168279e+01
2.168839e+01
2.169398e+01
2.169958e+01
2.170518e+01
2.171078e+01
2.171637e+01
2.172197e+01
2.172757e+01
2.173316e+01
2.173876e+01
2.174436e+01
2.174995e+01
2.175555e+01
2.176115e+01
2.176674e+01
2.177234e+01
2.177794e+01
2.178353e+01
2.178913e+01
2.179473e+01
2.180032e+01
2.180592e+01
2.181152e+01
2.181712e+01
2.182271e+01
2.182831e+01
2.183391e+01
2.183950e+01
2.184510e+01
2.185070e+01
2.185629e+01
2.186189e+01
2.186749e+01
2.187308e+01
2.187868e+01
2.188428e+01
2.188987e+01
2.189547e+01
2.190107e+01
2.190667e+01
2.191226e+01
2.191786e+01
2.192346e+01
2.192905e+01
2.193465e+01
2.194025e+01
2.194584e+01
2.195144e+01
2.195704e+01
2.196263e+01
2.196823e+01
2.197383e+01
2.197942e+01
2.198502e+01
2.199062e+01
2.199621e+01
2.200181e+01
2.200741e+01
2.201301e+01
2.201860e+01
2.202420e+01
2.202980e+01
2.203539e+01
2.204099e+01
2.204659e+01
2.205218e+01
2.205778e+01
2.206338e+01
2.206897e+01
2.207457e+01
2.208017e+01
2.208576e+01
2.209136e+01
2.209696e+01
2.210256e+01
2.210815e+01
2.211375e+01
2.211935e+01
2.212494e+01
2.213054e+01
2.213614e+01
2.214173e+01
2.214733e+01
2.215293e+01
2.215852e+01
2.216412e+01
2.216972e+01
2.217531e+01
2.218091e+01
2.218651e+01
2.219211e+01
2.219770e+01
2.220330e+01
2.220890e+01
2.221449e+01
2.222009e+01
2.222569e+01
2.223128e+01
2.223688e+01
2.224248e+01
2.224807e+01
2.225367e+01
2.225927e+01
2.226486e+01
2.227046e+01
2.227606e+01
2.228165e+01
2.228725e+01
2.229285e+01
2.229845e+01
2.230404e+01
2.230964e+01
2.231524e+01
2.232083e+01
2.232643e+01
2.233203e+01
2.233762e+01
2.234322e+01
2.234882e+01
2.235441e+01
2.236001e+01
2.236561e+01
2.237120e+01
2.237680e+01
2.238240e+01
2.238800e+01
2.239359e+01
2.239919e+01
2.240479e+01
2.241038e+01
2.241598e+01
2.242158e+01
2.242717e+01
2.243277e+01
2.243837e+01
2.244396e+01
2.244956e+01
2.245516e+01
2.246075e+01
2.246635e+01
2.247195e+01
2.247755e+01
2.248314e+01
2.248874e+01
2.249434e+01
2.249993e+01
2.250553e+01
2.251113e+01
2.251672e+01
2.252232e+01
2.252792e+01
2.253351e+01
2.253911e+01
2.254471e+01
2.255030e+01
2.255590e+01
2.256150e+01
2.256710e+01
2.257269e+01
2.257829e+01
2.258389e+01
2.258948e+01
2.259508e+01
2.260068e+01
2.260627e+01
2.261187e+01
2.261747e+01
2.262306e+01
2.262866e+01
2.263426e+01
2.263985e+01
2.264545e+01
2.265105e+01
2.265664e+01
2.266224e+01
2.266784e+01
2.267344e+01
2.267903e+01
2.268463e+01
2.269023e+01
2.269582e+01
2.270142e+01
2.270702e+01
2.271261e+01
2.271821e+01
2.272381e+01
2.272940e+01
2.273500e+01
2.274060e+01
2.274619e+01
2.275179e+01
2.275739e+01
2.276299e+01
2.276858e+01
2.277418e+01
2.277978e+01
2.278537e+01
2.279097e+01
2.279657e+01
2.280216e+01
2.280776e+01
2.281336e+01
2.281895e+01
2.282455e+01
2.283015e+01
2.283574e+01
2.284134e+01
2.284694e+01
2.285253e+01
2.285813e+01
2.286373e+01
2.286933e+01
2.287492e+01
2.288052e+01
2.288612e+01
2.289171e+01
2.289731e+01
2.290291e+01
2.290850e+01
2.291410e+01
2.291970e+01
2.292529e+01
2.293089e+01
2.293649e+01
2.294208e+01
2.294768e+01
2.295328e+01
2.295888e+01
2.296447e+01
2.297007e+01
2.297567e+01
2.298126e+01
2.298686e+01
2.299246e+01
2.299805e+01
2.300365e+01
2.300925e+01
2.301484e+01
2.302044e+01
2.302604e+01
2.303163e+01
2.303723e+01
2.304283e+01
2.304843e+01
2.305402e+01
2.305962e+01
2.306522e+01
2.307081e+01
2.307641e+01
2.308201e+01
2.308760e+01
2.309320e+01
2.309880e+01
2.310439e+01
2.310999e+01
2.311559e+01
2.312118e+01
2.312678e+01
2.313238e+01
2.313798e+01
2.314357e+01
2.314917e+01
2.315477e+01
2.316036e+01
2.316596e+01
2.317156e+01
2.317715e+01
2.318275e+01
2.318835e+01
2.319394e+01
2.319954e+01
2.320514e+01
2.321073e+01
2.321633e+01
2.322193e+01
2.322752e+01
2.323312e+01
2.323872e+01
2.324432e+01
2.324991e+01
2.325551e+01
2.326111e+01
2.326670e+01
2.327230e+01
2.327790e+01
2.328349e+01
2.328909e+01
2.329469e+01
2.330028e+01
2.330588e+01
2.331148e+01
2.331707e+01
2.332267e+01
2.332827e+01
2.333387e+01
2.333946e+01
2.334506e+01
2.335066e+01
2.335625e+01
2.336185e+01
2.336745e+01
2.337304e+01
2.337864e+01
2.338424e+01
2.338983e+01
2.339543e+01
2.340103e+01
2.340662e+01
2.341222e+01
2.341782e+01
2.342342e+01
2.342901e+01
2.343461e+01
2.344021e+01
2.344580e+01
2.345140e+01
2.345700e+01
2.346259e+01
2.346819e+01
2.347379e+01
2.347938e+01
2.348498e+01
2.349058e+01
2.349617e+01
2.350177e+01
2.350737e+01
2.351296e+01
2.351856e+01
2.352416e+01
2.352976e+01
2.353535e+01
2.354095e+01
2.354655e+01
2.355214e+01
2.355774e+01
2.356334e+01
2.356893e+01
2.357453e+01
2.358013e+01
2.358572e+01
2.359132e+01
2.359692e+01
2.360251e+01
2.360811e+01
2.361371e+01
2.361931e+01
2.362490e+01
2.363050e+01
2.363610e+01
2.364169e+01
2.364729e+01
2.365289e+01
2.365848e+01
2.366408e+01
2.366968e+01
2.367527e+01
2.368087e+01
2.368647e+01
2.369206e+01
2.369766e+01
2.370326e+01
2.370885e+01
2.371445e+01
2.372005e+01
2.372565e+01
2.373124e+01
2.373684e+01
2.374244e+01
2.374803e+01
2.375363e+01
2.375923e+01
2.376482e+01
2.377042e+01
2.377602e+01
2.378161e+01
2.378721e+01
2.379281e+01
2.379841e+01
2.380400e+01
2.380960e+01
2.381520e+01
2.382079e+01
2.382639e+01
2.383199e+01
2.383758e+01
2.384318e+01
2.384878e+01
2.385437e+01
2.385997e+01
2.386557e+01
2.387116e+01
2.387676e+01
2.388236e+01
2.388795e+01
2.389355e+01
2.389915e+01
2.390475e+01
2.391034e+01
2.391594e+01
2.392154e+01
2.392713e+01
2.393273e+01
2.393833e+01
2.394392e+01
2.394952e+01
2.395512e+01
2.396071e+01
2.396631e+01
2.397191e+01
2.397750e+01
2.398310e+01
2.398870e+01
2.399430e+01
2.399989e+01
2.400549e+01
2.401109e+01
2.401668e+01
2.402228e+01
2.402788e+01
2.403347e+01
2.403907e+01
2.404467e+01
2.405026e+01
2.405586e+01
2.406146e+01
2.406705e+01
2.407265e+01
2.407825e+01
2.408384e+01
2.408944e+01
2.409504e+01
2.410064e+01
2.410623e+01
2.411183e+01
2.411743e+01
2.412302e+01
2.412862e+01
2.413422e+01
2.413981e+01
2.414541e+01
2.415101e+01
2.415660e+01
2.416220e+01
2.416780e+01
2.417339e+01
2.417899e+01
2.418459e+01
2.419019e+01
2.419578e+01
2.420138e+01
2.420698e+01
2.421257e+01
2.421817e+01
2.422377e+01
2.422936e+01
2.423496e+01
2.424056e+01
2.424615e+01
2.425175e+01
2.425735e+01
2.426294e+01
2.426854e+01
2.427414e+01
2.427974e+01
2.428533e+01
2.429093e+01
2.429653e+01
2.430212e+01
2.430772e+01
2.431332e+01
2.431891e+01
2.432451e+01
2.433011e+01
2.433570e+01
2.434130e+01
2.434690e+01
2.435249e+01
2.435809e+01
2.436369e+01
2.436928e+01
2.437488e+01
2.438048e+01
2.438608e+01
2.439167e+01
2.439727e+01
2.440287e+01
2.440846e+01
2.441406e+01
2.441966e+01
2.442525e+01
2.443085e+01
2.443645e+01
2.444204e+01
2.444764e+01
2.445324e+01
2.445883e+01
2.446443e+01
2.447003e+01
2.447563e+01
2.448122e+01
2.448757e+01
2.449391e+01
2.450025e+01
2.450660e+01
2.451294e+01
2.451928e+01
2.452563e+01
2.453197e+01
2.453831e+01
2.454465e+01
2.455100e+01
2.455734e+01
2.456368e+01
2.457003e+01
2.457637e+01
2.458271e+01
2.458906e+01
2.459540e+01
2.460174e+01
2.460809e+01
2.461443e+01
2.462077e+01
2.462712e+01
2.463346e+01
2.463980e+01
2.464615e+01
2.465249e+01
2.465883e+01
2.466518e+01
2.467152e+01
2.467786e+01
2.468421e+01
2.469055e+01
2.469689e+01
2.470324e+01
2.470958e+01
2.471592e+01
2.472227e+01
2.472861e+01
2.473495e+01
2.474130e+01
2.474764e+01
2.475398e+01
2.476033e+01
2.476667e+01
2.477301e+01
2.477936e+01
2.478570e+01
2.479204e+01
2.479839e+01
2.480473e+01
2.481107e+01
2.481742e+01
2.482376e+01
2.483010e+01
2.483645e+01
2.484279e+01
2.484913e+01
2.485548e+01
2.486182e+01
2.486816e+01
2.487451e+01
2.488085e+01
2.488719e+01
2.489353e+01
2.489988e+01
2.490622e+01
2.491256e+01
2.491891e+01
2.492525e+01
2.493159e+01
2.493794e+01
2.494428e+01
2.495062e+01
2.495697e+01
2.496331e+01
2.496965e+01
2.497600e+01
2.498234e+01
2.498868e+01
2.499503e+01
2.500137e+01
2.500771e+01
2.501406e+01
2.502040e+01
2.502674e+01
2.503309e+01
2.503943e+01
2.504577e+01
2.505212e+01
2.505846e+01
2.506480e+01
2.507115e+01
2.507749e+01
2.508383e+01
2.509018e+01
2.509652e+01
2.510286e+01
2.510921e+01
2.511555e+01
2.512189e+01
2.512824e+01
2.513458e+01
2.514092e+01
2.514727e+01
2.515361e+01
2.515995e+01
2.516630e+01
2.517264e+01
2.517898e+01
2.518533e+01
2.519167e+01
2.519801e+01
2.520436e+01
2.521070e+01
2.521704e+01
2.522339e+01
2.522973e+01
2.523607e+01
2.524242e+01
2.524876e+01
2.525510e+01
2.526144e+01
2.526779e+01
2.527413e+01
2.528047e+01
2.528682e+01
2.529316e+01
2.529950e+01
2.530585e+01
2.531219e+01
2.531853e+01
2.532488e+01
2.533122e+01
2.533756e+01
2.534391e+01
2.535025e+01
2.535659e+01
2.536294e+01
2.536928e+01
2.537562e+01
2.538197e+01
2.538831e+01
2.539465e+01
2.540100e+01
2.540734e+01
2.541368e+01
2.542003e+01
2.542637e+01
2.543271e+01
2.543906e+01
2.544540e+01
2.545174e+01
2.545809e+01
2.546443e+01
2.547077e+01
2.547712e+01
2.548346e+01
2.548980e+01
2.549615e+01
2.550249e+01
2.550883e+01
2.551518e+01
2.552152e+01
2.552786e+01
2.553421e+01
2.554055e+01
2.554689e+01
2.555324e+01
2.555958e+01
2.556592e+01
2.557227e+01
2.557861e+01
2.558495e+01
2.559130e+01
2.559764e+01
2.560398e+01
2.561032e+01
2.561667e+01
2.562301e+01
2.562935e+01
2.563570e+01
2.564204e+01
2.564838e+01
2.565473e+01
2.566107e+01
2.566741e+01
2.567376e+01
2.568010e+01
2.568644e+01
2.569279e+01
2.569913e+01
2.570547e+01
2.571182e+01
2.571816e+01
2.572450e+01
2.573085e+01
2.573719e+01
2.574353e+01
2.574988e+01
2.575622e+01
2.576256e+01
2.576891e+01
2.577525e+01
2.578159e+01
2.578794e+01
2.579428e+01
2.580062e+01
2.580697e+01
2.581331e+01
2.581965e+01
2.582600e+01
2.583234e+01
2.583868e+01
2.584503e+01
2.585137e+01
2.585771e+01
2.586406e+01
2.587040e+01
2.587674e+01
2.588309e+01
2.588943e+01
2.589577e+01
2.590212e+01
2.590846e+01
2.591480e+01
2.592115e+01
2.592749e+01
2.593383e+01
2.594018e+01
2.594652e+01
2.595286e+01
2.595921e+01
2.596555e+01
2.597189e+01
2.597823e+01
2.598458e+01
2.599092e+01
2.599726e+01
2.600361e+01
2.600995e+01
2.601629e+01
2.602264e+01
2.602898e+01
2.603532e+01
2.604167e+01
2.604801e+01
2.605435e+01
2.606070e+01
2.606704e+01
2.607338e+01
2.607973e+01
2.608607e+01
2.609241e+01
2.609876e+01
2.610510e+01
2.611144e+01
2.611779e+01
2.612413e+01
2.613047e+01
2.613682e+01
2.614316e+01
2.614950e+01
2.615585e+01
2.616219e+01
2.616853e+01
2.617488e+01
2.618122e+01
2.618756e+01
2.619391e+01
2.620025e+01
2.620659e+01
2.621294e+01
2.621928e+01
2.622562e+01
2.623197e+01
2.623831e+01
2.624465e+01
2.625100e+01
2.625734e+01
2.626368e+01
2.627003e+01
2.627637e+01
2.628271e+01
2.628906e+01
2.629540e+01
2.630174e+01
2.630809e+01
2.631443e+01
2.632077e+01
2.632711e+01
2.633346e+01
2.633980e+01
2.634614e+01
2.635249e+01
2.635883e+01
2.636517e+01
2.637152e+01
2.637786e+01
2.638420e+01
2.639055e+01
2.639689e+01
2.640323e+01
2.640958e+01
2.641592e+01
2.642226e+01
2.642861e+01
2.643495e+01
2.644129e+01
2.644764e+01
2.645398e+01
2.646032e+01
2.646667e+01
2.647301e+01
2.647935e+01
2.648570e+01
2.649204e+01
2.649838e+01
2.650473e+01
2.651107e+01
2.651741e+01
2.652376e+01
2.653010e+01
2.653644e+01
2.654279e+01
2.654913e+01
2.655547e+01
2.656182e+01
2.656816e+01
2.657450e+01
2.658085e+01
2.658719e+01
2.659353e+01
2.659988e+01
2.660622e+01
2.661256e+01
2.661891e+01
2.662525e+01
2.663159e+01
2.663794e+01
2.664428e+01
2.665062e+01
2.665696e+01
2.666331e+01
2.666965e+01
2.667599e+01
2.668234e+01
2.668868e+01
2.669502e+01
2.670137e+01
2.670771e+01
2.671405e+01
2.672040e+01
2.672674e+01
2.673308e+01
2.673943e+01
2.674577e+01
2.675211e+01
2.675846e+01
2.676480e+01
2.677114e+01
2.677749e+01
2.678383e+01
2.679017e+01
2.679652e+01
2.680286e+01
2.680920e+01
2.681555e+01
2.682189e+01
2.682823e+01
2.683458e+01
2.684092e+01
2.684726e+01
2.685361e+01
2.685995e+01
2.686629e+01
2.687264e+01
2.687898e+01
2.688532e+01
2.689167e+01
2.689801e+01
2.690435e+01
2.691070e+01
2.691704e+01
2.692338e+01
2.692973e+01
2.693607e+01
2.694241e+01
2.694876e+01
2.695510e+01
2.696144e+01
2.696779e+01
2.697413e+01
2.698047e+01
2.698682e+01
2.699316e+01
2.699950e+01
2.700585e+01
2.701219e+01
2.701853e+01
2.702488e+01
2.703122e+01
2.703756e+01
2.704390e+01
2.705025e+01
2.705659e+01
2.706293e+01
2.706928e+01
2.707562e+01
2.708196e+01
2.708831e+01
2.709465e+01
2.710099e+01
2.710734e+01
2.711368e+01
2.712002e+01
2.712637e+01
2.713271e+01
2.713905e+01
2.714540e+01
2.715174e+01
2.715808e+01
2.716443e+01
2.717077e+01
2.717711e+01
2.718346e+01
2.718980e+01
2.719614e+01
2.720249e+01
2.720883e+01
2.721517e+01
2.722152e+01
2.722786e+01
2.723420e+01
2.724055e+01
2.724689e+01
2.725323e+01
2.725958e+01
2.726592e+01
2.727226e+01
2.727861e+01
2.728495e+01
2.729129e+01
2.729764e+01
2.730398e+01
2.731032e+01
2.731667e+01
2.732301e+01
2.732935e+01
2.733570e+01
2.734204e+01
2.734838e+01
2.735473e+01
2.736107e+01
2.736741e+01
2.737375e+01
2.738010e+01
2.738644e+01
2.739278e+01
2.739913e+01
2.740547e+01
2.741181e+01
2.741816e+01
2.742450e+01
2.743084e+01
2.743719e+01
2.744353e+01
2.744987e+01
2.745622e+01
2.746256e+01
2.746890e+01
2.747525e+01
2.748159e+01
2.748793e+01
2.749428e+01
2.750062e+01
2.750696e+01
2.751331e+01
2.751965e+01
2.752599e+01
2.753234e+01
